450 600
353 372
130 335
82 371
323 179
99 369
162 97
42 171
430 349
363 142
158 431
151 378
311 317
278 241
12 426
415 56
266 30
297 164
351 217
63 152
185 51
135 383
268 288
265 94
42 342
426 402
241 407
66 379
332 343
191 224
44 340
278 165
407 337
296 370
50 44
23 287
449 399
155 250
90 53
125 200
54 150
394 294
64 112
40 272
29 319
390 279
315 420
368 315
426 417
438 99
143 4
165 244
238 176
232 30
151 72
281 183
73 410
323 148
248 172
272 236
314 146
68 168
104 421
347 139
199 17
269 145
173 48
82 260
428 228
300 191
11 142
195 151
402 264
199 371
133 303
316 50
438 334
343 115
314 306
362 417
348 14
4 48
429 74
264 401
409 365
256 38
384 163
384 63
95 23
343 192
50 324
10 198
311 197
142 39
329 73
100 58
378 69
342 124
211 50
365 74
421 238
68 343
277 220
243 282
38 110
145 67
78 255
212 218
38 328
295 335
303 34
391 215
80 178
386 121
8 172
252 145
380 153
338 122
444 345
120 311
140 152
389 114
18 96
168 47
167 281
310 330
250 360
430 389
219 360
187 397
348 261
138 98
399 111
58 76
199 72
300 44
257 37
191 212
290 378
366 254
247 338
170 0
330 315
221 220
305 103
151 256
30 400
284 380
238 182
375 277
361 159
13 28
331 198
224 117
54 280
379 357
427 83
369 113
29 400
257 14
366 298
20 342
1 319
441 119
57 355
57 367
424 230
133 181
331 367
418 287
344 20
448 336
53 240
430 139
356 149
114 163
108 168
103 217
247 35
360 246
365 447
315 205
33 187
318 188
339 187
441 356
27 434
435 429
353 411
55 394
84 383
47 227
67 152
365 384
418 402
122 111
183 391
153 82
196 255
35 290
36 92
78 20
217 422
88 130
133 371
411 113
403 346
228 173
177 98
419 407
76 90
378 89
222 68
441 171
18 186
24 372
154 17
212 259
90 254
258 245
64 174
345 35
321 170
298 224
152 3
111 132
148 238
129 234
0 32
312 172
51 17
201 136
363 150
303 75
312 412
139 291
320 47
155 208
333 297
249 343
117 381
78 58
243 164
96 421
275 349
431 14
24 366
168 338
405 40
338 241
323 436
187 154
438 294
293 287
47 76
314 112
162 20
129 376
217 204
330 266
299 298
396 79
196 220
98 49
198 184
20 222
0 211
230 249
255 319
86 432
89 145
139 410
312 286
314 332
122 108
86 264
426 45
111 278
236 150
131 378
301 215
344 203
336 311
52 51
125 191
243 144
184 139
11 91
291 49
387 276
106 301
150 232
159 396
99 417
19 394
241 361
357 124
259 426
78 166
113 213
29 166
257 59
32 145
277 353
37 275
168 437
426 247
24 162
102 273
417 144
298 22
176 0
265 70
221 365
310 282
427 149
180 340
438 356
225 376
212 408
351 281
356 392
44 196
224 307
414 11
259 197
62 438
286 39
392 209
294 87
63 446
444 325
114 349
303 81
101 70
361 189
249 335
446 40
222 322
117 313
363 210
440 18
21 405
34 48
319 101
243 157
256 377
41 196
84 160
84 256
402 62
157 434
31 292
163 281
128 443
416 429
319 105
345 32
206 400
414 394
427 61
258 1
380 17
258 344
151 429
215 405
287 301
440 243
410 406
394 397
293 79
261 78
432 313
199 49
251 40
255 175
174 25
210 249
337 201
94 316
185 199
133 148
381 176
26 156
198 18
243 221
354 404
214 228
367 317
236 131
39 357
272 350
128 265
402 342
42 154
196 65
116 386
48 47
72 141
166 150
282 131
174 141
227 300
316 177
346 286
191 368
204 440
374 444
154 274
304 271
117 29
160 35
336 430
404 111
430 43
251 32
263 127
341 159
249 279
216 99
294 352
94 118
314 172
296 23
303 345
193 427
98 279
57 71
447 304
141 11
327 252
233 293
265 154
425 356
62 64
414 278
446 22
360 174
373 379
192 172
15 248
103 192
95 214
234 102
215 4
302 433
335 220
59 284
271 67
317 289
435 241
63 338
167 221
273 42
50 401
419 177
75 37
198 182
345 243
133 347
206 111
242 308
212 143
106 317
379 69
116 431
300 319
368 184
242 92
115 199
265 144
441 306
138 397
307 261
28 92
344 196
423 37
192 133
304 244
430 291
146 355
272 301
12 3
114 100
122 418
313 368
168 339
203 401
286 121
106 124
114 267
387 355
197 73
374 66
386 37
45 190
205 234
175 400
21 438
128 173
94 209
321 443
34 66
30 433
51 399
1 95
102 284
1 314
331 399
412 365
154 300
25 347
293 69
299 320
45 449
253 216
329 61
43 324
332 77
51 97
90 58
27 15
299 225
363 321
233 273
109 64
432 436
415 245
269 422
354 15
52 288
199 117
109 18
391 73
377 54
305 195
28 414
54 257
323 21
87 358
315 356
24 109
145 237
221 93
277 398
438 267
63 436
318 27
294 437
93 228
224 334
5 71
420 71
137 83
395 426
281 292
334 96
181 113
232 63
273 115
186 290
269 153
137 23
279 224
314 214
364 198
248 394
333 184
92 156
25 384
227 109
284 61
276 413
434 376
165 174
266 64
146 443
322 368
343 169
50 65
282 61
102 426
36 380
401 395
139 183
210 186
203 318
8 269
41 109
447 165
41 231
394 76
381 327
99 181
120 193
235 403
118 166
445 76
15 119
25 393
141 208
