200 600
182 63
142 140
130 0
144 69
70 77
112 13
39 195
124 4
73 4
68 93
149 179
175 166
156 72
179 121
18 58
164 92
128 119
41 174
56 60
196 189
35 157
130 187
167 100
135 175
142 138
6 53
37 154
114 11
41 26
54 65
98 152
95 101
6 165
43 105
46 34
14 178
47 140
111 0
49 63
167 137
184 62
161 85
50 85
184 163
81 85
187 78
152 0
173 162
144 51
129 14
143 19
59 78
54 8
167 86
75 153
121 83
194 28
194 148
2 58
181 113
156 88
181 130
168 1
78 158
59 89
70 62
134 110
15 172
198 0
170 161
158 153
74 58
116 158
153 48
149 113
95 157
63 135
173 132
135 116
83 64
100 107
6 198
161 167
16 101
53 17
181 188
168 60
169 176
12 135
111 187
144 170
82 13
64 114
90 168
122 109
43 82
172 132
121 39
144 37
158 185
169 50
4 7
23 9
125 22
119 58
167 54
93 6
17 154
5 27
33 130
68 23
106 191
29 167
1 5
147 96
155 165
51 101
124 14
74 169
19 175
117 151
86 63
46 15
47 96
147 137
75 106
78 35
2 94
161 42
118 55
53 164
57 2
34 168
15 151
79 64
46 132
189 125
83 35
38 111
85 171
7 190
55 47
124 150
2 172
119 87
152 88
177 135
157 121
161 20
0 117
111 136
73 141
85 53
198 11
179 37
2 124
65 97
141 89
198 71
75 80
85 125
174 99
116 185
5 94
26 129
161 80
190 46
198 36
14 180
112 88
44 20
136 30
88 129
149 68
64 189
96 60
24 4
161 148
15 134
34 169
129 191
172 148
49 61
63 41
194 161
175 6
44 40
53 101
128 149
128 121
54 82
27 153
141 184
25 138
58 122
170 171
62 108
187 124
197 152
4 60
14 142
72 124
175 27
140 18
28 87
179 165
169 148
179 0
167 7
152 32
39 95
36 3
78 162
2 83
111 71
98 5
37 57
64 163
146 45
9 192
86 62
174 169
198 192
99 141
106 28
155 62
44 73
28 59
162 114
69 44
76 153
198 24
1 13
14 83
193 37
20 95
182 14
133 158
137 118
86 185
0 169
99 6
139 113
37 175
28 35
173 6
164 112
48 199
24 199
109 84
68 107
3 72
163 192
56 75
93 160
163 50
27 95
164 170
52 185
159 118
7 84
38 121
0 112
195 142
118 117
86 196
13 83
165 80
48 68
61 67
160 137
148 113
94 76
180 94
149 50
47 86
155 173
41 13
15 111
150 131
29 185
130 115
182 148
15 112
53 88
61 129
139 71
97 158
35 145
156 67
58 90
92 191
132 95
140 40
122 50
178 193
43 173
90 44
120 63
130 44
38 66
69 93
179 143
135 16
25 67
43 120
58 93
34 39
97 193
140 59
156 93
149 109
48 141
8 128
56 46
93 165
98 53
129 22
147 26
109 75
60 125
157 59
146 83
170 6
143 99
17 177
73 79
131 87
51 135
70 143
155 22
95 115
142 15
58 24
150 192
123 179
75 5
191 163
70 81
21 139
139 115
34 68
79 181
79 180
14 42
123 62
8 186
63 91
106 167
164 174
93 114
4 190
153 15
73 31
172 118
108 196
65 50
100 136
84 126
125 29
190 21
145 97
33 66
95 90
158 15
31 192
92 194
24 136
94 78
15 7
188 52
121 102
52 110
177 46
89 60
32 11
174 144
115 58
0 91
42 81
55 121
14 49
21 33
141 9
72 110
195 24
126 110
84 147
20 136
103 190
97 123
160 178
111 126
10 25
178 24
114 47
183 197
36 74
47 152
64 34
121 101
69 185
63 167
50 117
79 121
183 191
91 34
152 69
196 6
155 31
74 196
54 154
128 125
93 183
39 163
60 63
76 42
0 33
197 49
158 198
6 25
54 130
89 176
135 167
147 139
51 74
167 49
147 199
85 30
123 43
169 141
164 118
24 171
12 170
93 182
191 148
23 146
39 125
175 12
109 79
198 53
156 122
117 174
18 93
174 179
156 57
131 156
147 56
57 170
23 84
170 182
106 110
35 31
185 156
25 20
107 17
98 72
36 30
156 179
85 83
186 164
13 62
154 4
166 61
30 154
38 126
20 168
54 23
73 55
107 37
21 38
195 57
120 179
189 16
34 37
42 170
103 108
29 49
46 90
45 51
147 95
162 148
43 83
51 99
20 77
164 158
42 196
92 57
141 41
123 147
178 145
174 187
62 121
138 116
186 173
42 140
139 107
88 185
102 69
25 49
3 54
45 182
95 84
70 125
176 62
6 9
32 172
20 182
106 136
128 18
158 108
123 124
45 1
16 168
145 58
156 197
28 39
153 126
92 55
83 157
58 50
4 12
86 92
117 108
72 93
29 178
171 172
76 131
36 132
137 181
130 83
131 11
176 157
120 21
40 134
186 175
190 71
185 44
71 142
121 27
147 80
82 115
119 154
105 6
105 165
54 72
144 80
20 48
60 5
166 112
153 59
162 74
36 193
8 169
30 148
2 96
195 103
160 25
186 48
189 157
36 177
22 98
190 24
72 161
119 20
12 35
195 44
74 38
160 4
14 30
22 3
166 98
38 16
136 12
88 32
56 86
114 157
9 119
158 62
69 136
186 85
56 6
92 183
157 56
33 62
9 150
27 101
169 94
123 195
143 38
151 157
186 111
89 96
66 44
111 142
67 161
34 45
149 156
114 88
184 153
