550 600
53 175
523 23
67 377
34 228
33 125
210 21
377 246
442 225
444 92
410 361
196 398
190 88
101 470
156 374
103 353
399 106
458 75
309 359
263 195
142 136
257 123
69 222
48 100
50 79
171 496
385 27
487 211
36 117
430 366
313 268
475 481
407 276
100 254
7 293
441 510
61 242
445 450
220 486
84 301
253 196
500 303
134 268
29 538
424 325
117 136
43 404
161 412
519 165
506 177
379 6
467 425
465 21
169 526
24 25
131 513
327 9
147 504
148 433
186 13
211 163
259 493
241 76
329 463
289 333
470 519
44 326
69 274
365 194
131 367
129 211
109 540
105 261
14 256
107 519
48 315
235 424
176 35
414 541
430 442
374 42
350 417
197 433
197 95
51 521
365 343
502 60
92 487
467 56
38 450
17 89
27 200
137 486
21 527
256 68
508 222
108 71
345 113
271 512
271 524
172 105
393 367
352 343
1 189
230 199
444 371
89 340
11 518
135 506
214 84
480 102
466 373
132 229
477 385
398 242
112 130
204 161
115 416
261 312
292 171
504 45
44 50
310 355
215 122
214 180
485 240
489 473
275 327
361 391
340 187
123 312
147 321
281 228
4 312
169 375
380 322
176 76
512 389
229 109
0 86
53 141
410 71
294 49
519 215
255 489
273 293
339 93
321 169
531 134
310 65
385 457
89 162
172 422
432 269
448 59
203 513
69 333
537 504
96 331
184 28
449 436
42 418
395 19
0 218
252 288
356 341
270 235
274 53
334 54
477 288
293 505
98 393
468 257
144 54
43 13
35 142
464 188
440 379
137 307
419 397
248 507
63 91
539 329
353 107
124 449
196 232
51 320
297 280
389 265
370 348
98 487
254 430
6 361
328 183
279 300
443 78
200 492
410 384
407 78
239 35
82 504
425 243
39 191
201 300
250 314
70 282
156 275
269 176
245 80
153 210
460 2
237 161
506 371
206 235
180 307
17 483
524 178
157 399
403 138
119 504
243 329
108 149
91 281
143 393
530 333
383 147
224 218
259 6
133 174
369 101
331 511
458 64
271 139
212 435
527 493
114 205
349 487
163 412
458 142
495 346
371 239
215 212
441 203
170 30
37 281
229 312
428 56
290 537
144 300
448 410
505 309
246 339
31 27
512 375
497 310
253 178
154 493
306 319
154 157
231 107
542 389
152 401
365 114
343 393
64 532
142 48
269 350
408 54
490 163
465 149
546 88
180 270
73 290
366 9
501 540
417 125
89 282
16 534
33 256
435 438
393 532
91 525
526 246
271 517
378 498
46 153
439 250
474 154
533 545
124 82
326 24
87 231
270 520
144 408
227 19
169 457
271 498
363 380
110 216
538 308
419 77
348 141
26 347
122 139
408 323
489 429
379 46
2 346
406 110
2 7
389 290
339 233
154 121
356 189
514 465
492 122
128 167
186 17
108 93
515 356
335 251
283 331
205 328
185 213
185 500
346 264
99 425
0 459
524 483
212 298
61 518
485 355
28 320
412 337
452 418
172 118
481 520
230 21
55 154
34 494
413 228
127 305
35 407
434 468
35 476
504 223
94 438
284 376
293 388
413 533
403 251
499 463
69 104
195 348
18 129
39 299
309 79
70 542
446 175
376 273
548 183
225 536
292 306
150 475
440 378
310 277
16 165
92 86
76 227
248 85
99 385
546 196
327 284
277 475
424 49
268 160
171 543
407 252
198 339
184 174
204 184
314 504
456 285
253 160
1 440
115 371
42 330
314 64
205 381
263 333
540 296
129 15
67 488
467 348
350 50
137 443
319 339
327 469
45 532
454 534
502 428
433 508
219 28
175 255
280 387
10 423
268 543
460 226
188 533
183 507
541 439
525 168
344 83
40 56
33 169
207 354
483 11
495 501
278 127
525 151
13 445
442 226
434 294
429 488
366 144
164 180
177 10
426 72
227 257
239 236
457 166
255 207
174 503
243 440
287 33
346 99
479 398
508 173
322 213
54 427
324 491
214 213
331 477
411 129
44 256
175 275
524 140
414 426
339 126
89 77
302 328
485 117
116 438
162 218
189 232
139 424
164 29
78 165
349 234
228 519
149 448
244 252
72 116
408 153
186 308
523 434
127 532
341 292
39 536
476 220
106 228
395 82
366 246
3 88
358 460
190 410
194 315
41 501
282 82
340 125
249 82
68 337
147 338
464 500
457 306
165 225
218 531
399 480
235 531
520 141
266 283
122 217
105 5
521 138
531 182
185 165
40 374
297 2
19 141
309 54
361 210
169 200
251 70
486 289
186 20
446 505
253 179
398 513
171 335
47 457
444 426
44 67
61 261
112 455
314 110
191 68
325 58
423 457
292 416
79 266
66 329
243 246
448 307
143 160
266 154
359 502
472 1
253 208
276 71
233 126
211 339
217 254
455 490
187 95
417 429
532 426
413 164
400 99
370 516
424 536
86 337
371 350
449 547
373 533
465 470
375 530
419 2
223 331
406 264
248 229
30 187
214 506
345 382
491 337
48 354
241 117
44 253
191 51
387 335
86 416
463 202
65 195
66 138
70 342
24 105
476 228
335 130
252 182
460 162
60 417
459 369
164 171
73 468
476 211
152 95
147 354
465 31
462 500
332 94
356 344
389 243
216 504
308 120
535 47
276 167
110 384
283 380
381 38
190 211
548 340
133 358
375 438
510 515
176 291
61 390
391 457
222 483
452 451
272 303
254 189
403 462
