500 700
392 36
284 26
466 411
112 119
202 112
47 396
454 300
404 220
140 174
21 271
157 115
7 116
464 218
481 387
322 197
209 196
117 15
274 1
8 307
13 338
226 49
426 262
289 382
310 462
87 69
208 109
208 249
245 254
16 2
79 106
373 404
376 271
208 418
288 331
400 196
75 38
305 429
345 423
333 463
405 19
120 273
409 177
491 27
414 488
254 166
136 384
20 342
191 414
34 232
7 420
336 107
303 136
477 8
23 458
451 248
131 107
336 474
18 265
495 111
402 63
1 206
107 366
236 186
250 17
192 51
238 420
189 190
16 171
245 153
178 150
151 419
135 225
445 469
68 376
238 390
265 219
404 243
104 400
188 480
8 474
109 312
291 328
367 300
28 439
147 425
72 21
268 319
262 235
394 419
298 45
464 190
217 6
73 284
170 97
338 376
369 431
490 229
356 7
467 161
388 97
496 486
218 334
352 70
451 109
243 399
114 297
246 185
125 414
198 464
150 214
13 496
244 222
43 188
357 295
110 281
300 150
140 303
299 174
187 449
177 291
194 369
95 171
474 101
136 126
84 446
2 321
348 317
384 280
344 445
184 76
60 423
443 331
372 68
431 306
132 64
392 90
158 357
20 189
79 446
259 461
211 263
255 315
72 236
62 400
400 263
127 70
349 351
108 19
431 219
203 76
197 304
168 55
21 82
330 177
345 480
451 152
104 432
78 368
36 142
223 375
305 8
491 433
465 323
51 468
463 455
94 284
121 295
350 408
349 196
290 312
155 172
260 324
35 364
254 131
306 164
87 308
252 212
157 234
380 494
475 13
312 474
431 145
416 497
35 465
492 246
273 53
161 302
306 108
83 174
351 14
364 333
33 445
456 472
31 141
168 466
107 255
116 420
349 246
396 442
392 201
12 168
3 405
71 321
224 432
364 129
413 231
257 64
347 361
441 35
135 98
188 264
482 197
139 23
221 215
290 269
490 475
197 178
160 479
454 131
195 241
183 128
173 28
181 322
463 141
74 282
442 221
496 220
483 362
399 74
341 444
188 428
397 20
270 256
12 190
183 25
271 66
174 362
230 282
125 247
482 50
385 88
259 378
212 17
212 123
30 402
413 39
122 418
92 233
216 320
113 25
302 303
387 438
354 395
81 83
165 454
338 271
12 61
260 405
364 361
349 74
301 238
2 127
133 81
310 129
192 464
300 207
78 100
359 284
475 174
363 14
7 333
239 414
231 108
474 53
169 366
418 138
43 142
301 33
242 208
203 200
353 491
486 347
235 152
110 53
458 38
4 456
390 109
204 6
407 334
421 405
164 76
365 448
415 2
23 403
72 14
51 409
434 410
69 261
61 164
115 40
147 66
214 252
22 6
195 68
281 234
33 274
385 308
197 484
212 98
259 248
149 77
359 4
237 404
475 53
445 53
418 323
171 93
467 439
251 45
121 15
270 373
187 464
132 167
340 255
202 240
346 296
487 148
250 454
378 41
233 271
434 451
313 82
275 54
213 166
95 306
156 145
487 180
397 93
60 390
474 90
11 91
486 483
406 420
121 321
418 105
175 389
174 257
52 301
306 300
183 475
385 442
210 306
373 298
147 62
255 290
338 148
37 417
1 182
18 482
106 311
469 137
54 106
312 88
134 124
209 166
386 495
454 261
138 54
56 415
474 49
157 42
469 464
438 120
149 312
104 186
412 109
282 317
113 135
351 206
144 126
91 19
262 317
188 130
106 401
342 228
490 58
15 407
359 250
433 296
220 277
238 252
98 462
27 326
492 349
395 199
4 376
368 216
121 46
216 307
401 42
318 121
23 174
97 486
144 69
354 10
362 338
484 156
183 195
258 81
81 28
420 32
329 38
154 31
220 23
360 55
107 163
149 350
347 224
463 102
103 325
105 72
412 42
452 358
266 255
17 221
244 99
70 458
297 58
101 325
156 152
50 352
92 354
245 131
143 456
141 117
249 457
140 451
80 45
477 324
476 416
201 490
218 366
197 293
316 480
288 105
339 178
288 260
350 213
124 301
369 26
275 228
258 280
138 492
177 102
337 369
87 491
33 101
262 198
446 359
444 373
358 207
427 424
242 432
316 338
459 273
319 433
410 401
361 104
44 446
463 487
412 447
44 94
86 470
0 63
300 360
92 479
186 12
264 291
133 347
362 277
465 214
70 461
30 133
7 110
9 320
111 481
330 180
349 355
267 308
381 241
323 357
346 130
436 316
441 129
245 149
279 204
134 118
333 339
31 333
124 123
316 496
167 358
182 235
46 129
386 490
380 218
23 279
469 7
21 322
149 29
316 403
196 179
37 112
190 313
23 355
293 456
379 475
19 267
119 279
411 304
151 347
197 340
185 414
48 269
467 66
77 304
354 271
287 105
285 237
85 104
270 387
301 303
412 421
94 158
65 159
155 288
476 115
95 469
107 305
390 231
273 217
233 79
52 91
461 459
432 369
45 192
452 123
342 10
149 366
168 293
75 121
62 196
156 36
428 218
101 27
344 348
222 320
443 182
50 115
155 158
307 220
251 271
444 494
378 340
358 316
310 169
369 253
420 183
491 86
394 333
382 207
66 166
426 282
405 183
155 310
31 330
219 401
25 207
483 49
94 47
12 491
156 340
434 392
115 51
411 387
83 85
203 366
21 382
250 384
357 250
454 191
195 416
271 80
182 119
424 429
251 261
379 351
272 107
121 335
17 148
371 122
230 304
370 247
278 51
402 260
100 208
109 413
192 424
35 442
90 249
170 189
254 215
155 472
408 308
60 236
268 423
189 482
187 242
16 366
355 73
230 50
156 256
11 78
185 101
447 212
447 200
122 135
318 68
199 372
194 432
456 497
496 378
228 154
183 130
119 28
203 195
458 13
338 353
125 126
214 393
117 461
125 369
483 416
143 386
216 80
484 432
356 179
113 313
79 36
275 441
41 314
430 411
207 212
234 189
15 271
462 279
106 38
499 336
23 153
349 136
100 341
115 478
166 113
191 196
15 391
482 190
281 59
267 191
407 441
198 273
172 32
151 342
42 284
496 275
249 394
181 25
324 451
108 190
464 78
176 95
319 132
465 294
397 480
144 28
259 466
123 473
132 263
487 8
432 102
128 205
53 391
416 388
294 41
209 98
363 227
48 494
19 78
301 404
401 119
309 81
