20 170
17 9
2 15
16 7
19 0
17 16
16 2
10 7
8 11
6 5
13 0
15 6
14 19
8 13
7 4
8 10
1 5
3 2
8 2
1 0
9 5
1 12
19 12
5 0
3 13
7 17
17 1
13 11
5 13
14 10
15 7
0 11
9 1
5 15
14 4
6 1
1 2
8 9
18 1
2 5
15 13
7 8
18 4
7 6
9 2
4 5
13 14
3 6
9 10
1 16
5 10
2 14
0 2
11 12
4 10
17 18
19 6
18 0
3 14
9 14
15 8
12 2
11 5
4 13
8 19
5 17
11 18
19 11
12 5
17 4
6 18
5 19
9 18
7 1
9 6
2 19
3 9
4 9
3 18
16 19
5 7
13 16
14 5
6 10
14 16
3 4
17 14
14 8
19 10
10 17
7 18
18 15
4 16
4 2
19 15
11 2
9 19
12 0
11 9
3 7
10 1
8 4
0 9
15 11
9 12
11 4
4 1
7 12
9 13
13 6
6 17
2 6
18 14
19 13
12 10
1 14
13 1
8 6
3 12
7 9
2 13
0 14
17 11
4 6
13 17
7 19
11 1
18 12
18 16
18 5
3 15
18 13
2 18
14 6
11 7
0 8
10 13
6 12
12 15
16 0
15 14
1 19
8 3
1 15
11 10
13 7
12 14
15 9
8 16
7 14
6 11
16 6
1 8
17 2
1 3
4 0
3 11
7 0
8 12
2 10
8 17
17 12
2 7
15 16
15 4
5 3
0 10
18 8
19 17
16 10
13 12
