700 4000
81 558
67 475
393 174
661 283
615 416
539 409
322 385
649 690
688 444
616 353
43 151
216 479
341 499
36 106
132 469
406 501
54 656
460 667
353 556
481 526
183 320
87 600
17 166
272 163
121 521
538 32
81 501
61 152
407 72
568 587
672 366
79 664
213 516
451 364
420 665
455 7
569 209
161 558
114 105
577 325
439 460
96 448
695 528
323 462
2 170
567 293
642 649
312 192
137 179
410 1
648 496
112 95
301 233
200 408
229 127
497 132
301 127
338 475
573 212
334 142
534 235
395 198
105 477
236 24
626 3
306 111
387 304
116 617
225 348
485 636
510 628
70 568
270 378
663 425
476 270
499 519
149 77
556 115
240 603
496 83
664 41
560 480
122 492
580 361
445 558
175 16
630 287
273 288
430 235
46 367
165 259
188 226
339 39
538 381
486 47
75 484
33 73
655 567
341 223
402 206
387 25
623 606
298 642
139 368
294 217
204 446
638 258
280 429
45 464
546 306
91 214
206 570
53 126
549 29
169 385
327 80
172 475
498 19
563 1
170 513
582 42
383 330
29 349
226 431
67 547
506 204
519 409
587 248
506 199
656 659
504 249
0 54
151 199
390 461
425 136
329 421
257 566
292 254
317 325
132 159
265 33
664 275
531 472
40 553
164 167
356 254
422 151
690 211
569 95
535 496
144 86
115 400
345 607
550 439
210 656
586 691
287 344
119 243
184 115
409 181
689 379
233 378
183 93
117 163
244 184
80 20
494 610
169 104
104 667
45 401
510 691
171 46
430 251
262 641
446 501
231 88
191 604
549 505
653 133
31 415
623 345
593 190
558 226
592 334
143 609
369 240
268 187
53 335
193 151
192 618
253 676
271 145
688 213
26 407
125 623
487 193
497 507
639 289
257 309
684 661
85 151
248 409
152 71
614 118
498 284
261 612
161 442
582 387
265 237
527 129
71 584
1 682
531 348
51 550
278 688
124 534
472 324
404 27
651 539
536 531
686 677
556 81
433 161
650 525
255 452
171 94
443 564
440 521
43 342
90 698
66 180
186 246
398 627
606 305
665 59
423 511
2 150
686 160
419 152
548 424
142 40
556 179
64 279
423 85
595 28
506 655
169 212
584 300
616 296
611 628
232 434
310 386
469 425
92 308
269 299
603 285
539 627
158 12
144 103
222 66
638 471
389 194
275 449
653 11
370 667
676 471
85 297
350 360
280 87
468 671
30 237
65 348
623 112
28 197
69 549
324 439
261 535
301 378
88 694
335 185
119 169
77 595
352 658
274 203
81 321
87 262
579 405
324 471
253 641
24 284
531 516
676 197
203 162
296 554
669 495
1 572
343 221
651 192
382 231
649 444
694 31
97 519
604 429
202 169
362 448
549 623
271 515
267 386
682 218
68 679
45 32
111 694
222 516
582 533
36 43
115 110
217 251
27 141
126 16
307 441
41 373
435 559
692 404
273 620
585 256
502 47
436 188
680 455
234 429
53 256
377 162
523 125
62 218
471 634
280 367
554 460
374 302
418 553
99 399
576 235
166 53
125 417
557 417
333 644
360 597
107 414
14 370
172 648
642 676
625 304
601 478
109 434
598 124
289 216
621 316
431 200
554 192
363 464
234 506
373 542
354 209
600 127
578 587
403 51
439 388
481 316
149 482
505 61
647 454
165 116
368 393
205 178
584 406
14 622
534 479
343 580
544 650
520 547
260 127
478 233
487 88
429 645
677 586
508 454
37 32
39 347
399 568
367 346
675 192
677 147
173 579
543 549
517 213
528 477
328 388
411 450
283 510
322 631
176 466
96 110
425 284
549 444
294 674
196 568
360 470
206 22
147 412
174 279
60 266
471 393
275 538
337 70
137 44
335 104
215 253
52 692
477 120
169 85
199 577
209 56
683 646
362 388
611 81
266 341
612 588
244 224
338 93
314 221
500 20
334 465
418 614
234 255
45 185
591 656
626 483
654 257
463 108
407 633
360 547
468 323
640 574
4 386
385 393
142 686
353 358
65 26
533 190
185 15
575 570
203 514
266 104
489 26
445 655
294 697
645 667
52 90
519 91
570 116
168 527
290 119
142 485
679 159
434 642
545 231
354 14
543 459
73 400
159 378
499 580
678 164
8 530
378 531
178 509
601 347
212 161
34 39
152 290
590 372
147 39
129 298
56 4
270 76
658 501
505 290
48 365
618 219
183 184
540 4
173 629
271 13
684 654
261 265
64 146
331 380
181 509
649 34
603 71
79 131
262 107
256 384
23 673
59 443
104 527
600 149
397 587
37 518
514 494
482 260
459 208
504 389
482 571
641 9
44 216
306 650
10 173
618 300
140 626
677 115
3 615
405 233
518 292
25 624
214 205
222 133
196 124
88 628
424 329
527 409
488 188
222 496
138 446
543 316
393 667
87 382
686 502
408 93
15 416
337 186
416 133
220 217
698 626
23 167
594 608
468 194
324 240
464 637
255 699
391 427
582 256
533 111
64 476
577 676
579 645
697 24
178 83
99 634
139 319
337 196
674 101
454 505
234 296
691 374
168 27
225 233
572 323
519 195
440 47
666 155
562 625
520 324
460 83
686 361
646 94
246 296
282 249
308 294
244 93
225 204
516 185
127 510
500 245
380 419
611 377
381 346
483 228
236 225
493 127
76 208
19 166
86 368
290 427
261 125
222 226
371 675
661 462
494 628
348 554
392 9
620 221
164 629
692 428
74 390
509 239
153 407
332 137
343 463
124 635
210 271
531 285
698 206
221 686
48 652
5 124
166 88
87 624
607 469
682 92
471 330
167 325
522 511
516 236
597 620
319 413
538 90
153 195
564 485
263 620
80 626
592 387
524 612
257 206
223 115
694 409
659 257
361 466
319 346
150 478
17 437
239 555
544 562
194 117
234 672
389 99
552 414
398 694
532 645
224 353
665 680
48 167
91 208
447 91
404 242
199 221
544 175
161 369
166 391
207 587
544 304
607 680
562 632
501 427
573 102
164 118
660 242
252 440
78 637
143 575
572 561
444 187
453 487
245 663
126 556
498 270
267 468
587 340
567 80
14 386
109 278
64 456
455 35
160 51
343 585
606 238
153 614
695 680
630 177
47 518
466 363
44 586
232 416
347 311
695 368
634 186
473 49
109 257
399 270
459 686
554 634
188 333
666 446
220 50
159 620
372 100
50 148
615 622
93 20
84 513
447 127
185 375
350 177
654 267
540 149
235 417
559 90
491 490
565 654
528 355
143 367
352 682
192 451
540 209
195 214
605 326
52 610
7 395
189 279
427 317
84 355
568 208
367 130
223 66
343 523
630 367
470 550
390 82
584 31
624 546
219 595
134 483
206 26
122 415
74 153
264 0
521 291
550 660
141 457
558 678
8 643
530 640
277 451
159 411
129 670
563 302
534 72
284 163
271 531
125 84
545 149
18 380
203 117
596 351
193 314
307 554
445 75
607 535
613 495
178 102
90 659
42 235
568 188
593 298
454 574
106 367
226 199
620 476
652 275
129 38
694 124
70 544
320 485
320 569
531 388
165 526
138 364
139 434
236 598
691 58
362 251
182 568
3 529
687 18
119 450
342 330
461 51
589 440
345 132
72 106
388 687
335 88
699 186
647 150
617 292
16 510
93 564
266 496
107 405
49 457
255 353
267 176
215 424
641 309
101 89
373 184
81 618
374 603
464 265
29 569
230 436
404 436
123 21
280 228
630 99
561 349
530 288
544 556
101 537
523 557
260 288
343 212
16 43
354 213
97 612
403 106
658 466
197 264
651 260
575 248
77 235
54 229
641 73
277 519
187 560
233 602
526 297
66 185
401 366
571 666
310 590
313 110
638 472
452 570
158 105
598 375
638 650
416 356
625 522
162 213
463 230
344 80
223 484
136 197
588 422
653 176
151 261
411 361
535 332
488 319
293 179
143 58
14 694
437 371
250 464
182 6
631 175
535 588
26 565
264 54
662 469
367 49
564 62
141 524
84 124
2 231
95 329
56 250
540 615
697 528
438 39
532 177
202 228
364 100
597 222
166 517
554 89
47 102
529 527
455 214
697 634
264 403
437 521
194 533
535 610
36 436
212 521
521 680
516 184
556 299
659 582
643 579
448 555
236 372
245 98
223 0
175 453
516 70
206 539
609 669
435 543
137 606
594 463
645 679
362 86
531 14
433 358
657 471
697 93
179 196
422 254
357 669
300 106
131 600
515 644
34 544
420 64
688 237
198 53
536 9
297 489
689 147
462 17
59 343
45 611
37 312
665 565
428 548
467 616
551 117
294 355
511 436
417 191
682 420
236 403
528 23
404 23
689 99
399 31
450 375
534 599
420 576
354 306
573 458
457 282
271 576
8 630
511 397
268 356
23 276
441 247
468 122
530 119
157 199
12 635
668 415
1 8
73 200
632 39
201 588
217 627
368 328
173 521
646 528
388 79
446 13
180 36
564 166
35 149
188 566
699 47
698 577
412 365
308 210
78 507
587 631
58 392
219 249
427 441
448 449
575 617
342 485
282 372
614 142
180 544
577 351
121 424
359 516
479 579
15 384
326 86
393 511
325 137
375 224
193 204
44 329
509 426
301 114
27 458
648 317
247 501
359 420
365 198
501 540
543 257
171 40
455 48
490 465
544 132
26 564
508 354
368 623
92 506
590 622
335 101
693 633
696 655
372 616
256 266
219 66
482 435
664 386
247 170
550 7
62 327
332 587
175 402
606 465
45 153
238 160
3 97
271 152
97 273
345 13
605 306
529 156
52 87
454 625
604 100
586 379
25 339
309 362
89 154
54 187
396 19
441 343
133 248
688 90
587 501
121 465
89 521
517 56
83 51
265 275
403 273
262 457
260 238
595 300
404 22
651 603
256 327
301 438
667 624
32 318
227 444
640 72
257 52
369 98
483 331
84 309
98 656
376 435
191 393
337 190
373 173
297 140
334 636
664 218
560 403
195 309
442 111
87 164
0 349
407 448
441 673
240 542
204 43
614 233
279 586
675 466
518 391
92 95
368 262
526 335
295 506
255 173
184 177
161 269
304 679
582 308
588 528
446 378
191 209
202 201
180 219
307 76
451 481
21 383
420 170
375 522
343 609
245 359
471 112
393 399
629 100
282 294
622 130
160 217
428 119
608 117
137 619
75 677
525 529
127 649
130 187
428 359
462 563
646 356
604 109
350 663
485 307
633 634
52 551
588 141
173 296
699 572
90 345
389 596
337 503
654 520
26 185
598 209
66 348
679 148
88 354
190 514
608 415
347 255
86 541
691 641
211 574
648 272
193 121
580 128
218 326
67 538
660 636
495 591
502 340
179 585
67 698
347 169
460 648
367 311
357 416
86 198
488 297
299 541
459 328
315 65
482 446
302 677
504 335
93 305
390 61
219 303
138 635
369 487
514 288
355 445
690 622
367 386
201 124
20 556
126 341
299 649
218 679
191 158
237 307
687 96
581 269
430 170
182 563
668 86
478 677
93 47
474 619
42 269
185 641
489 464
124 218
339 9
684 331
567 500
317 97
327 679
668 347
334 191
66 590
268 613
26 464
172 530
481 235
163 293
517 332
468 568
58 73
248 539
226 668
576 425
499 363
529 596
435 220
604 121
169 30
442 422
579 494
540 130
545 15
490 611
482 474
435 128
358 326
164 490
419 41
429 93
697 342
161 1
199 318
501 497
206 39
405 35
177 124
276 333
462 538
174 167
162 645
97 247
461 662
387 96
125 293
445 486
437 619
400 24
153 69
93 189
693 41
661 667
414 258
200 637
289 27
116 63
547 58
108 452
162 16
696 418
558 423
387 142
647 138
307 147
216 371
41 295
523 401
481 658
404 294
423 136
676 528
508 356
687 646
38 334
224 82
233 114
143 326
664 256
124 407
366 317
242 441
682 311
324 78
343 255
477 561
617 607
519 489
105 95
59 572
292 6
7 441
18 425
246 268
223 185
635 586
68 572
570 352
647 660
144 363
350 51
625 372
121 557
245 84
256 627
441 149
19 320
306 520
210 565
590 473
171 372
607 59
465 685
577 641
510 190
102 300
616 614
566 329
609 139
596 44
178 158
552 303
181 160
689 302
508 79
31 564
205 164
657 616
541 234
645 138
662 456
529 562
120 175
588 515
220 66
556 684
581 158
149 481
228 254
192 80
505 426
668 307
246 651
159 625
401 488
308 379
590 138
418 337
482 265
237 405
357 536
155 273
111 681
172 559
7 51
579 599
383 7
129 407
203 489
515 16
642 425
632 348
200 61
350 201
315 7
478 499
21 552
181 596
72 522
607 616
656 513
413 524
260 311
120 177
39 392
91 130
492 657
205 236
197 364
500 451
170 689
560 123
28 188
682 521
562 571
413 300
102 142
283 561
646 566
656 237
422 584
442 592
639 83
358 233
5 326
321 422
421 266
667 388
4 385
487 26
158 452
417 100
0 435
192 683
260 261
671 357
506 102
488 551
21 516
58 265
238 443
121 483
546 504
180 159
489 514
489 338
308 569
361 548
623 293
563 352
116 517
684 269
117 343
4 627
634 296
390 232
681 334
183 249
569 113
145 287
186 569
332 299
617 553
633 392
499 100
97 0
17 421
136 614
678 570
200 199
619 268
284 252
428 521
101 310
15 328
654 157
336 603
641 273
193 223
423 218
35 158
338 449
291 657
633 91
74 205
205 327
47 397
19 250
606 34
283 444
168 567
233 333
680 575
150 348
374 543
366 184
102 416
56 244
430 123
459 508
661 100
9 501
657 8
353 433
128 649
138 291
128 94
490 492
427 654
430 362
170 669
132 686
340 577
303 466
552 52
209 140
359 186
52 504
391 35
257 4
323 272
610 136
132 299
44 376
377 135
143 437
350 137
628 340
336 68
66 421
172 73
395 423
621 338
168 228
490 531
431 691
85 328
585 353
599 237
224 58
281 614
328 302
106 516
9 654
197 321
62 346
628 483
656 147
537 245
567 393
103 88
37 285
60 275
435 359
616 682
337 65
628 19
154 69
418 309
30 229
366 310
618 660
467 633
419 598
502 505
73 346
187 340
246 323
6 223
330 661
210 594
541 245
344 435
404 525
119 48
181 48
98 528
486 318
317 262
539 684
13 682
489 186
246 634
359 349
126 589
124 390
383 224
385 537
133 627
345 640
630 668
236 281
612 128
322 282
615 488
188 49
673 482
321 446
61 313
545 592
93 198
586 160
662 439
25 647
41 641
604 116
506 46
97 269
11 242
588 522
280 131
458 396
556 371
240 370
355 693
567 57
367 611
128 286
613 424
325 91
95 47
8 384
59 321
598 574
178 543
341 525
68 168
639 656
332 668
170 128
154 50
15 73
457 527
117 128
350 97
495 614
71 199
183 319
605 85
54 84
534 669
453 310
578 537
477 295
150 297
221 350
307 103
605 654
619 35
247 644
147 14
170 45
65 440
310 675
246 419
203 315
291 492
518 227
530 351
32 436
368 297
377 303
11 185
314 122
670 100
259 265
571 16
510 449
558 520
658 456
355 489
372 359
660 303
523 652
441 282
190 217
585 431
68 396
655 632
463 405
182 202
199 188
115 49
124 7
169 241
259 421
309 674
43 466
411 236
356 92
693 632
112 27
423 647
438 282
348 697
255 435
520 506
13 387
555 664
88 656
160 532
248 379
633 353
546 66
449 577
36 512
620 417
591 432
325 570
330 361
149 686
109 32
151 301
663 489
328 559
327 538
642 601
411 267
557 151
414 403
369 512
392 662
414 95
590 345
666 280
464 652
397 527
209 182
123 377
97 185
219 100
280 469
525 160
132 29
181 256
631 254
424 75
236 648
96 265
297 451
50 441
107 182
350 577
433 61
322 417
347 431
413 407
152 602
603 699
440 111
582 667
559 216
601 525
624 505
251 526
215 318
43 357
368 691
599 269
415 305
140 252
234 168
207 509
173 186
4 316
516 71
699 260
224 234
486 322
372 155
250 432
192 218
667 334
434 501
292 634
598 58
592 109
472 227
76 353
107 325
204 586
504 85
562 44
320 162
384 496
655 74
178 14
415 682
141 581
660 108
105 564
243 238
251 210
312 136
513 443
344 306
646 140
180 517
620 468
129 354
127 363
498 401
137 195
422 663
72 649
388 588
267 23
61 679
604 642
641 65
561 401
353 71
322 535
189 9
259 151
630 610
206 52
222 522
86 154
159 617
419 142
45 98
312 77
212 577
130 444
313 430
110 328
469 416
97 407
387 228
104 421
235 554
492 261
510 179
562 107
220 674
543 431
683 628
348 278
195 490
600 263
23 527
219 216
283 52
603 448
594 227
9 433
607 164
316 631
70 41
647 339
406 18
105 583
174 110
71 662
265 328
615 99
609 164
657 664
180 334
574 364
206 547
138 71
336 38
139 211
5 632
410 576
668 366
617 486
341 52
8 438
502 555
371 283
196 512
59 191
428 301
505 530
421 481
277 355
262 164
210 82
248 354
478 589
538 338
56 180
108 696
575 0
47 286
105 211
210 99
672 190
403 233
230 67
43 90
216 144
679 624
601 133
438 603
49 658
569 331
50 193
241 617
93 552
650 128
454 644
143 465
403 198
207 412
38 353
494 15
152 22
70 291
481 672
219 142
313 351
409 281
8 661
24 440
430 440
505 37
150 17
359 343
418 688
397 435
274 128
468 239
299 297
562 15
16 129
28 257
684 406
165 499
253 459
564 247
360 484
20 498
481 64
303 652
255 319
657 122
659 258
352 430
656 56
248 693
612 558
2 589
155 306
54 171
129 21
686 651
215 691
440 297
359 94
73 490
429 310
382 669
226 575
665 89
343 346
538 236
368 432
239 197
643 302
181 283
611 583
602 306
587 350
456 320
522 326
58 672
648 218
2 418
43 59
332 407
401 440
566 97
512 461
160 211
421 639
294 315
488 22
666 613
376 591
195 60
354 646
383 87
617 696
434 198
452 428
219 317
387 594
429 512
425 511
116 699
649 661
666 403
216 31
649 561
394 270
227 256
572 635
305 86
10 641
205 60
638 620
591 14
241 433
150 575
190 330
625 490
3 446
474 156
352 532
581 675
129 628
448 159
233 91
536 402
238 307
186 256
282 699
438 12
133 602
480 106
15 219
45 119
222 596
639 118
43 601
223 454
102 526
366 199
402 94
486 140
322 620
606 348
574 321
414 0
529 78
234 460
652 531
209 495
598 175
168 22
376 345
205 366
454 127
122 679
61 210
550 658
303 480
659 186
674 61
27 634
246 439
1 6
164 362
566 521
55 204
63 199
147 333
503 169
209 207
167 1
411 657
416 497
453 380
506 446
274 592
128 18
411 544
167 318
459 654
517 321
86 468
167 480
103 259
616 356
196 429
231 84
30 631
369 598
176 546
32 102
417 116
237 481
283 675
173 577
477 638
698 132
459 281
311 83
136 412
475 70
28 112
3 426
143 636
170 698
101 266
337 558
458 432
236 333
7 271
365 202
89 431
72 267
98 96
380 94
329 503
547 64
643 32
583 625
544 666
536 35
121 478
20 344
302 339
156 377
79 375
282 691
208 536
64 35
674 111
536 155
161 280
578 47
491 102
607 690
161 651
266 120
398 193
190 503
270 409
121 595
562 172
598 235
11 376
421 696
689 213
504 103
610 392
538 326
173 31
159 474
109 226
122 285
433 10
490 288
329 63
80 272
410 447
119 471
611 468
455 305
131 504
373 678
318 322
243 404
624 28
659 333
19 203
628 116
525 459
12 206
556 21
413 384
277 211
692 365
34 0
484 486
549 389
621 249
152 78
87 232
289 413
374 695
646 160
156 448
289 37
350 438
82 4
213 359
475 160
516 388
519 322
127 387
333 367
314 92
541 578
573 366
297 354
45 33
281 59
419 319
381 674
61 664
531 493
360 276
216 298
224 482
14 290
184 476
469 515
311 211
697 212
237 184
109 152
165 352
315 595
328 261
675 601
550 442
574 521
184 279
252 375
231 673
241 425
529 279
139 398
521 430
294 16
414 143
618 483
123 490
491 185
279 639
390 316
307 249
325 146
284 126
161 154
153 683
29 119
196 670
27 480
607 124
361 258
435 602
121 141
203 641
650 230
284 222
306 307
82 337
330 11
199 690
53 340
159 572
160 631
470 313
219 218
132 40
463 238
65 322
520 376
670 132
671 640
620 510
225 391
671 481
573 330
38 418
260 298
505 157
634 164
20 150
101 105
258 182
344 222
616 664
589 595
414 98
471 625
589 575
686 164
6 125
301 696
457 235
241 60
206 212
290 170
568 94
453 347
530 557
531 104
216 198
646 521
333 385
614 96
572 484
365 623
96 658
265 297
213 204
250 200
219 131
77 579
280 416
251 266
594 321
351 329
8 508
274 638
498 393
351 56
134 74
76 487
551 5
656 534
352 667
629 71
606 226
683 350
283 532
169 60
314 410
631 56
213 19
520 147
537 95
237 27
109 547
315 304
554 191
226 652
575 612
437 9
325 177
440 453
613 415
479 153
399 622
555 139
578 660
133 311
163 581
257 332
62 610
86 218
669 510
329 436
393 67
114 5
222 408
281 561
469 602
563 162
90 420
343 627
356 56
508 687
20 454
140 46
466 407
11 671
228 322
123 230
572 388
370 122
576 535
205 454
476 2
200 582
508 450
370 681
1 343
270 278
170 609
118 318
29 90
627 566
577 329
366 535
664 696
242 41
615 578
202 72
126 104
338 24
131 688
687 260
19 551
310 152
342 242
582 697
557 0
502 619
424 80
397 396
159 594
537 65
209 628
528 176
426 459
317 39
372 146
52 104
376 167
629 560
260 657
119 241
249 336
318 469
535 563
50 537
178 694
227 681
639 534
638 436
47 326
309 448
459 418
619 237
12 312
584 506
272 347
644 513
130 629
207 197
462 638
57 120
142 626
391 529
133 480
338 619
606 171
281 152
400 264
513 593
467 158
220 582
545 302
422 676
604 84
82 128
310 12
416 541
527 205
595 403
517 449
250 586
283 691
81 154
220 464
315 170
178 32
15 360
18 676
185 75
54 612
127 148
108 630
482 357
681 348
406 363
332 339
594 184
502 547
436 645
75 366
528 58
351 223
62 612
213 420
173 106
610 401
236 575
487 467
220 693
278 597
325 57
381 602
486 349
14 654
155 673
84 517
75 253
597 400
560 150
605 289
419 559
319 145
171 186
670 62
257 296
354 359
75 630
373 284
66 313
608 49
362 507
235 690
111 114
690 428
187 698
187 468
530 401
440 188
368 61
635 136
287 675
379 618
411 481
326 518
230 165
372 326
239 467
507 677
626 340
346 654
524 265
190 577
322 129
76 278
502 674
511 118
500 300
126 172
252 46
478 243
586 467
443 533
247 103
217 441
699 587
481 231
212 526
101 570
244 637
262 494
370 543
511 320
335 561
648 267
126 434
432 215
581 276
662 184
370 613
150 218
28 560
477 618
175 583
303 530
286 85
519 443
226 418
362 461
22 546
132 530
597 11
422 444
184 82
369 136
450 93
180 441
73 50
202 190
510 35
78 255
123 124
595 623
28 140
201 544
530 109
393 24
251 129
23 110
608 651
675 688
463 148
226 337
338 228
443 283
331 230
302 608
400 253
483 260
551 613
654 315
92 71
188 629
183 478
598 283
349 556
232 361
615 559
178 573
619 98
308 580
448 670
63 214
9 470
51 440
94 546
111 336
86 309
75 407
422 210
90 310
649 250
559 636
598 59
690 425
85 624
51 17
488 408
200 328
653 94
145 349
22 256
246 289
357 56
136 193
186 384
443 198
136 152
179 369
475 220
28 639
641 187
697 121
243 82
37 687
201 569
51 359
248 121
372 101
627 296
411 272
253 359
507 260
262 639
567 692
351 252
281 520
544 176
416 536
470 368
689 349
202 155
519 258
412 153
415 449
11 591
27 362
603 414
335 698
135 233
95 532
51 329
292 153
164 616
296 584
193 471
55 73
14 210
522 32
284 482
81 111
237 56
441 464
32 524
336 263
339 6
188 617
157 11
550 357
570 189
173 88
379 640
459 469
292 673
3 477
357 632
478 476
256 143
52 183
340 121
309 579
263 438
143 364
129 482
552 577
602 387
76 225
684 448
409 674
68 408
34 240
230 617
30 451
430 576
601 102
154 186
401 83
220 516
83 189
122 89
272 113
186 552
421 296
123 245
528 525
660 538
511 7
323 352
86 61
58 379
571 674
346 7
52 249
66 6
549 673
686 275
303 515
500 7
482 556
195 362
369 252
186 421
469 629
195 128
470 71
222 117
552 693
696 371
478 175
484 55
30 623
292 378
445 536
310 485
76 550
292 435
606 4
175 520
126 406
88 452
309 102
27 445
518 335
477 411
567 363
599 510
460 531
14 684
448 401
129 542
571 697
56 318
204 426
124 458
273 677
620 320
448 221
335 624
586 31
38 679
248 636
329 126
349 597
243 533
401 56
47 16
460 264
10 360
338 525
568 369
682 438
441 697
332 385
170 610
567 201
329 5
336 535
20 520
568 174
216 580
341 474
671 608
670 641
245 613
208 642
142 520
206 92
606 654
57 377
131 355
355 329
146 670
560 348
469 397
415 312
313 208
255 61
606 449
116 148
107 118
313 357
63 432
21 324
108 451
351 472
18 0
509 433
454 584
290 396
448 62
368 382
162 500
170 442
345 516
687 237
570 612
297 249
50 502
570 495
629 248
484 133
52 387
10 432
519 615
184 218
419 21
293 529
58 21
699 15
351 22
339 262
526 343
60 578
666 615
639 0
657 676
135 477
328 88
583 65
316 464
572 339
549 478
678 292
228 169
583 19
72 349
282 283
131 224
57 67
650 366
528 694
574 272
201 161
11 40
148 466
257 469
96 22
617 128
653 175
624 381
417 447
294 181
688 550
36 157
404 467
392 306
608 182
579 603
604 563
581 579
52 633
369 365
295 328
164 435
647 148
538 533
390 196
444 191
306 16
553 26
596 410
594 683
618 142
58 613
459 547
630 209
255 650
357 531
244 173
94 226
403 698
483 488
676 310
48 37
63 567
443 623
239 64
26 91
374 504
193 694
56 417
261 694
519 392
15 386
126 699
372 568
203 216
112 683
374 35
284 127
538 75
457 125
99 428
331 219
115 42
25 319
267 290
480 446
31 35
663 297
592 612
252 291
261 403
21 697
43 70
70 623
367 526
534 218
12 200
631 223
657 227
344 181
591 500
668 250
386 188
74 556
499 151
320 283
64 651
617 69
28 30
320 362
553 480
113 256
501 614
489 277
562 203
29 208
190 618
149 533
462 437
668 110
485 383
8 691
153 594
156 431
404 147
360 224
591 314
13 369
399 629
38 593
392 236
39 444
245 146
65 223
206 123
68 148
659 459
467 132
606 456
437 673
469 544
370 111
36 66
307 650
223 675
451 363
319 73
612 182
530 673
146 438
483 371
658 415
535 118
247 209
217 313
576 667
405 379
509 248
89 454
316 359
126 646
68 265
166 66
217 54
31 483
609 545
261 189
106 378
641 67
308 28
589 243
98 699
553 212
25 14
561 34
190 620
469 115
107 214
160 78
401 444
20 98
517 199
46 694
640 608
34 154
384 160
390 153
644 689
591 697
363 517
390 99
48 281
87 115
433 95
156 143
481 549
421 158
219 73
23 469
640 647
288 90
41 628
250 233
296 529
657 409
576 125
577 361
500 424
548 628
87 479
495 503
524 123
419 560
288 333
635 626
97 311
109 130
574 11
65 101
414 310
633 364
294 236
335 236
458 167
605 386
554 79
491 302
41 86
609 235
581 428
114 33
503 263
269 582
523 400
477 101
169 157
410 191
198 126
471 504
593 493
339 418
570 283
121 389
106 81
699 690
181 152
522 383
25 28
166 222
198 149
675 420
392 459
102 488
346 201
698 399
672 262
243 101
155 325
63 590
490 109
262 102
114 580
675 479
272 319
471 150
167 614
566 266
229 392
301 88
28 295
651 308
300 646
40 456
500 187
167 692
421 346
0 328
52 323
531 4
549 568
474 110
389 98
521 644
350 499
624 619
289 238
106 261
307 142
262 484
2 633
386 444
597 217
2 153
359 44
313 660
264 608
30 341
657 82
305 679
165 177
441 481
469 241
297 653
629 235
629 249
532 589
387 517
232 71
155 329
431 362
580 435
458 320
86 418
280 212
491 603
555 246
357 26
470 6
115 540
83 396
625 619
682 524
21 391
114 546
623 222
147 270
327 124
91 455
562 670
599 696
669 339
694 131
230 565
269 435
149 408
10 133
538 386
136 253
11 205
414 593
104 681
487 630
602 433
661 83
571 518
345 427
287 111
581 443
603 592
35 461
578 455
237 379
605 528
147 456
139 95
569 82
302 529
105 305
644 17
69 310
600 562
285 357
199 269
608 98
266 66
47 193
196 338
30 682
61 446
254 463
503 127
378 632
208 697
9 254
253 486
378 663
237 627
171 644
307 529
297 571
559 524
147 698
112 243
317 553
142 527
466 595
396 62
515 662
495 342
49 154
440 622
235 420
511 694
268 597
521 386
180 375
109 483
633 222
498 490
553 46
686 358
617 95
35 449
145 486
599 462
367 259
645 582
380 515
176 52
510 634
508 604
310 667
11 669
471 513
450 419
302 440
264 689
218 435
12 528
228 416
469 456
586 412
595 52
662 615
630 404
625 338
306 576
483 469
454 388
300 475
26 225
265 436
104 674
26 382
129 478
506 9
455 564
89 198
410 37
529 669
607 160
512 562
17 608
424 375
427 689
52 430
80 494
215 219
175 611
460 483
361 587
590 7
559 255
526 162
52 41
389 319
585 360
437 620
85 206
655 462
198 607
130 118
88 620
432 126
180 33
90 442
565 410
508 592
639 652
399 466
313 391
668 220
507 256
171 275
214 84
511 554
182 16
298 322
427 263
576 163
86 123
558 206
298 285
698 493
666 460
56 370
142 238
198 597
206 418
570 551
234 677
104 88
246 346
361 381
579 499
323 258
407 553
316 441
311 591
635 638
422 680
509 298
612 306
379 609
44 552
100 59
16 655
1 251
315 418
642 393
51 181
418 128
347 289
511 446
138 52
634 82
173 277
262 529
672 310
95 255
90 321
451 668
4 436
512 402
200 2
654 657
427 518
111 628
435 456
678 417
682 341
238 447
38 116
97 331
13 370
263 18
537 441
33 687
633 32
533 0
302 20
498 224
652 198
262 531
437 400
601 659
487 461
100 55
93 69
36 0
357 37
473 687
497 351
241 157
641 382
384 64
367 134
303 348
518 549
427 521
187 235
96 343
552 351
589 432
50 252
95 428
321 610
538 605
228 496
253 210
125 421
647 361
578 353
207 602
524 396
161 153
65 365
27 118
502 22
668 628
153 608
654 442
580 586
57 48
337 427
230 434
236 186
627 202
623 305
654 675
213 181
613 440
557 285
691 153
51 331
189 618
121 337
485 203
73 18
259 681
363 698
482 699
697 237
349 614
380 183
289 462
54 2
629 503
611 268
193 312
530 27
277 131
250 96
476 680
470 258
615 224
162 136
515 533
79 648
291 523
75 590
408 383
255 635
562 662
676 339
18 7
486 208
445 96
155 627
366 10
354 346
373 149
5 578
525 372
594 317
492 635
15 509
371 534
607 114
563 80
510 420
39 26
137 413
34 697
229 93
57 116
606 120
277 381
220 445
23 258
254 214
538 684
366 365
190 543
583 362
440 683
314 373
325 339
554 661
165 656
59 383
100 527
373 156
656 285
452 430
450 632
220 364
284 355
655 616
581 448
683 215
249 72
196 572
16 422
507 651
663 362
123 487
582 538
427 511
595 460
12 308
378 81
616 264
329 363
491 80
309 567
638 698
367 603
582 435
650 267
291 506
209 358
321 95
531 233
420 378
645 99
29 492
352 375
583 677
691 475
614 386
110 32
87 674
674 131
338 244
602 366
353 373
571 43
157 187
173 622
163 243
3 329
202 33
388 353
487 665
245 498
548 238
35 19
690 296
467 530
693 234
392 223
488 269
533 26
122 558
332 285
641 462
298 594
534 108
340 534
137 68
133 657
319 600
638 55
111 121
231 364
277 57
66 335
45 161
101 659
176 250
365 611
431 699
305 130
665 94
336 306
413 533
207 75
501 313
200 336
365 343
89 144
46 25
46 226
2 220
649 363
282 378
333 393
150 543
339 268
454 656
167 520
321 496
477 193
394 285
524 438
630 580
127 539
158 310
256 187
173 292
560 684
140 412
279 130
107 474
465 312
287 472
219 619
173 552
439 461
71 646
417 137
566 465
454 366
294 47
143 481
394 341
352 410
591 635
699 177
96 25
580 585
97 435
624 289
644 582
348 264
683 536
9 177
636 213
485 380
48 190
217 474
414 167
137 435
461 83
353 501
80 33
507 528
259 395
514 512
143 146
505 641
607 532
314 346
680 685
358 553
19 671
273 586
30 179
628 504
92 191
265 521
293 421
172 582
673 128
559 174
58 154
424 341
304 11
623 250
691 78
524 255
590 149
651 637
545 394
149 134
2 71
405 472
273 422
15 675
646 102
658 143
615 276
183 388
178 646
175 404
35 261
266 580
40 418
316 206
202 457
374 271
176 68
543 621
47 610
94 223
508 216
417 593
86 592
116 233
233 428
93 640
241 240
620 646
469 377
495 18
118 125
495 327
391 525
601 510
61 91
4 573
398 467
484 39
456 124
629 92
213 652
292 447
95 306
306 148
639 353
113 480
576 285
537 78
366 601
682 610
226 48
401 245
11 588
423 633
209 23
443 601
339 444
91 536
7 428
599 53
17 91
676 166
152 666
615 135
304 174
682 533
698 543
226 64
80 162
533 652
148 112
36 372
678 11
272 401
696 407
633 215
471 205
548 88
247 34
295 342
215 530
420 512
143 75
334 106
471 278
615 492
181 608
592 424
435 204
376 677
330 31
211 390
427 618
280 324
375 339
10 234
281 382
233 41
226 484
19 38
612 9
1 279
631 614
444 497
132 534
585 521
176 221
383 83
698 57
62 614
552 479
66 297
173 503
155 313
377 96
149 529
454 384
42 213
251 410
522 67
146 103
567 52
344 263
123 646
610 323
147 450
55 214
512 517
517 121
429 366
636 40
692 13
357 274
433 497
26 279
334 660
406 202
474 436
53 569
462 688
389 286
8 212
314 504
337 230
338 585
34 37
8 202
421 558
534 633
21 533
410 590
179 687
2 342
21 541
269 173
128 643
187 530
376 68
411 13
481 161
561 331
285 287
600 405
541 47
523 619
98 290
637 684
206 429
297 231
98 457
663 484
142 258
375 348
124 85
416 537
334 668
332 457
657 153
640 625
10 600
439 666
648 481
476 356
535 497
599 364
523 395
351 77
120 682
44 41
184 355
70 230
190 97
498 354
13 63
255 418
409 573
636 111
244 426
694 37
407 445
344 473
623 193
282 116
352 122
675 548
439 116
625 633
691 204
387 229
407 394
196 170
609 27
531 244
111 635
58 88
406 237
88 271
7 384
684 575
492 491
58 374
598 682
518 437
458 139
380 47
478 8
9 697
476 409
465 596
593 173
214 660
618 591
421 518
209 620
503 183
683 83
486 88
605 347
632 108
564 333
391 420
495 22
416 26
327 536
207 643
476 438
407 436
393 243
368 673
79 137
215 100
242 77
214 556
278 99
6 559
50 564
430 277
0 560
173 638
127 176
415 128
51 634
664 518
692 46
35 210
600 448
646 26
188 260
606 515
212 52
108 524
475 55
658 148
179 553
598 415
290 632
619 551
686 68
500 409
56 500
604 159
91 615
17 566
405 563
108 126
482 220
566 382
377 29
422 160
432 465
527 541
207 51
270 603
251 168
653 217
245 49
267 684
579 610
258 238
408 411
227 617
63 501
480 162
606 487
374 129
110 317
415 388
587 55
268 31
677 213
69 320
446 268
428 191
450 11
108 658
255 345
468 694
420 223
499 691
656 140
248 154
330 228
36 670
685 15
450 431
440 383
259 414
274 635
479 283
105 150
407 594
528 318
298 324
18 290
330 393
485 572
36 668
261 192
375 117
536 555
398 329
