820 4000
614 512
636 458
510 356
599 573
749 534
494 58
154 184
754 605
172 533
88 371
569 68
722 147
550 796
32 759
732 11
516 442
631 509
432 682
340 50
356 406
524 81
746 402
274 285
259 255
739 665
489 468
166 527
5 212
399 590
320 287
219 381
738 564
660 556
774 349
420 326
504 232
435 719
489 207
236 330
193 772
116 226
807 536
58 9
619 417
669 296
730 340
738 216
286 321
707 48
477 54
604 679
362 570
726 163
313 393
585 656
660 602
326 197
800 555
420 287
573 810
337 744
701 245
215 31
279 610
454 214
409 273
703 174
159 745
541 702
343 246
718 224
412 139
279 702
479 811
433 248
229 40
13 393
91 509
177 450
577 310
63 400
146 421
298 162
327 353
788 504
586 464
223 176
787 504
92 662
622 216
729 730
531 449
635 283
103 802
341 302
739 87
96 76
209 155
483 53
681 105
369 165
615 580
117 58
557 591
596 707
646 535
695 295
388 801
600 26
800 292
751 728
243 265
132 295
778 492
144 372
796 403
624 96
435 521
812 593
103 467
551 357
768 523
159 509
405 398
126 309
96 666
783 514
549 183
210 429
718 812
53 574
434 597
288 382
697 574
723 55
179 606
602 702
471 549
783 409
344 278
159 543
322 86
343 217
667 660
340 376
9 173
696 205
676 558
60 203
410 422
184 34
797 807
615 697
254 761
641 428
244 451
252 89
479 655
770 280
260 25
237 330
394 121
122 816
558 183
150 90
384 549
134 270
812 635
361 663
70 168
162 482
500 582
571 759
367 500
290 111
10 661
2 449
503 457
585 655
147 494
488 273
756 397
549 769
523 612
734 179
566 818
442 84
371 222
609 375
260 222
163 454
440 801
229 403
808 619
316 205
119 414
713 604
763 167
329 569
573 698
178 746
0 491
217 523
739 378
742 336
745 93
479 244
67 341
720 427
781 232
810 557
16 387
90 410
181 642
283 816
737 363
131 336
558 578
746 493
753 229
443 540
22 638
39 413
93 611
286 247
183 222
782 669
440 742
73 457
817 417
358 663
686 411
414 523
365 715
621 637
567 454
146 215
437 297
472 153
318 783
648 291
634 236
509 556
741 12
134 544
802 817
541 729
76 778
456 510
427 465
180 390
663 444
299 460
94 818
733 608
688 529
131 222
756 54
179 754
318 559
135 459
602 58
568 88
357 614
516 682
130 458
310 367
411 381
227 812
231 215
279 70
269 373
509 235
596 675
739 630
282 129
393 136
550 688
523 552
756 815
442 503
620 195
162 217
73 687
464 623
542 429
232 377
178 611
417 363
212 245
409 13
98 698
604 26
324 626
329 327
428 434
490 321
301 405
326 256
568 483
679 332
19 713
737 321
228 42
602 230
460 302
115 487
59 520
711 426
554 410
432 410
507 73
327 27
304 489
662 638
618 602
761 33
68 66
456 265
605 223
516 154
242 760
27 16
632 157
644 392
39 10
53 799
31 129
192 527
212 510
96 611
329 731
272 329
728 576
657 586
205 118
363 38
169 161
39 459
755 119
111 229
470 525
708 337
130 323
562 816
230 174
656 238
207 287
551 590
186 569
539 332
15 381
319 366
385 581
785 488
508 781
22 557
485 783
617 760
645 417
333 473
536 336
341 467
325 307
144 695
812 770
477 70
538 398
635 287
239 607
47 186
127 636
782 317
422 567
466 166
347 85
277 486
481 202
53 99
500 49
277 630
663 609
49 301
435 103
281 373
604 376
743 452
212 475
412 716
621 630
370 809
315 377
664 306
138 642
812 168
112 315
550 4
328 280
39 634
801 265
232 767
340 556
477 151
154 304
706 751
472 501
372 529
758 732
496 442
262 535
746 533
311 158
360 649
113 518
276 660
537 539
225 413
809 671
35 120
751 24
469 587
751 574
332 771
625 495
693 514
523 61
799 722
382 210
237 699
707 203
707 169
468 747
124 10
148 475
818 734
476 0
503 711
473 763
13 476
198 190
783 632
452 615
504 210
192 448
556 508
92 375
72 79
639 401
14 643
452 603
0 170
340 794
242 352
782 164
383 235
661 92
515 733
197 319
790 691
399 780
351 325
198 512
639 488
570 250
457 661
355 466
270 144
435 54
478 367
711 404
27 448
778 622
687 600
581 242
439 786
743 53
643 183
156 688
24 325
465 766
199 127
353 162
59 489
375 694
413 260
806 765
808 532
156 61
644 516
705 605
246 571
2 185
68 469
704 604
759 782
677 417
703 407
412 11
667 414
429 148
306 763
554 383
607 512
501 347
610 733
402 451
600 117
236 398
309 729
665 241
398 214
721 638
238 550
473 498
361 163
459 618
658 530
373 424
234 104
531 183
616 212
610 144
259 89
647 786
228 571
574 790
399 252
641 458
422 547
556 79
592 219
778 640
421 715
73 118
785 378
268 272
590 406
163 106
75 332
162 227
447 97
98 765
331 465
137 510
44 713
63 128
158 162
729 178
39 745
196 316
534 773
476 78
557 561
107 713
596 510
634 68
9 77
574 155
357 536
745 493
264 171
777 294
329 264
409 600
697 812
612 757
179 13
670 327
815 148
524 17
165 477
378 545
699 789
430 191
761 613
141 751
1 516
221 321
372 759
551 161
72 144
18 259
819 290
28 300
118 315
130 395
694 387
754 543
602 430
206 813
345 262
632 552
38 220
677 137
31 329
163 459
409 142
624 211
612 555
372 439
325 13
753 329
407 499
674 624
291 494
579 643
497 737
553 527
633 66
740 523
349 119
477 305
657 433
416 35
670 461
91 649
166 654
444 54
361 182
606 661
6 730
236 19
262 489
292 261
757 123
292 791
54 243
415 709
619 102
329 508
337 277
517 379
522 480
249 807
461 25
634 513
170 630
744 442
716 691
25 543
67 799
290 352
129 206
208 59
455 592
514 700
75 366
266 501
594 337
565 347
304 184
160 176
82 462
681 267
450 545
421 767
755 809
111 85
330 239
363 44
649 31
185 557
786 334
432 131
279 153
700 226
363 201
384 757
553 202
316 731
405 202
656 541
343 35
138 515
476 788
502 381
636 728
571 753
194 493
709 380
208 703
680 779
383 94
616 614
398 705
483 474
38 773
756 683
69 99
714 809
809 713
766 247
457 640
306 159
570 626
7 38
667 107
586 259
759 458
759 155
720 111
390 723
452 680
234 639
321 659
802 54
743 687
78 523
791 394
295 193
576 132
809 306
436 241
518 410
284 678
267 716
336 202
601 408
633 481
477 517
168 547
499 305
594 803
388 109
436 604
775 189
595 717
796 666
628 216
112 770
382 411
321 545
510 416
336 579
749 425
207 285
632 749
597 457
174 747
147 264
576 336
705 390
564 55
504 200
686 238
379 504
388 366
799 181
688 466
811 535
804 673
191 325
400 490
779 539
406 464
100 163
528 681
168 756
703 748
779 730
113 416
679 817
326 629
440 641
751 169
764 416
62 398
746 609
531 390
30 675
412 254
521 489
641 266
682 27
21 1
772 710
102 322
781 107
558 95
108 263
129 691
104 482
816 460
763 410
30 703
53 202
732 86
542 795
92 569
749 269
18 607
111 476
731 386
248 114
311 812
436 90
183 528
771 423
656 495
248 460
495 776
767 683
790 71
390 82
546 32
764 308
76 416
682 380
53 454
2 538
330 804
183 537
268 646
74 385
295 664
259 254
818 207
183 350
55 790
151 791
490 698
589 622
660 388
35 758
818 635
376 657
582 685
278 744
595 251
40 358
672 576
276 470
158 804
742 225
359 723
691 506
160 598
394 783
280 431
436 418
48 410
714 482
666 475
9 430
341 153
396 247
629 503
43 663
8 630
773 472
684 45
791 37
187 314
708 183
286 77
672 287
29 249
299 263
612 662
630 608
777 8
521 92
544 219
763 68
273 32
660 592
323 549
520 208
179 643
226 816
667 296
589 674
217 336
818 305
781 789
255 683
514 383
319 679
622 492
12 476
698 22
564 767
163 98
503 691
184 386
89 348
779 803
333 819
389 102
660 272
438 566
143 450
642 710
474 69
612 615
656 402
597 528
806 22
393 464
477 765
608 393
297 577
697 222
725 76
141 236
446 246
597 334
138 521
518 670
212 593
593 169
551 651
702 329
812 289
49 62
346 41
640 719
38 117
807 390
288 180
41 614
752 305
770 336
433 430
212 150
121 568
554 108
678 205
20 696
145 723
119 141
73 717
56 740
31 534
268 161
51 676
57 751
523 563
236 157
126 36
107 475
764 802
148 799
658 264
806 18
510 561
66 569
676 582
708 181
64 175
751 637
57 307
789 222
169 400
57 484
669 63
144 490
739 637
690 64
760 516
401 799
587 402
763 101
770 705
225 148
509 359
39 293
817 790
396 479
645 561
218 249
715 432
551 221
328 443
578 716
433 314
472 38
771 452
187 683
735 499
0 14
382 87
446 629
337 613
542 357
225 595
154 754
799 9
424 420
629 286
276 274
362 725
592 429
734 349
734 422
709 246
456 632
641 615
700 604
228 673
774 301
809 504
583 47
645 521
505 128
576 368
648 64
408 80
458 389
69 776
54 681
476 633
3 725
255 651
528 394
234 259
480 216
581 214
364 637
363 76
454 33
601 435
544 700
68 55
158 44
118 143
646 791
366 658
12 526
340 456
754 61
756 738
550 406
372 282
90 650
2 297
47 456
546 595
628 288
327 665
544 226
593 89
97 513
180 46
154 716
325 554
68 781
575 442
115 714
231 276
552 395
539 737
526 96
148 196
742 500
243 443
476 578
497 569
2 770
567 155
117 168
323 137
214 192
380 786
793 601
519 102
16 88
402 803
769 32
783 213
506 118
181 289
384 409
526 159
807 634
291 660
675 680
32 356
779 146
595 728
545 425
621 501
706 116
696 630
468 757
298 508
442 473
28 338
531 143
325 552
87 770
591 330
141 527
50 490
435 608
661 639
222 417
424 774
605 132
538 39
551 514
375 405
155 159
763 311
116 435
67 227
460 539
150 226
601 699
454 428
8 303
593 651
118 164
731 701
762 534
312 130
367 552
445 335
295 438
367 143
501 471
688 191
366 654
346 300
219 689
45 543
815 475
124 183
455 50
732 796
439 335
486 286
679 117
819 204
74 811
0 679
505 71
769 723
332 46
450 331
436 762
3 27
726 359
7 205
186 405
769 454
742 598
55 174
56 428
807 640
260 434
569 648
206 288
413 319
684 653
426 257
215 252
355 812
641 112
417 679
593 792
393 639
234 204
202 505
54 437
13 240
788 809
247 213
58 162
200 406
756 417
595 337
292 506
220 790
575 509
67 681
653 507
500 47
298 417
23 773
443 521
349 600
83 540
535 454
338 712
46 357
456 574
330 724
419 754
10 803
626 694
2 42
290 412
49 323
117 113
372 453
512 379
70 743
332 455
214 600
54 117
248 671
745 66
315 375
346 228
814 236
194 612
374 174
710 511
570 713
368 450
769 589
399 219
563 337
696 188
394 584
657 157
65 786
95 812
370 462
27 613
455 92
325 218
213 450
575 76
319 94
768 369
697 749
210 275
313 793
644 562
675 256
554 65
793 344
468 312
179 434
207 798
702 647
666 386
101 625
422 488
400 317
745 651
293 403
150 173
788 345
97 521
615 296
170 416
246 741
556 644
799 566
178 653
268 75
414 522
420 212
354 407
556 774
603 349
148 5
526 297
757 511
798 550
704 393
812 573
134 366
692 34
489 354
492 138
185 487
110 635
630 164
266 422
216 97
670 724
95 632
523 635
496 810
720 798
742 609
215 499
10 218
173 317
407 752
611 648
209 315
249 786
589 423
241 296
13 31
226 772
778 149
344 36
22 276
479 254
191 314
450 509
722 8
729 771
678 755
231 363
87 753
819 665
747 73
599 115
354 781
55 228
685 426
637 698
668 440
310 722
282 453
375 718
702 572
93 208
175 535
747 579
798 505
653 730
452 641
86 72
586 241
6 115
618 347
146 225
39 364
158 204
266 436
11 170
309 481
204 189
573 731
43 58
594 455
714 812
541 467
531 18
610 577
440 267
788 305
747 76
680 564
226 666
806 470
178 544
216 543
536 606
640 663
400 609
401 711
242 536
504 369
762 680
641 716
27 217
244 293
481 52
516 75
24 20
306 552
385 622
85 688
552 28
767 489
521 47
551 532
281 632
765 293
450 527
598 694
339 265
690 197
779 169
452 151
223 238
687 580
518 400
486 629
481 141
731 175
351 208
74 788
123 683
327 439
520 450
3 670
358 316
388 655
431 311
558 71
143 274
372 82
71 20
601 444
133 810
411 300
202 7
576 350
629 392
297 714
259 440
94 295
173 483
140 100
212 765
765 188
775 715
131 179
176 351
730 280
1 284
122 796
245 454
765 36
663 616
418 431
499 508
449 446
640 247
692 395
679 360
314 89
25 152
456 67
375 3
583 288
274 675
427 206
645 475
34 461
126 75
556 646
426 36
317 668
206 252
199 187
346 528
810 778
403 490
8 167
535 760
602 377
650 374
517 125
813 49
772 302
796 699
375 179
798 713
617 356
221 751
297 179
208 503
36 452
251 736
722 314
420 453
264 231
122 334
38 184
424 735
21 549
493 228
115 707
655 203
290 301
289 410
782 3
720 357
591 125
708 383
279 613
784 10
51 112
805 66
67 700
55 206
428 769
283 757
580 490
796 167
515 307
374 57
437 815
415 810
651 19
250 26
64 421
29 484
641 572
26 746
431 255
744 265
464 434
711 462
513 562
620 24
561 37
787 695
382 261
597 543
395 69
730 680
749 510
18 266
776 265
665 476
506 722
43 796
806 351
511 541
650 459
692 637
791 210
396 718
354 502
376 734
778 255
811 251
536 9
672 629
683 47
815 34
774 476
275 22
722 335
190 224
14 329
432 0
581 701
800 168
455 657
530 565
100 188
167 6
751 389
204 11
481 172
47 774
147 714
150 309
736 569
466 333
521 765
613 335
816 806
491 450
591 754
340 230
276 452
549 583
220 217
410 723
21 126
354 163
678 465
511 432
294 136
754 471
421 362
292 479
149 321
640 803
336 439
662 421
4 465
663 641
382 262
75 372
78 516
798 582
219 683
164 438
490 781
55 497
26 401
366 200
405 643
607 119
402 366
653 82
514 710
134 508
29 368
613 735
133 340
539 193
557 483
231 381
331 333
478 311
409 254
237 751
585 644
83 501
766 730
732 270
446 685
750 541
669 536
386 264
469 663
487 744
743 318
522 264
440 126
142 319
609 750
216 629
1 532
497 651
513 461
230 806
490 795
740 380
809 82
59 216
674 101
391 727
40 289
485 225
237 634
525 94
677 317
339 543
220 602
266 669
589 418
679 575
338 790
350 439
800 547
670 371
472 230
340 741
276 643
20 533
341 640
689 708
109 207
669 294
761 575
165 248
670 192
471 697
315 181
230 599
346 390
174 222
517 374
697 569
64 781
544 641
192 752
767 139
357 279
682 291
318 715
50 718
584 145
511 110
212 810
427 421
26 507
112 303
730 580
95 707
384 682
51 468
721 663
207 723
59 240
623 583
296 334
698 399
150 17
481 393
777 163
103 790
693 434
261 373
624 199
646 699
138 776
668 231
776 504
401 642
77 660
506 247
764 154
778 437
217 667
66 461
617 26
130 127
702 485
130 525
800 99
105 508
702 300
420 626
264 5
685 83
50 714
524 812
268 723
261 59
138 404
108 232
551 561
589 133
280 808
537 735
103 706
246 12
713 82
729 593
152 576
309 199
301 460
28 408
578 720
52 395
172 142
477 676
813 374
696 200
701 765
55 684
500 214
540 171
38 375
646 209
459 766
390 675
155 26
155 228
538 302
391 133
767 390
801 29
736 458
143 410
256 367
160 127
694 114
648 470
385 726
593 777
617 129
404 524
109 304
410 508
209 287
465 302
196 155
198 531
343 295
476 82
402 6
53 126
679 111
130 146
12 495
177 805
121 818
570 509
93 122
677 512
499 612
256 393
542 106
495 199
203 237
248 362
662 220
456 380
283 408
804 467
376 671
346 258
503 286
780 151
653 616
56 394
411 225
399 318
673 293
519 507
477 504
292 494
550 483
88 317
730 504
443 182
481 132
117 579
277 407
138 594
636 219
586 818
718 679
652 669
262 730
250 637
480 535
638 81
457 43
38 88
601 503
180 557
219 459
541 356
461 664
675 272
734 547
477 77
111 8
444 301
509 397
625 786
662 140
468 187
279 725
795 94
291 706
612 515
13 470
206 107
535 250
107 607
789 86
23 32
255 76
325 416
417 518
214 54
551 42
552 726
124 751
126 181
54 532
581 250
79 9
207 363
808 401
477 684
664 241
635 166
771 143
374 474
803 705
611 454
332 720
468 405
67 598
640 488
399 129
20 317
158 291
396 170
584 430
633 404
12 452
325 585
266 748
201 220
371 108
117 18
114 290
592 93
580 660
721 624
498 797
479 117
647 182
190 164
96 94
13 269
92 333
474 61
423 754
293 296
538 633
306 199
18 734
373 684
254 467
690 340
305 408
386 441
626 489
797 180
57 91
612 279
702 173
667 406
404 342
219 509
506 223
204 681
670 785
218 685
328 11
423 164
539 627
206 432
598 637
439 642
411 598
510 63
1 200
293 616
236 381
589 684
589 325
762 243
819 383
571 446
684 195
36 571
598 145
194 664
42 735
149 554
152 476
621 608
681 633
391 367
486 734
688 788
61 231
373 617
433 625
678 342
690 512
776 186
612 165
674 641
520 104
741 373
450 247
734 61
463 727
586 24
1 66
269 766
545 688
628 315
695 727
706 54
346 689
706 477
59 165
59 423
456 708
346 627
267 560
805 50
673 576
377 338
71 166
349 84
102 243
788 359
515 6
551 111
807 713
720 602
507 744
410 545
327 570
795 585
69 74
253 5
509 296
778 400
568 769
302 92
228 781
437 607
537 542
560 290
471 91
687 812
592 399
198 180
431 768
82 470
364 669
190 116
365 13
606 25
485 694
812 441
493 343
767 132
110 815
86 103
76 246
92 87
383 718
283 807
335 766
436 513
12 810
426 188
565 211
629 74
219 637
96 608
710 595
569 103
16 497
556 419
208 650
607 605
127 75
819 651
557 188
663 240
813 44
775 480
372 737
96 291
640 351
287 126
479 284
513 407
349 315
479 535
492 709
255 574
768 659
146 57
697 442
327 422
759 754
10 782
460 589
746 477
169 36
286 792
634 90
66 433
668 541
122 102
753 203
17 19
193 138
341 323
64 295
99 266
618 708
550 477
37 405
341 810
304 728
74 470
307 321
366 552
409 36
218 582
805 168
321 599
60 244
386 285
431 278
730 379
124 589
737 637
718 625
642 385
100 66
157 453
794 456
96 199
563 771
662 436
671 345
574 723
700 208
667 368
476 278
565 319
427 315
488 131
732 196
719 151
318 230
85 456
314 15
801 594
387 133
120 494
268 232
621 701
779 744
739 531
44 43
727 313
523 678
660 716
247 455
740 323
22 400
169 101
738 39
526 173
240 138
721 788
540 779
650 9
469 199
346 665
515 653
761 242
378 339
766 98
584 501
18 813
440 323
640 96
17 472
263 363
378 6
420 425
195 357
390 776
638 408
221 417
336 397
812 726
346 592
13 234
296 47
318 221
656 711
463 17
280 125
280 206
575 694
329 10
318 241
145 420
454 426
329 223
183 231
130 783
286 449
124 631
57 734
88 267
145 501
107 472
334 162
515 718
798 311
695 317
722 544
149 432
278 695
638 445
392 279
634 147
345 699
351 575
629 640
765 147
796 119
89 622
756 615
216 331
22 382
256 196
688 792
748 30
560 38
497 719
144 524
244 45
102 278
538 330
717 60
400 15
686 216
144 644
747 237
151 700
353 78
303 397
19 85
569 448
521 119
474 802
32 645
612 784
11 455
680 814
719 91
10 290
82 66
361 250
560 351
623 187
659 128
801 207
539 301
344 360
11 436
470 647
791 789
116 674
92 390
594 622
529 6
713 747
675 113
243 306
610 768
639 118
434 384
540 12
583 45
171 609
724 539
534 24
635 200
437 494
506 263
49 159
2 622
102 722
514 410
695 102
109 79
459 661
769 605
474 811
173 462
248 242
53 386
363 811
535 617
245 482
588 779
798 669
268 618
433 689
436 65
204 108
142 533
189 537
45 596
192 79
463 288
369 621
141 679
585 540
566 674
595 135
138 31
169 19
262 585
411 247
312 216
526 557
787 582
161 736
372 366
107 732
10 710
613 297
190 268
592 52
368 67
743 383
313 334
422 654
683 679
699 107
378 682
451 1
154 388
707 738
473 126
290 495
410 479
459 728
483 295
348 10
725 313
626 213
817 61
313 352
669 179
134 738
373 405
170 329
144 248
440 760
653 500
816 125
582 355
364 384
16 118
331 508
46 65
71 411
670 92
134 542
776 357
383 210
128 816
310 308
548 643
680 593
227 510
499 441
536 516
199 214
566 638
727 638
155 15
278 702
27 344
380 230
101 95
648 382
522 768
121 817
717 808
753 447
691 465
486 271
591 73
514 370
765 652
564 54
741 334
122 348
40 753
664 0
722 754
230 52
133 271
707 305
536 711
455 803
418 238
353 21
407 461
13 289
3 693
430 16
479 671
81 502
563 352
737 27
234 88
99 773
705 12
463 671
212 286
547 478
527 329
470 733
209 418
228 294
607 383
68 87
545 555
42 349
351 411
21 373
417 788
106 784
531 723
619 555
18 613
552 336
220 164
199 288
245 295
382 337
496 590
112 168
695 541
202 38
426 240
605 714
244 808
783 558
741 37
139 544
296 316
743 309
670 65
612 127
183 485
720 10
634 86
49 280
797 509
742 425
124 139
701 259
620 136
590 723
268 85
75 621
722 443
720 377
162 789
57 284
595 814
418 178
622 294
689 736
362 170
500 514
290 119
577 781
303 206
165 93
251 682
416 428
505 624
188 313
496 101
687 230
91 299
203 647
145 667
26 782
563 770
305 49
348 391
384 468
149 525
141 287
691 70
55 490
743 180
746 774
249 282
182 274
252 10
499 212
160 155
485 250
446 59
304 308
169 167
455 371
358 299
771 503
219 728
497 421
597 239
29 269
568 743
473 341
393 642
329 178
298 301
256 738
147 85
441 369
401 456
255 66
784 192
30 610
459 16
609 416
415 305
60 528
47 172
588 349
423 277
106 127
778 56
18 694
508 218
255 69
196 671
627 684
97 530
625 366
492 114
38 452
535 463
597 721
191 467
15 670
196 556
694 112
685 180
746 752
318 195
775 567
704 657
588 455
501 473
67 308
79 466
161 36
228 749
632 323
419 600
695 36
367 375
105 59
305 155
633 744
165 619
342 450
504 425
198 36
249 610
423 767
198 299
222 190
708 604
521 609
577 516
85 327
715 778
691 310
150 586
11 201
493 605
194 462
107 639
552 384
590 344
321 630
57 661
192 487
70 680
368 148
577 665
566 204
175 452
396 687
377 575
10 313
755 330
6 273
121 696
260 314
253 524
34 33
0 39
770 484
614 561
204 587
802 584
584 329
547 94
191 649
30 628
473 324
518 14
219 512
777 632
379 201
174 342
35 251
372 190
390 129
119 785
94 672
449 479
558 377
191 780
558 27
564 622
408 539
390 300
209 382
378 485
685 373
363 468
734 284
796 774
355 527
459 815
217 129
174 756
116 753
578 401
431 132
501 537
719 680
770 136
109 660
208 248
595 517
285 558
328 602
718 663
161 638
314 132
635 297
194 284
171 375
709 816
613 649
683 359
245 3
802 789
538 227
544 505
519 734
25 582
14 567
532 514
207 792
491 611
169 788
147 266
139 196
688 501
814 703
444 592
220 718
744 223
64 176
549 619
414 474
48 414
641 493
201 453
513 596
492 206
142 718
708 669
767 765
466 151
355 524
357 599
57 33
14 137
126 465
32 308
419 716
759 183
253 398
352 543
510 806
88 773
417 714
330 571
324 315
169 474
579 780
634 193
366 268
182 115
812 184
489 448
610 61
368 451
245 330
224 378
301 790
286 753
129 330
682 449
762 351
300 0
113 58
550 58
188 22
749 132
656 98
167 577
103 100
334 98
292 566
535 292
196 277
196 778
334 108
752 375
87 249
370 617
62 173
780 317
524 362
37 224
308 481
264 45
536 785
4 111
16 407
714 751
480 255
146 359
603 179
412 192
405 262
770 580
437 803
672 518
658 777
203 250
282 729
426 217
701 450
803 453
554 699
247 502
200 462
437 313
350 191
344 535
758 676
533 733
693 355
31 673
420 608
747 555
603 473
693 202
647 342
230 5
476 628
401 242
200 118
688 538
568 168
688 315
155 59
239 708
341 17
542 565
107 395
460 759
379 317
768 90
421 153
403 132
20 435
302 249
503 496
318 236
748 679
815 672
761 808
572 136
157 134
385 591
660 86
126 134
106 799
93 108
242 50
471 562
648 272
378 554
226 477
637 28
481 55
612 389
517 17
545 548
180 102
661 126
135 339
492 680
91 307
627 43
116 257
257 423
115 162
322 630
511 284
669 81
818 208
301 327
435 575
335 87
710 621
485 372
35 594
318 533
172 611
498 638
325 402
755 533
364 730
519 614
611 556
36 158
670 507
677 725
541 389
421 540
20 376
223 797
435 585
167 588
754 340
650 671
778 18
789 372
527 15
57 258
241 342
434 704
118 486
620 242
136 281
356 225
305 79
454 497
812 236
498 491
761 686
485 119
809 724
172 186
649 446
524 378
520 617
503 519
633 501
816 660
78 442
801 120
269 800
588 636
722 358
373 667
263 665
246 4
21 341
665 211
523 161
6 583
148 620
89 412
368 152
6 217
626 593
786 231
391 13
718 86
3 379
680 528
344 238
556 768
446 556
145 468
318 674
309 388
363 383
295 103
102 565
571 301
312 477
516 611
600 381
62 639
633 205
179 9
259 616
321 465
732 206
284 72
590 307
333 160
29 219
201 330
60 53
403 300
337 159
813 788
315 636
4 208
535 197
511 251
430 613
802 523
481 113
665 711
255 779
537 76
578 751
702 65
332 283
644 235
240 458
795 668
189 109
203 271
442 634
487 607
247 420
793 445
623 546
753 625
499 36
246 275
675 292
118 190
233 584
94 3
429 150
679 804
377 144
562 480
811 780
118 71
96 461
423 681
795 139
185 52
516 808
54 519
596 723
391 178
437 17
310 701
137 238
529 695
96 59
204 766
179 501
527 711
677 456
470 585
394 411
122 615
739 677
29 6
755 527
315 221
807 9
656 725
737 686
324 351
440 616
134 748
208 188
22 199
814 385
321 615
133 782
704 186
752 761
757 125
651 506
34 593
427 449
464 576
625 17
405 690
179 247
21 764
443 500
280 281
19 688
412 460
802 420
150 176
745 230
431 96
315 210
798 706
386 246
28 489
328 407
102 128
756 145
291 109
377 699
354 442
346 613
813 62
461 124
212 724
11 337
699 750
380 48
690 511
172 293
694 683
713 25
228 303
638 80
37 239
807 16
750 667
584 17
124 521
330 722
566 117
583 202
24 618
151 70
740 377
354 574
646 342
303 10
662 216
554 612
539 36
703 182
745 6
794 463
708 474
35 747
455 2
464 202
343 696
27 709
491 478
632 146
306 364
608 307
157 774
329 663
318 17
346 130
700 735
778 1
404 786
783 802
359 411
40 393
266 814
283 188
161 463
132 572
151 737
617 503
333 535
322 170
587 2
482 736
85 449
342 358
465 339
282 330
464 523
734 147
793 483
484 445
465 132
704 171
131 381
167 174
267 537
492 293
149 436
355 446
498 453
557 785
673 171
58 14
451 549
636 352
185 267
437 782
223 433
490 750
566 200
92 49
808 265
665 337
23 507
260 220
348 442
505 506
178 772
407 88
792 602
184 383
399 363
239 98
581 644
811 527
153 328
436 792
222 192
608 492
683 733
793 470
774 468
141 568
278 517
115 91
565 72
505 288
601 91
371 441
635 270
220 43
227 455
169 23
322 706
641 152
582 187
264 185
800 600
814 629
116 516
687 137
473 806
200 314
184 616
506 293
297 243
330 291
199 692
717 279
551 403
215 471
454 120
140 252
332 563
520 805
243 151
788 650
80 684
6 779
539 113
400 127
493 403
65 384
472 388
195 47
255 102
289 75
7 135
803 497
291 69
789 790
811 169
791 497
115 173
377 291
360 701
336 140
109 342
256 667
723 10
720 60
24 731
375 643
88 656
138 641
554 507
262 582
597 791
491 294
766 470
107 544
298 732
505 671
5 637
760 421
543 526
483 594
523 641
371 391
508 190
635 619
649 784
760 476
2 448
705 350
35 199
208 130
27 164
554 124
704 118
117 451
542 85
178 608
209 574
256 379
714 276
401 259
625 635
280 532
769 226
185 686
649 250
626 475
136 702
620 324
63 742
345 112
145 374
288 406
595 412
18 488
136 372
215 325
423 176
546 173
296 781
203 689
30 549
330 301
805 578
167 134
553 339
455 416
265 288
126 40
674 735
146 401
289 126
799 76
219 776
214 457
137 184
664 441
433 404
532 209
229 353
298 130
19 464
281 567
469 173
612 740
6 74
806 669
263 604
127 64
577 541
500 495
743 289
460 2
188 353
528 441
292 499
256 688
172 643
641 753
587 502
159 357
459 45
276 18
319 130
637 783
627 772
383 647
622 26
781 95
319 63
804 526
480 594
304 812
260 585
404 110
176 325
231 674
543 633
214 489
27 566
216 120
215 731
786 327
157 436
105 49
75 643
467 802
143 746
636 286
276 390
819 694
482 567
374 661
365 532
489 640
491 262
680 394
133 758
457 163
636 64
695 744
424 354
406 714
386 241
104 137
698 263
781 618
541 99
320 817
491 12
768 375
430 273
812 132
50 594
818 749
699 49
636 498
140 4
607 571
279 4
338 465
73 93
104 153
22 194
219 291
7 389
718 272
521 231
243 785
196 399
390 632
152 279
679 819
719 646
350 42
475 812
710 220
13 664
310 654
566 313
354 207
627 724
131 113
247 44
490 228
815 656
244 466
768 426
563 117
14 421
10 691
59 2
538 254
278 537
136 493
496 121
240 208
229 324
109 700
128 565
253 388
686 606
170 574
624 342
737 419
561 538
128 633
194 766
621 659
301 403
6 276
31 459
492 545
103 491
146 487
521 167
730 57
67 529
185 462
74 711
51 14
215 767
414 215
285 782
491 409
361 800
421 281
129 619
245 734
763 321
48 717
614 791
611 710
663 179
780 738
131 644
322 466
47 280
805 538
691 375
348 78
520 334
377 442
175 78
134 720
71 762
341 410
509 743
61 634
802 157
561 174
439 670
268 777
733 541
339 736
425 619
402 179
520 513
475 73
252 33
661 534
84 130
260 614
385 199
308 357
694 785
646 814
812 748
798 610
196 391
818 414
599 596
162 286
705 641
120 477
76 411
203 477
24 641
424 248
592 683
578 219
64 211
304 309
258 257
794 315
806 66
642 25
6 360
340 158
557 339
260 240
459 710
548 154
216 274
717 104
442 54
451 721
795 112
200 82
278 332
216 590
798 368
528 450
485 376
563 238
797 526
442 420
618 813
787 731
505 349
613 274
45 555
78 72
519 125
236 516
599 124
630 654
311 227
402 428
187 201
619 526
600 127
49 283
791 592
759 723
454 619
65 62
83 647
740 514
245 353
313 201
796 376
86 632
343 410
776 401
714 114
113 748
392 677
202 456
816 684
24 634
11 532
105 410
341 76
666 658
143 314
118 598
551 539
193 325
483 803
74 554
343 104
231 241
152 228
304 64
43 312
175 516
173 573
707 408
135 381
322 589
510 786
66 708
664 246
382 664
719 676
226 490
81 73
317 293
259 118
536 740
194 353
286 46
450 329
503 372
121 751
428 491
676 799
229 665
458 676
365 219
487 541
245 221
367 551
470 60
709 277
600 286
437 562
476 421
11 346
152 692
288 19
20 189
729 642
289 110
580 445
318 747
751 729
43 173
338 794
327 260
705 49
426 750
753 508
452 566
614 747
61 118
595 40
477 112
181 252
525 792
606 374
729 24
622 311
385 15
442 818
140 620
509 386
224 607
525 368
135 147
442 447
613 813
254 138
690 387
596 134
114 376
489 258
437 529
446 687
379 119
11 178
313 184
606 325
590 475
415 776
270 808
602 340
215 21
771 305
587 404
710 152
728 254
201 810
477 593
144 323
328 102
602 304
455 557
537 34
541 372
225 588
402 579
798 392
285 512
554 579
351 63
400 273
661 492
640 452
711 83
7 450
776 67
675 393
213 239
474 266
681 395
621 223
724 681
497 453
647 341
207 289
461 788
159 415
585 217
611 259
39 63
93 67
372 431
763 545
284 698
640 772
144 736
188 456
524 339
471 387
255 242
88 435
135 268
34 684
278 331
694 649
162 717
791 179
178 803
417 8
589 606
697 217
168 475
557 637
532 60
164 29
252 266
363 366
33 748
537 314
234 533
486 93
578 68
350 434
96 711
20 634
319 445
785 184
367 201
199 363
313 511
726 194
751 52
57 253
384 0
328 781
690 437
630 760
473 234
615 678
172 726
300 700
97 142
808 41
385 367
295 460
485 329
802 540
117 439
740 532
99 662
272 139
93 264
199 229
753 468
356 387
185 709
176 403
193 395
332 456
412 358
51 515
798 652
358 125
367 818
270 60
86 264
681 695
554 399
459 668
538 495
745 205
557 458
226 706
618 110
572 709
5 94
4 11
42 310
24 51
470 118
629 724
363 815
807 664
598 530
339 105
305 270
403 774
356 324
697 411
772 119
797 202
620 103
32 450
483 817
65 462
445 697
800 220
608 661
764 683
73 359
262 572
19 805
702 172
552 293
716 129
125 770
487 150
452 385
574 99
673 195
757 124
95 635
127 317
694 244
762 756
68 241
543 641
491 579
210 514
442 48
614 560
9 390
730 792
343 194
489 287
589 411
315 289
349 202
180 650
52 213
651 213
296 475
348 236
18 421
37 671
73 495
740 322
600 585
351 664
302 85
359 791
24 801
549 316
745 436
147 196
324 337
119 230
534 361
227 196
269 314
725 692
197 280
250 554
721 444
117 453
527 337
520 112
694 16
373 658
366 591
167 497
288 248
189 359
166 658
155 391
432 532
339 136
453 733
24 640
505 496
672 98
109 482
85 101
224 701
541 261
178 505
242 475
288 120
755 176
423 571
48 638
636 75
99 83
414 673
794 740
389 627
300 33
223 117
437 44
239 406
598 26
512 173
131 144
248 797
572 631
629 285
208 477
23 487
419 71
694 137
274 788
291 665
114 112
120 212
727 641
261 511
137 162
685 207
505 354
495 403
647 551
521 163
444 404
746 733
344 87
83 61
443 68
417 93
483 100
761 530
523 256
768 207
16 772
289 69
601 491
616 729
181 630
287 391
434 385
508 581
290 123
453 524
314 734
695 464
53 289
486 437
464 683
584 229
187 729
181 103
686 479
46 484
186 113
620 642
135 463
311 721
354 350
462 757
343 535
49 202
521 400
806 588
667 342
540 448
82 258
735 34
157 416
724 223
683 564
34 526
719 390
657 345
591 326
628 223
88 169
29 17
578 247
166 49
787 256
530 103
187 211
510 99
72 252
74 38
704 36
203 283
636 227
538 310
447 317
545 61
676 735
678 799
332 356
596 689
277 766
745 363
407 279
574 543
706 746
199 181
33 393
351 714
261 716
688 377
793 570
559 169
306 815
260 431
30 97
206 559
214 539
409 601
224 175
428 124
690 14
714 628
549 70
108 490
215 610
453 801
628 373
625 640
89 107
559 282
565 389
388 120
768 105
636 715
550 473
248 727
754 252
737 513
448 135
589 146
575 470
710 82
420 691
146 760
426 189
22 475
800 23
692 702
548 137
67 80
580 177
511 571
18 347
91 525
523 819
233 372
628 462
246 487
508 699
103 779
64 186
9 331
630 378
362 99
425 279
663 803
61 421
624 17
596 196
441 450
713 263
276 480
34 290
95 490
700 114
465 10
666 707
93 75
692 431
80 571
722 567
595 68
703 180
