700 2000
113 491
438 558
676 408
607 266
660 545
349 380
253 520
467 534
17 169
291 590
228 463
80 253
162 62
640 484
419 144
55 285
512 385
133 321
92 66
615 99
270 293
96 314
528 600
154 546
383 117
110 656
198 522
318 12
324 194
413 697
251 190
77 635
8 426
289 478
164 248
179 261
284 527
151 543
671 390
523 45
287 521
669 563
38 161
699 109
504 222
155 427
598 175
577 98
514 87
26 201
544 622
341 543
252 608
640 298
210 21
312 443
112 209
289 315
252 136
181 668
622 6
11 566
358 114
451 441
161 241
614 627
110 696
14 373
139 449
598 621
690 692
666 673
666 123
377 186
169 152
434 72
655 468
654 618
299 45
261 53
153 148
372 528
316 20
75 516
5 255
477 69
455 623
384 658
680 586
501 530
553 635
522 124
359 240
581 522
485 541
90 225
424 304
45 68
117 427
476 647
382 532
553 389
152 141
633 36
451 600
569 473
602 242
177 230
490 693
588 261
160 454
145 654
677 48
127 443
262 635
152 361
641 361
434 90
518 264
470 435
364 87
264 284
85 81
620 489
591 303
505 428
170 393
315 621
477 256
393 379
87 508
385 62
667 337
3 4
164 9
638 133
534 304
40 515
191 524
612 100
622 682
126 293
332 528
106 280
36 385
551 294
660 392
654 509
220 75
80 559
204 144
38 67
393 311
81 695
330 144
284 463
520 212
104 366
598 388
667 53
369 687
656 621
672 322
99 103
545 505
106 656
282 376
553 20
678 438
18 210
566 687
285 615
367 578
576 374
479 261
415 577
25 440
245 243
88 575
30 164
8 407
45 676
167 72
432 54
171 217
517 93
107 271
297 143
565 148
342 31
188 52
92 345
542 378
245 399
651 552
392 225
536 615
240 302
495 73
78 447
385 492
275 72
445 443
9 607
443 274
267 660
134 59
159 157
39 577
7 674
385 159
32 362
184 594
353 652
192 130
380 520
690 19
317 303
535 365
598 382
54 105
632 21
611 435
283 658
109 322
353 656
76 624
481 470
405 195
536 361
615 315
132 45
314 102
600 474
506 312
514 402
442 237
123 313
382 614
440 563
238 639
238 8
500 11
77 310
558 529
334 240
267 334
455 285
194 538
570 205
4 230
599 505
80 188
579 106
525 544
466 572
679 201
589 470
106 72
581 648
158 10
91 281
671 36
499 225
561 247
518 346
52 565
88 339
61 94
245 548
291 153
19 264
398 134
531 410
627 142
358 342
443 576
220 637
656 377
532 626
460 309
512 42
590 351
273 78
595 68
152 509
214 235
344 540
22 54
373 272
128 137
103 577
421 419
398 396
583 562
65 578
528 276
315 306
345 281
95 639
459 183
47 591
222 361
662 652
238 135
554 288
386 218
373 309
630 197
663 173
601 235
506 62
100 137
88 269
536 254
286 401
330 123
154 551
372 59
4 353
223 31
79 322
355 117
179 300
675 596
634 621
558 193
214 118
174 198
66 694
614 546
111 575
44 367
344 532
618 366
322 242
311 666
111 415
157 269
677 448
6 159
504 69
607 65
339 554
565 66
512 456
259 695
345 518
97 696
436 584
437 645
71 506
303 278
309 641
306 538
633 497
671 188
349 199
172 581
130 581
472 323
534 46
601 187
179 258
335 507
187 340
645 329
497 372
360 248
618 214
341 663
229 146
606 442
491 519
334 578
304 416
472 597
625 424
519 102
669 105
99 576
604 694
129 579
562 126
378 130
265 215
299 492
88 425
157 584
141 570
670 350
617 245
321 167
233 689
59 662
152 608
298 497
168 522
552 418
51 202
469 543
616 7
282 622
450 253
92 672
213 495
441 208
559 310
472 185
646 412
249 190
75 423
287 498
486 134
431 569
27 215
554 355
312 131
213 314
62 523
653 438
130 109
141 318
170 515
73 129
197 632
246 696
249 171
694 191
129 335
327 239
161 56
186 463
415 434
526 180
454 499
293 229
247 285
621 46
3 267
352 121
236 116
158 480
301 52
399 126
486 503
355 8
586 85
577 405
319 622
409 495
391 414
241 383
228 485
699 342
493 197
641 100
360 355
135 227
106 541
259 277
638 103
612 74
68 113
180 430
383 559
225 379
155 70
348 374
35 649
327 388
461 25
515 379
482 102
384 656
30 545
525 446
115 358
81 287
642 196
537 323
203 55
252 303
212 190
522 251
6 666
311 504
371 585
179 60
423 285
232 341
485 650
186 147
213 299
238 7
610 199
118 337
321 174
348 51
466 366
149 630
633 585
481 447
420 73
395 286
199 487
456 443
229 682
690 396
188 209
575 89
447 557
227 444
332 623
427 40
106 31
307 345
480 343
433 490
291 140
168 665
509 241
457 61
131 540
605 643
345 337
339 434
627 315
565 271
171 303
478 371
136 216
416 396
617 499
622 517
207 683
137 253
165 293
223 420
49 166
679 312
308 200
500 693
203 111
364 313
317 226
462 264
574 561
202 40
135 25
533 147
225 505
414 357
176 146
98 672
506 321
619 447
547 390
302 92
400 466
333 315
644 140
327 662
292 470
595 459
501 361
590 154
19 175
313 62
117 615
437 34
90 689
284 357
515 411
512 143
365 268
15 96
446 21
321 489
677 498
657 256
269 186
269 69
81 348
565 38
650 379
223 455
521 573
654 235
236 485
576 342
202 665
291 227
189 173
8 16
578 454
426 180
306 431
407 358
570 532
386 181
203 78
667 613
511 165
524 375
49 683
541 91
2 210
157 475
549 421
285 669
7 512
167 75
223 303
644 184
319 584
405 148
201 249
431 494
331 439
361 367
322 185
366 7
333 77
148 278
413 653
235 241
353 293
147 548
62 14
536 370
167 332
602 50
502 380
107 21
388 459
205 249
361 540
243 99
446 271
421 169
58 637
699 341
658 17
351 211
113 393
70 490
494 566
526 244
54 607
454 226
474 668
597 360
483 314
548 191
25 394
359 446
680 193
290 418
115 492
85 540
84 155
499 189
235 547
425 261
347 120
369 4
257 173
627 177
447 666
306 136
59 648
259 163
639 485
267 423
0 182
677 399
682 164
507 567
482 469
635 284
604 486
74 334
186 39
659 367
298 404
300 569
276 586
244 324
69 164
313 401
393 605
501 617
361 413
199 605
584 336
232 477
343 644
366 246
267 36
244 390
243 689
333 128
158 558
349 133
608 639
454 157
332 653
298 359
302 197
490 558
284 313
27 111
681 357
277 302
178 248
126 156
171 479
294 52
512 436
527 3
189 637
178 665
13 33
272 321
542 103
157 301
52 308
511 486
287 172
243 573
664 683
443 385
538 510
496 372
31 129
617 68
167 661
46 490
100 372
565 309
181 492
537 103
67 124
194 604
545 646
690 123
410 521
656 541
309 578
149 551
440 608
188 587
181 35
431 91
200 136
484 46
400 206
233 91
274 474
100 181
219 676
124 543
253 340
544 472
33 311
394 175
68 154
127 377
448 400
200 417
439 387
402 254
221 136
61 232
611 664
301 107
291 585
321 46
266 356
474 373
72 297
293 109
99 600
282 255
674 248
17 575
13 213
263 126
122 592
73 665
696 18
603 199
253 637
244 270
631 433
68 279
531 651
72 523
653 290
493 204
471 177
460 103
506 168
515 658
624 500
202 670
45 139
674 433
496 615
697 645
129 55
18 25
535 274
355 361
281 54
450 234
513 161
561 504
193 254
699 570
670 464
83 659
632 454
191 611
445 177
121 78
93 357
513 109
339 559
381 244
38 514
363 56
233 355
533 660
256 331
444 165
154 388
337 379
18 11
61 332
36 493
201 133
90 242
142 435
106 203
320 95
295 172
610 263
671 137
344 606
633 275
666 442
64 188
351 459
611 679
145 377
691 125
44 351
329 453
190 205
350 340
48 237
138 60
627 347
463 166
239 369
623 35
130 104
399 71
512 648
594 479
180 481
331 591
137 158
126 259
427 239
485 199
396 280
654 249
523 210
33 637
133 497
182 387
58 405
431 480
82 34
688 75
55 249
57 561
308 400
384 201
131 291
578 419
405 622
603 285
333 112
199 275
390 539
668 418
42 684
470 76
149 464
402 669
7 190
518 199
193 229
52 492
447 165
652 214
340 496
171 695
179 215
235 641
570 211
512 503
623 549
124 243
168 493
679 645
242 107
354 352
4 68
293 480
614 639
223 178
62 71
291 674
590 113
651 124
99 658
538 172
423 145
201 241
598 41
64 426
289 661
527 635
127 642
329 520
390 479
646 513
254 561
528 376
594 298
540 140
105 331
526 325
78 653
97 92
191 88
619 358
0 13
614 488
221 480
157 594
49 672
661 383
371 218
8 497
229 145
567 152
144 571
207 598
643 98
650 221
531 8
222 0
470 663
602 104
174 594
441 188
680 50
585 472
27 307
220 157
435 221
504 368
262 593
71 570
297 195
578 496
153 499
321 615
318 248
232 180
425 373
343 17
21 420
498 624
161 177
435 206
48 134
295 277
296 582
422 387
375 589
346 600
698 602
311 16
451 198
284 260
36 265
490 300
424 209
274 637
451 259
515 11
300 292
61 389
327 514
42 1
676 263
49 464
248 641
490 696
100 246
18 105
627 402
505 340
621 403
183 542
414 48
43 294
523 231
631 319
259 559
12 553
676 48
554 302
693 195
284 146
156 82
155 360
613 509
310 333
246 48
116 6
209 400
589 392
143 215
379 380
86 410
354 149
391 283
622 484
528 88
54 116
582 232
600 21
532 97
102 49
404 336
118 271
398 10
128 114
635 220
392 97
411 491
542 425
48 630
189 137
81 470
614 443
303 215
601 670
698 187
443 679
178 667
325 99
316 510
13 499
555 653
578 46
408 139
502 364
321 396
667 26
583 78
180 377
275 522
496 351
601 580
416 294
405 15
162 638
123 682
457 141
172 215
365 493
639 531
381 71
610 489
540 285
488 465
508 40
548 92
102 14
457 498
564 659
111 7
370 165
528 289
658 472
406 108
296 310
585 502
243 630
315 22
485 240
566 510
422 391
212 681
673 550
241 655
210 114
191 658
417 444
45 610
92 170
184 588
637 250
426 575
462 87
589 410
196 305
115 458
459 511
370 320
16 532
480 635
405 592
695 45
614 651
286 666
312 589
697 518
378 521
281 683
295 236
191 589
102 558
180 30
594 644
182 103
147 335
505 236
610 351
389 487
69 559
178 507
318 232
384 471
43 564
396 59
187 280
27 520
29 270
389 365
75 346
83 104
1 175
400 595
547 13
390 665
426 51
535 222
492 616
41 6
506 689
257 284
83 416
197 524
329 190
476 77
276 519
468 369
471 198
341 504
691 291
122 285
478 91
261 400
296 80
264 201
692 547
422 279
316 231
330 676
323 496
600 601
376 56
470 643
274 245
148 692
462 586
205 286
93 372
349 107
426 617
257 655
198 574
588 523
182 367
94 445
100 138
182 80
170 365
369 53
201 262
114 507
280 599
236 548
53 480
534 610
109 143
305 222
425 500
74 429
377 40
107 115
106 691
100 116
389 59
499 29
4 192
444 646
686 428
302 579
461 660
0 688
21 575
249 695
416 412
11 167
447 602
317 673
82 408
152 266
271 154
585 490
321 162
207 301
565 242
71 674
238 474
600 542
307 364
349 356
350 348
257 541
388 409
669 538
442 605
152 512
490 171
407 303
634 660
491 234
392 166
361 84
452 394
641 617
418 519
555 585
587 671
133 114
326 163
626 241
248 388
241 588
218 116
623 28
415 488
361 62
121 278
693 71
196 674
199 95
212 631
246 676
219 457
614 618
92 612
44 484
325 566
385 412
150 560
436 278
661 456
222 549
76 442
501 517
90 692
400 89
618 629
454 95
500 367
458 336
453 400
273 83
510 649
332 671
369 178
118 567
679 307
209 40
465 70
579 354
4 355
637 379
611 353
444 639
459 646
623 173
71 621
375 115
115 645
405 185
460 591
176 554
4 370
328 425
570 169
603 634
597 111
45 535
215 417
36 55
166 679
431 230
137 374
203 158
166 139
283 112
375 186
108 659
347 574
181 374
682 208
495 150
653 383
366 149
213 77
642 165
192 521
343 335
374 414
434 684
359 265
484 9
189 454
233 624
320 651
0 295
106 474
671 305
567 272
159 80
527 470
330 430
253 171
47 242
582 492
202 25
412 124
19 144
138 350
500 618
662 521
16 446
99 601
173 575
433 371
288 67
540 189
490 577
526 681
52 553
141 574
148 645
243 682
65 500
241 660
670 409
82 223
530 175
683 561
349 500
67 190
151 95
356 31
589 415
617 450
302 330
140 699
426 113
409 339
217 325
466 445
615 337
578 398
450 501
94 335
64 637
393 488
534 509
635 14
99 384
583 651
390 78
546 651
13 678
51 646
300 656
145 337
345 121
550 175
189 668
597 90
167 227
574 414
506 23
132 19
33 551
328 628
398 296
471 247
165 213
74 216
132 461
383 637
648 226
307 571
465 645
516 464
652 675
559 509
99 539
277 171
1 645
133 46
585 355
148 138
285 618
484 695
548 184
288 611
531 217
207 311
349 62
71 562
460 222
395 559
552 367
549 119
607 185
229 331
504 570
193 371
409 292
74 558
186 551
274 386
145 150
93 614
645 422
195 673
414 244
419 357
29 49
331 57
10 226
101 481
379 528
659 440
276 440
539 389
62 169
90 239
570 368
332 586
308 3
436 284
554 225
236 326
295 15
547 69
644 227
42 615
535 419
310 21
20 544
339 155
100 574
159 354
525 585
461 123
412 280
406 297
308 229
370 72
262 378
636 153
496 405
112 495
505 470
377 66
378 287
316 469
318 231
349 612
328 660
25 502
593 281
167 366
437 97
649 517
654 404
583 139
530 59
280 331
108 50
625 113
276 6
162 220
361 349
415 646
284 240
595 177
430 88
684 230
183 637
663 59
334 402
676 368
252 664
623 344
418 233
18 473
543 152
597 398
296 509
81 502
263 599
320 344
31 645
312 159
376 549
312 533
403 16
357 339
87 574
463 253
102 101
260 131
73 243
42 72
621 431
310 142
82 616
256 248
683 471
369 136
591 12
514 464
393 253
668 443
226 169
304 6
618 255
527 203
682 588
395 438
541 3
130 344
35 553
501 84
432 536
536 286
337 400
593 693
168 120
197 427
451 531
425 200
466 538
279 267
356 456
218 14
608 222
67 151
182 231
664 81
87 594
98 528
699 447
25 136
135 20
672 439
619 344
392 670
417 456
479 498
82 374
546 616
695 184
511 322
491 71
577 314
645 23
120 99
330 204
605 556
573 290
578 285
512 388
542 234
576 201
233 484
73 271
105 246
273 623
60 193
537 387
644 125
605 636
510 536
306 239
494 301
547 49
252 340
55 633
383 98
423 690
291 351
537 162
354 694
518 18
266 377
327 31
117 616
64 272
545 443
634 237
509 426
444 52
55 436
295 377
105 215
697 434
340 332
581 446
518 418
30 390
140 7
447 477
574 472
234 327
671 17
170 23
249 313
686 575
656 646
310 348
629 418
71 102
359 272
438 310
690 342
626 95
670 311
422 222
671 273
98 546
211 547
84 283
446 694
97 56
225 433
17 539
528 217
241 668
192 228
276 570
212 240
301 129
597 233
395 165
491 352
226 497
538 286
124 144
20 318
51 500
227 576
83 154
633 411
277 664
314 220
539 537
544 150
154 24
35 665
204 480
545 687
625 95
0 70
504 207
573 386
580 166
285 95
534 661
179 362
426 83
416 605
281 443
666 160
140 65
23 516
659 237
515 291
133 13
255 40
591 637
17 79
494 497
113 139
682 180
421 431
35 489
374 362
272 486
18 576
678 296
492 604
518 80
266 611
452 69
580 92
572 487
201 233
225 510
480 197
548 403
501 192
297 203
2 242
455 364
337 325
175 229
506 11
454 299
665 277
295 539
378 403
671 513
645 397
187 612
596 518
684 413
23 103
470 125
349 556
52 175
445 340
326 82
204 491
400 35
644 651
573 657
538 72
662 681
510 125
81 463
497 58
102 18
634 11
403 407
9 59
659 79
387 666
84 667
115 70
148 592
370 160
391 399
386 31
17 433
192 379
587 660
149 563
481 43
10 655
626 236
98 436
71 651
114 348
394 107
682 428
268 507
617 469
295 124
570 25
19 193
604 417
298 161
470 78
105 453
130 617
618 512
560 336
665 292
256 599
156 30
571 523
438 559
270 65
498 641
495 566
591 50
360 435
354 13
372 40
476 409
265 468
133 65
638 166
566 314
509 474
682 665
124 547
323 348
536 117
37 78
25 146
101 369
184 284
76 388
157 71
323 556
406 456
567 490
279 338
133 460
349 560
22 100
692 676
446 200
397 596
183 314
137 382
349 350
418 340
84 208
325 635
392 382
289 361
253 282
40 421
463 476
672 432
466 237
368 66
387 317
680 156
201 101
35 554
463 337
446 684
317 585
559 270
389 30
570 633
170 588
195 264
492 649
42 7
388 135
399 525
63 570
583 25
657 47
571 600
682 171
413 268
36 611
394 405
475 503
616 474
209 565
699 322
235 651
183 587
381 447
114 59
570 620
307 106
318 176
346 26
438 669
412 491
284 101
589 278
243 235
482 486
617 510
267 273
357 204
4 319
359 641
621 243
171 452
493 290
341 375
458 176
183 604
96 215
649 231
174 447
382 29
328 268
304 664
60 358
370 381
24 612
79 29
59 15
496 421
577 482
674 494
479 128
179 308
75 254
540 323
471 485
40 352
605 546
631 109
413 448
525 362
464 223
140 98
109 427
448 255
226 394
683 217
604 68
21 300
612 64
251 456
5 304
587 74
596 355
419 136
164 609
16 314
31 68
580 158
186 70
74 142
168 467
463 247
244 415
68 152
292 629
314 540
163 91
503 104
28 418
393 501
443 615
16 36
510 359
176 551
223 350
541 49
225 539
286 357
423 189
326 422
352 693
38 235
375 253
584 533
205 489
563 377
571 674
303 563
48 247
153 120
375 405
345 656
537 225
232 25
489 276
229 467
429 104
532 245
593 158
