1800 1000
1650 1692
536 633
1377 1096
894 443
1419 1747
647 728
1528 520
166 441
883 165
811 814
460 727
1077 1610
1146 1458
472 301
1417 253
1457 1155
1345 791
1012 1487
1243 402
1468 46
967 1479
599 1006
1539 1210
591 626
1194 172
640 628
1552 174
889 1215
1050 1531
820 1291
765 1442
573 1400
6 914
263 668
1032 1515
1629 1252
785 1009
1362 555
258 83
670 1581
284 49
768 1074
738 559
1249 1062
1274 1284
1529 1329
1250 813
888 880
1442 1511
1589 1103
5 842
1457 1322
252 1787
158 346
452 1040
1492 671
1587 327
41 340
667 1000
1102 166
700 1146
401 1695
1386 718
650 719
279 1716
433 1214
1455 19
946 1282
1287 1054
923 551
199 1571
961 140
1118 710
1664 1555
1705 535
1322 1338
1703 1255
1530 1397
1380 1739
793 1550
1300 1179
1520 477
50 1156
1303 254
323 68
671 1328
36 960
801 932
1611 186
1441 1347
499 294
183 373
1543 525
1794 1031
89 1190
432 967
950 629
333 375
421 581
126 1185
163 98
843 1743
82 1355
421 1268
1795 811
1173 1310
1276 1052
230 1744
31 1785
1179 840
927 1672
50 1564
261 656
1521 1121
1212 1081
205 561
1467 274
767 1083
1415 1751
569 1600
1038 1151
1651 274
468 961
497 615
1134 332
1539 160
239 246
485 33
1446 949
303 979
1454 441
554 1695
761 1566
1111 203
1731 1720
699 1603
208 912
160 915
1058 1115
424 62
732 119
1527 1338
263 667
1601 893
497 566
1650 1625
616 193
1269 954
1572 915
666 1667
1202 1570
927 301
653 527
1115 311
297 1722
246 898
518 1279
246 1464
1353 870
1153 1349
1272 1456
145 1240
983 86
177 849
124 434
1172 604
97 116
1350 739
331 434
435 1356
1154 1059
1002 972
1401 600
566 1712
586 1735
867 998
418 228
184 372
953 425
538 332
878 635
679 230
510 1062
1202 1548
162 982
828 293
1382 654
1661 715
1580 1633
922 915
1111 684
371 1252
85 752
775 1650
1273 1507
156 671
348 1447
859 742
1518 165
1450 1379
1185 713
1085 332
483 46
1571 627
1628 491
851 521
1440 529
1382 929
142 1030
1153 801
809 934
252 721
612 1593
94 235
1504 749
897 1653
236 790
64 1361
1549 1720
1007 364
1506 1000
339 1487
416 1143
319 44
453 1377
339 731
485 1250
47 108
855 1402
181 1773
216 737
1333 1038
709 1645
8 209
1686 263
233 1493
782 787
860 1095
725 509
1406 541
875 703
1052 258
1778 311
970 1223
1490 1769
381 473
383 1585
1236 1759
1640 302
1445 393
517 255
1346 1301
826 1420
1037 871
656 597
1163 1018
1567 930
1598 876
4 1530
1028 898
75 572
224 697
1497 914
1710 275
177 860
313 1100
1774 772
1298 795
142 1388
20 765
1523 1768
1275 1382
491 402
1387 794
567 1424
429 1571
1740 89
324 1052
858 81
1061 1533
551 504
389 687
1692 32
441 1128
256 1024
531 811
1526 545
437 579
1093 632
1217 1019
496 847
359 522
1453 288
1193 687
1695 1736
1066 1636
1088 1655
917 81
1691 1253
1563 873
107 1022
1410 923
628 320
607 1368
1065 1511
963 671
1096 1280
1530 990
759 101
1305 475
1499 1386
330 327
833 1320
151 928
1625 1473
93 488
610 1606
1393 14
1212 302
270 115
386 1748
1071 291
42 1491
1502 823
1574 1221
15 419
1066 827
1640 1080
1534 274
1472 1033
715 1491
559 1587
1696 585
1652 586
1408 1484
1696 674
1277 1298
721 291
647 1295
417 1205
1540 29
392 1047
484 533
1447 532
1434 1580
1129 1264
1057 1046
1118 684
68 1758
1213 1367
1192 356
906 1047
562 696
1730 512
374 768
933 390
1441 215
788 1625
1322 1567
1555 805
336 1184
1027 1366
1129 1245
1423 1763
1109 143
1649 713
535 1341
624 1252
1651 186
1050 884
1443 1613
1734 263
886 631
897 285
1101 1412
1365 132
1343 1407
949 655
1224 1412
88 1616
912 712
59 1702
1669 1756
153 1040
204 1074
1749 17
1548 1418
82 1761
1257 186
266 1214
1667 332
78 455
1477 8
1415 1736
482 1421
822 414
1045 1717
792 877
477 894
624 583
1051 174
700 81
1498 46
1121 1095
984 308
1240 870
363 1174
940 1752
1745 1623
504 200
1008 1531
453 1140
34 772
1197 55
783 442
498 834
817 944
1653 19
1262 1021
1304 179
91 829
1102 767
1799 1686
745 712
1145 880
1285 1582
1231 448
502 886
1666 765
1086 301
528 481
1361 1317
500 1470
1036 769
915 1240
251 559
1405 1359
455 255
632 879
469 453
1301 1287
1258 1198
688 926
1763 1220
1298 736
1512 1167
1585 928
854 1554
1512 1389
1551 456
764 277
1765 1170
209 1516
1323 1568
1043 1544
1797 710
344 1470
1040 541
4 64
32 734
541 249
804 988
777 551
192 1534
802 1591
312 1626
1073 1064
686 1476
272 1628
243 1212
1056 927
677 1
573 1298
842 1536
1324 150
407 551
1751 652
708 634
1087 1083
762 1777
265 1162
1344 769
1542 1081
1384 174
507 1055
805 301
309 504
924 1774
1751 1614
531 1447
512 203
310 595
253 1726
377 1009
729 1314
1658 1412
1117 1243
1310 1647
151 1485
556 689
1635 369
1792 531
331 525
1509 1622
20 1736
906 915
1089 272
953 475
153 613
681 1763
1083 1569
663 1756
1580 597
624 909
219 1211
1403 426
1184 1193
937 269
977 534
502 1760
65 702
1610 1433
282 827
332 1096
175 613
1256 268
1545 359
1606 650
1433 120
1095 1212
1397 246
996 838
1168 1608
1209 1106
900 228
1059 1332
636 631
660 337
627 776
540 219
859 904
1476 971
615 234
451 1614
669 1548
423 739
363 967
384 1636
979 548
1575 1577
1495 1530
4 250
1341 464
1011 595
1575 900
1190 1784
1763 297
517 1307
1469 401
510 221
351 839
1635 220
37 199
308 28
1409 967
218 921
104 101
1057 1351
764 779
383 1288
1297 686
264 901
391 1797
255 1307
930 1749
1279 1069
1659 917
1025 195
237 1662
142 495
708 1194
1573 529
1786 607
322 1111
839 121
636 362
610 837
677 630
1617 312
519 1573
883 1248
984 1231
99 1390
910 1222
1126 408
171 1363
1443 716
1480 515
1375 1310
269 1308
527 41
236 66
845 1345
330 805
691 889
608 1615
1450 180
900 70
853 548
1703 924
1180 470
926 158
841 44
854 1593
132 1555
1116 1127
497 1657
1387 114
303 491
87 1521
522 191
932 20
749 1015
150 1676
557 1380
553 1609
1134 1708
1556 288
250 917
616 1745
1380 399
1242 1443
1205 1435
1571 300
1352 1667
1289 121
15 959
1513 1534
714 145
460 618
966 1259
1709 1077
201 93
998 864
1521 284
1764 326
1055 60
744 940
842 742
1114 474
1498 421
856 1377
1681 1706
1268 441
182 299
909 1777
218 161
225 1657
1555 1231
291 1363
574 196
1005 1601
661 1461
1326 394
926 1052
1308 754
1319 1603
1423 409
479 759
559 1111
398 718
811 1147
128 646
434 854
162 1724
674 1765
286 1615
882 864
1008 971
445 277
802 345
290 155
1113 780
196 976
1292 298
1619 931
781 226
906 1112
1351 548
516 337
1721 1585
538 1451
1669 1043
448 562
144 1596
790 1554
551 357
1258 895
1531 146
1744 1518
604 678
1038 280
25 534
147 242
1000 1049
773 70
223 95
231 479
611 1005
139 1671
1256 250
812 984
230 306
808 584
739 1082
1348 1
358 1576
1208 1149
592 1478
263 247
359 113
1236 1445
290 1517
452 1697
1064 57
1348 433
1213 571
679 760
1182 163
330 270
530 1292
1366 1511
1481 754
1213 516
385 630
1601 551
838 1575
1370 731
872 1236
408 273
31 990
970 165
1027 408
353 677
831 33
1619 618
359 1591
1601 1238
1411 1566
847 183
1333 313
638 154
323 7
1165 72
31 870
1179 504
1421 1261
385 1593
681 314
308 1295
405 670
1316 1127
567 1701
461 822
199 1554
542 212
1542 1022
374 1576
623 111
1274 1086
1401 462
476 718
82 1004
540 1781
475 137
1357 1126
1125 1092
1065 243
1404 1110
1614 1078
1564 34
1069 939
423 1657
546 1099
755 1348
1766 1307
137 422
789 1367
626 668
457 967
1407 584
1159 1105
909 114
823 285
1377 792
1609 1005
1491 1765
1220 907
775 57
1604 1786
155 1527
1047 1555
218 1092
1401 800
951 1731
1781 1120
1015 356
1038 503
1212 1681
1008 370
437 1624
447 614
644 1395
467 652
515 147
1774 128
1254 1631
841 456
1008 1400
791 1126
1755 1170
782 1235
524 1315
1466 1173
476 1398
750 798
1781 816
1686 1414
501 809
1135 1331
1019 978
382 1628
382 1360
33 708
1421 1726
993 1513
1729 1607
1639 1649
416 997
484 260
645 1039
956 819
738 101
1684 619
1632 598
616 877
1626 178
1554 1572
266 1508
1493 869
1489 682
518 1698
48 1666
61 12
854 1739
1120 1012
1361 216
1363 534
716 521
11 1708
313 1531
1658 640
464 686
1430 1401
899 391
905 1488
1160 268
954 288
1715 1543
492 1405
1382 1153
115 410
687 59
671 1014
1464 888
990 1252
525 1209
782 1254
1685 205
643 150
1767 651
1086 309
144 363
1534 209
1068 1124
1372 1302
176 1119
837 1188
989 1208
903 146
805 1417
1571 288
82 867
1439 1658
439 1412
1339 886
624 706
217 743
1433 1103
1588 1182
1775 900
397 1732
1542 152
778 39
588 148
1137 1001
1557 392
454 408
1270 1170
1040 1079
20 150
999 834
1549 1189
69 367
1199 621
1577 219
642 1381
314 1618
87 1051
429 916
554 796
1352 689
283 889
1006 1037
1705 1303
1247 274
276 1217
1322 191
603 362
876 491
1132 1778
1661 507
786 1281
410 800
1035 1360
654 987
41 1452
1475 307
1776 1526
1339 1545
1229 1786
1785 600
1253 219
427 1168
410 1242
280 931
270 1788
178 76
175 1119
523 1791
75 434
227 438
563 420
1642 1188
1508 1613
1171 1204
718 1506
1672 1210
656 16
758 1214
1062 564
1643 338
986 307
1259 94
987 386
1630 1013
968 543
376 208
837 681
1551 1025
109 1601
1115 243
402 572
723 1306
800 929
977 811
575 1218
411 1429
1093 1079
207 1074
481 1134
942 650
417 1217
517 1674
1031 832
1481 39
1070 1788
669 145
251 1521
1693 1581
105 1485
1436 509
1575 1029
185 148
1604 1005
538 878
1100 1767
1324 1790
1664 738
5 1644
