800 500
684 596
361 455
157 444
259 528
313 96
97 431
350 704
98 187
608 204
596 571
9 285
694 125
422 161
86 596
500 459
495 469
369 740
490 330
600 729
696 244
85 754
148 748
232 257
479 98
769 692
585 771
196 154
371 122
765 745
8 360
746 315
250 730
532 748
42 715
53 715
198 202
13 747
16 510
269 232
566 316
684 232
14 678
40 764
391 405
4 632
136 8
617 26
645 704
717 163
378 244
413 136
748 640
703 765
311 447
661 686
140 779
597 256
713 458
109 732
510 363
114 430
320 429
675 525
134 553
516 735
750 629
284 322
263 757
673 57
409 275
558 687
707 674
454 757
102 761
607 150
352 173
479 80
473 642
630 756
141 521
383 486
463 198
617 303
680 305
324 299
759 724
517 229
404 130
755 380
27 716
21 649
418 102
188 682
718 417
337 165
70 527
492 710
579 739
412 593
31 207
544 739
584 545
783 765
442 243
22 543
646 686
273 784
29 88
31 529
22 787
39 271
102 651
477 632
643 588
779 560
192 121
780 569
779 449
703 287
704 432
35 186
407 575
413 778
319 35
568 407
557 184
645 15
3 1
644 656
603 772
363 584
543 172
92 668
435 280
21 463
172 189
563 688
79 105
48 457
775 134
798 130
296 93
632 451
395 660
511 448
742 512
312 601
781 679
179 388
546 756
668 213
769 46
513 793
329 487
783 85
347 60
422 451
497 658
746 478
10 655
371 678
589 158
534 526
679 70
767 595
733 356
755 520
266 190
238 652
153 627
459 174
146 34
73 388
208 364
66 440
751 25
181 735
534 463
621 599
222 614
776 568
153 521
360 80
212 14
663 548
74 758
736 116
15 322
494 275
88 585
87 645
146 797
603 795
742 4
152 222
558 157
162 608
439 55
139 655
481 652
739 168
229 397
666 344
546 451
189 669
236 10
671 236
145 71
414 377
325 337
445 369
718 136
128 179
671 596
739 583
650 713
154 321
758 410
687 582
577 105
566 304
676 2
482 454
366 349
211 113
371 595
425 125
594 773
628 729
395 686
531 751
352 455
296 292
271 790
786 762
2 68
156 646
184 522
772 382
613 571
594 311
612 71
311 787
720 208
668 399
280 87
260 234
238 391
592 18
663 405
791 70
365 377
437 726
2 197
126 639
81 288
385 24
69 509
238 211
381 637
455 223
239 460
777 408
295 611
489 282
205 30
169 683
159 23
180 242
520 404
146 283
294 302
68 314
329 594
720 62
472 757
81 411
526 710
277 602
42 424
789 210
50 541
593 324
239 614
128 256
66 31
18 730
776 237
48 33
698 96
61 726
242 80
196 533
697 66
558 702
439 622
311 644
89 464
299 451
336 666
292 448
530 512
343 645
385 270
535 561
306 220
622 63
214 449
290 460
492 553
288 485
153 171
334 749
345 668
160 632
430 237
121 499
418 433
735 244
291 92
692 388
121 747
645 196
638 735
762 361
198 446
753 326
151 196
707 544
11 370
383 4
546 400
34 279
98 396
603 405
93 764
118 632
169 590
611 22
435 94
438 15
593 553
160 254
32 5
745 414
360 743
527 357
62 2
440 369
147 302
404 367
615 551
750 137
695 263
12 724
442 698
136 449
492 696
85 175
667 562
570 373
758 411
373 329
512 724
169 503
374 522
127 633
446 532
673 759
301 645
483 211
769 265
431 454
532 359
176 349
277 578
204 452
556 0
370 548
657 772
467 347
93 160
782 295
285 674
35 725
697 352
140 722
379 494
473 659
235 239
162 388
451 568
238 75
101 652
716 369
348 711
15 270
34 529
771 584
559 183
59 395
763 468
149 301
640 552
642 562
689 35
258 80
171 663
180 557
13 7
720 350
718 582
315 341
286 321
590 518
238 232
262 382
323 296
9 335
539 524
751 107
688 48
593 36
527 524
674 730
585 420
782 442
479 72
212 692
246 726
352 644
749 252
364 543
366 134
25 232
375 452
507 274
105 196
228 394
304 117
711 716
520 85
405 723
596 408
421 574
251 36
530 587
123 463
761 681
761 711
24 288
141 704
419 674
118 77
127 281
578 681
14 483
290 770
727 757
190 754
437 341
609 11
559 122
13 350
315 440
340 464
272 606
145 412
673 116
261 295
103 642
736 336
2 404
418 743
462 132
120 663
88 560
143 139
400 335
81 296
46 149
186 397
637 762
615 324
240 189
11 475
675 378
727 536
542 293
757 667
293 725
626 522
636 329
43 582
279 129
322 144
365 263
259 104
425 379
246 797
