200 1500
95 103
82 142
29 192
61 151
39 41
53 94
171 45
66 145
134 97
4 38
53 130
131 180
127 104
84 94
62 110
47 180
18 44
66 84
13 132
119 147
1 103
49 167
5 153
13 122
193 35
129 20
167 18
147 191
73 98
75 87
183 157
174 136
45 181
41 178
10 136
197 183
54 53
172 109
59 155
112 11
15 49
63 100
113 177
90 60
176 110
160 58
132 34
49 67
58 27
86 175
6 10
8 9
134 76
65 86
81 45
141 96
126 124
127 8
59 110
103 86
77 196
28 123
110 10
8 146
88 121
83 133
5 141
183 126
189 40
153 121
44 63
47 117
67 194
188 140
133 159
13 139
144 17
69 115
13 14
74 166
195 82
49 153
165 164
187 57
130 12
17 120
121 108
186 85
10 77
144 73
99 178
22 185
174 103
80 34
103 96
26 136
34 52
25 16
199 80
114 96
186 67
15 77
88 163
103 62
10 105
118 168
73 130
177 159
167 77
191 44
126 84
186 68
58 40
85 20
17 174
99 4
145 121
48 178
9 62
119 73
131 45
16 121
3 53
15 164
135 62
105 195
126 28
13 163
130 16
144 133
29 155
132 197
74 111
103 197
178 194
96 15
108 76
110 65
118 123
157 184
107 4
115 29
95 112
187 60
141 145
180 114
72 82
167 191
66 131
37 152
150 34
36 83
196 16
90 119
7 172
141 91
87 145
147 104
149 1
116 58
106 71
18 90
42 66
12 48
90 96
30 153
81 105
175 92
137 59
169 33
38 186
126 138
122 10
88 119
130 177
177 51
59 184
108 38
84 171
192 10
55 113
15 94
8 17
13 175
174 87
40 3
67 39
77 82
122 9
63 57
12 40
172 45
156 150
13 197
71 32
132 35
134 99
114 95
105 15
172 106
74 142
81 50
9 51
39 161
37 30
78 143
116 167
164 149
82 15
198 150
102 172
117 34
36 27
133 17
195 186
138 128
43 71
165 84
107 192
26 112
27 57
103 9
79 166
24 184
177 195
53 81
162 102
80 169
140 46
2 108
134 63
135 35
111 167
185 1
47 60
54 77
86 138
68 40
63 76
115 145
65 94
172 98
101 195
157 67
129 46
188 36
8 51
196 11
74 26
63 48
2 78
27 195
106 57
125 83
50 197
17 152
104 138
109 30
70 13
162 10
7 16
27 30
37 199
45 87
179 63
44 91
69 156
0 84
161 107
137 160
132 169
154 56
75 199
62 29
165 31
4 157
140 45
142 188
189 4
110 74
157 72
174 53
177 147
141 156
119 46
152 30
152 77
192 183
30 68
71 35
44 180
98 129
105 190
134 154
167 1
91 136
71 177
178 106
177 128
186 150
147 67
38 152
183 86
59 26
29 68
129 165
96 191
154 15
156 106
155 56
4 22
48 82
94 35
100 192
89 8
39 135
153 69
81 117
33 102
192 134
80 76
168 72
60 115
136 64
97 142
166 173
178 152
82 97
43 105
152 130
51 94
42 51
15 12
57 178
27 66
185 143
191 101
5 57
139 138
132 131
147 102
162 18
107 10
197 12
8 48
166 48
181 191
103 10
153 193
151 2
135 97
3 158
109 198
77 88
31 177
187 164
39 15
66 43
189 144
44 45
146 21
19 127
32 8
46 185
101 74
53 66
40 154
62 82
55 23
111 22
49 44
195 146
14 147
163 55
126 66
179 178
106 99
76 118
35 141
98 83
113 25
13 181
94 112
186 120
74 105
112 62
197 127
50 170
172 124
62 165
154 106
124 167
113 108
158 125
16 41
48 186
75 37
48 162
198 133
193 120
54 74
194 49
144 6
31 86
37 0
99 149
69 59
70 106
110 114
129 114
182 52
42 118
152 36
177 22
14 3
60 76
44 198
193 166
60 11
193 199
195 124
134 122
191 93
99 65
76 42
105 150
180 170
177 6
140 2
2 91
151 127
116 105
174 0
37 134
88 135
33 162
23 116
114 58
158 62
117 3
151 184
174 191
116 37
172 166
194 181
64 37
72 87
141 168
90 47
157 55
97 11
184 109
62 68
78 102
41 89
183 131
126 17
60 65
33 88
143 196
180 94
104 190
89 162
163 187
176 112
1 50
92 197
121 161
127 137
152 110
198 183
197 14
162 1
185 106
31 187
116 156
150 42
72 125
46 73
79 56
175 12
30 90
0 74
165 27
79 191
30 36
97 64
119 21
44 148
191 31
57 150
2 1
120 151
34 109
69 190
147 66
68 136
129 52
68 110
105 185
6 83
62 179
182 80
18 63
115 196
93 165
197 140
34 30
48 62
88 130
49 32
135 56
152 126
93 49
100 191
161 146
122 107
45 56
123 39
87 149
146 196
181 70
160 32
49 190
191 176
31 14
32 52
39 84
128 106
167 192
168 155
173 183
32 167
69 37
124 122
93 50
197 93
126 34
26 184
182 59
55 129
21 26
37 153
129 140
146 198
44 15
52 191
101 145
194 25
131 135
191 155
186 43
143 93
169 12
120 30
76 127
10 86
124 95
103 137
16 51
38 70
27 113
9 33
155 161
6 118
100 176
49 9
180 11
8 60
117 116
28 190
107 56
72 81
144 173
152 27
131 184
3 10
25 139
46 192
79 183
55 54
161 176
10 27
162 133
118 121
74 170
199 125
99 113
3 74
140 183
51 162
120 23
41 95
89 173
10 187
189 185
94 121
44 190
104 8
9 108
190 123
18 81
99 105
109 12
84 148
34 122
184 156
67 90
184 69
46 108
148 176
150 16
193 110
190 109
56 11
188 144
175 24
166 128
52 99
192 1
131 50
171 11
74 165
141 192
144 113
198 126
47 140
60 100
33 143
14 135
90 106
173 196
137 64
158 68
111 75
55 39
58 150
149 49
12 2
15 23
177 123
74 87
192 199
162 11
115 56
139 0
100 196
197 184
32 86
10 31
140 104
102 16
149 172
35 156
111 96
158 184
198 26
96 117
111 21
1 25
23 141
91 196
167 65
17 102
128 183
129 96
39 59
167 164
8 103
90 41
37 40
21 76
194 36
59 167
171 153
74 17
142 122
9 91
29 146
118 185
114 79
191 139
131 158
163 124
122 108
196 163
63 72
66 30
42 114
147 60
34 9
116 112
106 12
71 80
66 197
144 7
181 62
52 98
119 69
45 122
15 126
20 160
192 155
70 191
70 59
170 94
60 122
14 101
36 89
1 14
139 28
49 20
47 175
175 180
117 112
75 16
100 169
86 196
157 52
148 4
185 183
184 57
172 142
163 112
71 168
31 53
84 98
164 191
91 25
193 47
142 159
168 154
133 93
27 170
20 47
175 188
67 42
84 180
164 58
130 95
97 133
100 111
132 153
184 159
165 49
32 161
20 15
97 32
33 46
187 129
12 172
183 20
168 165
37 132
104 165
166 87
85 37
121 29
194 29
65 154
46 102
7 189
162 49
5 108
47 131
160 156
33 109
131 198
189 84
126 62
130 121
59 135
38 90
63 85
142 12
72 43
129 161
68 129
52 137
72 54
130 188
195 196
171 32
64 41
193 191
153 173
120 163
114 144
120 139
120 124
117 108
5 111
92 14
97 90
172 112
149 38
99 181
83 23
58 185
162 120
35 161
8 58
153 156
21 108
103 109
170 163
100 40
101 182
37 82
25 132
62 196
91 192
158 58
152 120
118 120
169 125
66 181
188 125
83 56
102 175
38 73
23 193
146 163
84 32
16 62
157 109
125 134
33 132
193 150
76 109
116 63
143 134
194 40
153 27
172 154
55 68
35 127
0 112
75 83
182 49
27 19
45 55
108 75
123 19
27 196
170 113
124 74
5 62
29 8
14 178
167 16
187 136
49 156
113 78
171 49
72 119
91 32
170 164
152 97
137 144
30 78
142 180
31 123
103 45
65 72
147 117
145 31
118 199
95 24
19 17
146 145
127 166
39 162
53 25
7 49
113 60
145 69
14 66
166 5
80 54
100 82
195 58
70 37
0 90
84 45
88 49
198 127
129 35
148 192
173 175
186 13
178 58
192 39
176 115
75 18
170 7
74 172
55 151
132 140
11 12
152 65
33 197
1 135
21 132
170 102
81 57
114 1
182 188
46 76
42 178
26 160
115 20
132 188
18 160
97 57
84 163
77 159
185 24
46 105
120 181
191 11
27 140
190 137
139 119
69 194
164 163
80 123
149 15
76 69
165 0
54 119
45 168
139 48
177 114
182 85
107 26
91 159
72 27
143 55
102 137
138 36
57 169
127 100
15 104
103 121
145 36
176 56
17 38
140 126
195 32
6 75
119 11
71 55
189 6
165 110
54 113
76 24
117 16
83 171
151 105
180 136
165 35
74 35
1 43
66 58
62 17
163 54
133 33
149 52
81 70
2 125
16 170
70 189
94 107
57 99
90 70
177 43
111 56
116 29
133 195
148 109
13 77
123 180
28 49
12 148
199 31
55 101
47 55
102 52
142 105
4 2
178 24
144 124
176 50
123 93
110 145
189 0
90 108
59 101
100 3
7 23
53 177
50 3
9 95
45 92
179 93
108 154
172 146
160 5
92 167
175 32
51 92
64 53
60 97
108 56
147 84
145 198
63 124
175 43
56 168
132 166
164 89
34 180
5 58
109 75
53 27
53 98
75 42
28 77
119 35
11 142
57 182
51 181
74 194
87 84
162 103
119 95
136 78
7 96
42 134
149 75
26 17
161 199
71 194
130 71
45 88
84 65
34 138
137 99
58 16
113 30
83 91
190 51
133 128
143 128
47 99
151 66
198 196
18 154
134 189
92 15
39 132
31 70
22 196
9 138
149 199
2 147
144 164
0 128
123 172
109 88
131 174
162 32
180 150
61 115
151 195
189 139
15 59
65 181
186 55
101 143
130 92
102 195
79 146
194 16
49 2
47 18
45 64
94 25
101 86
76 12
4 70
47 77
10 61
163 148
111 150
96 169
61 63
28 128
38 20
192 122
22 168
94 119
9 47
143 133
43 121
38 63
127 188
108 199
65 58
40 99
89 172
62 168
66 141
177 93
68 61
95 173
168 159
99 9
170 114
121 171
151 21
117 30
110 135
155 37
44 20
2 98
110 95
148 147
38 125
174 134
132 102
118 111
33 174
95 131
69 65
20 110
69 158
55 176
167 61
72 171
164 188
101 46
32 29
149 175
152 90
3 43
56 191
130 81
193 28
123 120
197 22
170 99
124 135
167 36
22 141
142 56
56 27
115 129
184 78
121 163
55 134
50 130
104 125
72 4
185 168
104 157
74 73
28 102
129 70
124 158
77 59
114 103
38 58
44 187
170 72
76 114
148 123
20 42
144 130
98 91
165 127
8 39
163 11
90 10
62 170
12 77
87 176
45 85
14 102
38 100
154 112
25 90
102 159
20 142
183 161
182 13
83 154
107 150
78 77
55 150
55 191
16 184
65 195
123 175
63 106
99 159
177 11
108 57
63 182
121 141
97 26
164 146
102 157
89 190
101 28
146 171
73 11
104 199
55 175
60 26
149 51
123 41
116 70
111 197
56 131
117 59
99 23
59 134
147 186
165 92
104 25
49 42
28 25
87 102
2 121
158 127
2 118
194 39
160 149
38 176
178 86
164 134
10 125
138 175
38 136
100 75
68 178
163 26
79 196
24 21
74 171
133 169
105 192
11 44
41 8
4 170
120 109
190 19
104 5
108 104
78 186
76 141
2 92
82 33
22 123
147 115
8 156
29 106
147 159
8 65
120 188
4 165
78 152
155 81
151 31
167 117
185 152
93 185
177 192
33 74
123 170
190 77
151 182
96 6
193 84
91 109
55 162
83 158
150 169
36 26
180 183
93 61
9 81
143 176
75 157
178 91
127 161
124 57
136 163
175 49
3 66
130 156
13 100
39 196
6 150
198 107
43 185
86 110
77 90
31 131
197 122
157 79
143 46
45 13
8 92
40 131
93 126
151 100
2 54
70 1
176 122
189 5
39 179
44 102
91 179
143 97
88 5
174 13
32 40
186 136
86 122
91 78
19 131
130 18
97 125
191 1
173 5
113 194
166 43
166 75
146 10
77 45
18 189
76 149
153 103
73 5
1 71
58 93
91 70
61 64
116 174
2 107
169 68
110 198
188 198
51 144
76 100
134 124
137 196
113 162
100 166
90 85
66 86
22 102
173 27
91 15
63 87
17 14
153 36
156 173
53 172
22 195
69 16
54 120
89 119
180 40
123 27
75 91
122 100
68 168
61 98
98 47
9 7
39 153
186 168
37 135
171 147
0 148
41 46
181 139
154 57
196 73
7 174
53 121
176 158
128 120
99 96
124 115
90 5
185 29
47 198
147 116
126 106
189 130
142 108
31 61
167 74
153 7
30 159
48 4
101 198
153 91
108 152
161 24
7 73
196 41
172 50
25 148
35 88
69 113
26 164
104 142
26 78
60 101
112 96
28 103
105 13
9 111
79 103
108 6
186 171
148 31
42 166
38 132
86 71
152 191
17 122
176 146
176 75
13 178
122 168
162 85
69 33
31 132
104 75
169 78
59 141
116 143
193 188
177 160
150 163
158 15
167 3
29 133
133 124
46 64
68 25
196 47
153 113
107 199
3 136
112 132
0 180
11 42
74 97
103 187
184 167
155 144
157 188
192 150
46 18
122 139
184 95
34 192
3 39
66 135
191 82
193 1
21 46
120 178
140 160
83 63
109 58
191 123
81 23
17 118
4 158
106 120
172 9
25 6
127 180
14 128
118 61
0 124
60 98
104 158
108 127
56 55
45 118
