300 2000
226 43
257 268
48 197
252 223
106 112
130 84
39 292
130 110
200 25
110 48
116 282
39 87
44 164
23 16
33 246
231 198
33 117
219 240
97 46
203 112
250 82
60 258
99 169
58 211
117 93
288 299
59 84
239 271
88 174
59 25
51 278
181 220
230 244
112 178
58 200
20 203
9 12
116 64
1 215
227 288
237 213
13 259
169 129
95 43
140 183
93 254
264 51
260 141
18 249
122 144
191 8
139 141
169 176
221 251
198 74
258 154
74 250
214 273
47 230
35 107
62 25
262 68
103 35
83 184
232 97
289 46
67 295
18 273
130 218
208 123
149 286
47 208
146 167
279 272
69 218
68 161
259 250
237 80
127 189
160 86
202 135
35 214
234 169
73 171
225 207
132 283
67 137
214 291
77 45
117 182
105 62
284 135
56 125
185 17
188 292
24 242
252 246
184 13
105 61
124 97
41 214
138 36
214 233
235 83
274 60
134 10
91 290
252 19
41 287
56 276
45 70
260 239
29 154
242 262
88 134
207 65
295 267
203 201
216 177
266 42
235 39
267 46
249 7
292 152
181 112
217 182
6 143
52 80
228 97
121 81
51 129
80 253
169 178
230 83
261 284
12 31
169 145
240 132
94 186
2 109
227 184
194 146
200 217
150 21
49 128
26 95
165 8
54 30
228 137
47 144
200 21
204 96
39 171
35 299
74 91
207 100
281 239
178 124
174 70
147 29
112 26
259 252
157 119
30 74
130 279
162 62
256 43
17 197
83 15
155 3
258 191
11 84
293 36
182 160
22 48
27 234
179 107
226 96
161 14
40 119
246 267
122 105
125 245
92 282
230 170
259 224
13 96
13 288
260 286
273 24
80 195
243 0
60 235
74 228
152 199
239 15
216 102
115 185
81 97
61 50
55 71
138 39
3 52
250 121
247 224
282 130
249 62
227 272
68 239
161 123
184 42
122 262
237 187
122 261
10 0
190 182
14 110
157 254
131 158
183 31
272 224
228 109
290 104
287 168
270 233
259 150
288 178
202 159
4 194
8 275
280 9
207 234
147 44
296 94
259 227
38 195
229 115
20 63
125 258
158 266
126 153
111 97
99 112
98 202
192 190
4 21
166 36
279 108
90 149
286 29
1 175
273 37
125 279
126 67
96 89
51 84
103 238
167 36
85 138
98 5
41 98
30 257
159 216
259 276
274 276
73 292
213 44
193 117
125 154
20 87
220 128
223 250
153 63
124 130
66 228
116 214
243 42
174 236
127 298
289 222
288 257
115 52
142 177
94 163
258 101
299 124
8 0
256 141
276 44
2 275
0 81
203 33
193 11
228 64
295 94
149 133
172 212
69 296
157 127
251 16
1 12
9 87
254 250
287 250
11 289
217 238
56 283
102 198
139 106
136 175
180 91
274 176
2 21
217 297
4 92
26 38
266 215
249 88
291 64
221 102
151 55
244 168
242 293
9 257
242 229
10 268
28 249
24 42
194 9
202 163
158 297
81 229
34 145
87 112
247 274
191 249
58 16
137 189
114 34
4 25
55 15
198 124
129 41
77 33
136 135
38 278
94 219
144 24
186 42
156 118
105 7
22 124
190 73
45 205
235 254
51 33
22 274
32 3
204 276
25 56
198 144
259 247
296 26
209 237
194 89
35 153
13 87
171 168
130 107
259 200
234 239
154 48
3 283
222 253
194 184
299 139
250 294
40 163
244 39
193 137
165 260
38 10
237 194
111 122
141 272
275 90
5 247
200 237
250 60
257 179
215 186
176 97
229 204
31 165
59 22
237 87
253 194
32 235
140 99
101 38
63 21
190 167
221 210
232 122
126 51
50 161
122 169
186 143
92 59
227 30
210 55
216 70
132 261
3 114
209 273
61 194
248 18
291 231
262 202
292 196
276 71
240 86
178 282
260 14
16 35
299 198
202 24
227 29
198 77
87 27
254 200
215 38
122 146
74 105
235 256
107 156
187 16
241 129
295 85
157 93
231 270
27 58
134 44
56 113
87 94
136 174
61 183
142 141
230 101
261 266
224 195
76 155
108 141
255 54
286 183
139 287
148 73
294 224
123 64
258 279
70 197
179 284
107 79
98 37
196 279
295 24
94 244
244 181
77 199
275 292
299 99
108 202
95 223
197 103
35 89
3 7
27 284
177 48
273 227
91 187
267 259
202 167
287 295
121 101
21 9
15 91
294 112
254 11
8 233
155 135
228 250
183 88
288 43
254 184
192 114
220 123
38 164
151 178
178 199
26 225
154 6
24 287
35 45
97 217
255 147
262 176
176 50
94 280
81 245
24 29
255 94
75 35
124 63
227 293
231 48
149 87
295 199
167 128
92 24
280 44
298 79
237 64
218 265
174 164
271 66
6 170
41 251
238 291
197 232
12 259
147 208
251 213
179 140
88 225
80 112
197 295
108 142
71 283
9 69
161 116
201 135
4 160
37 201
81 274
4 282
240 154
38 77
275 157
57 295
283 170
155 141
131 283
146 265
284 151
181 37
287 174
195 145
275 264
96 231
131 34
38 269
215 37
234 14
173 44
178 65
19 167
93 50
22 38
261 268
133 208
113 0
123 122
270 182
69 58
26 248
65 26
126 30
131 122
44 291
291 193
45 53
243 160
225 274
170 195
211 209
68 194
288 53
228 51
250 4
291 284
143 261
65 273
42 114
24 285
33 137
228 148
76 260
22 118
74 244
62 52
177 118
62 165
45 270
133 218
79 269
115 69
60 92
170 151
3 27
82 86
275 160
260 58
295 48
87 11
90 95
219 161
214 57
264 63
207 79
37 281
219 107
242 106
235 101
87 106
22 176
241 269
242 116
127 17
265 235
206 59
224 160
284 104
80 244
3 263
222 267
143 89
183 13
220 22
48 106
65 150
289 112
158 197
80 292
83 95
286 277
106 279
159 31
203 193
27 226
239 238
238 148
147 238
253 16
273 233
40 39
256 21
103 176
81 154
286 222
213 254
27 153
161 151
123 242
75 43
60 247
25 182
188 111
60 52
79 251
195 239
228 84
108 293
280 132
91 172
120 254
129 56
61 20
221 219
240 246
75 65
188 83
9 220
212 192
223 102
151 49
108 64
52 199
98 291
217 168
156 121
250 192
292 192
8 51
67 242
232 179
70 254
45 262
177 254
58 15
43 221
278 209
142 262
153 167
250 202
145 28
57 18
126 271
24 176
1 71
180 281
18 13
57 109
251 108
258 32
260 245
200 113
185 102
37 108
232 38
162 28
270 16
160 143
94 150
289 149
152 262
41 118
137 69
216 90
163 149
143 237
65 246
8 20
229 166
8 273
272 284
281 298
150 187
89 268
277 156
172 182
31 77
218 138
254 238
267 74
143 23
130 119
53 43
98 296
199 50
231 180
255 131
102 157
135 268
282 32
269 32
226 12
20 28
152 155
147 79
112 3
130 213
294 182
39 214
121 241
185 208
93 286
193 20
132 135
260 164
20 18
270 115
270 262
53 272
72 3
146 165
143 238
230 192
291 221
154 279
51 289
270 13
137 31
57 122
181 218
229 25
3 208
5 284
84 275
70 147
114 65
298 175
240 113
239 121
259 18
36 290
279 269
295 220
168 153
274 86
77 105
171 14
231 190
108 198
159 14
80 39
92 292
258 200
264 258
109 240
168 299
257 134
266 270
97 60
151 169
74 77
176 111
229 157
260 262
1 75
237 299
112 82
43 10
243 164
241 66
273 205
17 55
250 163
79 178
225 260
179 225
86 249
255 280
176 99
69 279
127 195
12 244
221 50
200 218
183 225
104 0
21 95
114 94
208 92
191 232
79 75
10 192
89 43
156 235
117 57
97 127
148 255
95 143
250 164
102 297
286 112
75 40
115 2
266 298
209 73
232 168
208 38
126 220
126 187
159 182
32 180
32 99
192 224
203 151
253 177
267 23
48 113
37 121
95 139
109 0
211 65
146 231
213 139
78 4
84 298
294 275
160 284
204 53
63 78
257 192
262 127
227 241
205 158
47 297
14 265
94 285
243 151
48 97
105 47
248 4
253 176
28 6
223 3
97 86
226 287
179 3
265 202
276 152
252 173
86 190
185 72
258 173
92 181
191 116
197 40
278 130
105 131
245 219
31 276
105 60
37 157
170 226
182 279
155 241
40 138
75 122
52 180
173 169
19 77
236 156
15 64
44 283
51 28
57 211
274 262
157 42
161 71
16 186
26 263
279 202
70 52
79 55
110 104
64 234
2 71
221 193
167 46
130 109
63 62
30 242
94 106
126 114
4 105
113 122
102 184
154 84
205 192
233 106
86 299
95 175
18 277
250 159
233 74
124 238
129 42
272 57
252 175
213 16
237 217
150 212
158 186
208 88
219 213
90 108
36 201
247 128
146 199
148 243
297 202
43 66
18 281
258 131
130 129
225 47
45 121
3 20
270 221
45 280
65 157
128 274
135 261
258 103
293 209
219 75
37 161
29 276
259 160
80 32
54 101
14 5
67 23
249 222
147 19
287 209
233 114
299 143
98 295
224 227
287 119
83 114
30 197
149 111
31 126
12 81
69 294
50 213
233 152
192 210
53 193
197 159
46 42
65 183
168 112
287 275
150 141
35 128
282 144
110 165
76 292
208 42
22 226
216 150
185 197
187 290
53 175
0 238
293 5
163 299
297 100
222 108
52 200
131 119
12 157
61 268
104 34
60 57
224 202
232 169
187 9
166 15
220 185
177 212
200 42
241 57
110 4
142 19
226 257
26 244
156 183
226 229
217 3
17 78
110 135
195 33
179 94
31 242
214 219
212 195
41 181
158 35
244 249
190 15
265 182
41 284
283 139
114 198
17 181
207 220
114 232
83 284
137 219
230 43
288 60
147 152
139 7
290 62
28 150
13 84
165 224
49 224
36 123
138 122
124 34
105 135
127 5
134 22
88 198
220 95
240 297
63 105
39 136
128 58
263 243
145 38
271 19
21 161
109 193
150 265
264 285
106 27
48 198
20 175
6 233
218 275
274 41
260 3
291 201
241 256
169 38
184 12
255 64
200 167
241 73
226 66
81 89
127 176
103 114
70 237
278 28
143 273
267 4
121 78
178 237
111 102
80 141
9 222
188 56
32 121
232 90
60 122
166 93
263 259
288 225
297 163
282 6
2 249
58 33
82 284
291 39
128 53
16 124
50 287
31 272
113 13
263 227
254 59
70 49
81 265
76 107
193 78
218 204
59 98
105 290
263 141
49 218
170 177
220 296
274 13
138 190
84 42
56 117
228 160
30 2
40 287
39 149
17 245
14 185
276 60
281 93
50 68
274 57
139 280
200 64
134 115
159 88
93 173
214 182
113 4
276 114
102 181
118 70
74 216
229 4
96 245
247 121
166 268
262 159
99 276
7 145
194 265
196 225
299 206
31 195
197 144
71 244
113 299
72 2
208 199
289 241
142 290
230 97
161 295
197 169
118 1
149 122
143 275
179 169
189 246
268 77
14 236
127 299
43 0
148 91
71 138
59 213
217 157
112 64
129 123
49 186
108 157
102 265
251 14
271 233
212 215
108 130
95 192
289 146
72 88
260 19
135 270
261 29
144 173
276 36
83 225
137 199
101 296
49 208
283 238
232 22
114 79
205 220
103 15
118 268
244 204
248 230
250 5
213 166
47 286
262 16
248 61
190 149
266 3
8 199
99 54
150 218
58 51
79 110
4 294
86 223
207 101
17 74
82 106
59 262
62 42
135 239
177 211
191 9
10 57
39 3
261 242
6 288
99 249
145 297
32 288
61 27
4 147
75 259
211 128
242 276
102 192
299 141
167 191
279 181
203 45
256 162
299 140
241 179
240 129
293 83
177 165
137 186
241 152
250 97
142 240
143 3
188 99
147 74
192 64
8 43
261 237
169 243
129 22
170 30
108 87
148 108
115 130
228 161
252 104
250 212
7 174
172 93
13 44
101 238
145 71
1 40
84 9
95 86
170 17
203 105
132 7
249 277
239 154
256 272
120 129
270 116
181 173
190 228
296 277
250 176
115 297
14 252
150 197
199 228
5 252
176 157
148 209
31 224
268 232
122 36
99 59
224 237
223 210
79 220
267 187
128 299
231 107
22 79
25 160
106 231
136 201
86 183
213 73
163 10
297 280
107 37
54 124
89 134
74 33
226 241
163 201
126 190
249 4
71 206
209 170
153 184
147 143
155 160
258 119
1 121
280 17
178 60
231 10
296 85
187 212
50 106
67 201
247 45
133 59
159 45
68 88
212 221
225 32
89 125
187 178
171 48
195 290
99 166
287 48
9 260
131 117
10 236
11 221
263 228
29 35
152 112
176 149
64 186
24 249
126 189
186 293
75 82
113 70
274 292
276 59
29 264
191 236
58 146
57 96
195 125
7 194
118 261
11 201
152 214
12 22
136 154
259 63
132 154
157 28
25 215
99 20
167 194
176 296
263 116
137 244
132 252
110 178
109 238
23 191
190 166
242 295
30 64
75 162
99 174
224 174
13 228
290 113
253 205
186 120
295 17
178 6
210 179
78 192
32 98
190 50
234 263
183 95
12 164
256 105
99 262
141 105
273 280
299 247
43 51
31 115
247 266
35 112
126 283
254 110
224 47
249 79
246 293
2 278
233 231
84 284
24 290
135 29
147 244
143 72
274 288
176 283
228 234
251 93
248 22
48 151
202 210
168 248
92 73
299 185
207 27
286 264
155 209
177 152
279 246
286 31
161 73
32 68
190 79
164 49
178 200
200 161
37 52
286 262
136 255
132 160
189 167
287 252
241 298
47 136
154 8
15 1
27 198
291 189
82 9
122 252
99 286
92 25
267 183
299 293
176 245
157 189
115 177
6 236
0 52
45 61
171 205
92 217
10 205
103 235
6 62
65 111
295 99
0 297
93 56
142 251
75 45
292 51
0 138
274 91
278 118
184 86
264 245
228 194
278 32
102 28
194 125
48 228
285 150
145 48
47 12
96 178
262 36
175 154
79 246
45 17
232 88
9 93
188 229
78 136
174 265
219 249
165 280
128 154
190 23
275 266
234 277
196 157
27 28
97 287
252 166
249 94
85 68
92 148
126 148
222 247
240 193
110 280
124 262
234 57
159 133
262 291
191 245
167 157
91 189
70 291
3 153
117 198
256 27
202 277
120 198
196 153
39 154
294 296
198 17
26 150
283 186
132 209
146 115
216 65
91 176
129 220
239 285
204 98
66 76
34 166
138 41
126 141
272 63
99 145
184 119
154 252
237 292
141 107
236 214
150 50
11 90
102 176
193 9
51 29
62 124
289 49
18 53
89 82
223 125
31 122
192 246
206 225
187 186
256 257
295 42
274 212
260 47
192 125
190 106
32 221
286 57
220 184
122 242
57 145
34 49
162 116
13 164
39 129
131 8
60 180
150 251
241 218
88 162
63 198
102 207
232 206
174 124
230 249
209 100
264 39
207 190
280 260
137 40
169 283
13 41
95 199
244 160
204 296
79 34
273 186
159 221
128 131
7 191
30 298
277 276
273 129
138 220
31 284
172 192
65 189
162 87
211 285
176 105
254 229
291 27
265 130
135 79
243 150
225 273
134 261
73 110
255 14
169 1
262 295
77 12
124 4
69 152
233 229
108 189
190 11
150 147
163 275
207 44
89 15
125 127
133 243
110 151
234 209
236 208
132 36
212 264
115 94
211 133
221 258
268 226
162 294
249 251
50 11
98 192
244 82
199 198
25 21
203 178
141 186
259 142
203 252
101 107
142 191
277 64
286 19
176 181
125 4
265 170
211 149
157 171
197 32
147 8
105 18
112 163
211 130
239 203
259 57
90 264
64 6
58 298
289 102
16 215
62 254
153 76
213 67
237 236
227 22
256 24
289 118
231 252
298 169
12 121
115 56
190 90
168 91
136 79
276 240
253 1
148 142
139 20
193 146
227 111
64 240
271 98
203 270
13 258
68 135
26 54
207 115
173 146
93 298
294 117
124 79
44 245
279 3
270 147
231 288
38 181
257 67
40 151
286 267
229 208
252 86
236 195
116 248
99 293
80 215
261 267
4 210
19 247
207 127
91 49
33 266
232 201
69 103
184 275
1 19
87 283
173 179
0 249
93 299
254 54
239 67
267 243
230 52
90 122
286 241
290 112
126 186
213 258
173 215
147 126
224 263
221 19
245 157
93 30
106 145
3 78
152 294
43 31
121 199
205 57
280 146
218 145
183 218
46 213
53 228
216 145
282 248
200 116
268 95
170 7
108 34
131 100
59 102
52 20
207 153
135 183
176 130
8 6
205 41
233 72
241 149
176 269
24 120
241 283
156 170
295 50
256 87
206 196
41 169
286 289
73 19
249 54
68 282
271 56
233 166
7 258
202 240
150 168
24 58
178 105
64 169
172 76
204 257
32 154
186 193
121 102
141 100
43 208
211 55
165 104
137 79
79 204
72 100
269 104
210 69
265 35
275 200
44 20
104 177
155 192
204 258
189 147
277 128
96 207
263 83
226 76
163 232
157 86
276 161
126 217
212 164
18 153
215 42
100 281
271 12
3 34
170 216
192 157
142 68
215 195
118 9
133 139
198 16
197 82
114 145
226 42
11 205
57 1
133 54
146 130
9 185
19 263
265 95
59 271
147 116
78 11
1 154
231 138
37 113
195 189
149 63
156 87
177 127
102 31
215 41
215 51
148 225
218 232
175 102
216 81
39 94
44 5
87 99
132 134
150 190
157 30
62 28
244 265
11 243
132 173
125 37
150 257
267 220
29 4
295 18
68 272
105 202
42 145
107 226
12 154
286 268
157 136
2 214
199 0
165 290
293 184
49 257
246 193
237 167
78 223
111 233
272 228
24 277
46 180
117 262
117 128
192 254
280 207
220 226
116 62
254 51
58 98
256 124
137 161
185 48
237 249
102 288
82 129
5 174
170 64
160 139
25 199
79 15
266 124
297 244
153 127
221 222
126 173
183 197
223 299
88 179
109 150
111 56
241 134
53 291
198 185
54 41
182 292
86 234
157 54
270 198
293 14
295 103
284 24
86 176
