600 1500
141 57
86 67
173 167
431 461
514 373
227 534
550 293
169 280
262 56
231 199
478 484
392 266
484 219
418 133
13 390
266 255
146 105
428 175
133 330
208 430
284 382
266 344
445 226
371 355
217 349
125 307
407 253
289 2
2 214
466 463
172 72
337 488
173 297
528 461
47 543
64 364
377 155
2 431
224 138
340 413
268 43
160 147
538 533
314 526
332 373
534 181
77 112
26 341
40 107
414 402
417 188
228 407
65 432
483 350
412 561
598 72
112 91
103 420
567 334
366 407
329 534
349 575
541 296
584 566
74 40
167 471
453 261
532 168
163 320
163 314
169 460
186 105
181 464
278 95
595 511
297 354
414 296
247 265
342 57
585 430
245 112
197 241
254 405
530 136
459 92
212 180
155 560
407 595
138 5
336 555
353 376
580 59
292 283
448 580
439 445
247 480
376 507
243 282
16 0
401 440
347 385
218 56
247 202
295 241
538 91
463 82
538 524
330 43
526 148
509 490
411 12
203 424
5 444
566 274
36 200
51 40
111 544
12 76
175 517
127 98
322 16
417 78
11 201
190 155
297 207
21 586
105 337
175 34
64 313
310 426
77 455
232 54
387 303
145 474
64 507
357 324
432 219
421 259
486 339
553 230
219 125
574 364
404 138
69 109
186 546
367 22
90 254
559 373
499 516
512 233
469 529
334 556
442 35
317 344
70 179
105 106
444 399
206 217
593 531
73 138
249 527
327 340
61 375
345 157
175 564
179 271
124 598
6 540
208 148
2 583
75 451
119 431
489 50
295 391
370 550
333 190
122 237
542 525
105 418
453 570
274 358
561 340
101 99
160 257
150 438
18 486
270 303
578 363
143 199
247 440
349 196
225 305
94 592
84 567
85 36
26 435
424 595
105 212
454 527
440 384
254 530
177 86
114 471
89 422
230 537
519 570
452 428
566 592
64 138
545 152
120 263
282 367
528 182
195 545
373 12
557 318
567 80
131 370
473 448
294 161
4 566
459 292
11 133
201 479
136 32
355 210
255 461
213 488
85 482
423 354
227 235
282 499
238 67
22 300
143 26
142 589
268 94
482 429
445 167
172 256
45 489
496 377
163 209
425 353
65 402
506 74
523 439
177 580
111 178
40 354
112 163
362 352
477 527
509 579
449 249
14 242
219 351
118 337
519 237
559 490
417 85
205 503
28 276
86 384
137 32
556 572
145 368
525 387
121 528
244 437
439 242
379 418
335 272
204 227
349 406
184 255
116 329
87 56
430 278
522 164
359 88
136 107
357 70
159 161
51 471
92 294
389 292
461 549
584 441
454 130
217 344
220 430
365 158
288 9
50 422
161 57
4 519
392 330
423 298
78 353
86 561
418 204
183 361
402 294
404 338
459 385
134 549
557 352
226 574
294 581
110 147
382 110
363 109
2 67
479 462
45 212
316 157
221 345
66 307
568 98
424 232
274 327
590 345
249 74
81 455
461 404
357 7
297 463
546 197
65 36
347 278
115 585
218 42
2 359
340 218
482 113
41 51
166 59
406 127
511 15
589 140
482 288
241 87
239 79
434 158
493 28
438 187
479 490
475 229
105 535
458 27
118 5
229 347
302 293
11 29
159 196
545 114
497 413
99 181
64 539
567 270
382 244
342 295
376 263
298 326
332 154
594 413
49 371
370 572
444 314
70 28
240 103
388 585
347 357
556 128
232 100
353 124
9 63
101 204
456 479
29 85
420 33
433 127
135 70
434 249
569 166
104 138
70 380
405 387
182 184
24 541
308 476
298 224
72 473
330 320
352 293
301 397
78 480
475 83
202 558
213 95
438 330
474 547
486 218
586 25
158 563
419 505
325 95
573 492
514 99
494 539
49 307
518 575
428 425
124 137
260 457
281 229
412 489
365 562
49 253
402 452
28 454
252 134
307 582
382 526
373 242
397 232
71 167
48 216
13 238
133 372
130 554
458 480
242 237
152 218
314 545
109 256
393 378
318 427
201 85
522 518
408 245
306 330
320 420
52 92
83 134
536 315
265 309
512 408
238 546
525 403
579 178
453 414
201 95
378 255
326 455
304 346
473 24
525 453
563 75
225 535
443 173
254 409
419 335
7 237
596 451
531 263
486 158
131 599
230 360
52 557
158 126
341 568
410 589
66 160
271 229
552 271
402 7
505 341
545 147
416 147
469 60
386 551
481 508
261 418
365 546
498 549
443 272
345 364
396 574
6 486
474 247
115 265
77 199
490 60
201 50
574 403
509 453
89 570
143 355
486 264
408 133
405 137
448 6
531 168
405 589
32 498
276 517
109 395
147 80
175 245
527 423
362 194
74 519
483 250
63 21
150 367
234 97
534 473
281 186
200 230
471 406
576 183
220 244
274 453
526 296
142 258
232 469
111 503
583 509
575 513
472 275
347 29
261 387
337 35
412 206
396 377
30 568
196 89
398 439
214 374
598 91
478 417
487 435
507 597
374 192
121 539
185 209
222 473
88 61
573 35
184 595
555 391
516 119
34 199
231 117
366 227
479 436
280 499
7 372
99 533
360 212
229 196
178 170
413 569
253 507
105 310
464 555
22 233
532 152
176 582
530 507
312 55
267 523
389 45
554 349
15 300
96 271
366 562
94 439
475 195
312 416
514 413
30 97
539 574
121 322
183 141
204 460
501 45
395 424
344 552
338 442
123 458
179 81
23 278
159 345
286 415
151 363
131 490
183 571
377 202
118 96
387 185
349 176
584 7
527 295
415 23
578 42
434 26
310 276
110 543
214 360
449 28
324 40
142 292
70 596
292 598
77 576
510 514
373 410
68 81
380 103
308 291
86 253
427 29
119 69
211 277
240 581
363 374
459 210
415 119
594 176
494 266
559 73
260 126
352 14
326 152
427 4
535 449
421 200
116 492
232 518
361 531
574 123
381 277
350 164
17 305
103 281
511 127
580 495
196 6
502 587
567 262
491 156
171 569
282 51
98 286
472 499
235 279
19 120
407 54
505 23
413 143
526 93
448 307
395 230
127 566
354 190
493 326
525 408
258 197
433 594
222 79
304 440
278 429
530 165
338 246
263 142
44 159
45 427
352 146
450 187
583 288
285 529
147 362
311 403
134 60
186 389
467 99
135 531
198 455
39 214
183 306
43 480
366 418
229 374
361 200
87 95
156 35
308 529
57 483
445 289
162 83
237 335
252 259
302 90
365 527
129 72
351 247
191 262
423 6
270 211
454 314
503 460
587 75
278 260
128 459
530 325
122 252
579 59
51 281
414 229
310 405
371 415
280 329
466 264
351 501
546 545
438 292
491 400
49 501
405 430
252 85
28 91
542 211
107 339
291 575
436 589
409 439
84 80
365 458
315 461
425 135
86 393
292 351
28 485
218 450
60 14
526 597
543 354
589 372
141 306
193 128
245 108
547 144
579 212
260 576
132 179
46 224
301 392
354 210
309 180
229 591
267 94
457 151
303 325
101 353
107 486
517 426
384 381
488 126
510 63
410 531
151 162
223 164
258 99
363 103
524 29
553 258
96 297
506 459
107 0
52 357
445 206
555 478
558 457
598 252
413 186
490 59
448 231
65 403
101 358
562 344
553 193
557 351
429 203
315 526
420 222
425 410
599 400
132 591
405 413
189 595
53 333
162 87
83 8
277 520
515 103
399 354
349 0
88 466
41 133
156 275
520 360
426 4
442 304
47 21
121 18
132 75
282 459
174 499
588 306
349 372
321 38
269 304
187 110
414 108
242 318
439 353
390 402
505 442
496 299
181 372
461 420
171 276
200 294
412 182
488 452
293 522
528 55
511 275
6 309
369 499
359 525
6 345
527 45
164 299
156 232
128 597
535 543
44 10
575 144
591 184
254 34
554 367
313 14
221 67
269 52
475 36
418 77
274 570
375 301
549 515
300 313
541 419
60 302
593 452
559 293
337 246
566 247
133 15
247 454
314 572
14 384
499 244
43 507
450 313
12 324
77 490
337 532
329 99
546 167
5 313
451 375
182 141
381 555
489 76
570 56
406 179
256 173
23 413
88 176
335 30
35 356
555 400
152 227
404 65
115 471
155 218
154 212
255 434
37 431
316 68
118 469
499 394
76 360
4 535
487 75
576 445
290 397
308 248
503 419
141 343
401 379
188 318
221 539
65 367
35 121
292 9
22 450
475 568
19 298
187 508
490 152
20 433
105 430
365 180
270 313
279 315
136 94
525 422
531 81
47 247
246 264
228 0
229 53
558 274
211 340
585 474
242 18
209 526
493 309
535 418
342 132
242 34
153 249
252 482
222 94
586 366
77 554
83 469
190 431
342 26
37 295
91 313
566 186
168 285
143 81
391 488
360 134
531 195
442 381
14 73
143 380
121 561
224 122
499 456
481 26
525 586
403 232
412 66
593 333
383 294
352 70
113 400
350 224
484 394
47 290
238 367
197 420
393 585
543 475
110 499
508 499
588 595
326 329
355 524
584 334
155 312
307 529
185 234
361 405
488 0
146 217
269 343
369 88
299 417
44 30
318 272
198 49
285 465
363 580
187 502
100 75
507 248
290 549
162 234
296 129
346 86
36 99
121 94
588 516
434 270
187 512
319 476
15 404
381 97
318 251
222 200
210 154
203 390
449 193
485 165
277 217
71 478
131 96
547 277
441 378
164 15
22 150
178 101
352 46
342 494
479 559
557 524
154 435
106 242
434 165
583 342
430 276
224 493
12 82
22 596
207 547
474 97
494 481
301 230
390 504
355 314
30 273
457 490
147 553
539 12
339 274
363 60
71 453
363 226
374 463
91 64
203 285
460 328
527 281
378 121
263 254
413 102
12 233
453 510
372 70
503 147
251 346
324 224
478 258
166 356
554 520
393 211
540 12
487 115
137 217
12 364
531 11
190 427
334 382
5 260
14 584
159 163
85 290
597 145
534 579
471 86
57 145
126 535
576 449
484 340
171 277
39 255
279 232
50 437
283 253
520 179
325 212
128 367
25 591
222 559
402 332
267 395
37 353
56 305
355 570
306 350
120 196
226 130
100 515
328 318
390 506
392 588
265 197
542 485
155 255
458 455
339 534
498 279
79 525
558 155
186 162
444 381
330 425
586 66
239 225
274 71
121 117
535 207
60 491
175 221
222 477
335 129
243 296
470 82
343 500
108 93
498 494
595 1
393 313
166 266
568 28
292 325
244 247
44 166
166 5
474 47
101 208
332 254
82 14
330 67
231 338
330 520
561 387
8 588
389 263
20 510
427 113
544 56
462 162
185 46
353 550
492 106
185 586
27 30
80 219
308 479
43 373
545 599
541 406
92 153
227 74
461 351
462 556
104 351
68 317
398 415
305 242
259 575
598 204
32 538
162 134
135 90
217 557
462 136
338 340
307 437
339 412
419 308
342 301
150 269
216 13
565 79
160 64
439 92
456 216
190 357
481 184
475 304
255 276
549 410
509 66
258 246
128 19
252 551
290 473
103 597
563 384
498 493
506 450
224 384
599 120
541 83
480 587
359 34
359 139
312 67
136 566
51 442
78 187
456 371
236 150
72 94
363 526
11 124
105 438
233 575
309 397
181 426
151 12
388 442
481 195
215 411
416 523
507 361
333 445
98 417
210 379
366 411
77 524
544 3
189 490
107 8
539 579
395 332
480 515
407 371
495 332
446 117
29 578
418 597
498 474
213 373
158 34
300 331
434 577
294 178
516 322
564 299
124 43
292 287
515 1
471 104
479 139
427 134
481 232
253 518
148 395
436 8
55 386
186 79
453 480
208 256
266 429
421 202
546 330
122 82
408 208
484 230
313 283
541 13
161 156
380 347
107 456
286 52
309 560
542 587
480 588
596 176
456 81
104 91
491 112
425 537
49 148
65 376
112 485
216 67
114 408
554 280
377 78
87 183
519 297
567 460
283 154
169 357
229 340
431 400
23 370
59 456
423 377
326 183
239 530
297 312
440 330
143 162
507 314
580 323
371 77
162 9
484 104
206 553
537 565
394 519
188 584
441 303
311 55
332 424
158 190
572 300
401 375
87 578
189 474
144 553
329 178
167 333
521 245
531 366
446 14
419 481
518 173
322 347
528 338
124 31
99 595
233 448
33 316
55 205
50 198
21 288
234 388
112 233
555 344
0 441
578 41
268 398
414 123
598 101
100 595
55 449
183 338
342 474
574 351
539 299
272 285
22 550
293 553
88 24
261 365
286 430
534 156
398 511
64 241
222 54
17 149
284 185
305 179
103 422
125 153
121 270
374 575
228 571
197 581
325 455
486 471
134 203
599 497
21 483
281 453
439 261
13 481
353 446
469 419
474 375
369 25
166 216
314 338
44 509
446 410
19 77
512 291
78 275
435 304
356 232
192 9
339 562
577 361
24 99
290 445
248 157
438 454
377 301
321 256
234 134
523 182
47 276
246 125
240 510
119 572
189 235
349 189
331 368
373 58
254 39
509 218
300 384
573 408
329 449
87 573
360 516
145 537
523 478
598 344
378 106
243 99
16 228
490 295
232 514
403 329
472 216
198 201
195 593
46 119
535 128
5 42
73 222
378 326
73 143
192 116
475 53
538 315
523 356
22 202
574 480
177 241
157 432
254 91
117 317
64 94
528 14
68 347
61 552
580 397
284 312
415 261
223 148
80 214
422 394
147 57
18 137
69 128
283 203
332 296
342 409
254 281
440 135
136 198
395 89
303 514
16 70
213 496
339 295
152 290
415 357
408 12
138 508
405 114
578 130
249 359
66 469
396 547
73 323
9 400
186 368
366 203
161 234
70 412
504 341
462 488
