500 500
85 221
325 439
145 73
268 494
438 151
188 371
207 90
456 470
457 65
331 11
391 218
483 175
198 363
345 196
319 428
138 229
390 225
204 211
111 18
65 141
45 298
139 144
233 271
277 394
472 347
44 198
100 366
116 168
149 184
375 387
377 218
354 154
10 424
242 246
456 436
117 486
61 350
226 256
155 104
290 47
480 472
19 370
32 37
86 147
47 395
471 240
354 301
447 189
200 446
391 424
233 397
289 73
280 187
428 101
495 5
60 431
93 372
309 250
358 115
342 201
363 297
309 339
302 297
322 224
185 474
36 242
498 286
255 222
496 191
33 392
157 54
471 21
23 94
270 159
104 314
189 379
102 137
193 0
261 27
176 224
167 484
81 445
69 264
303 470
353 369
469 318
355 293
403 402
292 187
122 290
313 25
495 270
287 52
338 351
289 237
102 255
315 201
204 327
347 83
200 1
297 121
382 413
455 274
18 453
445 409
162 43
218 383
155 259
395 51
94 178
369 18
408 357
300 45
333 161
228 305
155 387
111 131
431 211
343 429
122 435
218 94
229 107
498 136
215 176
163 95
397 389
256 430
498 450
17 365
483 423
349 459
9 354
108 428
441 65
55 154
125 197
149 467
235 321
439 468
25 377
321 63
397 406
407 402
376 105
68 65
447 142
497 434
192 428
140 71
397 444
443 65
305 409
64 407
489 457
36 43
418 452
90 76
54 381
301 202
238 318
405 80
345 228
303 5
96 442
246 14
61 65
25 351
309 52
245 292
444 53
492 317
177 34
375 359
403 40
424 436
407 176
231 290
468 104
255 269
54 185
234 496
62 412
440 232
366 272
297 151
239 193
220 270
110 383
221 393
427 43
370 229
450 208
209 102
72 119
74 320
212 370
225 264
57 446
247 76
214 100
6 414
46 366
467 221
239 54
37 197
260 215
109 281
151 319
129 360
331 53
357 152
342 30
296 64
429 321
278 455
276 440
338 48
486 230
470 180
51 449
298 22
11 173
176 13
36 458
303 211
376 394
381 288
152 338
209 492
494 96
196 265
133 496
58 407
253 265
386 134
57 338
115 63
158 410
137 81
100 31
9 231
264 474
489 445
262 215
147 30
397 286
202 132
86 71
373 282
131 47
499 269
193 41
242 273
420 88
390 131
189 24
150 40
64 291
257 386
77 167
181 56
397 2
105 354
435 277
404 1
490 6
422 93
233 391
474 346
103 42
144 284
17 98
366 487
416 311
193 132
430 270
204 255
201 328
236 356
79 450
397 398
169 467
75 302
371 441
395 28
111 486
67 42
426 425
449 496
116 434
259 317
471 35
300 109
453 180
370 96
6 166
24 486
370 270
232 116
31 206
476 434
24 164
389 318
83 188
82 375
105 273
353 147
191 391
458 251
298 163
368 39
275 414
499 73
235 229
391 378
187 267
90 159
298 212
389 340
488 424
53 306
437 426
267 208
224 379
134 226
474 467
73 436
269 379
391 22
263 184
206 302
183 488
135 460
123 185
353 157
250 169
263 213
481 291
322 47
137 80
489 77
110 218
70 250
437 211
390 269
486 23
150 388
214 175
106 136
184 486
435 287
364 306
129 93
62 271
453 399
406 192
145 250
255 129
29 241
476 494
28 477
349 131
414 422
282 59
154 367
88 193
307 59
95 283
462 438
146 497
348 203
40 441
293 60
435 75
478 297
448 87
120 272
365 62
395 401
358 491
281 300
285 213
376 482
271 489
221 463
378 493
43 414
116 130
421 401
362 382
308 80
362 333
397 176
284 182
307 163
285 329
278 81
219 223
76 253
423 462
124 114
8 436
435 88
278 491
2 86
394 7
184 416
186 0
472 31
339 434
493 13
172 94
372 322
31 98
259 197
285 357
30 199
317 374
239 243
163 294
118 251
362 414
58 14
141 182
0 296
169 30
494 434
474 159
40 155
363 175
170 472
128 222
213 476
284 86
168 290
444 139
386 61
303 166
447 197
187 198
443 414
472 265
236 368
271 304
15 361
211 18
215 437
366 468
445 15
8 470
1 378
203 247
176 325
135 334
193 390
476 346
367 332
442 272
471 381
366 398
296 254
273 64
12 46
208 357
150 495
189 128
450 246
297 293
188 417
249 73
67 91
490 69
43 462
393 426
10 183
449 276
466 149
401 339
252 295
331 252
33 293
243 364
321 143
360 1
106 141
420 452
12 394
332 6
273 87
188 113
212 262
395 333
140 366
393 292
2 203
335 258
342 400
458 206
185 28
498 465
