200 10000
27 197
20 198
49 70
120 131
13 25
122 31
57 163
197 69
177 117
99 129
185 52
130 109
136 135
191 37
175 182
152 5
163 2
3 72
58 170
99 127
139 119
60 50
113 36
173 9
92 56
34 126
174 53
70 151
148 154
107 100
106 151
25 150
94 173
177 153
117 139
135 182
112 166
93 100
145 62
111 7
135 36
148 141
59 153
171 178
194 145
81 141
19 125
185 85
44 142
159 6
155 118
112 122
120 41
173 124
154 59
180 7
131 18
120 104
83 53
64 71
172 70
93 157
55 33
18 107
122 71
143 140
186 96
136 100
151 161
146 148
158 133
31 71
173 180
122 194
89 71
154 53
165 129
199 96
54 27
88 56
30 100
193 73
156 60
91 163
120 140
88 159
168 111
103 11
75 48
70 16
57 161
172 67
84 155
22 170
72 99
150 183
180 65
153 183
98 36
6 26
155 69
42 17
5 65
190 135
6 152
154 167
71 168
153 151
152 58
121 5
162 59
25 97
155 41
169 81
107 88
37 51
137 113
135 112
78 26
79 199
24 91
149 155
7 173
22 146
156 167
117 126
72 188
68 108
170 164
2 12
61 93
189 185
10 31
42 71
115 51
1 56
85 112
10 49
91 135
145 127
6 117
9 37
141 61
71 146
193 175
73 37
64 125
145 168
173 190
154 87
58 195
84 117
121 107
96 146
192 30
179 120
103 43
84 90
147 20
67 6
137 109
77 138
37 114
65 17
5 139
120 69
66 69
72 59
173 95
34 147
6 64
158 54
67 14
38 165
42 136
51 24
124 53
9 31
121 73
44 146
106 50
159 186
34 75
82 96
94 8
28 86
163 121
93 84
72 140
60 196
192 106
17 76
26 134
119 14
174 8
43 171
99 92
132 84
169 186
14 152
56 93
51 38
151 92
90 65
166 120
182 47
75 178
189 14
45 181
138 131
148 138
25 108
159 11
88 147
151 176
46 39
119 15
115 147
49 111
105 70
146 142
18 152
65 154
174 99
102 71
134 186
88 15
124 117
70 71
187 159
160 57
186 170
162 46
85 142
156 18
165 144
48 35
153 14
98 16
66 44
39 126
40 191
184 180
185 157
118 98
91 137
95 111
147 5
85 129
171 44
58 23
68 164
167 36
103 65
112 48
93 151
102 61
56 112
174 148
23 97
180 151
146 65
130 101
58 5
79 23
61 142
115 198
36 177
79 44
160 184
165 85
35 36
193 63
100 153
70 196
197 77
128 138
157 6
167 118
59 15
21 149
154 122
134 162
88 189
80 71
176 158
46 169
113 16
41 55
58 90
111 30
184 198
17 121
63 196
21 98
4 21
117 52
151 144
13 144
189 84
165 46
132 191
115 85
193 99
173 19
98 192
64 95
192 187
180 190
195 146
60 43
56 23
27 29
148 109
46 73
129 68
28 164
115 50
122 44
77 70
74 9
134 109
36 146
133 167
71 196
141 29
90 191
174 132
144 70
27 58
161 158
131 128
76 167
152 135
4 74
9 20
178 115
60 36
37 77
115 132
194 177
1 6
59 83
33 150
69 125
38 56
49 67
103 162
65 24
98 121
167 40
160 182
197 128
14 58
13 119
50 74
193 168
134 194
176 143
113 189
122 155
117 196
81 28
87 158
64 7
19 25
189 120
93 37
177 186
190 30
182 173
197 137
83 2
35 34
2 99
65 22
120 13
27 55
118 166
62 13
154 137
36 132
103 128
152 114
152 55
194 1
115 75
144 136
150 71
173 118
159 156
194 185
71 130
19 108
178 108
180 109
14 112
68 51
75 108
100 98
42 109
63 172
67 183
35 5
18 71
34 169
155 130
159 118
68 198
25 50
7 114
38 186
171 124
43 1
198 8
142 60
178 70
149 134
180 38
128 87
114 5
150 34
146 124
76 82
82 51
11 138
191 12
8 86
111 191
133 44
42 135
59 196
117 174
193 174
98 95
149 151
45 26
173 43
151 175
110 199
111 9
166 65
153 92
176 144
164 136
1 17
39 73
171 137
100 175
178 175
110 107
168 177
31 93
33 164
118 152
74 69
8 170
128 92
187 29
46 120
170 178
28 89
199 57
169 191
178 104
147 96
182 132
106 158
22 23
80 179
29 60
15 169
106 70
21 135
8 72
157 84
190 126
37 13
101 2
72 174
89 37
145 50
90 13
137 23
31 188
54 106
174 173
60 151
125 38
8 193
191 193
190 118
19 154
47 70
172 20
103 68
179 101
152 10
155 186
187 190
195 103
118 32
167 172
42 141
53 19
19 172
83 61
7 57
88 91
176 96
172 51
64 99
69 24
162 122
164 39
62 99
198 31
44 153
177 145
190 161
79 73
180 121
184 117
194 181
11 74
105 56
163 99
101 184
181 190
133 173
44 93
162 83
109 164
97 54
190 138
123 104
136 147
56 130
185 19
41 38
85 108
89 27
188 135
194 77
173 57
132 172
147 155
96 167
23 162
159 29
156 46
51 77
106 155
139 134
179 35
154 83
131 27
116 88
92 154
18 183
164 196
62 188
65 54
160 134
84 111
144 168
91 69
195 27
112 47
22 120
37 25
117 154
52 139
79 86
9 128
164 95
92 79
185 43
128 63
48 128
46 48
99 46
95 70
8 139
182 193
14 69
20 30
123 189
145 119
35 1
182 167
16 119
110 143
156 193
170 0
143 144
67 167
131 56
89 43
142 124
17 167
125 103
61 17
54 31
179 131
93 181
168 120
21 124
65 197
61 41
93 25
144 110
56 142
5 95
146 32
84 36
99 79
34 138
26 42
138 180
46 176
90 128
109 128
25 106
33 83
54 163
90 161
114 181
142 24
23 121
108 127
30 66
41 196
179 148
42 37
13 161
172 184
35 68
154 135
175 45
129 170
60 195
10 73
26 152
139 9
20 83
158 177
7 91
25 123
195 34
92 117
175 9
24 170
90 16
57 101
146 182
151 138
146 57
7 67
102 112
98 133
81 78
90 18
43 5
105 89
165 142
134 66
81 194
173 108
33 132
72 157
123 183
182 9
165 20
66 13
4 29
0 147
36 156
43 63
148 153
106 177
91 129
175 174
123 4
133 111
68 46
172 5
129 34
172 115
186 167
110 98
125 58
112 140
93 118
6 108
53 190
144 92
135 74
7 77
48 107
100 151
27 170
107 82
59 69
57 141
80 174
183 75
136 188
12 59
175 156
129 26
108 53
88 40
163 67
172 99
47 42
63 166
155 95
194 75
52 160
78 159
187 63
91 107
194 71
133 151
172 164
31 3
163 29
160 179
97 98
1 73
66 138
150 129
4 130
28 21
120 149
110 163
91 62
60 133
175 191
189 134
176 99
54 49
153 102
126 72
79 17
161 1
151 116
48 168
16 78
142 42
167 161
180 9
14 147
3 7
161 136
34 176
8 91
58 28
0 74
13 172
177 24
3 147
93 183
102 80
8 172
41 144
68 137
174 133
2 80
148 28
163 101
183 53
2 110
89 59
24 31
41 102
164 142
88 42
74 15
25 100
186 151
90 172
44 158
65 91
105 180
140 33
175 116
15 6
56 114
11 47
166 85
187 22
54 154
29 152
11 110
100 11
52 80
42 115
19 95
91 190
137 186
165 24
189 70
38 178
179 127
13 174
23 69
197 142
149 114
188 47
149 17
171 94
3 148
110 155
144 40
100 4
13 17
177 31
160 39
147 9
8 158
108 3
193 116
62 73
152 104
10 87
198 37
182 67
121 139
135 34
64 101
119 83
65 7
60 191
52 149
9 73
131 183
158 147
19 142
176 30
48 178
199 185
13 115
130 97
160 152
80 128
140 186
196 95
113 89
148 72
14 178
185 18
187 59
44 129
9 162
122 150
125 168
44 121
74 101
60 47
49 80
121 128
92 69
161 116
57 130
139 65
156 81
12 53
17 105
123 195
4 102
135 28
29 0
10 196
4 65
139 136
118 115
145 86
181 123
69 43
15 62
153 90
70 2
91 85
98 57
23 68
1 105
71 136
12 174
43 7
67 144
64 193
84 185
123 58
93 187
44 195
35 147
194 173
123 88
2 199
132 93
157 190
96 137
187 133
179 51
166 161
117 87
130 114
101 149
50 4
109 28
22 54
118 157
9 105
132 168
9 185
42 98
94 152
176 54
83 186
149 14
75 61
149 124
180 114
120 199
37 0
74 46
94 89
135 194
11 5
87 198
135 69
182 128
111 147
65 108
50 138
169 120
11 102
31 186
122 59
34 190
181 81
146 183
83 133
31 15
137 178
32 181
49 128
58 26
155 77
189 195
123 143
117 96
15 160
8 15
87 138
139 59
142 109
184 74
124 72
49 91
64 33
150 77
183 89
12 164
153 145
155 51
72 32
2 22
198 188
45 191
94 123
78 179
7 90
22 174
21 31
161 130
63 180
1 58
104 78
78 68
73 27
9 196
129 82
168 54
170 152
157 129
38 23
173 160
140 3
62 20
40 11
157 9
67 131
33 131
158 24
168 179
12 101
124 41
29 62
160 8
101 124
150 57
134 19
25 87
72 195
172 17
90 109
32 100
45 79
93 185
190 7
34 181
126 112
183 103
56 145
13 155
39 175
183 133
135 59
61 44
123 148
103 98
93 139
87 39
112 28
82 119
57 138
5 104
20 87
145 158
21 8
93 196
3 74
10 23
95 43
106 46
106 32
70 57
41 194
181 43
179 66
42 162
182 164
160 1
125 183
119 185
106 150
57 12
132 41
10 191
50 49
142 122
75 120
88 7
148 116
73 172
82 166
70 194
152 120
55 17
44 57
76 69
31 69
38 145
105 113
111 53
129 3
152 186
189 162
141 48
198 69
16 95
120 186
22 74
160 35
102 140
59 22
180 129
121 125
198 143
97 17
177 112
7 39
44 173
84 102
118 60
143 72
182 117
9 183
31 81
192 114
151 57
18 149
176 60
48 74
51 189
43 48
116 125
85 32
67 41
5 143
135 71
43 107
67 91
198 111
141 62
35 146
126 27
14 59
86 187
20 22
133 45
155 18
51 33
22 98
88 112
136 183
128 164
17 126
72 66
76 110
65 15
116 97
66 180
98 174
40 54
7 195
107 199
26 73
173 71
67 146
100 126
138 73
86 106
2 122
120 106
148 7
156 127
64 66
133 89
85 60
119 135
53 96
124 147
116 18
59 85
159 148
1 36
123 7
59 84
101 14
87 27
141 89
128 2
11 45
158 57
50 140
40 42
140 128
38 194
68 1
177 81
123 24
100 36
174 66
159 18
60 144
169 65
43 37
57 128
144 137
16 102
134 1
83 173
48 147
149 57
23 91
103 152
0 21
85 22
120 56
136 180
11 148
8 186
196 190
93 86
78 61
133 37
158 187
119 30
169 128
45 173
137 10
141 69
45 93
1 110
33 14
55 175
57 35
124 82
101 180
109 154
81 118
184 132
150 67
101 164
120 157
105 188
18 93
148 84
126 198
26 98
75 76
55 60
54 141
10 95
43 198
13 111
5 155
105 111
123 175
188 28
85 162
140 43
113 184
108 161
54 17
198 15
130 119
139 185
17 122
191 85
81 8
175 142
10 71
170 97
151 86
142 148
148 27
40 52
83 146
164 86
185 105
92 40
54 30
18 174
117 83
27 163
145 133
97 193
56 139
173 96
177 74
198 186
158 127
23 156
82 128
66 96
120 55
175 180
39 148
168 62
82 59
106 72
67 94
82 188
160 28
181 16
51 97
85 101
92 178
139 125
139 84
8 79
173 147
103 87
2 183
53 148
110 13
186 62
126 58
51 117
150 127
30 170
32 42
132 38
98 187
136 81
81 61
28 137
119 109
95 144
130 176
69 94
53 18
100 116
2 54
96 76
197 172
117 22
184 86
44 187
174 102
39 116
28 143
98 39
132 187
30 103
148 17
161 180
24 71
142 156
13 126
89 51
40 77
121 178
115 95
71 111
85 17
144 135
99 33
85 104
78 63
90 167
139 170
16 165
128 54
135 12
146 18
14 46
132 175
22 145
50 62
171 86
169 67
59 32
62 161
111 8
77 54
39 168
199 121
68 97
11 73
103 129
144 54
98 180
148 149
121 87
45 36
29 124
133 176
90 10
181 47
113 119
19 41
154 164
22 95
154 146
103 113
94 136
161 169
186 57
156 93
30 109
77 52
111 162
139 133
165 42
94 106
63 183
112 142
172 105
15 27
162 101
120 95
58 56
120 127
103 115
192 85
25 138
108 47
70 87
53 106
48 113
184 19
183 106
5 78
118 91
37 64
11 97
114 71
170 81
43 188
123 16
3 1
99 40
124 28
135 189
189 22
156 35
57 83
125 36
28 132
42 84
100 8
54 104
79 170
191 188
127 48
149 80
9 115
119 162
25 12
102 160
57 104
25 88
33 13
58 8
147 76
34 38
128 52
197 68
64 76
162 84
95 189
107 98
167 150
56 154
108 89
104 190
36 131
18 92
167 93
148 137
41 105
2 181
0 180
158 28
184 125
131 21
38 84
46 19
94 192
193 40
13 15
19 156
197 101
189 57
41 192
124 140
170 75
138 33
110 79
5 66
18 136
73 163
147 36
27 153
15 9
163 84
78 40
104 47
133 10
76 33
33 18
89 135
62 87
7 172
187 118
180 123
83 51
122 198
171 143
145 173
114 128
188 87
104 175
113 73
132 149
107 24
157 166
111 142
33 108
76 139
143 4
96 13
121 30
0 27
23 184
101 99
149 59
91 102
7 46
17 182
77 193
187 134
25 121
107 130
183 24
89 20
142 46
111 148
41 33
193 153
5 198
196 135
110 96
170 157
171 156
195 170
120 172
52 179
8 43
17 24
33 141
141 162
183 61
151 90
146 105
47 173
84 100
111 76
169 157
102 31
185 30
144 58
5 103
189 103
96 49
138 108
189 53
150 156
136 44
185 39
10 3
52 109
37 186
163 26
199 90
42 129
159 54
85 16
115 193
65 116
33 137
36 59
6 154
125 21
177 63
14 186
101 126
42 182
122 57
30 112
85 176
115 94
118 83
27 188
149 51
17 193
151 141
183 38
152 194
140 35
174 64
190 193
8 52
152 95
8 75
23 189
179 79
181 182
29 86
175 107
168 33
44 9
71 140
88 155
11 152
51 119
123 173
48 44
18 170
74 124
67 130
15 94
53 82
40 102
91 18
151 74
15 188
114 147
186 43
88 185
58 65
69 138
41 44
41 62
148 55
190 132
135 10
87 150
43 118
73 199
130 91
91 84
192 63
67 85
27 123
141 142
17 189
9 174
158 37
14 164
195 163
16 34
57 100
95 65
107 146
84 78
62 39
4 38
51 93
60 125
96 24
52 141
128 157
62 93
33 25
36 93
192 173
97 177
15 180
16 101
169 114
194 169
78 135
10 192
91 145
24 119
12 11
182 76
53 63
41 195
127 17
11 107
141 92
79 61
149 56
169 143
48 68
193 151
98 43
121 195
160 119
19 21
57 131
93 99
0 43
137 19
110 7
8 107
166 22
199 36
54 0
102 99
123 105
42 173
117 48
152 119
146 86
54 183
139 62
28 44
178 165
61 64
106 87
58 61
12 100
100 134
91 192
26 8
101 125
173 89
28 182
15 190
169 99
49 110
31 46
75 56
84 110
165 10
8 9
170 124
53 157
117 25
173 165
126 168
129 67
4 173
65 163
78 60
30 181
133 144
99 23
50 168
72 133
195 8
107 50
47 144
160 115
190 130
108 177
194 183
153 129
146 152
114 72
7 63
101 79
193 106
34 42
13 116
155 126
32 174
106 82
128 185
6 47
2 93
78 127
111 17
173 90
20 196
43 109
129 56
71 28
192 5
83 136
102 155
137 52
56 128
87 0
83 22
132 30
40 32
54 7
126 147
184 131
189 141
11 77
138 186
112 157
115 100
147 174
90 166
96 151
90 198
132 72
6 179
42 8
100 143
33 105
107 69
13 181
75 165
75 158
161 143
159 53
98 30
142 21
115 174
167 157
194 102
130 46
128 178
168 69
182 53
167 168
71 171
193 16
42 96
97 88
125 22
82 36
84 136
64 159
32 191
120 158
57 39
168 122
19 84
25 114
119 79
56 84
21 80
59 109
68 177
191 89
110 138
86 49
53 102
45 37
198 1
48 102
11 177
38 103
2 157
63 137
163 103
108 7
160 90
22 109
13 171
183 157
166 189
194 191
81 30
85 199
46 60
171 40
98 81
25 185
13 20
170 187
104 130
178 191
192 69
182 144
10 159
24 132
92 170
104 12
79 120
69 54
124 118
179 102
186 35
133 140
183 11
91 124
85 29
21 100
179 98
159 149
95 53
171 33
133 79
51 165
165 138
55 14
173 155
67 87
144 25
183 167
96 134
28 61
117 178
195 176
89 45
86 167
175 111
115 2
91 121
49 3
152 141
166 28
13 106
100 37
49 14
49 29
117 64
130 63
90 91
138 65
126 53
21 136
142 32
106 168
17 197
17 108
140 152
191 62
130 136
142 186
161 51
114 47
18 119
138 114
44 140
180 16
146 94
77 79
100 16
118 11
119 67
141 159
25 130
120 129
196 155
84 150
132 118
68 26
136 165
40 178
68 30
50 195
7 161
171 148
87 149
174 48
153 40
183 41
0 109
48 85
152 80
125 18
58 145
8 166
186 45
39 159
198 136
45 111
138 72
192 126
160 67
113 87
100 19
115 195
164 70
196 89
31 192
191 46
108 55
4 57
88 153
26 74
114 132
42 128
63 179
132 150
129 161
195 196
86 190
188 21
156 123
33 88
130 65
133 189
103 118
137 118
154 123
124 11
136 146
26 184
100 92
93 9
98 59
141 121
74 116
97 113
169 122
177 129
77 23
84 131
49 63
68 92
140 95
36 104
123 26
174 119
34 158
192 6
91 22
140 77
159 178
104 53
138 76
37 118
56 85
104 129
193 130
197 132
154 44
80 3
67 188
47 148
42 101
160 194
153 192
4 107
95 195
62 95
125 54
15 4
172 79
183 188
83 104
195 171
116 4
42 138
145 25
66 59
132 34
175 5
190 55
8 121
79 175
79 194
53 81
66 86
86 72
127 33
39 187
74 93
59 61
31 113
59 51
103 86
104 170
37 139
148 197
13 156
191 78
96 156
143 93
78 59
178 123
26 22
32 159
123 31
162 50
42 97
10 58
178 89
179 144
71 120
129 20
126 60
9 109
181 65
181 159
103 121
129 80
20 118
38 12
2 8
53 31
116 92
154 106
102 66
71 134
40 9
108 29
159 140
146 53
8 24
123 97
16 170
127 152
41 60
184 90
42 61
191 135
138 111
160 9
17 145
74 5
59 173
159 105
125 24
78 138
186 88
183 20
106 109
155 160
58 100
39 36
126 40
10 197
75 145
97 36
170 7
192 26
74 180
156 59
29 138
78 31
27 177
95 18
72 90
94 156
194 139
54 143
191 104
71 167
30 96
134 180
104 96
56 163
132 158
2 87
17 123
46 23
197 93
67 109
96 75
168 191
67 18
42 153
97 139
8 118
162 132
58 30
94 179
28 54
149 139
80 184
120 160
35 143
152 36
181 107
161 86
182 124
118 35
129 40
87 166
114 163
176 126
176 86
198 199
25 168
5 57
195 94
151 20
117 19
134 21
15 113
49 1
43 102
51 122
159 172
17 137
25 63
197 161
47 126
57 179
171 59
48 59
50 184
51 131
109 78
154 119
100 102
169 124
164 74
102 47
85 23
193 78
111 130
80 146
43 149
186 85
120 82
148 1
75 173
84 175
167 164
42 151
88 6
71 1
139 6
107 139
18 199
196 3
86 147
19 153
102 14
39 56
182 177
51 62
96 192
192 100
196 82
161 53
29 35
77 3
182 119
55 64
89 111
173 27
66 185
60 165
55 195
66 165
111 102
120 34
22 60
135 160
135 123
32 121
191 117
9 118
151 137
149 171
194 47
179 54
26 70
14 144
102 23
50 126
20 55
53 87
41 104
32 49
108 141
92 8
14 173
99 59
62 113
161 185
158 114
83 26
187 137
23 54
116 180
111 140
136 17
8 190
168 65
66 82
75 180
160 153
199 193
127 54
123 36
32 134
39 198
20 102
96 120
116 53
167 92
139 16
42 154
112 150
63 21
112 159
73 131
79 151
190 38
178 85
21 123
92 26
83 193
113 71
43 191
124 127
71 43
50 70
79 168
15 199
11 57
158 152
146 123
108 146
15 130
178 120
43 4
50 170
24 9
144 109
70 81
130 156
71 90
19 160
27 79
81 143
96 86
70 145
72 36
177 170
124 44
133 94
162 121
182 142
124 180
37 56
94 98
104 23
3 164
128 50
118 113
146 39
162 26
29 43
32 132
146 47
149 39
125 32
62 65
162 198
123 153
115 162
9 13
189 82
119 198
18 29
13 138
72 146
143 44
46 105
72 21
98 13
50 137
169 24
68 28
94 113
43 177
69 61
160 109
79 0
87 94
105 62
113 169
51 2
83 115
100 38
137 111
36 144
89 147
199 190
199 62
170 78
194 68
123 84
103 155
67 81
119 72
56 33
85 137
185 26
14 2
70 75
7 11
172 33
66 51
112 167
172 109
80 50
163 16
15 89
109 41
193 126
72 42
72 100
33 87
62 81
133 109
171 1
29 46
160 40
66 36
9 134
25 161
24 93
81 192
112 84
157 24
7 118
132 130
173 138
53 38
105 156
101 167
177 83
2 56
198 177
82 182
120 133
117 21
47 39
130 89
195 156
141 167
173 120
67 70
135 127
161 34
83 114
156 99
130 5
51 103
40 177
22 50
83 11
155 145
79 7
176 11
28 192
168 198
49 53
95 185
112 74
42 177
171 176
1 103
138 58
26 24
63 44
64 150
190 36
155 159
152 84
29 182
105 197
102 172
73 175
25 127
158 193
37 183
1 101
17 92
17 34
82 68
128 120
164 162
158 11
138 36
51 31
50 186
180 110
181 10
97 102
59 180
158 95
63 60
187 56
144 194
140 12
160 25
137 74
54 169
112 10
120 194
183 144
68 142
51 61
172 34
160 43
101 10
95 72
185 181
49 95
5 77
108 169
52 94
144 65
107 22
197 28
85 39
127 20
150 45
87 175
190 159
78 132
135 177
137 149
65 66
89 193
184 153
88 174
15 10
73 70
184 186
42 74
84 160
52 57
57 136
9 75
40 159
193 178
27 166
185 89
199 7
60 42
164 197
181 167
109 46
124 1
82 141
136 150
182 63
7 99
184 135
102 116
76 112
55 35
163 136
27 121
142 130
135 61
8 90
124 67
65 129
69 90
172 32
32 133
50 135
78 6
61 46
44 34
155 23
132 131
54 57
34 83
125 133
124 134
163 81
130 88
181 92
181 39
12 46
121 66
197 118
27 129
29 173
29 109
34 29
132 199
73 33
125 62
27 117
181 51
73 192
106 123
65 81
59 118
193 142
123 145
45 189
175 1
197 102
22 155
199 196
65 145
83 71
149 0
122 180
4 2
97 145
94 107
162 35
10 139
25 82
162 3
54 192
152 132
140 189
77 97
6 70
140 5
127 106
116 191
156 50
124 8
155 90
60 9
179 23
3 12
165 28
97 46
125 142
116 122
131 32
147 13
52 62
143 3
191 166
98 105
63 80
20 132
77 146
0 104
177 195
179 74
87 197
1 22
63 101
85 147
177 139
8 106
190 32
105 189
180 72
143 104
134 23
6 110
31 18
14 143
184 199
90 134
106 173
179 186
67 174
27 48
135 87
167 46
16 131
7 85
199 55
66 144
91 150
188 106
67 185
139 87
17 109
51 25
86 199
183 28
102 22
112 81
113 167
25 10
98 173
77 181
101 165
57 145
28 27
6 149
110 197
5 70
25 46
145 11
19 178
50 75
101 32
165 76
31 66
115 109
38 191
94 4
170 31
134 2
49 176
144 82
166 16
114 89
59 45
85 18
165 64
149 107
192 133
22 178
40 82
161 165
153 46
136 195
9 53
76 67
41 173
123 109
153 140
119 68
182 118
159 121
62 158
30 134
163 68
103 99
67 71
98 92
21 53
17 43
8 49
52 13
138 154
46 22
185 14
100 108
45 56
186 164
46 139
7 51
109 136
8 140
15 24
30 189
136 106
32 193
0 70
198 44
15 134
169 152
13 3
178 12
12 78
72 31
74 68
50 143
119 74
164 27
164 80
161 81
143 164
120 43
174 97
194 40
16 179
151 166
126 175
31 79
153 86
164 16
122 153
89 55
148 158
143 190
134 45
66 33
119 21
155 165
22 147
183 177
158 103
12 36
45 160
28 5
35 31
157 45
123 75
1 55
123 114
138 184
32 107
24 108
196 16
134 33
35 194
60 173
2 91
126 82
78 2
107 66
198 144
6 101
167 158
51 16
167 148
58 193
15 30
111 160
100 164
127 35
182 90
48 97
197 107
88 44
181 72
58 117
160 175
135 11
56 25
3 78
59 105
103 10
8 137
191 16
13 88
55 124
91 177
111 42
90 152
0 159
152 116
177 192
82 57
177 1
162 193
43 176
52 194
88 30
141 88
70 32
157 148
49 90
94 153
18 157
59 104
91 26
199 116
184 130
26 57
176 16
28 90
32 48
25 54
108 129
155 175
42 194
14 106
148 131
169 61
3 189
45 123
126 33
22 72
47 178
138 8
164 110
10 185
132 165
171 101
145 144
104 132
143 96
26 142
89 150
56 11
124 77
44 179
131 45
194 127
17 18
79 117
191 0
63 141
7 48
78 106
11 165
90 76
59 91
80 183
178 77
161 173
77 171
172 55
89 132
80 7
97 6
2 26
71 153
46 189
72 186
23 106
168 32
51 110
142 163
199 67
96 81
163 178
154 88
132 18
73 68
46 81
157 7
122 158
122 184
164 116
158 63
0 101
178 2
134 153
164 126
125 135
119 41
193 192
90 73
99 150
29 20
15 92
79 56
89 72
36 86
33 115
26 118
146 82
121 99
84 94
67 111
26 187
123 165
151 4
173 97
190 150
151 131
4 44
128 98
25 175
124 137
135 25
165 31
135 113
135 199
101 62
191 47
17 146
138 161
180 115
101 46
128 127
132 151
78 186
184 166
15 2
96 70
111 107
23 146
13 55
109 21
194 106
113 129
96 15
31 64
111 114
28 49
61 85
27 50
85 102
12 85
188 75
176 119
157 121
166 86
35 43
128 161
134 170
77 166
161 111
98 77
160 197
99 145
76 132
142 75
36 187
148 52
118 145
95 15
78 85
10 52
47 24
96 84
129 117
96 41
108 60
170 32
78 91
185 114
139 191
60 12
185 126
120 0
192 40
92 35
151 114
82 10
90 81
72 74
105 21
42 118
185 166
96 138
150 48
64 114
51 21
17 81
57 21
31 52
160 12
84 57
101 106
74 56
129 12
180 85
17 93
190 69
170 179
49 92
144 22
36 52
198 142
9 113
188 76
170 68
23 119
100 79
177 6
7 26
140 91
92 189
43 58
36 149
78 190
100 42
116 160
136 47
133 47
7 174
182 127
84 15
190 168
61 0
194 103
179 106
111 65
40 108
154 33
48 134
18 23
83 188
110 21
179 37
188 118
176 187
65 150
137 60
104 124
61 160
190 149
19 121
198 82
111 150
140 55
88 67
154 16
115 67
58 25
147 148
44 92
96 154
4 35
38 160
183 186
122 29
69 180
196 39
5 82
15 105
56 117
101 157
2 172
43 83
51 113
12 72
35 165
63 108
117 158
32 6
55 113
116 40
163 44
107 13
166 197
6 75
81 54
104 138
60 186
152 168
80 58
173 179
129 122
66 100
187 180
78 144
140 34
150 76
25 116
40 186
172 42
31 159
173 31
52 152
165 59
168 184
63 99
138 4
83 3
176 108
85 121
2 36
14 0
168 70
161 117
99 71
179 192
62 198
147 57
174 83
45 84
197 9
9 184
58 101
131 102
18 26
188 175
64 124
30 164
26 72
28 177
55 197
44 50
47 17
132 113
135 7
148 135
93 158
49 52
156 64
176 149
143 154
79 74
142 67
3 17
174 56
50 72
3 99
52 100
54 47
29 132
100 77
102 121
193 160
47 22
154 125
123 160
193 157
143 53
135 117
131 59
171 183
182 137
78 80
94 101
109 171
62 181
122 78
50 16
155 66
196 31
4 53
190 125
169 37
102 51
129 36
71 137
187 94
49 9
90 70
97 182
139 48
162 96
160 136
64 75
58 40
12 93
120 74
161 30
87 148
45 6
96 142
92 121
152 9
185 154
6 193
57 48
55 194
149 143
88 3
116 120
108 2
53 52
164 34
187 62
135 171
159 133
153 178
183 81
85 19
123 66
139 99
163 185
49 140
18 6
148 145
162 118
25 129
124 109
90 131
50 17
12 95
153 61
13 162
138 106
40 69
152 179
130 32
11 43
33 43
196 109
125 75
95 176
149 40
110 193
34 9
51 45
111 185
61 139
20 57
55 57
149 42
190 102
141 115
24 22
114 75
53 109
12 86
104 25
24 70
184 66
24 120
100 125
180 164
79 29
122 54
22 67
4 189
75 119
146 37
90 59
191 142
92 10
122 123
152 85
38 39
139 83
136 52
69 195
198 138
93 192
13 1
93 48
111 75
125 196
83 164
197 156
50 66
183 39
72 29
113 98
121 187
44 123
118 61
71 96
16 53
143 90
101 161
49 141
127 141
10 38
107 102
15 155
195 178
12 77
94 12
81 97
29 199
100 63
3 152
132 99
175 189
41 167
14 122
29 31
123 144
86 84
54 133
141 23
76 4
23 75
61 132
76 109
162 145
117 24
83 30
8 183
99 18
42 10
22 96
11 2
191 79
58 157
174 166
145 102
148 86
116 78
133 65
164 64
142 79
88 19
86 172
74 113
77 19
118 46
8 12
168 147
178 39
130 171
155 35
125 162
16 168
197 146
46 126
122 1
112 120
83 64
136 145
167 19
70 166
110 175
26 160
109 185
126 32
155 114
88 95
195 151
123 141
57 159
77 24
131 50
73 95
181 198
49 59
145 116
8 30
65 84
119 95
85 21
3 171
138 38
190 41
11 170
31 178
4 161
0 189
10 8
19 113
149 67
25 84
91 169
161 177
59 39
166 129
67 186
0 51
2 123
20 124
163 66
134 171
59 88
168 181
6 14
111 59
167 144
180 126
186 5
34 57
34 175
153 50
66 178
127 69
44 164
68 182
13 56
68 132
101 66
136 39
99 80
45 61
165 117
187 76
23 67
156 117
199 183
113 166
56 81
157 151
88 87
136 141
186 165
78 140
174 31
140 89
110 62
96 166
184 68
34 77
122 86
36 106
35 110
150 75
45 140
49 166
75 73
167 3
46 67
70 38
108 114
118 80
6 33
60 74
157 142
96 148
125 25
55 11
57 18
180 108
27 60
198 58
27 46
42 75
65 194
163 6
44 183
32 64
76 155
113 114
21 139
63 154
40 118
143 83
96 197
8 62
47 171
170 107
124 93
39 176
152 154
84 159
46 115
100 187
43 52
0 177
127 29
137 156
43 57
199 63
130 163
112 43
30 130
1 153
149 110
74 7
144 163
158 181
13 187
77 180
9 41
155 74
128 193
18 12
40 141
50 182
127 26
37 19
127 122
11 66
142 88
126 22
88 196
196 98
174 26
193 138
139 174
106 148
160 51
181 22
162 79
182 147
198 101
119 142
1 52
115 15
42 169
25 179
183 14
42 3
132 177
21 116
119 94
186 199
39 186
168 109
176 193
71 8
135 63
95 191
145 117
146 188
10 75
76 83
68 154
52 125
43 168
187 52
75 192
191 97
2 17
27 33
49 93
161 91
31 39
48 0
102 183
191 155
81 125
40 90
117 197
116 2
45 7
19 146
103 153
43 147
29 156
30 179
130 86
135 32
84 47
50 141
5 135
29 144
88 14
145 186
37 121
18 181
55 7
62 174
151 159
24 53
135 142
49 19
104 106
54 188
126 90
32 189
180 42
44 95
165 110
58 32
26 146
145 110
56 30
105 107
86 10
155 96
99 195
35 24
144 32
97 74
16 185
166 181
117 97
35 124
151 81
117 15
36 96
58 0
132 133
61 189
102 161
99 165
116 57
142 187
36 173
23 40
12 49
171 153
23 13
98 96
164 20
43 75
37 38
114 31
121 90
194 85
140 39
134 99
114 77
161 97
101 192
30 44
2 40
56 51
69 136
178 148
114 121
97 127
134 38
185 34
66 68
134 167
131 161
89 152
48 183
102 123
131 162
199 1
20 81
187 131
96 0
57 198
35 111
135 115
31 8
167 94
39 76
93 63
61 125
129 142
39 154
123 11
121 190
66 171
192 89
138 1
47 141
14 118
67 33
152 196
44 194
84 48
139 169
142 145
123 85
24 106
179 55
194 190
146 101
176 72
122 15
49 198
164 165
55 28
46 80
186 122
187 42
89 78
84 134
149 182
197 184
151 66
7 168
7 149
192 109
142 176
112 24
166 119
177 5
194 150
20 192
106 144
187 160
134 110
22 157
14 10
75 78
112 147
80 36
5 165
189 196
156 103
18 175
39 34
7 34
135 170
68 186
158 197
195 159
37 68
116 99
54 184
63 194
87 140
4 139
35 14
112 45
122 97
104 144
38 8
10 46
57 19
15 54
123 197
192 55
123 163
82 199
49 78
179 60
10 41
91 97
144 16
168 99
122 23
196 57
173 26
116 104
67 25
165 71
189 98
152 147
170 57
4 26
117 44
145 60
136 98
190 57
126 165
195 180
6 42
130 168
80 24
147 90
43 55
100 97
4 179
119 175
107 136
24 196
76 146
18 112
106 19
155 3
65 128
194 30
169 154
41 159
44 52
190 195
136 175
72 71
45 153
93 164
100 53
24 78
83 17
156 140
66 156
167 23
76 106
27 35
137 41
70 112
166 26
92 145
59 79
114 27
174 177
35 163
7 153
86 52
170 132
190 144
143 2
41 174
58 46
149 70
74 187
135 156
58 124
196 157
186 107
174 93
107 7
196 158
90 165
120 198
9 62
190 148
46 32
1 125
103 28
97 41
100 193
25 141
2 9
47 72
171 79
163 177
57 38
123 10
100 145
168 57
102 171
127 40
187 105
162 135
59 19
121 184
24 68
69 95
116 174
49 33
122 163
28 69
175 67
128 99
179 41
99 27
120 2
86 128
159 12
158 191
86 111
157 54
62 165
73 145
132 5
138 0
75 90
44 19
54 119
183 42
27 91
117 109
49 158
36 41
68 107
0 88
72 75
72 9
7 163
179 176
39 67
189 157
46 96
60 94
24 122
112 87
159 80
130 74
160 195
2 180
112 169
146 24
129 24
118 74
88 76
37 192
169 197
44 175
168 8
24 175
23 177
30 195
196 132
143 61
195 132
87 18
90 2
182 12
195 46
85 113
90 5
24 192
190 128
174 169
45 110
183 114
14 146
9 39
153 117
176 148
174 34
6 187
90 136
187 198
139 63
116 37
10 68
121 51
58 149
85 98
193 148
29 117
196 21
47 37
84 197
148 194
106 33
173 109
7 68
90 162
172 52
5 55
75 31
123 57
187 79
94 27
3 183
51 184
75 17
61 47
129 111
46 145
141 119
74 21
172 49
111 166
109 98
142 77
102 120
53 20
160 97
192 99
64 113
32 76
56 53
83 195
93 144
93 166
182 59
77 56
88 5
126 182
193 66
61 182
13 134
126 95
56 135
5 149
120 18
181 54
49 24
166 48
176 147
38 195
76 35
10 17
190 18
26 172
55 171
135 179
63 9
168 90
32 137
150 80
94 11
67 153
102 96
121 145
3 172
120 48
24 105
104 90
98 144
136 80
78 69
185 131
33 37
42 119
101 183
62 83
73 61
52 133
139 14
192 43
57 139
52 108
185 29
197 95
171 51
12 71
47 50
187 129
25 23
63 181
37 185
178 127
197 56
117 76
44 186
160 73
131 181
52 103
61 101
6 94
154 133
89 33
124 152
11 17
172 104
170 39
89 50
93 122
87 78
69 87
98 143
14 181
73 198
179 123
85 97
193 81
60 141
64 35
155 199
157 168
90 25
130 10
104 11
0 162
146 168
55 18
121 1
68 77
74 49
130 18
78 52
32 180
79 16
186 76
145 59
46 72
4 175
185 192
146 115
135 143
73 12
55 133
34 189
197 106
132 50
8 35
6 196
94 3
155 177
61 40
25 22
108 134
34 151
137 72
34 145
71 198
142 86
6 39
135 150
178 90
76 190
9 99
156 136
0 89
14 177
34 116
10 106
83 157
87 34
32 74
91 9
46 190
147 6
72 152
84 177
110 73
184 36
11 121
19 27
145 3
151 45
21 115
117 157
114 127
156 134
112 189
129 84
89 65
163 176
96 189
51 168
67 29
154 27
103 42
158 136
54 194
65 19
82 69
83 38
138 103
155 10
157 110
48 9
75 160
153 97
110 183
76 127
173 88
30 63
108 172
53 136
66 80
17 36
197 198
140 19
172 106
71 22
124 49
98 132
197 180
46 186
128 107
131 157
168 61
7 17
29 103
113 21
77 72
43 54
103 198
152 62
75 79
13 99
52 50
126 9
196 194
62 137
159 171
188 4
114 95
51 35
169 127
102 188
189 21
47 87
68 169
141 38
121 154
129 182
99 133
140 170
44 120
97 53
131 169
112 134
104 79
194 43
49 31
171 18
58 110
37 30
140 10
3 163
15 184
176 134
185 74
169 184
41 177
85 158
50 10
187 35
118 106
108 198
82 149
89 56
46 87
103 131
100 62
5 91
21 34
110 40
190 105
56 156
113 20
132 73
180 23
121 104
176 111
26 116
94 75
164 79
115 145
118 191
19 74
10 117
99 39
11 53
121 76
146 181
174 179
76 43
175 64
114 38
53 178
84 169
103 179
65 189
0 5
129 156
81 147
52 11
115 6
94 48
24 60
145 5
195 150
91 36
189 152
79 150
112 75
85 193
42 21
19 89
143 75
59 110
139 34
61 130
51 76
112 197
171 132
146 15
31 67
195 31
79 107
19 171
166 56
85 170
37 5
199 70
169 18
77 58
86 160
141 24
188 173
138 189
76 11
140 106
137 161
3 35
145 152
44 31
123 196
67 59
12 192
67 11
43 38
72 17
180 52
143 128
135 33
39 123
89 68
124 31
42 36
136 33
2 65
45 185
100 64
175 50
194 100
30 157
147 50
165 40
145 138
81 197
139 144
85 143
29 113
126 124
183 178
99 41
102 68
37 28
47 179
183 29
35 164
85 141
61 134
41 57
135 140
24 50
175 75
143 40
194 119
5 174
114 153
89 2
73 169
35 54
98 1
120 181
63 118
132 185
25 152
21 6
157 158
137 195
171 10
94 57
48 158
196 185
64 186
135 146
108 160
12 139
54 166
84 195
13 51
28 16
105 68
63 198
62 22
60 19
98 185
46 132
101 7
116 6
11 114
16 124
9 51
167 176
15 40
28 10
179 145
48 14
23 28
23 199
138 82
147 109
112 35
125 123
176 175
161 2
52 192
167 42
199 194
164 179
19 55
191 147
34 12
89 164
168 80
105 80
164 8
30 165
27 30
81 77
170 143
53 192
33 157
22 114
109 96
143 41
73 29
188 170
162 188
184 173
55 180
40 132
179 12
195 92
190 178
187 127
72 13
149 109
172 129
113 139
77 123
45 152
194 114
130 44
20 6
30 140
30 177
138 107
92 188
155 164
188 39
188 141
165 112
32 3
111 136
156 178
84 60
69 191
89 84
122 46
33 69
189 54
175 184
85 62
23 11
149 27
95 50
10 158
97 94
114 157
108 82
145 6
138 60
6 142
14 179
29 23
162 56
146 30
17 129
38 74
112 98
4 112
160 140
35 80
41 12
117 144
61 167
135 161
30 128
4 59
52 188
149 32
58 182
77 60
158 168
179 69
92 29
103 60
71 76
34 74
71 29
13 165
99 43
167 195
74 169
109 176
195 144
76 7
67 134
125 115
140 40
115 28
190 29
95 146
33 123
25 43
165 0
0 15
136 118
169 158
161 52
136 49
17 194
84 70
69 29
183 91
149 96
121 164
187 96
2 176
102 149
146 143
27 155
75 187
8 192
128 154
115 5
32 54
102 124
166 34
151 179
49 108
192 80
31 16
103 104
58 127
53 10
111 167
7 182
128 38
104 141
118 18
189 33
78 74
179 141
44 165
53 135
106 99
65 56
23 175
78 95
117 61
187 91
81 142
134 129
45 188
134 39
31 83
170 45
135 145
106 108
97 120
43 82
106 21
142 98
181 73
112 1
85 90
162 16
141 22
63 148
112 20
5 40
134 0
139 68
6 12
60 86
189 36
173 104
187 197
44 144
84 22
149 10
37 182
199 187
179 9
15 153
190 179
188 158
50 154
127 59
37 170
162 150
141 114
82 140
10 27
31 107
86 64
70 183
75 97
23 93
12 70
24 19
69 103
9 130
140 132
90 124
127 146
1 188
100 82
22 97
18 70
157 36
50 144
113 108
93 134
155 57
141 106
168 141
177 32
74 140
191 180
5 76
136 197
118 133
20 199
195 122
35 161
150 94
141 101
1 131
193 180
91 104
0 114
136 174
95 112
78 28
81 140
4 18
196 141
45 27
172 170
71 176
71 118
53 151
28 92
191 70
50 118
155 101
78 90
134 3
45 105
80 38
31 194
56 86
178 45
159 109
196 140
135 185
59 101
192 159
93 148
28 117
172 175
128 10
127 51
177 147
140 92
97 195
66 126
73 96
152 74
64 116
97 40
199 91
41 68
117 147
189 122
191 44
140 146
90 186
71 3
67 68
167 166
170 120
26 178
37 117
173 197
98 49
38 75
165 72
30 167
81 128
7 119
30 166
37 99
131 124
123 137
25 184
66 90
73 72
185 150
151 48
84 125
186 99
194 156
133 169
35 148
101 34
81 108
13 173
198 21
96 191
62 130
135 94
163 30
146 162
41 93
32 157
155 6
16 167
170 42
113 186
127 91
62 157
3 142
197 52
170 146
32 120
6 73
139 58
6 107
43 174
145 199
137 153
51 196
163 183
15 152
128 123
105 130
132 111
192 7
28 40
49 65
79 130
180 5
119 38
106 65
96 159
178 42
122 48
41 142
114 166
39 43
64 72
199 150
115 89
125 110
170 101
24 137
91 80
140 155
149 157
7 75
91 71
94 148
148 45
90 50
171 182
106 61
158 12
41 7
86 91
60 134
23 64
84 106
174 105
101 51
22 34
44 145
156 4
170 149
94 138
168 1
101 35
100 180
178 78
71 110
183 127
91 105
166 130
160 139
130 55
90 132
118 51
125 195
136 126
197 62
162 161
117 146
96 106
189 83
151 22
192 22
17 135
82 192
158 116
90 102
70 129
169 196
101 4
89 77
57 81
14 34
73 151
14 87
3 48
114 29
112 182
67 192
83 89
99 90
164 94
199 146
174 112
4 98
190 189
78 160
50 155
35 159
177 71
54 50
168 185
140 93
174 134
126 132
196 92
86 182
183 191
0 148
167 10
123 150
113 130
51 47
14 39
161 54
44 107
130 35
34 118
100 24
176 65
108 72
72 105
93 19
127 172
67 95
181 42
24 163
119 177
192 160
176 146
102 32
51 144
169 93
187 0
22 199
29 42
44 178
102 37
48 96
17 74
74 149
8 88
150 110
113 144
2 155
34 18
12 50
75 117
61 187
138 159
83 42
131 129
133 30
137 26
142 162
54 85
125 165
96 19
135 60
4 110
86 48
157 152
94 10
178 4
80 157
193 75
120 101
126 38
194 153
84 140
40 25
8 135
92 75
174 65
107 9
137 38
138 67
115 82
188 97
109 88
105 109
181 48
156 179
39 66
13 160
125 59
185 83
183 60
65 72
8 61
74 103
159 51
82 142
116 178
73 31
4 41
81 5
92 159
150 179
186 58
133 195
199 69
106 167
166 41
68 161
106 38
32 186
82 145
56 32
147 24
104 159
148 19
109 14
82 121
16 52
158 172
21 89
42 159
160 128
184 76
15 44
19 179
124 155
118 147
134 87
42 125
105 99
108 152
67 2
86 169
30 113
120 39
15 193
62 71
101 52
142 5
6 87
194 124
198 27
76 104
141 153
29 157
74 147
56 184
108 76
190 183
155 190
112 26
74 13
64 103
81 114
97 107
193 53
124 2
188 124
92 42
179 96
123 187
50 190
95 33
90 44
134 155
125 137
95 138
66 4
5 20
20 44
91 108
117 136
65 21
130 82
194 24
134 161
193 131
128 129
188 199
50 164
72 111
90 98
192 188
155 146
66 78
191 160
111 165
55 0
95 136
179 180
93 60
50 84
158 5
122 37
143 113
26 63
188 11
184 157
77 175
174 6
76 98
145 77
55 149
132 92
169 64
90 74
97 190
140 24
76 173
16 55
39 194
179 22
141 107
119 143
145 36
70 102
167 0
160 87
68 8
95 156
187 196
101 199
92 45
71 11
127 92
65 137
19 79
112 93
16 197
125 172
83 24
150 5
34 107
121 174
176 127
68 52
163 127
137 99
193 101
22 68
64 59
158 60
38 171
6 111
67 69
118 109
24 54
135 163
160 92
123 124
50 150
166 81
127 6
146 164
185 87
97 110
19 80
44 72
196 146
20 120
198 96
21 128
78 0
50 194
6 134
32 161
45 32
22 11
45 167
40 17
167 146
78 115
71 55
40 142
21 141
130 120
47 30
123 48
99 74
184 61
49 72
97 62
147 83
167 162
159 166
199 75
168 95
181 162
69 153
105 47
85 116
117 86
22 127
98 75
45 108
71 190
53 57
135 114
25 137
81 92
45 66
148 73
33 153
30 23
0 25
177 12
112 139
45 85
90 192
96 99
168 124
89 128
165 50
109 40
52 26
139 182
79 180
123 67
174 69
34 182
149 83
99 76
128 59
1 174
128 150
50 167
63 62
179 72
44 11
184 109
73 55
142 62
36 53
61 57
45 46
57 73
188 197
11 15
121 50
135 22
21 159
81 180
146 190
70 131
17 155
118 199
183 198
101 41
35 12
136 82
137 6
66 145
1 24
158 198
184 162
22 182
99 50
7 115
118 104
74 194
134 185
39 0
153 9
7 171
76 77
18 81
15 61
125 102
40 120
192 39
90 122
2 18
43 19
154 82
146 187
148 23
185 92
85 140
76 29
138 84
119 127
54 98
17 59
52 121
176 114
68 5
18 82
152 156
154 51
137 27
28 125
169 77
136 127
198 179
118 153
0 110
185 130
61 60
170 166
130 59
138 164
39 15
5 9
50 148
94 95
48 10
154 37
34 4
61 165
131 104
162 82
37 50
73 162
63 86
45 91
139 199
67 8
193 33
4 69
130 191
60 136
9 98
163 173
129 174
111 172
168 118
73 153
64 94
74 62
190 87
163 118
13 145
180 107
196 149
93 95
91 33
60 172
48 54
9 59
194 45
14 96
84 103
198 76
40 104
30 0
194 128
134 143
33 80
141 130
128 188
23 172
31 141
82 34
118 70
81 122
186 73
139 44
137 12
123 103
198 170
25 38
21 20
46 49
33 59
144 56
141 73
12 37
2 145
56 155
34 10
18 20
166 134
147 160
102 64
177 151
162 153
128 187
51 70
171 189
82 167
121 110
104 151
52 199
108 84
181 85
135 128
144 35
35 83
40 89
64 9
56 6
27 113
107 188
51 11
191 161
186 23
104 66
127 16
93 120
183 68
47 5
126 174
187 148
62 42
156 124
41 172
8 157
179 26
58 159
177 44
114 20
31 84
136 1
153 62
78 11
25 76
183 56
131 20
171 119
1 142
181 103
5 18
90 179
113 126
178 149
143 107
48 37
185 15
39 69
38 54
124 71
167 120
175 6
135 16
28 173
52 182
144 189
71 73
86 62
159 46
142 89
94 36
138 101
157 182
154 71
57 45
35 13
35 198
18 19
7 187
99 126
146 159
50 161
157 79
136 191
130 140
104 188
36 31
135 159
54 140
124 186
37 111
84 156
180 127
192 155
41 147
80 117
30 5
56 186
98 152
92 177
21 58
94 149
83 152
163 154
150 21
39 122
42 120
13 39
93 78
123 140
123 23
94 72
65 14
132 81
26 41
117 90
162 75
104 51
60 91
59 2
138 90
21 2
102 168
34 111
185 22
60 193
113 127
113 131
148 29
20 91
109 11
142 84
178 7
63 87
74 40
43 155
182 79
103 7
125 88
183 121
123 54
103 76
106 92
143 38
114 66
142 48
48 8
63 33
47 28
165 145
116 108
112 143
20 138
186 98
108 13
83 50
131 146
120 47
41 110
59 184
13 195
47 132
6 165
11 168
100 174
111 199
29 88
80 167
43 183
101 153
118 196
138 178
37 10
97 176
15 124
70 147
150 198
106 170
66 103
28 175
26 11
172 88
22 61
62 135
39 89
71 35
43 51
58 39
174 156
48 191
91 16
158 150
70 99
30 152
91 180
199 157
57 144
177 189
145 113
54 156
34 106
182 5
152 109
161 89
91 81
62 108
23 192
157 12
112 161
65 195
120 76
38 153
99 15
34 13
73 51
57 188
36 44
129 136
72 19
157 163
69 56
45 117
7 59
36 8
162 110
101 40
97 149
5 29
78 134
27 36
54 118
33 181
98 73
169 0
163 120
137 2
92 194
40 174
34 5
128 91
96 26
110 191
109 122
135 158
191 143
139 26
125 180
199 89
176 74
51 139
163 141
67 92
193 9
79 122
102 187
46 133
50 134
69 148
178 3
36 26
88 99
196 101
125 57
96 50
144 4
7 94
97 38
93 102
2 43
152 167
19 39
197 99
101 88
5 151
33 196
140 86
76 56
69 85
80 88
185 159
87 100
29 164
45 129
69 128
42 123
58 190
78 14
105 75
37 199
177 62
171 197
31 139
28 75
129 130
184 5
61 129
112 183
64 135
183 181
164 169
138 117
144 88
16 190
79 134
36 165
69 167
105 93
124 165
140 165
148 68
78 94
195 175
160 148
107 191
35 105
105 170
77 132
84 128
4 114
169 28
29 146
34 159
134 141
143 115
11 87
144 121
53 165
88 41
32 151
80 60
180 149
125 111
76 194
91 64
66 196
77 143
160 110
74 64
191 15
106 66
122 55
69 7
104 8
87 56
1 82
78 181
100 124
187 167
185 113
131 88
29 196
142 72
57 47
118 192
41 3
65 179
84 71
177 103
83 165
114 154
120 142
181 177
185 133
142 132
30 184
86 25
193 117
146 99
101 174
32 1
181 52
108 50
54 13
51 3
27 179
125 127
58 135
60 76
45 31
86 134
135 155
161 5
147 107
26 84
180 41
101 18
75 140
17 89
156 15
9 163
149 163
184 185
0 166
154 112
38 86
166 180
148 110
20 161
59 133
137 177
181 20
20 171
63 1
104 156
108 104
137 150
144 10
174 59
45 130
50 111
17 27
101 131
7 1
131 23
75 21
56 124
67 53
117 70
26 94
12 28
127 151
62 123
115 181
59 75
154 153
166 104
122 146
0 9
3 44
77 78
116 146
156 69
15 71
35 81
146 129
6 119
196 145
64 130
130 20
164 7
9 50
191 127
72 11
114 167
125 114
63 169
77 185
164 159
199 165
104 158
24 29
151 49
6 128
5 8
83 52
55 151
146 61
191 74
167 159
90 148
102 119
177 131
92 63
189 142
104 135
198 164
44 39
170 151
4 177
131 196
69 68
17 77
11 162
88 182
74 134
110 65
110 99
107 53
199 94
150 1
133 197
150 66
2 174
17 88
193 188
190 151
160 164
56 95
140 166
56 122
74 47
21 179
89 163
155 37
29 143
91 110
55 4
21 162
74 156
87 98
56 15
37 35
182 33
190 111
62 94
187 103
114 6
165 82
79 115
98 60
13 100
18 15
35 180
168 6
174 176
136 13
170 76
180 34
99 178
117 3
121 26
114 86
58 37
192 196
106 83
113 111
148 30
15 144
121 131
152 46
123 194
46 110
177 17
138 162
171 58
7 139
110 172
86 20
107 104
21 152
177 45
142 149
193 137
180 14
132 52
0 66
64 88
55 102
121 165
165 88
44 67
12 23
42 89
99 87
147 188
183 173
168 84
13 132
8 156
100 44
150 73
38 188
136 157
98 198
54 76
160 159
110 36
20 84
149 11
183 88
110 60
150 146
165 65
135 85
145 167
139 72
98 89
129 69
159 162
158 123
165 37
192 42
90 86
99 124
129 110
113 162
98 25
16 49
72 185
113 117
179 43
17 90
79 65
26 119
22 101
119 19
31 144
100 170
141 39
56 178
187 169
109 150
13 48
60 171
169 59
9 25
63 110
13 139
103 137
143 19
161 122
127 184
13 92
49 62
119 80
173 152
55 121
199 42
51 198
17 66
118 195
154 168
64 46
4 197
157 97
194 189
23 55
38 76
69 96
40 56
58 62
37 57
6 79
199 137
140 145
153 135
121 182
103 197
45 172
62 80
31 33
42 140
185 195
14 27
44 169
70 27
133 8
150 42
116 144
173 132
5 157
16 64
113 178
20 11
85 177
194 131
110 33
66 18
12 111
153 29
196 78
76 12
28 39
21 166
95 122
153 126
7 193
188 53
147 4
33 178
119 9
12 67
52 175
67 173
17 115
107 36
28 3
28 64
126 19
34 70
24 20
30 1
160 60
21 1
95 125
81 130
61 193
134 70
75 58
108 14
26 158
19 76
126 140
28 167
110 31
68 58
93 26
22 130
166 139
171 151
137 140
6 178
6 118
83 39
47 45
43 150
142 101
32 33
194 3
55 8
59 34
23 60
22 52
102 147
72 45
108 103
17 62
96 150
93 7
181 74
151 128
21 35
159 114
53 79
46 117
112 78
141 124
88 179
69 15
1 186
94 103
84 133
188 25
55 144
55 54
89 24
192 198
49 83
67 93
137 84
19 35
113 18
32 169
3 144
175 83
146 118
85 155
146 158
93 0
98 160
101 181
92 12
88 121
89 120
101 78
116 130
100 7
186 174
57 74
40 91
149 76
192 32
60 18
79 81
12 150
40 57
169 29
164 141
118 101
157 98
72 51
59 107
51 34
175 131
24 136
70 42
53 118
130 0
162 41
47 137
41 83
129 154
17 68
74 159
55 47
93 54
176 189
88 57
7 183
152 53
75 103
140 148
147 187
64 34
199 88
138 35
126 67
5 16
167 73
157 141
8 54
155 156
91 21
58 20
40 157
199 80
79 181
49 15
129 10
103 109
25 173
1 96
107 67
129 107
52 70
192 34
71 180
46 111
144 157
15 103
84 143
192 156
36 112
46 163
172 53
89 66
59 24
48 179
11 41
15 70
164 55
50 87
98 199
68 14
82 31
19 197
41 130
118 184
116 137
84 184
161 193
132 194
166 5
12 27
96 118
32 55
8 99
61 48
192 199
75 69
79 32
147 143
48 87
63 140
93 46
14 110
30 120
128 132
63 103
140 199
61 176
52 97
36 85
47 166
152 115
104 58
146 4
130 147
189 156
71 184
120 5
73 91
71 87
105 132
135 97
78 155
184 108
103 174
173 58
19 91
42 81
149 158
84 41
197 24
47 92
154 160
168 81
177 190
119 85
112 185
65 190
134 17
114 170
45 60
154 178
174 79
189 43
2 195
154 131
197 53
178 69
174 123
121 100
12 29
198 118
79 186
65 99
104 84
17 157
153 80
78 175
142 128
127 52
70 124
137 34
128 31
43 78
92 78
9 1
83 184
26 35
112 130
196 17
112 91
95 104
64 119
30 18
16 24
195 40
21 7
49 115
38 44
151 140
114 99
56 147
65 9
80 11
47 100
21 78
129 135
133 108
125 161
164 175
176 22
115 81
82 187
49 58
37 75
160 104
137 40
158 0
70 198
116 136
44 78
106 129
82 110
84 174
88 104
15 157
132 42
113 57
156 125
127 132
11 68
192 83
113 28
118 69
33 85
5 63
8 11
172 168
156 144
2 32
109 108
66 97
120 110
38 89
90 139
188 41
196 61
183 15
139 165
43 156
133 41
46 34
144 100
28 157
9 137
115 150
181 153
70 78
65 152
126 137
46 6
73 7
150 6
176 115
68 111
195 169
143 122
19 31
93 195
38 50
46 41
59 108
144 127
76 145
125 80
193 28
86 170
175 117
62 183
89 3
52 56
148 2
140 68
148 97
26 186
16 6
36 196
109 80
49 42
5 171
173 169
166 148
165 184
193 177
116 27
192 107
16 67
127 68
165 187
194 60
37 36
13 64
30 19
170 47
54 94
36 25
60 64
100 61
90 145
103 144
112 144
129 60
16 20
55 104
125 144
143 45
45 95
174 155
135 157
145 147
69 151
100 68
117 74
172 21
85 156
49 163
0 20
65 148
46 66
31 92
109 50
85 68
29 174
172 161
1 90
22 41
63 134
103 58
36 69
194 9
177 138
70 153
153 49
197 152
26 157
52 61
176 88
108 165
125 192
88 152
28 108
157 124
22 57
139 27
75 129
100 158
63 46
162 8
17 153
93 161
15 128
54 10
142 0
136 68
181 9
164 113
116 10
36 180
176 178
116 119
35 52
4 33
137 132
110 166
46 21
102 196
74 115
67 37
95 113
111 108
1 139
188 115
104 1
79 60
189 37
190 68
112 171
154 60
3 64
157 19
83 84
175 15
194 86
112 168
182 74
184 14
25 14
198 189
115 168
18 74
12 62
134 157
3 185
173 186
130 31
98 166
105 16
7 92
173 100
182 48
140 149
31 90
18 191
21 76
168 136
135 77
48 29
182 25
187 161
38 27
141 1
84 39
96 194
96 20
86 108
127 37
58 179
20 123
136 172
103 17
86 73
134 83
5 44
60 71
187 99
28 134
151 105
104 14
22 163
180 111
107 71
88 89
136 113
40 176
38 176
102 127
154 157
149 62
121 13
33 5
4 14
7 60
131 143
130 99
83 14
47 8
9 68
23 127
96 139
106 42
139 91
27 8
184 110
8 122
150 56
45 119
89 181
61 89
108 16
167 49
34 86
18 65
74 108
128 198
12 166
177 51
54 100
26 101
66 141
54 135
160 190
158 79
82 35
112 137
156 164
140 117
6 95
81 29
184 183
95 27
105 104
23 59
56 123
70 60
75 159
99 86
181 26
33 29
63 144
0 81
75 130
31 183
46 154
131 182
70 197
8 83
128 184
148 79
2 84
58 178
55 90
157 75
25 198
19 133
132 153
103 12
148 91
68 112
71 197
95 199
160 83
149 68
62 19
97 14
76 142
49 51
112 65
194 165
109 65
117 159
74 136
8 161
73 97
44 149
187 106
176 25
82 155
39 2
1 130
127 96
79 94
27 81
133 198
164 78
58 11
53 70
54 91
171 167
166 11
52 4
142 8
59 102
98 12
32 187
100 128
108 94
21 11
133 28
64 167
180 182
194 111
88 197
178 196
70 68
154 1
113 153
64 82
6 43
141 156
33 107
90 0
171 108
113 34
107 151
104 99
147 175
144 178
130 40
5 86
0 198
65 104
65 34
90 169
193 166
142 16
33 198
182 89
93 114
120 64
16 143
191 156
75 54
166 138
58 94
175 161
177 15
86 69
86 181
65 157
1 95
40 16
68 99
30 77
39 30
99 179
117 160
196 65
93 186
11 28
100 140
32 111
134 127
63 73
37 79
151 16
133 38
116 14
49 106
94 154
22 154
121 22
172 85
52 69
7 5
49 27
152 70
104 80
140 167
106 102
191 82
118 150
57 3
144 115
54 87
68 189
148 82
8 78
141 7
57 184
95 76
179 38
6 129
187 53
167 20
7 82
86 89
139 152
13 158
71 101
9 177
36 142
156 77
181 174
118 175
70 141
28 79
33 26
51 197
28 185
50 113
144 1
13 184
17 120
137 16
197 182
174 33
193 113
101 176
38 162
23 193
81 50
178 13
119 173
74 55
44 137
93 69
142 99
160 185
199 39
135 67
130 169
101 100
152 47
13 97
4 87
32 150
130 125
0 75
149 81
141 13
46 104
80 83
15 20
117 1
38 17
39 77
52 58
186 84
78 103
100 183
43 178
34 56
38 21
31 182
18 25
129 179
158 101
4 174
6 100
190 154
73 157
5 62
51 199
49 174
73 190
109 1
72 170
59 56
178 94
155 60
12 9
9 164
133 31
106 28
167 25
17 23
119 165
181 44
195 106
87 199
88 94
29 166
28 156
138 105
42 2
158 6
167 139
151 54
3 154
77 84
32 112
13 50
46 4
8 151
71 6
39 97
140 88
9 38
40 43
91 35
129 173
158 183
148 162
38 85
38 15
15 166
57 79
71 58
183 104
64 43
75 60
14 130
17 58
18 97
11 131
41 198
16 148
103 21
150 177
32 117
96 90
168 170
80 54
36 116
40 30
40 20
182 143
22 108
174 110
10 81
138 47
174 143
104 15
151 1
128 0
0 69
23 120
19 112
38 124
25 68
79 183
25 155
136 87
182 148
16 93
181 95
171 32
154 89
28 172
9 140
135 49
77 173
123 168
131 199
3 199
145 105
6 69
198 109
93 28
4 149
108 139
89 35
120 111
50 23
126 36
124 136
95 77
159 50
103 40
108 185
33 184
169 36
108 188
117 42
141 105
144 188
34 27
14 129
94 183
194 193
4 180
97 0
127 85
29 151
26 198
67 4
133 199
77 179
148 89
58 164
31 175
96 93
142 78
60 89
46 178
147 120
177 178
136 159
91 164
128 19
44 69
149 172
151 36
161 120
65 82
24 116
152 39
108 162
157 179
184 102
14 135
149 169
36 197
87 77
91 175
41 116
150 68
107 127
82 32
180 40
187 151
27 192
29 3
192 167
110 115
197 83
44 199
157 123
113 13
0 52
56 116
121 198
135 102
190 48
153 106
67 51
60 66
180 168
117 99
104 74
175 134
46 1
78 17
155 183
117 4
170 181
171 54
60 97
143 78
139 153
183 6
147 199
104 73
176 192
37 110
58 96
15 179
93 117
156 82
173 20
189 109
66 25
149 53
120 6
92 142
140 187
154 105
93 193
93 125
169 51
143 148
21 183
5 80
50 193
38 148
171 111
51 109
92 36
77 149
70 58
43 113
184 10
142 166
70 76
109 199
121 49
121 63
81 23
171 191
178 158
71 162
77 47
195 130
175 32
154 10
166 75
63 41
195 131
22 116
50 139
118 144
0 164
10 19
10 70
150 9
142 13
97 37
139 179
88 35
152 162
72 172
107 174
28 1
89 52
58 24
170 154
109 101
88 138
171 158
76 195
96 61
122 12
80 70
152 130
71 77
171 164
109 33
92 60
26 144
54 139
15 168
73 158
171 188
17 20
173 91
185 71
9 54
27 183
106 130
6 135
199 0
1 156
9 19
96 5
46 79
72 34
182 13
70 30
89 186
83 111
172 182
8 109
130 178
169 181
55 116
86 50
188 51
146 113
14 71
18 41
55 138
37 190
19 190
100 45
153 175
82 29
125 85
82 58
97 118
10 96
11 140
20 156
151 9
47 145
187 60
127 175
118 82
124 9
184 133
115 117
63 39
134 168
171 122
76 44
142 179
39 103
195 52
76 185
157 111
67 189
108 142
187 143
94 145
96 111
57 127
151 68
39 94
50 94
53 156
193 21
0 103
104 26
104 2
13 75
136 166
157 106
90 20
49 138
41 14
149 146
4 167
37 180
198 81
108 10
80 20
134 147
112 162
90 154
66 57
160 166
141 126
172 31
162 102
44 197
41 164
12 16
23 160
151 142
20 149
102 78
5 181
129 38
57 152
51 94
199 35
59 126
174 114
36 193
144 74
19 186
172 98
28 96
141 111
111 64
92 166
142 10
122 80
58 148
134 77
95 20
47 130
179 2
122 32
134 188
117 125
113 11
89 67
176 91
101 23
172 117
126 49
191 170
84 114
96 97
46 76
84 1
163 31
4 163
95 106
13 76
2 109
73 101
52 14
81 49
93 98
177 105
153 168
122 73
16 22
32 183
112 188
134 94
107 113
163 159
66 10
115 149
185 36
150 103
150 37
145 14
36 174
0 197
158 51
73 58
1 41
8 148
159 43
90 106
87 155
60 113
159 77
20 34
54 170
198 172
21 24
198 13
145 26
15 148
75 121
25 71
168 89
27 156
40 131
54 20
152 166
40 49
13 170
38 120
197 122
12 130
123 112
114 9
124 17
98 195
147 153
176 75
79 185
43 10
19 7
190 42
190 77
14 29
87 91
70 21
16 155
44 26
63 136
198 148
147 77
87 153
158 66
176 196
189 15
108 193
194 26
63 127
162 47
76 78
176 160
92 30
3 168
92 71
55 142
154 98
111 31
80 40
101 8
177 160
75 63
80 112
65 32
123 68
15 14
25 162
128 108
88 178
197 73
185 174
30 6
72 144
153 158
48 82
83 120
165 43
188 159
22 190
114 57
69 79
103 184
91 34
110 141
45 2
104 77
60 10
102 56
113 12
182 192
68 128
130 158
116 73
178 84
36 75
40 112
22 18
148 132
99 60
23 9
151 163
149 122
139 196
111 36
31 2
118 62
93 30
20 182
128 35
65 147
22 76
9 92
25 95
65 94
71 112
16 116
64 148
62 134
84 127
36 3
153 8
112 60
29 104
170 49
65 96
21 195
123 120
186 111
106 103
21 49
92 80
113 138
46 3
166 83
96 181
105 112
118 186
39 33
172 119
187 113
6 194
5 48
43 30
59 190
50 142
1 38
44 104
157 125
53 89
86 76
134 7
116 95
120 135
133 90
187 156
35 129
49 105
155 151
20 4
198 180
80 1
24 104
119 132
101 145
98 62
117 173
69 188
140 97
109 131
15 79
97 164
146 91
145 106
192 13
156 147
66 162
66 62
51 141
0 60
6 146
50 3
88 187
122 166
13 93
20 77
32 162
153 190
132 117
134 144
103 171
192 148
114 165
46 44
77 80
104 174
2 129
67 168
111 79
108 37
87 163
41 43
77 44
175 37
90 41
131 60
107 140
100 40
102 28
14 13
28 111
62 75
91 44
56 134
47 62
121 45
99 170
47 197
117 34
97 93
194 93
53 147
74 2
150 140
106 171
100 163
164 190
127 126
144 196
192 149
98 17
24 159
65 63
182 161
108 148
62 116
4 88
9 161
130 29
132 178
25 6
135 167
123 1
68 59
156 14
68 40
66 47
119 53
116 176
151 37
14 198
31 147
104 139
75 16
76 176
103 23
73 88
196 52
150 119
48 170
113 197
88 86
80 101
103 111
181 83
10 127
29 11
139 88
168 94
163 76
66 37
127 83
134 22
169 135
47 26
12 52
128 147
3 2
179 104
195 161
133 188
197 6
158 99
34 54
41 138
24 34
153 65
157 192
31 104
59 29
109 44
189 26
25 81
163 115
24 27
90 112
19 17
142 52
105 77
76 37
8 152
87 36
89 171
93 85
74 178
6 17
141 131
17 192
26 79
188 129
114 146
129 92
81 195
108 44
36 168
52 104
15 7
162 15
73 82
136 182
123 129
115 153
116 51
139 75
51 146
128 171
4 30
24 30
119 4
5 53
171 63
162 171
152 185
82 109
77 160
165 133
55 48
196 128
180 162
28 29
123 8
189 115
57 13
15 78
149 71
103 24
25 180
134 107
46 13
173 39
23 105
160 33
118 122
85 118
178 111
197 181
137 121
130 76
183 138
175 112
55 39
90 100
96 195
125 129
51 69
32 44
155 58
38 166
139 151
38 149
7 184
179 172
67 151
24 109
4 61
137 184
185 173
15 75
5 25
31 86
167 153
130 187
110 50
60 1
3 158
170 25
44 128
115 185
95 59
22 152
155 46
175 30
100 2
107 196
30 182
107 75
18 43
38 140
196 182
195 173
82 113
50 7
3 186
114 197
108 105
108 69
72 68
52 48
134 58
122 125
5 173
18 10
6 136
181 84
41 134
190 92
63 147
28 151
45 182
152 138
1 184
152 44
94 9
94 70
4 184
75 147
122 164
143 192
25 122
75 49
169 115
195 29
152 96
193 124
22 32
181 57
85 190
22 87
81 187
157 155
43 138
191 93
164 144
110 53
0 139
110 93
76 175
137 135
107 189
16 156
48 34
38 187
194 23
136 178
67 170
186 115
114 129
195 192
66 108
127 8
131 6
16 136
137 48
25 163
193 35
73 21
18 75
137 108
98 67
104 86
146 198
104 169
177 136
149 198
121 14
182 179
173 193
72 4
7 28
87 165
155 44
73 78
161 79
199 119
126 16
145 93
104 165
160 165
61 30
37 83
142 199
3 127
68 76
155 81
190 142
27 104
135 27
66 26
97 143
35 135
186 128
102 146
116 163
65 68
29 106
161 103
84 147
97 105
16 4
157 191
193 96
128 40
115 41
134 31
195 149
107 30
131 173
98 184
174 87
162 166
38 157
33 139
155 142
98 23
60 100
91 31
123 142
38 46
26 17
107 164
160 151
42 198
9 135
74 168
50 116
93 159
166 199
110 190
159 144
142 140
36 20
7 194
41 71
175 196
110 75
8 173
97 142
98 99
171 87
28 46
155 100
113 40
185 143
98 44
150 180
55 158
107 84
62 140
85 83
154 91
102 34
175 38
44 189
36 159
165 190
143 199
76 57
63 23
81 111
141 145
70 135
44 80
165 81
191 198
119 163
181 179
122 83
31 7
110 29
26 46
39 114
85 163
133 93
142 87
163 180
105 10
144 87
152 149
28 8
33 179
28 80
60 124
49 56
18 78
74 170
134 57
144 152
144 140
5 72
38 35
177 152
41 45
124 86
117 188
37 92
18 38
166 101
125 48
66 132
123 78
146 103
150 86
104 30
92 152
60 123
20 185
92 11
112 16
123 65
15 121
10 47
40 147
191 113
177 53
29 189
79 141
46 185
25 53
128 153
137 159
170 141
89 127
146 62
195 135
100 33
82 181
154 4
122 105
95 84
163 19
45 50
106 114
1 162
183 98
108 194
60 90
159 52
198 182
82 49
21 122
68 79
82 190
32 29
37 161
87 3
53 76
78 198
162 163
177 180
154 36
125 23
26 19
187 162
33 117
38 173
196 171
8 80
35 45
66 172
85 66
113 4
109 45
92 123
35 106
23 76
2 189
27 186
64 123
62 10
172 192
40 94
21 64
112 152
111 195
60 189
8 19
147 127
150 24
0 163
170 156
168 83
12 102
93 123
23 26
194 72
136 40
39 132
66 54
120 134
76 162
129 21
187 136
13 103
90 54
89 101
138 21
60 152
51 108
4 93
104 192
199 176
109 3
176 184
126 71
48 106
39 64
122 190
108 101
73 127
100 179
22 150
85 100
12 26
158 155
112 145
5 54
18 177
161 109
194 10
124 48
30 151
38 167
168 189
29 66
107 21
197 195
61 72
4 60
150 175
171 6
31 181
94 142
166 123
109 107
21 190
17 80
147 133
14 36
20 73
76 81
64 194
12 115
160 114
35 95
3 198
133 21
153 12
71 39
39 109
116 38
13 131
11 18
73 69
38 199
91 51
191 101
104 17
94 169
55 38
114 116
158 76
16 130
10 11
182 71
136 14
33 121
146 42
108 195
76 164
126 194
84 37
152 79
157 42
151 44
164 178
30 183
75 95
72 145
42 18
39 23
38 164
77 91
18 46
11 9
130 192
86 47
182 114
114 90
4 62
195 80
25 189
127 43
112 77
137 69
36 90
75 12
168 131
197 199
144 53
18 178
123 110
72 85
146 179
33 113
78 139
165 168
166 153
91 151
186 104
110 131
49 13
179 81
59 117
114 104
160 145
81 60
153 47
103 180
86 19
95 97
11 48
22 43
33 166
1 5
105 71
83 27
30 33
152 188
94 110
151 167
24 44
18 197
88 151
162 117
119 179
18 154
189 41
114 178
176 64
145 24
138 194
0 68
128 61
96 161
27 98
68 143
165 166
183 0
27 3
115 59
41 118
167 6
113 42
197 15
133 53
197 147
31 154
47 176
62 79
149 16
4 118
29 40
40 198
137 180
165 1
123 5
185 47
110 87
193 147
55 112
8 53
80 123
5 32
129 46
65 101
27 147
102 157
100 196
76 55
11 37
18 129
42 186
56 70
111 143
153 138
123 159
101 50
43 67
92 183
105 140
100 81
147 7
163 169
148 46
195 70
99 25
178 91
95 137
162 105
133 126
16 94
26 170
16 77
175 177
161 76
64 10
50 146
63 24
153 159
103 101
65 12
37 131
46 91
130 189
133 0
168 192
69 35
61 19
69 131
112 113
188 168
38 104
122 104
97 31
175 13
78 71
71 143
160 2
92 149
69 114
86 177
114 44
109 127
88 108
101 19
180 58
1 167
139 156
88 61
133 13
80 186
138 54
24 149
16 187
98 176
1 100
56 165
133 136
91 106
83 107
44 157
133 122
24 36
88 96
175 27
83 5
157 173
85 63
176 103
117 73
8 184
95 48
28 186
133 85
144 146
78 162
165 198
99 67
157 105
183 172
82 105
184 73
135 79
126 1
173 137
113 2
70 64
172 61
191 108
35 94
187 65
103 175
71 128
148 80
108 48
72 96
36 161
124 96
138 80
43 111
37 194
22 49
159 81
145 18
57 91
87 57
165 148
183 90
94 155
48 88
1 67
52 145
198 161
26 55
7 10
134 137
43 196
171 29
197 91
7 27
115 96
127 142
67 40
53 150
32 9
14 187
79 80
30 138
172 48
32 71
89 136
0 161
72 171
132 116
106 115
181 27
194 57
2 16
193 179
125 185
171 144
35 115
140 29
42 143
116 86
4 187
47 0
178 41
42 51
53 3
148 13
33 167
13 197
76 148
33 173
184 161
12 184
13 105
134 10
130 164
84 81
35 11
160 7
173 153
118 92
113 128
46 144
45 198
55 170
111 38
159 63
57 8
73 3
48 131
139 28
180 73
49 2
90 188
1 146
81 34
139 106
147 78
23 158
172 142
19 165
124 107
129 90
20 52
122 7
66 140
172 75
124 88
148 126
102 144
32 77
113 52
166 147
75 33
60 175
151 59
3 165
154 126
104 56
153 127
124 57
22 27
116 170
33 111
80 126
116 48
0 186
25 148
143 32
68 47
126 169
68 96
64 122
188 156
125 166
47 183
129 5
82 23
84 105
41 185
160 143
165 122
28 145
102 5
87 59
192 66
165 106
117 133
134 95
189 59
81 66
116 150
143 179
52 15
177 16
15 158
48 78
199 136
75 25
58 142
162 65
152 34
188 101
12 7
64 179
193 145
99 111
85 8
115 92
61 197
17 33
102 17
67 9
59 172
176 70
71 121
129 1
30 145
82 112
154 93
153 63
9 129
122 20
125 11
22 165
193 90
14 37
63 186
83 93
104 184
186 162
98 91
181 29
192 121
14 124
29 142
109 32
3 79
29 121
91 0
161 31
176 157
43 32
0 8
66 49
66 22
189 101
163 192
19 50
189 42
56 82
159 68
159 174
22 111
17 164
174 10
17 29
170 121
102 94
105 74
6 173
92 161
69 18
110 192
131 192
53 69
58 191
192 178
185 35
82 143
3 174
163 59
68 165
181 163
29 161
18 144
104 10
119 181
187 34
94 19
48 153
183 145
193 42
98 101
166 66
128 170
48 47
81 164
172 191
121 69
162 33
145 19
8 60
189 125
30 72
153 57
188 116
85 27
79 2
116 60
74 59
125 20
182 3
102 26
155 86
78 54
132 180
61 198
6 112
115 22
70 169
130 73
48 175
107 76
154 196
10 136
193 164
26 191
6 83
182 105
77 127
3 59
188 35
115 173
177 121
165 151
111 10
38 79
102 74
95 30
90 27
106 137
69 84
126 69
156 89
161 160
102 195
195 112
30 101
68 43
40 151
189 49
36 74
17 44
182 115
9 145
128 11
129 32
2 127
99 97
187 115
32 166
129 112
130 7
78 197
177 26
113 199
34 105
28 2
109 126
194 146
16 46
105 147
170 169
96 188
122 30
83 99
10 93
94 121
180 29
128 76
137 162
106 3
68 144
2 55
36 64
73 176
80 198
24 4
114 28
195 140
62 78
158 1
198 154
65 105
107 185
145 120
35 149
76 47
44 55
133 171
103 114
127 94
94 126
80 27
38 117
124 79
96 78
55 99
28 88
149 50
99 198
195 17
39 51
43 141
53 160
21 84
197 94
193 163
53 103
120 184
5 112
76 134
69 149
10 40
33 90
121 191
139 145
127 1
100 17
42 30
54 19
184 181
106 31
46 50
174 92
70 43
119 138
3 23
93 171
16 169
97 45
141 161
166 40
129 194
198 157
46 2
98 63
82 153
136 48
110 39
79 50
172 56
41 79
82 46
22 44
73 66
161 126
165 97
94 66
143 195
115 113
60 122
108 23
23 163
188 99
179 147
59 31
123 96
158 91
132 167
13 191
118 3
137 31
186 166
120 193
13 188
151 124
12 171
190 0
153 155
15 129
168 45
9 36
54 59
110 23
10 69
46 20
68 162
173 32
55 67
65 171
9 189
80 181
22 78
161 139
40 122
93 115
153 121
194 58
155 33
85 43
138 19
93 35
170 119
10 24
193 12
13 84
63 55
111 139
40 27
162 48
60 96
195 25
56 143
151 194
171 2
119 137
63 106
186 92
93 172
75 30
199 72
138 144
125 10
39 102
101 178
88 115
16 3
94 160
58 196
8 128
169 49
166 37
58 113
104 117
33 145
183 187
113 14
53 181
55 147
46 160
155 34
79 143
137 56
165 131
23 35
65 16
157 194
145 87
171 123
87 107
147 58
35 98
190 5
96 34
60 13
143 48
50 5
138 27
120 191
40 86
57 171
191 5
156 2
70 188
36 191
13 129
150 46
80 172
54 74
75 148
27 59
8 115
187 54
183 117
74 127
83 74
77 111
144 129
9 167
91 4
183 87
143 193
159 37
130 11
157 113
87 159
157 188
76 40
50 98
72 136
148 173
142 169
52 146
145 150
73 187
142 66
83 48
125 15
47 32
138 167
100 130
168 97
76 91
49 173
149 141
92 84
120 53
28 85
197 21
116 9
59 161
157 20
12 54
48 101
170 5
85 26
112 116
84 196
79 155
1 116
8 73
197 75
170 158
115 165
73 142
47 127
2 37
47 167
0 71
92 164
113 134
112 49
114 35
153 83
120 52
77 176
48 64
144 79
63 162
112 133
56 133
112 62
190 90
20 85
180 93
85 136
198 16
105 196
175 162
179 153
101 76
195 54
134 195
170 103
195 153
83 169
45 125
18 8
64 26
73 24
129 175
39 82
100 176
108 131
133 194
48 81
113 99
44 65
70 116
92 4
106 58
9 146
183 118
134 91
111 174
180 119
91 39
179 107
154 47
14 50
128 166
102 72
79 123
122 176
189 13
151 82
5 137
94 191
42 55
146 163
32 68
129 197
43 193
105 57
89 70
9 195
108 42
139 193
76 45
74 75
59 175
158 21
56 28
173 51
145 159
152 129
195 10
60 58
189 47
135 168
56 27
26 128
72 87
82 42
0 80
103 193
71 193
37 143
103 116
143 194
42 22
175 183
80 143
42 73
184 69
99 164
119 32
106 0
11 133
181 76
159 5
70 74
164 104
79 82
187 122
110 133
112 11
24 168
191 67
27 187
56 12
191 66
14 128
185 17
33 3
115 16
65 51
120 12
9 22
33 120
157 74
4 27
107 193
141 84
172 97
46 136
161 140
46 89
153 130
182 93
199 4
93 11
31 11
86 43
165 159
31 127
37 173
83 87
125 191
110 108
191 138
111 163
84 7
177 60
63 48
16 88
137 46
107 190
84 194
65 98
103 81
76 133
194 158
193 56
57 191
90 32
158 173
173 144
69 38
194 21
153 0
11 96
177 93
196 75
141 177
173 53
16 32
156 116
54 101
114 175
152 99
32 127
26 27
102 156
154 104
73 34
11 157
16 132
109 63
17 86
155 170
81 72
81 16
60 166
110 95
61 123
131 77
14 142
130 159
121 196
90 149
73 80
185 148
86 158
123 108
128 177
190 152
176 32
12 15
41 73
103 16
36 70
3 86
39 167
33 116
152 67
29 65
59 1
172 155
140 194
197 109
136 181
51 132
157 126
120 118
132 44
9 86
132 75
69 181
155 107
100 75
103 56
35 74
119 47
120 50
86 15
151 178
52 67
38 67
88 111
127 164
133 179
29 9
30 126
23 47
32 113
137 80
15 108
65 121
92 139
74 88
45 1
199 174
125 199
173 164
115 102
158 124
7 105
141 36
12 99
18 84
74 82
119 61
144 34
155 176
34 115
80 86
104 115
46 17
141 185
96 135
139 127
114 119
24 178
191 187
35 157
1 0
13 117
108 93
197 168
159 85
70 23
110 122
124 23
33 103
171 15
45 98
109 13
7 131
197 167
93 92
4 49
168 186
130 197
199 25
4 126
196 184
86 132
169 156
159 99
20 178
52 65
150 61
137 18
100 15
50 41
199 68
164 189
41 59
195 3
51 140
172 57
13 185
117 100
13 122
12 10
47 85
125 39
87 124
107 93
172 114
4 85
183 86
7 37
70 25
45 187
87 75
82 134
112 118
94 47
194 182
53 168
4 191
181 4
45 94
85 99
136 132
89 122
46 143
61 11
129 0
6 172
124 135
132 55
199 19
154 183
79 10
14 21
52 115
125 76
121 95
157 186
68 54
50 188
72 52
160 137
183 130
75 168
72 163
157 31
26 99
8 14
2 173
160 70
110 70
28 163
0 178
17 174
118 73
189 119
193 74
85 105
131 105
50 152
18 98
36 68
76 168
100 142
69 97
28 168
48 198
48 189
180 194
100 26
18 58
62 90
88 170
144 77
121 138
60 192
34 99
12 68
83 101
54 162
68 130
85 188
110 19
93 79
66 122
121 40
35 2
114 198
51 52
24 176
34 92
70 133
185 5
19 166
89 139
179 109
158 189
47 73
164 129
76 143
131 52
68 61
192 170
195 145
66 34
58 15
14 182
62 182
119 36
126 28
31 70
98 159
190 12
21 184
123 18
41 74
95 117
72 184
118 169
117 40
126 88
14 151
64 153
39 35
56 140
137 90
50 181
122 151
99 29
137 43
188 187
188 149
11 62
179 122
122 69
153 85
110 119
105 103
172 186
53 6
97 79
32 128
116 162
127 181
160 169
81 41
187 119
176 45
104 42
5 196
118 119
34 186
75 136
111 156
42 79
172 36
178 180
94 111
74 61
145 69
89 126
124 196
10 161
98 38
24 191
98 125
9 78
143 91
69 9
192 129
50 0
46 141
58 45
36 153
99 162
21 156
176 35
22 31
16 56
96 182
92 157
181 164
82 168
160 196
135 0
42 48
24 138
21 132
87 49
23 51
77 110
176 107
94 80
12 188
15 173
199 153
184 77
122 11
70 114
30 32
155 54
70 28
86 135
53 186
106 68
80 107
17 152
171 34
138 157
24 23
73 129
24 171
118 123
178 119
154 181
47 196
88 160
2 58
119 115
23 178
61 109
121 89
145 80
174 52
52 157
21 153
49 186
179 11
170 175
39 115
165 192
90 63
168 29
61 67
90 95
177 22
106 152
96 160
40 85
88 137
81 152
16 183
2 41
27 196
132 176
172 148
8 29
191 114
163 17
137 127
161 27
123 53
140 18
139 184
145 154
4 162
85 53
186 192
31 40
136 171
166 99
32 141
82 30
52 138
56 61
30 144
155 92
156 26
158 47
158 141
177 10
148 43
197 140
31 115
66 92
68 2
93 162
23 41
3 81
56 48
126 54
0 157
40 150
21 102
121 117
135 103
49 144
128 70
55 72
199 124
80 155
112 186
118 64
127 13
13 40
58 141
96 119
107 55
43 44
56 4
114 124
9 87
121 43
9 125
161 71
134 54
83 40
184 92
86 41
112 67
45 4
177 173
35 32
182 163
35 72
86 75
193 47
185 144
38 170
80 51
164 65
138 139
94 49
101 136
190 10
94 14
144 91
16 178
0 173
129 43
124 69
151 196
118 58
7 127
180 131
24 162
123 70
82 67
91 83
48 109
135 3
85 183
176 110
5 133
122 131
130 27
20 158
88 113
123 186
74 31
27 106
186 191
2 154
142 185
52 96
119 87
126 197
172 65
40 66
0 122
53 153
179 3
195 85
155 29
61 126
133 105
72 162
175 89
154 144
56 66
170 28
117 0
16 17
185 40
176 180
124 181
137 194
176 56
160 107
154 186
133 27
69 194
32 158
136 189
26 164
58 192
67 28
162 109
168 21
172 124
190 80
12 110
148 175
60 168
194 0
129 119
23 152
41 117
29 175
112 54
72 38
49 116
92 23
105 198
43 128
196 25
1 189
19 58
28 190
110 20
175 61
14 157
79 192
169 167
167 108
26 50
118 161
51 191
172 30
39 96
185 123
159 102
43 125
93 21
146 8
132 3
111 55
117 163
82 177
14 77
112 101
8 182
189 73
87 64
40 33
94 143
76 49
6 34
64 53
26 10
73 53
37 130
64 8
100 137
14 32
181 187
49 100
96 37
161 75
192 71
182 92
19 135
174 172
50 69
0 98
62 28
167 117
188 68
37 65
131 145
87 147
28 9
65 69
10 143
144 99
17 69
168 196
119 126
119 12
0 2
190 56
164 148
112 176
172 141
104 140
184 111
77 183
105 42
174 128
129 31
162 5
176 14
154 0
40 51
79 90
69 185
69 16
190 131
150 98
66 137
110 188
77 22
56 98
10 119
15 138
64 18
189 153
121 148
97 78
63 45
151 188
4 150
89 1
146 31
46 103
51 63
54 95
184 53
73 185
95 79
97 103
35 30
10 102
164 151
71 181
5 17
74 63
122 181
117 77
21 175
23 149
123 101
85 81
190 113
137 89
61 94
55 110
106 117
17 31
85 168
101 91
124 32
21 185
71 37
62 64
45 101
192 171
61 55
47 156
191 179
179 0
10 175
0 192
77 164
108 164
110 38
8 181
159 191
113 141
182 78
18 28
4 192
103 102
112 41
8 39
160 186
136 154
128 55
172 134
93 50
169 109
198 196
140 46
184 60
106 147
48 197
20 72
71 179
64 183
46 112
178 68
114 144
82 180
19 176
56 173
14 195
53 129
170 199
163 140
114 17
55 95
141 93
49 117
25 153
159 70
160 142
48 154
148 184
135 116
199 161
68 56
67 30
194 161
168 183
99 138
132 103
132 62
100 133
158 128
173 187
197 98
21 145
116 89
63 176
71 116
3 175
161 124
197 165
131 126
117 155
9 14
75 35
67 187
142 23
198 60
46 184
111 40
46 54
22 139
30 64
90 61
63 189
86 42
39 74
147 45
99 171
105 25
104 196
98 48
10 77
116 131
131 71
85 46
70 4
17 168
85 74
49 36
184 89
11 192
124 160
72 130
46 198
123 126
164 152
30 3
128 60
177 179
162 49
28 84
188 148
127 79
20 51
113 148
7 188
8 169
95 142
163 129
17 117
178 95
54 4
51 48
98 33
109 27
69 12
36 58
192 112
167 14
29 77
198 176
48 164
192 122
125 104
119 147
159 20
106 51
136 9
31 135
172 177
15 50
48 177
134 122
82 61
74 71
92 171
158 68
34 167
5 19
66 115
103 35
141 77
177 77
24 126
21 60
37 32
182 133
85 134
158 69
60 182
3 114
164 1
3 170
51 96
16 182
37 1
150 49
35 90
58 51
141 191
99 140
195 191
58 108
193 170
141 14
95 180
151 150
99 91
99 44
23 27
70 113
41 72
29 179
157 104
173 121
55 183
6 148
41 80
122 6
33 7
162 20
74 37
6 48
149 193
97 83
151 76
189 102
121 12
52 39
6 2
189 151
122 85
77 96
69 77
163 13
168 52
183 142
180 159
45 54
82 101
150 148
80 114
166 149
196 54
198 153
80 161
116 31
40 12
54 6
88 71
151 80
172 138
57 109
178 65
98 40
30 50
51 120
102 151
80 87
21 95
192 2
117 68
32 57
34 90
4 12
79 190
123 121
45 115
92 65
183 26
8 16
121 28
3 90
104 119
149 91
86 32
2 153
34 179
92 156
171 185
120 126
156 196
199 138
94 188
142 136
72 164
160 5
177 143
51 192
81 93
22 123
70 187
143 139
35 53
65 132
36 30
140 36
131 44
184 178
17 52
79 1
111 128
49 193
26 138
132 183
152 183
4 36
131 142
72 196
52 66
188 177
21 171
88 180
144 42
79 13
165 55
83 10
15 32
0 31
93 43
134 133
64 198
26 48
151 108
113 80
93 176
13 152
127 36
131 137
31 158
86 198
124 133
135 20
196 26
196 112
20 100
104 62
131 80
198 94
128 102
98 58
163 152
107 62
160 138
115 29
56 80
17 91
140 171
12 194
77 35
159 122
106 6
7 20
108 199
62 169
110 64
141 80
189 12
160 89
44 161
181 130
143 88
112 148
108 175
192 132
100 71
36 7
50 166
145 68
194 168
155 98
181 171
110 196
174 190
98 117
148 152
111 192
165 54
61 124
164 132
10 199
150 35
66 77
117 180
96 157
47 98
48 100
190 1
21 55
95 151
178 173
79 189
170 63
195 0
177 169
118 75
125 147
194 192
59 93
54 132
59 70
105 148
117 148
37 54
92 21
134 69
167 8
156 172
177 76
13 7
125 86
38 94
163 153
74 132
59 116
83 198
150 8
108 26
122 119
131 24
16 48
199 114
126 3
114 42
76 85
85 109
44 27
84 17
181 70
45 16
92 162
34 26
108 31
63 57
116 179
0 62
43 13
45 10
157 177
52 71
30 38
24 164
101 148
49 125
135 175
132 124
40 190
24 52
181 100
193 48
1 92
159 150
173 1
7 191
166 51
107 28
79 35
48 184
165 174
115 148
55 163
100 27
163 198
95 174
106 80
54 86
31 98
111 87
105 51
145 156
82 87
100 70
40 199
58 162
120 139
171 88
43 104
81 105
90 107
47 159
169 85
185 23
45 197
167 77
36 28
118 27
195 174
10 5
34 156
35 174
4 10
119 88
117 142
151 118
105 164
105 152
129 151
185 81
88 90
153 4
82 172
96 91
28 187
45 164
50 53
105 90
150 44
146 184
8 93
83 18
128 134
90 194
133 113
