200 5000
97 31
170 116
19 197
13 16
194 168
110 139
199 187
5 111
128 190
108 81
129 176
141 37
188 98
122 22
116 50
87 101
2 108
180 11
17 147
155 36
138 49
6 94
43 97
64 117
75 174
152 48
166 187
124 22
68 121
56 182
101 184
133 61
171 122
110 64
66 160
66 79
134 78
133 38
147 180
89 29
3 23
88 141
196 99
151 159
120 115
42 135
65 115
172 163
45 7
165 26
38 50
67 31
30 7
106 85
93 91
143 24
143 197
174 81
162 10
6 179
190 13
137 91
182 172
6 23
132 194
79 180
23 83
128 77
14 96
132 54
54 28
110 89
61 34
49 113
117 149
7 164
6 161
137 192
21 136
153 131
72 67
180 127
118 3
120 112
131 141
193 47
8 159
23 159
149 67
53 87
10 93
33 154
198 107
113 151
88 182
8 182
184 57
134 159
50 48
176 85
101 100
5 143
185 131
24 113
190 184
136 55
170 124
117 49
103 31
82 159
60 3
163 83
47 83
44 190
155 28
116 27
27 195
103 40
35 47
124 145
198 144
128 181
145 129
100 175
94 18
115 31
146 134
44 168
146 17
169 48
105 52
158 28
146 128
166 29
71 177
199 160
23 99
66 50
99 90
61 35
19 17
81 56
104 183
19 108
167 154
13 65
4 123
106 198
40 57
140 34
112 153
186 193
66 125
29 125
7 84
79 189
33 143
144 47
34 96
128 25
191 50
188 5
149 101
175 194
60 157
151 75
27 29
13 119
80 85
124 10
95 29
7 126
79 125
6 175
21 160
105 112
48 102
143 96
136 36
155 134
177 180
144 134
187 80
199 82
131 95
19 104
108 133
146 25
10 152
152 180
128 152
199 99
99 10
169 82
190 158
162 147
42 160
114 17
164 139
130 65
160 193
130 64
25 24
102 191
92 146
78 71
78 151
126 199
82 164
176 117
54 124
33 54
99 181
100 67
159 194
138 62
73 182
56 76
121 0
20 73
157 130
51 98
135 29
65 131
70 195
92 167
197 108
161 8
119 198
199 124
128 93
185 159
26 79
9 185
39 143
79 114
114 34
165 119
114 103
105 51
113 172
141 108
79 98
50 185
171 141
153 167
192 146
45 97
157 120
180 167
131 119
129 12
77 74
38 191
0 195
137 166
112 75
75 29
84 116
34 93
179 103
14 5
1 178
59 40
141 194
161 86
2 47
120 151
178 141
186 51
25 116
64 56
116 105
164 36
185 98
67 178
162 123
31 74
151 147
91 1
61 77
165 144
158 67
90 144
139 38
37 34
86 87
165 135
192 40
79 132
81 51
63 55
187 100
41 129
118 59
60 69
125 105
175 9
136 188
99 177
10 128
92 101
13 48
45 54
198 92
141 4
45 145
138 68
78 85
143 82
20 164
166 138
196 3
82 47
122 131
80 189
150 198
194 150
5 198
29 104
135 109
198 181
28 91
87 114
178 56
102 117
14 165
132 155
150 178
13 80
38 83
187 96
83 153
69 112
120 32
133 131
79 175
37 69
160 161
36 157
105 57
26 52
42 53
183 163
57 104
10 121
156 55
117 94
104 15
84 193
192 51
84 197
43 72
47 90
140 166
13 20
150 15
166 87
72 30
35 195
140 125
194 82
13 71
121 18
141 95
53 13
155 41
12 158
97 140
119 22
82 97
65 66
121 180
199 189
177 193
105 171
49 151
60 156
97 95
197 164
184 169
108 23
31 81
149 47
132 133
10 23
25 173
22 101
96 11
166 131
11 57
138 55
99 166
17 83
161 54
118 37
191 41
80 93
26 194
97 154
163 142
41 79
15 33
36 194
186 27
19 106
35 31
124 83
124 167
145 123
48 175
178 107
196 181
136 155
70 19
133 16
105 59
55 189
52 176
14 78
174 106
121 52
51 110
182 122
112 140
131 76
146 142
59 22
126 194
183 98
109 21
193 33
40 94
104 68
130 142
0 60
120 97
181 36
17 1
159 65
152 161
125 3
26 55
74 181
73 199
194 15
161 9
67 180
105 22
64 128
61 18
86 103
17 177
195 169
104 61
166 106
113 170
191 105
185 30
26 148
104 145
182 61
193 1
105 60
153 99
17 58
164 137
104 151
69 189
154 81
169 43
180 74
14 46
161 164
188 111
178 139
139 123
141 129
157 92
7 26
99 72
138 6
78 168
183 58
137 30
141 90
132 102
139 129
29 174
64 87
32 131
148 185
179 116
136 153
39 56
161 124
155 80
169 142
21 31
43 199
26 31
162 192
30 90
32 64
166 149
61 155
105 170
28 123
114 166
91 77
5 130
82 38
192 76
83 193
58 122
196 44
184 191
36 166
184 77
56 59
96 81
5 169
160 170
176 16
45 151
196 198
21 119
104 24
8 99
195 79
65 142
153 90
35 55
66 71
146 127
194 89
195 175
143 148
95 73
19 86
23 76
63 97
43 95
153 199
135 113
35 164
118 199
79 149
163 178
149 172
118 66
115 172
33 22
52 110
72 121
8 81
79 147
4 86
158 42
99 33
49 104
97 107
54 156
156 59
148 7
71 51
199 97
153 113
169 71
193 41
29 143
163 44
31 89
87 124
146 119
37 191
127 118
98 175
95 193
174 54
72 173
12 99
123 173
13 14
42 159
143 74
186 49
17 121
161 130
197 56
87 199
194 78
160 47
89 32
75 162
24 146
173 153
107 12
171 188
84 145
152 109
165 170
81 26
50 9
61 2
33 115
95 107
23 97
27 52
4 145
81 185
2 58
159 76
197 152
193 42
41 15
132 147
51 168
141 124
152 40
13 93
26 177
58 108
10 129
136 75
163 88
129 132
48 147
135 91
43 79
27 6
40 78
68 171
120 138
84 63
68 197
81 104
195 71
115 26
184 34
99 46
153 69
198 180
126 29
50 157
99 36
27 106
174 0
169 112
3 131
155 194
142 143
136 58
116 97
128 177
71 87
143 19
114 16
99 83
23 172
51 12
63 141
138 194
112 38
173 138
190 131
32 69
80 190
144 69
31 199
198 186
48 24
97 3
32 153
192 149
1 130
119 53
127 43
113 57
144 168
89 76
140 141
133 52
171 97
194 100
21 44
20 31
67 185
79 128
138 192
52 168
53 60
190 185
136 27
163 124
112 131
125 185
144 1
190 136
68 25
185 129
165 51
40 159
65 101
137 149
88 164
21 186
145 131
66 135
33 89
72 2
189 58
178 104
104 182
83 75
82 176
27 162
186 169
189 42
138 71
169 57
128 172
147 133
47 15
162 54
88 4
10 191
133 40
64 28
136 0
168 156
124 34
48 12
58 82
99 70
107 44
97 192
46 133
36 143
129 138
117 33
130 119
179 139
183 22
122 69
8 198
60 73
29 188
48 191
148 17
156 62
11 84
198 11
112 182
20 101
169 175
104 63
43 187
53 106
64 35
61 103
137 20
61 44
101 102
182 71
67 184
91 153
65 93
12 153
123 132
161 46
165 56
0 13
100 136
12 8
2 16
95 132
148 18
74 17
100 28
138 18
102 128
158 112
119 57
96 134
74 117
144 152
132 85
119 197
178 38
155 99
177 102
31 79
183 179
47 192
64 136
130 56
44 49
109 100
46 106
146 156
178 147
121 177
188 168
0 35
167 192
174 131
123 39
43 162
124 172
39 170
158 76
63 68
151 189
132 157
140 133
186 103
70 162
177 44
20 135
24 78
13 122
128 151
55 68
39 162
191 106
150 28
89 15
109 113
176 43
104 160
65 7
15 119
145 91
19 30
143 110
51 150
42 23
0 105
59 111
116 138
95 25
29 130
40 15
148 4
45 83
112 49
185 178
69 12
170 178
17 57
14 107
161 39
181 171
121 104
133 187
6 2
11 123
134 0
157 62
80 111
174 20
123 165
117 171
85 196
114 6
88 159
144 149
79 186
185 10
55 0
22 196
90 163
106 40
183 42
97 10
127 15
161 109
181 132
146 8
67 122
95 142
168 75
79 187
141 156
144 19
148 134
158 139
119 52
103 76
100 158
36 17
121 77
174 178
127 184
161 158
146 56
164 31
99 96
52 56
40 151
170 24
6 79
168 157
137 115
151 35
59 171
160 55
91 134
172 77
5 186
21 9
39 163
92 56
60 162
185 55
72 38
79 141
38 169
152 183
88 184
84 57
34 113
23 179
65 192
19 11
58 119
12 19
182 193
50 187
88 12
81 85
95 57
46 81
44 36
27 1
127 40
187 194
37 12
180 39
79 106
158 174
169 143
8 76
72 81
108 183
185 44
73 169
171 76
194 59
141 19
184 146
158 187
75 190
37 24
26 186
125 115
51 131
49 10
91 5
147 154
123 111
131 70
11 132
170 65
146 42
14 6
23 145
14 130
193 114
44 195
183 55
45 171
62 170
176 150
19 111
83 19
107 11
26 2
41 141
38 122
100 131
169 132
136 17
163 123
19 46
74 72
28 141
105 126
185 114
102 12
61 143
197 116
108 59
122 104
129 101
107 130
114 19
140 89
99 45
187 174
163 159
127 111
24 167
136 168
123 10
57 42
28 50
116 143
26 114
130 91
178 68
92 177
101 47
28 42
44 37
136 154
17 118
37 61
53 131
29 76
84 153
5 108
120 88
165 156
172 72
36 171
134 106
79 112
26 21
7 37
144 115
189 44
32 178
86 60
156 172
155 112
192 122
71 58
173 91
159 186
159 53
63 146
117 1
108 92
100 37
103 141
18 180
114 172
141 58
77 85
71 158
75 22
9 37
12 152
70 9
164 2
168 97
70 85
120 125
5 28
198 41
9 180
53 117
41 181
198 1
56 141
36 46
118 136
81 137
39 116
151 193
189 152
66 150
79 148
160 156
53 14
167 69
185 63
31 183
6 142
87 22
70 143
145 128
130 112
150 186
166 146
170 173
112 98
54 168
117 153
178 113
120 179
35 58
115 154
119 128
15 158
74 52
146 97
36 108
139 154
5 196
87 145
179 131
197 187
109 106
143 84
67 52
159 96
11 60
173 5
44 169
104 132
191 67
90 86
178 197
79 131
109 195
21 60
133 6
25 127
89 161
81 88
56 57
104 119
62 10
107 23
121 185
131 162
13 111
194 35
130 10
51 175
3 187
77 8
190 192
0 67
177 186
33 138
151 67
44 63
53 98
38 199
34 130
153 1
97 119
103 185
173 79
64 19
117 58
74 95
178 4
42 199
191 129
121 35
16 191
135 170
146 67
179 118
141 179
119 101
50 112
130 152
138 42
174 193
86 10
169 138
35 189
66 2
7 172
43 102
62 25
96 113
7 27
117 124
152 91
91 178
93 42
191 154
11 63
5 66
36 186
101 152
73 85
76 166
50 122
112 114
10 181
41 22
160 67
153 171
98 16
80 98
163 137
2 92
44 109
91 16
0 90
20 61
72 145
106 150
63 165
142 62
173 12
100 195
96 85
69 22
147 95
101 61
3 129
49 65
93 191
1 113
63 178
27 193
172 105
65 38
39 3
84 198
36 53
193 153
189 186
179 111
170 37
21 178
74 24
142 9
80 107
96 28
163 186
43 173
8 61
69 20
23 136
27 33
66 165
121 198
78 82
60 104
18 39
108 138
174 36
86 58
6 73
51 133
6 189
87 20
114 62
192 130
141 184
86 112
188 60
75 42
154 85
174 188
85 156
159 166
165 128
20 142
41 14
8 94
83 158
44 193
186 105
106 74
139 140
29 180
163 98
159 12
19 147
51 176
69 162
41 38
97 181
103 101
118 40
173 36
10 145
158 10
151 118
9 131
136 48
157 78
109 156
151 102
117 192
74 81
105 194
63 42
141 20
128 109
124 119
187 181
164 153
112 2
194 5
115 187
70 79
16 69
92 1
51 70
111 25
28 61
19 65
34 118
112 82
10 37
140 185
154 54
192 189
16 188
17 198
75 65
40 140
11 171
138 41
3 182
55 98
140 181
39 33
152 186
127 112
178 24
160 75
116 35
115 18
73 74
50 194
132 39
161 101
54 160
102 120
93 124
56 113
16 156
161 120
83 88
91 69
171 154
17 134
12 75
30 96
82 107
197 28
162 96
6 3
104 69
174 124
64 114
112 71
53 77
30 139
6 71
0 53
51 1
16 41
23 188
190 57
124 21
154 178
59 121
110 79
70 16
82 147
188 148
135 28
188 186
58 42
134 140
35 178
52 50
140 153
179 128
96 22
185 20
168 23
199 162
107 151
47 20
87 129
68 187
127 195
182 195
47 71
20 111
76 48
3 107
50 45
100 185
123 83
192 139
6 194
106 185
68 162
0 44
62 105
185 162
172 173
172 97
87 24
180 28
37 21
147 56
102 173
75 113
44 147
182 100
137 17
117 151
17 50
144 89
181 5
127 109
118 115
73 24
125 21
165 85
176 139
89 19
12 41
121 175
66 154
129 7
3 5
106 196
36 76
158 182
85 66
186 68
74 23
70 171
184 36
15 69
45 182
77 115
39 193
34 5
12 4
59 151
21 79
30 160
128 192
113 149
113 84
119 159
175 126
163 37
85 83
18 43
107 7
180 80
45 65
77 107
53 54
22 17
184 54
5 147
59 42
39 35
128 174
169 199
106 92
13 153
92 83
35 44
98 115
131 44
195 125
39 69
193 31
193 10
102 41
195 146
11 54
130 168
154 161
161 66
95 71
22 104
113 73
186 155
122 167
195 180
8 184
51 67
62 71
1 23
162 42
27 54
135 77
25 161
26 72
48 62
159 79
142 172
146 144
188 119
26 93
10 75
49 146
135 48
126 156
109 194
14 108
156 196
182 33
77 90
163 75
177 33
172 84
179 157
24 2
198 40
24 58
37 94
50 71
57 123
3 126
118 67
158 25
191 40
0 100
76 49
130 95
49 187
148 57
81 172
51 76
126 97
76 141
175 44
59 131
117 143
6 172
124 74
55 109
155 129
121 15
134 81
180 188
14 160
21 42
129 64
174 73
65 69
54 121
101 125
40 21
158 169
154 74
141 42
92 151
1 154
152 153
168 82
198 104
145 43
196 149
30 162
16 67
130 122
191 44
191 92
95 69
7 112
137 98
74 2
16 0
133 81
24 13
69 21
147 93
137 125
88 28
97 143
178 60
69 196
159 169
119 160
90 197
54 70
52 190
80 48
47 91
114 147
128 180
96 72
76 155
62 28
22 169
80 131
135 147
97 123
197 61
171 73
46 185
71 18
30 140
31 84
83 55
102 110
172 83
173 6
163 146
129 81
48 54
16 162
48 107
115 72
98 28
24 97
12 39
71 119
72 122
129 6
118 132
48 176
152 70
42 48
66 67
66 98
84 149
136 50
195 1
136 133
104 192
120 116
35 74
124 154
105 78
36 11
138 24
195 154
145 11
111 108
109 16
3 99
182 147
102 86
153 79
20 93
155 12
10 183
140 84
154 82
130 100
117 16
104 127
181 2
183 141
182 174
99 51
140 76
67 188
55 169
144 181
68 112
61 6
95 101
196 97
10 127
13 108
133 13
141 154
180 156
157 76
69 5
104 45
149 143
193 126
118 145
187 165
12 95
87 83
50 108
78 165
81 196
160 56
45 20
47 19
6 137
42 84
2 175
95 116
12 162
28 152
143 113
173 120
5 155
192 15
189 3
125 80
6 30
45 59
163 181
29 46
161 15
86 79
141 123
76 134
74 58
179 104
61 156
141 137
29 51
141 6
77 20
40 141
80 168
20 32
47 85
184 3
66 159
65 166
175 158
158 79
186 55
108 18
84 127
133 7
24 194
19 69
61 129
44 39
91 3
158 22
8 118
31 99
1 98
31 145
103 113
69 58
69 178
108 48
49 47
11 109
171 24
3 146
130 136
125 26
189 171
76 104
162 77
66 72
121 96
178 19
122 91
76 80
161 32
182 98
191 127
48 25
107 144
184 19
159 0
145 97
109 148
64 179
2 49
32 78
76 57
3 94
103 96
161 17
19 181
57 112
77 113
189 104
9 49
23 16
169 136
127 171
122 152
188 125
159 11
85 164
150 43
158 165
141 136
100 170
114 30
75 120
145 180
105 43
161 141
134 24
133 186
26 16
92 88
92 58
130 3
53 38
157 199
158 148
151 70
124 132
133 178
11 90
9 174
120 184
115 112
152 45
98 140
2 30
118 30
139 159
156 11
111 117
116 158
130 90
180 4
35 18
94 175
169 15
199 194
19 125
85 7
62 126
71 163
33 24
186 73
9 101
26 13
176 171
17 40
27 124
176 5
18 123
135 182
16 44
33 145
73 121
24 70
56 61
80 1
82 96
167 121
186 54
162 106
5 57
77 27
133 47
199 55
163 149
29 63
171 23
58 137
33 192
44 116
103 56
26 195
86 193
99 55
184 114
186 64
110 71
162 125
3 109
11 59
97 125
98 57
12 109
43 74
42 119
82 198
113 176
159 153
15 93
150 172
153 7
51 86
185 147
166 89
182 153
76 64
109 137
7 168
122 143
112 128
87 188
102 135
82 19
82 72
174 157
60 197
15 138
174 155
58 134
48 74
193 125
178 165
52 131
102 136
2 3
49 155
72 83
61 114
16 131
138 184
15 157
143 6
29 97
198 43
94 193
55 23
88 129
120 2
147 21
195 58
168 117
67 18
110 104
63 85
110 20
52 42
110 34
131 171
0 104
154 198
128 196
30 117
152 175
72 12
23 111
142 185
184 168
30 189
72 116
99 74
28 101
128 131
14 79
185 93
190 105
197 174
12 145
76 175
97 175
130 189
46 93
24 135
193 176
54 105
105 15
193 11
52 82
182 127
143 114
108 88
33 118
110 47
39 189
26 187
91 104
97 37
118 50
45 58
81 123
77 40
89 199
10 151
42 117
110 111
38 137
32 2
85 187
99 80
116 101
84 163
92 72
77 156
185 138
49 196
86 65
37 66
170 25
65 92
131 147
28 31
65 15
134 114
58 70
124 143
153 110
120 148
86 50
111 183
93 1
59 162
138 69
151 172
39 30
89 4
162 91
177 85
83 167
125 110
34 149
114 178
122 165
91 192
186 166
23 63
48 189
148 49
173 87
177 82
135 110
134 90
153 124
62 171
126 66
166 11
59 88
97 149
116 61
75 193
41 80
40 157
175 178
177 133
198 16
123 21
158 163
126 100
29 20
109 197
187 104
183 107
72 28
80 140
1 18
123 94
116 102
180 111
44 143
59 149
193 191
22 103
110 182
151 4
41 76
29 107
171 90
141 54
63 179
112 185
135 54
144 140
5 15
125 93
195 52
117 81
106 55
139 61
172 103
160 136
56 65
89 48
193 112
164 14
187 111
168 155
142 90
87 70
14 119
119 73
73 116
48 71
55 141
76 164
38 185
139 53
57 50
150 19
172 34
184 79
33 106
15 126
99 9
174 65
100 148
123 71
192 120
112 141
127 12
196 127
19 74
195 108
13 109
146 89
105 108
59 9
133 5
133 28
26 100
39 41
193 162
30 100
65 194
169 133
177 149
189 9
139 42
156 73
115 70
58 57
11 101
142 28
190 82
92 104
15 12
185 128
23 33
51 152
155 137
157 33
120 10
169 129
125 30
27 167
107 81
89 143
126 198
159 18
92 189
56 70
30 91
62 38
107 30
0 52
52 87
198 140
8 34
9 146
102 53
192 113
197 195
132 112
27 34
11 31
64 50
106 138
10 155
32 182
28 7
188 32
107 26
29 141
163 47
55 111
93 55
151 186
0 115
57 158
40 153
167 168
10 118
74 15
19 25
69 73
39 51
184 9
27 58
127 45
154 9
3 37
199 16
102 77
65 146
105 68
7 59
126 134
79 170
121 196
61 1
58 80
197 150
42 69
55 180
187 177
67 128
118 113
8 19
28 127
8 59
0 172
199 52
180 60
113 68
50 111
129 67
102 149
74 32
75 198
132 186
58 155
117 146
195 174
21 64
28 193
89 180
63 142
134 98
189 181
98 157
193 43
108 82
194 44
18 36
74 165
167 196
93 21
49 134
27 118
117 40
136 20
95 106
57 122
172 195
59 139
4 7
120 139
186 100
172 52
187 6
196 66
93 155
61 99
39 75
36 8
175 189
106 91
192 182
149 160
132 24
175 155
65 1
77 141
165 174
26 58
47 126
43 191
58 6
142 79
16 77
58 94
80 9
105 161
123 99
77 6
30 8
145 133
13 69
39 43
119 90
142 195
191 143
113 67
1 139
11 157
112 170
56 32
177 9
6 86
106 36
162 74
100 169
188 68
20 64
114 58
87 179
191 58
40 83
159 63
60 50
172 171
52 92
185 74
46 23
180 12
30 190
139 101
166 7
58 172
99 103
137 69
73 90
0 167
19 51
30 158
183 175
74 183
180 153
114 8
26 112
160 23
3 176
59 31
151 61
94 109
24 153
8 130
11 176
35 59
71 67
88 142
11 30
197 91
115 88
193 6
110 119
93 96
125 107
1 29
31 190
113 106
84 152
45 9
107 147
157 183
82 175
61 79
0 3
31 39
143 131
85 166
45 66
144 82
116 32
150 141
72 54
152 113
185 176
56 54
74 182
25 17
35 149
76 183
75 156
115 146
108 169
30 23
154 105
51 40
144 126
150 174
81 35
123 58
115 119
13 138
35 183
194 174
166 4
11 91
83 31
95 67
69 139
52 99
68 19
20 80
42 16
115 150
99 58
31 132
6 107
153 116
63 125
33 19
125 191
62 184
50 41
67 50
20 75
81 199
175 163
59 169
33 16
173 80
102 114
73 107
52 40
131 134
63 82
149 199
159 122
36 115
136 1
1 82
137 144
13 116
190 12
51 77
55 16
112 106
195 136
180 179
76 42
30 102
30 131
199 58
21 20
162 61
13 37
7 88
66 172
27 19
112 23
8 167
96 139
95 96
27 126
166 1
141 182
87 147
10 179
17 71
51 24
145 34
140 26
33 53
138 32
93 104
78 110
180 45
28 121
18 17
108 103
49 92
23 185
66 146
155 184
121 166
179 159
10 55
194 42
153 49
161 98
9 96
104 53
27 197
196 30
80 27
172 12
96 46
192 186
154 28
188 154
5 199
187 105
33 47
27 84
136 62
121 150
64 164
92 150
151 143
43 27
115 155
108 102
134 145
18 157
167 56
95 11
186 43
185 157
28 40
20 190
197 124
54 38
156 21
147 153
142 118
81 97
116 21
12 54
39 146
137 99
171 118
128 161
186 139
80 100
134 99
30 155
64 62
88 73
130 24
45 39
124 39
139 148
56 123
23 126
21 55
25 139
98 197
179 33
163 12
175 141
94 196
9 120
34 87
154 96
71 185
36 56
121 159
77 92
128 59
143 161
38 145
177 197
186 61
53 68
47 148
68 128
189 185
164 172
110 132
28 108
85 175
107 31
95 45
54 109
2 123
55 85
27 101
90 88
4 96
34 122
8 156
1 142
180 71
29 0
137 116
174 68
145 185
4 85
71 107
34 89
76 21
81 102
137 31
137 153
133 2
49 114
56 58
23 196
157 182
96 197
198 90
63 138
171 167
57 33
179 168
120 130
68 189
161 26
5 170
94 68
185 196
79 37
95 140
7 64
191 72
88 170
134 158
137 44
95 181
94 153
64 193
77 131
122 90
174 135
32 42
24 114
106 142
111 136
7 118
67 73
20 57
166 49
160 166
112 55
4 117
37 167
111 72
156 192
154 6
91 36
15 148
175 138
21 84
11 191
111 171
199 10
119 96
191 2
121 141
83 185
109 103
49 5
160 6
81 44
135 33
138 44
163 189
106 25
149 5
82 43
171 32
163 16
138 188
190 176
132 115
5 144
14 44
150 97
142 103
65 85
195 25
75 110
55 113
71 60
193 172
9 74
74 93
27 17
132 66
34 157
68 16
141 70
82 134
97 138
105 20
58 75
62 30
56 180
102 66
22 34
82 44
43 155
99 157
80 44
167 156
103 13
65 70
190 70
147 100
29 53
76 148
151 153
37 124
93 37
67 126
14 91
17 20
69 158
193 134
93 189
50 27
32 27
37 83
70 33
159 55
38 162
23 120
4 136
170 197
104 83
66 54
156 103
150 175
172 169
76 35
39 121
77 10
174 108
186 98
132 21
140 151
45 160
126 104
191 52
185 183
134 71
106 72
95 102
23 9
122 92
135 169
148 137
103 170
133 97
95 129
187 47
65 6
54 142
83 96
70 122
4 14
10 136
167 64
123 108
172 19
173 129
191 36
59 47
90 168
118 52
175 134
11 0
6 70
190 162
121 76
96 100
129 103
59 165
124 48
8 106
138 109
45 136
114 155
153 82
130 13
6 186
62 36
38 91
130 155
136 49
86 5
3 87
4 109
176 189
113 185
93 149
39 77
66 155
160 150
136 40
129 182
169 52
44 15
126 165
84 89
187 186
120 87
166 90
144 190
157 113
4 82
36 35
83 79
8 154
177 14
110 76
165 131
171 162
157 85
54 35
4 34
170 184
199 13
123 33
16 127
77 194
2 44
93 95
19 192
35 180
11 25
161 176
149 135
62 179
196 173
154 157
166 73
94 172
166 3
175 72
26 97
108 10
148 30
75 102
97 156
137 54
182 1
25 123
186 30
62 120
20 184
103 52
44 182
70 128
28 16
192 7
4 195
20 167
139 83
49 43
40 30
190 81
158 73
11 97
56 82
130 109
166 195
8 136
42 148
150 64
88 118
59 96
80 55
34 13
144 52
184 10
153 190
2 139
51 48
149 8
93 165
154 120
114 15
81 77
177 41
37 92
61 96
115 29
147 30
51 10
186 86
140 17
79 67
191 132
132 187
98 36
34 32
3 179
111 158
75 194
42 55
158 127
177 39
156 87
92 158
92 171
101 0
100 140
65 58
73 25
69 64
170 54
199 72
190 42
77 28
115 133
1 31
38 73
29 66
91 174
54 32
196 13
89 196
64 9
72 193
0 124
29 169
118 31
176 91
161 35
9 126
137 39
48 67
108 78
21 30
113 66
157 123
133 33
168 32
114 78
27 105
110 73
149 194
89 172
111 146
121 45
134 147
117 79
29 111
148 66
122 168
35 89
162 99
82 196
76 13
38 28
1 40
174 132
142 150
69 78
191 128
3 117
95 180
6 195
18 192
181 34
54 6
12 87
55 129
78 98
158 47
89 69
148 103
42 177
34 84
38 170
133 27
57 120
138 118
179 189
11 37
192 35
159 2
154 29
67 119
108 72
60 45
16 159
58 8
158 26
122 142
133 157
3 124
147 141
50 127
157 173
154 100
43 98
116 157
196 186
180 120
16 116
115 127
62 81
88 42
114 150
167 44
171 3
95 34
5 135
108 38
141 166
87 44
180 196
61 138
39 157
38 138
83 145
45 129
176 134
47 70
191 77
22 50
92 125
104 37
160 126
114 127
24 100
176 23
51 49
132 76
146 82
77 133
15 115
36 63
56 37
149 54
43 142
84 2
31 197
199 146
178 76
56 35
67 124
157 75
37 6
133 66
162 24
173 37
158 87
69 170
186 182
53 146
105 136
140 155
7 191
37 77
69 159
20 109
0 39
181 135
124 98
141 12
123 73
198 187
64 37
88 165
184 133
91 115
78 70
178 177
161 28
168 120
139 117
96 133
56 179
188 142
16 136
196 125
32 157
75 43
100 112
57 30
168 140
30 122
137 63
158 75
199 104
35 114
156 133
175 176
93 43
56 195
13 3
160 196
123 29
171 135
54 95
166 172
41 23
3 89
79 157
168 24
60 83
59 167
12 179
177 163
18 165
168 13
66 8
93 8
183 164
199 129
169 161
91 88
66 107
192 177
22 195
66 55
177 47
97 93
157 189
191 145
58 188
12 33
154 5
119 151
87 10
171 53
18 88
98 106
40 58
7 41
58 154
57 149
117 196
113 138
195 152
191 13
39 36
75 131
179 155
44 19
156 145
21 181
169 118
24 176
10 134
110 5
47 108
132 114
167 12
20 0
18 54
112 95
2 118
87 77
81 163
174 77
86 2
70 140
40 50
53 179
135 25
74 0
164 194
145 7
52 60
196 171
92 159
85 139
22 154
127 149
55 73
158 72
21 7
62 49
168 185
117 55
48 160
47 131
182 175
116 19
105 162
194 83
75 44
25 198
44 67
61 159
44 153
46 112
188 70
39 129
145 62
140 165
189 167
29 192
42 49
13 166
42 110
84 166
42 50
68 22
196 191
168 29
113 93
31 55
4 70
93 25
124 41
169 116
3 92
84 138
66 90
112 91
190 101
8 172
135 161
196 75
4 156
148 82
54 180
190 28
164 3
58 38
92 13
112 90
184 151
88 94
43 96
26 126
60 125
46 31
90 28
144 147
150 108
46 124
92 39
70 26
76 147
18 93
176 121
13 186
54 58
185 61
128 88
22 116
119 193
35 171
1 164
91 26
40 79
124 23
193 141
57 180
2 64
60 44
31 90
192 79
127 123
160 15
172 46
45 176
186 94
102 124
82 187
174 49
116 33
73 23
95 76
124 164
65 27
152 81
137 25
23 51
133 194
57 59
47 121
21 104
153 105
54 191
124 187
115 43
163 79
36 34
121 83
74 21
87 118
10 89
150 4
152 34
166 143
19 182
114 41
113 22
60 143
24 123
176 119
49 74
140 14
176 41
129 20
61 105
93 75
22 198
21 70
122 139
144 71
196 67
20 89
179 129
81 159
28 41
72 176
158 144
92 170
16 101
93 180
107 140
31 109
117 75
134 83
171 134
91 0
6 81
130 98
104 13
57 88
102 22
171 20
119 195
27 79
182 83
63 25
101 186
164 118
190 118
168 172
65 76
158 188
51 79
88 85
80 35
118 122
7 193
129 192
46 114
29 153
165 1
101 85
41 151
24 98
0 14
135 57
57 144
64 93
64 78
100 87
92 196
178 173
67 57
63 59
149 42
48 121
84 110
142 92
53 85
186 114
159 15
15 42
28 184
102 152
180 125
127 60
86 156
24 43
199 70
186 116
5 73
70 167
195 101
19 119
172 96
84 71
77 125
175 58
79 183
4 112
100 29
183 75
45 90
189 183
136 170
40 70
23 132
104 138
87 136
36 100
102 194
88 169
22 45
160 110
170 67
71 31
84 76
1 159
59 98
66 56
192 14
28 30
51 129
129 80
149 169
62 26
179 112
145 24
30 195
108 37
198 21
196 105
137 46
100 150
110 164
154 14
14 153
175 24
128 43
35 139
70 114
174 67
63 167
145 15
121 26
91 17
167 7
91 80
13 144
186 75
86 23
142 64
87 140
144 103
73 13
92 174
58 111
42 154
196 6
32 152
93 24
71 116
76 176
102 29
58 165
153 52
108 84
65 177
94 4
199 190
181 118
14 157
177 74
60 8
57 18
164 5
70 134
180 26
58 101
36 110
95 80
165 186
189 59
123 186
173 132
141 73
135 26
88 197
185 86
28 187
127 66
56 149
31 127
143 104
134 118
94 108
32 195
90 41
119 94
168 92
43 80
188 155
131 63
82 26
0 110
116 194
162 51
121 125
154 21
139 88
94 111
109 83
51 89
85 119
3 54
54 67
110 162
85 179
135 37
0 149
115 134
86 69
86 191
185 107
117 164
98 88
171 38
113 44
119 162
90 184
4 149
42 168
13 81
77 0
115 191
174 86
181 32
170 31
141 151
158 11
18 65
62 167
154 92
43 159
47 178
44 151
20 132
42 11
1 197
42 96
95 32
37 115
84 161
107 168
171 132
9 77
131 66
173 26
91 81
44 9
98 192
139 163
95 159
137 101
126 177
172 35
150 32
89 42
72 156
19 110
195 149
121 32
26 4
9 199
144 139
195 94
143 20
37 42
89 16
92 12
96 112
20 53
60 24
159 120
57 48
108 60
187 195
139 105
58 107
30 20
170 82
167 14
23 13
122 179
93 60
43 106
18 144
25 187
175 115
55 78
36 65
182 80
129 36
58 159
20 67
78 158
41 88
156 124
4 189
115 51
195 42
48 153
168 65
105 121
105 193
199 181
122 37
119 1
88 122
79 48
142 155
182 95
52 75
182 23
87 190
80 102
143 108
83 136
186 0
115 135
130 83
108 31
97 152
154 55
97 122
63 64
78 124
152 100
23 161
151 22
187 136
151 96
55 77
9 195
183 32
184 173
23 190
38 148
194 9
120 43
92 31
198 0
52 137
96 17
177 24
100 105
44 197
184 177
129 0
151 50
170 45
37 154
35 51
45 188
190 167
60 158
143 102
91 133
189 40
133 41
6 130
78 73
65 23
136 59
49 124
7 195
134 30
79 9
60 90
33 17
170 75
130 22
177 3
140 120
117 24
165 150
141 109
132 5
170 6
53 136
100 99
25 188
95 115
139 58
58 131
142 140
103 165
8 69
180 181
6 93
83 50
104 135
89 80
152 191
176 55
41 185
84 126
7 66
169 110
87 61
130 50
184 15
13 180
68 50
97 59
123 65
56 17
165 137
11 170
131 84
145 29
166 0
34 139
33 149
60 152
29 24
122 80
60 110
156 41
115 40
121 114
165 120
172 24
108 186
114 179
194 169
80 143
174 28
42 24
133 173
18 194
84 44
151 108
9 193
178 191
26 149
18 37
76 188
101 109
19 123
167 74
89 175
45 12
102 142
150 23
115 186
19 175
190 113
143 134
166 96
11 35
169 66
52 126
43 35
5 2
115 49
21 121
16 38
60 58
5 84
22 134
152 125
133 159
145 178
96 117
123 116
110 22
111 69
114 86
46 109
0 161
193 77
17 64
103 146
8 153
30 45
135 50
139 184
34 169
32 11
65 57
149 9
116 46
188 78
78 197
91 98
176 151
110 25
58 129
40 96
183 77
146 72
111 57
147 67
110 115
89 7
35 45
140 83
6 144
59 52
119 54
68 107
121 134
161 181
108 167
44 28
113 164
137 134
163 27
163 11
85 178
29 19
129 187
28 74
98 30
34 70
62 13
77 185
176 168
17 85
178 123
174 160
68 86
5 72
164 74
175 77
37 62
164 69
102 9
97 84
53 183
83 151
109 158
165 48
141 102
65 162
139 187
166 35
137 56
85 169
123 197
120 166
30 123
68 125
91 169
39 104
128 154
42 25
85 5
102 78
161 90
51 26
38 174
36 48
100 34
157 160
72 31
12 199
168 137
183 135
81 69
167 132
41 30
171 163
161 76
86 93
172 5
56 89
153 194
144 194
27 140
180 101
74 30
24 174
31 133
170 19
3 144
188 191
5 160
79 10
91 72
63 80
160 118
1 137
71 179
155 128
105 28
89 105
96 1
184 182
121 160
114 18
154 113
108 66
86 115
75 11
179 125
194 111
146 27
15 58
69 131
93 169
134 67
176 191
111 177
81 182
68 72
1 62
80 181
7 184
155 156
8 67
60 79
12 110
66 140
26 63
23 195
71 74
176 186
66 1
10 2
50 12
61 67
146 101
152 31
52 94
37 90
28 73
82 48
189 182
194 122
15 45
154 119
27 11
176 141
21 185
7 8
140 167
22 98
112 40
66 173
60 51
67 137
9 33
174 63
72 179
171 55
105 75
33 2
69 28
16 104
90 145
171 185
51 177
143 164
27 169
173 141
15 43
28 81
69 125
188 116
120 146
28 115
149 90
97 111
188 79
136 32
197 73
6 123
160 123
24 118
133 107
98 44
58 53
22 55
184 197
25 94
112 188
77 35
172 82
58 30
178 120
137 176
76 9
88 179
53 45
192 71
3 105
152 176
161 111
142 33
109 149
47 39
94 28
117 167
109 42
165 67
11 44
186 85
10 148
178 186
24 36
160 125
64 109
84 45
142 179
154 57
159 24
186 125
84 24
113 42
135 134
12 114
26 30
103 132
103 184
87 157
127 32
152 167
165 185
40 175
184 30
135 3
183 82
199 115
114 189
110 184
92 29
193 92
2 141
108 57
113 144
68 65
193 60
144 25
22 37
185 48
92 128
101 197
173 89
18 150
27 91
37 178
56 0
113 182
116 52
37 30
79 196
138 101
16 86
19 20
122 173
0 47
169 99
80 165
69 7
55 175
152 121
63 77
81 144
62 60
54 196
76 16
87 19
58 5
0 118
60 126
179 106
60 12
56 67
124 184
145 37
109 179
1 114
60 97
97 7
156 106
159 146
112 167
139 112
168 116
137 41
3 136
156 88
170 22
88 63
145 42
0 135
63 121
185 118
61 21
194 185
182 107
0 116
194 127
148 184
159 141
189 148
159 35
161 1
180 44
20 27
91 33
127 73
28 112
40 128
65 28
74 60
30 82
136 156
177 141
36 119
109 184
125 62
152 143
145 61
4 3
190 166
10 67
99 39
55 12
154 149
21 16
67 138
172 2
71 194
31 120
95 169
173 119
94 32
122 193
122 150
49 176
131 114
54 69
147 124
125 136
136 175
177 108
142 97
163 151
188 40
116 107
173 78
83 183
93 32
55 64
150 81
71 86
6 111
177 110
94 33
134 21
175 125
112 178
80 148
61 108
38 180
3 172
54 9
181 51
38 57
33 173
15 196
111 60
183 16
133 87
147 25
9 51
94 120
25 149
117 130
153 111
1 3
149 125
123 64
72 186
153 170
114 137
187 74
157 117
19 94
178 103
127 168
162 2
11 14
41 150
70 5
107 49
88 80
199 25
183 68
79 155
72 62
162 172
147 12
157 147
196 20
110 112
172 121
79 145
29 58
117 25
14 63
62 187
8 74
186 145
2 85
15 140
110 67
9 18
27 131
70 71
78 51
21 51
141 64
27 5
61 69
34 80
14 10
105 8
45 89
22 112
71 44
91 90
171 37
178 195
111 182
24 112
88 13
12 197
129 161
163 66
73 154
186 144
163 62
189 132
89 6
160 181
149 13
77 50
16 151
17 100
64 4
70 150
130 160
128 0
35 150
164 173
7 189
66 193
0 28
64 135
134 116
37 41
53 52
64 165
56 192
151 137
42 181
115 192
52 188
50 101
199 176
167 50
191 187
104 139
140 190
125 141
0 54
142 71
32 8
165 0
181 1
146 123
72 118
194 51
142 4
142 39
12 81
37 70
83 58
101 104
38 142
106 127
3 123
172 187
51 62
30 159
176 9
43 26
99 130
82 181
109 50
106 183
80 96
176 86
187 141
111 92
94 85
0 127
83 179
71 32
139 134
131 136
137 197
65 34
188 118
167 17
147 122
168 166
191 27
18 189
151 15
81 165
15 162
7 197
19 50
172 181
19 48
21 188
164 109
192 50
154 17
122 78
85 97
87 47
177 195
11 70
146 104
30 33
36 25
179 94
31 153
93 136
186 9
190 55
92 85
157 43
105 178
182 57
11 3
86 33
46 125
37 99
44 112
191 15
47 99
198 53
64 98
61 160
189 85
177 11
27 26
139 185
81 70
41 67
81 71
132 18
124 97
37 36
53 67
43 17
156 149
37 71
154 144
152 21
193 143
54 21
146 105
149 164
145 89
11 119
184 144
59 185
7 1
165 32
163 82
58 132
89 160
116 78
16 193
32 13
184 194
29 32
1 14
15 11
169 58
37 33
128 122
128 19
145 75
169 127
197 50
71 82
151 24
166 69
73 54
29 34
170 26
148 169
98 156
139 142
191 170
54 118
40 73
167 147
163 170
163 188
197 112
198 115
118 82
108 85
176 174
124 4
132 152
98 181
34 44
103 92
93 177
56 158
63 18
180 62
13 156
158 61
71 139
184 50
148 154
5 32
155 88
24 40
39 188
94 197
61 163
1 128
6 120
130 25
102 92
87 2
21 110
25 191
173 158
49 23
149 28
103 19
109 17
12 25
113 17
73 99
102 105
157 186
160 117
154 89
107 129
135 81
195 134
121 50
198 130
194 186
103 128
196 45
62 39
165 151
174 82
139 54
99 182
53 182
93 139
137 61
163 46
77 182
58 36
199 188
77 186
82 50
127 193
60 138
12 77
101 142
136 66
8 165
3 32
76 58
174 114
127 145
40 176
84 65
105 90
191 30
52 35
8 70
154 143
152 15
48 179
1 170
183 109
89 183
95 178
51 173
179 153
99 105
111 70
103 80
92 53
61 117
83 14
193 22
77 124
75 189
141 85
121 64
17 29
103 181
95 55
163 115
60 80
7 61
85 181
150 98
90 7
92 152
35 146
58 174
147 127
109 23
70 68
81 156
119 47
48 88
72 125
44 8
130 62
61 49
11 20
4 31
64 67
121 128
109 124
13 74
148 111
90 32
94 93
197 103
99 172
47 63
0 51
165 162
100 32
168 104
89 5
59 39
145 26
41 144
116 94
45 164
179 29
59 113
89 191
95 82
41 125
118 47
182 17
17 6
99 198
121 140
49 27
7 83
4 182
115 153
139 125
116 57
192 101
159 156
103 71
34 55
54 131
4 131
132 4
58 66
177 189
178 124
146 143
44 102
85 72
148 151
64 148
133 149
22 91
53 125
169 63
166 185
38 66
77 69
7 155
43 5
43 33
9 110
150 153
18 135
39 19
21 75
63 96
38 12
33 197
125 22
121 9
104 31
95 53
198 24
78 125
161 180
101 57
74 140
83 32
53 178
62 15
35 2
120 48
102 0
126 157
129 119
172 28
128 187
2 51
188 185
61 89
76 2
58 32
83 48
129 85
81 16
76 47
51 92
123 74
59 27
123 13
6 181
48 34
22 136
22 2
128 89
164 37
181 43
34 7
5 193
2 43
0 94
54 10
197 14
140 55
20 160
170 47
155 195
78 127
192 61
47 28
97 40
50 30
183 93
31 93
132 0
56 14
13 47
50 139
103 110
29 117
35 187
52 139
198 190
131 181
108 171
88 15
23 53
90 147
185 197
163 150
171 199
188 127
66 162
193 121
55 72
4 172
0 175
155 77
136 74
87 18
89 151
153 78
32 145
108 44
130 35
74 144
178 2
41 17
141 132
179 96
157 52
150 187
149 112
95 167
66 88
128 108
77 189
104 164
107 70
171 80
78 130
87 184
82 160
173 177
189 29
2 54
52 48
124 122
85 112
38 101
11 66
190 111
13 89
174 50
165 68
153 146
121 123
145 98
73 52
136 13
2 173
158 153
36 77
29 78
23 20
3 159
11 64
174 16
50 24
134 25
129 171
133 112
148 28
16 173
121 51
75 15
182 197
187 122
117 165
115 71
83 126
52 186
120 70
103 45
168 1
103 30
74 142
170 164
147 20
13 110
105 48
196 141
111 140
174 121
135 27
83 168
100 60
131 35
158 168
187 123
26 179
198 58
9 68
165 82
178 166
10 112
99 30
136 68
84 79
12 123
143 59
174 34
177 32
63 24
198 195
145 194
31 77
3 14
54 37
77 151
39 118
157 8
149 130
28 34
199 127
194 57
73 43
1 162
197 66
182 51
84 92
181 137
161 91
105 166
169 61
54 60
14 16
59 154
104 85
181 45
91 131
120 60
173 148
126 158
32 155
26 71
147 136
142 198
16 172
173 13
169 56
46 167
63 49
47 189
173 154
135 30
18 110
117 115
112 80
48 198
75 114
126 170
123 181
166 161
150 48
61 170
162 63
32 0
137 128
148 172
157 66
166 80
77 143
21 48
121 137
123 14
143 55
59 67
18 118
176 177
42 176
151 14
189 194
150 168
196 64
85 118
30 93
107 163
66 115
162 3
194 188
125 100
88 97
81 23
59 159
91 103
185 144
145 25
134 15
87 66
21 153
90 62
94 167
183 113
110 92
37 188
144 26
41 132
190 68
170 131
175 149
140 158
81 10
59 50
10 165
11 43
90 69
128 110
92 64
106 44
86 107
151 177
143 109
32 85
109 58
18 120
189 129
103 124
78 117
195 45
75 164
110 85
183 195
40 138
165 35
46 183
17 119
104 175
100 48
145 59
137 37
70 163
6 43
78 23
122 84
75 177
130 88
156 138
141 36
31 62
175 69
154 172
42 79
158 152
116 1
88 105
58 61
180 158
110 181
176 148
195 147
0 185
86 160
169 126
118 102
37 105
101 24
142 12
155 118
89 55
159 191
199 143
92 113
121 189
34 188
117 145
19 2
3 44
68 166
177 60
133 22
125 164
95 17
121 20
127 102
176 98
174 123
99 126
54 158
98 18
105 80
115 108
116 106
54 39
92 43
68 2
195 189
8 170
186 170
144 196
188 162
116 90
128 117
160 59
198 35
13 11
112 103
54 112
143 165
174 179
104 43
31 187
48 75
48 90
77 129
151 46
94 137
77 152
163 95
84 158
36 33
47 198
6 127
124 108
85 128
119 69
57 145
196 163
177 164
153 183
99 136
181 115
134 110
26 41
156 198
98 160
63 61
64 43
25 51
20 96
82 127
2 194
123 79
37 143
69 103
184 153
170 87
96 26
59 180
184 94
10 35
63 73
128 54
24 81
23 11
119 92
49 143
126 81
36 176
85 69
49 188
88 25
184 140
142 47
110 96
163 36
128 56
196 34
178 98
173 45
49 98
17 181
148 37
31 135
58 46
106 186
140 108
74 133
4 165
144 48
86 81
21 97
34 112
128 96
60 64
24 184
172 18
193 178
62 43
99 120
132 40
60 9
86 173
52 136
134 192
62 47
42 156
194 27
