700 1000
242 334
213 1
187 359
273 234
105 513
114 183
193 275
62 683
634 364
355 42
390 449
285 372
504 655
676 512
399 390
161 212
47 54
243 529
136 353
426 282
508 297
578 42
345 40
108 398
570 346
312 651
298 266
443 350
696 32
132 343
206 577
112 655
68 588
278 355
237 625
588 474
317 286
359 558
78 11
199 103
100 21
688 697
463 307
496 626
108 494
395 522
565 487
162 592
434 629
526 192
532 258
170 47
323 293
301 634
427 314
657 39
661 97
294 627
150 176
563 342
393 146
291 14
252 177
483 233
147 141
510 571
697 594
239 429
611 124
18 575
421 107
328 198
220 637
53 215
630 276
631 328
601 400
426 563
118 71
690 110
328 205
571 441
30 159
227 646
4 128
454 316
64 21
516 551
147 310
552 347
91 565
242 363
456 106
578 236
320 354
76 551
348 9
428 305
45 421
389 571
261 168
468 566
491 21
464 395
439 629
465 376
115 44
408 275
154 416
614 86
633 272
19 28
101 433
235 433
291 666
412 349
20 154
274 336
558 125
56 445
356 126
195 347
73 559
86 466
163 535
546 73
546 402
307 293
369 158
278 691
203 488
277 509
608 364
419 500
278 477
148 481
226 588
205 683
9 619
556 77
656 569
375 258
191 594
587 112
310 583
73 288
338 342
627 681
354 51
151 628
355 7
556 167
39 77
141 103
532 471
201 684
74 318
543 379
92 654
116 460
7 181
338 517
137 658
315 521
81 63
445 172
332 440
249 549
104 686
374 108
652 631
83 567
680 533
476 275
461 489
641 319
148 674
429 599
548 231
60 525
436 677
594 160
548 440
271 468
143 330
288 357
288 541
500 285
501 629
333 158
329 688
678 271
588 518
691 381
2 573
549 47
640 514
649 693
476 616
442 516
530 510
2 592
498 252
191 270
575 246
411 36
460 518
263 207
600 310
403 347
426 577
516 233
668 162
142 657
111 453
535 342
682 188
636 254
388 39
55 586
543 89
352 631
411 560
182 371
437 523
51 164
346 5
8 488
120 82
616 564
82 371
634 190
261 689
291 369
562 655
522 675
236 231
200 250
666 4
38 504
479 393
355 63
144 425
377 483
171 413
436 562
431 521
32 254
593 599
696 375
292 587
57 493
287 425
605 377
622 452
272 95
563 541
107 582
429 273
515 359
184 464
688 425
237 381
306 243
240 81
243 11
193 287
670 696
336 143
693 311
404 116
94 258
692 232
449 565
607 410
209 661
344 395
655 188
250 159
202 344
587 370
542 325
378 229
389 241
551 137
659 225
545 168
174 205
266 636
608 452
0 679
358 506
507 272
264 304
654 21
368 255
31 461
349 459
524 554
554 123
692 305
318 171
60 688
516 232
278 663
267 490
316 12
281 568
124 369
345 423
577 24
244 631
590 541
469 265
640 653
173 176
349 510
668 207
24 524
585 676
634 484
43 484
330 368
680 34
355 85
157 150
133 550
185 31
675 239
342 699
504 573
666 539
106 320
388 97
686 456
327 462
371 190
449 292
528 684
363 356
77 586
405 149
407 621
550 407
315 525
106 193
673 680
668 490
197 139
318 421
429 58
564 90
688 237
663 525
227 626
197 337
158 240
446 118
651 600
377 38
484 311
636 675
412 678
151 71
654 96
308 38
484 415
283 418
592 362
221 468
232 563
442 168
21 605
165 646
359 235
518 155
598 66
430 630
101 254
253 28
572 357
42 358
217 214
500 123
405 356
397 1
82 298
337 616
145 390
186 573
180 430
68 368
482 568
408 30
298 315
632 45
46 294
675 129
461 525
441 283
164 579
11 609
517 625
222 314
46 242
405 173
325 436
81 32
391 433
405 451
136 148
587 206
671 193
502 163
599 556
438 219
196 33
437 600
442 696
347 311
168 598
338 534
196 669
428 189
671 247
678 183
423 559
319 58
364 226
292 391
352 359
459 408
627 405
414 117
25 228
630 278
381 331
633 600
546 500
404 278
41 506
267 611
476 457
56 537
493 291
101 319
163 67
595 329
142 32
511 665
374 70
516 268
299 549
171 371
354 424
360 48
468 347
263 225
255 625
506 488
580 636
395 254
7 180
272 682
402 371
223 142
314 650
125 431
204 397
86 672
140 262
515 656
457 237
188 123
693 125
199 663
362 283
578 57
6 283
144 220
592 106
59 469
7 456
683 671
322 649
525 247
144 387
216 254
480 260
260 404
451 218
90 336
556 646
565 286
195 397
662 272
530 661
7 108
496 148
257 276
196 473
378 492
389 227
7 418
694 424
224 500
303 336
635 625
269 101
516 343
305 307
451 83
482 61
195 644
30 270
66 90
481 222
71 85
653 299
184 264
173 684
372 432
646 42
490 241
478 95
395 347
204 657
279 141
278 172
464 649
445 327
313 255
157 185
298 164
215 272
667 553
352 5
433 328
372 222
70 199
547 319
314 170
582 528
56 378
283 390
329 98
133 81
513 665
295 182
597 605
628 432
673 3
54 311
322 106
155 370
117 281
136 561
429 400
369 161
323 501
61 245
445 228
370 432
677 380
167 26
183 179
570 244
387 362
512 438
362 660
207 146
242 125
185 516
505 285
663 544
530 439
43 410
88 352
467 637
284 253
32 361
151 460
651 238
561 424
378 318
58 588
646 214
227 145
401 109
567 198
348 481
534 366
232 620
551 0
504 18
693 506
615 206
56 90
71 375
409 20
262 51
278 470
186 531
259 292
289 661
322 457
506 365
266 283
110 491
457 424
583 382
643 482
434 316
343 695
52 513
368 570
291 404
56 276
508 598
122 604
97 232
248 458
470 607
246 473
380 6
452 627
201 311
520 93
551 71
172 462
586 536
487 625
41 122
485 284
227 408
664 464
139 418
699 453
327 388
404 163
641 150
304 522
60 30
582 279
694 667
260 332
670 367
483 317
282 364
454 569
526 300
204 653
306 660
261 515
250 23
174 665
292 609
97 166
510 326
308 696
427 231
535 215
224 440
434 174
549 293
682 293
244 412
303 670
539 569
348 51
477 655
386 32
303 595
390 696
33 366
607 149
371 608
252 37
56 443
451 36
1 142
503 305
445 178
140 223
150 331
693 398
606 69
78 316
689 176
229 653
70 645
673 460
585 281
448 160
33 101
161 116
649 85
396 603
429 556
202 457
297 630
501 442
545 467
77 202
68 182
232 616
501 376
498 490
494 659
335 394
139 583
41 560
148 369
193 678
136 369
447 259
456 127
82 311
257 377
384 678
466 225
336 576
501 577
178 584
181 348
319 356
14 238
292 680
251 596
558 634
538 516
25 351
40 242
258 254
300 652
299 629
597 549
542 202
293 480
63 133
604 106
555 513
389 481
478 531
403 257
204 364
666 303
396 671
505 520
659 374
461 623
585 122
530 31
342 555
425 448
341 552
684 72
572 176
209 391
483 652
619 643
256 275
536 15
129 354
697 363
611 471
496 22
271 167
180 380
329 653
362 556
565 638
470 614
148 239
233 299
689 283
214 534
82 170
531 241
1 550
333 635
386 393
692 180
164 78
239 659
623 514
70 279
191 529
219 478
104 201
574 328
193 349
147 383
81 161
22 509
604 653
541 395
411 459
530 444
254 667
480 586
410 484
502 685
674 477
432 423
558 573
692 154
319 49
526 364
597 62
19 680
71 33
132 374
447 439
529 297
172 81
188 229
325 292
685 524
514 223
514 159
68 384
153 180
329 290
610 219
129 453
290 673
219 405
56 267
65 102
78 158
319 161
648 622
329 138
267 568
549 302
69 220
54 96
670 84
242 662
388 323
40 198
64 531
387 155
578 517
620 88
263 674
7 383
528 408
541 325
493 463
119 606
618 654
578 254
390 123
295 164
118 678
637 517
592 310
11 513
547 27
47 162
322 543
601 569
338 229
266 140
276 628
660 583
619 460
675 413
354 264
135 663
448 166
489 501
240 522
158 23
689 603
583 461
57 151
190 193
287 576
102 633
615 68
103 310
438 667
471 337
163 176
549 664
123 459
394 511
55 374
335 169
542 600
283 646
274 271
119 132
397 160
164 618
581 143
452 204
630 438
374 64
333 224
170 153
653 660
560 216
275 289
546 482
410 698
660 551
550 510
58 308
318 62
339 370
229 649
375 69
320 161
336 142
621 99
7 233
360 658
301 363
576 52
426 412
225 90
560 127
476 258
424 653
345 209
3 498
487 615
336 588
349 422
678 177
617 227
604 282
495 486
413 470
77 457
372 345
272 676
495 55
215 176
155 521
693 401
241 503
616 617
266 187
126 94
339 665
391 171
485 53
139 439
174 44
154 497
31 674
437 70
91 492
251 71
222 408
159 566
530 460
306 153
478 658
128 91
313 616
56 520
483 606
26 607
493 528
120 102
571 252
502 177
424 431
81 471
82 626
437 330
229 487
458 426
366 398
143 405
129 608
507 625
381 170
638 688
60 366
324 565
161 424
213 535
121 662
485 674
689 124
544 244
328 312
259 609
474 576
109 32
235 301
138 228
230 453
