200 400
58 86
191 87
120 29
33 91
146 75
176 101
49 125
68 189
78 193
174 195
62 68
199 99
156 45
94 87
141 186
179 118
81 120
0 30
147 47
198 163
120 104
153 184
124 170
47 141
6 172
100 22
142 129
144 150
57 178
163 40
129 67
191 43
119 194
131 145
119 3
124 22
110 56
9 164
0 64
104 118
65 197
61 164
180 14
21 7
131 55
151 16
34 189
105 110
116 110
15 148
13 8
104 5
199 45
67 38
14 8
100 157
126 100
178 40
31 108
165 32
99 129
94 22
6 51
63 130
86 96
2 181
46 90
115 53
136 144
42 99
98 40
126 190
122 73
178 93
22 117
184 64
15 93
168 7
167 163
178 1
47 54
82 131
52 109
53 63
27 46
67 69
60 33
110 84
14 91
122 163
137 5
8 80
119 37
101 165
157 198
29 33
24 82
81 155
139 16
113 168
2 13
85 26
166 11
196 143
128 51
112 171
3 109
181 198
64 151
5 172
3 81
58 51
187 161
119 85
19 18
26 56
148 23
180 102
170 36
106 95
160 170
180 182
117 174
164 150
72 150
161 189
128 80
36 54
168 9
88 105
32 185
144 13
91 26
121 65
174 199
3 130
3 41
96 46
117 29
102 96
85 124
85 183
43 17
108 195
156 85
14 183
29 65
122 81
165 177
137 162
164 66
197 78
48 162
164 178
25 114
4 23
64 60
190 138
181 117
39 171
4 121
71 189
4 14
63 98
176 161
188 119
115 124
60 91
89 120
132 8
189 82
133 56
35 191
15 194
93 40
179 54
42 73
13 5
5 81
103 88
79 128
19 24
100 89
88 10
163 166
6 64
74 30
104 177
58 77
89 163
77 161
60 42
182 152
108 52
46 10
134 45
130 147
28 79
55 141
83 128
15 119
32 67
129 137
1 55
112 101
48 117
100 122
175 167
101 42
100 81
172 97
154 184
107 6
53 43
61 42
163 12
128 189
48 68
190 91
127 193
24 132
128 170
156 197
105 199
8 27
156 36
168 156
168 92
125 0
164 44
199 181
100 43
38 54
141 57
10 91
172 7
35 75
62 119
177 130
48 157
8 19
49 57
46 39
173 135
40 126
40 48
112 25
92 118
80 159
123 22
14 57
30 150
43 157
130 194
127 121
151 174
151 115
183 193
72 56
141 87
29 49
178 50
115 192
198 116
123 143
149 186
39 149
118 14
73 58
129 20
13 101
132 126
100 135
88 141
168 91
135 66
112 100
56 6
12 133
175 172
103 17
139 6
28 83
125 196
108 71
110 165
109 174
179 91
105 9
97 73
33 167
61 173
84 4
165 164
37 145
30 94
11 23
66 186
88 65
157 119
66 48
22 155
193 72
41 125
59 188
172 21
190 42
185 198
64 80
19 133
140 4
143 136
65 160
148 180
6 16
131 66
168 22
48 113
26 115
27 168
168 51
122 184
101 157
93 35
106 121
11 109
39 43
90 65
1 102
34 107
53 15
162 130
107 96
197 132
31 136
139 5
123 133
73 165
158 79
109 171
177 10
115 31
65 47
161 190
199 123
146 74
19 108
6 151
101 89
57 35
22 141
173 154
29 59
119 123
169 183
124 79
130 5
154 130
176 186
46 183
159 3
154 35
5 160
150 175
26 121
155 68
194 80
1 94
184 8
127 11
180 160
137 177
144 6
146 157
95 48
199 169
186 129
135 159
198 30
61 17
59 94
34 75
86 78
42 49
35 51
68 63
87 58
80 183
95 21
99 83
32 161
115 167
111 21
175 5
64 73
178 71
110 77
154 58
131 10
164 107
