390 500
67 231
337 211
176 362
353 9
125 149
93 140
353 191
353 315
173 123
108 172
265 343
359 230
352 207
35 59
296 86
83 211
372 94
101 302
319 125
54 145
244 216
308 147
18 138
67 302
92 233
59 296
191 294
94 211
323 350
144 54
383 17
320 149
197 373
361 158
274 116
244 335
363 232
349 211
382 273
129 22
100 372
360 105
243 134
250 2
105 302
221 255
106 5
179 26
87 300
286 318
319 284
333 135
159 47
383 1
166 385
258 290
99 302
92 281
346 125
387 183
29 178
244 360
160 191
249 376
279 138
136 102
52 326
311 250
92 246
54 150
100 192
317 45
34 356
131 209
270 278
85 169
158 185
389 307
254 185
96 26
37 222
63 161
150 22
157 199
125 150
254 169
153 155
276 152
301 44
300 99
384 176
78 57
87 59
197 366
291 287
327 316
60 107
71 106
57 309
14 120
64 10
255 374
307 353
285 257
208 256
367 313
58 63
130 1
299 285
232 271
99 319
296 289
328 239
278 187
154 275
311 122
88 338
381 119
184 373
344 181
356 347
372 333
346 302
378 312
8 34
24 9
41 28
39 383
81 159
85 161
103 59
349 224
234 268
141 294
179 20
56 0
154 378
387 322
313 139
128 183
20 161
254 315
106 334
280 154
255 4
357 213
262 40
181 106
118 122
299 192
289 375
59 388
177 255
271 136
362 144
173 0
344 96
5 254
81 143
134 321
264 108
262 47
191 148
373 74
6 335
352 73
389 320
325 77
98 321
366 250
14 367
196 223
0 303
30 73
284 320
270 165
114 357
160 337
48 264
131 118
72 269
349 124
161 154
366 291
202 313
104 350
29 199
76 209
240 206
332 286
114 125
108 226
194 102
64 360
297 346
161 236
228 33
139 250
111 110
373 355
216 270
22 272
281 317
199 328
286 175
154 319
198 319
177 351
199 190
158 86
334 201
193 12
260 192
108 22
115 291
374 375
270 156
386 93
283 72
125 382
1 251
191 186
304 192
100 185
339 343
29 98
101 247
193 228
209 96
242 319
292 229
344 210
231 337
39 205
40 53
67 346
178 209
345 380
354 122
160 93
130 332
283 140
89 48
325 198
266 370
257 83
241 158
217 142
38 9
64 313
215 17
62 326
258 141
315 102
278 61
113 7
264 71
80 338
196 304
67 269
119 221
10 101
194 65
256 106
325 365
280 30
283 129
306 237
109 197
69 212
162 103
287 65
211 258
139 129
325 174
332 153
354 151
7 358
315 221
295 204
120 12
164 315
5 25
283 146
284 378
272 326
217 53
231 75
381 122
367 267
146 256
296 82
115 134
38 144
74 233
5 135
114 17
131 271
302 61
268 8
185 198
74 2
378 5
156 371
272 248
202 161
346 113
150 333
122 36
124 91
282 90
80 4
38 103
171 159
146 147
162 257
150 134
133 260
382 4
2 365
383 362
310 216
373 57
57 88
60 66
78 56
340 159
136 355
364 112
28 359
322 386
236 103
194 188
254 105
86 328
303 264
39 261
246 352
358 80
66 114
96 214
277 237
26 256
101 369
7 14
122 30
364 27
203 285
333 323
329 67
10 165
122 363
291 47
282 200
327 340
24 64
154 133
275 11
277 59
146 124
1 226
383 285
113 303
306 301
42 109
300 190
287 115
94 371
23 291
353 244
99 150
243 215
89 292
201 294
123 62
195 43
9 76
170 229
111 122
19 70
342 156
297 131
262 192
150 145
373 270
73 113
126 47
157 353
176 212
352 39
293 189
76 175
272 137
272 244
174 140
60 267
287 284
70 224
25 230
365 49
274 74
123 355
43 97
101 208
142 102
262 287
3 57
5 29
45 49
59 47
79 183
60 376
19 47
250 203
153 131
172 116
28 334
295 367
353 241
212 292
203 215
212 314
265 127
65 300
321 245
90 305
320 123
209 180
277 355
381 189
259 3
21 0
83 321
299 48
164 168
221 201
50 311
153 76
317 214
182 159
279 4
7 129
318 277
94 184
44 115
83 34
223 198
285 108
300 137
249 149
124 263
26 324
166 124
307 183
97 142
232 346
23 293
139 245
10 73
28 192
133 289
82 179
63 177
334 320
177 156
286 379
305 368
232 251
298 82
141 127
339 5
24 323
51 218
100 339
62 297
79 309
130 200
335 308
267 70
349 177
287 286
235 271
118 21
158 325
198 184
236 263
48 292
184 241
249 59
251 237
316 85
68 314
369 46
202 301
4 212
226 337
91 86
180 381
138 16
71 147
