500 10000
476 176
391 445
269 17
35 478
28 459
270 89
370 440
74 176
44 287
418 152
50 377
287 427
407 262
258 129
377 130
483 346
397 226
379 53
450 145
6 163
462 165
121 58
82 346
178 491
208 474
258 378
41 101
447 159
457 100
41 141
122 375
271 169
72 170
193 443
131 283
248 447
382 329
357 425
300 407
290 253
444 106
431 325
240 40
374 490
231 204
303 113
346 76
112 288
473 85
321 345
310 10
221 325
232 322
401 83
63 94
155 250
293 3
149 185
324 373
47 175
211 205
390 442
487 142
165 186
413 31
272 175
305 308
129 218
338 372
61 435
36 181
123 49
352 462
4 201
16 62
144 191
454 16
314 239
221 219
386 409
492 316
328 180
446 237
105 233
102 377
197 122
487 75
330 19
27 28
322 378
100 142
81 76
461 108
274 317
200 246
431 362
372 131
178 481
366 476
283 107
375 143
481 59
491 371
245 86
425 410
290 190
50 255
183 220
310 306
334 181
243 220
476 496
201 290
439 131
416 356
380 135
428 104
334 76
77 434
414 210
14 251
482 363
97 213
259 271
303 146
173 413
436 186
256 51
435 302
278 279
293 368
296 240
36 406
327 396
474 63
304 181
352 233
109 173
25 215
67 200
112 388
362 206
277 213
268 329
437 497
231 143
151 181
328 385
232 15
30 256
430 77
478 454
311 415
423 258
437 94
5 405
1 462
178 207
191 165
333 104
330 336
218 441
401 149
499 28
222 294
3 283
243 120
240 406
28 213
114 278
267 230
447 64
54 250
54 393
168 490
73 295
373 407
295 392
472 289
119 126
456 217
333 85
464 401
413 488
143 314
104 248
137 322
142 190
50 34
206 189
343 62
378 49
50 289
34 162
253 132
89 116
83 98
464 469
27 481
410 448
209 81
84 169
373 296
429 416
311 222
442 499
176 433
50 51
300 95
99 311
367 254
308 0
493 452
316 128
304 191
446 120
355 178
203 190
475 385
113 170
380 385
499 155
396 457
399 213
442 277
44 385
440 474
327 273
198 241
34 92
113 192
329 443
302 169
207 306
404 425
155 272
326 261
157 450
346 104
433 342
472 442
365 485
384 373
91 31
98 243
29 402
357 135
452 426
167 361
390 23
209 301
3 304
455 493
342 423
110 493
311 219
106 94
5 283
29 185
440 280
382 290
125 348
281 137
58 348
121 274
143 89
244 246
307 400
157 302
406 261
173 244
227 408
370 222
390 283
230 301
425 123
248 84
431 444
376 28
171 132
207 10
138 256
61 237
170 395
469 184
300 270
355 419
358 249
218 395
82 413
237 135
284 5
60 440
416 456
196 260
391 307
80 117
372 70
235 165
196 17
401 101
484 110
68 300
446 150
324 30
201 463
30 232
353 135
57 356
68 486
213 144
165 44
3 91
317 301
224 87
382 369
303 32
414 167
79 315
340 486
462 175
231 144
148 247
259 207
192 297
394 7
274 490
330 156
277 36
466 270
313 336
443 374
220 409
309 374
499 278
344 477
140 377
113 51
364 384
312 66
364 6
323 34
145 127
190 246
383 310
480 414
254 459
124 335
65 381
138 328
131 272
234 353
314 26
478 298
408 307
64 74
460 489
50 358
426 243
19 230
497 314
109 459
228 175
433 218
52 126
357 406
349 239
246 221
152 146
389 454
118 385
48 247
246 187
103 175
496 444
215 363
59 168
255 320
194 477
92 327
317 487
292 173
442 409
90 245
199 71
430 56
354 81
329 316
191 489
295 491
48 265
197 430
43 467
37 30
385 74
258 233
386 155
123 346
113 156
426 407
143 70
355 281
287 20
473 401
475 327
94 116
444 451
453 32
370 27
317 406
484 60
352 129
320 119
369 261
449 123
154 30
252 368
379 445
304 287
397 347
50 45
299 271
487 169
64 192
153 491
315 99
104 223
119 359
57 483
145 202
190 289
162 419
467 491
90 297
428 447
315 162
195 356
449 430
112 32
30 59
120 328
63 16
188 126
492 257
380 22
7 483
251 433
289 481
499 201
252 394
275 55
44 63
92 24
138 297
270 282
225 181
162 361
142 455
53 173
248 493
319 217
449 168
32 289
167 232
310 238
312 290
139 240
281 196
373 64
433 426
222 395
321 239
115 285
303 6
226 99
43 412
498 201
71 444
116 319
408 29
172 184
201 280
248 143
379 365
434 110
29 66
82 216
185 465
60 121
354 312
52 417
278 74
75 352
332 463
340 114
281 147
109 377
304 145
471 138
152 429
257 309
342 267
71 331
451 229
7 466
157 51
106 159
36 90
42 102
288 80
116 167
183 152
369 102
335 139
245 417
386 87
305 110
70 71
262 444
445 133
252 229
353 178
120 104
5 420
167 216
436 113
116 125
145 281
281 64
83 41
283 80
377 303
63 115
280 351
140 358
309 16
223 256
417 73
300 399
491 172
225 284
25 191
257 371
61 50
252 158
264 296
249 128
72 257
253 357
147 124
42 179
89 491
160 376
234 272
115 211
245 48
141 91
104 453
69 314
103 442
86 309
60 72
154 408
217 255
106 479
278 498
397 315
348 489
290 127
480 314
360 56
48 479
333 239
102 0
216 333
30 466
221 405
415 177
414 425
493 168
193 101
260 483
94 36
373 445
384 442
136 446
408 377
408 311
17 445
44 283
260 230
102 474
187 448
245 53
16 77
50 356
128 176
48 408
144 291
90 300
499 140
303 163
73 151
342 251
362 8
207 281
242 265
87 232
72 149
106 113
87 58
81 24
49 290
147 278
84 13
29 285
325 423
51 221
231 49
423 393
446 106
233 458
121 366
356 145
286 411
243 401
97 196
45 323
44 174
144 321
83 426
266 233
317 211
114 251
458 355
157 193
353 235
5 356
167 474
318 86
212 345
211 489
461 285
203 291
110 251
242 129
416 66
379 193
183 412
462 108
432 429
266 357
131 72
159 247
164 171
410 231
88 164
483 385
417 400
34 437
52 346
401 400
107 444
77 170
409 397
402 462
180 246
142 430
341 52
70 206
387 288
138 146
297 313
386 252
141 28
5 377
166 18
265 442
164 254
333 427
477 433
322 284
162 350
38 74
481 181
274 31
113 424
368 263
167 359
3 65
84 380
376 354
284 163
196 308
360 102
119 23
204 316
248 101
479 237
157 235
279 8
175 336
487 145
137 410
402 150
470 411
52 10
36 255
278 472
78 66
357 244
479 333
88 192
79 10
151 251
459 79
215 380
192 147
360 295
432 259
298 12
3 224
201 236
166 109
369 155
264 257
232 93
126 70
234 162
105 256
220 37
407 4
481 416
485 69
368 95
150 95
11 345
493 457
137 248
106 202
195 318
409 406
455 484
391 146
420 334
463 107
291 201
168 338
434 375
160 403
440 224
212 118
103 286
391 5
483 339
29 334
218 23
426 168
409 283
458 211
444 481
57 60
164 64
469 262
179 130
374 337
159 395
135 76
233 387
49 156
63 488
193 362
375 433
298 324
94 374
160 467
409 180
181 121
182 273
96 176
379 77
54 178
303 409
448 452
369 107
444 193
415 5
73 116
492 328
444 183
190 5
379 46
471 276
271 50
180 315
390 79
115 6
210 195
67 17
274 333
48 185
200 324
300 299
324 219
53 317
387 46
342 158
106 371
346 311
323 421
81 431
406 306
47 1
55 134
462 13
445 53
337 207
51 82
159 198
458 288
265 386
463 363
145 174
125 385
472 492
474 327
56 428
345 225
497 420
419 18
196 327
151 294
348 260
408 207
460 379
200 3
34 442
244 404
140 461
392 5
225 397
455 374
34 147
152 38
316 354
415 115
458 177
441 431
122 40
360 387
271 178
240 400
143 335
50 180
354 478
406 66
469 13
349 49
236 412
327 387
378 215
396 446
8 301
371 1
354 471
438 424
180 471
107 7
300 29
322 470
16 72
258 49
185 331
153 357
277 106
164 240
85 115
310 92
360 173
87 443
417 457
104 278
158 446
218 123
460 76
185 281
468 77
288 490
41 144
224 268
70 247
291 304
400 6
28 202
21 1
184 183
338 16
483 181
295 445
422 101
215 436
481 273
163 16
371 132
168 9
490 207
180 360
492 406
120 47
172 233
414 276
206 488
383 294
459 87
485 1
217 419
208 346
308 458
77 238
418 290
76 159
456 340
334 455
333 125
16 220
384 71
386 207
469 452
230 75
139 300
39 125
120 77
76 68
446 415
414 367
334 200
302 319
262 372
150 116
33 28
25 132
105 86
213 34
313 196
314 284
46 212
437 438
229 363
4 170
146 140
371 89
199 239
60 145
199 438
167 427
143 272
193 166
294 35
247 262
173 453
109 342
399 99
297 426
54 414
371 164
254 473
35 99
96 236
3 11
267 216
460 134
351 384
386 217
203 61
44 303
408 79
332 255
365 324
102 50
201 193
140 275
234 101
24 476
426 415
402 127
249 190
241 13
77 32
110 101
163 43
235 354
174 198
384 353
91 230
137 39
229 327
469 137
490 127
68 364
146 74
171 131
87 329
288 20
190 37
255 126
424 353
59 197
466 483
58 309
371 299
111 419
483 105
230 120
112 296
403 150
259 474
333 293
156 245
402 318
464 284
490 310
325 128
349 439
358 326
330 23
10 185
196 268
122 92
13 224
131 304
463 438
293 431
172 459
11 317
405 290
137 194
424 422
292 247
53 455
253 40
46 373
132 118
261 345
84 396
443 279
59 328
132 476
450 473
75 64
276 16
442 426
74 162
446 304
155 126
391 100
123 422
110 62
200 495
3 206
266 308
290 239
383 376
16 38
386 100
61 194
287 448
353 267
458 222
161 271
224 48
309 429
117 251
357 205
184 272
369 141
7 39
138 154
115 436
265 178
221 291
403 311
19 304
151 230
381 317
274 15
316 27
386 45
177 419
408 284
151 63
428 471
402 169
308 5
81 239
478 126
361 477
139 228
201 220
415 466
154 111
266 424
324 223
232 388
334 462
31 498
17 446
50 2
282 164
363 436
143 277
49 361
278 171
244 133
285 11
119 323
310 311
329 29
267 335
303 128
345 105
372 283
36 334
230 355
110 154
436 438
21 474
320 21
375 266
156 478
264 73
261 340
121 37
366 131
176 15
367 412
471 66
449 282
436 472
53 498
212 291
346 127
13 353
204 258
226 352
497 238
83 336
325 26
111 365
146 291
406 328
358 432
300 491
207 419
255 164
493 143
327 292
157 74
34 118
32 85
254 47
222 485
361 86
200 151
144 74
126 368
113 159
170 197
490 431
449 193
195 256
45 119
219 117
236 94
481 2
213 239
62 18
236 187
125 98
261 381
400 172
265 348
470 489
60 36
335 222
160 356
291 48
147 71
111 263
85 203
57 180
348 447
371 294
423 349
47 331
100 68
61 227
273 489
101 139
175 115
131 92
447 89
203 134
149 62
153 141
193 41
302 65
435 477
129 459
80 338
415 120
216 25
463 239
171 145
479 404
136 471
72 57
210 140
482 376
247 414
30 389
149 469
159 376
62 295
408 189
321 67
250 486
457 230
443 495
121 243
65 471
236 272
158 224
314 385
144 486
76 13
377 439
169 459
426 371
196 179
414 344
263 465
222 379
305 234
360 3
172 213
175 329
265 165
475 449
342 291
91 62
416 270
71 158
223 444
281 94
72 190
209 68
27 162
78 367
63 148
226 443
106 393
126 387
495 10
126 138
193 56
80 1
366 410
26 388
249 311
497 321
411 133
103 42
461 164
339 80
445 347
18 434
232 458
338 185
241 298
323 286
93 309
402 375
156 419
408 161
493 387
303 92
346 244
255 210
391 438
270 202
475 428
66 347
351 49
103 217
198 69
126 434
220 307
18 76
117 301
393 386
262 447
246 440
415 39
88 232
172 311
103 152
481 365
128 84
125 197
356 209
325 72
459 10
91 50
175 466
251 356
27 81
21 381
168 39
333 303
287 480
351 158
389 117
271 468
168 137
470 172
400 313
98 214
135 457
440 1
61 49
240 310
219 183
309 430
226 123
337 443
216 72
218 308
150 183
274 395
413 217
136 107
388 122
385 236
92 329
255 48
370 346
275 173
27 339
160 192
427 261
333 288
390 432
110 166
142 202
153 196
146 188
465 191
402 317
80 362
166 81
344 11
139 156
67 344
122 362
448 498
235 292
430 281
222 343
286 328
448 57
276 374
212 369
333 32
351 368
248 147
255 179
355 231
483 96
306 418
19 321
145 8
5 410
254 64
155 214
420 283
424 59
278 225
283 219
432 49
15 11
459 8
371 151
334 448
414 175
23 418
449 216
259 402
55 68
483 390
138 361
347 265
454 395
357 180
473 1
493 101
394 64
12 340
301 348
154 144
150 182
167 329
451 15
435 424
341 136
291 411
36 349
168 343
318 283
397 370
316 476
348 11
75 135
51 296
368 441
21 322
499 387
21 132
491 176
233 140
324 366
252 138
24 126
212 141
356 119
250 2
444 96
228 112
232 66
323 271
102 112
88 71
52 113
6 403
411 234
185 495
44 145
148 362
212 86
267 377
12 19
143 194
421 108
491 305
182 448
346 66
40 406
392 316
210 366
425 193
214 31
31 239
436 483
308 376
119 124
280 432
371 279
480 266
149 351
247 360
333 413
449 43
490 235
322 127
321 348
128 157
114 444
145 364
197 452
142 321
329 83
255 205
433 121
16 25
134 294
19 403
394 232
390 498
376 135
364 469
374 252
320 82
262 448
466 146
248 442
88 300
41 52
230 238
423 265
487 203
60 2
172 452
45 116
79 371
463 489
37 135
462 154
361 107
247 354
100 245
217 208
202 101
31 104
109 34
343 352
113 74
234 39
351 446
313 342
399 73
17 217
12 416
298 392
363 289
244 286
447 71
44 281
18 31
136 162
455 352
285 146
393 488
76 243
246 183
263 82
289 134
415 344
85 345
146 408
240 410
341 4
163 427
485 325
426 142
143 196
280 151
423 244
125 120
432 289
244 398
185 487
461 360
99 66
346 465
323 359
268 91
252 336
68 440
490 499
210 401
369 204
484 76
358 247
490 13
149 361
23 372
82 126
166 293
498 242
219 285
345 334
380 173
439 6
48 121
158 162
455 443
444 270
235 401
25 131
296 447
36 307
180 284
423 272
478 92
236 283
0 71
369 425
419 174
160 30
198 92
449 358
380 168
188 203
457 378
85 458
243 35
137 122
390 421
256 228
91 416
355 464
41 368
116 54
269 30
269 400
336 451
472 409
301 141
409 28
494 47
61 124
151 211
258 238
453 210
210 427
144 88
261 302
335 54
314 442
221 258
497 153
319 189
465 112
39 227
6 272
431 215
178 297
83 50
55 279
481 431
361 360
392 25
308 38
336 201
217 232
184 72
266 334
16 229
308 28
86 174
364 210
339 170
138 346
14 71
305 18
408 145
498 34
300 427
20 63
231 445
342 136
77 14
337 287
397 121
16 334
249 161
370 433
0 337
204 184
216 239
350 495
260 488
386 63
103 464
65 331
171 280
442 336
107 113
131 158
291 462
93 221
429 49
176 168
149 140
439 206
2 450
198 66
167 213
126 413
357 428
408 100
38 318
388 48
54 347
158 475
443 155
265 300
91 446
140 251
236 72
429 290
486 38
378 381
438 499
356 322
88 196
372 390
339 356
81 11
320 449
0 219
39 268
483 432
356 492
473 199
161 437
175 477
121 19
156 334
487 78
244 95
420 218
407 82
154 424
153 419
69 138
251 7
142 327
0 74
271 443
278 272
121 45
268 86
408 226
446 488
21 62
309 346
83 307
464 32
164 303
169 146
57 111
316 281
80 237
50 252
49 369
384 183
49 163
41 336
302 218
318 363
130 59
315 103
470 298
146 469
233 145
107 480
27 67
15 75
121 44
427 352
478 499
55 175
450 176
125 404
7 258
490 338
32 436
296 191
347 312
351 364
496 457
382 436
211 197
473 73
483 313
434 417
455 376
12 343
192 26
115 40
196 363
215 242
265 492
129 421
275 301
182 240
338 215
62 141
347 238
250 466
396 423
66 73
208 450
32 385
256 107
20 260
149 400
432 461
419 255
426 208
245 433
485 497
24 249
338 50
444 342
102 214
36 63
258 299
211 222
9 474
266 335
123 348
98 284
106 46
120 268
5 13
2 415
489 382
399 70
20 0
24 130
385 348
98 265
317 484
40 222
319 215
429 496
212 109
9 419
88 481
221 185
418 117
270 48
374 411
281 429
396 340
121 65
463 134
274 263
8 309
197 169
459 437
389 112
390 98
178 68
17 165
408 224
36 456
331 427
371 221
137 353
462 233
109 113
99 63
425 206
421 279
475 314
455 47
462 458
283 317
178 76
346 161
357 161
288 156
1 221
466 190
167 166
44 110
460 21
139 431
231 267
487 435
33 174
291 226
1 22
32 155
164 77
95 39
6 165
454 134
235 358
479 225
315 369
461 439
170 306
49 419
191 492
397 302
409 31
246 25
428 360
250 189
347 63
252 238
409 455
112 234
35 28
40 198
453 482
188 82
336 428
311 120
97 249
196 78
367 261
344 8
457 45
338 77
38 14
65 393
32 180
113 300
355 443
84 446
253 111
370 40
214 348
283 380
209 491
413 72
409 429
67 371
425 349
285 80
90 418
403 132
416 374
3 146
177 204
409 35
479 266
75 436
453 304
5 212
60 427
381 264
309 243
416 284
273 126
233 91
138 351
114 20
110 415
100 236
372 351
319 259
294 335
196 44
231 420
397 131
108 450
306 371
135 207
194 229
233 225
270 115
92 4
325 126
11 499
488 324
260 400
388 133
197 380
446 233
313 56
270 462
103 424
472 25
93 249
387 478
216 75
111 307
295 59
26 74
431 80
285 384
94 475
237 302
228 331
439 495
41 324
136 138
76 193
458 411
240 188
385 300
322 157
90 6
134 462
487 140
432 373
227 16
143 499
72 332
357 439
75 208
8 120
471 104
410 152
58 456
392 357
154 254
353 147
308 443
84 377
86 465
399 296
383 70
221 392
404 237
83 400
444 450
90 220
331 480
122 261
1 153
321 484
466 51
474 371
119 187
410 378
337 263
332 456
214 481
8 487
190 479
295 126
155 98
50 87
224 146
408 46
38 329
70 405
236 496
226 268
72 58
141 239
317 303
318 51
115 48
422 155
326 47
491 447
440 301
140 306
172 480
337 16
314 4
375 119
446 154
116 210
160 226
278 400
445 236
363 409
111 211
357 480
116 55
421 257
370 100
309 405
459 193
276 203
329 355
65 414
40 301
217 321
115 1
442 410
217 174
227 365
229 108
8 287
198 42
369 344
190 485
452 316
374 375
133 291
402 392
68 38
385 246
329 103
479 413
159 157
200 463
433 267
84 86
208 202
271 427
43 0
371 94
110 291
115 391
358 470
450 223
114 89
16 117
302 232
499 182
401 342
96 247
49 490
396 278
422 496
472 459
293 404
132 53
330 468
398 490
73 443
201 414
164 468
74 433
442 318
86 156
145 195
488 385
119 203
344 340
492 10
187 442
220 371
469 423
389 295
171 485
370 143
423 329
292 2
228 386
222 16
259 275
291 395
304 297
132 188
165 36
394 241
304 106
25 140
194 414
258 471
12 230
346 94
484 456
487 362
139 26
260 386
419 330
174 343
194 318
216 379
90 194
180 17
149 373
79 279
176 132
263 324
399 217
233 354
160 255
457 171
108 136
188 407
88 444
163 352
423 480
125 384
432 491
7 459
499 70
158 85
250 209
308 318
271 59
482 471
496 285
257 428
496 184
290 488
349 367
113 75
281 223
424 491
266 58
357 208
445 408
153 217
15 365
56 310
296 214
456 483
158 147
293 390
99 417
64 364
227 395
69 448
74 299
97 442
294 288
256 160
6 432
188 222
11 208
335 92
448 458
459 442
484 428
11 350
42 93
292 110
34 259
284 31
355 74
453 366
238 426
113 20
12 226
6 23
211 136
431 270
97 218
335 23
40 146
219 279
446 363
65 269
101 223
184 5
316 42
375 372
65 173
185 378
200 32
468 458
236 198
254 271
110 239
98 220
478 54
410 197
493 33
402 121
223 51
74 252
283 471
376 218
50 210
327 24
22 96
201 385
432 330
36 451
229 422
373 131
175 316
253 44
493 476
0 417
119 317
316 490
318 80
213 81
49 157
222 432
499 127
139 126
484 67
223 490
366 122
71 187
392 162
242 300
389 82
208 115
90 477
324 459
230 405
341 315
398 214
467 166
150 187
295 368
223 454
449 419
94 113
457 309
177 250
153 372
492 252
477 365
66 207
494 455
215 12
73 411
150 60
396 73
304 456
123 358
30 263
36 350
449 173
491 106
64 478
132 209
87 496
23 410
184 453
184 313
147 299
473 409
288 134
368 362
76 47
103 259
437 385
455 22
297 381
453 358
463 356
383 140
203 303
417 325
339 432
401 350
239 343
252 196
26 195
431 464
473 176
221 260
492 178
182 13
55 315
351 67
265 364
324 166
118 131
407 225
498 47
231 492
192 282
488 46
396 231
465 383
330 29
302 367
478 57
18 72
299 30
21 43
274 378
173 0
74 9
410 40
306 23
280 5
485 408
39 81
318 156
356 29
43 413
469 239
408 6
264 22
412 433
11 476
201 101
361 409
329 275
382 416
447 323
314 403
23 69
479 226
416 378
12 348
317 95
297 382
109 13
338 376
291 84
248 470
41 9
161 74
91 212
108 452
355 126
400 368
221 480
301 225
224 241
352 313
452 186
31 403
155 497
493 108
291 442
145 268
215 192
157 152
46 367
74 257
215 10
374 346
200 493
28 18
215 132
23 276
0 398
295 375
88 378
163 423
138 422
85 186
213 120
85 38
454 330
481 186
39 377
206 316
292 349
369 255
138 19
324 236
256 433
130 27
438 440
212 360
116 362
197 72
282 341
380 59
3 386
50 396
136 323
414 395
443 82
410 153
220 261
287 325
5 256
394 428
113 221
397 128
416 261
3 231
303 63
406 149
325 231
406 332
43 378
304 318
283 416
471 393
65 204
409 154
260 380
88 147
173 475
264 445
69 168
221 359
216 110
41 469
299 304
208 463
150 291
400 36
76 476
285 337
304 123
496 477
24 46
83 402
49 107
194 323
82 340
418 345
99 90
210 404
398 279
78 138
300 132
447 475
272 232
397 415
330 237
70 179
371 235
449 334
398 315
306 241
299 349
142 48
281 15
268 71
139 223
195 345
46 472
10 302
18 45
159 141
46 65
213 35
282 19
281 181
438 464
9 94
146 107
496 43
494 4
48 469
335 360
211 339
136 186
57 344
107 79
482 306
208 437
453 384
5 109
207 186
132 282
127 218
200 393
386 21
246 126
405 460
58 165
58 43
54 432
497 280
141 25
184 277
75 229
33 447
295 130
327 153
221 433
268 208
471 422
402 452
169 157
137 295
118 384
153 39
81 220
186 238
367 126
13 158
450 220
112 474
329 393
209 53
33 242
46 50
31 447
121 190
277 428
131 311
411 495
494 430
312 152
398 212
304 265
133 380
395 57
327 379
93 498
83 106
125 463
389 335
214 319
320 364
156 27
285 376
6 108
448 24
490 425
184 406
402 473
170 9
354 155
417 386
92 163
426 97
217 120
127 252
413 395
357 192
318 301
119 132
325 76
233 489
7 158
433 112
422 286
303 401
73 317
130 126
31 135
491 65
289 131
281 360
346 442
447 326
166 403
54 375
166 363
340 446
73 421
112 343
163 407
34 311
295 9
205 145
245 334
172 232
452 206
394 492
178 90
367 378
50 340
60 294
109 32
416 474
200 159
71 358
306 273
284 48
344 337
385 140
386 427
486 142
210 474
112 412
38 462
58 394
262 437
386 183
336 233
125 26
166 413
433 155
89 30
237 81
235 202
109 100
384 221
64 374
219 263
94 451
267 416
189 416
477 309
189 57
478 485
119 211
446 57
64 480
331 209
162 150
229 12
156 218
203 413
272 128
42 472
330 302
425 265
386 441
456 293
142 242
220 438
418 142
387 172
382 232
41 373
290 120
61 269
385 144
367 218
103 333
164 195
36 436
122 428
393 168
407 257
349 158
21 187
46 267
200 251
119 248
467 44
4 84
404 159
88 178
313 482
33 249
448 48
337 185
384 446
86 353
132 57
394 476
165 230
282 75
101 440
91 49
490 216
8 206
459 335
185 367
397 48
206 376
372 461
263 348
328 474
203 398
409 369
141 323
165 378
417 249
392 470
213 382
449 172
178 277
133 370
428 304
26 313
171 43
308 201
70 137
483 51
20 239
199 17
43 100
376 56
470 176
157 256
455 313
341 389
1 449
21 246
148 330
283 177
250 211
14 95
436 4
6 460
387 471
187 131
360 340
125 454
15 105
27 270
337 329
232 301
239 495
132 4
326 340
208 359
434 448
206 429
465 210
439 369
344 419
76 254
94 400
261 60
53 35
34 210
251 299
245 388
74 12
429 286
466 200
15 109
100 144
68 40
350 380
320 172
366 469
292 427
106 90
263 210
198 330
245 208
119 449
274 153
242 106
233 440
340 234
436 213
301 394
77 244
407 413
245 291
368 82
306 455
14 453
260 345
262 438
203 317
61 23
106 173
306 222
364 33
470 154
287 491
143 403
295 218
98 123
219 172
80 295
195 38
482 492
286 229
258 83
481 103
359 341
298 125
370 202
323 224
138 80
448 339
100 215
356 330
453 455
132 114
14 483
266 344
21 266
248 133
72 6
105 162
191 58
297 457
17 44
467 173
370 267
42 100
212 433
457 187
195 419
318 261
362 51
283 344
262 201
484 158
170 261
429 451
417 83
136 366
50 347
375 294
338 212
69 436
287 141
194 211
34 218
252 197
399 150
281 277
101 291
185 39
2 411
487 32
101 484
16 431
475 145
96 367
253 34
378 364
28 491
48 208
465 334
353 160
257 100
116 463
195 64
457 2
206 466
489 74
453 205
325 256
21 226
323 274
194 309
371 295
5 253
230 386
290 485
452 403
303 384
193 38
496 489
441 77
194 158
479 321
344 227
478 24
128 391
431 397
363 451
273 291
208 433
10 107
439 245
234 356
55 321
404 305
273 128
84 478
272 243
445 215
270 225
156 452
479 281
455 275
261 311
386 130
180 418
444 161
279 464
19 474
180 464
173 148
91 12
111 160
321 452
74 275
485 33
110 396
419 328
209 337
100 461
61 277
350 199
328 405
436 287
423 171
179 78
102 186
321 294
335 251
404 93
136 47
356 442
45 172
252 35
95 82
192 264
150 274
213 15
423 158
285 465
184 40
337 20
222 145
244 9
466 42
319 97
429 217
490 493
60 230
122 15
388 471
140 128
77 479
252 105
427 433
202 95
354 49
192 429
399 179
46 477
243 396
135 240
205 393
428 388
16 212
212 22
457 312
496 39
275 298
156 263
485 487
7 448
399 41
289 416
5 367
31 434
81 101
388 141
442 487
492 486
306 433
103 190
64 31
205 77
109 164
146 356
282 189
8 264
409 349
479 377
101 130
8 97
98 337
241 384
105 455
442 17
310 71
181 409
462 268
304 347
170 409
206 369
95 313
92 312
161 450
132 89
478 49
308 232
408 152
231 148
7 484
372 191
474 263
218 190
110 116
371 144
71 152
65 289
496 51
163 29
37 280
403 146
3 314
436 77
255 94
208 64
91 473
356 244
222 251
62 132
4 395
133 304
477 265
109 325
435 79
466 48
385 446
13 423
420 329
188 139
455 391
123 228
151 353
330 478
359 73
82 284
90 494
454 3
475 93
407 6
298 337
145 106
78 262
110 383
347 293
384 36
40 167
61 90
322 195
175 150
297 475
427 223
482 466
338 172
259 95
271 414
115 334
102 247
80 271
11 475
122 80
442 450
235 466
46 143
135 434
38 212
335 37
118 7
233 386
167 406
498 44
152 268
341 241
484 254
314 416
147 261
49 119
134 392
24 11
275 35
401 429
208 317
333 48
196 200
292 199
98 392
245 46
439 100
170 156
192 322
154 225
477 174
201 20
45 394
402 103
50 258
17 385
85 239
184 270
410 1
113 381
75 1
286 491
231 259
159 314
416 209
442 379
361 42
305 495
79 58
127 382
377 398
464 468
69 414
417 153
16 89
200 188
53 123
141 217
326 29
390 36
4 303
282 440
425 282
34 60
486 228
385 286
30 81
462 44
390 271
437 162
317 83
368 245
118 424
253 403
53 463
27 113
443 65
253 81
359 463
403 371
498 449
171 296
270 418
331 432
93 162
379 94
400 432
200 133
446 83
92 486
237 40
482 55
6 434
320 397
233 253
336 244
433 165
55 422
229 474
330 270
463 360
429 402
92 26
29 88
327 268
399 415
64 218
98 353
171 12
249 366
420 351
189 430
205 488
218 391
81 286
103 376
266 488
23 211
356 447
427 35
72 70
494 31
243 277
181 41
435 84
492 287
107 100
487 19
22 405
38 99
284 363
253 242
421 489
226 82
328 415
126 401
43 323
206 441
387 73
485 58
337 215
86 14
323 27
484 103
380 251
17 397
132 491
183 15
30 140
95 49
384 26
437 346
73 184
363 343
300 345
309 436
217 40
144 203
285 18
216 201
493 178
88 162
3 143
64 263
399 207
471 96
35 273
430 392
370 453
204 11
390 383
396 32
398 262
107 365
450 322
176 434
217 259
247 132
162 248
206 393
282 161
442 368
260 459
276 198
116 407
410 14
242 323
297 496
120 170
411 243
83 382
93 250
410 42
261 81
21 10
135 85
378 20
424 68
120 27
98 276
320 89
367 388
364 479
87 439
301 257
7 24
113 276
124 198
227 72
329 183
90 30
415 221
191 92
267 273
272 239
298 447
92 216
440 375
376 231
339 143
83 192
470 420
383 400
22 428
377 67
294 300
205 460
40 106
496 426
103 419
276 328
465 393
228 378
406 216
363 319
28 443
165 449
157 303
2 1
306 11
230 275
113 323
202 35
126 213
34 57
207 258
11 195
207 101
303 495
317 496
459 433
156 440
358 447
373 254
240 87
388 430
426 212
423 432
395 15
362 190
273 349
159 35
242 122
246 164
369 74
294 248
466 384
495 61
387 58
199 237
45 261
295 99
335 119
11 79
215 391
402 11
66 15
481 192
23 312
239 156
440 337
194 428
265 229
177 296
486 75
317 313
23 449
44 364
18 52
435 65
181 264
61 193
292 458
263 302
22 336
388 125
1 7
342 86
299 442
143 417
90 393
471 92
304 454
260 372
420 476
234 487
301 463
374 155
68 6
273 255
265 174
441 480
172 362
137 33
362 474
479 208
181 61
69 232
154 338
406 101
236 97
56 314
297 225
391 470
197 369
74 251
213 494
250 361
378 126
97 488
396 113
22 317
108 364
426 198
427 67
82 145
26 273
334 179
348 417
306 3
117 257
8 408
336 28
334 338
156 376
130 374
469 6
0 381
50 239
284 192
24 318
48 376
125 46
0 5
486 159
315 227
123 441
58 441
119 259
368 140
321 17
129 286
170 464
197 432
201 48
423 220
170 128
78 421
133 366
61 128
32 456
196 446
63 230
458 99
332 142
73 224
341 70
413 431
18 464
121 39
451 52
405 365
476 143
75 246
383 243
159 478
197 308
156 362
326 412
392 259
91 226
492 72
198 85
206 29
198 56
255 469
70 37
141 470
433 452
42 27
7 222
414 119
91 465
135 291
153 197
89 273
444 425
314 418
393 264
151 352
104 425
67 467
99 482
370 290
390 150
218 242
248 313
198 421
263 74
45 128
218 17
416 172
139 442
40 71
449 107
493 4
264 288
276 394
261 16
416 145
149 229
85 485
184 459
162 171
441 105
348 120
275 70
172 187
387 389
51 49
142 480
78 155
380 70
107 380
440 482
257 350
268 15
165 270
238 287
137 401
176 394
166 433
420 363
28 424
245 133
340 420
390 371
480 90
136 414
280 359
250 57
70 49
191 444
60 447
21 6
287 242
308 368
225 386
109 465
181 438
180 422
53 417
347 433
189 88
75 132
155 60
293 213
254 283
279 282
269 194
26 224
355 357
54 194
199 189
23 241
179 354
454 20
256 469
394 342
240 498
485 315
276 443
291 475
66 152
286 428
436 207
302 194
20 316
163 13
304 423
181 442
344 76
222 5
42 220
129 17
451 396
62 442
32 371
490 169
126 199
439 356
426 56
399 156
264 125
270 190
496 418
234 194
423 82
132 49
463 343
153 116
62 304
94 213
180 252
58 401
185 234
352 388
176 76
145 280
254 203
245 167
342 438
263 366
65 154
70 301
109 390
190 251
426 460
71 441
218 269
268 369
425 246
425 482
248 281
403 250
438 167
471 334
101 19
498 238
461 216
474 14
31 94
89 107
292 149
280 25
14 443
247 63
54 444
153 79
497 118
281 158
17 419
230 485
435 194
191 139
249 427
25 144
85 42
110 40
364 459
185 7
7 92
191 480
371 411
91 40
432 184
175 86
472 339
476 10
248 266
72 52
290 490
23 440
40 397
268 173
181 265
1 289
234 350
150 413
79 187
377 125
143 463
302 315
335 8
385 102
249 377
334 154
279 292
293 436
84 267
294 461
349 85
324 299
474 302
143 169
403 286
361 309
37 424
366 29
256 106
137 45
4 60
81 407
311 342
361 106
12 197
484 118
305 113
358 347
285 198
16 214
200 179
96 98
131 198
425 365
25 79
28 460
27 359
335 67
468 128
114 496
297 401
171 376
392 17
17 390
95 291
63 188
55 131
104 221
38 154
83 81
364 258
438 95
96 17
184 340
274 47
463 162
306 18
251 397
243 496
461 115
37 2
291 351
409 135
132 323
359 70
429 293
358 303
382 143
175 378
402 260
213 406
302 470
14 450
445 95
442 275
25 478
32 277
21 82
50 449
396 214
102 314
313 320
15 432
443 99
326 332
14 76
41 371
468 343
8 418
145 150
274 27
248 195
159 169
396 7
246 337
126 127
463 154
267 117
161 474
329 414
195 174
382 337
496 344
455 337
270 393
124 175
159 390
283 213
64 183
209 420
488 183
309 89
443 386
265 15
456 467
319 70
345 286
426 30
472 24
443 241
407 122
219 93
416 368
30 329
322 386
135 356
130 93
262 491
435 320
72 84
16 254
289 380
54 145
188 122
437 358
469 354
229 325
414 240
371 322
199 70
426 37
115 292
379 235
391 92
261 31
240 272
22 404
96 342
146 99
176 403
160 164
215 246
305 410
339 221
464 306
266 113
2 487
455 263
14 43
103 219
99 394
162 14
492 9
300 389
397 383
343 67
0 159
358 233
462 442
306 128
383 249
464 346
26 414
266 168
167 493
92 353
68 71
281 418
295 184
71 122
119 197
208 498
419 342
479 53
282 131
290 3
338 210
265 109
462 136
186 350
197 262
88 135
109 199
460 67
290 208
440 17
239 284
82 109
396 131
104 318
240 282
175 190
169 420
423 246
449 259
104 422
426 473
373 68
184 122
363 77
248 397
221 145
3 489
63 223
349 355
123 418
161 353
139 169
392 435
179 208
411 212
35 472
246 495
420 255
312 226
20 407
454 188
495 168
55 325
80 441
410 292
334 14
271 246
362 41
234 3
130 262
476 377
467 305
456 106
200 480
449 38
332 434
92 457
56 12
351 76
188 235
462 192
1 88
97 459
361 481
184 125
443 101
82 476
111 73
466 425
252 224
20 475
462 74
368 66
119 17
499 330
31 488
147 150
352 391
225 150
40 461
384 138
112 425
83 378
199 481
85 146
340 458
127 185
136 449
328 363
292 154
482 217
335 305
470 343
385 88
217 355
73 470
293 200
400 110
324 284
435 421
467 64
347 391
124 67
179 116
163 240
144 389
401 299
170 411
273 350
365 131
400 206
115 8
160 168
211 58
361 210
419 139
476 195
100 201
286 372
102 405
154 20
441 239
181 92
124 179
347 46
370 429
175 456
471 399
441 207
35 276
114 322
484 278
481 494
132 370
43 415
276 174
430 247
232 52
92 42
208 175
60 120
147 319
115 284
349 279
121 4
198 53
62 399
386 245
259 441
395 267
377 121
469 287
499 87
407 481
479 150
124 479
400 133
220 431
204 331
319 360
43 263
274 151
221 453
20 177
169 416
317 454
446 379
496 153
59 89
404 347
212 165
216 480
436 19
262 256
190 87
355 451
143 401
214 164
4 420
118 129
222 121
316 17
398 380
355 205
464 413
374 320
195 61
414 162
81 123
322 17
490 450
270 467
303 395
457 475
445 421
158 460
132 27
121 112
41 150
143 155
272 298
347 215
132 455
162 52
61 448
29 166
386 499
143 254
390 408
302 459
244 89
216 443
344 240
22 261
454 32
6 253
415 108
409 383
177 93
160 24
86 234
431 71
217 279
34 66
298 466
308 417
24 343
56 406
294 480
252 384
172 201
273 468
227 33
234 173
159 420
194 352
314 463
450 340
479 8
452 327
305 215
94 206
82 388
313 244
429 108
443 382
481 466
416 484
0 331
458 183
207 211
474 450
190 151
74 328
368 392
54 476
178 29
431 310
368 186
330 332
203 212
230 189
32 294
271 297
327 375
192 389
310 50
291 207
417 403
432 164
454 282
14 493
64 448
167 174
441 193
115 313
125 10
224 25
437 312
135 49
41 330
392 342
222 118
23 170
256 323
242 358
156 192
302 461
263 71
428 145
236 147
36 286
254 449
335 484
322 318
344 328
46 360
194 299
222 46
75 163
150 204
398 493
417 265
309 303
116 370
173 423
373 129
98 5
160 438
137 434
197 424
215 204
472 91
49 404
230 112
230 35
286 201
226 115
423 363
386 269
6 215
83 458
296 134
56 213
191 83
148 244
334 476
112 316
157 1
175 77
33 321
6 218
456 470
89 78
189 467
60 235
194 379
45 317
320 296
111 355
82 257
391 237
446 362
136 397
48 75
397 498
468 391
16 339
211 449
206 433
476 205
116 97
39 453
44 18
244 318
293 100
137 268
394 363
193 334
90 232
62 318
198 268
53 122
244 171
174 476
350 78
187 55
372 440
367 140
197 47
183 0
264 366
101 419
310 455
197 368
430 471
322 422
495 326
147 328
365 447
454 468
393 118
112 308
282 458
288 395
442 237
278 352
261 210
433 214
416 235
106 328
436 279
367 350
299 48
307 259
417 441
321 124
107 295
15 280
460 226
283 482
305 301
153 40
374 193
79 66
320 315
9 446
127 215
428 207
172 138
242 12
408 449
309 322
353 252
20 84
305 442
436 354
230 353
286 233
487 383
417 483
47 453
142 178
227 406
170 403
215 62
44 37
470 235
232 190
248 372
322 411
196 162
492 430
128 271
134 315
346 267
340 32
16 11
53 227
87 484
112 245
137 404
57 213
151 463
39 240
218 44
395 293
227 28
11 450
447 449
154 369
174 314
273 6
57 459
185 81
418 204
445 157
148 496
495 407
42 350
236 371
7 2
363 281
59 281
9 199
402 50
388 410
26 380
357 209
110 1
87 451
158 312
472 237
373 223
71 130
152 383
181 218
400 27
105 470
488 305
8 437
345 343
346 218
9 416
222 372
439 490
223 266
214 227
211 490
96 488
347 422
42 292
280 210
75 171
123 152
141 274
457 277
270 76
95 466
369 247
35 23
255 257
59 348
233 454
25 59
351 172
189 425
199 451
424 343
102 138
438 172
379 287
416 87
181 307
4 242
138 164
151 259
63 153
464 261
29 391
76 341
464 312
315 476
372 299
443 305
108 292
234 103
59 346
265 497
438 407
381 40
213 414
368 479
42 371
348 28
277 391
391 2
196 60
476 452
4 88
21 217
197 287
122 329
93 254
103 460
245 335
400 397
13 409
110 84
231 23
434 382
427 337
315 0
372 257
180 198
76 66
53 416
110 316
125 405
60 450
335 312
18 106
216 184
53 226
212 364
246 10
114 308
14 202
429 139
241 293
281 263
265 329
243 416
70 196
396 355
366 173
136 81
273 355
395 494
470 150
396 67
410 488
434 319
32 73
91 392
415 7
423 98
394 283
497 69
341 261
160 14
447 226
288 268
234 455
97 468
237 75
395 199
460 144
377 315
3 282
20 10
285 193
271 88
125 372
409 464
324 162
345 236
44 57
55 201
319 120
109 316
203 304
272 160
309 329
337 334
133 464
198 337
62 418
444 241
243 365
374 359
92 105
419 90
2 233
220 56
72 76
86 34
366 315
136 54
492 185
399 71
130 387
495 148
135 418
55 53
6 427
299 125
145 334
207 265
30 97
181 457
282 345
36 74
114 238
270 13
290 48
344 17
298 229
36 46
379 174
354 378
99 76
338 335
89 298
339 124
2 432
489 83
492 95
425 325
28 64
238 318
445 401
164 442
166 345
141 401
66 83
222 289
255 72
166 84
249 13
329 93
407 295
498 469
56 353
352 319
120 277
373 20
254 183
373 67
20 111
19 246
194 399
164 350
398 263
266 283
183 146
467 171
193 315
315 54
146 132
453 114
320 118
184 248
71 336
229 176
432 127
470 151
47 427
465 475
13 180
200 155
43 140
155 472
297 224
318 443
19 164
125 362
402 193
243 360
84 361
448 264
292 156
246 343
334 346
249 89
224 40
394 233
382 379
457 489
193 453
158 468
237 445
51 305
431 385
181 400
487 334
279 465
171 463
349 113
266 104
51 374
430 385
329 326
112 229
109 196
37 271
100 194
484 227
256 92
186 485
401 164
425 60
108 302
186 63
86 317
135 491
53 107
304 483
79 399
108 264
73 372
442 37
492 465
363 480
479 148
318 73
497 108
244 464
359 125
272 287
484 347
335 70
138 119
122 349
22 29
183 158
34 184
461 88
456 34
271 487
404 35
244 109
115 53
261 142
184 168
307 469
365 169
166 215
490 458
202 231
47 101
496 15
66 69
10 5
92 37
335 126
185 468
180 74
418 158
106 200
136 474
35 253
108 100
408 13
271 66
309 478
393 161
398 217
273 465
286 273
297 55
464 481
356 358
96 208
331 392
91 21
405 1
130 145
326 227
187 166
290 105
362 477
194 257
127 470
456 308
72 48
110 352
323 20
124 438
32 400
303 80
147 123
184 54
177 280
229 313
430 58
230 450
280 387
359 191
332 432
83 287
13 60
441 132
242 391
457 351
162 335
6 363
43 446
3 67
186 275
428 71
169 307
269 411
1 301
274 477
356 317
209 355
372 99
137 49
254 356
131 234
80 397
40 145
174 359
109 51
416 22
33 355
423 43
45 279
491 303
85 330
73 16
379 295
386 468
432 1
108 469
341 424
46 60
344 494
280 118
324 72
223 307
342 458
451 226
363 149
115 340
180 267
15 249
19 315
311 316
51 167
56 156
306 62
242 297
275 360
401 495
94 108
105 24
187 291
487 207
205 198
144 446
392 347
343 206
241 109
54 181
409 417
345 62
361 11
149 336
100 212
108 90
451 44
227 44
226 383
162 37
8 156
106 123
208 438
134 198
200 59
181 89
68 293
265 459
189 479
295 56
192 97
170 233
42 426
335 113
127 192
74 469
349 397
59 111
303 233
397 217
345 17
465 131
120 190
228 494
416 131
279 459
316 16
49 241
260 313
252 262
226 475
362 356
332 246
34 87
338 447
358 48
317 226
493 112
417 238
364 179
364 437
201 423
57 340
376 284
151 420
257 41
210 107
114 406
327 450
395 405
383 19
352 265
176 157
108 48
158 17
255 346
108 391
35 31
37 423
398 477
302 9
231 129
85 159
121 446
50 36
496 207
492 192
497 259
30 84
184 30
134 497
66 108
201 373
0 388
240 51
114 317
471 473
79 262
430 327
257 124
317 194
449 160
312 172
495 39
144 387
382 338
405 354
7 224
97 454
243 138
477 231
460 399
353 201
254 399
54 477
229 78
96 256
461 429
79 271
418 174
236 139
235 126
232 81
121 115
310 410
304 427
134 455
209 165
18 244
107 340
8 176
53 394
199 10
444 93
422 499
272 157
327 253
195 340
210 470
66 50
136 27
20 366
179 69
165 360
218 208
355 24
374 296
119 441
8 488
442 89
426 25
410 487
247 362
279 136
370 120
291 486
167 103
13 277
409 149
464 39
433 189
330 37
121 7
153 137
216 109
478 304
386 365
128 313
127 297
279 256
499 82
479 40
302 392
438 4
228 280
393 497
498 114
294 0
40 58
463 160
439 137
242 376
123 51
57 467
92 261
461 107
235 457
291 112
366 329
91 421
272 355
343 150
10 138
181 372
495 62
80 316
443 38
343 376
93 124
328 397
156 409
217 416
155 381
116 498
376 158
89 385
117 41
200 397
96 2
362 463
102 427
49 130
137 229
306 50
104 66
212 11
284 370
424 139
412 19
493 177
226 150
34 469
42 223
368 370
265 334
443 269
495 186
242 466
248 440
163 256
332 225
494 392
307 428
164 329
467 350
237 264
150 467
170 417
333 29
154 159
130 418
227 266
455 123
194 249
126 263
62 382
263 301
209 450
347 151
418 289
388 57
279 233
219 499
174 128
124 439
454 153
371 363
452 240
395 345
316 296
294 83
408 168
456 65
57 331
83 349
139 7
331 360
225 219
291 450
471 130
397 264
49 304
54 436
467 484
173 265
97 343
187 207
338 414
60 414
442 416
268 251
245 353
296 323
160 118
412 487
463 296
370 66
149 404
295 67
14 119
62 37
46 422
372 423
76 121
193 380
350 353
0 37
48 266
411 211
300 481
389 262
381 110
35 73
15 368
147 61
41 485
19 447
3 107
229 163
490 226
16 485
408 431
378 57
485 269
165 255
170 152
331 418
143 367
384 230
200 103
100 372
277 460
114 0
125 102
326 15
201 254
40 324
359 84
480 388
435 237
452 192
178 487
93 0
40 326
335 239
29 463
356 17
171 107
46 420
266 296
250 214
466 61
469 448
300 194
180 84
70 36
483 251
335 85
244 256
237 407
102 429
59 118
131 90
68 347
213 52
420 375
177 414
120 151
99 98
358 287
303 83
159 2
168 348
460 10
112 275
427 273
86 182
227 379
3 164
396 295
177 103
224 92
219 115
175 68
478 312
145 75
470 415
285 452
409 364
487 427
303 388
211 337
387 450
369 298
57 102
263 388
38 249
31 455
459 243
204 228
282 412
47 382
280 181
294 344
357 452
270 10
498 487
244 11
412 254
324 326
180 296
433 168
282 0
449 158
396 432
212 88
143 309
252 491
76 126
69 178
270 420
110 417
358 45
180 147
35 101
307 150
342 159
36 365
300 362
107 208
263 353
162 21
258 252
331 167
66 154
363 17
262 205
206 436
253 321
382 223
82 347
359 414
18 2
179 275
24 410
155 33
311 307
227 199
441 387
249 124
485 210
386 33
86 183
363 211
470 201
25 106
293 154
137 135
48 402
234 473
300 394
314 123
106 120
413 392
188 257
218 483
252 244
212 70
228 118
36 191
18 276
388 128
464 456
345 293
18 270
333 331
186 264
259 493
43 475
436 132
160 8
80 412
396 358
192 212
106 128
421 327
48 28
81 451
465 453
45 361
234 228
454 187
445 299
379 183
32 329
422 440
259 148
336 29
197 34
357 461
263 412
384 115
136 193
174 318
179 173
432 456
80 440
253 146
457 276
322 156
238 253
448 402
451 48
276 20
438 118
99 162
204 44
100 264
182 1
131 332
437 337
115 227
491 119
369 121
409 188
20 243
196 192
292 451
268 176
350 77
427 361
103 367
420 156
454 22
407 140
460 156
487 16
178 460
280 448
40 491
266 202
258 8
223 259
432 484
124 496
431 17
163 249
143 180
305 42
1 280
363 365
159 462
237 28
199 162
271 272
183 13
35 139
310 86
335 202
271 474
298 404
369 251
248 211
314 395
338 434
472 112
3 328
470 328
230 253
368 64
273 116
24 247
337 381
414 102
41 410
94 200
19 326
146 335
267 166
243 46
335 44
5 489
149 161
456 482
431 315
449 127
480 254
17 463
176 418
439 380
227 272
317 414
229 335
392 230
166 260
58 340
210 147
456 130
413 2
233 488
41 417
82 437
148 399
299 255
439 447
207 495
206 477
225 216
23 349
108 154
398 218
220 93
109 144
10 146
334 383
388 473
150 354
114 442
52 182
215 480
494 155
81 328
347 419
204 96
35 466
134 475
105 88
421 247
21 45
457 115
386 253
227 393
340 151
180 239
242 329
454 44
101 279
170 274
456 75
14 18
391 249
437 11
121 38
123 21
133 93
184 334
29 288
251 267
429 299
324 231
125 35
484 37
286 268
193 212
37 262
282 395
118 257
313 94
364 463
346 294
329 276
230 239
202 391
114 44
366 78
279 122
76 104
279 105
277 233
133 347
408 15
444 281
261 356
459 329
70 293
369 314
426 387
350 455
329 449
248 254
57 141
360 447
111 54
85 179
84 252
202 23
188 494
320 280
84 434
282 424
207 41
475 488
294 381
382 71
20 22
99 187
429 342
322 36
373 410
113 471
123 115
32 82
216 412
464 80
47 148
56 26
61 185
10 320
201 215
353 251
457 477
77 367
38 258
128 259
291 343
218 287
466 369
379 381
475 139
261 288
130 5
349 52
127 201
204 330
479 221
115 160
373 39
310 171
225 80
333 453
302 118
166 226
445 23
312 398
460 180
3 300
263 188
413 219
250 245
186 387
8 371
72 177
278 42
356 496
32 354
110 477
171 77
219 481
65 192
278 486
342 256
48 382
117 55
241 325
488 275
135 235
14 121
303 374
198 356
317 485
259 212
165 233
180 27
365 57
117 252
402 363
158 275
237 323
158 382
33 79
128 200
172 189
358 198
356 122
391 10
367 499
181 84
92 451
295 34
386 5
3 233
69 478
264 489
244 242
132 498
326 383
457 478
357 365
402 98
50 264
367 113
307 123
482 92
326 479
253 291
304 34
167 67
276 199
181 12
390 278
468 415
358 481
94 336
373 114
252 315
35 274
211 485
330 3
451 139
181 159
486 378
41 364
152 431
454 422
201 431
198 171
192 41
274 127
165 367
260 408
110 300
305 270
454 398
25 158
386 472
498 103
45 12
245 41
317 243
432 209
339 462
347 88
116 181
385 376
434 246
24 136
24 238
213 430
227 226
328 295
239 434
243 132
37 444
54 311
178 81
453 295
277 240
443 218
352 298
425 387
421 414
425 38
43 135
12 384
272 99
356 383
51 65
475 279
114 460
469 180
400 112
6 263
111 143
341 141
123 396
220 462
426 497
385 349
29 148
373 265
105 377
411 293
250 420
482 147
115 173
388 188
397 458
473 380
247 62
422 398
464 295
113 404
385 415
305 357
159 375
196 351
48 44
431 498
111 44
149 142
228 261
486 267
176 408
259 16
241 161
223 484
432 211
340 231
381 415
274 376
332 116
425 219
117 145
342 189
453 234
244 471
331 3
29 412
285 30
37 299
350 291
13 79
50 22
150 395
251 307
361 215
456 219
374 307
432 282
175 127
238 203
353 164
456 405
74 395
256 209
416 120
89 196
430 479
136 12
219 139
144 378
83 84
15 469
2 44
119 305
183 259
279 151
288 353
20 225
15 358
494 6
386 22
470 91
110 167
85 182
87 341
329 8
34 205
158 415
194 134
341 465
355 232
52 493
447 342
209 484
247 11
486 4
309 333
249 269
86 118
231 65
164 157
17 51
369 150
300 280
255 86
291 210
271 281
247 467
459 281
471 218
482 89
178 23
272 485
10 61
53 278
86 492
457 499
307 76
186 462
21 361
127 224
104 54
165 402
254 469
463 272
408 53
225 182
192 287
80 60
303 171
412 31
122 271
260 70
258 124
254 318
11 443
469 12
87 93
393 372
497 427
94 378
223 350
331 191
324 172
64 9
80 221
49 327
435 321
114 76
182 450
72 83
445 88
354 159
247 349
40 53
424 365
353 129
7 86
323 38
404 414
411 388
297 246
315 69
147 94
161 363
148 214
141 469
173 443
408 402
231 131
301 234
376 185
290 248
167 326
413 334
256 495
497 45
436 43
353 42
499 240
215 423
50 446
197 174
391 160
260 9
30 1
371 487
57 490
211 374
65 151
264 479
206 5
401 94
148 436
58 51
297 343
478 415
329 70
410 26
36 344
54 164
23 370
234 127
326 334
383 89
163 463
322 304
104 499
402 171
221 362
418 413
206 138
156 209
53 214
415 342
82 5
13 245
186 122
365 75
34 270
258 391
60 298
46 327
22 360
25 309
335 393
382 252
320 440
183 153
67 144
205 151
351 451
177 308
403 445
117 40
397 278
488 428
449 223
115 98
257 300
52 287
457 325
29 210
165 137
419 42
211 39
377 412
100 493
253 68
169 129
437 61
172 39
208 182
408 238
493 93
258 355
138 262
292 134
226 172
73 7
208 247
118 133
170 434
211 101
326 177
227 45
366 392
310 248
348 252
101 333
211 378
273 155
295 289
188 347
289 49
13 283
393 188
82 491
295 472
88 487
141 180
79 39
172 492
386 429
489 337
24 393
295 459
44 107
415 23
448 162
61 192
102 55
485 338
163 355
120 26
197 267
126 165
386 333
423 227
102 386
56 3
469 313
284 39
279 478
64 244
251 421
19 120
365 322
117 452
292 271
99 182
20 165
76 16
472 177
125 468
176 59
243 366
464 384
136 28
372 196
12 132
389 302
154 203
250 147
412 85
109 175
299 264
78 80
73 462
49 317
420 36
292 406
422 27
374 463
371 263
106 79
291 157
35 381
136 374
337 51
189 203
209 254
34 48
302 142
497 483
19 417
16 197
189 183
216 189
315 236
312 131
309 453
54 258
458 325
319 336
345 0
57 315
75 493
52 413
420 478
462 486
355 34
368 10
469 272
362 18
150 42
423 453
79 93
464 169
51 33
436 406
497 163
440 264
21 14
210 408
426 27
320 63
432 176
478 110
330 445
44 418
262 139
286 386
243 275
59 352
154 303
60 153
63 367
279 91
310 233
88 256
301 146
350 25
141 423
409 272
341 333
0 104
465 462
334 174
106 408
395 138
445 96
126 450
199 359
455 225
57 116
228 262
499 208
100 210
75 488
467 242
395 21
456 242
21 466
236 13
29 487
116 444
415 340
341 119
34 74
111 394
216 129
265 41
275 241
388 139
114 206
64 388
42 233
76 210
58 459
180 213
76 464
11 138
407 241
3 44
367 316
321 5
176 35
20 473
453 415
291 485
385 49
148 477
112 361
202 262
430 336
257 134
189 259
230 111
243 22
267 474
221 128
406 264
268 234
491 267
229 28
143 290
123 119
131 243
329 281
385 233
19 159
305 473
380 394
276 180
130 340
419 28
380 270
454 314
499 2
400 484
285 141
219 489
479 370
107 195
423 446
85 142
231 405
101 301
289 464
331 69
428 115
490 289
482 46
151 37
92 182
44 463
126 245
104 250
240 36
352 267
369 460
78 109
491 231
350 173
135 177
254 49
149 432
139 4
318 266
84 224
192 207
297 121
235 391
118 423
166 486
375 330
432 492
24 311
118 428
222 305
141 408
392 334
16 403
328 257
43 391
220 179
1 170
472 200
316 270
53 485
71 313
233 293
96 491
145 256
219 294
287 120
224 277
30 348
126 490
295 119
300 156
304 0
224 134
308 402
374 198
409 80
75 91
387 353
25 307
227 440
355 292
329 463
260 239
108 37
425 22
295 484
347 108
170 446
227 343
337 35
465 36
269 178
371 170
182 461
300 397
209 189
267 389
319 146
19 38
181 495
370 478
8 208
448 356
468 228
361 217
458 105
258 424
20 413
460 382
28 265
315 87
157 495
378 431
474 494
20 308
337 476
93 479
489 153
203 425
125 80
350 410
7 239
494 324
233 235
286 335
233 200
299 319
489 452
240 372
94 38
439 83
286 346
15 52
98 289
120 356
150 349
34 455
217 75
498 472
89 300
164 117
97 146
40 47
66 246
258 476
282 394
471 224
82 394
342 384
261 188
385 205
252 83
196 433
484 282
491 31
23 129
188 43
365 422
475 478
87 474
458 260
132 286
46 226
478 447
432 50
312 413
481 117
31 199
370 188
344 133
112 155
235 323
283 172
50 325
349 483
234 381
134 421
178 217
481 115
284 342
160 239
202 281
173 261
463 78
288 436
313 76
80 478
140 381
461 159
6 212
284 427
378 59
446 365
315 219
417 418
260 442
43 371
472 475
470 186
321 274
158 497
216 78
250 432
188 85
15 60
443 411
410 376
110 106
163 145
455 488
350 274
40 57
368 291
488 404
61 322
262 445
376 478
295 275
375 135
96 126
17 383
18 131
426 71
389 359
399 72
472 280
477 429
203 93
104 27
360 464
39 232
296 330
436 496
130 208
206 304
268 258
171 105
448 38
290 225
231 356
362 218
120 192
413 311
428 165
185 476
45 46
494 387
249 46
62 279
141 314
214 60
483 486
216 37
327 139
244 96
166 394
199 415
190 63
233 481
473 420
334 137
483 223
69 221
38 171
278 81
179 340
440 490
371 181
59 412
102 52
389 329
483 275
497 199
387 241
301 177
433 117
153 103
478 365
320 109
160 189
104 497
111 387
93 450
69 272
100 322
428 167
483 484
429 371
480 177
42 453
175 173
81 313
123 263
335 410
138 493
386 434
71 59
195 199
435 13
341 236
355 22
220 3
334 410
137 42
398 69
153 247
151 252
375 395
361 156
460 230
81 463
233 284
308 31
442 215
153 360
482 39
137 28
114 310
419 270
353 204
475 92
122 96
383 178
283 321
249 467
367 148
195 92
104 252
459 178
36 89
430 297
392 128
203 347
81 409
281 152
308 36
251 52
284 335
444 335
85 257
307 449
435 459
401 286
440 55
394 59
252 255
185 140
161 33
309 460
98 296
63 211
318 75
461 245
386 107
52 301
164 10
389 317
349 110
475 113
30 57
121 459
192 368
308 10
115 187
163 90
140 62
25 169
253 204
97 25
27 273
305 289
122 207
467 239
227 192
284 358
203 125
75 100
231 248
202 372
245 236
143 63
111 196
403 296
294 255
145 277
116 185
287 39
262 219
223 73
51 487
374 200
86 179
313 38
269 457
80 360
166 10
29 89
241 278
408 442
208 287
271 133
63 413
244 329
237 296
88 195
137 35
346 439
269 461
137 65
424 69
321 225
200 44
251 164
4 42
429 76
12 119
306 353
232 454
297 8
475 366
462 55
307 384
51 28
175 359
285 124
270 338
234 166
451 244
109 462
469 203
313 426
97 416
496 226
343 18
198 36
352 453
309 185
239 18
125 89
489 81
195 94
440 473
174 466
311 9
409 255
449 102
491 88
415 91
87 90
75 45
122 4
487 368
484 180
440 70
187 30
216 421
4 156
338 287
336 324
450 419
141 449
261 438
276 388
184 221
85 484
336 195
420 68
107 85
170 54
268 467
25 473
417 1
469 14
334 53
321 59
347 396
333 96
475 317
303 237
422 345
365 123
204 1
396 144
231 107
40 331
423 380
135 26
32 438
133 111
455 60
287 452
464 84
253 297
334 255
265 190
412 187
256 22
18 280
251 327
106 23
291 27
369 118
232 485
269 310
438 495
326 36
3 23
214 5
159 176
64 105
226 97
314 378
72 143
91 215
155 177
493 386
450 306
374 142
155 95
492 451
393 262
110 137
140 318
402 432
217 202
493 149
395 93
144 445
161 270
143 451
347 307
456 303
462 240
226 324
256 410
130 188
224 445
48 20
486 40
202 159
139 16
338 193
495 383
393 252
29 213
140 120
379 439
149 456
194 165
64 326
320 336
462 41
208 348
221 418
27 252
314 58
411 497
89 399
205 87
79 362
355 59
203 166
264 187
496 276
434 305
212 190
195 70
206 450
324 493
339 368
304 298
343 30
440 141
159 163
77 196
390 217
448 346
235 161
193 343
385 333
453 52
445 141
221 98
41 85
478 144
262 5
175 377
367 264
399 88
258 431
394 213
192 82
457 491
87 225
158 142
46 412
310 91
464 135
180 28
130 117
108 121
400 93
372 383
220 271
190 229
296 198
175 400
99 388
194 78
486 371
307 409
75 169
225 439
104 363
358 333
178 72
404 497
123 276
48 31
82 184
14 466
405 123
28 305
105 317
261 392
163 101
326 292
244 37
341 30
15 218
374 79
265 284
67 290
173 156
445 48
496 339
344 186
377 194
341 224
359 346
195 310
222 79
180 114
417 372
148 341
150 447
1 185
206 20
408 468
237 11
3 446
115 408
228 152
113 259
147 476
230 223
59 347
183 118
323 468
137 143
417 190
76 259
388 40
392 421
1 65
186 23
268 276
204 275
212 355
477 27
58 201
389 168
345 265
337 104
93 209
246 268
288 149
54 405
456 294
154 153
392 374
235 57
360 12
415 326
456 220
196 481
290 460
55 139
3 266
382 243
31 344
138 442
467 91
193 169
147 108
51 309
55 202
456 373
341 438
479 222
435 32
498 474
266 254
236 392
345 194
392 419
99 327
448 254
333 237
339 146
186 168
302 18
238 233
167 321
222 183
272 3
409 495
62 394
284 411
215 434
336 499
270 426
119 447
352 357
379 17
421 20
30 261
143 67
400 31
250 369
438 164
404 81
7 282
257 397
361 279
219 88
479 480
243 158
402 58
492 239
345 453
144 328
445 434
30 245
390 145
115 273
354 163
41 234
188 173
385 174
187 386
392 23
279 4
267 341
248 365
33 74
226 118
9 211
445 33
483 284
498 340
7 463
496 268
102 142
384 427
276 159
94 117
433 95
365 459
284 281
164 63
499 279
317 186
457 294
406 218
257 455
426 60
124 341
363 325
372 120
98 433
120 221
55 241
201 164
356 260
21 235
193 413
8 225
412 317
36 247
185 261
376 200
420 471
121 171
377 353
437 104
426 179
475 299
411 125
146 73
492 224
408 366
227 155
38 21
410 104
370 340
58 407
486 309
210 220
100 340
51 434
126 314
344 33
442 386
444 312
252 306
237 299
476 357
497 34
146 261
404 252
11 90
493 471
3 483
56 176
243 369
69 371
383 60
165 1
75 40
166 325
436 331
114 101
100 31
47 98
322 234
111 425
334 103
349 0
333 155
285 448
97 434
271 302
139 326
129 220
272 140
327 168
437 377
73 80
383 189
19 36
273 358
273 385
381 312
98 401
18 13
74 372
416 423
262 422
264 261
165 8
39 163
10 287
355 25
54 427
308 223
352 334
180 68
109 119
210 304
405 180
176 242
250 89
228 279
155 181
22 95
71 113
126 361
293 356
44 163
168 268
421 173
202 37
93 206
50 166
365 293
207 452
260 197
16 122
414 154
81 434
365 53
142 110
160 317
330 314
28 361
133 113
219 4
75 438
324 341
214 474
106 76
344 465
47 22
384 47
374 321
474 319
75 388
16 321
409 243
89 5
260 312
278 242
0 198
314 430
254 82
201 148
492 366
22 408
288 374
200 456
25 332
295 196
331 321
26 253
48 41
421 433
243 259
335 438
184 228
42 463
92 339
424 261
213 109
37 314
64 160
12 277
407 22
326 12
245 459
97 28
154 64
342 106
226 72
464 130
369 469
93 233
115 166
5 285
356 205
412 72
189 313
6 197
139 491
429 449
153 352
141 290
158 375
225 409
161 440
78 29
379 436
128 34
57 428
465 392
246 176
393 305
373 452
294 226
159 242
172 262
0 336
444 236
377 491
403 100
387 139
418 114
241 121
25 58
125 150
154 329
23 265
30 135
153 439
483 405
137 330
277 285
127 84
106 382
220 434
450 115
424 71
383 424
94 471
154 392
494 97
179 385
90 248
78 16
265 376
280 176
48 362
485 351
210 9
45 476
122 371
296 481
172 309
309 245
377 138
282 221
453 89
158 178
282 253
81 312
345 244
42 261
366 380
438 251
199 315
147 90
222 380
140 59
464 145
268 116
447 75
217 239
453 199
490 263
18 483
78 108
383 327
425 33
479 306
16 260
413 97
59 124
21 212
61 290
294 477
170 334
3 210
426 278
43 258
115 196
268 345
137 193
76 388
441 304
289 21
372 380
40 373
20 362
394 246
295 51
484 251
7 307
123 22
188 430
401 304
366 33
400 498
349 304
463 284
222 156
300 450
287 63
109 315
477 223
199 87
134 466
111 358
88 288
99 359
340 145
392 67
48 228
406 58
141 199
55 361
360 45
481 17
280 91
114 298
164 485
131 163
264 324
244 419
98 451
470 133
227 399
166 299
264 395
452 398
443 358
264 427
214 45
399 352
434 59
403 305
256 281
244 35
112 251
459 26
140 98
31 480
421 432
121 310
151 328
496 312
452 347
277 477
114 131
153 307
275 261
157 343
324 190
214 106
464 422
176 353
97 173
341 130
175 196
14 447
159 383
109 19
225 104
59 50
301 55
171 365
401 38
468 310
315 192
75 181
365 378
235 474
315 75
61 207
310 367
285 129
477 74
103 345
436 327
238 378
432 469
421 461
463 145
56 226
136 274
0 434
218 93
116 404
411 352
314 237
348 406
438 347
40 289
74 383
155 467
260 234
146 333
491 460
396 122
163 129
239 66
389 275
23 31
100 235
342 65
160 377
34 12
462 114
216 405
229 307
181 323
225 319
297 35
17 281
326 274
303 25
440 432
385 67
273 121
96 458
279 261
138 242
316 11
482 225
225 77
30 188
488 257
296 183
194 50
355 128
237 70
154 234
123 190
396 95
230 216
469 415
396 306
200 256
479 178
378 50
291 52
297 478
69 393
190 435
35 480
276 343
113 253
294 431
480 353
381 384
189 377
248 208
16 178
262 284
182 302
134 478
306 111
447 63
52 264
348 50
41 333
367 60
402 92
50 457
488 427
486 326
290 394
127 484
272 105
167 233
213 371
148 178
330 167
280 229
419 310
469 296
7 252
304 386
247 448
386 65
113 258
280 8
59 335
6 394
231 433
464 213
458 1
454 180
153 231
427 440
369 287
383 466
405 56
465 121
468 344
379 353
274 489
111 169
108 193
492 78
47 290
99 260
100 139
333 323
7 162
126 262
16 151
383 215
35 495
77 466
233 324
436 301
429 16
188 457
263 165
198 227
36 31
86 180
392 106
208 394
255 152
221 92
403 65
9 233
186 483
67 330
28 257
413 377
211 387
4 330
49 310
369 284
385 252
355 220
9 490
61 206
287 488
48 171
191 453
121 111
16 7
94 138
296 148
354 199
128 286
89 285
308 426
314 406
393 1
240 183
108 144
494 222
471 67
157 151
229 121
40 256
450 401
20 81
464 450
210 182
497 477
89 336
188 100
16 247
241 355
26 375
498 268
152 474
277 99
111 432
126 441
313 93
437 410
497 402
294 62
9 457
128 266
158 256
234 442
482 162
269 117
159 96
2 443
373 271
149 94
255 24
308 241
222 409
237 130
366 396
467 276
271 191
279 473
36 51
292 151
187 379
271 319
353 99
97 484
143 490
103 360
367 274
203 216
423 185
407 296
233 478
371 352
354 463
15 10
243 375
400 381
451 358
2 133
220 27
154 481
266 33
253 463
145 184
281 309
122 143
409 379
158 125
193 79
169 466
41 461
273 25
285 208
61 424
39 167
433 398
226 282
179 50
208 464
437 28
495 152
160 242
323 49
106 27
358 166
234 293
243 89
108 279
243 116
11 323
192 487
396 160
8 41
354 237
163 364
79 488
172 216
322 64
412 344
147 324
279 489
71 135
4 454
254 394
457 162
342 460
102 108
26 235
196 13
461 154
227 122
161 126
383 454
358 58
311 145
67 49
26 218
392 131
46 276
438 177
60 489
381 345
87 497
488 294
211 15
307 358
154 105
10 225
25 479
89 182
253 470
298 224
42 109
347 284
108 15
153 190
47 407
42 62
427 190
346 422
286 95
272 127
343 107
267 234
50 197
46 432
345 214
444 237
328 472
203 334
160 141
167 17
84 481
165 82
69 58
34 193
335 190
288 170
305 402
156 159
202 187
177 99
458 316
433 104
274 373
236 471
333 321
58 207
77 76
379 28
297 146
31 97
230 219
213 61
142 427
216 304
439 56
186 217
256 236
459 191
346 340
178 430
277 159
450 55
336 144
241 392
267 434
278 32
36 232
229 295
133 155
429 366
473 168
396 308
254 401
452 53
35 44
27 163
278 19
31 90
50 499
78 202
346 376
368 427
309 356
161 63
64 280
428 225
348 235
183 107
309 289
256 408
263 40
4 26
371 450
428 186
422 59
237 286
330 431
12 374
262 358
440 300
470 27
133 448
416 319
269 338
70 75
395 285
107 59
230 271
408 233
162 334
347 137
127 303
342 147
350 412
122 344
164 265
19 15
15 30
96 327
27 451
277 343
73 281
249 70
498 293
105 404
433 495
431 243
137 115
470 104
173 401
347 58
104 187
400 331
287 282
158 309
178 10
439 460
390 93
45 152
311 218
105 418
131 124
69 101
370 32
326 357
174 166
382 324
77 216
103 122
124 441
317 266
168 430
313 170
68 405
285 62
119 100
447 300
482 410
313 409
225 438
448 453
390 134
97 73
171 419
450 3
317 469
245 231
207 263
203 330
213 48
355 136
4 255
90 33
326 160
61 316
73 121
387 106
318 159
213 107
223 160
484 315
326 431
404 431
146 94
127 439
111 300
497 157
317 196
282 352
323 39
483 321
337 189
164 14
81 198
466 19
186 92
15 342
186 482
436 367
325 210
216 462
74 422
494 272
422 482
444 101
255 304
473 157
402 97
90 146
115 412
472 408
144 51
7 166
13 171
27 307
319 184
138 89
431 311
209 314
105 178
184 443
422 90
217 437
482 364
350 228
470 417
414 159
200 20
215 344
70 151
196 298
346 266
55 4
428 82
233 349
420 331
355 108
256 302
413 309
259 31
17 326
107 331
2 212
272 318
5 312
149 226
236 431
322 360
261 433
339 272
138 283
27 430
426 202
97 285
227 307
378 379
335 207
27 124
202 306
103 294
330 491
152 216
411 288
159 445
91 260
57 453
245 17
198 107
190 34
189 133
466 240
240 237
274 235
174 290
141 82
381 12
161 334
424 161
277 95
230 283
391 104
24 460
325 112
221 363
140 468
125 124
439 248
453 17
471 44
260 497
329 62
118 271
203 4
438 427
265 361
212 298
110 460
475 234
76 154
280 249
304 362
302 351
370 98
226 168
315 186
151 62
114 284
483 294
320 199
320 133
137 459
279 24
214 228
190 247
113 282
394 76
350 160
475 149
9 331
178 118
362 9
225 249
106 345
424 444
498 115
405 248
134 205
202 3
187 61
344 84
48 253
192 267
160 193
446 156
126 491
445 220
280 58
112 437
19 392
446 180
399 185
35 26
104 432
476 479
340 375
323 24
96 424
313 379
187 171
156 72
122 148
234 140
129 202
427 460
430 67
135 36
269 141
430 28
90 472
343 371
382 119
299 405
386 137
274 389
172 365
385 151
226 355
346 41
89 490
313 12
392 49
41 381
457 6
359 487
36 22
141 352
457 110
366 271
328 261
456 347
360 499
76 469
420 237
271 261
197 383
102 69
480 435
488 476
231 169
322 171
285 387
201 242
405 438
301 227
269 226
99 28
359 393
300 284
224 315
278 372
195 315
492 397
263 130
147 107
343 155
498 337
161 419
479 146
67 360
285 463
393 331
453 431
497 356
474 395
437 372
179 414
42 442
273 11
382 485
136 214
301 347
361 394
443 3
274 228
39 23
115 62
243 165
413 285
61 258
168 133
458 375
217 22
148 497
478 306
421 417
353 15
250 201
329 222
451 55
392 280
18 329
486 454
355 495
442 94
82 482
397 117
373 291
431 212
447 243
134 283
276 132
66 80
301 337
119 61
356 467
107 236
386 159
334 450
443 37
465 113
193 391
122 119
197 349
57 130
476 170
456 123
264 92
90 16
333 390
166 254
153 270
78 200
463 413
218 431
62 400
131 225
51 212
460 258
118 62
440 429
354 238
118 454
116 358
46 184
31 240
494 92
318 12
199 201
220 234
308 222
429 97
162 494
37 105
320 360
52 224
475 174
329 187
64 266
111 497
198 463
324 445
441 391
208 398
248 264
207 83
352 479
373 325
498 265
86 484
217 441
46 479
103 107
224 420
257 280
286 74
252 193
253 96
309 470
155 175
329 373
173 147
17 79
483 423
434 422
13 426
272 332
31 456
205 331
197 317
264 127
62 261
146 79
269 389
303 446
38 459
232 34
228 174
433 7
406 262
191 226
30 410
409 375
70 171
194 374
241 359
444 265
198 267
289 78
17 195
391 136
370 390
425 445
178 64
257 361
89 265
198 196
140 341
250 7
165 175
251 16
394 43
474 197
222 349
481 442
238 289
396 337
245 5
428 273
87 457
86 375
328 309
44 396
99 448
191 281
29 153
392 395
374 202
72 299
116 480
288 430
111 375
59 52
191 295
188 284
440 401
78 317
48 294
176 468
216 126
236 423
389 497
376 380
482 299
316 303
109 6
387 255
307 114
135 170
42 291
230 380
100 393
466 148
100 453
106 254
447 343
179 195
371 5
274 51
36 58
295 483
316 358
177 153
379 195
472 68
189 167
122 283
318 70
334 380
404 33
493 336
366 439
108 484
6 121
195 16
158 19
125 499
165 416
171 454
283 272
456 493
301 164
239 177
287 455
29 160
315 201
49 9
286 457
60 373
273 487
291 223
198 122
265 127
288 257
103 236
44 412
211 388
46 254
77 321
89 376
81 427
237 202
80 450
404 470
355 291
72 233
364 125
180 22
393 400
149 306
20 83
494 173
244 26
136 85
293 323
436 245
378 325
303 251
60 74
191 5
180 163
119 177
38 340
316 444
445 444
173 277
14 420
98 434
458 281
49 443
276 1
377 44
494 394
456 161
226 400
397 41
238 388
486 54
132 108
57 338
73 471
268 50
397 132
267 453
160 419
304 257
108 192
168 188
41 142
402 145
205 410
385 176
358 415
52 191
489 474
35 10
456 92
128 199
229 48
415 211
297 370
410 203
426 391
393 289
236 347
319 343
202 468
299 392
222 84
314 460
452 496
288 409
383 468
136 476
249 310
199 184
168 4
340 140
440 376
25 320
369 321
45 422
219 199
253 477
257 161
292 482
293 46
263 161
62 376
406 476
0 427
444 75
239 361
381 355
43 207
167 80
165 347
341 260
332 307
469 257
137 285
496 88
475 178
184 478
24 204
321 261
5 100
268 284
262 379
187 474
464 179
306 17
153 89
213 183
70 491
426 367
370 158
301 473
163 405
9 21
123 283
301 258
301 322
22 326
395 347
298 414
362 227
316 426
14 407
143 39
21 465
33 71
366 146
30 278
193 299
280 494
266 6
235 287
144 89
383 122
416 255
263 44
77 304
485 2
156 297
178 398
228 182
411 434
5 322
36 245
26 109
311 350
5 106
490 50
307 485
53 145
0 401
226 452
93 461
310 331
165 149
219 467
293 348
388 417
302 185
52 492
115 244
448 413
460 318
337 65
384 305
124 142
327 309
441 113
484 177
14 367
366 106
266 239
27 51
120 156
18 425
133 77
17 7
151 427
197 49
80 90
127 458
271 351
13 351
480 466
295 127
85 187
331 433
337 83
210 496
172 263
241 59
324 168
479 108
101 203
420 83
325 224
74 443
323 277
142 421
182 110
251 391
463 469
348 337
74 130
116 164
74 94
366 417
197 299
79 224
132 165
461 465
319 321
499 179
260 84
387 487
321 183
75 263
356 470
405 119
156 443
384 56
150 44
194 298
267 483
98 492
89 122
366 468
405 69
3 42
425 114
101 93
331 207
491 199
462 278
363 231
420 6
94 466
411 357
359 11
492 393
411 444
402 134
415 288
465 141
200 496
246 235
485 426
113 208
185 340
438 326
451 321
445 292
252 287
195 7
15 96
197 5
215 424
455 208
189 69
456 369
209 287
290 136
267 243
274 405
414 222
106 70
234 429
318 347
93 494
356 32
348 174
116 180
60 169
373 448
451 298
375 53
229 430
70 295
205 376
496 446
82 255
134 216
181 220
130 129
355 492
345 424
225 207
431 290
403 287
198 265
466 351
473 424
298 342
288 67
248 1
341 467
312 405
10 89
370 480
326 440
293 468
116 283
455 303
463 236
473 243
275 135
39 146
213 237
214 279
456 98
494 58
364 400
75 174
373 383
50 162
474 434
261 91
65 128
343 205
445 142
181 426
59 319
281 408
292 60
68 5
300 128
272 357
184 49
168 428
353 361
336 348
322 404
273 164
403 159
310 44
439 218
427 48
218 53
188 106
280 104
179 19
6 258
293 158
335 163
7 308
274 38
406 217
339 188
481 64
158 39
316 397
114 108
461 189
252 93
15 488
234 205
232 327
90 269
33 300
99 323
443 403
309 101
137 283
8 205
372 459
492 30
56 350
45 479
9 23
127 331
190 256
415 200
290 44
144 147
432 447
133 6
277 55
490 123
194 321
152 288
358 138
172 410
188 385
236 378
409 308
21 372
323 446
216 76
391 357
471 305
373 307
460 16
89 445
168 169
303 476
29 375
143 259
202 425
395 236
401 338
369 403
310 312
105 237
123 238
244 163
176 493
82 312
248 429
239 133
402 289
382 37
38 218
151 218
177 140
358 248
414 236
2 226
208 33
115 71
177 240
395 235
371 121
190 187
282 77
442 391
148 278
278 43
128 231
135 264
177 399
391 19
136 1
184 2
452 461
64 337
298 494
309 434
467 178
427 432
79 160
165 287
130 187
192 364
230 487
112 274
91 373
125 444
477 464
37 176
128 372
337 399
183 37
115 108
342 132
324 129
276 114
203 73
205 228
128 159
313 467
141 54
200 56
18 147
291 161
110 112
209 270
375 376
237 185
262 336
325 320
32 459
309 71
406 159
471 197
251 217
311 69
160 271
94 79
45 327
240 420
460 208
113 389
242 393
65 79
48 177
241 244
353 371
70 209
290 0
329 342
412 197
461 383
451 169
138 405
273 14
234 286
82 166
390 400
299 422
376 289
490 14
79 305
460 449
101 455
259 403
362 467
393 440
102 285
19 119
298 15
475 2
291 173
119 201
398 254
413 462
300 259
444 205
336 180
34 479
57 133
470 463
162 118
60 410
46 47
241 163
378 167
246 112
456 385
205 178
337 114
490 349
347 11
422 298
489 103
403 313
334 360
223 430
468 318
34 45
318 157
105 89
375 3
394 425
238 381
208 311
431 25
97 141
406 393
476 427
223 494
88 112
187 1
422 50
194 224
99 341
221 217
270 231
355 364
187 234
29 371
250 113
53 345
426 229
49 142
17 421
349 469
125 4
499 430
387 390
370 417
445 298
308 89
2 261
305 332
296 118
367 25
229 349
480 236
247 472
294 407
463 389
475 360
131 108
392 410
432 292
210 266
46 178
357 16
472 291
488 54
131 140
469 58
240 488
301 180
86 275
18 153
361 441
254 191
172 260
290 37
269 275
176 362
498 1
100 304
53 69
400 461
348 194
192 36
395 491
83 392
485 77
492 76
317 433
251 474
361 204
371 249
186 383
185 279
175 407
352 7
182 185
298 325
138 83
189 348
331 25
432 189
144 437
168 415
252 225
251 255
185 428
109 240
225 16
153 22
241 410
263 204
92 39
489 174
416 372
302 427
442 84
411 339
187 279
207 14
1 246
321 252
150 160
303 403
261 404
151 80
343 101
145 245
141 338
357 90
477 23
26 336
375 274
185 298
82 465
2 478
87 405
464 122
342 463
234 14
267 339
260 93
16 407
376 83
304 32
47 371
100 219
82 6
429 404
353 392
98 206
431 348
127 113
381 11
239 83
157 273
323 395
88 441
444 3
121 84
350 3
492 159
76 208
195 272
249 418
474 284
22 427
365 194
30 146
86 260
353 325
178 195
169 87
80 390
357 454
156 388
122 305
167 88
200 445
92 80
190 189
403 192
443 464
42 104
98 397
19 398
234 176
493 385
57 170
5 389
47 419
481 202
2 38
377 255
66 344
448 426
390 406
89 74
191 284
260 461
210 424
174 105
243 51
166 248
14 157
22 398
112 47
203 244
353 78
351 165
391 420
498 214
38 497
130 199
192 190
44 440
143 237
61 95
266 36
482 44
18 190
322 492
135 259
169 497
321 273
487 382
394 155
126 407
179 176
70 354
484 125
474 18
384 374
23 491
20 38
82 277
302 266
266 410
54 59
124 297
140 396
301 203
184 321
244 366
127 443
217 184
65 105
346 137
474 28
65 400
167 58
196 379
389 249
339 382
383 275
24 56
222 27
126 373
280 34
477 183
121 463
299 0
251 150
79 394
180 429
381 51
454 484
465 309
259 96
211 258
140 215
492 297
328 133
8 54
228 226
65 360
167 107
432 80
71 316
359 363
288 271
491 220
242 299
180 285
104 374
200 138
35 38
194 366
262 4
56 116
377 395
272 281
470 247
402 264
66 153
485 455
389 379
186 87
384 18
263 189
123 481
216 416
433 279
190 454
478 33
328 50
223 50
469 332
276 292
56 242
4 490
488 99
319 288
174 11
497 5
317 30
95 4
79 436
136 102
177 209
421 424
196 83
415 73
312 272
103 497
171 468
493 400
303 156
278 387
157 367
163 453
200 359
68 281
194 141
57 155
6 213
436 196
76 100
485 475
301 165
163 360
123 219
19 185
312 0
389 493
442 130
59 418
152 145
465 71
421 284
32 482
215 195
321 173
107 419
9 229
459 22
99 465
81 249
209 112
367 306
10 219
204 57
340 283
244 105
193 359
481 343
219 31
224 382
455 6
457 257
278 70
43 462
237 365
87 77
469 55
263 289
38 499
468 499
126 203
16 153
334 250
212 444
36 281
67 409
433 330
279 90
14 41
459 74
356 166
97 126
410 367
311 257
212 257
397 218
325 314
258 384
496 416
372 132
225 26
9 89
58 442
218 267
210 24
5 24
481 371
386 317
385 31
160 146
185 319
302 440
17 29
457 164
313 438
211 311
349 236
385 212
195 351
59 44
457 345
448 335
394 149
304 134
202 54
444 489
494 384
177 360
73 161
259 123
291 262
365 196
37 420
275 350
383 348
113 479
176 211
126 49
76 194
106 192
408 220
345 36
121 415
226 304
457 468
45 70
248 261
72 239
27 292
426 493
218 275
350 180
273 473
400 451
42 250
356 211
307 490
80 169
228 137
208 447
412 76
287 420
69 446
463 492
5 397
56 76
337 38
243 29
318 71
31 322
95 207
385 443
41 222
366 23
218 259
65 57
238 339
38 189
72 237
133 121
173 86
269 33
485 483
26 73
253 46
408 292
204 19
391 217
302 225
96 202
375 208
481 388
376 69
98 319
11 485
28 173
241 173
91 59
351 367
365 254
466 288
331 135
398 200
195 131
65 380
67 362
438 14
214 200
375 99
84 194
16 155
304 107
498 82
343 58
484 377
32 397
324 232
63 364
402 394
35 130
331 385
185 427
184 83
435 400
346 259
227 12
334 7
421 187
366 233
349 76
340 299
270 312
369 429
361 66
234 334
328 394
273 456
423 198
259 473
92 333
460 176
20 237
234 153
16 312
302 53
143 267
120 32
389 17
131 10
495 41
353 29
21 149
117 42
354 418
277 266
7 28
203 432
223 110
281 173
126 144
365 294
326 446
288 63
104 39
316 0
306 291
300 333
434 168
172 73
82 36
191 188
195 200
452 330
498 280
358 384
439 456
228 460
355 135
468 2
100 369
96 249
461 446
6 454
95 323
69 165
358 16
247 284
133 130
387 292
389 394
390 471
21 245
38 426
255 109
281 183
31 489
151 290
119 164
154 60
210 471
390 35
33 115
226 169
330 150
163 387
495 66
306 234
289 321
150 22
255 180
344 19
138 360
123 349
114 82
429 333
373 3
143 54
230 32
422 377
144 420
469 324
25 146
236 416
96 78
393 493
243 169
380 489
232 138
473 205
56 132
70 120
142 66
477 335
120 301
261 224
54 53
466 395
85 50
227 407
186 498
414 211
373 49
61 65
386 213
351 459
213 333
36 92
30 231
479 284
370 363
425 468
226 45
141 367
457 437
104 440
184 362
452 361
285 360
131 219
386 408
95 106
249 23
58 277
345 437
115 216
333 8
169 473
44 158
106 309
488 108
82 457
341 128
69 358
135 413
327 391
463 420
369 493
195 211
490 130
51 19
146 157
438 101
120 234
202 210
411 347
106 355
251 282
421 378
294 438
478 181
120 314
245 107
328 391
431 295
352 322
346 247
169 242
33 331
313 341
364 180
477 235
349 146
484 367
495 127
455 157
314 384
85 354
286 439
5 51
303 211
493 240
327 385
229 398
436 20
6 105
47 411
406 174
246 93
149 245
262 168
471 326
310 243
168 310
450 130
88 95
164 323
488 202
110 69
471 32
346 367
358 450
242 49
190 223
3 438
351 131
441 155
88 314
237 474
249 294
175 56
170 290
247 423
138 149
446 0
180 393
190 7
487 204
186 10
325 434
184 246
11 85
273 147
199 13
426 81
419 316
240 268
369 38
250 495
358 292
345 436
55 258
204 39
275 422
34 291
71 273
74 37
469 411
80 425
348 262
185 270
15 263
60 321
384 46
65 68
453 54
290 204
133 493
477 330
114 266
381 386
76 225
347 353
409 1
118 366
203 275
29 403
332 253
348 143
105 265
494 15
251 464
124 243
384 172
159 373
174 139
428 205
460 298
327 298
294 100
450 98
251 285
209 228
281 388
189 428
435 481
324 173
160 162
237 175
174 77
390 448
481 452
431 486
488 109
91 461
488 453
152 118
197 1
73 354
378 140
192 261
426 63
319 315
189 180
307 147
410 164
448 461
430 308
161 49
233 267
429 265
478 422
323 454
317 397
390 204
303 458
356 284
259 220
322 179
306 21
142 194
58 226
483 407
52 428
356 364
294 416
401 219
156 232
371 218
185 422
10 3
218 13
81 74
472 229
446 250
125 306
253 172
29 277
338 289
103 197
191 59
226 60
455 215
346 188
113 249
84 27
370 414
312 174
16 399
234 283
466 112
470 227
65 201
176 273
87 353
223 272
232 405
269 245
183 195
118 29
453 63
423 476
277 341
143 222
293 14
292 138
346 335
447 87
305 441
89 150
164 426
64 456
350 396
439 172
311 113
428 460
349 388
28 298
175 182
278 18
180 395
417 163
71 415
484 320
242 152
436 118
31 358
73 319
298 408
297 264
342 260
472 149
495 477
83 127
70 370
47 39
353 362
488 426
459 332
416 58
3 296
196 15
314 296
327 434
398 240
243 15
206 62
169 394
430 221
29 231
234 108
485 150
288 81
453 194
371 209
138 335
158 355
240 392
320 81
132 200
46 328
468 175
365 268
342 84
404 318
282 154
239 122
304 96
64 290
202 467
455 450
374 67
482 314
14 475
24 100
90 120
45 8
38 101
334 423
18 125
189 364
175 128
144 451
312 146
321 157
197 207
490 348
170 214
217 142
463 211
56 331
259 100
292 420
357 468
177 28
264 291
270 31
476 119
146 325
185 377
228 127
12 392
194 411
341 478
150 73
49 249
329 343
297 181
256 60
352 164
482 406
23 131
170 406
199 68
42 399
87 403
120 474
201 479
249 486
390 242
145 427
240 489
211 403
35 266
113 72
431 288
117 11
493 368
403 219
145 490
474 201
23 192
461 56
14 354
224 247
258 462
340 68
46 417
458 148
398 274
438 400
17 286
162 203
290 7
195 156
393 140
398 149
439 328
499 322
254 134
380 118
339 288
289 160
264 46
271 488
201 22
468 26
208 148
396 92
41 320
295 29
311 494
438 328
6 478
384 402
311 106
98 344
318 46
99 416
331 453
139 175
268 157
459 207
56 188
391 295
166 52
39 128
441 229
296 468
190 476
118 324
255 345
427 408
154 352
483 70
401 447
234 417
480 249
439 259
193 442
129 440
382 301
258 140
129 46
407 139
401 19
188 402
460 87
36 160
381 274
313 187
463 307
69 274
86 47
266 134
339 232
248 17
188 432
183 109
453 189
492 118
227 110
360 232
115 421
365 77
336 456
12 443
247 135
404 420
57 434
294 303
473 10
53 438
159 272
281 102
414 137
236 45
442 188
195 295
463 96
39 136
206 191
202 428
364 101
190 319
72 305
269 444
168 345
448 409
276 334
463 105
424 169
346 477
324 195
339 99
348 181
182 418
323 173
81 90
133 117
183 306
432 218
450 361
483 230
436 375
382 315
471 153
23 273
495 348
257 383
483 66
224 1
47 165
131 226
124 108
229 105
373 150
466 358
29 81
330 320
452 134
360 61
313 474
492 337
43 230
43 60
407 454
479 373
116 322
149 119
290 420
24 297
28 389
444 485
404 331
272 456
4 146
439 189
40 347
43 270
102 29
57 61
43 357
62 368
454 411
395 112
442 28
78 22
366 431
308 438
176 474
124 161
17 353
10 165
458 275
321 352
436 353
309 449
412 69
440 159
477 301
366 212
419 249
174 96
482 395
23 313
229 445
3 203
491 115
33 291
141 130
324 267
274 18
214 189
30 286
245 117
471 259
27 447
374 305
429 127
465 73
269 465
231 185
400 441
56 203
53 263
216 478
308 155
412 372
377 38
435 176
355 261
92 47
431 439
146 282
272 194
77 20
176 195
391 380
44 140
13 120
480 261
331 208
320 410
248 42
479 165
366 112
314 42
76 179
122 399
451 333
306 150
240 57
233 133
44 314
90 10
123 4
14 445
253 217
383 123
356 436
55 150
268 110
140 138
200 171
105 346
376 150
427 314
368 74
460 18
414 17
143 450
341 480
409 39
279 27
383 9
217 271
424 114
333 30
356 155
37 257
428 99
424 412
44 397
205 388
417 111
319 29
38 435
358 486
158 176
386 395
464 257
387 206
367 329
237 12
32 174
293 90
350 231
77 237
468 351
275 119
253 219
73 496
381 353
359 311
435 137
427 53
169 171
293 50
36 455
464 278
337 29
348 315
58 445
158 325
349 159
393 39
453 479
188 123
494 379
253 140
384 414
458 263
243 53
374 335
156 114
403 151
240 468
68 497
429 292
455 479
164 144
218 240
473 290
381 278
472 462
18 59
218 321
219 211
122 142
370 125
