1280 100
359 857
451 1064
984 1005
335 1134
397 684
104 921
1042 739
243 590
1186 97
1116 1199
951 1085
430 717
399 1131
774 623
1117 181
1211 337
753 454
175 416
347 108
505 818
1261 354
949 250
748 584
253 38
957 17
917 224
486 805
58 113
1204 1170
711 576
554 373
469 336
696 566
722 1167
1231 120
66 41
683 294
552 580
1151 1071
766 898
72 425
287 1094
104 758
415 176
825 402
591 638
442 208
529 321
1180 408
998 1131
1044 628
481 307
898 450
694 708
1065 691
390 191
856 685
83 601
348 1053
859 768
776 423
887 434
1259 97
145 679
864 1013
821 757
1011 744
175 191
881 537
1117 818
351 322
431 864
910 1
286 647
1143 1243
1188 1046
722 36
163 567
63 109
1108 142
434 1239
605 1079
554 207
354 706
1005 497
370 613
538 962
532 678
246 1041
1064 188
1250 675
622 438
87 721
717 133
371 39
233 588
424 735
1127 1183
1065 1260
279 663
