2930 100
1766 439
689 399
537 1928
1972 2159
61 2615
1034 1518
1991 9
2774 2773
1933 1699
2466 795
2562 1173
855 2354
873 1124
2788 1411
1425 906
216 975
311 1266
995 1780
2857 2617
2622 1742
2858 871
2774 418
1487 593
2888 2423
2073 2461
2796 1074
1236 2212
1701 912
2649 2504
2299 2245
134 1090
2336 1545
1505 344
1716 2074
2438 47
2151 822
1600 2257
699 2596
501 377
1857 2021
1602 1916
2219 536
400 2895
2300 114
2162 481
887 2037
1032 845
1363 2620
2890 2270
93 281
1150 1801
1320 807
1037 2798
717 2238
745 132
148 965
2762 1679
734 1304
893 661
2898 2783
871 1548
2320 1992
594 2453
1352 1497
2726 663
1775 598
704 1191
1873 510
96 1208
1160 2011
1899 1630
848 766
2838 1017
2375 1930
394 727
1122 1457
683 2231
1100 334
913 159
526 2393
619 289
2740 1254
120 2749
2272 622
79 1110
72 2864
572 1293
2051 2701
1583 286
2510 1347
2607 2309
605 2389
1745 561
2900 1076
246 826
1173 17
2191 1171
2629 432
2123 1698
871 455
