2390 100
1740 1142
1322 2124
24 1034
1602 296
848 1537
493 674
225 198
337 324
2218 1914
1128 898
1906 775
1458 1047
1671 667
2208 1780
417 1962
965 1697
494 106
1924 1713
1118 915
685 2226
2118 778
1206 2267
1375 946
821 195
351 1477
2215 729
2005 2136
954 298
273 1946
893 2123
2130 41
1285 2023
1545 1522
241 1575
2221 638
218 1783
2290 113
2008 888
1413 1301
1055 2367
125 1387
220 885
2291 358
824 1783
1668 1692
1853 863
52 1593
2335 1910
864 577
1908 1906
1764 151
1869 2329
559 205
698 791
1366 124
1358 1033
1890 1362
1769 2033
1496 25
90 303
1035 1048
1507 1515
1185 132
423 1841
1997 418
1873 2113
2066 338
425 673
74 815
2150 175
2321 86
653 1718
1590 1443
2244 866
707 2089
1549 1048
164 1846
1769 670
1343 439
855 491
1738 2248
1861 261
948 1773
1992 1173
676 1652
1918 2261
510 2000
1184 1002
1080 1842
262 1634
290 237
885 47
1952 1620
1234 393
1958 1713
1965 242
1017 2243
2014 1777
2076 346
1535 1915
