1910 100
1106 1306
1392 1714
94 1110
1051 1072
509 1079
500 332
952 1796
988 1027
1046 1788
1458 1507
1750 622
1472 362
1670 493
322 1584
1816 202
683 358
1675 1403
1416 1111
1634 95
88 714
659 818
1276 1122
816 47
28 1485
1349 1151
294 130
166 1621
587 851
1429 807
1640 1234
412 851
793 298
1666 420
1607 1651
1629 1318
1533 1634
101 372
1705 934
1681 697
455 1150
1546 1552
1148 813
198 1821
691 1305
635 62
483 924
1736 1140
1014 1693
488 1702
256 398
1751 157
910 1445
470 1214
157 1521
229 1178
330 1085
1127 1106
1576 1582
722 1788
683 859
1598 156
1845 434
1829 1619
947 248
1297 1295
1619 398
872 1380
1551 1326
1366 397
1580 1147
1363 681
1188 597
1495 800
1252 1104
1257 1121
1205 1744
760 759
580 1694
793 1716
1669 216
851 823
853 1817
493 196
1751 1184
1288 60
1378 49
285 167
707 120
110 1431
1357 678
216 354
1591 928
1367 774
1234 893
1713 163
1072 1330
817 680
109 328
360 1866
1329 1131
