2300 100
625 574
741 1479
1815 183
936 2032
1826 308
2264 1262
508 607
1990 1522
2009 1998
1709 1783
1110 1294
1216 871
688 1394
605 1638
837 644
373 1939
2267 1458
29 1230
2292 1229
2220 549
1182 2098
684 1532
823 583
2243 573
2182 1833
1559 187
1539 1672
704 1674
1962 2086
1050 736
206 1736
760 1070
679 1359
301 1447
1501 1320
1848 326
178 122
1267 750
668 396
636 1950
1392 2151
453 264
1815 61
241 552
2190 703
244 1904
1534 1390
1914 1798
501 2021
1455 1109
1648 314
365 2047
1567 1525
370 1300
1979 1149
1495 964
147 163
476 1122
178 1897
1005 330
1161 1187
6 1479
829 729
973 1460
629 122
1717 196
4 2290
1939 236
1742 1281
1968 1649
496 759
2074 394
1327 1771
226 1128
2002 349
200 1729
1578 1170
1079 1843
1140 1406
1726 2040
1330 2179
651 147
417 1914
2192 2050
1414 1832
641 383
1086 389
981 1925
25 673
594 1895
1621 509
1187 1662
80 801
716 408
231 540
1512 370
1001 2251
1278 1904
442 449
2057 2288
