700 2900
676 592
71 55
610 457
594 235
677 641
250 616
134 558
78 442
678 355
669 137
219 407
297 176
433 120
46 489
539 186
422 76
561 161
279 243
481 2
499 484
312 39
12 39
583 552
19 214
183 170
554 261
41 276
251 297
331 457
552 560
558 267
57 557
550 302
230 658
590 520
685 515
125 343
625 182
243 71
576 684
43 17
12 356
356 226
83 66
262 598
73 19
52 395
442 345
423 267
161 398
407 471
145 35
435 637
37 78
621 601
288 210
53 94
71 12
271 263
366 104
400 35
501 613
687 318
68 482
628 164
228 602
185 81
24 347
337 155
42 404
603 693
244 187
154 424
339 101
195 696
191 312
227 335
507 304
478 64
699 465
405 445
206 531
309 92
138 530
604 592
489 434
74 653
649 439
604 215
679 339
30 420
477 699
110 333
181 612
147 491
254 48
318 495
635 592
83 303
318 447
685 170
487 500
619 453
85 609
305 471
361 343
185 428
203 607
448 29
395 48
151 590
279 517
497 510
39 552
515 48
676 293
320 363
583 149
207 537
526 69
125 152
447 649
19 174
432 669
288 163
393 191
330 566
423 507
278 191
184 473
251 115
685 291
366 660
230 387
368 600
359 460
261 337
442 248
527 297
643 126
589 361
3 319
365 141
106 556
154 511
526 435
89 199
41 51
382 120
669 82
631 206
313 547
454 12
3 28
310 194
241 186
303 335
276 438
42 122
312 479
130 10
12 648
642 74
225 283
540 411
61 388
506 13
124 515
120 282
499 362
490 308
374 502
424 285
472 602
8 512
392 554
22 611
541 433
480 406
211 80
38 234
329 429
394 155
394 356
132 362
276 176
508 192
77 125
379 266
635 413
258 290
2 291
683 537
529 142
557 122
409 238
626 641
382 70
291 561
312 152
363 225
625 339
100 217
458 73
541 569
522 116
252 205
399 452
10 53
149 438
601 336
257 256
115 265
499 61
75 549
281 267
467 536
104 447
352 22
256 45
132 390
130 558
582 304
533 286
58 181
505 217
96 313
620 175
284 313
439 406
439 281
300 438
212 548
488 333
539 156
277 577
233 222
91 153
259 321
381 346
677 69
31 564
541 167
214 145
518 252
11 603
390 507
492 521
396 662
254 345
175 67
42 285
71 332
428 543
112 316
438 676
408 475
632 470
336 267
687 124
675 256
461 638
85 221
24 591
333 481
615 107
102 120
126 356
112 622
438 488
223 67
124 302
461 323
603 565
617 558
230 128
70 270
27 692
604 588
283 362
168 356
149 468
376 412
353 444
628 487
636 151
108 633
243 242
75 26
535 290
279 682
192 697
434 524
108 383
87 212
56 194
602 659
592 603
297 626
350 55
66 250
596 419
534 568
153 56
401 664
429 81
221 413
122 311
458 72
200 673
614 21
26 278
155 381
523 545
395 287
550 204
136 344
454 86
557 59
508 381
272 676
562 441
462 199
688 122
647 139
250 61
164 566
682 334
627 336
279 316
336 570
635 600
433 634
586 450
319 588
304 285
695 66
581 13
214 579
592 470
601 48
489 64
640 32
391 374
34 410
558 415
291 576
131 654
130 39
360 549
669 560
65 517
422 638
155 147
559 310
26 454
434 289
314 600
188 239
57 30
5 463
482 564
574 618
619 686
275 699
172 493
532 258
227 220
142 209
491 383
262 266
385 681
407 244
38 400
4 160
349 603
395 643
243 41
628 561
487 419
441 371
353 217
401 559
554 212
284 350
544 121
605 396
626 617
559 41
611 327
585 618
613 433
289 340
31 119
581 330
679 554
219 380
51 428
237 267
268 352
419 239
291 348
374 325
263 667
41 233
547 625
360 388
397 81
483 326
551 225
509 470
593 648
134 182
345 620
268 554
568 554
430 26
112 615
690 86
661 240
560 152
183 567
273 129
204 371
180 563
516 532
320 258
265 332
45 583
88 331
61 189
367 487
96 387
183 471
92 658
693 57
269 307
374 642
378 254
34 642
426 592
672 516
171 218
487 117
282 431
574 251
6 639
249 442
254 469
226 93
665 124
30 348
631 284
214 247
97 110
344 188
184 326
278 237
335 33
559 567
578 374
179 3
425 680
458 577
75 520
492 448
465 302
270 78
668 215
687 151
404 612
287 698
656 459
598 540
205 592
198 642
122 218
658 596
550 268
425 85
599 162
697 45
100 512
627 629
75 675
205 147
433 24
538 264
651 502
249 102
176 226
390 650
581 572
581 215
73 606
642 239
196 484
255 616
369 475
471 27
16 483
569 121
454 699
219 390
114 564
317 278
623 662
26 439
60 682
36 670
141 146
223 312
255 699
484 646
175 519
99 574
420 265
266 208
199 480
590 124
232 462
267 145
665 334
245 228
40 142
246 599
44 291
102 623
428 43
681 568
428 480
387 22
241 685
477 471
587 398
657 361
649 669
280 503
572 147
233 39
242 435
377 138
576 241
160 649
508 225
77 675
183 25
654 306
693 626
448 224
561 641
682 27
346 397
262 662
130 445
42 637
151 479
646 676
496 691
16 517
129 591
652 27
128 556
449 325
67 522
76 374
88 32
39 298
196 482
193 310
126 681
583 536
255 511
288 159
524 561
308 669
522 487
312 567
581 10
328 452
19 692
486 241
452 170
221 57
258 26
80 253
466 552
617 555
563 596
664 262
314 445
216 686
677 232
167 156
448 457
356 419
507 347
437 43
488 655
96 486
664 623
569 602
541 138
116 124
317 570
400 604
114 165
11 671
573 582
590 694
374 431
158 668
27 243
21 638
49 95
353 190
162 421
217 241
62 145
459 103
63 549
645 372
396 164
582 365
172 658
157 138
453 508
556 269
68 140
534 186
107 620
497 102
88 305
447 271
694 506
210 283
634 545
59 347
148 332
184 276
543 263
644 517
114 249
296 285
668 584
482 335
469 684
312 174
565 325
173 609
618 493
494 74
583 82
210 593
186 64
247 40
558 569
484 211
250 121
624 492
216 276
326 409
129 429
572 23
29 584
260 65
569 575
450 616
152 216
88 101
409 392
536 177
595 656
499 466
325 419
130 406
95 636
231 614
177 73
536 38
229 1
303 466
113 150
178 281
321 510
134 176
266 612
297 435
673 130
229 66
584 155
580 34
128 403
658 126
514 205
566 65
227 421
163 254
167 663
337 633
590 243
449 365
603 13
523 452
351 233
380 290
271 660
133 634
147 296
635 9
460 341
428 524
448 454
621 483
392 673
503 214
433 102
340 12
232 530
102 274
584 634
276 126
485 602
134 351
615 350
623 68
509 306
218 386
607 28
274 259
98 49
159 693
367 458
359 629
647 507
303 321
680 214
526 640
609 321
452 419
254 356
488 530
461 592
663 324
249 483
407 464
655 307
168 212
110 398
592 526
240 262
624 49
482 20
396 677
671 622
569 506
469 252
236 514
20 494
416 552
365 191
517 292
641 53
41 492
129 75
659 169
151 70
287 49
133 475
695 322
636 280
276 422
370 95
118 470
564 401
475 432
483 522
254 637
191 677
195 359
374 674
57 430
93 331
196 403
190 74
208 240
632 382
30 470
395 504
510 105
36 541
645 409
139 247
660 13
16 95
597 342
453 494
137 400
22 120
378 532
57 107
289 424
75 216
561 556
182 552
419 441
229 620
309 328
397 649
403 557
696 537
573 496
151 199
604 8
410 499
537 139
159 621
151 493
527 213
195 695
61 403
383 504
187 434
169 556
256 153
195 211
576 319
292 361
396 353
673 44
680 532
398 195
611 547
268 218
571 626
416 648
305 131
28 426
438 450
322 616
82 105
122 185
674 606
35 183
225 362
624 632
31 645
346 476
155 217
162 80
613 587
92 144
84 210
526 438
316 416
19 654
391 532
97 589
104 417
530 68
698 144
665 36
671 201
686 554
249 378
483 253
296 260
549 10
488 606
612 297
567 575
113 519
656 620
604 5
30 503
600 465
50 226
567 578
106 484
180 375
595 487
232 538
668 575
358 50
624 229
617 413
607 7
453 532
219 418
603 399
546 7
646 615
181 296
564 544
670 213
1 244
459 49
497 672
106 674
492 264
490 564
54 490
70 593
362 177
591 392
573 533
32 193
341 650
174 696
141 445
582 611
334 536
609 247
517 372
37 622
49 218
574 645
27 589
64 47
102 226
623 360
87 422
34 189
488 194
611 275
436 163
673 634
324 168
216 330
506 184
1 696
208 347
19 605
679 678
477 421
201 78
132 294
270 361
69 289
574 595
455 95
305 127
599 496
562 160
361 473
286 571
492 346
431 556
195 513
569 302
120 541
156 484
257 275
89 349
103 179
99 308
302 234
578 352
635 10
638 88
354 689
118 552
266 244
103 247
222 215
357 549
268 597
460 604
516 138
307 131
202 416
55 244
583 38
151 471
536 556
216 175
300 561
230 662
485 617
443 278
630 427
560 554
491 576
608 410
535 104
360 499
262 560
22 5
293 37
672 121
121 76
343 414
371 372
466 422
630 610
316 393
693 32
46 341
493 433
681 625
219 94
207 520
445 647
647 206
680 223
171 340
374 357
498 547
672 577
181 532
320 581
87 185
682 385
181 387
342 501
18 15
440 598
88 164
142 450
535 578
602 151
305 291
196 244
187 519
229 371
75 637
467 596
330 196
69 287
385 561
134 555
112 250
239 358
298 437
470 667
473 437
500 105
579 235
670 412
542 22
608 180
241 687
300 52
509 37
469 569
130 14
336 67
529 243
517 466
487 220
368 463
325 487
323 124
484 339
578 12
220 122
626 245
481 546
565 639
630 605
677 563
530 55
697 645
215 529
429 178
83 95
630 402
211 250
693 697
613 621
256 270
62 440
473 385
118 680
444 268
195 242
54 230
672 522
413 612
540 675
156 34
528 109
390 553
563 219
432 416
446 247
214 363
389 285
155 393
14 4
330 228
504 454
417 206
379 179
370 200
545 319
563 164
648 185
422 652
58 231
677 449
219 167
505 626
513 264
545 439
271 73
418 638
550 171
376 655
151 659
294 283
335 201
553 431
123 77
303 694
479 158
227 98
368 445
638 218
631 266
184 380
474 160
117 11
649 201
209 345
516 25
121 359
230 25
349 501
207 548
614 119
257 654
180 679
630 539
544 36
446 165
377 277
34 613
374 4
188 76
105 513
361 73
145 433
531 523
343 473
203 243
446 20
187 439
409 6
694 563
272 43
368 196
438 375
151 4
639 316
522 468
165 135
545 567
0 56
217 572
587 630
488 441
402 116
300 578
456 306
492 108
602 409
50 132
46 73
119 32
666 136
640 565
528 327
487 118
492 491
426 429
622 375
138 112
601 270
104 222
44 638
221 81
564 155
566 415
264 542
528 459
515 504
449 137
190 539
321 167
436 688
75 313
523 257
125 47
598 636
235 562
547 691
14 234
615 414
660 31
425 60
536 600
535 128
384 442
618 131
97 271
457 185
416 353
672 104
365 493
50 286
134 503
277 25
17 195
568 325
469 315
406 305
477 518
87 468
527 56
654 351
512 604
316 367
276 309
257 666
605 346
474 382
426 304
75 214
260 58
382 383
429 453
613 58
31 696
633 282
0 125
593 345
172 227
190 345
168 325
228 137
373 386
428 445
348 290
383 74
575 361
691 167
332 205
234 80
76 510
549 83
366 38
522 678
380 461
268 343
293 127
510 224
486 262
264 258
363 97
584 113
513 522
478 385
626 348
419 462
9 316
37 339
624 640
97 234
316 472
565 609
286 280
133 258
644 183
419 602
91 173
13 74
361 565
33 435
425 478
200 267
682 522
607 54
464 326
13 201
287 258
283 174
206 586
361 545
348 445
372 527
48 82
215 445
586 74
366 378
418 586
387 269
207 695
323 660
175 434
23 386
352 17
353 147
505 163
257 299
688 346
603 606
68 310
584 267
188 143
207 549
57 373
60 290
366 210
656 627
378 41
515 519
0 209
260 142
560 659
319 651
135 260
31 486
317 662
368 515
165 684
32 5
12 449
44 50
625 55
272 616
50 581
187 199
217 567
44 647
361 400
257 545
202 127
339 10
331 535
135 442
698 234
417 379
76 582
674 171
352 667
340 233
688 330
101 238
625 634
474 540
540 416
209 667
562 278
634 535
314 593
220 124
177 115
18 495
112 101
200 59
553 271
506 621
615 194
75 457
452 351
78 377
239 552
417 523
587 230
676 429
92 279
293 639
442 518
305 464
611 657
160 580
327 226
34 81
287 591
470 216
36 384
119 583
427 345
466 337
388 94
191 521
81 89
268 676
535 243
576 414
665 27
423 579
334 632
130 59
24 623
670 517
76 555
295 629
49 240
633 692
256 538
204 147
111 605
255 190
39 503
119 450
409 284
37 52
16 250
516 133
611 9
160 402
696 66
5 228
484 509
265 266
220 12
543 130
90 540
581 434
625 209
80 412
270 101
683 551
477 424
535 14
445 621
250 285
222 595
561 532
453 71
131 346
131 152
623 496
233 272
602 619
61 639
525 331
514 335
51 474
411 166
18 116
25 497
500 12
215 457
273 581
111 391
157 334
268 55
354 40
425 676
560 276
606 576
416 47
92 510
170 156
173 195
436 35
647 523
590 47
593 166
681 427
262 395
63 411
202 585
565 306
188 59
643 354
591 626
326 173
121 29
48 296
33 612
400 21
496 52
397 681
115 401
150 574
400 258
245 672
507 162
182 463
626 476
552 507
318 295
640 209
593 200
360 536
322 670
217 576
4 639
568 605
260 673
356 600
574 11
529 605
571 202
148 16
356 512
36 174
356 354
637 39
227 140
116 669
630 50
400 47
270 696
554 110
229 608
209 529
589 585
555 209
141 354
271 398
27 205
218 585
25 240
466 567
334 450
420 70
59 34
468 401
48 511
473 665
691 529
332 591
586 222
180 404
45 138
450 292
207 121
174 418
304 580
337 481
141 177
505 171
485 383
1 102
217 277
497 663
44 536
356 96
540 86
30 575
382 213
594 559
161 34
323 287
484 63
355 430
24 300
290 85
112 128
67 149
90 246
264 299
562 55
529 30
689 464
294 31
337 125
506 471
409 157
190 0
306 325
8 76
375 120
379 33
548 386
264 532
341 38
72 698
10 613
257 594
467 317
261 51
515 644
488 628
18 493
542 20
87 450
417 667
393 111
99 507
30 650
74 613
413 555
493 246
456 97
309 669
98 210
610 493
328 561
297 76
112 330
327 655
93 499
584 599
404 594
501 36
143 570
109 25
514 478
19 190
87 574
171 53
594 478
414 500
440 426
159 276
49 316
114 563
133 472
419 463
154 74
113 107
14 202
201 428
476 497
461 413
397 73
405 329
384 491
6 64
318 248
597 380
251 286
665 534
346 216
670 653
645 289
517 666
85 543
82 685
541 1
604 67
697 666
237 22
494 344
372 42
336 9
346 384
246 86
389 392
459 649
342 178
677 592
228 645
53 472
608 479
646 334
529 513
55 245
299 471
387 370
31 285
362 511
690 196
663 279
466 654
200 687
205 132
129 518
331 570
303 282
395 217
13 556
128 681
173 81
375 497
681 138
696 471
141 583
342 40
546 45
444 232
306 479
471 572
437 669
498 520
36 338
401 299
193 2
234 565
351 208
342 131
682 592
660 83
550 181
534 149
212 645
242 397
77 104
208 314
96 129
239 163
256 678
557 541
523 342
629 677
330 395
631 428
253 76
115 371
512 593
650 614
91 47
490 265
553 434
151 243
182 194
77 558
110 113
87 394
110 264
355 302
560 369
612 495
294 188
288 67
69 57
280 560
582 360
614 357
101 68
9 569
100 487
591 326
257 355
665 692
185 521
271 56
409 192
689 222
258 174
396 418
294 250
587 279
564 359
365 6
2 134
62 111
515 556
396 397
252 119
266 478
154 503
301 621
348 223
430 519
17 449
336 184
498 225
117 325
19 103
38 220
178 430
323 530
53 65
45 104
126 660
71 414
514 327
79 307
431 463
478 296
339 483
148 467
577 368
18 187
12 6
647 503
619 45
175 131
407 54
492 474
374 378
397 458
40 231
287 449
684 515
17 192
138 545
309 595
518 666
523 660
697 490
122 323
578 122
583 635
71 640
456 387
261 532
570 213
471 379
318 63
125 550
211 356
259 445
341 314
99 198
231 82
495 257
487 27
259 634
7 99
555 359
143 440
621 573
446 353
29 259
535 288
495 420
247 583
676 267
176 56
413 277
599 86
547 417
488 540
19 82
55 593
620 658
196 397
232 302
281 640
618 237
268 556
474 484
331 671
582 522
272 248
636 612
218 466
60 343
621 151
312 240
420 306
493 59
386 302
548 426
404 402
299 569
198 487
131 6
401 675
431 250
553 445
414 85
420 366
518 374
0 411
30 557
608 424
458 156
276 418
250 648
201 463
85 341
461 545
248 150
45 22
345 271
507 108
531 599
142 580
485 110
358 546
195 180
21 507
640 389
288 380
19 543
170 629
106 99
413 38
298 255
385 554
583 22
558 350
130 237
537 1
204 213
105 555
371 285
347 506
689 420
227 212
320 99
523 537
53 38
244 451
43 658
450 159
673 139
672 131
576 479
235 218
473 668
349 268
323 242
290 155
24 444
490 187
281 243
286 311
698 386
528 89
80 461
179 355
95 634
116 209
561 450
180 81
624 421
302 95
299 665
541 431
534 427
447 549
435 288
136 96
475 218
425 282
164 516
397 672
397 608
355 345
41 222
591 170
173 508
568 13
202 315
383 143
141 647
610 136
452 262
431 387
245 11
138 194
114 289
217 611
56 137
262 318
56 374
463 538
646 421
533 553
409 676
691 242
68 479
268 620
657 570
102 256
617 674
101 224
414 509
335 20
181 320
350 121
319 390
604 281
250 610
20 118
590 681
644 271
162 119
297 273
596 570
512 491
89 615
620 580
17 542
379 334
159 50
248 470
209 60
96 232
280 131
541 247
529 90
100 79
426 448
533 445
464 655
84 39
125 115
580 24
175 651
61 53
450 508
74 150
472 400
637 578
695 637
72 230
538 511
381 352
122 596
439 144
86 447
27 239
684 82
350 160
267 684
259 664
43 129
84 85
286 82
412 582
543 67
244 57
539 146
339 165
384 371
81 140
306 610
584 76
208 552
553 102
328 55
443 416
555 116
197 484
432 237
84 167
420 117
278 573
39 71
413 247
528 657
551 584
307 696
617 478
314 562
503 505
542 68
109 537
314 363
291 500
504 251
411 113
14 61
57 215
108 209
377 639
693 230
285 217
337 363
655 558
341 78
26 194
500 384
488 660
409 620
347 97
336 529
437 115
304 13
315 258
529 595
642 40
472 408
215 475
662 654
367 112
656 158
582 380
410 255
73 681
460 287
685 410
607 8
619 682
119 216
158 407
120 290
8 594
500 238
137 645
253 591
539 436
69 261
487 674
161 477
685 256
185 163
647 216
217 119
59 78
691 481
585 94
241 14
121 348
592 625
357 568
309 131
205 131
88 201
201 27
108 599
630 458
372 530
534 666
318 342
680 44
322 206
8 571
571 471
39 234
336 200
537 454
198 251
260 259
90 512
224 147
89 116
310 518
91 166
379 253
595 678
454 693
418 662
239 396
270 520
472 403
512 11
94 686
426 381
133 315
144 417
425 147
262 268
42 304
419 632
4 228
488 444
81 313
689 591
491 148
595 525
136 312
520 139
615 411
605 674
305 575
434 430
510 308
424 95
200 538
276 662
112 555
673 301
447 548
646 396
418 89
333 109
358 464
677 553
74 354
144 262
292 651
525 266
486 422
298 213
253 556
344 375
458 222
367 512
298 647
254 406
400 334
27 484
550 598
687 4
246 80
47 602
7 646
463 290
640 156
17 541
177 618
453 214
203 610
319 606
223 520
77 38
460 685
232 364
624 452
94 493
627 414
538 575
446 26
111 366
441 132
521 314
228 194
354 556
149 97
631 82
338 691
179 298
170 316
151 451
524 124
696 232
148 432
144 233
638 490
635 21
471 538
392 113
405 164
492 494
428 325
327 498
603 587
581 410
157 240
469 160
169 331
466 398
74 345
151 21
150 530
313 452
555 581
443 593
136 491
548 129
466 520
68 212
548 358
247 16
232 153
209 455
304 81
611 186
391 455
621 271
395 555
554 414
493 356
361 99
573 449
55 610
114 174
53 28
216 623
474 369
516 576
190 69
320 144
335 331
19 500
695 57
277 112
568 685
111 478
112 390
657 110
290 479
16 523
573 181
235 261
174 408
481 409
466 229
439 508
448 203
629 260
316 188
505 21
308 630
579 446
386 110
217 587
21 315
186 194
194 355
67 38
632 615
436 77
225 91
37 372
426 447
171 399
405 95
90 152
123 135
233 655
233 264
424 102
617 260
442 216
343 127
293 363
220 319
442 418
177 171
571 308
337 18
397 249
580 258
653 187
531 343
74 477
686 535
167 237
624 179
58 561
536 327
351 456
135 97
79 602
36 671
397 392
690 483
526 396
9 415
252 536
23 576
26 234
305 50
481 578
296 663
345 575
568 675
369 35
599 359
538 491
39 175
336 181
487 569
35 493
678 227
303 523
122 478
362 188
137 104
133 571
331 180
431 210
140 603
460 33
55 398
107 547
137 417
225 570
400 169
58 285
312 26
344 44
398 202
17 432
45 162
135 157
383 240
329 460
220 173
485 455
43 653
428 511
348 224
467 192
147 686
581 498
313 45
203 231
443 413
410 324
513 512
33 63
64 90
627 369
609 598
273 420
465 101
159 545
164 21
16 303
612 669
584 56
219 692
297 290
169 261
86 225
284 193
543 592
305 181
107 618
540 221
461 88
535 32
213 223
26 151
45 11
661 648
89 8
95 560
428 148
111 558
521 43
295 650
109 17
592 326
221 672
639 216
501 624
474 56
199 178
470 284
181 452
110 74
86 104
93 77
514 453
133 244
531 484
436 219
118 266
591 490
698 299
55 249
379 433
513 65
388 83
102 454
575 592
685 302
213 380
361 347
332 129
527 447
404 426
635 483
631 64
673 600
544 693
147 603
208 428
23 37
588 410
452 423
403 647
32 53
523 436
671 386
689 639
336 164
298 375
302 187
275 423
401 464
255 317
301 305
388 65
54 135
107 279
532 490
31 134
288 251
203 385
93 222
605 378
691 302
547 185
534 402
535 153
486 370
694 388
156 120
118 70
436 145
540 283
84 545
61 541
621 294
340 578
39 614
697 78
693 358
415 408
474 677
184 22
597 276
609 289
525 688
682 442
642 464
592 360
456 370
302 277
538 296
124 654
361 40
547 581
518 690
366 16
284 695
698 77
240 259
230 582
226 365
417 263
94 476
612 206
658 299
491 430
623 435
466 357
41 407
503 64
163 618
176 611
638 618
565 324
56 61
603 409
214 631
193 262
111 657
361 11
363 480
346 546
628 607
69 253
499 601
203 490
173 33
55 281
398 95
569 172
683 263
350 87
309 421
691 360
27 463
415 518
470 29
123 684
200 80
386 227
199 404
694 224
611 224
235 363
564 108
387 5
551 48
59 612
406 669
559 128
179 610
528 513
206 565
67 638
110 25
190 547
265 605
609 485
172 140
545 427
197 383
401 318
688 488
671 198
361 19
530 443
334 424
591 397
34 546
603 49
47 317
248 303
426 231
559 456
348 506
181 316
591 445
208 40
475 82
605 7
461 664
589 666
646 92
21 430
144 654
154 658
643 338
341 32
311 320
549 132
562 110
546 341
367 469
404 493
656 315
181 383
640 462
227 102
179 282
85 35
245 455
99 185
42 549
216 595
394 101
201 159
667 219
608 65
460 317
215 283
86 20
177 135
206 229
679 681
628 699
11 345
564 292
617 630
576 411
376 106
571 412
683 602
576 565
614 97
609 694
604 478
296 666
178 156
272 242
209 155
405 128
425 596
228 459
432 39
28 218
383 671
74 61
158 127
202 234
380 442
514 432
177 79
260 490
698 366
93 391
215 181
58 149
523 522
268 415
196 576
22 655
108 419
557 32
303 362
6 44
23 510
409 203
479 610
405 532
220 274
360 677
312 331
275 464
61 187
264 495
504 488
88 654
49 40
507 593
297 411
59 169
456 203
451 635
544 630
339 249
581 267
686 607
255 456
583 46
632 422
116 638
553 194
446 412
112 49
514 259
12 429
6 696
330 310
366 431
421 329
425 48
691 196
618 693
281 504
620 549
271 357
83 81
558 46
195 673
304 576
466 623
340 603
245 309
208 530
244 376
308 160
341 132
456 577
695 529
436 138
283 216
693 604
34 545
223 692
276 519
531 530
659 476
129 159
562 258
10 413
97 616
243 391
105 302
368 200
276 221
621 636
143 304
163 419
460 266
11 435
2 263
65 672
156 141
512 542
570 545
545 460
684 1
557 438
489 550
488 633
230 148
180 510
471 114
477 134
432 527
161 599
315 571
3 473
403 423
102 111
489 658
629 312
332 689
654 408
302 75
135 126
263 324
560 93
95 389
687 675
478 203
650 673
276 433
492 339
65 68
599 320
602 656
248 29
298 641
697 303
678 293
407 157
456 543
172 236
322 566
309 17
385 567
622 556
345 165
513 131
603 103
104 618
613 139
548 26
293 647
406 326
646 392
486 576
432 123
562 669
532 182
484 656
304 666
323 222
577 525
128 325
643 549
606 284
570 424
662 351
338 391
469 449
510 548
568 401
464 669
224 358
331 178
628 525
240 201
556 39
332 144
182 388
126 39
347 235
166 179
641 466
629 342
444 192
283 358
488 208
243 88
628 426
524 189
532 249
682 29
619 98
627 287
287 661
178 68
256 110
642 68
55 111
152 32
351 301
503 234
538 269
588 55
228 479
404 75
578 26
563 49
688 652
377 279
206 576
271 583
507 603
41 695
449 78
535 391
191 583
44 113
606 334
281 258
669 100
582 644
635 673
402 457
399 358
695 154
168 368
160 116
602 44
331 461
693 100
141 512
295 125
127 558
503 409
220 131
691 536
547 408
558 184
385 548
303 88
314 304
524 31
608 250
371 283
675 534
110 690
412 683
333 57
517 186
460 410
667 376
302 485
114 161
278 617
390 329
182 657
431 393
188 471
391 296
194 495
369 669
