700 2700
471 16
616 103
668 685
69 112
443 534
563 123
195 271
389 639
493 481
222 53
117 66
611 563
498 487
318 317
653 50
430 509
502 15
105 413
82 528
307 214
449 481
523 179
269 166
665 197
281 634
540 310
608 224
21 431
211 370
680 522
612 234
576 11
644 13
317 386
645 283
182 292
222 367
194 575
190 198
354 481
422 321
117 402
561 460
698 671
156 217
605 406
236 41
604 359
641 674
7 121
570 696
223 554
514 349
282 502
246 519
601 275
156 630
476 296
236 212
537 395
293 222
561 339
516 357
31 457
95 474
587 466
38 696
585 684
366 699
666 355
680 489
113 455
415 191
335 423
171 507
170 318
341 353
291 444
11 439
526 557
69 159
524 247
529 116
181 351
539 120
455 560
178 509
626 133
523 252
216 239
227 62
644 585
638 484
580 277
605 137
550 477
223 166
444 526
12 3
657 539
379 410
446 168
588 422
669 619
345 193
386 473
199 184
641 15
144 426
283 139
256 647
666 300
214 379
596 533
315 431
488 435
590 542
468 351
287 526
565 30
492 455
6 477
305 354
20 666
566 66
75 463
553 470
93 403
0 523
306 580
597 205
505 352
382 453
224 169
240 19
591 122
622 677
223 174
109 386
615 460
382 71
338 353
669 74
680 204
39 218
135 433
517 432
288 652
567 65
211 588
224 360
356 17
336 512
277 7
39 392
492 204
171 330
202 653
323 635
147 443
72 56
411 388
327 101
245 450
321 184
599 168
131 526
139 48
587 471
522 225
553 615
537 346
527 252
257 123
606 321
208 125
90 109
160 436
8 456
322 30
226 655
193 21
367 174
670 636
158 40
656 462
604 634
461 154
630 310
171 351
233 77
694 504
584 84
500 588
162 89
458 533
36 58
468 428
532 414
696 277
488 80
619 128
421 568
671 581
483 2
223 374
543 656
165 644
518 205
423 201
187 98
25 47
494 245
341 566
55 588
394 232
127 356
339 467
380 68
457 28
694 528
260 303
654 565
524 153
553 381
422 442
459 206
468 577
465 13
50 393
162 217
262 55
346 138
256 601
177 319
506 464
198 644
145 531
570 233
87 245
276 600
302 562
498 148
602 389
29 450
261 275
662 683
134 453
487 525
634 102
261 256
197 459
281 501
108 562
280 87
463 134
330 361
598 521
109 622
175 458
604 119
165 650
404 518
316 359
229 638
120 468
60 299
373 394
389 21
478 307
634 563
269 135
77 352
383 686
130 248
118 597
501 209
278 87
247 477
529 246
26 386
129 209
484 189
14 262
108 274
185 620
299 272
564 546
399 4
120 419
169 424
554 237
479 26
329 616
187 270
120 152
190 417
675 332
441 313
332 356
193 290
68 537
20 92
254 640
251 565
152 166
423 471
15 578
0 503
621 402
572 457
84 247
606 694
145 539
365 422
0 330
301 454
553 482
97 619
259 176
303 287
317 543
244 610
40 460
172 57
160 46
622 523
654 535
651 10
236 181
197 564
212 95
471 112
627 486
585 420
323 601
275 196
331 276
335 434
677 635
414 160
358 254
378 217
114 164
507 635
665 305
238 453
629 211
91 166
13 47
375 180
689 388
431 668
465 583
434 588
506 198
33 174
220 633
281 261
297 624
386 299
114 563
366 582
427 674
71 2
397 469
485 224
529 233
499 444
335 602
429 534
540 330
429 420
682 267
265 226
482 303
341 32
104 392
614 409
586 453
157 269
573 410
570 579
38 411
446 637
330 482
341 155
272 59
343 266
461 10
0 541
430 652
494 322
250 593
339 318
506 638
412 463
218 469
333 331
605 247
574 551
532 378
661 296
230 593
257 640
543 238
8 61
416 260
151 17
402 173
561 13
456 350
133 378
344 105
681 329
443 20
397 450
243 567
552 204
13 555
110 265
693 372
573 45
406 424
594 70
205 595
437 93
411 162
680 697
227 10
118 224
286 255
644 306
389 534
554 100
279 176
568 542
135 488
100 295
404 101
40 4
529 364
405 459
244 461
364 291
128 43
428 504
396 114
200 218
475 673
215 303
42 640
595 546
585 353
470 257
590 160
562 393
653 226
678 492
687 239
547 204
639 161
476 295
150 436
543 171
436 158
477 609
439 140
633 379
216 149
648 487
138 227
289 109
506 647
626 288
220 143
394 402
268 209
213 208
67 373
572 696
393 277
308 198
401 514
575 391
275 234
317 79
692 46
50 485
111 628
118 448
612 405
641 81
362 585
449 617
634 323
241 638
540 469
664 111
413 361
133 549
598 547
484 652
307 615
344 169
1 335
181 64
102 167
637 336
177 494
575 555
140 300
303 549
519 537
514 206
55 142
191 108
653 107
229 674
138 616
426 430
622 82
501 34
365 204
608 512
440 620
656 525
594 618
25 342
406 303
330 418
186 377
257 96
160 324
665 37
429 163
682 28
148 321
430 202
639 258
572 195
357 172
162 657
206 471
668 530
68 456
287 138
648 448
531 632
152 634
312 554
320 215
154 347
459 227
90 478
233 173
128 266
102 515
477 117
366 350
686 542
587 42
170 25
364 205
295 444
643 430
102 293
29 421
655 344
78 107
523 338
140 539
311 235
324 478
193 316
545 630
534 482
464 600
589 494
535 58
218 395
683 458
203 150
92 130
447 609
116 641
685 109
215 605
17 509
558 103
623 239
606 451
116 142
327 89
335 77
510 613
621 407
300 121
629 501
378 612
668 123
632 640
614 688
338 491
5 377
436 660
276 468
270 459
58 415
457 298
4 445
459 241
6 451
528 603
369 539
435 326
599 146
368 622
423 628
574 213
416 522
379 22
228 174
88 177
350 284
330 21
153 145
66 165
650 579
140 44
604 62
103 114
226 314
196 151
546 283
365 620
223 283
326 11
156 237
115 129
259 624
184 465
204 357
425 605
210 30
684 211
320 139
586 371
586 504
490 409
445 649
105 328
377 634
507 275
552 506
357 549
242 113
73 162
277 254
172 664
423 171
610 593
314 541
391 363
280 212
470 35
144 287
105 25
279 304
120 98
504 527
630 89
100 564
342 552
15 56
191 502
271 205
418 496
306 508
103 385
368 155
693 443
623 33
475 212
511 649
350 78
474 347
65 356
593 133
497 552
546 437
3 268
111 159
459 387
186 239
70 111
271 452
7 167
231 409
632 236
568 8
427 226
537 697
97 313
686 505
191 233
345 486
82 619
346 504
696 174
639 139
301 281
460 183
535 264
200 253
668 78
595 63
360 449
517 535
142 353
219 541
502 696
645 127
420 325
528 437
140 163
314 186
624 499
35 420
422 162
229 646
306 29
227 520
224 419
572 182
363 358
261 30
540 650
93 593
310 650
502 557
606 149
52 65
697 571
640 468
527 347
137 14
403 135
90 443
510 355
210 331
455 423
159 327
154 446
123 612
270 504
567 414
441 365
206 487
43 207
335 605
6 490
128 13
251 170
57 559
99 424
164 400
451 267
533 19
143 486
4 147
248 63
233 336
648 84
505 105
195 18
279 372
200 318
249 419
121 178
421 305
195 221
102 276
8 547
460 62
458 345
198 187
381 492
588 53
475 195
205 319
631 688
618 698
361 116
306 445
453 557
253 41
592 250
567 648
598 273
32 320
657 108
19 64
567 509
567 683
161 65
292 477
681 108
541 697
189 110
697 647
601 436
204 660
89 10
406 256
99 158
457 593
357 453
99 12
50 345
39 427
533 578
350 348
519 355
364 471
626 699
593 279
156 685
316 14
117 511
107 422
397 637
343 21
485 148
650 79
243 374
138 379
579 399
58 582
379 632
226 74
148 604
130 336
72 464
162 128
511 378
382 597
68 538
560 692
247 134
25 550
347 694
423 636
515 19
529 421
192 138
674 231
465 388
264 607
267 624
249 589
583 253
529 397
405 453
429 599
155 292
250 42
623 521
431 566
574 189
320 37
649 485
514 612
100 109
211 218
410 385
604 669
662 481
322 418
135 441
695 442
152 369
202 472
187 385
527 318
312 661
456 109
563 315
442 504
129 526
89 463
535 506
617 393
551 8
83 571
304 648
587 195
455 66
24 631
614 485
512 401
384 170
279 507
629 488
673 498
8 49
71 567
656 181
42 429
72 699
169 374
348 394
658 18
655 181
298 458
507 57
22 684
285 524
226 167
62 80
608 679
136 151
595 659
469 174
40 303
501 669
462 501
350 451
417 554
642 321
317 350
40 450
278 689
685 203
539 193
699 415
181 517
99 237
469 371
621 457
166 332
109 546
531 99
33 448
563 669
352 696
547 156
199 651
334 108
464 266
383 188
526 227
602 646
126 323
531 693
24 262
395 588
217 627
275 44
483 627
127 65
433 316
374 422
154 185
451 209
349 574
332 588
31 430
92 600
238 161
0 313
82 230
187 218
198 382
680 254
464 179
308 435
141 28
515 481
509 41
35 276
607 125
264 314
334 558
567 646
419 397
304 592
430 666
292 497
232 520
274 425
468 375
102 44
13 500
64 201
305 602
340 232
315 152
608 449
216 605
405 107
49 26
162 574
43 522
256 164
210 394
490 592
371 511
257 356
96 296
133 685
644 90
50 7
419 567
400 524
65 236
109 265
633 244
329 350
69 105
102 71
641 351
414 326
526 622
115 414
580 130
275 392
21 308
34 316
480 368
400 415
672 155
627 352
62 190
22 491
593 288
249 642
540 237
38 33
457 40
668 295
642 497
28 3
372 510
138 567
251 0
403 552
411 277
360 195
594 448
106 377
449 451
462 210
676 375
382 551
694 50
483 13
461 405
541 647
29 240
220 451
526 433
208 245
624 599
93 564
675 145
537 525
675 8
284 601
447 668
336 405
275 665
69 238
57 167
29 493
100 265
503 444
101 20
217 332
406 210
291 352
548 694
424 162
503 106
649 499
78 576
133 258
315 33
57 620
343 643
451 186
311 552
388 581
170 186
66 492
600 647
206 659
179 459
200 666
30 693
684 164
463 259
376 14
519 166
119 631
600 478
282 478
138 178
349 395
521 391
325 175
304 654
487 381
373 151
398 238
472 649
8 483
574 486
66 378
260 121
467 429
639 485
67 304
163 445
94 206
9 582
357 52
502 530
161 56
443 585
379 409
431 54
591 328
684 669
693 435
171 96
346 382
181 323
675 208
120 168
663 55
263 476
535 331
240 672
494 178
230 370
409 647
308 372
350 306
553 450
145 405
618 330
589 605
254 224
325 493
144 658
81 612
287 372
671 469
58 426
567 676
681 25
626 559
637 198
276 636
288 104
121 471
590 209
83 549
208 309
46 308
383 557
535 568
36 347
21 321
478 285
663 234
172 608
429 395
663 276
104 332
332 240
397 452
61 674
286 493
293 470
394 622
362 423
439 271
278 694
8 423
201 603
217 467
7 115
390 582
189 46
117 458
82 32
276 101
463 583
379 614
32 658
566 387
524 627
590 229
213 608
450 431
194 133
172 530
455 667
448 21
171 636
327 574
351 416
553 552
55 227
664 696
559 654
383 506
697 207
578 610
455 264
396 12
55 536
490 431
229 443
227 462
675 404
578 589
667 362
170 598
174 359
538 607
364 493
509 574
616 108
453 363
651 64
286 289
667 5
371 251
390 451
375 402
17 623
557 294
392 389
81 561
450 134
183 71
358 149
479 513
586 163
185 370
281 284
120 467
146 134
624 159
693 632
107 86
178 609
587 22
172 500
598 201
347 540
434 455
684 466
616 530
200 622
627 330
612 454
500 461
365 65
512 669
352 530
114 310
553 428
107 323
633 247
684 475
521 353
665 459
538 383
174 397
447 55
2 59
158 271
548 689
331 475
598 233
568 27
465 462
56 466
318 10
560 218
549 551
697 132
109 564
8 650
570 196
184 159
461 451
184 205
490 460
179 642
306 540
550 199
131 692
548 210
568 557
84 636
570 131
538 159
377 242
133 426
384 240
509 548
490 436
232 452
660 191
507 557
98 651
626 678
2 664
85 337
12 186
242 405
499 514
357 202
564 585
178 519
619 25
303 536
561 220
637 261
34 42
558 77
280 340
628 395
345 322
539 562
31 382
433 565
472 282
611 201
95 468
697 148
0 352
360 560
677 349
461 356
327 220
163 205
328 115
369 692
677 2
377 198
263 64
630 330
367 489
365 452
302 426
583 314
376 451
193 318
596 470
295 559
374 415
426 488
110 402
11 417
600 4
433 698
141 196
227 248
146 62
284 275
63 336
149 243
3 84
475 669
1 45
416 395
198 481
23 611
224 12
528 626
307 688
122 376
541 427
139 330
622 565
670 496
162 167
8 613
396 191
505 292
506 394
680 57
6 589
213 215
492 283
332 175
279 672
6 659
389 323
474 687
183 309
338 29
365 15
248 246
488 350
384 202
394 511
299 335
273 456
386 591
127 491
180 122
167 283
550 302
644 6
623 0
495 247
168 30
89 435
529 85
182 635
448 662
600 48
110 546
348 35
70 438
612 295
303 278
182 361
467 283
462 534
290 314
412 340
593 630
308 135
591 202
83 153
331 617
408 392
66 54
240 469
668 374
138 250
246 469
38 18
354 572
326 127
481 69
15 69
528 498
330 637
303 195
195 676
562 96
278 617
14 330
127 91
646 289
486 418
180 22
658 104
163 534
398 563
289 443
583 372
398 481
258 577
356 58
39 225
599 162
498 287
114 180
440 414
494 581
195 459
676 564
596 555
413 686
506 517
349 67
12 335
530 192
537 12
476 291
255 488
627 256
682 49
264 33
185 627
572 433
22 527
313 436
434 374
645 91
588 327
541 263
591 20
112 305
311 174
654 218
102 150
290 320
568 135
288 641
56 76
571 485
293 313
489 360
581 139
164 541
558 48
604 151
507 210
110 447
414 465
92 557
634 659
195 441
197 187
98 391
389 400
644 51
57 406
561 76
394 491
182 132
270 613
584 228
504 179
238 231
175 137
200 595
279 660
471 338
558 616
211 514
179 236
633 584
265 48
33 524
352 353
28 282
674 194
689 653
226 661
218 629
478 233
205 673
330 340
420 678
508 29
184 581
192 320
310 653
200 277
135 107
528 213
415 440
79 277
247 555
608 92
575 150
473 123
411 34
263 7
414 362
459 190
178 193
438 200
337 53
267 359
156 442
421 274
24 385
193 109
77 554
585 588
142 224
222 228
212 414
110 213
274 318
118 413
375 250
290 510
252 676
427 57
614 325
340 672
317 258
548 231
334 23
234 244
647 505
635 66
346 124
521 114
511 41
46 416
655 514
641 345
564 646
169 593
321 205
248 92
23 562
229 696
280 293
668 534
587 140
411 264
260 659
151 131
671 92
175 586
49 465
196 82
274 124
403 165
689 75
416 478
612 283
359 648
686 305
228 503
572 157
135 489
520 127
80 384
452 130
140 582
57 472
122 29
106 96
61 598
662 438
251 442
6 336
542 546
59 433
683 119
316 265
60 129
669 568
53 528
151 642
588 214
282 332
380 210
393 328
368 420
79 380
646 313
325 653
124 517
623 142
670 237
200 192
188 483
429 63
595 155
694 311
157 283
163 197
584 482
533 436
623 36
43 296
192 154
288 359
265 76
101 236
16 65
284 615
133 107
2 586
211 103
20 381
354 109
400 35
362 176
105 128
678 223
473 482
538 566
322 236
413 433
256 577
317 347
244 155
40 177
592 442
81 690
54 138
238 331
209 8
554 643
312 592
514 433
565 494
144 186
227 185
348 242
699 166
282 664
183 74
26 295
391 579
237 161
562 333
394 246
178 407
360 619
559 363
470 350
364 455
496 265
240 614
333 657
678 676
671 115
393 656
565 59
18 185
674 609
180 272
554 306
210 19
403 439
393 84
83 550
556 606
660 310
252 276
399 138
511 520
660 167
609 646
337 139
35 556
592 122
690 688
148 230
467 555
581 590
188 58
92 280
509 112
417 46
474 43
440 262
137 273
624 531
401 17
8 500
511 640
3 15
355 526
165 495
66 298
610 681
376 61
373 85
238 600
647 185
669 439
380 353
180 306
230 517
119 619
502 334
575 578
658 109
327 282
242 421
381 46
468 506
65 688
447 558
531 412
145 575
275 631
569 176
178 460
524 166
83 123
33 162
474 254
116 486
165 380
329 318
327 372
46 154
74 297
354 673
280 630
681 580
32 636
111 674
500 544
36 407
688 448
348 27
590 195
155 223
540 139
676 85
355 625
186 535
179 66
58 592
538 188
19 605
255 108
133 294
297 417
47 604
53 492
431 646
364 505
461 637
274 321
68 284
169 497
27 53
275 137
211 656
299 184
502 327
643 107
461 37
154 538
467 637
403 560
468 411
166 387
587 672
98 63
415 1
128 492
509 199
215 674
113 96
630 240
358 412
532 209
499 22
177 73
693 578
156 345
471 52
5 73
150 509
587 369
280 660
425 613
364 407
307 154
256 223
81 502
24 299
50 445
640 353
587 126
54 203
307 349
88 424
632 118
26 232
461 32
121 84
37 272
238 212
653 348
618 622
392 118
212 646
366 498
488 605
257 177
657 200
281 502
565 120
298 505
31 642
176 528
591 650
373 518
497 400
313 507
444 699
251 282
655 332
40 364
411 270
598 503
396 443
181 310
670 437
216 71
397 655
5 358
597 472
123 399
285 227
148 201
243 185
444 152
610 361
268 508
91 362
581 284
208 514
443 99
121 375
210 113
482 461
267 346
489 283
30 204
440 5
446 148
168 53
183 436
284 185
658 594
474 47
260 261
417 302
439 24
125 51
545 655
58 490
413 165
268 175
279 201
160 483
432 653
310 584
433 219
44 360
641 5
527 473
145 272
77 332
541 510
668 583
54 690
562 268
623 607
340 181
377 368
699 265
140 392
373 418
610 698
132 191
353 631
180 669
348 558
637 337
601 479
31 259
657 414
573 641
429 106
662 110
223 405
474 105
440 118
37 329
503 590
139 445
554 30
41 272
460 95
55 374
673 490
36 143
353 251
24 474
98 193
413 258
272 60
385 476
684 47
81 505
416 78
51 399
465 531
336 459
389 415
596 622
446 232
144 553
438 346
652 257
141 394
566 642
561 335
252 237
546 48
629 457
127 467
87 656
222 278
291 133
517 87
271 501
205 21
473 215
101 193
417 391
669 569
281 522
326 130
188 330
266 105
383 486
505 401
654 281
395 143
219 12
48 341
357 62
375 643
526 26
367 218
691 292
222 312
100 517
202 210
532 590
47 269
474 676
405 481
333 351
214 212
675 574
127 444
122 475
262 10
497 175
67 403
89 246
522 82
240 260
523 510
33 234
375 72
614 662
118 307
480 386
90 71
132 269
666 373
632 331
666 410
99 219
339 672
354 501
1 467
33 465
559 157
456 29
489 476
275 103
3 280
395 135
635 54
391 633
157 523
58 193
357 557
333 174
482 359
25 539
265 615
170 87
459 252
551 188
353 518
370 646
101 331
203 267
300 116
567 197
614 349
8 671
232 111
428 369
272 215
448 263
36 523
210 490
196 548
630 544
91 581
626 310
185 288
182 434
155 230
179 62
341 184
408 676
639 284
516 299
478 154
553 251
516 614
414 568
640 425
675 234
179 522
344 70
341 422
66 308
162 271
645 658
375 337
57 346
238 626
256 431
495 684
316 670
26 56
358 508
191 671
53 82
619 375
188 46
112 217
221 647
549 96
431 636
463 649
141 384
608 520
101 355
441 462
424 473
51 334
360 98
654 30
24 339
161 244
340 646
672 287
529 381
529 78
295 606
247 271
435 128
452 392
266 369
379 139
109 556
85 424
37 14
177 536
166 698
33 444
509 400
542 135
397 403
500 125
481 76
101 427
272 364
26 35
420 233
242 350
630 476
319 161
35 327
322 586
45 357
688 676
473 200
183 567
279 169
407 52
490 569
542 283
69 426
533 397
199 12
430 200
662 456
432 147
427 41
502 445
418 326
316 41
561 282
617 319
189 669
120 498
466 201
472 76
554 386
269 255
502 14
30 393
272 390
2 645
685 56
469 32
500 61
57 483
556 431
127 514
587 41
343 230
19 111
212 82
297 214
258 401
670 459
329 649
384 610
14 59
312 290
640 224
409 567
639 665
384 601
544 347
20 143
628 692
578 101
620 305
469 465
646 86
602 504
323 676
656 564
533 540
465 326
630 370
37 155
543 157
360 184
129 337
27 663
508 37
665 243
562 37
261 123
39 70
296 169
623 438
442 165
56 0
265 568
412 291
148 150
672 296
235 595
221 454
544 594
227 652
432 321
425 494
612 114
236 229
559 531
85 629
688 680
588 429
44 39
80 35
419 624
37 222
349 241
140 101
648 126
525 622
490 360
492 256
128 275
650 156
366 58
434 104
259 188
429 549
322 290
398 14
694 28
600 119
241 669
434 373
382 41
474 312
309 304
514 286
307 428
528 232
490 334
254 343
329 325
161 439
516 7
217 685
356 681
598 171
96 456
243 1
114 195
646 317
604 591
63 157
89 599
101 457
349 590
218 675
127 287
669 519
680 286
140 110
446 283
644 489
143 327
389 644
303 61
272 236
588 615
567 687
288 80
298 481
7 578
361 652
495 187
688 420
267 334
89 396
517 253
646 515
6 367
626 394
105 87
51 321
582 463
273 179
382 456
642 10
341 95
391 624
546 247
104 315
670 218
557 435
603 208
357 165
20 81
53 158
406 130
564 176
523 38
382 553
352 204
698 595
508 379
573 587
569 35
282 133
640 75
391 602
488 180
321 139
120 27
684 598
502 568
555 117
571 132
148 205
242 564
343 276
120 445
45 585
668 24
625 515
193 148
629 435
17 532
124 33
397 367
129 663
101 173
104 577
506 417
333 547
540 381
216 435
559 693
654 397
403 1
479 321
277 474
208 611
252 660
75 204
498 623
681 447
292 422
44 38
326 304
124 281
522 195
242 265
178 141
679 619
580 652
546 618
342 451
239 355
371 626
247 640
87 611
550 595
303 404
15 616
115 87
365 447
539 222
251 508
308 293
431 90
25 564
325 597
26 197
535 444
627 684
52 390
52 515
238 274
576 344
618 65
492 343
245 358
279 224
180 278
175 14
195 555
695 16
493 383
646 201
626 303
274 255
494 46
502 210
54 243
294 299
497 271
326 568
469 553
603 294
536 498
558 678
492 682
333 473
388 161
42 372
121 514
136 2
277 209
214 140
419 325
137 217
686 31
411 121
306 119
372 363
135 142
133 394
589 107
668 264
70 652
294 498
463 132
244 7
313 36
52 211
251 669
67 79
681 233
291 393
425 533
164 300
117 333
53 202
622 160
473 339
531 150
45 513
168 413
95 298
594 471
663 668
448 633
187 658
357 404
391 204
353 500
200 567
547 401
441 400
593 649
175 687
90 637
166 674
626 289
347 68
365 122
666 292
531 248
248 509
342 664
507 11
173 415
375 365
29 411
449 492
93 420
651 691
237 358
361 200
141 37
170 415
592 380
653 506
304 327
484 507
671 20
493 448
112 474
410 425
668 392
650 458
381 54
301 652
669 536
504 168
158 127
217 561
11 50
361 62
423 509
244 505
459 214
671 285
292 301
471 622
141 307
16 357
124 634
119 169
508 213
656 3
632 252
247 164
384 464
533 394
381 404
129 109
454 74
139 399
168 564
483 525
531 514
203 662
302 272
8 42
177 94
433 324
542 328
504 557
651 390
391 478
652 193
350 93
572 548
623 98
69 691
385 672
541 236
336 437
666 46
583 367
190 259
517 618
335 336
666 474
525 698
689 103
337 409
108 400
644 632
162 4
568 227
489 492
352 649
320 593
264 181
284 92
200 482
660 607
26 370
50 276
608 575
538 247
187 612
277 651
306 55
501 123
359 519
338 68
288 690
302 608
630 346
485 590
51 191
161 202
306 220
91 10
648 392
5 216
664 625
251 260
392 680
124 34
226 150
134 162
293 694
267 419
419 310
557 37
593 393
649 587
480 375
441 193
185 377
59 22
341 635
488 283
145 280
139 161
58 503
109 360
213 305
223 686
186 487
293 24
132 572
669 101
276 356
328 575
502 487
596 210
679 458
696 682
429 586
302 573
74 30
606 491
182 675
490 505
357 354
355 466
13 424
409 557
385 283
675 316
284 33
598 95
481 224
360 94
139 156
651 243
546 694
34 218
655 194
38 282
20 498
310 263
293 500
101 93
259 395
480 402
182 294
545 147
600 1
588 524
54 606
