700 1800
193 458
649 482
64 542
649 651
287 423
361 488
257 587
170 491
448 126
602 222
625 637
167 494
532 619
506 671
37 235
615 310
409 375
573 542
356 285
482 381
193 115
568 666
435 491
12 108
141 345
49 121
437 525
64 642
606 238
399 495
279 182
349 343
604 191
9 607
581 506
259 105
130 89
681 122
569 542
42 152
487 500
17 596
654 4
662 433
212 406
566 228
459 283
2 365
373 501
89 396
385 654
502 611
341 483
577 316
689 430
639 144
586 161
622 292
319 236
409 241
672 296
210 387
421 292
240 147
304 607
609 449
236 313
56 447
322 326
621 344
646 260
385 69
451 228
108 589
230 511
335 483
117 394
264 496
410 161
343 37
410 297
204 523
10 171
548 420
601 24
567 447
535 486
231 284
571 398
140 13
476 67
208 262
339 160
655 359
217 314
529 609
101 403
558 502
132 511
49 195
173 104
552 464
614 326
282 125
574 40
215 218
677 515
144 691
626 107
310 267
444 90
343 193
486 298
34 339
208 404
429 290
668 168
414 374
86 559
327 68
76 505
29 271
191 33
320 528
258 698
505 604
241 231
468 606
102 140
207 92
511 681
202 688
642 172
472 153
629 523
504 233
340 422
160 280
698 59
204 129
116 673
61 360
182 317
238 298
610 53
245 370
305 132
575 266
225 286
364 32
381 697
245 104
526 93
480 327
13 664
557 585
320 175
491 246
350 469
353 322
328 369
637 288
248 563
240 368
505 689
404 80
20 252
338 399
399 260
390 31
101 548
396 659
446 202
589 675
696 186
471 389
277 332
694 655
337 194
697 309
51 107
89 698
377 646
528 103
269 523
313 15
348 16
349 127
108 20
128 346
96 664
404 50
135 325
445 635
671 441
13 364
136 52
696 82
18 468
668 128
312 259
664 102
545 147
477 120
27 133
94 594
242 218
464 509
326 621
644 209
418 201
184 399
484 12
320 386
121 679
41 87
243 504
549 601
5 311
134 360
617 326
535 100
323 512
350 476
570 239
689 517
596 642
422 535
132 461
644 120
502 392
176 89
192 509
301 335
13 218
572 612
135 48
580 586
429 245
152 80
381 582
508 622
404 583
566 420
519 188
154 696
644 192
279 522
630 428
316 210
118 363
301 199
680 135
218 416
23 567
645 530
380 524
260 496
48 148
641 464
94 123
237 35
356 42
360 392
566 669
581 543
36 87
411 613
511 531
531 44
654 20
26 393
0 534
490 458
528 322
70 171
257 445
162 545
454 535
447 23
620 93
114 82
635 9
398 213
562 191
192 123
507 649
516 214
166 284
689 510
387 89
540 229
414 630
565 225
102 35
139 160
496 347
13 409
414 680
667 206
27 404
456 126
416 317
121 653
318 112
619 697
221 84
605 515
593 224
265 174
415 265
640 78
171 345
364 134
677 499
10 126
132 97
38 420
657 464
114 445
206 146
273 435
488 670
32 353
55 673
22 147
428 614
101 611
59 682
621 526
344 257
624 30
550 476
140 473
503 367
480 198
437 498
119 355
233 621
364 302
695 546
593 384
247 435
669 206
196 606
122 299
634 60
356 612
124 567
656 433
166 578
619 633
467 263
174 665
382 477
62 646
76 146
268 217
524 373
530 22
655 361
402 4
201 80
686 634
545 133
586 174
66 113
340 464
294 31
75 530
240 250
136 505
98 675
65 326
433 411
188 263
246 472
663 390
407 261
370 207
108 332
256 594
387 374
256 236
27 277
291 525
652 381
609 339
485 19
416 649
303 175
142 6
215 597
610 6
230 560
110 622
86 567
224 300
517 515
532 269
175 186
676 265
333 320
489 10
128 281
158 422
373 506
60 199
391 245
269 538
443 589
105 118
16 354
346 635
146 609
113 532
321 375
82 241
323 186
104 3
671 295
442 104
6 456
260 509
76 109
529 424
2 28
482 657
152 510
495 200
140 138
287 219
441 268
574 7
147 479
288 69
529 420
508 484
57 694
24 440
0 445
383 255
523 393
188 195
171 688
693 67
519 256
54 610
86 540
552 155
647 217
309 645
154 382
680 139
625 494
263 512
68 447
621 378
631 522
607 535
573 241
319 215
652 238
589 86
227 412
524 324
93 686
502 551
68 255
387 593
87 292
285 666
658 451
524 698
420 158
405 342
439 650
672 120
233 547
584 461
137 680
311 522
356 461
628 246
516 577
456 316
211 569
499 426
372 323
448 680
506 173
305 252
451 540
258 189
598 336
201 194
557 403
234 86
58 45
614 481
444 591
61 176
601 234
361 331
160 546
54 150
586 251
648 618
562 233
17 390
397 305
431 517
648 248
509 216
620 434
294 398
162 70
330 141
471 215
454 440
440 77
6 26
278 309
249 222
110 501
241 622
583 97
663 226
121 260
521 557
478 621
110 512
620 674
572 345
285 655
531 438
428 224
641 364
604 663
322 681
349 399
97 662
635 398
205 474
175 685
410 135
42 310
517 622
11 229
233 389
534 226
151 212
112 172
608 313
90 465
91 466
548 597
459 0
178 673
523 474
380 99
655 530
333 396
182 108
382 571
191 594
47 690
676 504
373 489
332 528
431 127
274 507
391 610
477 96
337 370
254 693
301 45
679 60
132 437
179 103
72 381
4 625
428 33
625 561
13 585
166 563
381 481
637 224
626 540
652 50
202 425
404 690
32 664
159 614
501 423
611 439
605 7
330 539
336 607
271 441
323 592
189 350
697 383
509 685
252 124
329 442
509 53
196 346
302 155
264 14
609 464
516 20
470 316
52 422
210 49
2 340
433 612
78 675
485 433
50 657
419 471
327 78
609 364
439 474
197 685
519 481
350 57
227 648
467 683
657 696
639 306
170 194
428 205
636 609
670 644
658 485
599 355
375 428
563 231
43 340
697 615
5 57
286 147
403 523
286 658
311 352
226 4
159 138
524 673
474 30
172 638
343 364
55 523
456 264
229 134
146 21
107 522
186 652
5 225
307 558
293 687
501 129
6 578
51 260
18 436
282 198
216 278
575 213
213 513
270 544
567 285
380 335
465 564
360 476
450 448
471 248
145 561
394 314
428 542
579 449
503 209
441 227
488 434
327 475
153 237
492 85
125 666
643 133
254 621
620 40
469 498
568 298
7 325
217 347
579 599
73 366
392 183
251 261
550 487
531 695
674 108
216 474
469 401
258 576
685 167
171 394
470 413
610 222
367 409
164 215
637 450
269 220
284 602
401 64
505 566
343 553
284 392
635 406
674 450
133 213
503 699
492 524
396 155
178 322
278 627
202 492
393 483
119 472
542 384
667 596
226 114
434 209
583 626
347 661
219 369
437 113
235 51
616 277
372 90
476 254
565 67
329 11
554 172
675 686
128 531
452 138
7 75
383 416
425 435
525 585
545 671
532 636
530 585
120 260
248 593
208 512
318 497
369 140
159 178
507 145
118 697
546 46
417 433
292 630
392 79
663 161
276 229
232 366
394 478
156 90
670 341
619 94
243 582
633 287
373 205
87 93
285 413
371 515
74 450
504 673
220 673
651 518
496 361
555 464
175 393
521 231
441 575
669 236
531 674
231 254
610 276
443 225
128 667
244 153
349 672
390 475
620 563
160 221
209 682
419 306
343 118
479 445
194 354
402 376
228 529
172 678
286 301
93 414
663 139
614 694
577 405
86 80
516 299
151 608
34 469
102 87
660 609
158 473
689 692
514 128
383 221
689 374
507 142
685 134
442 483
83 588
77 589
490 96
315 602
155 433
439 245
384 676
421 36
539 512
258 53
476 355
63 421
463 539
203 688
166 150
450 256
265 618
422 592
391 682
573 64
95 291
169 179
522 591
580 181
607 114
437 186
444 157
84 205
156 421
595 141
324 116
186 307
492 525
559 311
493 627
36 234
522 500
670 662
197 283
688 263
651 282
51 250
102 457
456 49
328 129
261 282
593 410
558 265
269 169
331 216
565 632
560 128
335 164
592 11
363 192
242 465
298 542
645 605
496 389
244 461
345 173
127 154
381 684
227 327
569 434
193 248
256 675
598 224
275 500
373 662
594 389
486 93
36 582
193 602
564 53
630 235
682 89
31 220
510 520
475 370
496 675
168 358
357 240
611 273
493 35
566 527
542 416
86 295
200 4
656 687
102 419
222 171
635 477
672 650
595 652
95 676
456 654
296 660
291 46
405 352
320 82
293 539
258 243
539 203
448 302
26 471
690 458
100 306
544 204
284 491
139 561
625 85
681 660
214 196
594 693
201 222
619 537
259 307
679 319
217 293
579 655
330 296
215 675
267 496
352 158
381 513
7 450
566 403
377 14
594 567
361 517
261 529
647 414
122 269
120 457
253 583
598 356
170 403
154 227
635 438
58 407
81 208
247 143
126 608
681 519
282 611
602 340
494 253
377 172
694 684
168 144
263 628
546 320
248 210
47 530
216 207
352 363
425 48
504 690
197 76
237 362
142 698
541 5
403 457
523 305
274 102
131 17
12 17
264 354
101 206
511 471
603 619
310 495
390 673
451 234
408 173
83 298
675 651
272 138
549 21
169 187
84 369
29 433
419 560
668 546
157 87
222 634
248 524
581 427
53 168
470 69
555 391
447 80
668 48
416 97
374 116
114 319
107 75
613 229
688 229
651 390
554 165
452 543
273 92
501 630
547 145
572 548
693 530
130 73
239 490
152 331
472 551
520 568
480 572
149 315
142 352
362 292
310 34
42 664
488 408
151 235
688 440
135 54
554 599
328 392
462 499
98 35
408 102
643 283
540 145
505 229
279 429
133 42
557 560
185 601
572 272
278 177
121 347
424 389
105 197
146 586
591 662
116 280
375 113
12 343
488 79
193 329
561 403
603 230
153 294
210 99
445 4
524 563
563 287
397 325
263 444
201 302
508 668
544 252
424 301
123 370
568 656
508 89
600 248
25 321
507 390
571 418
306 290
623 73
5 240
41 262
35 232
61 20
288 72
401 400
503 67
591 459
649 339
319 486
362 264
483 683
448 95
190 66
1 592
399 598
178 242
523 589
549 57
495 164
675 623
617 131
372 222
225 229
306 466
666 539
624 451
617 53
649 95
471 33
416 577
43 654
17 135
434 43
686 622
492 162
517 345
547 353
655 97
494 600
413 422
540 334
415 553
311 135
475 680
558 100
87 465
549 585
323 312
570 452
420 667
617 14
245 581
600 283
131 44
680 54
263 670
606 259
18 374
118 130
344 162
528 468
32 152
126 613
636 313
440 109
397 598
388 473
393 209
487 389
136 269
156 223
670 514
183 175
305 637
104 289
210 120
291 287
446 616
344 463
595 611
491 595
214 162
455 675
106 156
368 430
90 213
182 583
267 286
119 383
392 387
580 544
622 394
1 517
371 409
473 624
369 18
485 296
130 645
678 272
632 313
656 350
479 278
36 436
204 566
95 573
488 227
13 224
688 579
645 404
220 33
164 421
113 400
30 196
298 645
563 270
266 617
48 121
567 8
121 419
384 359
442 563
320 689
95 351
585 392
401 323
400 402
608 567
614 117
355 612
405 304
241 587
47 391
646 419
547 21
271 579
267 129
489 29
688 665
178 168
505 574
62 330
4 312
310 238
223 565
658 632
498 313
634 595
331 488
265 527
464 438
166 291
570 67
103 568
291 417
23 560
676 183
413 496
539 126
288 78
341 453
277 227
263 0
244 472
295 664
249 441
572 625
327 586
436 362
293 166
262 344
577 517
11 602
32 366
514 103
218 273
145 362
298 262
218 96
48 175
301 685
353 557
672 342
57 563
157 656
260 318
692 589
445 391
229 394
326 27
220 119
501 664
664 641
212 199
314 332
446 376
156 424
440 36
161 611
460 444
223 606
17 693
646 666
0 655
595 252
606 347
359 488
492 390
341 663
622 333
472 300
107 458
488 515
682 576
420 498
156 262
576 647
203 158
185 46
281 93
512 222
435 608
489 190
250 153
12 188
355 193
113 645
647 683
227 690
674 14
368 471
152 29
225 674
351 420
343 522
274 501
46 327
390 389
74 508
267 648
383 622
93 4
106 445
29 130
43 170
554 641
545 168
93 644
284 434
371 449
635 43
533 519
463 119
550 496
424 569
615 226
126 234
289 14
280 217
401 243
421 240
415 35
691 90
299 448
359 609
492 126
26 689
538 610
295 395
152 308
171 530
73 113
571 390
565 238
40 44
484 665
694 350
318 194
43 165
235 193
183 274
505 687
684 90
627 660
146 580
656 484
455 110
137 648
111 92
411 36
343 566
688 491
279 564
401 47
340 256
31 210
414 18
428 194
371 524
215 321
271 527
565 9
414 320
301 106
221 580
103 122
241 28
580 107
2 588
313 214
202 339
167 81
224 315
6 218
649 526
296 557
662 574
14 397
22 101
540 157
656 273
454 643
306 532
450 165
103 351
211 78
219 301
296 299
259 387
32 149
662 339
616 419
539 3
591 372
127 250
341 225
140 238
627 443
353 635
100 111
636 530
1 633
532 349
672 569
57 365
462 454
480 234
92 389
396 425
57 631
151 524
358 127
210 568
394 189
221 40
153 339
393 106
118 34
205 394
644 559
25 410
545 175
640 674
621 340
19 533
220 511
55 405
622 102
387 186
381 140
339 71
630 572
533 594
248 467
494 225
369 557
120 80
158 370
681 482
514 558
622 699
456 82
166 174
156 599
465 599
476 108
314 439
422 598
272 477
267 44
500 255
414 209
49 325
236 564
649 543
170 546
234 406
88 663
81 326
156 677
587 109
609 109
25 199
498 472
127 553
227 325
205 528
503 290
552 648
221 647
460 478
51 543
90 95
588 594
14 265
101 278
213 77
72 376
182 11
561 83
342 480
418 385
672 56
5 244
209 376
316 259
345 393
309 614
549 639
73 636
208 379
465 285
331 403
362 661
346 32
678 520
674 133
552 518
105 541
580 189
585 19
493 132
430 238
345 556
33 661
59 535
505 385
429 532
117 611
405 274
109 555
253 250
448 408
399 588
550 55
262 223
252 225
618 384
41 361
82 134
199 105
580 254
553 350
109 349
431 83
537 86
316 76
423 128
4 277
639 352
501 522
13 170
659 296
298 442
623 103
86 602
567 334
421 455
143 435
299 436
44 616
434 135
406 594
131 351
669 618
55 47
108 1
48 347
44 462
17 436
223 134
400 686
309 337
565 100
194 114
219 666
319 117
605 642
586 385
373 644
82 270
449 285
121 646
48 409
55 124
26 120
571 524
187 175
592 134
549 199
346 627
294 69
387 46
18 576
65 582
668 515
558 468
52 469
559 583
35 257
202 613
117 268
196 673
507 461
695 394
441 299
663 421
249 655
460 157
245 424
347 608
541 113
390 259
491 134
150 312
562 286
589 115
193 455
274 86
325 432
384 439
384 473
197 8
181 409
503 142
523 685
233 595
301 272
380 20
627 237
230 516
105 216
436 12
450 190
223 3
243 225
275 101
153 506
625 59
470 343
88 590
463 606
344 605
436 687
536 63
245 260
305 494
111 327
268 590
189 117
499 33
3 307
423 437
513 321
607 128
164 231
100 272
598 678
10 447
358 73
115 243
503 44
216 8
633 93
498 174
125 68
646 365
301 573
583 510
427 162
384 201
452 122
114 363
164 372
115 690
278 190
587 276
47 154
669 409
579 105
431 548
183 411
671 316
568 622
160 73
326 215
593 86
395 633
653 589
215 132
389 144
389 671
634 510
501 328
487 437
387 355
104 518
121 98
691 384
60 95
489 378
523 489
177 42
146 678
490 617
675 152
239 487
481 650
412 583
564 104
590 574
278 225
463 511
298 374
533 238
302 531
677 475
579 81
32 587
553 366
395 652
120 596
666 276
618 52
16 93
697 636
231 54
678 595
442 365
341 666
436 525
180 473
9 306
652 70
402 362
315 351
87 100
221 347
455 349
399 478
541 586
366 183
82 16
447 667
415 602
413 487
403 363
498 675
17 663
482 72
177 15
119 379
272 551
482 76
447 486
205 192
521 118
100 257
240 624
345 392
141 397
519 578
199 255
111 388
471 429
160 155
670 449
565 607
8 391
513 15
86 628
92 13
379 271
74 172
536 664
25 655
638 458
163 604
261 519
209 48
264 665
313 157
628 132
436 443
457 320
535 159
