700 1200
399 453
482 330
516 363
697 171
372 368
114 418
237 447
241 415
86 26
162 551
580 663
18 251
198 258
112 688
111 403
583 562
582 191
594 286
439 46
6 266
532 314
415 656
203 431
601 555
668 508
315 385
227 564
609 204
259 490
212 45
457 475
404 142
675 265
190 530
106 472
419 262
600 481
34 575
452 104
520 477
512 650
469 358
569 111
688 396
686 141
96 41
284 216
370 372
259 239
480 331
199 292
443 404
115 440
407 697
77 116
49 153
302 428
39 202
506 39
555 596
209 597
30 375
576 442
34 538
167 503
116 109
641 298
637 615
355 367
173 628
7 48
432 212
162 227
292 244
335 635
402 326
121 190
274 353
8 190
98 567
517 116
434 338
380 303
273 608
651 683
58 577
134 600
504 474
350 232
549 440
448 25
349 413
95 130
185 30
524 562
391 314
410 463
410 30
626 323
684 143
628 498
145 381
153 658
276 543
221 616
55 639
579 58
588 112
495 526
663 62
356 242
592 671
197 210
460 202
296 123
59 12
346 56
88 667
466 690
359 352
20 425
96 422
424 360
160 58
11 24
542 180
474 359
244 141
362 289
239 596
468 318
411 684
358 341
17 351
49 205
403 370
107 10
581 390
500 98
133 449
367 237
311 628
428 325
254 565
121 626
642 246
37 585
147 209
102 81
170 496
426 13
317 552
561 648
638 512
542 97
619 455
676 172
31 547
156 273
572 13
455 312
502 305
144 557
571 335
307 495
496 655
248 116
543 357
453 336
42 691
50 172
162 550
17 177
263 391
159 528
69 479
547 161
392 695
606 376
336 454
677 593
364 495
257 301
169 79
629 81
509 667
293 231
382 156
306 478
618 132
156 291
490 258
514 440
350 404
219 372
75 493
100 373
160 213
233 325
386 265
591 508
532 615
142 622
508 697
554 50
161 381
327 540
38 456
542 580
549 611
23 124
633 638
525 183
97 300
402 150
41 277
697 330
26 128
449 35
549 634
220 321
380 634
311 209
124 422
620 343
371 285
143 662
349 401
141 80
121 241
464 552
200 608
47 33
351 443
467 345
142 137
505 418
389 272
626 421
229 687
392 422
205 17
278 667
498 521
156 657
265 454
184 531
237 592
573 200
450 164
106 699
68 60
406 446
101 548
87 606
500 659
282 257
40 115
448 276
342 224
458 343
495 656
304 343
351 254
665 268
225 47
597 585
447 310
222 527
136 293
255 592
26 12
409 505
528 175
587 598
469 432
443 312
303 428
678 179
263 35
584 451
206 657
33 664
666 89
435 65
497 13
232 240
454 620
680 601
456 421
131 18
213 222
404 335
102 206
688 364
24 222
267 46
499 465
326 60
102 604
207 101
280 548
463 329
276 245
64 184
428 141
321 179
565 662
387 8
388 152
155 146
88 652
307 646
44 293
293 490
158 306
47 157
47 269
672 471
524 18
35 179
448 168
602 395
529 626
505 481
665 10
499 629
232 218
522 596
300 139
283 506
394 66
38 247
50 362
498 164
293 642
249 295
320 91
402 412
188 216
464 567
526 593
429 384
501 101
283 605
372 144
509 559
183 187
404 659
599 605
37 276
519 221
312 449
75 229
668 95
674 75
621 198
554 523
463 17
277 210
204 324
160 486
311 201
199 337
684 54
620 589
665 306
530 344
293 580
229 268
12 482
698 549
171 90
475 76
228 108
230 299
544 175
460 323
435 530
690 203
454 277
407 360
363 341
572 672
198 380
659 402
54 160
633 369
304 263
405 75
541 467
381 331
551 262
628 673
496 437
43 448
453 615
415 617
204 293
49 284
532 1
79 423
448 185
675 309
249 342
321 612
498 150
592 15
662 443
347 90
161 316
254 53
344 675
686 377
157 636
356 545
195 451
150 256
611 31
139 73
293 123
192 685
47 352
54 608
512 484
558 674
280 412
566 691
517 498
495 74
443 638
276 84
439 13
441 444
356 554
281 361
242 260
578 506
509 156
580 9
116 603
399 687
277 245
197 579
147 163
384 137
580 514
485 264
501 596
118 472
502 420
322 358
405 649
471 628
265 435
329 153
357 289
16 283
444 171
227 554
675 363
571 148
634 678
282 423
489 102
531 113
101 163
463 134
226 299
440 235
655 224
385 577
507 388
356 496
140 95
459 469
539 7
139 15
470 623
16 195
690 413
191 148
342 379
391 326
153 353
184 167
190 544
279 698
601 46
558 314
53 458
398 445
362 637
564 580
420 102
334 320
7 56
581 177
254 442
152 621
537 556
132 73
348 118
632 335
332 365
193 642
403 56
130 582
669 621
392 458
464 468
496 199
536 477
364 108
458 593
410 569
277 190
360 347
605 304
326 54
178 625
658 697
152 59
480 567
618 351
639 469
396 218
150 401
342 176
44 458
92 415
188 230
611 510
63 52
188 528
455 104
526 88
605 164
626 293
286 520
222 140
443 203
670 157
8 535
559 673
579 407
658 671
474 89
450 656
659 525
108 653
0 97
81 699
111 71
154 597
337 656
406 403
100 499
330 150
125 216
42 477
291 217
311 560
184 304
650 373
21 351
84 19
266 498
416 578
113 588
250 264
332 562
494 220
90 101
86 87
660 512
339 600
251 252
135 512
355 297
566 249
545 530
146 539
222 297
305 693
227 396
70 557
417 360
552 55
481 510
614 5
505 438
270 47
238 165
628 61
251 660
484 630
673 192
107 159
6 83
457 396
101 446
274 311
658 465
595 321
566 322
381 285
111 687
595 393
146 350
170 678
260 141
231 464
112 664
432 458
212 275
282 35
533 420
693 533
255 141
504 24
156 394
612 366
362 509
595 652
231 641
412 629
14 64
692 559
500 407
76 606
541 256
529 345
93 299
53 107
540 309
207 574
173 16
163 591
271 413
280 183
523 267
254 430
493 668
655 138
314 327
371 225
56 205
260 569
696 474
667 248
103 647
172 524
551 309
627 573
302 432
556 681
417 51
26 193
160 270
91 85
158 1
30 680
538 376
579 508
163 477
608 276
484 69
106 179
132 181
639 586
543 455
500 377
676 5
592 245
213 470
584 269
359 637
410 291
273 242
434 62
102 390
52 256
501 46
333 180
41 156
337 191
505 672
209 331
677 486
517 151
570 165
59 135
262 156
294 454
9 491
296 263
315 188
684 93
287 634
311 396
462 176
587 690
593 200
509 672
155 408
449 573
146 262
330 593
89 158
559 672
359 656
273 85
38 386
360 203
591 138
337 573
621 370
501 481
53 473
363 603
558 30
640 334
28 382
480 429
104 569
471 553
658 565
174 19
578 605
211 620
495 136
575 111
129 8
413 538
615 94
336 130
491 146
538 666
305 408
121 526
57 416
485 580
678 371
610 552
542 627
263 100
30 392
600 692
57 279
552 214
403 568
682 20
17 210
107 422
677 586
393 662
395 307
148 120
18 205
411 82
200 380
130 560
543 397
290 9
657 27
175 417
82 282
52 597
287 327
33 242
302 264
202 387
105 116
347 170
268 22
689 540
306 265
155 371
240 312
483 344
573 304
124 657
250 378
680 408
332 627
240 235
195 590
33 323
677 281
155 381
219 547
58 695
579 263
97 364
588 292
521 408
596 227
30 595
505 413
682 420
611 607
304 272
640 692
171 382
28 552
331 300
686 401
32 348
440 14
149 448
77 286
0 685
99 121
138 159
58 253
144 118
35 507
650 24
80 476
233 291
459 367
546 151
675 484
25 160
596 200
492 441
125 3
496 509
410 215
507 389
334 440
72 618
223 375
95 48
483 658
305 604
418 194
659 372
446 317
668 524
14 383
315 334
141 584
81 631
338 316
611 89
675 96
589 442
601 277
480 107
689 67
283 688
366 343
139 574
122 48
28 640
188 361
428 350
78 632
245 696
34 178
343 290
495 608
501 64
488 220
215 102
612 122
360 552
633 67
136 344
265 204
439 636
344 572
663 674
141 267
413 655
417 506
57 285
611 663
153 171
624 385
39 632
215 694
107 220
23 305
665 681
178 203
218 324
502 157
635 559
327 254
19 107
439 453
634 534
185 354
403 440
76 514
207 630
461 455
126 596
663 547
570 287
398 699
434 3
234 56
47 277
7 465
410 625
509 487
260 65
574 80
152 557
504 271
34 468
537 698
83 210
241 440
517 366
201 643
160 692
51 464
227 362
600 144
447 450
90 639
324 219
366 86
356 329
434 432
571 645
86 639
496 610
543 248
205 541
408 172
493 54
72 241
408 33
117 148
104 651
462 405
645 452
636 691
102 216
421 115
173 219
250 548
642 673
485 345
365 113
658 397
348 304
504 342
534 125
416 74
213 247
698 530
624 114
164 699
82 81
64 160
215 491
391 298
254 627
332 119
324 100
271 136
224 445
673 692
434 523
316 602
180 495
485 275
159 575
633 148
587 240
124 29
25 35
193 280
147 512
54 87
130 111
416 5
445 590
37 615
675 244
384 96
441 467
64 667
693 234
544 45
312 188
35 542
441 601
695 436
670 201
435 247
605 619
213 504
63 542
128 297
441 271
319 134
36 54
638 450
43 229
568 451
589 195
604 559
309 367
385 472
536 158
467 478
551 561
22 263
145 19
157 25
363 267
139 309
678 245
590 463
621 109
154 189
214 121
32 618
160 540
408 253
694 452
318 54
54 523
143 417
563 190
465 315
204 458
490 317
412 512
280 453
216 444
588 136
295 164
223 20
527 550
247 558
180 546
240 84
534 633
360 611
244 350
696 520
75 404
577 488
500 341
508 257
257 572
304 567
188 320
479 94
534 649
265 322
437 226
330 60
373 431
100 287
158 86
189 358
46 417
465 70
586 662
501 579
453 227
76 565
432 141
664 443
97 356
605 685
351 370
643 467
194 625
265 128
452 446
245 178
338 544
196 622
395 258
397 195
396 97
437 385
666 625
12 13
561 578
537 352
507 16
18 600
344 341
508 490
293 423
550 77
59 387
583 134
608 676
420 331
231 435
534 21
36 687
444 557
205 601
55 166
289 93
210 175
522 454
50 382
383 495
365 560
100 364
185 310
47 227
421 42
95 250
16 402
442 660
463 230
699 505
618 571
537 220
37 396
575 188
481 142
213 435
351 650
66 323
681 184
580 264
68 264
232 200
350 321
650 597
23 318
483 214
328 37
596 250
621 513
367 368
618 95
36 440
625 404
167 454
207 42
402 178
66 435
414 147
466 516
319 636
550 521
585 154
551 266
6 390
314 456
375 539
319 376
170 284
376 77
444 170
407 683
263 339
646 128
74 668
7 410
435 464
363 345
531 275
196 106
491 326
146 225
490 288
542 124
607 217
312 68
104 535
226 476
215 379
53 271
689 289
208 104
481 462
46 3
136 462
595 470
378 690
505 226
473 84
76 599
482 589
341 58
610 367
301 13
306 624
156 565
202 396
578 173
