700 1000
2 23
369 261
257 262
33 196
343 89
559 394
89 21
694 31
228 379
519 459
334 580
395 124
585 84
408 430
128 557
62 405
223 541
343 169
553 170
60 629
564 365
485 412
429 219
429 533
54 159
673 292
397 359
568 366
349 604
51 344
13 134
35 200
131 277
690 653
169 600
505 663
352 365
186 222
111 640
182 419
496 379
489 322
328 521
23 432
1 230
564 680
564 198
490 74
428 545
169 470
588 288
222 274
280 380
456 365
361 373
36 690
93 173
571 602
447 423
421 403
329 377
636 153
656 285
136 534
557 483
289 333
611 650
492 196
266 143
543 34
423 125
136 350
428 502
619 44
67 469
29 33
620 225
566 385
492 655
204 194
122 458
569 655
31 434
502 541
208 543
498 639
111 173
249 270
21 205
635 124
65 83
214 72
430 202
579 288
518 187
499 128
95 236
584 666
562 87
257 275
325 530
150 58
596 90
545 100
691 273
202 658
573 37
261 445
132 530
628 23
664 355
327 172
369 216
85 243
251 51
612 498
543 343
341 383
483 397
458 22
486 597
277 511
695 187
406 321
470 438
578 47
57 120
369 287
299 157
666 433
245 293
137 54
0 636
184 435
10 147
380 447
201 89
680 224
231 634
411 309
271 472
677 144
417 422
223 421
122 17
111 384
384 135
149 412
201 535
670 155
455 359
539 230
578 604
108 678
123 490
44 394
683 285
575 239
119 326
279 334
138 524
268 382
512 586
643 71
342 428
496 139
401 632
323 375
681 135
393 670
620 280
329 474
682 566
577 57
526 312
615 562
334 149
201 45
484 360
213 5
624 633
296 213
46 280
261 546
511 194
137 129
295 659
332 657
688 589
91 453
24 109
675 74
88 632
485 642
319 143
316 327
584 15
657 104
335 429
425 271
689 620
389 149
119 695
245 282
298 456
272 534
257 159
616 435
348 629
516 515
678 558
469 570
637 561
253 89
24 401
228 150
231 46
84 229
252 361
443 297
501 625
51 502
643 522
258 367
161 475
386 310
630 671
117 53
201 283
60 567
465 516
15 422
28 139
397 15
542 107
696 56
620 453
44 362
156 212
611 589
88 656
657 305
534 190
180 156
635 207
244 106
614 142
154 275
653 565
278 27
648 322
110 532
591 490
526 390
137 296
359 547
399 192
561 672
367 518
591 408
503 587
584 35
600 644
282 79
355 498
183 585
402 203
96 300
402 285
652 79
222 131
304 29
505 348
211 94
377 48
555 286
214 619
327 161
695 288
362 544
55 241
605 334
400 164
54 544
50 365
690 632
471 344
199 697
605 297
288 244
194 572
308 213
521 288
692 666
30 556
641 210
216 244
297 359
325 355
556 588
375 673
67 208
597 677
592 66
616 592
593 146
170 262
259 300
257 161
324 231
335 336
200 65
442 677
394 697
613 14
538 424
311 13
236 477
380 625
146 698
440 15
123 358
462 405
458 639
692 72
459 30
383 56
417 540
22 217
451 503
11 94
87 525
166 49
126 263
421 212
201 306
226 672
672 442
694 87
368 689
34 54
585 636
206 530
23 270
169 321
70 627
254 486
102 469
680 237
588 662
603 498
134 386
654 607
631 609
508 257
272 8
419 318
249 435
210 302
188 287
98 314
288 67
68 268
146 566
575 499
544 102
226 404
468 562
557 193
54 631
314 377
94 569
497 245
424 412
270 232
632 263
635 487
596 552
317 298
356 596
314 238
599 575
46 219
616 530
104 467
153 56
635 696
112 276
6 697
563 26
255 627
518 243
18 151
144 424
496 503
497 572
116 268
110 330
379 697
84 92
80 525
107 64
503 396
61 480
431 153
84 544
163 630
560 316
216 359
461 627
424 235
78 86
417 130
449 516
122 477
129 672
656 186
118 59
427 424
152 278
60 11
108 228
394 538
326 434
156 207
93 453
71 127
618 650
264 623
555 43
134 140
277 269
580 440
138 108
219 321
696 215
107 198
137 411
556 283
213 314
690 101
620 101
112 342
387 616
369 426
121 74
104 691
181 388
17 207
518 132
618 573
655 682
594 383
484 697
638 454
353 555
291 136
446 491
363 164
352 644
558 408
680 644
281 389
373 305
530 431
236 50
521 104
441 485
32 539
281 363
1 43
564 461
580 363
309 605
687 28
367 229
481 185
402 228
691 469
543 162
566 533
374 338
192 32
0 173
15 60
456 638
557 75
79 237
356 289
539 674
606 540
536 270
362 158
663 511
363 69
166 107
422 621
301 457
187 105
517 363
110 75
288 473
155 191
650 368
329 675
583 477
523 193
672 262
357 566
280 181
58 657
99 92
190 445
8 476
580 230
437 360
147 232
328 49
7 583
237 193
76 422
127 214
57 496
456 434
500 366
555 193
524 517
357 424
193 507
241 674
51 444
182 670
257 131
667 81
315 36
630 274
378 601
597 448
403 676
600 261
637 553
658 676
447 481
69 331
34 114
667 248
401 410
86 320
344 612
240 475
240 387
639 228
300 108
28 134
331 368
305 459
466 375
73 666
222 87
282 218
531 97
609 259
416 50
103 82
61 311
560 663
578 106
81 430
451 467
249 610
401 304
166 342
647 539
637 288
394 159
88 196
94 386
215 662
295 490
397 376
200 625
303 369
631 287
579 460
498 434
349 396
426 356
661 636
489 308
386 95
106 124
17 523
566 472
652 387
49 226
184 450
246 464
260 440
118 357
509 0
266 231
277 493
103 247
301 375
235 182
213 208
516 657
34 66
351 483
463 83
285 88
577 319
379 151
131 388
510 426
630 204
40 29
507 344
305 599
17 217
6 343
520 176
573 404
71 292
162 644
179 51
136 381
543 287
32 593
533 120
599 281
39 288
541 55
606 335
151 563
387 179
460 602
670 2
154 245
497 85
178 70
491 430
451 32
278 146
379 505
346 58
246 68
101 276
642 381
562 467
676 358
517 379
290 218
179 552
235 505
646 82
426 644
453 104
217 340
359 170
502 361
465 82
269 286
356 384
476 601
156 563
636 255
173 107
64 43
277 638
203 85
156 654
523 312
519 536
507 521
155 322
541 179
314 169
416 553
192 247
509 11
287 238
419 677
607 578
279 20
49 496
27 91
347 312
340 604
154 339
266 408
635 192
123 644
325 340
418 281
120 582
263 100
650 564
621 301
572 308
617 354
477 39
414 449
578 213
234 311
62 11
409 244
681 498
83 199
101 255
687 256
185 33
4 546
213 642
22 232
445 325
510 579
37 248
482 457
245 165
303 226
269 119
378 138
71 11
514 91
232 680
353 57
696 336
433 510
186 391
106 637
149 439
309 294
233 468
314 446
554 160
94 96
267 508
615 340
180 575
19 270
425 496
505 533
659 548
187 324
362 648
661 395
418 193
457 305
232 354
505 157
605 241
118 402
418 498
189 361
364 164
603 217
559 275
394 463
459 677
517 353
388 603
368 262
265 172
169 699
157 162
204 432
533 551
580 267
654 684
311 326
80 169
636 424
156 575
402 171
115 123
44 269
332 436
63 601
619 387
289 431
663 471
407 255
676 449
554 244
199 42
555 489
326 473
397 283
376 26
226 565
638 621
339 646
566 364
527 218
200 332
418 667
132 63
292 175
312 608
302 63
241 519
487 375
146 404
150 158
614 565
397 141
319 459
41 141
339 22
385 357
73 62
188 87
585 426
488 650
271 115
245 595
588 254
199 52
330 274
535 161
338 60
175 486
229 266
667 552
233 554
102 110
680 234
605 416
312 376
437 262
417 594
539 276
317 678
584 185
544 545
560 588
362 127
686 92
376 348
679 536
268 180
466 48
149 658
366 598
408 621
84 153
206 566
471 484
13 528
417 107
75 197
535 213
482 614
13 550
681 493
325 56
373 384
587 559
230 477
100 41
231 607
487 506
133 282
283 96
13 65
156 549
549 70
552 473
532 432
179 543
255 540
147 623
211 293
699 46
178 556
349 512
111 221
231 527
57 698
193 317
532 552
517 372
368 543
344 303
137 144
1 675
422 639
362 82
660 366
32 8
401 687
471 365
122 665
370 298
145 610
148 665
200 239
646 402
134 506
52 21
607 327
418 649
289 21
464 160
497 95
403 63
419 566
41 205
9 31
408 668
672 690
697 534
167 238
303 553
116 284
681 320
377 512
622 690
428 109
493 581
616 180
238 539
122 598
600 456
44 369
200 119
344 164
451 338
386 553
38 206
66 332
486 183
32 389
121 655
187 159
193 614
539 655
673 411
600 626
438 27
7 94
478 589
440 615
637 177
698 347
389 78
471 539
61 148
255 417
300 657
694 215
350 530
374 379
355 132
328 598
41 94
415 15
587 69
487 51
93 259
542 206
506 593
171 74
69 642
533 315
529 372
530 268
236 133
449 620
528 463
259 684
555 541
178 550
455 142
16 39
470 36
489 270
405 349
591 164
486 577
452 62
666 528
89 196
601 483
257 438
70 111
460 551
15 586
694 582
198 470
401 562
698 295
508 668
144 576
353 655
640 60
181 17
546 227
240 633
