700 6000
160 313
326 549
65 471
153 495
114 574
594 574
305 386
335 207
575 91
694 112
411 656
534 533
648 611
413 517
499 592
439 432
70 358
443 228
594 629
670 332
66 42
414 243
98 313
154 578
83 85
80 558
426 362
532 241
595 502
142 409
594 47
279 474
263 157
621 633
639 390
218 577
326 223
544 427
594 185
201 199
123 601
609 611
671 28
255 123
229 699
311 320
0 123
502 286
74 415
693 573
71 529
25 169
681 565
39 472
174 649
424 67
52 89
34 525
391 155
260 680
329 2
199 509
48 380
158 652
185 634
550 284
39 681
58 216
203 653
535 406
103 626
86 454
404 524
87 294
672 191
629 45
79 238
677 204
165 49
499 437
412 458
262 325
124 484
317 404
73 176
667 197
598 162
253 98
253 468
552 602
72 375
267 270
52 214
84 169
69 175
697 570
168 271
120 201
415 9
207 267
666 612
675 467
81 522
434 326
508 394
179 344
477 248
278 510
245 92
332 225
243 179
7 442
180 67
122 411
559 473
474 488
216 95
485 513
461 620
619 64
288 135
348 274
572 46
314 383
325 484
191 154
195 392
149 174
126 263
221 442
681 325
47 453
167 580
604 61
62 178
4 24
466 104
33 398
479 88
339 515
90 263
48 198
312 635
142 44
85 332
157 240
647 576
447 472
28 306
185 319
33 126
139 22
325 552
167 134
584 496
505 17
298 181
134 532
213 304
531 328
545 633
468 391
395 76
276 407
512 0
373 585
477 326
560 97
390 248
400 693
680 242
255 364
380 172
191 247
186 328
433 641
189 242
499 99
444 174
44 261
605 588
340 544
580 369
27 359
632 383
65 426
161 469
480 431
243 194
78 267
617 39
643 260
371 431
178 2
521 182
71 369
327 442
286 48
421 104
217 177
487 332
609 331
315 375
3 461
195 16
125 557
628 260
100 151
267 304
168 99
617 175
302 689
564 577
658 509
637 531
359 251
172 559
95 382
631 95
542 173
4 665
457 431
86 541
380 35
643 66
570 361
102 52
643 41
207 495
534 586
155 518
475 684
135 555
413 88
405 340
208 562
660 5
75 229
587 398
381 664
52 23
556 384
186 342
623 331
86 182
324 629
227 424
553 692
456 506
345 65
624 285
127 326
587 149
434 527
665 588
441 158
635 429
659 166
203 570
427 126
636 239
337 12
87 209
390 521
278 578
484 660
421 61
483 600
263 76
433 597
92 179
544 332
539 330
455 95
327 146
690 575
115 160
522 39
423 76
210 374
656 336
42 568
221 372
139 92
291 97
412 640
309 188
547 157
15 337
98 56
320 603
264 534
380 531
612 507
124 184
204 510
117 264
24 37
625 181
645 554
691 549
586 579
679 30
286 449
674 545
72 614
558 116
169 457
289 176
313 305
451 33
101 189
544 207
191 494
616 376
47 577
572 454
524 397
55 618
302 674
136 671
348 32
597 276
616 595
237 115
198 148
342 682
328 406
102 42
335 478
675 668
280 474
152 136
691 559
622 543
605 488
206 238
582 516
558 193
391 395
567 235
378 525
176 409
491 402
477 67
153 641
444 634
643 564
354 147
50 414
390 621
632 570
139 648
107 196
683 549
323 108
92 237
521 574
569 380
53 364
429 632
60 177
327 194
387 698
601 698
254 562
217 598
313 231
578 188
66 415
510 536
419 440
690 332
677 498
413 197
370 410
685 441
335 629
430 482
617 250
558 691
227 472
19 358
28 449
476 138
422 549
17 189
497 387
595 406
427 470
157 439
344 368
259 460
554 172
162 449
545 505
680 519
296 322
480 109
64 10
89 542
488 27
54 209
566 345
260 499
320 95
365 291
117 253
106 493
104 411
673 30
291 314
20 109
508 125
517 684
526 349
617 418
514 390
214 327
636 391
571 276
216 307
380 405
12 397
445 520
304 162
62 413
549 444
598 695
503 526
221 522
693 429
371 305
692 100
350 571
53 411
629 631
198 432
378 527
397 430
597 383
153 617
499 590
175 346
657 41
306 413
426 24
636 538
526 179
322 514
417 85
565 344
694 162
87 319
505 78
241 139
95 36
571 666
266 198
7 506
162 298
575 458
48 156
511 244
156 210
623 470
512 310
670 87
586 660
402 440
104 448
88 272
646 459
659 196
386 91
301 427
632 687
159 120
228 589
372 454
316 124
616 237
583 639
163 106
73 467
492 217
510 148
670 178
468 276
242 228
32 497
115 199
696 504
416 597
119 348
151 69
403 102
46 362
676 384
343 218
189 98
331 417
205 108
553 459
615 53
286 503
153 455
134 403
134 363
69 105
218 501
692 260
683 556
384 563
71 207
496 434
493 229
47 454
661 21
550 209
8 540
338 243
470 59
314 476
515 398
386 57
205 501
388 56
108 641
551 638
271 382
162 527
76 302
561 637
51 341
457 203
326 589
507 549
631 623
426 293
165 547
8 474
671 75
85 422
304 632
63 661
552 576
269 30
486 434
330 27
9 689
78 199
550 213
610 532
566 419
379 408
392 334
640 54
176 331
573 259
126 102
597 132
226 384
623 698
53 217
246 224
180 424
469 669
629 109
471 216
75 71
360 421
406 501
215 680
6 640
569 216
340 508
568 67
91 476
437 44
472 469
531 43
129 426
113 251
176 234
458 666
22 269
609 538
505 63
251 293
244 139
681 461
168 501
290 109
629 157
148 261
161 575
106 601
292 273
589 668
245 608
110 571
546 277
12 131
583 497
302 698
174 431
45 604
530 220
626 611
66 297
95 539
575 461
290 128
114 494
231 227
665 337
254 219
319 418
616 164
499 459
323 349
393 546
423 276
291 515
46 466
394 509
101 431
382 517
697 71
238 114
500 293
91 540
393 690
342 50
513 310
608 421
358 425
152 596
693 506
370 436
649 198
177 628
3 507
504 410
660 354
313 185
264 129
219 150
679 21
325 667
433 608
253 471
11 580
536 468
661 271
250 18
377 638
355 263
127 347
368 47
610 477
395 447
471 156
57 435
128 188
15 219
478 3
27 314
444 559
234 259
505 76
82 563
521 301
537 166
366 9
244 396
198 594
126 116
677 181
3 542
333 69
205 615
359 149
531 645
696 623
239 631
4 11
200 27
588 501
613 627
376 42
645 697
690 201
417 650
89 427
150 579
118 484
132 677
147 580
18 428
594 88
565 59
486 173
323 400
314 292
64 699
57 14
682 13
694 400
691 556
682 181
96 182
546 32
135 361
113 107
388 6
667 38
382 333
278 425
525 87
13 206
231 619
275 155
47 158
405 248
158 352
71 645
350 255
506 554
320 619
523 253
389 455
298 565
630 470
654 398
40 511
131 333
336 346
62 323
120 650
301 167
644 71
392 224
292 466
398 526
365 368
671 531
53 579
425 37
26 188
352 156
642 287
24 333
58 692
383 449
123 359
465 641
415 83
6 618
302 486
325 31
267 268
39 342
428 34
632 31
172 474
599 164
416 318
655 345
132 328
621 568
574 548
152 327
68 293
559 63
603 377
168 329
85 21
389 147
72 12
304 668
535 314
153 550
121 431
299 361
397 54
423 354
228 113
157 39
672 521
112 319
234 670
372 515
253 179
33 431
674 468
207 60
590 373
172 135
674 469
360 26
466 196
146 522
668 533
530 420
277 30
38 563
0 380
622 628
458 81
225 428
73 146
626 122
422 196
681 307
49 350
361 203
263 177
384 258
21 337
590 250
185 296
120 480
581 289
461 586
190 319
643 356
92 5
377 422
591 263
18 208
420 565
47 638
89 519
535 637
583 460
366 590
144 480
218 544
585 248
61 553
333 397
477 426
302 205
662 596
22 622
525 210
295 591
162 204
296 673
415 602
454 544
587 51
699 92
678 586
22 575
363 161
70 225
248 567
188 255
260 103
400 91
398 296
383 41
271 610
394 587
549 456
521 358
85 512
251 301
222 490
613 669
656 199
41 164
469 125
635 592
199 256
459 569
41 277
427 506
293 49
372 32
264 57
501 353
130 340
567 667
548 195
77 236
433 109
284 332
560 581
16 611
688 457
237 443
425 225
385 380
559 522
395 510
618 448
575 0
11 664
653 178
382 172
170 598
130 351
449 114
364 545
88 590
508 486
264 364
643 212
643 698
679 214
663 231
457 229
186 521
281 692
366 54
679 87
352 458
577 620
538 611
264 284
310 519
46 182
533 142
559 184
373 620
273 136
68 574
303 625
164 407
242 9
651 365
56 475
7 327
130 311
169 559
84 528
607 288
380 347
501 675
143 293
333 168
362 52
244 524
347 98
195 51
335 156
234 215
11 414
20 464
637 112
422 339
216 587
218 505
201 580
230 164
624 526
295 134
225 154
544 54
372 205
23 289
689 67
104 589
71 255
70 37
178 99
406 119
440 398
189 383
167 203
201 452
226 263
300 346
284 17
126 637
686 61
534 601
122 157
598 582
297 553
160 233
460 442
645 664
553 622
128 242
410 642
332 467
301 637
396 438
158 254
552 121
451 363
301 494
664 435
177 242
133 77
7 395
583 386
570 490
322 18
261 483
193 11
332 666
638 195
229 53
684 107
349 392
694 638
503 204
517 89
23 467
247 663
548 134
253 11
277 161
138 620
307 483
187 525
276 588
442 650
84 167
46 600
180 29
92 326
298 603
478 103
231 21
687 250
45 47
159 283
278 602
3 109
361 219
436 532
696 469
466 83
24 647
426 586
396 485
646 678
127 511
554 165
365 646
104 527
12 105
234 510
593 538
317 194
437 442
230 36
60 626
112 492
475 252
463 558
683 114
181 496
470 240
239 565
534 695
629 4
61 461
240 376
158 124
342 31
300 546
463 596
42 326
616 135
476 694
345 257
426 626
564 420
210 276
640 183
534 329
8 383
593 565
31 505
617 414
650 368
667 362
331 353
594 494
194 77
576 604
147 649
495 452
65 38
115 25
690 496
135 377
492 572
655 268
445 411
101 495
607 577
610 265
650 453
258 415
483 320
299 510
239 618
323 293
616 213
199 561
296 50
196 598
190 404
27 109
315 472
610 639
413 682
379 194
626 9
630 267
298 190
127 553
406 677
577 631
525 402
476 396
222 105
359 259
538 565
323 628
612 523
541 170
10 583
188 17
35 78
286 693
1 596
266 355
490 183
108 308
509 576
514 10
276 447
684 469
383 481
534 411
94 690
551 479
640 635
555 143
268 113
285 503
527 93
302 334
519 73
582 310
259 33
232 5
541 261
281 493
654 678
390 223
9 68
434 116
417 345
693 14
439 99
566 82
459 426
375 421
475 503
483 82
39 537
562 588
665 97
407 176
486 350
75 347
581 687
5 352
193 296
389 213
278 282
12 673
91 364
561 442
305 452
567 87
237 383
251 600
475 613
319 575
372 637
161 251
143 116
88 353
261 172
382 124
571 79
35 249
387 544
266 472
632 180
676 617
447 611
328 51
306 178
522 448
661 288
293 667
671 616
558 566
352 686
504 469
169 347
607 192
73 379
396 513
394 53
527 279
174 454
28 456
661 349
324 542
471 129
467 286
31 423
374 281
489 572
374 645
310 243
129 456
263 544
155 223
571 284
339 361
502 20
105 455
457 522
147 551
340 33
465 167
689 21
6 342
349 400
659 591
148 637
80 84
364 513
527 52
334 361
644 118
160 679
531 41
159 282
298 269
269 70
366 303
193 242
355 216
629 194
535 685
677 327
8 456
628 372
673 380
6 313
175 21
322 429
337 55
150 107
255 650
437 472
484 501
655 324
501 452
494 0
107 61
4 314
30 27
664 110
458 578
453 200
521 534
206 283
620 484
587 231
425 428
381 412
551 562
417 359
654 79
660 627
115 421
312 582
642 620
141 43
180 575
514 170
55 453
506 81
239 244
454 137
637 688
50 666
273 32
229 671
337 231
219 259
422 0
207 678
279 50
19 669
522 75
219 111
76 510
61 146
416 523
109 344
294 161
185 421
288 685
294 153
486 237
1 456
92 11
367 663
195 634
375 632
578 187
77 690
375 324
177 553
422 325
492 192
516 460
345 639
316 96
416 606
500 401
514 15
268 466
521 597
161 475
332 661
496 241
288 354
380 196
142 659
478 542
496 515
140 6
589 564
470 311
3 226
235 342
347 82
496 145
335 7
327 526
407 617
632 407
92 184
599 634
99 179
587 338
648 620
2 228
224 233
471 373
117 275
117 690
646 601
643 232
343 439
412 690
581 625
61 596
496 490
633 686
289 662
377 43
422 342
633 562
379 625
265 685
25 473
461 345
391 220
139 587
457 297
554 70
474 633
0 89
461 65
84 44
424 514
311 61
292 89
586 552
181 549
658 466
294 206
388 472
155 698
623 225
144 682
282 79
647 516
86 397
661 198
250 462
199 142
377 626
580 237
667 393
682 266
286 73
173 656
46 520
9 202
367 164
403 446
677 137
364 570
283 358
364 56
658 695
536 161
650 131
72 460
630 437
523 76
43 461
134 160
66 39
436 177
434 150
491 490
623 67
396 691
628 56
211 699
593 434
236 508
363 689
631 47
537 653
16 682
268 388
255 168
687 550
327 154
532 123
207 156
206 61
569 313
453 503
206 298
572 341
8 584
127 598
279 650
244 11
267 98
32 164
117 526
677 393
433 506
114 254
247 317
124 141
404 123
64 205
377 36
569 485
4 552
313 567
91 415
639 192
97 200
192 488
234 394
72 318
650 450
305 592
109 191
73 42
200 417
324 54
535 189
599 230
205 306
232 275
157 127
27 403
286 69
265 160
29 644
10 504
592 659
618 290
623 547
343 440
451 181
668 141
207 383
318 129
235 459
273 558
661 494
396 634
613 194
457 307
542 70
6 666
192 95
583 650
572 400
650 343
177 202
125 237
307 508
409 630
543 465
458 347
86 585
430 85
227 200
499 569
647 564
195 189
651 345
627 562
456 660
295 75
56 180
429 440
337 267
654 169
425 112
430 32
469 334
547 667
319 162
287 137
373 99
188 442
599 492
113 160
290 435
160 581
63 473
113 672
474 450
386 392
21 594
505 551
334 220
603 17
153 186
219 589
40 539
373 41
109 490
293 144
118 692
321 444
505 605
16 221
225 15
146 41
396 673
453 460
597 26
78 342
275 291
77 379
413 565
537 560
504 85
353 302
40 631
565 452
281 645
87 122
468 10
374 331
624 254
644 499
591 655
596 245
534 8
521 434
230 226
559 344
21 445
170 615
605 384
682 35
199 674
586 469
640 318
183 482
197 257
292 435
27 146
649 308
672 496
48 403
10 306
132 272
227 329
68 253
655 292
84 463
247 635
697 75
486 623
368 132
215 211
684 449
648 615
328 570
454 581
694 27
472 502
519 363
146 65
651 124
352 55
62 422
121 396
349 629
285 108
631 422
446 698
594 71
67 30
1 394
4 139
558 17
100 162
94 272
322 28
228 612
321 533
550 588
12 458
442 292
549 639
126 676
93 635
665 327
513 184
665 395
400 181
25 693
337 72
59 645
222 660
285 665
453 75
647 340
665 543
266 77
351 230
18 333
384 537
501 489
191 116
130 474
287 543
200 19
217 433
134 498
200 220
604 322
421 513
626 210
515 154
323 45
271 383
302 194
197 153
651 50
647 62
442 419
385 157
7 151
686 88
606 195
581 564
681 214
457 573
653 456
592 335
515 548
596 202
351 405
430 629
503 632
161 513
242 678
635 414
555 660
234 282
380 220
157 55
407 461
465 476
99 480
12 107
448 1
553 519
514 231
313 153
183 293
665 47
600 377
640 20
146 697
420 563
43 523
627 323
627 275
362 555
270 286
345 147
595 228
91 87
592 671
595 84
176 659
373 592
375 410
656 520
585 407
77 367
553 375
616 403
556 203
138 408
574 673
513 329
516 494
417 75
216 485
41 60
584 553
598 679
517 62
157 693
513 157
571 131
241 162
611 331
588 342
304 93
149 154
373 662
146 286
473 584
290 586
621 455
536 681
29 678
396 453
670 515
114 90
492 441
423 339
67 376
532 103
632 519
53 528
76 678
67 344
466 434
611 106
217 5
231 133
397 436
30 595
279 123
514 570
481 528
581 178
66 637
132 572
371 623
196 535
301 286
130 461
554 88
179 101
240 618
155 588
389 173
169 316
207 81
602 479
149 78
156 454
679 304
371 643
103 662
100 374
516 692
592 617
437 661
212 103
27 54
674 364
122 107
542 540
393 473
292 168
92 29
682 131
480 620
269 544
288 496
63 672
152 133
370 491
275 274
311 460
349 258
456 523
93 573
146 314
617 584
652 224
135 183
49 81
189 177
512 563
643 203
359 357
253 35
559 657
285 94
601 660
563 17
441 303
87 474
245 575
527 150
297 350
373 332
70 611
361 261
679 34
698 324
53 143
590 333
377 540
435 545
303 295
676 3
151 242
406 157
619 541
370 12
33 364
92 21
375 680
282 471
151 315
73 419
120 453
381 97
620 160
152 225
193 393
94 217
544 439
120 378
575 104
593 425
589 149
395 660
200 588
627 466
335 564
515 108
623 281
539 464
469 1
533 681
554 542
360 110
147 245
426 130
462 359
505 338
37 147
385 670
217 223
75 296
481 449
551 136
671 340
386 579
464 616
481 428
323 355
636 133
623 51
128 283
297 384
100 354
400 92
317 493
679 547
618 596
233 600
389 581
411 648
501 320
290 566
597 541
251 367
335 375
202 616
64 18
56 226
599 203
390 69
240 189
570 500
121 46
258 494
528 471
238 574
220 534
611 335
181 9
1 620
432 60
191 60
167 249
544 688
256 483
446 542
73 601
651 91
243 577
367 34
8 543
393 438
151 54
29 12
2 114
559 545
358 199
148 482
446 189
393 274
374 71
659 194
313 13
93 582
534 691
612 384
661 358
623 22
456 265
554 98
667 154
693 499
20 479
666 116
17 87
394 212
493 389
588 634
8 122
193 658
360 320
81 343
173 61
236 583
18 41
411 62
225 364
214 62
249 8
473 634
678 552
278 579
66 679
620 354
11 163
105 129
665 352
238 632
489 340
537 383
413 140
656 143
164 468
451 295
286 517
624 207
10 380
168 70
301 451
677 479
347 149
689 217
62 507
235 338
317 149
413 629
607 688
109 653
402 11
161 657
290 358
615 694
78 388
372 695
575 524
538 182
634 486
356 132
511 507
163 618
169 357
164 174
316 152
568 693
618 374
592 304
420 583
537 206
398 456
150 237
431 233
331 413
449 284
24 40
554 338
209 319
572 89
633 659
480 592
74 487
425 120
227 210
318 514
518 333
533 417
324 254
152 678
73 678
326 153
326 590
587 158
333 331
441 517
332 249
147 520
88 53
314 519
48 389
375 448
62 39
495 310
518 289
79 470
286 45
501 56
339 539
392 322
677 491
424 556
337 269
68 411
200 265
209 44
641 252
279 176
93 373
106 107
236 518
457 159
96 674
271 576
667 87
126 689
309 65
459 458
95 521
95 326
453 664
16 542
194 179
561 47
216 522
461 477
214 477
391 694
214 209
74 42
52 531
244 518
535 271
547 210
386 507
605 237
88 337
143 263
28 379
124 355
253 594
621 337
176 256
434 397
682 455
484 273
480 294
31 244
688 339
494 50
11 31
614 216
482 97
672 417
271 655
455 267
490 292
150 273
449 600
10 406
419 532
9 174
555 587
117 283
140 509
187 605
370 527
350 585
490 151
696 359
106 183
510 195
574 170
62 331
433 157
295 148
257 474
70 83
28 239
86 300
419 192
326 686
229 137
384 62
232 344
377 663
169 526
0 696
259 119
530 425
238 644
235 230
561 494
518 366
228 454
515 40
14 647
549 420
352 17
397 266
284 231
440 542
88 216
167 62
305 163
81 525
294 43
525 571
82 649
40 658
67 636
580 142
42 233
461 454
287 663
76 613
137 666
231 165
251 256
536 54
300 404
556 129
548 673
156 420
276 520
358 161
125 338
21 387
348 290
170 190
658 439
282 66
343 51
195 368
142 636
503 38
600 151
417 687
46 214
178 313
487 516
351 57
161 333
660 43
7 163
389 588
696 150
144 87
617 47
188 463
210 103
622 408
462 555
344 158
411 229
364 342
278 231
444 442
360 235
297 382
7 510
25 138
606 230
474 199
3 407
367 491
183 253
122 332
608 371
239 600
680 319
552 472
483 371
567 57
207 64
151 428
169 320
143 503
384 60
389 603
418 594
536 64
96 58
492 663
208 414
579 690
356 432
554 71
145 30
256 180
99 68
203 32
493 249
448 455
142 497
377 553
341 547
609 320
1 202
315 143
244 51
445 271
666 682
59 248
515 537
83 504
290 642
460 67
338 283
173 74
460 319
648 571
317 223
137 207
565 561
510 506
592 486
532 416
468 205
539 334
124 67
293 447
16 306
159 145
585 316
563 525
216 257
293 419
639 222
220 377
668 495
388 270
317 442
686 236
147 617
307 391
374 553
120 345
640 154
400 19
614 151
83 621
675 370
680 513
662 271
157 248
532 388
120 234
379 670
332 612
417 183
331 494
90 239
644 646
693 632
134 593
463 130
245 273
6 352
406 21
545 572
96 49
187 260
35 239
146 55
480 637
533 16
366 318
548 385
514 412
92 324
61 490
542 269
24 665
399 488
124 346
246 670
568 432
309 146
357 188
155 296
463 503
161 470
158 63
211 123
367 138
452 8
219 123
283 425
637 136
556 368
271 515
137 132
2 675
71 632
222 549
479 672
87 126
90 207
256 566
639 309
252 238
548 301
526 650
579 469
309 174
164 595
340 615
590 347
696 217
382 305
398 309
669 374
206 317
101 481
498 571
636 57
643 207
228 596
408 391
73 70
322 55
383 607
650 140
109 441
570 16
12 527
631 2
95 641
518 669
399 451
585 415
247 293
611 556
328 432
110 119
124 670
161 365
445 48
664 32
262 34
77 331
289 348
499 142
470 555
591 630
369 501
47 101
112 406
214 650
601 605
544 478
600 87
621 551
407 607
562 685
399 651
358 489
527 429
54 659
2 422
464 263
470 34
93 690
672 404
350 507
50 676
135 644
182 621
445 601
56 360
539 235
46 352
449 391
45 602
79 495
7 629
185 429
5 664
240 178
115 431
193 521
200 234
130 398
390 303
225 240
567 552
483 646
6 99
324 80
586 411
166 33
430 116
169 173
317 240
626 336
454 612
242 390
181 623
538 508
96 640
102 338
674 689
597 38
135 549
649 505
124 164
58 100
612 590
422 368
289 598
609 427
230 88
510 259
37 588
693 185
464 266
297 133
427 381
481 501
478 569
162 468
175 537
304 446
482 486
220 286
310 15
528 37
179 260
555 309
318 620
310 427
160 361
120 124
321 672
534 409
471 313
80 563
537 16
336 423
614 20
622 376
221 59
152 563
588 608
350 48
539 478
684 351
350 192
346 680
514 454
407 384
502 369
565 389
266 14
433 114
367 479
690 528
419 458
217 306
163 472
252 19
223 539
40 119
223 545
619 520
382 583
337 397
555 316
586 564
369 570
68 498
339 333
625 410
262 358
1 149
35 646
598 213
634 669
261 180
531 215
186 141
116 379
673 62
462 157
93 122
351 45
583 492
638 368
8 686
553 589
288 592
158 565
342 637
290 519
522 549
526 165
682 572
483 407
458 380
279 493
655 410
478 85
23 163
620 379
82 41
281 447
570 378
451 203
523 86
388 560
428 433
336 29
566 619
461 445
340 404
678 170
578 685
421 107
467 261
452 573
333 30
577 138
157 510
343 625
229 284
187 385
37 414
193 60
52 483
417 587
625 646
595 579
607 146
624 193
79 625
215 424
462 544
501 580
489 581
547 676
187 59
265 336
522 343
453 136
349 142
647 524
247 269
591 50
236 645
344 379
250 536
485 129
244 249
548 207
361 21
401 153
640 15
2 91
588 115
542 650
673 639
547 180
203 394
524 695
502 564
473 313
234 193
42 668
242 258
148 358
611 329
694 212
360 125
31 171
410 520
541 385
363 100
205 369
78 604
137 459
139 547
505 125
265 298
5 453
582 173
149 134
669 631
208 362
527 532
372 606
70 656
599 173
450 216
89 468
76 406
292 93
654 476
649 152
464 439
345 393
352 313
174 16
358 498
446 430
415 469
342 525
477 436
546 103
674 672
184 461
87 244
256 224
14 466
284 12
642 22
422 567
363 361
401 243
483 174
529 556
332 27
489 208
68 80
312 442
362 582
43 182
124 257
76 69
433 466
674 541
148 495
612 528
11 339
450 139
142 421
112 60
143 197
522 94
173 686
64 449
640 602
567 30
619 228
624 290
280 206
111 586
170 68
252 602
144 668
586 166
526 510
603 133
332 669
676 471
437 185
585 266
150 521
695 396
617 247
632 14
583 337
1 567
376 349
398 368
548 255
361 423
89 400
390 455
463 582
398 626
359 373
691 226
532 454
554 498
685 227
99 150
221 207
303 121
131 337
323 413
418 253
592 466
136 562
471 241
657 78
366 342
531 477
75 669
233 563
501 287
607 412
643 74
485 446
520 366
621 50
29 78
474 484
335 264
162 262
112 166
252 333
206 155
72 94
543 223
3 677
103 473
680 533
326 544
127 229
337 398
625 420
62 670
242 191
229 261
98 620
153 73
637 80
208 563
541 295
345 131
14 473
301 204
218 552
493 346
118 50
195 118
337 546
538 362
127 288
131 691
70 176
689 153
171 406
320 582
637 616
73 272
542 62
264 28
633 567
657 450
496 205
29 397
597 622
238 68
668 107
69 203
180 173
650 282
257 63
464 16
645 548
660 134
547 551
199 441
493 527
3 433
630 527
3 560
322 59
500 224
114 694
65 462
173 3
82 135
83 184
691 595
669 309
446 205
490 18
113 695
449 414
88 176
628 551
89 548
582 386
196 125
532 441
197 113
216 560
553 311
446 319
168 20
121 89
557 411
490 227
388 443
214 162
7 309
511 302
479 560
45 662
452 468
618 485
202 201
569 633
451 517
452 54
146 149
228 433
175 524
7 495
444 125
299 389
302 524
235 310
218 20
80 484
62 410
662 52
19 696
76 635
7 477
283 257
361 633
410 296
246 162
660 38
400 537
447 394
497 349
591 109
648 385
60 449
554 248
80 365
281 469
569 6
198 299
678 66
308 691
364 346
279 26
428 237
239 496
262 142
534 38
173 84
527 566
36 175
222 424
682 562
549 210
541 370
35 600
489 190
551 205
677 687
593 693
605 449
264 334
102 7
40 217
286 464
645 392
631 209
63 652
531 350
328 170
424 479
673 693
294 185
428 250
559 680
362 214
449 375
367 350
109 427
662 307
658 688
383 62
239 49
290 8
528 220
626 223
510 134
594 267
324 605
402 630
213 199
284 270
559 678
315 122
119 630
666 83
636 303
197 208
467 243
544 644
511 596
584 272
486 164
34 383
349 184
104 456
491 528
60 135
110 328
661 646
94 449
580 461
162 78
582 94
455 328
152 637
381 77
128 106
565 547
337 450
286 83
478 423
407 437
296 672
31 542
683 408
381 178
695 195
292 223
451 494
301 549
676 332
401 635
452 636
262 668
627 283
466 132
117 299
92 629
15 163
254 76
612 471
225 235
101 371
501 189
31 413
591 217
278 646
494 669
198 697
348 49
129 675
245 70
72 537
609 122
111 493
455 662
94 200
21 605
490 434
362 135
250 686
449 461
104 277
240 48
431 519
656 356
387 385
43 255
561 306
369 89
427 621
681 677
142 269
323 65
399 16
437 200
583 227
370 79
106 338
82 168
362 435
532 348
166 401
698 53
510 627
387 306
106 88
116 37
256 376
291 358
582 371
464 630
433 581
107 442
623 18
596 73
538 313
189 483
428 58
265 323
345 681
205 20
476 8
46 453
451 223
265 538
555 483
255 20
584 660
593 57
208 185
207 244
307 0
96 326
37 81
620 199
519 339
632 455
579 131
509 600
49 234
337 623
79 333
650 651
568 502
324 20
82 48
429 120
7 40
273 426
16 484
174 162
584 519
413 608
402 244
391 422
167 421
651 571
615 361
257 397
29 325
376 133
96 253
619 113
278 86
512 570
279 355
164 526
233 125
388 320
583 136
470 554
268 523
71 466
37 88
376 503
441 643
32 265
47 434
696 452
305 151
353 125
307 486
548 411
173 184
331 383
360 409
290 388
117 54
387 133
321 197
468 275
176 526
211 131
255 382
369 258
545 504
551 221
95 116
54 351
136 294
347 168
11 241
98 656
647 325
612 206
644 630
396 124
145 644
18 375
633 410
195 232
56 260
43 181
40 308
266 253
429 303
7 197
620 567
511 359
359 675
89 212
257 0
587 670
274 386
561 437
32 622
663 83
340 423
612 345
127 375
547 382
38 358
637 549
410 496
662 186
415 338
99 200
317 13
396 456
244 661
583 487
155 48
256 613
452 238
59 389
127 491
275 26
132 268
159 489
71 91
604 490
487 171
76 639
116 428
16 84
21 603
514 661
178 409
608 481
380 231
233 664
423 613
201 653
222 123
330 296
394 179
470 598
400 399
194 455
356 125
543 415
298 484
292 297
463 445
461 606
465 383
663 463
331 387
336 184
417 536
582 314
352 24
75 64
323 255
344 407
262 66
613 63
117 22
685 408
2 559
106 633
175 156
144 590
571 245
224 214
6 638
479 413
384 281
301 18
252 518
609 16
584 185
629 167
195 674
262 381
166 544
559 272
152 121
501 491
215 348
688 110
632 696
554 601
248 197
359 694
153 203
511 441
439 405
617 463
276 192
646 355
339 468
345 398
531 59
308 141
160 571
5 568
125 41
427 531
286 433
500 37
372 274
573 397
255 264
106 548
199 59
208 11
356 346
80 189
670 469
36 638
428 218
648 660
670 680
595 191
86 263
375 84
686 675
423 490
1 96
132 461
51 228
32 538
500 388
554 258
499 410
626 607
403 192
679 490
364 277
231 560
104 519
163 151
225 309
433 266
156 149
19 339
252 516
449 154
231 496
170 234
194 119
38 264
522 70
292 78
119 663
295 306
124 385
153 631
339 282
418 230
519 88
409 75
521 260
471 302
191 652
132 422
206 590
85 166
161 644
336 577
121 464
48 546
327 648
1 661
121 332
577 561
114 67
36 520
684 600
698 252
9 338
657 491
275 312
250 486
348 512
26 281
499 118
589 517
73 225
84 282
680 582
558 299
565 621
53 0
525 463
199 323
285 270
353 340
384 316
667 676
392 167
314 589
278 561
80 148
594 645
312 447
616 91
690 426
683 417
80 696
274 147
315 681
635 653
531 256
42 356
58 198
215 329
361 247
407 259
498 49
138 481
553 424
586 84
224 516
154 332
552 221
280 580
360 376
213 444
196 387
121 48
301 115
37 308
199 552
20 143
391 158
55 313
27 268
417 472
347 346
114 532
201 81
368 165
333 512
456 699
531 536
665 388
214 309
576 135
183 206
490 40
427 262
428 567
657 370
579 92
284 334
224 100
406 620
506 462
195 389
608 468
665 507
200 493
44 123
88 102
80 522
616 258
210 115
482 466
78 239
340 613
286 404
280 392
302 253
484 233
670 1
547 452
374 285
274 565
457 258
468 453
89 527
221 217
614 394
121 543
313 8
688 618
240 382
109 279
192 234
639 190
184 143
123 106
207 154
572 605
254 6
656 111
32 427
144 305
416 384
688 161
683 358
598 554
374 353
602 164
508 190
536 669
452 281
137 506
185 142
453 144
516 580
131 582
427 316
124 353
303 430
614 430
284 520
562 281
365 667
350 539
218 635
66 48
300 504
637 19
346 130
481 298
215 414
197 470
324 585
524 530
603 672
221 562
437 354
568 588
90 608
419 488
12 529
65 263
662 142
459 669
600 464
360 202
591 115
253 607
548 571
35 563
628 83
150 173
580 387
166 101
225 584
694 555
543 352
578 396
237 633
544 293
78 493
220 126
363 221
126 506
136 262
155 581
82 452
214 84
303 403
271 497
572 72
447 131
184 187
221 656
507 187
381 66
31 81
80 582
442 668
398 153
14 657
172 488
373 169
604 109
36 524
58 584
661 16
368 360
296 32
153 237
307 541
645 170
346 104
341 392
135 682
140 551
201 612
164 177
407 659
399 136
613 66
81 215
144 370
245 659
437 313
292 191
550 190
3 16
672 375
493 579
627 339
167 662
529 399
133 552
676 682
103 58
44 177
368 60
618 157
60 466
497 418
398 511
468 584
252 455
608 386
345 100
384 362
290 384
599 455
629 650
23 390
566 92
637 686
442 545
635 22
546 1
367 283
86 457
224 467
220 181
79 61
446 49
588 98
413 221
411 527
553 279
410 35
563 495
183 80
142 200
630 211
694 489
155 161
469 641
240 593
631 481
691 437
673 253
688 173
98 266
519 269
485 232
643 231
622 236
151 519
534 690
96 387
262 540
38 374
162 400
492 636
240 28
330 587
368 369
362 301
289 199
160 637
69 63
187 390
167 687
248 65
667 419
385 257
352 211
158 139
478 633
584 585
322 166
130 389
98 587
300 38
187 542
42 308
275 660
296 610
605 626
660 20
522 622
589 342
140 310
503 325
81 639
419 376
221 679
412 678
345 343
21 476
43 320
371 157
296 7
469 286
407 660
684 174
115 114
560 368
659 180
291 117
544 495
237 384
35 70
546 625
127 417
619 85
390 310
300 427
606 336
529 412
550 6
321 310
597 332
225 61
225 442
352 170
694 424
388 610
684 18
74 303
476 514
166 267
142 117
500 81
497 10
413 481
58 424
18 593
370 384
488 127
279 104
537 365
525 311
81 383
368 196
118 465
238 149
686 552
255 83
422 510
37 545
474 679
652 13
163 552
606 182
601 169
9 418
256 403
342 86
139 226
303 540
617 342
225 631
547 397
506 255
436 398
270 325
56 601
403 234
94 646
380 640
131 660
290 209
356 276
103 233
286 194
307 176
413 206
11 358
409 52
593 239
192 382
109 502
201 296
122 455
229 352
52 594
139 202
466 373
134 42
450 277
252 343
660 284
172 24
209 690
345 372
522 368
672 405
265 350
355 600
240 128
110 407
503 401
171 675
478 254
262 303
566 358
414 478
588 101
137 221
306 192
26 241
557 301
404 42
572 355
143 661
578 43
417 616
594 693
193 307
62 226
147 100
612 557
531 81
462 642
202 284
401 614
398 520
135 311
597 69
42 130
432 396
215 396
9 273
106 261
592 582
341 685
114 649
696 446
441 648
230 361
97 662
552 685
157 679
456 3
404 637
184 393
697 411
508 23
541 522
120 543
603 203
68 389
577 211
255 375
594 154
598 304
686 233
61 381
42 300
130 231
46 317
679 317
600 691
169 448
301 45
287 51
409 509
58 514
317 258
415 227
316 502
403 243
523 72
254 659
316 355
7 235
457 214
599 573
163 541
657 493
518 450
344 489
524 153
466 469
224 465
339 407
641 315
37 460
256 170
267 464
469 627
297 621
113 64
397 185
93 299
332 2
601 43
454 85
184 435
326 318
254 491
87 696
587 384
16 97
15 554
186 450
298 567
387 368
93 547
296 644
270 122
113 40
216 574
380 500
225 674
396 556
223 327
453 528
431 698
672 108
258 250
381 517
195 164
87 48
52 218
565 697
535 375
657 582
481 217
36 397
375 388
538 144
580 197
110 263
233 378
385 676
193 636
173 210
96 414
128 398
593 9
496 266
601 20
394 162
321 280
429 678
10 157
216 249
411 384
42 589
206 23
60 278
654 200
90 573
641 172
306 151
202 152
629 419
483 360
139 313
27 598
194 83
684 56
438 218
645 589
83 693
575 476
133 10
481 137
562 142
183 20
515 174
475 51
429 161
528 192
684 477
421 500
171 542
66 422
664 18
346 154
319 654
444 456
47 94
181 511
420 29
5 168
185 621
352 625
301 61
284 470
23 233
23 429
403 499
464 543
284 173
107 138
684 394
60 542
662 615
258 424
188 465
312 209
355 590
43 74
476 454
385 250
604 669
213 608
254 496
88 531
124 473
196 205
80 200
346 686
632 405
175 675
618 379
400 128
453 348
99 391
429 24
278 643
467 162
637 553
188 95
467 359
618 188
592 182
635 174
171 253
441 201
356 521
625 233
89 675
456 484
249 281
339 610
386 662
535 653
669 551
71 422
399 55
359 422
629 422
687 436
492 195
694 465
621 328
299 275
337 299
480 581
74 581
351 186
217 144
9 668
217 643
342 230
110 665
689 646
603 610
588 448
59 169
470 300
134 365
511 480
326 193
193 359
142 260
277 160
296 384
116 450
554 313
108 356
534 516
623 14
93 4
163 146
643 651
599 548
694 514
518 679
308 145
53 468
219 476
466 629
267 360
159 82
150 259
105 208
418 583
375 228
305 267
670 583
384 596
202 198
582 179
230 269
430 454
425 550
371 160
326 466
466 468
295 557
154 62
603 158
628 326
330 90
537 242
270 342
423 175
524 289
662 595
418 421
213 241
154 434
516 575
461 579
657 303
366 141
110 471
357 66
29 152
632 44
350 460
38 40
274 240
201 45
68 403
561 689
670 445
93 187
195 597
694 207
78 424
336 55
229 633
539 499
250 323
216 26
300 515
90 410
225 682
296 273
533 28
395 455
670 617
82 569
634 340
584 579
296 637
699 673
65 440
607 429
12 669
263 334
581 218
556 257
224 507
334 514
282 98
619 385
420 698
547 408
650 274
80 556
315 629
19 352
488 529
383 53
427 313
615 13
150 225
671 435
669 397
445 532
527 38
653 624
401 464
500 457
213 162
638 296
519 267
311 476
293 420
517 39
458 431
226 133
311 414
406 679
504 557
268 172
529 429
373 316
477 673
673 382
349 432
306 172
129 12
235 120
674 258
292 447
584 499
194 159
499 465
350 429
17 347
600 274
611 643
513 237
115 636
670 84
174 566
293 648
544 586
57 539
555 659
594 547
299 571
517 220
641 684
397 589
173 280
427 528
321 454
562 625
649 228
39 314
206 348
484 403
45 555
333 137
636 621
101 115
586 88
175 142
411 49
565 247
104 664
627 505
109 394
426 640
342 669
414 697
489 361
545 323
212 371
212 197
637 23
192 457
698 679
524 314
664 452
694 97
302 200
570 71
472 92
497 190
227 340
71 24
178 215
19 369
507 285
214 19
129 200
132 483
140 156
565 466
416 413
551 224
288 645
282 152
332 586
57 185
596 170
102 214
325 364
159 628
203 152
62 629
602 637
383 688
336 347
31 517
169 128
203 505
147 358
490 515
601 391
268 43
317 542
317 504
612 111
333 312
549 360
157 624
142 576
287 135
332 682
116 139
324 121
2 160
586 129
22 448
636 510
237 394
565 49
212 207
4 135
173 301
233 349
553 2
165 632
158 469
60 343
442 505
621 273
110 79
203 489
529 468
419 302
154 553
428 273
559 332
271 309
188 558
371 367
553 40
74 22
479 144
230 516
553 287
395 662
447 660
250 279
155 309
237 46
131 614
12 251
560 34
346 402
245 564
199 132
579 242
405 383
126 517
116 589
215 250
80 492
528 181
193 284
694 332
543 281
339 613
522 145
151 448
508 61
468 635
489 492
499 479
11 229
552 689
289 685
240 526
335 295
47 69
118 136
503 160
409 183
145 574
349 584
638 447
170 428
320 384
131 551
49 683
507 412
244 205
429 248
596 199
68 337
253 406
19 641
1 381
379 555
27 401
654 607
338 119
460 681
226 385
512 34
210 501
673 266
530 522
237 469
371 649
240 567
174 356
277 23
120 285
179 319
430 444
357 206
65 528
534 266
470 532
534 554
109 312
397 394
250 669
429 472
621 305
29 547
29 605
673 513
426 601
64 127
501 697
250 449
660 276
16 586
101 596
387 695
399 81
202 330
472 687
63 1
654 62
237 196
238 308
543 36
142 36
606 476
198 434
93 146
152 295
304 284
417 411
418 165
405 343
300 139
166 205
64 510
329 335
578 56
287 151
620 383
69 95
564 291
243 618
471 42
676 45
251 547
359 578
610 30
426 51
286 131
34 680
335 559
500 402
599 475
430 96
496 334
174 568
544 48
617 589
434 482
173 489
661 187
144 385
261 70
685 90
142 408
366 92
609 454
670 0
318 264
203 578
204 629
640 255
498 481
671 366
82 213
32 371
402 241
516 201
639 493
204 525
559 33
680 536
301 679
477 302
277 127
508 274
657 576
387 333
371 236
339 691
42 367
489 74
47 399
455 103
30 166
37 655
151 338
363 230
521 524
671 571
419 235
207 262
549 307
339 483
352 1
615 337
691 398
321 461
205 628
378 199
622 256
124 61
546 257
178 528
531 134
125 409
92 490
285 461
384 195
12 361
48 595
282 192
376 161
65 681
676 138
43 139
418 239
460 157
646 177
455 170
249 427
636 382
137 12
370 361
136 0
7 278
273 188
682 280
422 579
546 533
513 291
194 693
568 632
522 690
72 432
562 22
634 161
132 547
70 78
207 437
125 605
474 95
161 315
682 651
407 18
247 256
73 338
203 410
233 510
126 171
340 653
672 657
136 191
310 674
289 65
513 530
105 339
66 241
277 635
668 253
61 90
623 536
439 564
651 452
316 257
351 337
18 14
421 121
112 362
599 54
112 99
465 600
148 14
451 482
531 698
292 331
367 605
292 396
474 241
429 162
15 316
570 644
616 529
474 689
179 619
59 399
273 37
581 588
328 23
218 92
677 272
228 681
152 624
531 620
490 47
115 263
341 199
562 533
621 651
559 469
588 172
317 366
446 22
221 449
698 270
48 269
56 567
496 671
56 177
340 193
660 236
388 488
386 133
460 378
275 123
69 226
115 562
571 517
378 616
337 374
242 154
493 663
580 616
633 248
456 627
668 183
244 542
239 194
637 258
662 322
344 437
650 251
586 623
533 372
210 47
2 417
152 688
403 496
607 166
98 164
646 539
194 492
392 357
151 522
452 672
600 157
70 564
179 597
286 15
42 571
564 508
259 192
277 382
576 500
511 610
350 360
243 602
241 23
200 235
168 33
112 220
556 466
20 493
487 679
598 439
464 604
312 576
196 245
520 118
681 338
235 204
599 277
617 233
653 426
336 373
668 437
549 184
330 547
577 523
84 187
306 511
499 27
474 497
649 81
86 140
570 146
221 147
699 2
75 350
423 546
548 230
61 651
260 569
372 520
329 248
399 23
47 254
268 179
555 130
73 32
271 98
590 99
581 242
292 475
534 617
363 524
475 383
691 277
438 535
276 194
186 221
622 617
134 41
648 62
506 560
439 494
148 312
355 674
472 492
624 403
673 444
639 202
225 481
694 141
602 138
231 562
487 244
283 606
271 237
528 514
325 150
671 124
396 96
5 43
200 173
182 67
266 671
502 470
695 244
621 436
657 240
192 135
239 8
677 143
521 551
148 501
461 676
618 617
458 409
543 431
369 681
327 383
294 203
658 342
228 133
607 244
644 532
185 220
531 95
354 166
596 327
51 631
522 462
141 286
73 359
101 192
381 155
459 256
570 274
24 153
218 189
293 655
481 311
416 166
469 4
340 661
258 655
335 645
136 98
439 2
257 240
407 132
350 472
561 177
588 318
210 577
544 197
583 564
430 49
489 465
577 662
590 271
290 579
366 481
647 159
584 373
75 231
184 595
563 550
624 189
569 669
202 430
105 9
173 134
551 304
455 634
534 267
431 198
195 288
365 516
361 634
393 317
93 336
388 39
634 46
140 392
560 328
68 648
677 275
482 560
109 332
240 577
88 516
233 348
251 51
174 367
83 670
261 298
109 59
441 18
489 473
487 391
9 461
43 411
656 673
438 275
332 285
70 493
170 312
525 60
34 124
618 276
457 366
226 657
379 653
47 305
618 694
370 209
467 116
436 143
445 671
576 248
113 223
361 326
352 236
230 171
321 393
259 420
125 350
234 316
215 302
601 69
70 447
571 50
397 53
32 135
599 691
658 450
55 112
480 215
46 383
240 463
631 611
446 302
43 36
382 647
185 8
603 353
462 236
563 193
659 215
592 135
647 653
441 636
409 53
268 283
313 502
537 675
484 679
296 347
370 213
491 633
262 596
473 230
382 677
526 103
584 108
391 680
338 540
157 482
346 489
642 332
557 53
459 50
347 381
125 340
332 0
399 99
510 205
477 605
649 545
382 132
674 397
289 509
604 517
637 151
645 180
516 189
186 395
569 301
251 125
292 373
260 630
258 235
351 273
354 104
235 697
302 120
288 89
267 59
552 539
194 34
228 202
679 135
340 636
250 11
479 286
384 190
410 66
406 430
567 200
676 416
35 397
356 244
136 504
269 227
53 95
329 636
631 674
16 629
169 125
34 272
355 50
326 447
23 523
70 346
609 19
365 185
583 665
548 438
627 508
73 408
68 190
170 448
263 105
432 657
121 675
689 100
462 615
90 561
360 180
428 423
74 262
361 430
397 339
484 145
77 647
208 532
99 475
124 381
395 104
564 227
476 419
304 557
327 436
344 214
15 104
392 362
283 34
267 678
604 265
251 448
135 161
499 606
392 211
180 177
523 548
94 132
489 274
191 663
609 206
204 589
56 355
272 228
333 104
2 81
396 221
663 188
498 375
362 68
346 108
279 10
17 282
539 162
602 156
630 407
14 322
512 361
89 100
621 396
135 61
498 222
63 311
315 534
158 504
350 109
511 315
203 589
243 62
475 529
116 208
513 668
632 691
333 621
687 375
30 148
674 84
51 550
225 85
89 189
122 490
692 444
599 604
624 657
255 531
670 621
557 262
252 359
135 484
104 306
471 537
498 663
429 119
151 355
609 424
664 350
168 473
425 601
180 491
72 357
299 698
92 251
590 546
102 45
86 487
661 170
188 15
583 556
673 609
30 357
563 8
452 529
206 35
346 278
641 411
227 530
467 464
542 486
550 434
284 224
347 178
154 56
333 661
85 653
38 7
329 388
375 177
291 16
399 309
321 607
253 265
178 355
425 84
95 297
578 307
92 2
320 66
368 169
215 293
317 162
312 128
671 56
350 260
50 680
673 337
142 202
535 115
511 8
323 96
54 141
341 554
111 364
497 396
298 501
402 596
527 292
40 72
576 326
679 529
355 259
183 571
604 352
194 250
382 535
663 658
98 186
101 646
147 653
219 357
77 665
294 143
245 404
471 363
265 379
538 582
75 554
113 99
633 137
352 687
172 228
186 193
671 432
160 229
87 45
352 486
452 376
247 89
246 183
293 29
216 409
326 588
275 659
44 90
594 604
353 3
375 615
324 523
217 2
81 354
458 292
459 565
537 427
547 194
260 203
52 493
28 334
465 51
390 267
200 101
676 218
295 121
124 314
660 379
267 412
512 250
539 645
323 582
475 87
44 330
244 269
487 459
351 148
542 121
622 245
156 28
356 129
536 143
598 697
426 698
78 689
167 263
216 147
485 456
319 420
323 185
545 524
559 438
443 216
389 557
655 197
265 82
170 115
149 170
597 593
141 601
279 670
352 268
535 55
95 81
538 86
156 119
595 250
457 488
254 198
335 149
518 234
631 636
274 54
608 643
539 188
580 567
210 506
361 95
367 514
2 511
204 424
173 512
559 244
620 308
229 673
187 198
175 116
290 325
591 665
117 493
202 393
295 89
638 511
57 130
691 289
114 384
140 421
383 67
475 694
414 552
82 145
330 538
443 46
583 416
241 650
246 365
68 696
203 74
228 175
96 173
29 13
625 20
6 9
393 493
464 79
107 349
292 103
281 330
556 11
429 231
261 201
667 321
26 400
143 340
282 90
247 51
494 177
124 285
690 262
97 63
202 434
524 104
643 385
514 160
599 195
21 343
271 492
286 388
283 189
336 42
146 605
184 552
139 41
592 493
50 385
480 477
659 421
330 506
294 91
665 561
99 393
644 287
534 563
438 104
127 694
305 540
555 395
278 452
331 685
581 585
134 342
294 282
695 403
284 265
388 114
614 234
342 245
484 69
686 129
352 400
566 660
224 265
611 174
556 655
361 251
218 289
132 625
320 129
332 216
498 653
120 249
234 601
143 304
675 243
493 401
79 323
577 489
512 305
364 637
107 162
353 79
140 514
219 333
93 416
154 263
42 586
348 578
234 79
452 517
58 92
428 336
145 689
699 168
518 488
129 389
487 420
698 610
541 240
412 532
588 649
65 377
624 351
197 83
469 394
19 430
316 391
670 54
213 22
674 671
660 52
152 234
671 413
485 197
603 516
113 285
245 198
520 484
527 200
335 505
1 318
105 53
526 86
369 219
508 614
650 639
397 396
617 260
157 202
381 168
349 194
138 506
34 114
214 475
441 437
344 144
569 462
552 597
233 195
642 91
302 132
500 687
328 398
71 309
201 607
526 455
515 35
416 210
340 163
103 574
493 434
420 457
249 697
54 310
425 148
380 676
277 166
32 109
557 131
690 476
328 340
39 152
447 118
41 151
201 649
693 87
340 654
208 381
153 521
141 619
432 576
449 494
138 622
503 150
483 561
197 402
352 629
447 558
635 281
642 270
336 112
634 63
395 13
27 135
558 167
132 601
433 351
320 123
126 378
366 113
607 212
395 404
110 478
185 207
67 38
94 316
57 663
47 515
188 636
596 512
479 680
661 233
115 303
88 582
299 416
180 104
586 20
693 268
469 170
512 641
693 536
78 386
173 221
483 295
584 252
190 310
317 665
554 25
32 476
692 592
665 96
633 76
659 632
648 686
258 503
203 685
382 611
487 564
321 671
19 215
583 410
260 165
652 668
92 18
424 133
305 140
124 448
153 646
250 518
112 51
604 219
82 65
374 686
625 63
589 124
215 419
653 536
405 206
41 243
136 591
386 153
545 310
528 62
396 422
389 477
76 29
113 184
543 95
543 652
435 8
638 590
54 621
249 166
292 455
125 230
581 678
307 166
306 519
636 162
47 488
185 129
196 143
307 664
77 380
475 551
294 239
177 568
364 169
695 509
77 685
486 36
500 468
279 608
36 241
568 109
498 587
192 617
94 44
162 582
247 495
689 645
459 302
319 660
168 341
644 129
227 557
282 149
643 391
400 278
603 259
649 304
160 296
380 320
484 610
185 71
672 686
92 496
266 415
438 385
424 488
269 657
427 661
214 276
202 143
326 568
160 518
467 191
147 72
478 521
163 531
283 101
549 389
604 63
453 69
459 286
504 236
496 530
492 697
259 523
451 477
84 457
227 82
595 378
656 484
228 396
396 0
235 337
684 401
305 76
696 149
67 661
329 436
156 344
44 674
362 593
391 676
596 554
494 93
131 256
583 356
295 530
8 123
606 199
179 557
449 385
528 216
129 638
89 79
121 254
613 206
535 644
613 654
85 516
535 330
691 407
54 102
190 373
27 368
646 480
529 575
56 651
427 516
179 440
654 220
123 586
139 235
190 96
558 134
354 287
415 657
589 425
146 608
451 333
373 111
532 557
115 655
574 356
314 244
626 450
209 233
82 496
269 575
215 447
268 370
325 634
252 78
539 5
407 178
412 248
679 167
479 352
315 562
538 409
347 473
164 692
529 278
212 351
628 37
163 53
502 494
620 301
677 583
680 621
629 548
442 610
448 72
354 485
657 66
448 297
442 54
161 663
213 132
146 79
75 430
499 593
694 636
184 369
172 153
129 304
566 596
534 528
315 618
69 662
261 478
576 314
232 520
407 152
48 103
101 247
566 224
36 306
433 261
280 80
69 352
533 498
529 601
156 622
656 282
219 501
577 344
253 241
524 542
358 451
119 387
568 199
629 201
632 22
130 167
456 375
607 627
508 431
371 382
342 654
296 55
469 387
542 35
148 343
571 422
148 488
421 634
287 570
405 360
460 531
576 503
368 581
132 354
395 425
350 682
260 372
558 468
506 213
689 601
498 639
434 220
15 308
627 610
194 242
487 403
114 667
519 579
101 57
91 24
256 582
501 692
444 648
152 471
37 566
663 206
40 117
657 489
174 672
244 566
478 543
661 266
260 430
442 554
537 357
515 185
498 456
134 565
540 635
324 389
459 257
179 259
682 475
578 326
339 687
177 99
31 281
148 630
357 60
154 23
693 160
631 135
493 89
673 137
310 339
340 514
128 291
225 86
327 500
102 288
181 662
607 379
205 696
101 106
582 282
671 23
646 545
193 459
147 90
341 290
322 24
574 208
124 648
37 0
644 541
675 261
22 209
197 36
59 30
157 156
685 332
8 529
371 505
237 146
290 127
682 357
657 61
3 212
365 620
541 669
379 462
4 440
369 414
262 25
79 327
233 85
354 336
567 174
606 229
216 359
573 239
318 88
660 645
471 460
128 18
516 507
381 550
325 211
253 620
302 232
474 221
125 59
499 116
585 652
346 576
594 373
139 697
52 637
181 239
317 161
41 552
88 453
521 557
505 331
156 143
542 198
392 564
110 121
98 87
355 452
508 553
273 398
175 587
52 482
332 541
65 460
78 481
494 143
434 249
66 375
305 502
24 148
324 405
587 101
372 0
489 43
585 45
235 682
319 81
110 676
489 54
659 380
154 419
169 609
289 655
632 671
280 213
413 80
246 400
502 636
258 393
421 379
344 311
212 516
95 184
583 178
41 4
78 571
258 247
549 99
259 54
51 248
267 107
155 586
549 357
177 120
60 473
593 635
476 38
381 250
498 572
537 527
95 507
602 313
147 670
533 156
629 84
337 130
515 654
359 683
693 580
139 322
591 374
21 416
69 616
469 620
440 308
341 307
150 432
158 679
81 21
48 312
519 684
294 157
380 568
190 535
271 250
616 337
620 501
660 546
61 175
53 696
102 660
572 615
84 577
145 403
496 151
519 630
91 211
278 612
629 282
41 170
53 126
172 525
538 197
286 130
427 332
275 617
595 484
584 429
139 427
208 228
24 598
118 674
26 624
671 482
243 579
698 279
392 168
87 485
666 286
474 685
417 18
206 493
564 562
472 62
112 35
254 112
230 585
430 398
509 206
401 222
292 552
227 119
165 464
399 294
695 299
376 2
213 221
65 330
537 4
412 182
247 514
358 258
121 71
536 81
524 245
268 260
309 359
195 176
403 623
136 157
569 111
144 97
50 15
237 106
572 538
577 248
173 21
263 331
563 617
44 38
49 295
