700 12500
478 84
648 430
367 515
416 379
543 54
26 623
107 463
205 312
141 430
35 646
291 74
314 292
206 337
266 162
402 307
552 278
263 473
652 458
298 87
665 546
320 400
696 481
291 557
164 241
211 55
575 459
268 464
363 291
503 497
552 329
266 132
411 387
311 155
272 152
390 610
695 122
425 427
257 167
543 580
126 644
661 199
74 581
655 235
632 446
479 195
459 642
233 306
229 545
575 654
310 361
250 246
625 210
530 184
332 545
637 79
102 379
124 554
39 372
11 129
557 613
488 426
492 330
165 314
192 17
554 407
461 472
160 87
586 264
691 418
337 697
134 223
393 111
486 363
616 511
81 245
296 511
318 224
571 214
349 596
254 278
576 341
599 571
236 621
539 688
25 337
384 120
131 202
174 614
182 363
86 463
238 470
449 344
583 501
587 613
163 49
622 39
168 42
500 555
195 94
158 244
151 427
440 344
292 697
382 378
638 301
504 138
367 480
41 626
35 537
311 465
147 221
13 407
548 485
346 156
634 309
72 7
611 400
123 538
60 530
610 694
110 50
554 321
594 413
492 662
618 539
272 457
444 696
43 8
408 344
378 365
586 248
68 16
58 575
291 208
237 127
499 614
325 173
452 24
192 504
303 527
372 74
410 462
474 506
516 238
232 459
99 475
46 485
571 158
133 264
514 429
624 641
570 594
99 381
172 480
626 520
460 205
61 603
527 665
263 6
337 628
441 575
629 112
383 111
168 582
326 588
668 642
246 63
530 354
573 403
563 398
502 203
393 624
142 54
20 683
658 102
189 257
280 685
375 367
467 8
590 465
22 472
323 61
339 36
448 429
315 94
398 104
228 438
450 425
626 162
206 678
82 563
591 381
437 93
84 381
349 463
310 264
474 265
493 236
344 348
183 505
438 159
89 619
227 177
461 137
60 295
41 517
386 673
262 361
186 226
535 653
439 298
73 549
616 528
647 419
204 245
288 323
618 584
522 283
149 32
29 650
513 229
269 424
165 487
267 242
421 365
378 173
528 574
24 107
220 362
639 460
109 22
282 488
585 217
608 471
265 305
623 438
147 358
88 577
116 156
333 163
456 558
35 301
310 352
412 146
207 690
599 453
141 72
258 448
117 125
521 345
565 8
125 41
193 655
612 220
578 686
348 349
425 336
274 505
511 679
173 476
504 117
432 485
105 43
233 4
127 256
681 605
211 603
220 530
287 481
685 556
415 44
256 87
609 490
206 178
480 204
331 363
48 173
200 359
203 675
314 24
268 85
286 357
518 213
457 122
607 106
533 564
353 67
6 111
429 148
362 293
276 119
134 300
141 602
492 344
536 34
96 117
676 612
486 415
394 313
335 280
490 246
575 631
126 229
565 221
122 29
41 127
604 410
621 649
395 128
441 207
587 574
581 659
436 406
449 263
307 562
410 520
439 565
561 388
171 439
224 430
268 216
364 558
547 449
381 102
577 169
130 445
450 163
416 290
573 697
324 152
689 106
586 661
104 174
96 177
185 275
246 388
20 335
297 662
45 310
594 383
186 104
27 94
57 234
519 180
678 23
598 477
238 188
641 146
292 518
202 129
574 216
373 124
640 242
523 70
385 680
328 188
180 298
26 360
355 542
522 222
494 550
457 483
207 382
351 87
20 141
546 155
383 460
77 106
400 344
20 86
73 396
57 222
176 455
625 496
303 557
528 309
140 18
635 206
441 313
252 505
487 6
617 679
185 571
293 154
44 681
658 98
681 115
268 331
139 503
439 524
242 454
283 312
342 669
367 592
521 48
86 519
466 597
596 652
353 103
125 140
533 320
138 683
468 551
496 499
91 87
7 73
140 217
400 469
602 524
560 82
432 698
518 350
173 479
414 231
248 308
343 584
234 644
285 610
565 656
33 87
284 434
158 431
361 95
560 564
238 147
521 140
595 539
674 33
392 303
3 235
570 35
654 604
519 484
463 452
690 110
290 532
178 123
288 618
315 65
87 622
263 89
17 699
476 669
310 455
117 621
250 507
660 317
359 142
196 65
63 111
28 581
157 588
683 292
12 589
697 197
470 645
211 322
341 631
658 27
66 501
37 220
353 483
467 266
35 490
88 39
70 162
77 333
288 65
565 26
72 695
181 104
622 352
476 544
182 11
617 496
618 284
179 321
10 641
357 545
629 533
32 98
22 217
161 506
128 582
433 47
391 218
3 443
523 322
307 346
272 48
427 377
189 336
536 415
180 303
653 130
187 42
192 258
577 383
327 247
58 419
665 600
596 190
648 136
114 353
358 698
446 600
396 118
34 407
445 476
95 534
144 231
13 476
354 264
174 185
349 324
209 361
611 309
463 450
40 309
662 75
484 411
425 521
186 47
515 417
422 48
468 592
388 264
205 480
30 281
291 407
486 234
302 428
482 111
78 161
28 513
328 483
328 242
246 461
113 310
72 154
333 415
54 425
433 86
340 543
71 300
25 308
141 190
117 9
567 191
616 242
569 417
572 348
620 394
351 507
482 460
131 324
693 560
444 123
133 254
33 292
649 538
150 5
411 121
191 684
516 178
2 256
436 173
660 416
661 139
16 380
414 391
602 517
488 276
343 238
503 373
255 495
643 470
584 441
78 254
450 645
172 329
453 46
296 262
277 259
557 382
211 583
51 595
108 497
207 477
309 19
152 537
617 413
362 278
131 505
475 44
7 692
532 600
456 592
250 334
16 677
487 557
289 60
434 121
489 343
577 293
489 381
612 110
232 102
469 267
354 309
456 421
362 688
403 346
58 314
290 53
407 317
675 344
47 200
436 47
671 254
48 243
655 105
540 273
248 47
85 187
286 302
659 362
228 417
186 477
586 581
17 112
643 565
558 586
546 417
445 483
231 305
81 425
307 401
498 476
454 687
387 586
170 108
325 41
346 282
644 212
680 244
87 425
165 36
607 220
416 377
34 216
518 479
540 413
374 571
401 351
16 167
142 644
59 435
613 646
186 161
362 188
304 135
207 557
551 698
324 515
488 76
40 188
617 484
621 333
674 559
682 528
253 230
303 120
652 350
392 295
430 244
319 502
163 115
561 286
227 416
610 38
448 61
292 330
574 5
646 382
335 157
116 152
297 446
193 74
379 500
659 685
579 282
287 415
50 659
680 228
32 227
62 209
167 461
331 219
611 223
187 23
384 674
109 258
19 242
97 526
572 612
675 523
258 136
573 435
141 283
93 237
185 83
304 129
70 139
342 35
389 139
173 635
412 546
173 377
431 683
109 480
646 616
396 688
121 257
205 455
388 252
258 323
435 352
155 117
235 261
232 198
418 60
238 168
21 40
613 527
154 574
656 340
536 580
84 511
230 138
65 570
611 669
350 311
502 656
112 417
691 365
240 526
123 225
163 334
381 674
226 348
124 281
415 239
493 456
641 665
647 606
356 412
415 286
25 266
430 474
428 360
11 696
130 101
635 448
284 415
443 109
660 119
78 604
416 684
183 320
256 616
213 689
525 219
78 639
361 170
644 329
32 489
166 358
399 482
461 74
212 519
517 259
492 176
188 415
570 494
605 216
125 5
13 46
546 506
245 207
276 171
614 631
195 1
650 46
683 612
219 166
76 342
546 57
593 299
320 25
141 285
144 78
669 226
680 14
464 125
136 205
585 54
552 303
161 496
414 205
294 303
239 647
102 530
123 6
550 362
66 471
152 328
85 514
465 286
26 17
672 52
321 39
85 144
522 672
39 578
63 261
289 464
693 641
690 19
133 178
658 535
218 37
212 164
430 643
421 17
465 9
228 450
660 413
387 219
497 74
613 384
680 0
513 168
451 540
128 344
352 596
299 390
252 223
552 621
582 595
20 98
318 21
301 22
301 224
83 12
627 561
35 172
194 341
450 436
395 418
543 378
588 655
96 151
362 197
155 344
363 158
419 402
8 150
76 367
220 571
148 366
210 542
548 539
572 48
175 490
278 688
571 282
291 476
451 123
16 426
136 663
574 263
560 455
608 557
148 605
414 450
43 311
13 39
204 360
37 504
9 35
310 91
374 385
563 513
371 19
212 157
20 603
655 44
446 19
346 37
508 289
467 562
478 76
336 63
450 651
288 458
389 349
375 581
253 266
351 61
138 331
420 450
550 241
379 170
355 557
69 590
261 545
646 423
244 617
281 129
591 318
610 295
625 116
303 427
334 219
329 138
243 422
561 698
570 666
640 539
126 555
38 73
656 468
299 520
207 344
84 295
163 255
454 389
553 16
667 500
147 456
203 644
36 159
176 354
27 105
647 467
78 259
175 37
550 450
482 483
520 125
488 85
482 84
545 148
479 584
679 336
118 253
87 240
62 251
557 444
544 383
366 82
243 429
376 669
68 473
560 483
362 58
175 643
291 526
175 550
592 23
512 355
583 362
430 65
634 555
507 358
124 678
111 617
17 241
297 51
191 363
36 135
669 109
391 79
9 273
491 653
675 138
622 187
453 310
471 695
60 383
467 578
604 544
546 63
538 561
519 527
489 234
409 311
129 430
464 328
613 347
636 109
441 199
382 145
566 632
657 658
632 319
285 584
299 468
580 170
210 610
512 547
63 161
672 479
198 532
76 148
317 99
294 626
259 100
352 417
92 299
185 468
52 677
386 72
541 634
578 26
159 409
272 327
550 94
504 231
403 101
680 106
297 284
486 319
62 512
88 676
299 277
509 317
446 518
448 194
564 133
258 196
474 489
423 222
422 653
232 432
78 511
520 694
167 699
388 249
182 625
654 139
676 64
63 507
651 568
493 36
214 255
171 576
620 203
250 555
569 565
653 561
267 462
632 650
363 485
162 229
17 597
246 417
290 364
355 66
22 502
34 672
53 564
129 380
184 422
516 138
686 429
391 413
649 578
225 614
346 2
7 675
364 450
64 562
293 693
646 577
166 16
13 626
266 111
576 622
297 340
346 23
441 421
335 370
346 664
120 418
505 439
402 319
288 699
83 102
608 543
597 186
357 312
162 480
412 237
260 19
202 450
405 630
296 57
364 250
274 152
411 189
608 305
143 681
261 507
333 469
6 283
200 585
170 391
462 654
617 253
611 581
183 630
395 67
400 155
306 385
119 215
574 343
352 351
693 418
679 663
557 597
101 260
524 300
231 418
699 286
516 541
409 58
144 484
477 313
540 336
127 621
699 92
518 273
13 580
633 438
377 2
377 194
301 662
379 43
65 480
348 218
84 244
255 424
377 572
646 480
499 28
60 105
384 509
391 695
67 296
167 322
34 284
535 575
352 465
632 515
79 416
107 593
117 20
577 192
270 248
186 29
418 171
513 641
254 423
349 239
39 99
219 601
598 287
479 323
28 506
653 670
432 308
230 461
406 215
452 492
50 359
436 478
56 190
460 146
266 443
518 447
652 477
251 111
568 514
285 566
577 400
167 621
364 366
145 12
160 408
267 98
215 496
292 185
370 548
284 567
555 231
134 387
571 204
27 375
230 178
263 619
479 312
631 639
552 304
1 270
17 645
102 218
487 472
336 504
690 533
400 2
71 83
617 265
434 560
420 214
342 30
391 654
317 67
429 590
658 438
448 440
15 504
456 548
553 281
635 17
288 328
241 667
202 545
343 517
453 435
528 505
98 677
18 233
396 245
204 63
23 3
335 141
451 372
221 692
676 20
241 561
141 130
575 521
404 115
352 94
149 560
336 101
641 643
354 202
561 622
525 16
194 684
680 340
7 529
203 497
339 372
329 356
662 348
170 608
189 621
512 352
452 208
28 97
34 305
675 418
164 616
136 218
434 130
82 391
134 339
76 652
137 217
560 479
305 279
499 133
677 182
256 487
239 362
541 44
613 439
588 381
609 517
63 201
539 341
476 217
178 619
320 637
589 698
640 535
57 624
103 18
345 247
498 345
144 431
31 150
688 500
155 58
210 584
189 190
286 283
623 174
525 623
684 130
656 450
177 426
595 165
208 202
322 175
647 674
305 244
454 376
251 624
209 156
218 70
112 276
596 285
693 134
10 247
610 534
121 355
79 642
572 115
414 270
332 181
295 226
588 372
90 548
660 334
228 289
129 667
359 452
390 247
525 328
193 607
519 503
689 380
331 232
80 298
372 346
492 73
26 424
258 39
616 277
589 537
523 438
204 224
667 620
510 379
332 72
526 678
39 687
610 72
420 445
139 543
409 622
419 446
455 29
57 632
662 108
624 507
48 114
544 145
79 625
434 581
350 54
652 584
329 454
534 626
28 678
183 507
261 646
640 379
693 275
592 645
590 582
292 160
247 492
34 464
206 322
215 263
590 660
673 343
43 169
435 179
166 225
189 652
235 289
460 304
186 614
163 692
484 51
420 372
409 167
378 423
493 281
0 458
410 383
541 38
415 506
232 120
238 305
515 452
412 349
78 626
568 173
377 637
117 476
245 675
656 405
558 655
533 493
63 693
140 195
645 307
420 647
256 43
178 113
129 375
545 436
218 550
695 396
382 444
564 638
281 458
682 449
460 654
291 604
261 629
178 126
275 628
414 202
159 424
688 300
413 638
351 414
209 131
342 157
90 274
355 676
447 196
242 162
587 485
540 24
618 6
336 411
656 253
399 447
509 417
522 118
636 193
673 20
604 171
484 589
377 103
17 479
197 171
289 33
29 176
195 400
556 136
596 676
14 55
57 688
627 162
262 231
261 15
235 317
258 282
626 163
678 435
626 421
198 633
685 285
585 120
562 685
206 176
579 18
225 657
206 271
631 2
76 640
584 592
276 71
629 650
231 138
552 622
663 384
153 651
606 172
126 487
520 362
281 117
420 121
74 225
246 465
576 183
476 286
539 283
329 514
99 246
686 361
332 178
280 199
672 240
414 624
415 440
526 471
695 13
331 642
70 179
331 508
156 298
108 669
377 685
168 123
649 489
662 208
242 621
244 232
658 424
260 240
198 62
426 170
167 637
135 511
337 312
112 0
531 280
274 74
435 234
19 638
290 635
508 287
168 348
511 473
130 489
265 86
579 657
98 416
25 289
660 540
246 402
5 547
658 441
668 234
326 481
176 25
12 624
45 174
632 388
29 17
559 457
435 289
19 583
409 301
419 557
99 245
324 18
293 635
510 128
397 576
656 290
339 234
672 652
53 255
640 335
48 507
557 140
269 483
80 197
10 136
250 665
58 82
426 225
560 568
79 89
55 367
649 372
344 426
305 537
173 292
31 184
640 221
85 92
157 626
453 84
222 624
667 120
313 619
586 446
269 579
5 384
579 108
207 251
320 53
47 195
385 203
515 296
257 294
563 672
256 375
596 1
248 237
419 528
150 167
463 563
678 143
12 3
145 505
398 52
457 409
643 154
231 531
631 496
653 566
414 635
612 453
456 108
206 681
464 399
583 186
453 410
478 151
34 539
99 86
359 418
383 89
440 399
238 102
185 79
69 468
406 630
503 146
622 604
676 507
518 691
546 439
304 59
137 273
198 363
78 512
189 150
56 468
41 203
357 686
440 650
130 616
71 88
15 521
40 53
457 552
110 190
315 680
240 534
481 548
379 313
427 177
251 47
26 306
339 427
330 678
561 294
205 195
288 439
519 22
660 0
299 394
662 181
567 556
419 186
356 153
582 276
518 50
57 248
315 98
44 458
512 165
31 322
610 134
500 14
49 635
621 423
335 124
633 477
217 638
293 444
583 71
538 345
259 153
261 18
640 112
166 375
347 100
615 518
434 11
429 424
238 667
79 237
372 438
11 504
27 298
588 362
306 265
348 461
556 346
401 662
689 99
261 670
83 654
449 19
318 627
577 572
668 116
395 333
508 363
477 452
89 355
263 131
392 676
2 157
8 202
373 239
128 269
17 657
234 400
698 84
101 621
121 446
106 556
108 61
637 324
333 490
328 289
525 93
354 393
656 531
278 506
542 268
247 618
550 148
671 160
12 594
60 67
535 541
362 554
504 549
415 139
141 584
590 615
2 318
699 437
206 154
32 188
553 120
239 380
196 262
245 420
646 182
305 643
581 579
335 106
201 20
627 220
412 699
531 637
465 187
677 338
255 583
386 357
673 577
559 176
589 532
341 185
679 233
519 425
523 627
301 111
403 301
361 631
38 303
433 259
572 437
305 168
691 529
31 558
275 602
610 454
699 549
681 307
216 66
374 699
664 638
227 0
266 464
550 143
19 148
219 94
117 29
217 240
663 93
684 464
616 192
68 589
509 28
254 650
505 540
533 526
21 302
105 675
263 513
55 278
476 34
52 56
460 587
37 44
291 382
374 674
367 195
457 547
381 415
540 666
128 335
622 93
89 142
514 300
429 458
690 237
217 87
40 16
394 331
374 664
237 36
182 329
581 43
676 214
546 362
689 368
695 622
464 591
25 122
610 468
124 656
667 499
154 270
368 431
117 53
326 449
468 260
508 513
508 445
207 54
224 408
422 688
280 0
215 588
548 15
473 530
674 251
224 286
478 162
227 230
545 595
165 311
161 187
127 228
129 121
44 543
237 665
317 400
527 35
238 53
689 442
646 114
176 562
396 569
180 101
612 192
167 507
319 648
208 336
93 20
185 695
636 678
620 212
610 86
527 229
501 346
245 239
577 244
188 239
677 527
548 64
184 598
245 364
424 493
607 597
17 233
661 496
268 523
214 227
128 492
97 673
472 418
243 672
334 438
494 239
545 633
34 357
461 538
203 269
155 110
687 652
290 336
72 282
279 367
196 219
14 650
317 111
479 283
482 406
211 575
209 289
348 265
74 332
100 659
612 4
636 669
60 675
21 514
366 187
187 582
433 177
328 434
9 463
344 224
167 0
583 141
520 598
538 137
418 487
545 64
202 90
697 551
160 366
490 257
589 672
481 578
352 568
471 364
500 599
691 463
646 288
83 427
109 232
413 475
454 503
551 624
579 392
109 427
181 371
205 279
587 32
95 114
167 158
498 60
341 385
176 623
388 488
687 609
53 265
249 475
574 686
669 295
94 445
401 472
101 385
369 537
578 379
250 223
415 103
188 115
42 268
587 15
367 427
504 166
106 510
525 331
272 84
558 428
687 80
501 105
545 174
12 460
210 601
679 259
480 680
565 105
417 50
16 183
269 508
563 158
73 678
223 25
431 610
207 378
575 321
299 325
89 254
166 640
306 328
497 561
133 67
386 446
94 207
168 650
232 413
263 634
532 476
56 75
536 505
662 546
692 696
568 663
213 313
465 538
673 457
521 175
197 504
475 567
17 366
173 242
301 541
327 52
119 563
690 467
277 160
531 224
265 327
328 553
12 657
284 126
94 683
514 596
316 156
577 201
16 375
261 626
629 566
519 538
147 374
316 76
303 62
467 112
501 322
341 488
620 279
236 138
294 674
100 647
285 473
114 138
213 228
107 27
512 12
236 399
177 597
468 642
623 519
645 8
312 49
382 641
605 329
175 295
146 115
335 387
46 142
174 514
440 236
151 498
623 272
12 84
311 536
288 540
183 20
312 207
630 442
447 60
106 277
119 208
441 59
224 522
209 141
624 392
648 149
598 94
645 426
402 29
95 312
367 544
216 519
576 37
353 253
199 493
521 185
537 259
435 632
572 224
417 664
392 658
59 588
552 671
665 670
254 402
247 473
469 115
563 108
431 454
142 383
344 503
285 658
387 224
415 364
324 608
201 110
62 590
92 561
407 498
399 453
547 101
236 655
435 255
673 527
153 51
279 264
163 241
146 22
586 583
65 107
89 59
416 132
634 268
315 224
533 403
109 463
18 481
158 484
496 620
541 488
18 533
421 168
422 228
489 265
0 32
698 275
229 677
127 397
231 403
27 333
151 526
37 429
5 348
322 648
328 249
58 349
87 8
277 680
698 102
447 646
143 30
403 392
681 36
137 518
414 217
697 230
124 354
389 567
194 381
123 154
547 343
26 543
675 683
393 108
372 87
392 367
242 381
529 140
544 121
104 65
639 146
146 169
433 95
48 122
607 459
255 409
480 513
132 533
344 279
554 433
253 543
115 685
54 514
248 105
532 251
319 582
572 640
656 14
622 484
263 180
422 140
304 649
11 53
214 16
466 357
300 267
68 613
273 530
42 584
7 66
126 361
157 189
222 565
7 398
71 567
282 158
511 540
167 533
286 173
447 187
316 240
326 556
647 572
49 301
686 158
519 415
209 204
365 388
308 17
686 433
217 657
489 419
72 137
153 381
318 496
560 446
469 308
553 6
648 72
470 130
608 427
487 125
42 476
118 281
582 357
264 583
567 521
400 231
445 590
49 519
401 516
415 379
539 541
59 211
111 150
461 476
589 501
179 600
286 549
183 202
660 131
554 389
601 497
430 264
100 103
69 444
694 195
378 112
391 248
233 448
256 477
512 467
573 609
666 658
26 241
688 490
549 518
284 598
44 310
346 505
640 315
590 392
655 352
36 274
563 251
100 211
12 649
533 622
33 537
690 613
442 105
637 668
120 669
548 30
184 220
16 257
414 61
466 262
468 404
394 65
477 460
506 188
52 453
657 540
211 253
503 103
42 58
337 471
358 397
129 95
528 663
467 272
486 483
45 156
445 212
427 557
302 330
135 271
197 637
566 31
402 523
514 250
69 614
524 508
437 278
156 410
650 359
80 563
294 135
226 617
41 140
106 338
397 386
225 223
284 131
74 98
423 305
694 347
70 62
545 285
270 555
197 389
455 189
221 268
178 216
203 186
405 347
481 310
130 698
385 59
364 696
44 437
660 241
124 269
453 373
219 78
350 220
583 299
172 62
516 444
409 505
491 577
544 365
696 502
304 379
624 670
336 225
348 692
499 374
272 627
633 695
564 530
177 454
495 245
421 34
133 62
238 504
239 208
82 458
408 515
109 368
336 342
540 391
196 110
250 385
253 584
204 670
224 92
577 30
376 283
584 405
170 560
134 363
492 535
150 428
636 638
332 366
508 207
235 600
226 63
316 557
338 363
367 243
408 223
600 339
385 450
423 123
497 300
590 61
448 447
628 658
295 522
111 262
452 354
93 372
654 456
584 515
673 53
366 65
429 406
621 600
449 288
203 176
218 596
65 312
649 546
445 327
477 267
496 689
283 229
496 664
72 525
522 486
304 541
690 337
414 648
610 512
562 205
687 424
55 493
115 131
185 322
257 6
519 252
565 411
114 26
148 611
309 285
492 661
357 121
250 106
57 441
240 493
407 425
359 503
189 32
213 319
533 304
212 209
350 552
277 10
166 583
133 331
588 695
159 557
679 508
353 639
566 115
282 172
69 269
184 259
536 352
327 103
172 450
447 72
477 666
119 306
502 211
486 628
575 402
527 655
636 404
430 510
299 619
433 100
199 699
141 405
672 349
441 33
140 433
580 306
121 499
372 686
436 82
554 382
3 166
215 661
207 493
276 262
92 631
214 599
527 163
428 350
254 536
217 91
625 261
461 27
163 308
382 346
342 335
143 682
414 26
84 326
71 551
131 150
73 627
363 696
294 310
434 586
685 156
104 118
685 354
98 398
105 378
173 388
167 242
21 111
217 56
471 546
693 79
643 111
547 115
362 205
589 50
71 181
537 610
292 686
276 1
111 23
515 281
406 129
685 635
596 236
333 335
392 19
106 203
439 555
363 665
22 129
526 300
80 601
682 79
457 554
51 591
287 6
11 245
379 667
535 380
260 43
110 136
429 496
254 344
576 661
549 208
65 547
260 558
259 690
272 562
126 200
410 120
458 173
296 647
347 545
660 356
686 402
292 466
127 353
505 26
104 396
319 525
619 472
294 355
56 61
150 452
342 475
252 187
35 480
551 605
15 21
27 264
71 173
117 314
285 123
664 666
614 207
421 300
615 199
489 190
206 108
134 560
68 279
490 16
126 505
634 658
407 82
333 319
630 674
631 137
554 439
452 40
238 514
209 637
345 476
441 398
516 454
483 384
518 328
68 297
336 203
171 268
399 105
406 457
272 533
690 199
53 428
106 409
9 647
540 64
299 377
423 157
438 194
324 111
271 74
128 274
231 331
337 611
297 512
472 105
138 122
191 355
557 372
204 393
135 301
331 502
107 104
634 259
161 581
407 242
698 186
626 17
559 690
86 486
344 211
192 636
540 447
632 593
329 38
368 82
414 229
527 68
518 576
447 644
470 505
373 172
267 270
285 318
244 107
164 131
157 407
280 81
212 632
313 33
529 609
76 668
402 503
288 319
652 694
415 322
221 112
63 228
209 132
608 150
481 359
255 325
368 248
633 673
231 116
450 268
530 62
594 604
317 567
556 483
371 282
427 128
608 505
145 394
526 541
196 136
507 341
486 468
67 360
687 415
574 405
16 85
308 661
690 301
1 635
223 396
597 513
626 631
535 167
560 590
224 428
2 616
357 382
25 411
635 276
122 30
642 224
124 245
502 667
52 230
71 206
619 56
532 457
301 614
561 347
473 376
647 491
112 585
332 358
316 428
12 391
161 56
306 114
580 189
145 409
402 624
529 114
157 238
496 415
604 95
455 308
282 603
461 605
415 277
243 260
210 75
463 510
624 299
141 152
363 377
11 228
660 46
239 595
244 656
182 613
637 312
22 41
359 18
163 622
562 676
698 553
663 172
374 604
8 149
476 247
572 32
394 646
50 322
458 487
659 162
180 661
239 86
73 304
151 537
294 185
541 529
345 559
40 198
574 365
374 608
149 632
140 42
618 341
28 258
151 87
6 178
668 314
309 98
329 459
249 484
202 277
540 145
517 85
526 439
573 604
71 334
213 233
595 490
31 570
283 26
180 69
127 488
632 600
451 447
314 526
666 346
72 425
276 215
392 195
405 17
441 492
637 4
206 232
645 378
276 221
660 538
547 482
148 643
92 110
52 272
442 79
90 676
364 139
336 54
120 425
454 595
369 542
62 148
345 286
332 661
660 570
437 347
642 547
210 320
455 298
268 190
141 638
457 596
292 599
452 104
379 105
17 142
24 362
37 266
46 240
71 417
690 372
336 173
230 299
636 297
342 607
598 297
95 533
380 401
545 449
648 690
539 312
691 413
297 151
15 657
519 229
198 288
190 397
590 110
113 586
14 514
350 5
383 324
531 619
612 164
321 187
383 699
36 683
572 98
422 363
642 638
468 258
579 195
125 145
585 181
44 125
613 499
116 442
539 97
683 576
271 177
553 114
243 19
363 572
686 244
46 251
675 575
632 399
417 154
174 28
83 276
222 395
620 153
666 433
414 313
91 518
645 304
168 501
401 172
667 206
225 23
454 90
344 121
402 43
43 519
36 502
396 34
119 646
372 234
224 42
552 620
407 129
568 372
394 225
428 587
317 595
295 245
139 583
36 238
624 640
579 372
1 128
82 23
559 191
564 636
99 470
168 81
423 402
233 421
122 212
406 32
184 334
0 627
215 261
639 251
417 348
344 342
425 248
136 523
584 442
563 265
667 192
323 596
205 123
303 4
556 469
669 587
275 470
273 216
529 643
628 175
408 588
338 15
637 348
275 627
461 155
556 315
219 455
253 478
172 699
612 653
35 315
384 677
637 293
523 279
22 314
115 147
347 523
578 251
281 585
150 684
20 185
10 596
208 348
365 462
342 276
154 93
614 226
594 611
66 448
130 451
182 658
214 186
631 330
312 521
139 551
384 540
683 560
18 662
416 303
493 376
232 362
390 300
72 194
296 689
364 253
391 626
115 600
603 242
590 688
497 216
155 403
399 667
669 110
350 349
418 13
523 81
682 156
685 118
444 479
72 196
208 367
625 226
613 621
685 241
51 206
526 1
543 669
632 140
378 636
683 350
328 118
649 654
688 241
312 45
557 222
476 311
317 641
219 652
578 616
8 216
284 199
599 107
96 111
632 54
172 589
471 226
66 12
209 194
376 116
378 191
596 326
463 333
588 609
354 541
352 256
394 209
260 390
63 558
303 76
111 562
254 145
679 118
17 453
195 450
129 158
673 347
396 450
262 57
388 251
371 381
525 397
61 50
525 322
153 79
390 673
290 614
653 111
632 255
205 351
166 557
432 16
526 327
162 617
254 606
398 114
419 10
591 483
43 610
417 225
369 298
74 514
637 402
400 616
332 27
421 53
492 581
141 14
382 271
675 551
522 610
361 677
252 570
226 122
676 627
142 617
128 476
488 57
528 605
458 517
485 59
497 606
231 405
638 263
215 314
661 490
462 138
93 365
448 236
423 501
73 337
218 532
427 380
298 327
204 290
132 655
469 100
270 85
543 644
605 445
206 317
665 226
283 356
183 386
673 305
322 645
192 408
496 351
580 488
276 543
370 314
198 271
338 444
153 87
671 15
84 158
610 629
136 604
379 335
236 609
251 27
631 380
378 139
451 125
232 686
620 391
509 343
94 688
473 256
118 74
185 350
513 170
249 266
266 103
30 272
242 7
424 32
292 626
152 202
383 657
473 338
155 563
365 598
40 572
673 108
385 526
179 270
696 296
432 486
646 175
535 518
670 525
121 231
163 256
459 104
143 664
66 504
668 560
136 150
594 233
339 305
375 148
202 63
191 318
699 239
351 293
357 558
573 210
211 612
88 70
1 158
375 354
661 227
665 618
451 570
70 223
488 401
618 238
306 21
56 150
685 101
535 501
61 641
434 127
277 204
489 35
439 219
343 157
391 2
339 437
589 588
79 411
220 306
501 142
311 258
482 668
58 131
133 288
657 543
230 412
274 162
48 556
434 29
654 653
511 561
472 666
341 667
194 497
642 524
130 326
553 516
200 175
610 126
268 294
405 60
15 692
119 431
609 364
152 611
697 171
243 471
3 193
353 40
296 526
505 10
532 72
198 313
67 177
677 597
652 644
400 105
673 478
378 637
601 374
335 139
378 132
618 227
485 694
441 696
128 190
516 132
258 551
55 260
577 67
639 475
529 296
634 576
39 586
463 634
304 529
541 250
455 486
599 142
266 256
244 18
168 603
122 317
254 628
475 145
532 669
467 430
54 515
171 577
154 679
243 181
296 75
95 83
85 586
537 53
630 135
111 379
471 315
77 315
184 521
183 619
693 487
326 283
25 476
523 351
491 178
234 200
588 200
62 347
313 498
222 450
114 150
6 492
214 292
354 275
665 446
468 302
23 538
350 625
258 368
395 279
210 100
303 287
227 29
280 658
235 614
30 607
390 670
676 203
617 451
203 663
281 495
430 661
377 348
517 336
495 653
184 359
291 344
115 25
160 317
29 541
636 40
661 601
303 113
288 283
593 117
625 618
99 255
462 406
615 388
32 561
319 168
586 194
323 278
458 568
382 629
90 452
458 315
558 518
543 234
71 395
461 434
75 147
452 217
670 255
679 60
668 92
653 499
550 688
65 665
273 229
530 394
476 294
457 570
557 506
434 663
176 77
537 31
456 235
195 373
428 513
606 9
677 299
195 272
513 671
251 691
467 411
140 187
102 166
46 351
150 258
58 663
296 356
14 143
117 467
323 306
398 315
157 127
397 652
140 164
598 78
327 522
556 395
40 125
41 148
673 63
538 221
221 260
666 566
14 585
696 258
601 476
596 241
666 467
395 66
229 101
611 221
232 684
471 527
98 170
141 578
592 69
490 332
429 483
666 656
154 687
226 639
206 326
568 423
32 258
605 112
303 196
232 443
380 352
353 523
77 35
444 132
105 354
408 400
69 533
535 212
73 612
640 614
197 357
600 619
265 38
675 218
527 394
113 442
501 446
61 88
490 339
500 351
393 401
14 289
74 416
206 18
476 453
646 107
170 200
20 642
133 546
313 248
226 664
606 133
150 537
386 452
520 580
459 508
636 163
149 400
468 32
393 480
345 248
342 387
243 143
199 680
203 340
531 100
694 104
650 188
636 543
677 412
233 236
283 610
86 262
613 54
584 663
610 334
301 179
260 187
289 486
666 175
435 572
315 464
349 483
644 688
186 462
189 84
508 328
337 686
118 630
588 543
283 281
312 145
676 86
403 597
546 292
73 500
12 287
279 110
128 40
515 450
128 108
347 239
691 456
548 13
551 149
677 86
73 208
156 333
363 617
583 601
343 531
240 576
508 344
110 67
287 351
126 209
376 344
296 369
521 513
14 583
37 204
202 133
68 9
192 50
140 268
376 371
507 599
272 564
27 218
682 507
446 237
355 40
627 687
145 467
394 28
324 434
484 365
594 393
62 628
89 387
327 488
246 53
123 395
108 10
478 230
542 431
395 151
469 376
419 304
581 166
160 178
274 596
638 41
556 429
651 665
82 232
492 213
97 146
47 118
685 316
382 41
16 156
370 53
455 300
307 651
279 277
114 455
541 415
495 341
369 264
464 453
599 604
253 252
618 93
32 139
632 52
651 385
31 243
105 385
597 20
283 222
148 693
112 40
320 72
284 106
648 71
575 651
396 239
650 71
17 58
38 408
121 493
126 427
368 601
528 462
520 682
528 455
351 174
603 251
683 265
587 233
54 187
37 562
401 98
406 357
214 139
397 653
63 379
626 293
317 438
249 135
553 578
440 388
302 629
482 38
100 416
331 470
34 255
304 322
290 660
321 67
651 154
610 297
59 94
438 342
454 207
4 635
559 301
543 80
254 461
394 199
79 402
257 469
537 235
324 363
92 572
454 243
692 220
443 224
240 257
307 223
174 289
513 356
632 481
81 593
670 77
293 202
665 306
174 256
84 601
643 539
489 118
391 173
17 489
551 153
443 407
169 697
529 48
22 308
331 154
566 611
134 206
425 53
452 126
523 80
543 124
640 185
485 182
505 653
254 400
580 116
465 23
9 659
34 477
204 305
164 368
680 299
595 8
223 680
620 482
45 375
328 70
446 651
658 519
272 491
269 196
485 8
533 85
235 455
684 656
116 489
30 629
186 471
549 44
4 70
167 610
492 439
30 27
343 679
260 23
233 681
593 255
492 106
543 222
684 26
172 134
534 441
443 599
208 205
515 63
120 649
695 400
291 187
295 26
74 210
86 507
535 398
116 20
93 655
522 376
278 299
417 259
156 61
311 459
210 520
99 224
429 346
81 113
477 215
343 686
162 598
64 272
371 637
411 633
637 570
593 655
524 483
626 183
612 71
154 620
369 421
359 131
528 353
245 229
620 655
420 229
7 649
139 149
440 104
211 158
666 348
30 343
61 475
152 285
84 2
42 365
471 339
576 499
99 254
15 378
483 663
406 652
279 341
34 390
382 133
512 439
447 180
512 413
490 92
23 499
626 575
499 417
194 229
174 73
19 412
334 72
27 345
535 540
153 585
191 578
353 330
32 559
606 517
344 328
107 308
331 298
7 220
675 322
286 243
501 466
201 351
261 236
32 676
669 3
361 571
280 179
77 215
376 567
461 54
221 184
587 10
610 142
643 191
541 595
349 360
506 644
312 560
244 357
104 643
363 654
569 341
514 218
317 13
329 83
168 154
136 401
609 207
411 424
347 644
347 508
582 291
11 80
523 453
500 242
446 478
21 395
554 129
514 234
268 433
545 580
462 379
503 630
300 490
380 162
464 5
359 60
554 214
479 621
502 664
334 336
235 62
203 376
485 595
58 456
226 284
188 601
520 544
293 696
574 203
210 122
54 296
587 242
561 277
89 257
454 364
130 34
322 399
323 643
563 410
41 202
343 616
356 202
15 40
588 687
150 550
347 22
191 13
641 596
537 522
290 241
483 190
14 643
676 606
531 698
493 656
356 158
516 8
513 675
624 186
295 567
485 134
78 337
636 199
176 593
247 1
199 561
579 60
154 365
33 45
551 681
29 631
55 370
479 215
230 442
638 443
486 526
426 624
195 395
532 60
642 489
642 601
507 688
123 128
56 673
591 557
342 194
665 70
589 556
120 611
439 125
135 362
526 619
394 360
109 598
500 461
326 334
104 690
354 470
141 104
542 687
46 109
172 393
180 66
581 693
70 33
369 484
119 268
503 420
692 3
515 8
182 678
696 475
235 497
125 489
693 653
316 601
264 605
272 451
71 133
544 647
59 47
245 564
185 564
439 352
450 563
496 112
459 601
312 233
675 329
255 668
558 453
140 205
339 137
20 371
30 531
509 386
1 407
13 590
506 80
453 681
76 622
283 512
682 431
18 93
608 653
182 420
555 598
211 616
448 95
553 301
581 298
199 341
683 326
335 241
2 582
574 149
509 269
77 640
348 217
251 90
645 160
224 191
500 423
68 496
271 263
566 351
249 128
394 368
370 50
215 113
438 621
436 356
565 316
190 134
445 360
393 30
179 50
138 267
368 313
379 61
208 289
685 361
1 586
124 85
398 224
109 270
351 64
106 399
88 620
412 422
128 56
453 132
248 623
324 270
417 536
558 109
184 347
172 562
601 34
482 301
312 422
21 688
130 148
121 56
202 301
339 404
188 390
283 491
400 239
465 316
523 606
608 140
615 651
97 531
435 597
147 328
176 292
167 491
139 217
308 395
264 241
368 361
384 570
194 96
438 592
415 7
343 696
542 104
631 28
384 634
195 246
486 89
82 158
278 631
488 53
188 242
124 136
320 12
508 655
216 479
518 601
422 127
268 31
406 128
425 572
459 515
84 19
251 319
451 555
194 346
132 426
121 135
615 108
422 434
22 124
215 495
579 323
452 249
312 364
520 64
474 636
185 310
532 466
659 524
587 537
462 529
607 387
613 142
43 33
343 104
515 566
458 285
475 689
185 582
453 203
592 70
503 355
532 606
18 386
202 636
538 318
10 547
298 283
91 45
541 264
222 51
379 128
5 156
209 484
25 490
550 4
414 287
135 358
78 13
311 248
646 489
2 290
34 623
151 400
214 82
215 452
519 604
388 55
292 287
562 525
450 282
408 173
619 599
410 619
340 476
46 356
690 53
411 604
377 561
478 649
667 273
47 192
641 44
177 302
26 116
141 462
386 114
292 403
99 130
69 216
639 99
289 652
641 536
106 553
597 28
613 305
258 205
674 60
125 50
597 665
463 253
59 164
514 452
598 288
173 462
314 485
67 39
87 171
535 564
597 114
219 388
151 357
205 671
667 43
426 430
430 113
614 204
692 664
347 638
674 131
24 552
100 541
409 227
23 677
275 676
120 222
686 236
124 672
446 146
173 576
370 331
636 98
179 116
643 28
187 311
160 497
386 393
337 151
465 692
505 544
357 180
121 435
308 663
675 190
213 426
208 591
139 10
26 37
121 625
298 547
463 680
201 356
258 699
125 323
238 250
529 355
80 122
400 439
250 688
5 40
157 532
101 660
4 22
391 608
221 645
212 344
395 157
442 583
536 30
356 265
189 186
213 372
499 690
400 544
174 435
535 462
345 271
103 14
585 16
22 241
347 266
137 633
65 154
307 174
390 33
287 121
694 302
672 480
174 259
213 378
5 354
177 51
614 553
397 63
452 15
60 667
549 488
208 477
238 149
68 380
393 373
413 601
112 125
559 600
450 346
63 630
404 694
285 410
315 42
588 429
301 551
323 631
102 562
40 359
87 187
480 262
678 524
590 438
450 246
39 563
390 658
178 495
182 584
441 605
61 623
273 352
139 251
48 174
620 548
463 669
634 646
129 378
70 264
454 246
617 272
632 527
123 640
89 611
403 36
565 66
266 119
661 296
656 176
143 41
649 549
250 198
58 116
493 654
3 327
632 589
36 488
252 589
319 450
321 572
6 269
625 206
236 474
525 130
89 217
265 476
120 421
308 263
630 669
221 153
90 143
537 616
112 663
8 27
512 420
477 405
622 82
628 112
366 652
277 263
344 296
15 64
85 62
122 2
663 304
654 360
432 102
520 534
16 338
544 16
187 455
339 545
370 588
94 464
318 1
434 106
563 332
529 197
88 265
165 470
39 389
429 502
589 550
96 107
642 330
65 343
276 474
505 676
402 253
205 180
525 204
383 470
137 190
568 563
517 505
197 264
116 118
88 421
482 34
648 467
650 438
67 64
93 298
277 455
181 494
303 79
562 141
243 517
624 263
177 637
558 164
268 110
249 472
694 93
588 142
290 122
418 292
300 444
450 230
363 270
388 387
251 156
274 483
277 282
334 559
691 118
372 637
445 553
636 460
459 85
153 642
456 248
332 80
190 476
644 419
568 160
660 440
246 18
565 202
559 158
427 8
435 594
671 630
183 680
382 12
528 249
614 624
108 544
695 51
664 83
493 107
154 167
345 695
577 33
510 500
523 693
682 176
157 70
339 55
278 171
286 122
4 164
185 301
648 217
521 402
61 143
559 140
239 175
33 61
196 141
267 630
545 108
149 661
311 385
113 637
608 666
521 412
550 516
239 292
277 499
659 261
287 597
329 280
434 474
546 592
677 112
629 654
81 417
373 521
511 541
30 151
285 62
675 617
15 470
481 363
13 290
314 306
493 300
342 452
543 228
309 568
124 388
686 670
62 178
490 361
669 325
617 262
688 577
401 369
448 407
409 461
392 121
358 533
248 696
96 633
418 53
294 40
392 516
349 194
662 359
532 231
285 440
58 520
333 145
321 674
439 320
522 326
416 582
283 28
473 333
468 139
17 399
316 41
341 276
75 299
334 382
264 477
22 253
240 669
225 472
691 457
485 32
114 387
467 545
223 125
219 442
446 365
517 5
432 155
359 393
545 235
462 312
448 489
41 283
73 53
599 93
44 18
95 337
584 262
82 137
51 195
434 556
573 170
293 402
107 310
50 21
312 611
471 550
618 145
303 348
295 27
520 32
225 50
102 603
250 594
649 448
523 328
443 321
164 292
71 195
356 30
433 454
197 225
657 310
551 625
566 516
460 353
70 619
450 169
222 385
350 247
195 102
68 107
158 374
357 139
347 539
239 608
214 219
545 461
201 36
643 277
324 325
591 488
285 696
624 537
434 299
369 8
478 554
369 609
559 322
417 527
630 217
403 209
648 79
472 162
410 656
24 190
457 80
165 651
22 401
689 290
18 241
370 582
38 659
610 681
239 238
385 241
162 199
480 697
41 49
129 497
552 519
221 440
131 525
653 482
95 149
189 145
222 289
199 47
697 500
408 458
684 404
493 67
14 228
282 67
595 554
693 108
2 148
219 685
628 404
511 450
182 487
12 385
677 481
597 485
138 595
289 503
156 167
254 125
44 268
312 694
412 416
420 514
388 188
172 196
614 346
40 595
215 316
617 379
560 248
672 378
177 180
9 454
550 226
622 369
79 487
94 58
319 278
360 624
195 589
363 102
260 52
567 210
163 309
660 251
596 137
534 105
675 94
9 128
107 63
302 61
22 557
370 278
296 636
518 287
156 565
124 505
64 231
52 687
437 181
592 225
437 670
660 429
168 285
58 97
422 673
498 48
186 546
487 117
675 588
406 165
384 209
606 250
542 129
284 10
391 632
161 582
629 356
651 391
449 598
357 348
358 492
242 515
127 639
204 412
297 647
639 72
460 359
167 162
569 104
446 306
209 267
551 338
333 561
575 581
270 463
269 209
229 522
674 426
475 692
201 27
289 337
486 7
397 250
612 414
522 572
519 236
645 638
108 226
635 458
581 117
149 25
242 618
689 46
624 162
208 31
252 679
570 316
323 286
276 368
373 588
263 586
538 419
393 424
250 232
532 270
398 155
12 154
230 213
425 553
308 367
572 388
330 375
208 651
495 243
693 129
674 177
523 386
557 558
65 462
452 484
447 568
657 124
167 412
159 17
162 336
121 206
329 177
598 142
319 275
92 610
418 289
594 568
353 352
610 298
99 687
485 547
107 86
573 418
4 682
583 611
681 37
119 590
263 2
561 235
242 332
456 661
133 246
178 541
151 568
421 33
72 409
389 438
41 20
513 240
29 351
203 46
603 48
74 353
485 419
156 681
666 324
105 506
281 195
691 273
257 560
223 594
324 506
698 0
270 279
646 455
106 627
681 212
63 508
670 354
312 699
316 360
616 523
245 534
293 523
677 203
117 199
628 675
61 41
450 542
578 143
419 139
151 18
376 374
52 412
233 440
532 67
451 224
202 457
456 124
474 43
279 14
371 98
76 609
375 600
654 190
2 186
336 642
62 300
570 631
132 9
97 590
156 48
507 356
330 441
293 12
695 497
36 417
681 636
59 166
147 464
128 429
356 518
634 27
23 282
54 308
388 98
690 51
4 488
335 507
156 284
293 132
584 471
385 631
79 74
131 74
615 200
354 313
125 297
430 8
265 469
549 446
406 235
503 42
368 406
3 480
414 386
666 255
172 344
215 6
674 497
527 392
614 504
205 264
691 73
473 258
563 293
545 411
502 143
26 327
422 591
640 245
474 149
250 321
342 464
596 686
560 218
572 390
94 375
697 79
492 100
374 121
314 27
420 574
310 589
647 384
489 438
360 468
228 275
405 15
117 347
57 37
544 144
554 496
137 279
32 673
500 129
406 396
536 19
367 419
39 251
38 636
122 236
622 569
55 619
301 695
515 592
303 249
388 538
42 299
144 561
349 66
380 347
456 600
644 678
177 300
278 284
242 191
43 498
83 172
459 78
395 582
652 253
103 92
475 36
406 573
254 680
596 530
250 552
55 161
482 32
143 632
193 251
279 589
444 334
431 4
194 433
61 79
234 399
337 233
562 197
383 184
76 247
19 464
539 566
17 383
501 477
74 348
649 393
286 379
555 237
392 464
294 96
202 345
331 31
549 241
601 395
405 396
387 475
265 5
199 314
668 51
588 247
483 452
301 57
548 314
280 373
694 143
622 624
657 315
374 205
344 56
228 474
646 260
73 236
622 196
572 539
18 32
524 305
221 249
222 118
645 350
345 343
621 50
360 220
209 602
183 643
219 255
416 553
639 434
85 569
124 394
395 372
466 393
32 659
618 45
516 626
79 316
184 691
158 4
428 203
183 91
2 403
505 621
674 423
460 101
121 517
689 560
133 558
497 541
400 659
486 369
92 340
620 312
645 128
448 126
46 133
589 101
516 187
118 25
243 67
592 419
668 57
663 622
286 210
511 404
132 323
586 112
388 466
126 37
9 154
28 694
658 513
228 148
678 450
345 336
11 194
487 530
332 334
140 369
246 481
642 95
465 87
90 356
249 260
485 644
208 595
54 552
354 93
491 521
34 514
638 79
459 44
85 59
462 483
489 627
692 318
78 624
297 64
634 114
660 524
225 652
175 491
11 572
492 633
53 225
511 538
463 377
614 621
571 10
168 415
415 452
284 195
671 455
239 274
429 105
106 286
173 97
540 349
456 253
332 568
412 662
365 576
663 33
55 472
413 421
268 173
696 671
610 204
576 190
50 275
696 445
200 163
193 354
211 7
598 104
80 105
660 532
206 374
465 85
316 147
457 686
615 460
566 334
211 584
529 74
359 284
528 61
47 133
116 530
43 472
537 349
373 616
1 593
381 147
307 173
148 57
96 88
32 557
588 154
249 331
490 215
214 380
667 288
570 34
369 39
246 403
343 532
262 577
339 581
675 454
452 253
587 563
140 47
354 104
623 377
397 615
204 449
116 654
635 513
684 54
190 578
448 75
383 567
685 47
324 464
593 224
226 288
211 70
278 175
472 537
82 242
48 4
256 575
410 488
483 511
226 510
631 649
451 254
370 378
309 253
288 402
341 231
455 549
34 400
137 383
499 26
517 575
378 94
235 52
392 506
628 7
645 424
105 500
556 192
363 535
537 158
580 380
4 639
153 582
303 686
569 550
685 142
41 21
320 243
430 150
286 606
588 245
40 186
619 468
668 418
302 602
332 116
68 476
442 200
487 3
297 309
470 245
98 698
274 284
258 499
65 634
268 402
594 600
377 476
631 525
666 357
30 379
518 193
369 586
641 320
434 228
66 72
556 191
210 341
327 320
68 402
301 611
215 427
507 397
327 504
497 251
338 465
392 90
588 339
509 399
272 26
460 250
10 170
518 451
259 630
47 473
645 302
606 443
104 428
399 100
165 644
274 78
444 593
627 500
266 471
208 68
670 184
70 219
474 485
28 116
258 291
65 552
341 305
525 400
343 359
198 383
539 655
585 494
44 314
591 155
646 75
382 496
505 651
637 303
146 151
515 375
549 453
356 391
675 362
401 238
138 486
322 117
386 533
580 282
599 511
30 369
596 175
467 254
388 303
39 591
680 310
389 583
443 110
57 323
204 212
538 410
209 240
624 396
653 409
251 63
550 579
524 262
687 417
466 444
27 416
279 381
502 189
570 675
305 28
381 616
677 549
341 150
283 544
347 577
183 611
29 272
97 352
348 480
618 331
644 7
535 312
68 581
406 431
26 481
116 21
496 56
623 25
2 635
681 363
672 524
407 99
414 480
44 215
52 110
631 672
374 639
649 677
527 34
98 231
246 596
524 397
653 185
593 41
578 548
691 533
26 437
424 439
584 574
220 476
503 321
129 503
165 216
61 355
587 300
648 30
410 335
609 133
507 465
287 323
400 249
319 184
447 214
687 416
445 209
54 527
378 401
585 262
587 59
438 136
682 154
167 300
419 321
577 260
319 261
265 495
672 575
89 567
17 183
358 424
340 401
271 213
7 489
164 572
508 265
360 562
447 247
358 626
506 108
606 326
531 198
595 560
431 668
461 272
451 563
44 163
482 241
88 18
606 22
274 379
289 30
574 235
149 454
692 558
16 386
201 77
230 107
493 350
472 266
630 186
166 259
656 586
3 694
454 151
565 363
159 412
601 329
677 303
251 189
304 395
474 646
66 42
361 563
694 376
300 139
568 278
220 452
25 375
94 85
535 410
54 391
5 661
213 115
667 351
520 309
78 401
553 194
573 167
253 175
292 409
434 392
70 501
462 285
360 691
69 345
274 451
72 327
373 210
69 535
183 207
185 55
41 101
357 261
247 124
81 11
73 348
545 522
618 476
289 501
577 494
204 582
388 203
585 463
185 669
58 274
15 115
24 207
602 265
453 288
65 566
323 31
511 526
164 260
660 253
195 342
287 235
28 307
684 471
221 199
385 40
354 591
224 157
374 90
184 253
658 448
236 649
152 600
381 292
236 535
362 143
396 42
451 160
356 192
672 132
512 391
374 78
434 186
138 634
359 415
437 485
362 349
699 355
135 398
560 198
355 423
688 192
626 433
261 327
348 327
292 421
678 615
516 206
229 638
426 224
586 408
425 202
456 57
321 301
654 367
204 535
372 493
569 501
310 483
692 120
190 412
529 155
453 687
284 100
660 351
232 65
577 85
467 674
633 204
328 172
227 670
241 479
386 495
9 649
551 664
52 174
461 3
695 469
161 130
616 321
361 478
278 389
384 290
198 285
35 671
274 2
224 283
32 133
320 225
429 365
205 66
488 240
336 32
380 582
359 456
669 659
617 374
643 674
150 400
353 124
2 385
115 79
694 39
265 540
498 176
261 218
303 670
652 641
472 474
106 461
611 220
339 367
597 486
157 411
333 485
33 67
400 451
548 479
621 133
462 585
246 648
109 688
567 612
164 629
143 653
70 635
120 381
461 376
527 607
365 85
611 69
70 6
591 547
699 576
427 391
199 179
276 323
348 549
84 576
305 220
39 243
160 631
298 656
177 179
476 143
660 661
278 380
386 52
522 682
219 39
605 83
187 439
592 675
177 163
515 129
36 661
460 138
30 434
605 253
585 657
415 384
82 138
263 396
330 442
577 377
628 115
675 347
515 548
112 339
638 177
527 452
80 62
687 41
340 600
580 196
606 284
49 604
367 605
636 527
493 284
463 285
557 373
256 207
66 473
440 338
344 442
27 534
105 515
2 351
678 486
693 171
579 169
284 629
573 577
613 558
264 500
428 18
559 13
617 598
684 27
50 413
314 496
211 78
167 173
616 517
424 513
204 285
502 1
505 206
33 175
122 466
369 510
408 401
369 637
112 252
458 164
332 123
592 679
351 54
527 560
332 577
334 182
273 163
359 328
609 225
181 610
94 372
106 54
445 345
219 373
548 254
586 444
380 130
51 512
605 508
414 328
319 101
601 278
201 294
180 365
506 417
492 536
617 457
330 54
316 617
199 611
330 190
607 460
216 168
365 136
327 434
261 220
338 370
340 100
618 690
0 583
699 444
609 555
389 4
538 358
373 576
346 174
85 236
495 101
262 509
515 621
263 609
329 643
436 387
444 468
640 370
250 424
421 437
258 302
340 292
420 82
223 275
637 629
556 663
572 587
362 308
165 102
557 189
690 308
413 569
618 171
581 587
13 172
392 361
229 405
90 51
349 518
322 260
45 358
26 579
270 603
175 457
649 463
189 670
197 441
353 588
581 539
215 566
388 105
272 452
357 635
451 207
176 608
147 119
20 535
423 398
526 662
185 34
471 458
549 302
308 671
72 107
84 693
464 130
443 58
167 109
373 325
43 157
200 356
19 56
404 535
357 613
697 260
443 665
4 498
648 658
61 627
8 130
350 403
527 291
357 20
44 288
576 493
111 249
518 486
364 496
239 125
95 60
223 117
27 570
96 87
143 19
367 255
694 647
107 347
579 437
666 595
253 319
180 662
246 183
535 177
66 400
98 546
295 121
683 320
584 632
440 106
6 472
616 534
270 399
628 295
597 257
190 355
305 379
49 333
241 365
48 450
114 514
619 347
428 405
81 594
284 677
67 179
611 369
194 126
118 110
429 592
307 252
211 413
536 146
642 5
455 302
31 521
261 514
204 218
307 540
578 628
369 507
405 117
339 217
665 276
319 334
65 342
555 487
444 644
653 434
73 675
111 195
103 347
446 519
486 41
645 210
38 550
39 289
406 539
698 683
296 210
578 617
262 377
688 679
496 674
343 663
322 143
514 507
553 430
32 39
194 577
229 655
512 17
291 247
265 417
51 76
621 131
47 528
617 63
75 419
54 195
326 342
548 293
172 199
295 42
328 195
88 33
118 406
113 370
32 257
496 257
298 232
139 604
421 143
223 372
455 49
449 386
547 79
423 237
377 29
612 436
686 486
217 488
133 173
94 418
189 498
301 557
31 34
137 141
499 263
28 555
235 692
131 158
537 353
232 662
32 317
363 376
90 158
525 604
489 516
66 408
12 206
453 575
443 462
472 96
562 215
268 113
444 566
366 693
225 297
34 114
468 667
248 592
271 122
474 559
320 140
272 270
506 667
97 696
251 265
4 341
476 321
316 174
52 627
356 76
521 371
292 429
656 56
54 0
13 507
590 477
461 232
251 171
499 465
659 181
352 96
305 52
347 695
98 363
143 427
289 102
525 555
589 74
610 619
651 661
619 475
175 560
356 85
617 590
66 187
607 483
288 360
194 500
370 157
630 558
539 120
570 173
176 321
476 582
296 53
550 140
436 308
644 691
231 459
191 214
579 495
505 574
99 14
685 12
492 343
91 540
191 539
594 455
641 318
674 481
575 33
279 409
381 512
199 655
9 430
519 335
607 111
37 2
374 134
573 607
344 300
211 534
629 341
416 434
5 188
102 462
529 534
391 578
400 30
94 265
36 241
42 463
198 87
468 401
502 471
101 192
588 319
259 558
532 151
205 652
648 219
670 579
298 61
492 556
383 155
17 87
552 434
187 26
360 3
117 514
271 104
212 288
536 339
285 223
447 598
694 25
159 158
319 1
58 500
82 362
573 494
462 107
608 313
395 288
110 446
171 358
613 55
156 599
236 284
280 690
696 230
263 380
661 325
389 464
441 687
380 572
428 699
377 207
474 427
352 372
459 439
348 604
246 424
136 288
197 248
500 446
534 372
317 53
279 10
75 96
567 266
1 576
62 124
429 137
556 539
692 517
365 363
371 319
608 88
18 91
60 174
387 20
602 489
165 405
581 446
357 253
632 211
312 203
98 352
621 151
496 94
662 476
666 90
126 520
152 29
557 390
129 659
111 191
35 312
234 118
355 362
655 272
107 660
83 473
679 284
118 32
692 21
300 264
93 359
656 174
48 283
522 599
296 644
143 51
98 173
403 656
139 428
74 39
488 412
546 346
140 619
339 29
130 571
46 218
624 264
31 267
650 7
269 139
105 188
397 657
399 233
240 164
416 255
599 437
179 671
186 246
0 497
105 160
509 374
485 354
495 108
663 620
89 41
512 263
246 363
150 348
10 501
484 656
158 689
237 393
300 438
9 300
329 235
12 332
690 76
508 247
357 222
1 212
519 273
503 540
392 227
433 376
368 651
442 498
298 22
345 671
502 92
292 587
628 494
594 165
696 641
575 262
509 540
535 339
527 243
230 394
497 350
503 634
668 104
503 633
299 184
325 2
306 150
597 573
395 19
452 136
232 411
401 301
31 669
454 311
126 210
404 374
62 24
260 694
460 415
404 593
448 303
542 391
692 414
227 578
127 523
412 457
316 130
393 318
23 284
644 690
633 314
603 70
46 692
654 405
524 431
100 313
400 441
64 688
658 405
624 656
338 369
149 484
597 610
21 115
359 349
569 208
299 255
374 55
650 647
476 109
685 648
363 442
456 151
15 431
688 561
361 397
628 474
407 206
164 696
643 181
224 453
587 421
371 288
523 383
129 556
667 657
271 0
546 36
35 197
660 301
458 53
527 542
428 194
155 284
61 688
91 133
307 261
306 369
265 459
487 654
515 139
649 110
688 641
302 141
497 46
602 23
227 320
90 564
378 693
155 517
553 544
253 444
566 252
427 125
413 545
182 641
581 133
466 688
570 140
584 387
572 230
381 404
9 286
82 326
276 258
694 174
600 597
661 423
432 493
225 230
625 432
320 435
512 295
450 88
561 187
330 137
191 257
310 430
414 166
105 320
472 316
251 368
591 320
618 16
238 519
195 21
512 699
499 397
16 10
27 79
485 433
325 579
616 24
480 661
593 116
203 172
17 556
485 545
557 49
239 559
164 3
67 343
247 352
219 174
453 127
3 364
601 575
226 421
77 208
83 537
568 308
559 396
289 490
51 521
224 326
75 566
368 515
278 43
318 206
657 313
354 622
227 265
196 71
516 403
405 681
259 183
298 689
627 594
506 580
165 391
445 53
471 116
23 647
101 528
34 38
30 216
440 76
68 459
267 156
114 610
263 23
120 260
88 587
101 666
369 604
632 412
663 213
546 183
286 194
699 424
128 650
345 250
459 158
695 545
269 65
670 90
405 463
375 130
96 319
371 220
441 693
441 385
91 400
3 415
153 573
642 186
16 140
467 6
96 100
125 512
659 632
67 131
397 593
453 527
259 532
151 237
672 299
367 618
376 233
529 482
105 427
81 28
679 538
134 27
515 184
611 196
245 211
597 606
428 416
74 503
406 604
498 75
422 215
108 267
285 594
671 37
560 271
401 107
339 166
196 68
392 230
165 76
342 126
294 540
26 287
512 536
630 597
262 574
229 341
123 404
688 315
443 529
496 16
363 43
560 410
391 618
623 316
273 170
650 554
342 581
522 578
510 167
278 345
668 93
665 366
289 557
252 531
571 149
341 319
653 254
178 300
186 61
557 204
566 470
90 24
43 557
183 359
458 403
113 398
426 47
448 559
543 310
522 677
410 114
366 461
108 643
536 294
382 459
46 455
348 394
470 106
105 296
615 263
243 136
351 377
181 117
473 408
532 226
471 488
20 350
450 579
366 354
30 349
551 582
153 453
511 203
345 177
699 610
507 348
310 265
365 558
113 292
305 293
555 165
407 482
241 416
473 113
462 225
328 336
334 520
388 220
462 328
690 373
140 27
195 666
16 443
529 121
68 266
41 582
501 500
194 644
679 356
601 162
517 464
464 169
132 22
35 432
515 678
386 215
10 608
600 658
387 645
269 351
577 421
78 390
221 663
143 184
676 662
84 129
510 70
658 82
359 690
137 468
587 129
101 74
344 488
330 71
360 5
448 464
377 679
136 512
403 41
619 519
622 231
633 465
630 354
662 183
405 25
143 658
383 432
282 601
695 70
605 438
688 554
60 53
243 545
342 673
644 154
427 546
521 194
623 40
280 319
528 525
155 89
399 200
175 424
156 29
365 96
399 695
523 83
173 121
147 664
521 199
653 118
501 200
224 610
488 87
58 415
209 686
643 24
679 561
656 619
111 610
654 687
366 176
551 175
146 11
538 1
264 470
384 278
369 282
556 12
207 619
488 338
379 434
376 321
436 52
356 575
58 176
638 362
162 456
468 542
267 479
624 23
641 33
605 220
233 201
230 257
530 243
603 123
688 19
330 267
55 334
0 621
582 537
188 508
433 49
278 658
329 686
619 505
42 633
698 658
22 668
484 18
90 426
258 531
11 416
531 167
481 347
6 562
141 124
176 414
592 200
489 411
444 485
332 369
217 227
65 175
177 85
519 606
426 19
228 320
584 229
210 270
637 456
214 157
605 287
297 229
323 245
214 229
349 307
336 86
281 27
370 568
379 95
180 642
606 361
129 492
589 175
648 549
601 490
536 158
560 219
115 423
266 212
181 343
643 472
174 445
68 665
89 632
538 275
641 502
383 564
312 206
458 641
468 646
492 84
471 574
397 477
222 596
412 137
544 54
466 652
147 418
542 212
432 595
159 30
213 604
252 193
614 420
432 373
171 408
458 318
576 28
519 280
98 208
451 502
572 494
4 6
34 405
669 353
508 282
303 165
208 604
355 376
223 148
621 482
118 614
153 550
394 179
682 397
377 339
694 697
535 194
555 346
1 135
505 59
431 343
0 438
212 74
166 433
411 191
501 334
210 139
162 467
451 157
146 516
689 647
534 128
403 676
128 385
197 229
235 377
466 332
300 622
243 184
71 575
82 205
406 356
339 620
454 279
668 591
698 424
647 413
31 579
493 155
250 143
446 412
33 443
28 605
144 575
138 635
652 574
557 611
150 6
293 516
529 654
43 528
527 296
577 23
231 201
296 521
423 358
462 289
210 33
432 659
241 48
694 690
66 524
572 183
13 156
494 7
558 294
615 24
464 21
689 77
327 38
352 44
341 544
104 214
622 612
263 157
109 181
662 59
687 367
587 120
184 329
218 591
583 687
368 155
85 394
322 677
25 372
432 60
667 73
550 217
526 289
284 591
443 580
332 267
689 411
487 334
295 244
644 601
408 161
337 605
519 195
87 82
228 698
321 133
207 263
181 502
495 497
189 11
384 67
111 569
179 386
87 286
129 62
8 403
691 373
581 268
90 345
465 481
427 337
410 320
332 614
25 626
504 649
119 367
316 679
361 573
554 35
106 587
663 297
144 476
292 316
38 457
364 512
3 233
517 115
9 67
492 241
439 280
302 79
422 462
170 550
565 140
208 21
295 581
344 582
549 671
59 187
647 293
498 396
602 87
486 466
594 515
158 511
126 260
117 165
278 85
516 135
118 615
332 571
469 313
100 414
82 497
486 181
134 494
304 314
335 306
233 514
107 119
468 587
32 131
98 594
144 229
331 308
456 347
497 557
247 110
211 125
128 196
124 315
139 372
401 309
53 233
162 5
558 202
612 649
179 180
420 597
273 69
208 45
449 324
60 538
552 45
434 207
601 32
555 59
19 523
192 232
262 270
684 7
542 371
314 670
689 414
595 437
333 285
264 692
242 409
316 522
470 413
577 588
182 201
146 425
563 530
449 207
553 322
569 315
410 558
383 602
167 440
220 455
73 451
233 505
97 685
208 330
463 493
256 192
446 515
632 640
317 138
596 656
121 467
652 538
237 300
374 146
625 274
485 607
200 13
474 537
694 429
277 101
228 599
315 47
287 569
230 60
582 16
527 367
342 547
468 492
435 87
505 355
99 413
21 286
22 684
697 410
177 66
34 376
123 160
106 542
284 75
288 563
12 383
109 35
558 277
33 229
121 567
658 497
209 623
272 315
255 698
422 277
568 394
23 445
338 221
395 344
39 533
297 251
354 335
176 277
219 490
165 550
599 10
515 77
477 319
185 56
305 106
635 525
88 298
191 458
18 521
537 319
63 404
490 579
567 472
40 522
552 197
476 150
258 113
642 91
521 553
201 388
369 326
442 381
486 111
18 295
4 491
205 152
589 283
404 387
175 170
93 35
252 264
21 37
597 418
106 459
104 259
295 693
410 265
67 83
470 599
670 577
74 496
623 560
303 223
7 362
552 490
77 484
604 403
380 185
205 282
195 276
178 211
160 504
641 431
326 569
449 49
64 681
506 134
307 358
205 493
491 430
321 241
246 329
62 519
471 160
85 481
121 384
416 40
590 513
106 516
233 401
621 428
303 172
213 671
159 58
27 31
107 326
430 575
35 73
545 418
256 410
249 349
150 509
640 154
63 333
344 576
221 407
582 471
245 458
523 334
228 315
184 44
519 626
464 154
459 458
12 89
374 313
291 453
235 633
494 395
185 184
281 402
125 248
298 315
582 28
356 480
652 436
335 148
287 72
585 339
637 556
107 659
498 657
688 228
557 296
261 125
618 418
535 90
610 374
495 607
472 246
389 246
664 358
263 320
101 238
515 24
171 585
458 391
78 682
557 88
37 605
513 575
263 63
168 674
185 37
134 469
201 628
337 246
309 690
304 640
507 644
573 671
17 579
461 644
587 227
331 430
566 487
295 424
163 53
244 444
177 311
557 478
241 278
514 302
221 281
253 177
159 212
133 384
281 340
28 627
417 676
160 381
668 105
228 19
186 440
636 229
539 321
681 83
57 224
27 10
143 168
363 342
227 660
198 419
411 540
628 451
352 531
595 41
675 360
133 634
96 213
440 481
466 374
369 492
29 494
398 537
235 628
41 450
124 91
360 323
607 416
588 249
303 334
410 58
304 11
430 188
111 664
673 256
585 134
565 327
269 566
283 661
220 218
182 458
237 425
78 57
522 318
499 652
691 42
438 110
213 229
540 561
197 692
151 310
553 606
578 308
671 638
436 448
156 641
110 426
546 384
639 369
697 357
576 469
125 463
198 39
272 199
346 16
622 650
73 20
181 217
660 505
575 569
202 666
348 112
541 124
6 345
143 173
11 141
556 528
273 5
284 491
79 0
86 315
18 201
565 262
476 590
338 366
167 147
276 389
243 414
560 475
96 629
497 631
472 632
32 612
210 457
619 672
641 186
635 444
525 98
36 216
39 204
390 171
621 577
387 172
580 397
400 193
494 668
619 425
393 514
470 544
462 344
165 101
396 296
652 542
123 415
361 399
436 615
489 239
11 291
216 55
98 68
558 548
560 156
260 218
120 590
550 654
210 334
131 197
353 499
156 336
148 216
95 178
679 55
25 131
244 598
347 27
647 579
393 530
334 3
555 570
453 151
617 571
672 143
675 478
501 638
169 344
435 111
30 612
664 255
25 56
106 123
542 575
689 447
81 236
167 2
73 335
572 694
205 575
516 328
164 316
248 320
71 340
548 407
472 347
552 124
634 657
290 401
226 691
609 126
389 16
533 217
398 78
349 655
205 239
697 393
244 43
476 629
526 144
276 396
446 462
361 634
497 95
545 519
493 601
635 642
13 461
457 59
374 141
223 579
600 83
631 460
423 183
584 83
91 658
662 450
28 324
213 570
570 429
70 94
389 433
664 585
179 267
408 642
99 127
475 3
249 278
489 476
383 29
159 118
77 601
128 201
4 41
547 541
417 564
34 573
635 460
668 120
552 211
352 190
83 92
152 151
391 50
662 383
612 537
385 657
89 631
508 189
611 122
686 334
467 453
68 603
381 537
471 230
262 384
39 492
630 22
541 392
467 378
428 162
398 567
306 578
437 33
680 512
126 107
468 409
436 38
370 207
337 148
496 344
417 306
156 242
357 95
110 687
300 269
469 104
529 342
56 136
85 636
187 106
14 546
567 571
508 621
695 95
372 161
609 114
445 467
500 698
529 219
137 431
404 22
54 480
648 204
687 418
402 101
180 361
230 625
285 339
355 499
527 404
556 11
296 267
90 183
291 276
214 654
8 646
87 277
387 431
647 492
256 22
289 333
430 439
59 170
312 321
210 677
462 593
586 144
536 161
76 274
676 106
249 520
341 633
202 239
679 66
420 368
222 100
549 315
35 662
477 359
495 20
593 550
145 495
112 172
658 58
672 233
293 493
295 594
662 62
699 61
280 614
69 538
186 533
439 348
573 648
193 268
235 423
305 475
339 432
319 139
474 637
230 382
505 134
674 20
170 494
118 51
17 388
556 647
592 363
699 194
221 227
520 10
376 369
176 71
578 83
456 288
586 281
521 282
91 450
643 235
560 279
345 309
416 466
594 544
412 184
23 614
44 30
112 657
392 452
681 248
670 454
208 136
325 18
67 302
328 212
638 566
150 124
254 201
142 29
196 505
127 460
648 472
286 250
434 39
429 539
59 511
416 150
290 417
272 666
92 91
633 131
191 502
171 39
676 572
86 31
567 596
477 441
42 609
338 525
466 84
584 597
508 643
64 511
640 82
48 38
684 497
690 205
319 124
126 460
172 388
330 125
233 356
632 325
245 448
608 488
403 541
649 185
363 5
118 219
484 27
313 123
330 210
24 75
122 294
149 271
5 545
451 7
332 21
554 102
36 422
529 60
304 561
41 201
49 532
16 232
346 658
89 333
465 379
660 266
201 441
613 348
487 467
512 494
458 388
163 111
61 310
397 417
694 580
78 288
447 436
189 57
536 406
561 66
110 195
142 173
571 194
690 26
505 610
540 135
567 580
333 207
640 666
366 551
357 242
687 29
79 120
235 547
628 190
500 102
354 689
637 450
614 587
415 601
529 162
596 565
268 504
245 439
85 199
536 358
111 546
319 115
699 669
429 446
442 248
420 422
406 646
531 634
282 212
355 319
594 529
519 327
33 159
181 48
518 574
229 285
456 525
208 631
126 306
85 590
542 47
612 579
302 608
418 470
687 47
602 4
477 238
575 443
557 364
144 628
527 284
499 487
378 246
129 686
520 695
454 122
616 168
41 277
70 15
235 22
428 7
437 56
696 256
353 538
68 122
260 184
469 417
307 258
208 568
76 457
541 407
240 357
638 268
459 279
199 209
167 609
338 581
77 107
53 679
82 300
305 89
234 375
463 145
582 548
446 336
651 418
538 37
189 647
408 512
506 138
624 248
62 405
598 528
534 596
453 34
312 329
471 396
402 502
183 690
145 243
359 528
353 493
283 33
602 473
91 173
411 691
265 190
686 413
228 384
95 367
645 628
327 27
13 68
113 190
96 37
595 10
418 541
678 259
529 182
594 497
670 62
512 5
442 0
325 388
661 478
164 475
669 86
672 74
426 610
329 86
574 499
280 308
693 617
23 671
143 244
600 508
276 482
272 176
609 178
692 328
393 63
574 68
163 567
573 248
154 164
637 430
568 509
626 99
667 511
607 397
508 446
10 630
211 576
487 513
218 684
90 205
169 693
260 428
597 457
648 28
423 337
505 68
318 196
391 260
456 690
149 245
86 602
143 63
339 247
169 325
60 382
306 439
423 639
380 305
301 307
367 347
623 297
439 383
14 218
152 409
342 501
365 471
20 306
437 574
60 302
414 6
514 291
529 596
152 583
545 290
288 177
252 247
461 468
152 597
600 219
90 453
612 377
286 447
115 397
93 676
227 669
10 362
351 358
234 34
15 210
191 26
630 140
250 81
104 436
22 103
198 500
371 102
248 181
343 573
154 677
211 371
33 173
307 504
347 587
378 336
638 678
385 216
652 632
575 318
347 165
517 104
528 469
381 486
536 655
395 12
455 330
523 141
329 521
140 29
533 279
122 545
65 676
441 546
501 496
134 483
33 514
300 414
623 18
341 44
61 543
359 437
357 345
243 629
56 289
543 149
563 389
279 109
190 681
305 71
186 585
96 79
96 542
344 152
508 519
181 468
262 694
409 667
601 276
397 148
267 638
151 7
548 417
523 108
133 104
363 556
360 129
275 2
245 353
195 334
309 456
493 545
541 578
146 322
465 212
75 224
665 405
689 178
156 510
657 79
549 575
103 444
664 198
652 407
607 290
433 543
54 190
120 0
624 422
549 606
672 630
572 216
482 76
540 468
697 498
275 191
471 124
527 461
504 163
637 386
71 287
657 406
340 455
277 546
458 667
325 95
117 696
479 67
434 264
519 411
226 208
233 660
248 190
372 544
250 296
653 83
270 304
112 178
475 525
95 500
431 29
515 645
268 73
449 436
348 180
299 477
521 150
178 581
180 695
189 456
225 301
465 236
412 87
178 513
522 55
641 204
16 491
586 100
442 545
321 174
412 259
368 465
418 445
536 289
496 323
695 195
121 221
589 31
464 488
665 528
479 683
528 228
577 472
20 220
96 682
114 673
593 542
325 85
538 409
509 594
172 193
76 660
228 530
262 597
40 142
150 297
119 578
145 166
594 346
499 551
522 211
167 153
655 302
324 211
346 257
406 512
39 349
26 606
411 354
254 510
505 444
282 362
275 232
313 222
244 303
246 693
88 409
320 502
44 511
127 532
606 8
617 23
629 470
661 54
178 444
635 510
42 159
309 200
55 106
288 147
112 195
523 247
609 622
61 523
266 216
350 337
489 450
420 684
640 505
570 74
175 412
475 345
417 561
503 621
414 599
330 637
621 72
547 70
637 234
90 691
631 547
125 676
272 164
386 281
374 229
650 557
268 39
176 89
463 325
266 658
649 456
635 155
677 569
314 196
469 604
407 644
482 548
98 600
220 421
452 84
313 216
98 289
398 635
492 309
691 82
228 271
57 169
143 200
539 441
50 482
242 280
281 692
312 183
336 304
238 665
696 454
218 419
226 650
74 459
8 295
287 429
422 229
666 89
275 638
272 159
306 377
471 78
240 366
250 303
154 271
506 292
426 498
390 276
681 295
593 387
329 340
440 400
267 619
688 527
57 637
114 681
669 407
181 97
662 19
568 270
418 579
506 58
394 254
600 613
691 182
10 244
179 502
660 144
355 206
514 169
368 71
625 525
646 312
565 525
254 365
223 619
82 69
206 567
353 197
81 518
336 144
452 284
597 576
5 153
496 692
363 397
125 418
27 173
82 141
157 256
305 614
369 584
271 85
288 417
472 288
485 177
61 172
639 543
109 337
660 229
13 117
450 71
80 611
186 259
621 422
544 656
593 334
534 604
137 641
563 699
46 693
662 461
697 677
142 25
664 363
692 201
386 361
344 102
112 552
89 660
137 324
411 546
294 418
184 198
680 77
61 630
334 64
647 363
581 656
161 246
115 336
224 117
521 442
177 463
50 148
201 688
52 368
40 418
381 146
166 213
500 624
149 617
350 233
674 192
35 357
131 159
115 243
623 644
689 381
334 153
85 686
263 453
615 45
26 54
392 468
92 647
394 251
141 514
206 462
376 220
516 408
428 12
688 674
341 578
514 247
166 602
205 237
536 67
299 676
544 19
39 379
342 688
650 4
203 136
195 298
540 187
82 217
4 592
568 181
331 41
388 158
236 53
113 458
545 324
678 541
480 255
23 174
189 423
636 6
249 409
226 94
20 372
520 424
513 493
0 314
510 221
545 472
657 471
623 246
640 196
518 334
571 544
589 293
347 627
548 392
640 207
69 136
465 229
360 347
240 463
266 621
96 322
650 106
336 321
299 470
698 544
313 293
650 655
688 639
127 582
546 86
598 523
23 223
466 254
302 283
566 118
57 49
691 559
336 656
55 510
435 24
631 504
371 656
4 355
527 258
28 331
281 324
421 666
39 109
239 28
689 146
651 134
233 246
453 103
131 315
278 419
204 258
154 236
556 573
316 350
47 269
254 249
524 194
492 328
492 617
59 114
299 82
183 416
353 238
19 571
302 184
25 9
668 135
83 189
643 669
629 371
459 487
106 144
401 410
121 579
90 352
696 672
175 70
142 412
324 386
115 480
673 352
314 513
182 475
308 97
632 15
234 388
259 227
575 692
289 117
46 416
698 518
89 589
693 569
14 499
104 369
19 362
316 261
272 294
345 327
163 397
674 211
594 401
693 454
425 351
539 637
310 542
547 297
291 662
693 464
127 23
96 208
677 6
110 261
152 412
538 415
368 211
220 540
597 462
237 521
120 505
172 126
189 77
27 268
519 82
601 681
698 527
459 189
659 319
210 448
546 469
44 642
351 395
380 526
481 279
165 462
85 2
295 0
393 675
193 389
191 641
154 333
555 149
529 402
353 585
643 657
366 147
261 77
72 619
323 150
73 442
610 333
497 53
372 95
26 663
150 96
222 635
586 243
0 53
403 449
14 308
481 334
623 419
73 62
643 83
489 83
269 656
618 195
353 373
586 694
162 27
214 45
179 545
71 327
635 283
422 54
544 467
143 546
594 2
427 503
550 643
269 646
413 669
65 485
146 300
402 570
495 645
459 693
687 178
371 246
541 158
578 189
309 125
666 553
223 389
625 161
456 582
334 154
289 665
194 258
260 539
403 648
139 527
346 635
89 552
632 422
212 513
171 677
624 394
536 432
355 639
675 160
41 494
314 329
300 68
538 352
434 95
10 405
580 323
509 607
695 286
147 66
360 113
685 62
26 422
492 533
594 668
261 165
519 331
564 426
305 464
667 618
170 78
116 1
72 106
302 556
76 566
458 378
420 165
568 27
420 415
460 230
69 526
439 432
77 571
275 5
461 118
509 30
691 448
428 681
51 693
435 125
571 30
323 537
607 584
175 244
583 391
84 66
453 332
612 406
148 36
9 413
219 385
626 199
384 254
672 399
8 580
575 285
76 687
315 566
464 403
524 15
138 502
462 6
625 253
318 449
463 674
232 446
206 503
565 60
475 54
310 63
218 401
194 82
153 290
305 544
248 420
498 362
57 96
357 178
452 351
64 434
31 20
530 100
685 326
350 207
661 282
430 173
488 506
532 261
285 325
521 471
26 692
689 611
320 293
638 185
276 524
618 605
544 187
210 505
47 306
452 644
30 229
381 26
160 416
174 631
645 658
65 300
48 219
61 30
343 647
640 239
649 262
220 674
571 227
71 672
195 6
61 242
413 657
450 525
113 463
11 203
406 348
532 654
43 255
657 416
404 630
314 400
56 591
225 476
88 685
33 325
313 135
427 152
271 202
686 310
68 226
57 628
639 27
325 210
498 346
393 658
642 23
398 609
315 676
101 686
192 323
485 279
513 429
341 609
134 612
305 314
508 580
501 213
228 396
474 100
283 133
360 65
405 254
686 187
92 286
473 308
96 211
291 277
255 82
552 393
563 283
519 135
457 593
123 502
477 304
143 450
384 160
450 398
346 593
218 557
510 81
264 667
309 427
144 438
165 262
505 361
39 129
628 468
576 479
442 592
174 524
333 687
65 146
471 460
22 345
655 623
508 14
436 543
579 407
501 264
525 127
377 491
14 23
276 454
325 688
470 337
675 221
519 431
450 50
306 7
563 392
470 78
13 41
92 380
312 692
104 262
153 208
699 143
435 462
182 320
503 102
40 575
615 612
471 434
190 678
546 486
166 413
470 598
420 548
445 33
468 519
639 459
32 10
52 125
149 86
148 185
97 467
574 467
456 428
18 689
118 105
519 124
302 653
30 541
24 159
614 303
548 547
651 347
593 86
400 630
658 42
55 37
303 183
589 562
445 482
191 665
438 117
376 362
21 92
318 565
207 195
76 265
364 170
347 696
145 401
241 272
614 116
166 657
688 441
684 535
172 111
186 291
579 91
256 188
322 635
660 108
159 381
487 135
442 122
201 645
621 684
485 25
202 168
83 55
289 597
118 190
453 602
118 408
261 566
76 164
544 450
122 516
425 28
273 515
303 566
247 559
532 456
450 473
145 453
222 123
140 249
506 217
175 16
523 546
445 103
593 537
74 143
151 610
443 632
326 408
281 252
59 345
195 10
53 313
461 478
536 407
454 606
473 604
454 493
20 88
666 526
611 565
587 102
68 76
324 64
448 661
187 527
262 588
238 50
247 103
664 193
569 592
131 183
258 176
620 314
540 301
338 543
180 194
306 545
153 52
630 583
401 695
159 199
96 658
170 56
135 418
633 511
571 313
319 645
537 617
694 17
625 380
224 643
534 145
512 168
164 657
118 597
683 361
312 210
222 608
238 269
660 500
68 583
218 325
210 262
67 233
575 207
374 298
545 175
588 497
525 341
215 460
282 151
655 209
528 467
73 345
394 277
626 437
385 600
678 543
545 303
636 110
546 225
466 160
189 213
523 103
569 650
186 33
300 320
116 42
510 94
322 204
503 12
421 215
665 611
210 18
32 143
446 293
486 545
229 410
630 421
264 113
192 164
69 27
116 170
16 20
632 215
621 307
430 149
209 350
75 48
519 510
371 603
547 524
636 79
527 530
316 398
414 606
592 652
448 493
575 172
183 667
260 141
485 271
565 164
36 178
458 49
243 534
8 253
521 458
264 167
629 43
518 662
22 406
651 560
532 161
152 584
108 181
215 426
549 7
243 386
42 401
40 24
154 146
501 546
174 4
401 196
490 305
270 445
623 629
636 66
151 441
149 629
543 517
166 158
671 284
587 490
97 619
6 118
151 417
647 4
381 662
92 96
640 646
587 498
539 133
519 324
317 350
99 168
474 232
276 585
106 213
140 240
305 185
688 535
353 138
324 496
643 75
151 438
384 110
479 53
426 222
244 196
336 432
543 37
139 467
51 301
591 25
197 528
424 75
210 321
79 382
181 77
265 11
497 483
455 359
276 264
448 331
682 47
230 177
511 40
189 68
347 97
208 354
120 695
532 641
213 57
586 396
380 509
589 451
132 176
662 370
137 371
69 546
245 463
123 126
230 624
293 401
195 364
226 407
148 487
13 464
660 68
99 410
250 237
695 168
317 499
480 440
479 442
56 94
606 17
656 341
574 647
452 431
321 547
227 196
242 254
248 416
625 63
448 181
661 371
615 298
172 445
631 508
602 470
568 430
631 354
55 246
241 225
579 224
368 119
49 414
398 378
30 413
628 79
648 253
371 663
468 616
280 89
563 436
396 663
504 193
348 54
567 280
90 652
51 633
199 543
282 536
331 578
253 60
335 136
637 153
622 255
88 669
514 483
50 255
509 676
647 698
202 640
24 402
6 522
395 295
666 620
454 259
422 159
693 47
34 261
406 383
54 650
688 238
200 5
154 690
187 476
565 97
168 468
426 368
290 183
545 404
396 370
464 425
131 332
675 65
537 399
397 582
334 638
486 129
154 360
419 645
637 396
281 90
215 542
162 376
213 337
57 197
637 213
569 484
565 353
400 131
633 395
513 507
562 187
397 140
300 154
191 127
338 285
590 87
638 532
557 285
438 242
202 22
385 604
682 227
199 322
659 572
41 356
510 579
479 91
415 643
605 594
475 545
265 175
684 143
607 283
434 686
557 656
520 127
272 382
337 178
214 591
677 648
449 254
195 128
660 529
157 496
351 465
207 310
193 356
145 592
361 146
475 674
632 63
568 650
424 7
67 686
605 77
49 324
573 150
145 428
582 449
453 567
129 493
9 31
408 428
532 196
353 334
218 506
34 420
60 77
580 618
680 381
221 355
695 324
15 59
403 583
147 678
91 325
495 693
104 647
115 367
661 486
543 218
324 187
171 152
309 443
632 374
158 95
224 448
437 117
352 82
682 557
554 130
316 327
393 268
379 646
571 131
358 636
193 196
546 644
334 311
42 127
555 132
686 400
459 590
526 149
248 690
517 192
432 193
697 628
523 75
104 619
21 401
400 24
444 464
461 95
593 621
601 675
350 2
260 640
538 208
438 298
483 581
288 557
625 111
379 653
528 165
252 164
471 491
298 125
83 332
409 459
330 503
619 103
298 683
178 210
286 45
90 542
597 291
538 252
107 20
546 29
692 665
216 322
339 72
154 429
546 172
508 260
696 330
286 475
349 685
188 293
129 206
272 559
62 255
619 112
306 521
44 367
257 321
223 174
637 592
481 125
514 493
127 544
385 13
81 549
643 569
537 502
7 130
526 54
270 377
676 629
121 254
330 413
586 164
677 50
340 542
424 416
355 574
232 481
261 622
406 679
590 146
218 381
267 286
50 387
83 150
98 614
680 604
369 7
441 212
156 635
36 221
109 158
143 129
226 31
413 67
22 336
598 441
386 528
253 337
647 458
652 77
197 513
56 294
113 455
120 341
634 686
375 359
331 149
166 99
166 63
609 531
680 150
104 123
639 534
370 420
22 574
496 18
132 187
432 609
499 534
528 51
365 171
224 372
582 457
334 33
335 520
434 321
625 132
361 446
367 179
243 607
103 272
620 564
665 403
313 194
173 605
473 165
334 506
106 21
66 52
405 515
48 482
226 671
552 49
371 416
170 688
98 276
246 505
199 614
627 24
240 360
502 166
44 618
472 24
386 612
411 410
546 157
424 527
379 680
95 163
607 120
674 586
70 584
594 281
574 183
624 274
27 601
428 615
167 70
179 58
316 514
440 541
620 390
291 99
347 185
405 335
441 600
177 237
255 183
554 67
634 603
584 560
507 391
315 73
250 63
480 195
7 148
368 263
140 462
525 424
30 363
551 520
473 336
100 209
530 684
119 222
252 583
196 671
119 397
191 340
558 66
79 684
434 308
105 448
361 662
291 118
436 317
586 662
380 268
56 69
699 205
576 64
552 542
304 358
143 383
510 574
552 330
567 313
602 515
197 643
96 132
264 103
663 275
262 686
131 594
118 139
75 476
79 421
454 189
446 183
166 624
526 609
461 190
178 640
61 486
140 134
197 543
440 600
170 532
9 609
514 66
152 291
693 26
17 621
687 610
695 6
159 318
32 637
108 360
294 312
674 240
285 355
165 606
173 358
447 622
142 474
215 630
301 465
22 448
204 531
444 587
323 124
519 417
554 351
26 182
109 686
562 670
171 549
459 535
152 124
693 20
266 50
209 662
130 643
676 576
218 459
50 55
660 668
33 621
486 434
496 605
648 676
589 531
109 692
574 44
308 225
115 117
233 182
226 267
17 362
284 197
198 400
475 45
238 35
279 235
219 3
690 590
174 682
460 4
566 324
220 75
482 441
474 585
463 67
78 497
452 360
698 577
95 94
137 492
226 530
597 496
218 570
409 46
426 178
372 565
331 325
457 661
536 182
336 356
387 649
262 665
286 197
63 456
285 699
146 281
74 189
652 650
413 201
72 606
693 152
223 135
186 95
564 576
550 53
160 197
691 473
161 452
690 145
453 323
104 194
432 459
77 233
256 334
74 128
18 583
145 635
306 68
531 87
559 166
36 104
357 395
89 430
363 248
366 63
356 35
157 325
139 295
508 400
378 62
622 73
437 493
540 471
520 457
77 542
218 279
688 663
590 538
298 357
139 168
27 33
664 194
594 667
438 343
569 666
468 438
477 196
664 651
652 573
313 534
566 560
245 506
36 404
161 614
487 378
444 636
29 10
596 227
128 206
15 135
207 288
73 372
432 91
35 628
489 299
239 35
335 584
440 315
621 126
459 697
191 66
452 262
630 667
293 622
527 29
600 237
667 607
660 86
672 200
455 374
657 85
20 299
270 130
224 11
275 423
270 55
591 606
208 395
373 424
476 508
542 696
255 474
85 359
367 190
21 532
106 170
388 584
633 152
494 80
654 281
416 119
221 0
514 490
359 466
616 121
455 174
166 686
351 116
547 47
215 594
272 475
319 398
529 559
607 610
105 247
413 138
103 669
311 85
27 12
650 640
533 187
695 378
94 198
204 293
5 663
114 242
102 470
309 327
135 628
586 23
45 260
674 106
506 562
396 180
227 699
456 680
194 516
314 468
282 498
611 451
136 148
404 44
421 31
186 223
190 230
404 41
367 23
303 540
78 166
352 51
623 546
74 141
485 489
234 104
278 449
681 506
35 141
451 603
334 58
570 363
149 177
70 52
526 41
116 218
21 279
325 81
662 288
360 317
649 524
511 22
0 190
644 468
560 194
264 317
52 379
313 173
601 488
335 180
600 71
337 93
597 298
403 334
677 635
359 128
106 519
446 423
522 141
88 560
451 81
497 575
250 693
679 68
134 368
443 288
658 637
201 522
627 581
687 466
113 334
53 294
324 429
327 416
461 679
136 554
129 247
359 493
296 677
64 426
375 418
157 302
106 422
550 31
345 235
459 21
377 548
518 587
52 370
476 18
533 52
207 143
624 36
652 605
640 478
512 385
484 195
179 139
432 321
323 188
187 19
77 367
383 107
639 405
212 43
341 30
285 242
529 40
195 598
16 123
204 192
374 555
353 131
578 579
456 442
180 18
270 635
350 597
469 449
202 509
376 300
652 424
56 367
152 653
150 332
178 691
333 201
532 640
163 17
304 56
452 365
329 101
490 120
22 452
275 72
698 219
346 164
21 585
355 635
650 430
338 449
476 617
339 414
173 355
60 119
134 116
238 484
98 323
567 146
653 395
618 183
576 428
13 523
100 26
470 628
60 347
271 550
570 526
347 635
247 400
608 641
591 30
677 440
414 42
22 544
239 286
592 671
672 218
410 55
673 309
677 408
513 567
596 473
486 163
7 124
637 295
334 100
372 646
638 445
462 582
637 551
560 417
458 414
301 106
542 151
635 370
455 193
282 274
413 593
199 195
228 559
191 200
526 358
486 113
239 501
525 669
231 465
410 124
390 30
196 356
402 189
373 47
108 143
655 379
618 461
320 354
253 187
309 588
201 467
668 263
312 313
161 464
225 655
10 503
419 401
677 88
613 220
427 342
461 375
289 414
322 467
199 629
98 559
685 177
516 74
353 149
92 391
302 623
291 299
566 352
115 211
497 346
627 362
438 75
648 541
689 504
320 399
400 443
59 188
216 126
695 191
532 256
610 457
154 140
280 116
140 695
506 289
696 260
115 130
178 85
351 376
209 330
58 595
219 608
154 534
20 358
305 128
4 580
288 164
277 66
369 556
663 461
556 296
641 315
628 546
398 499
614 313
154 411
221 572
189 383
278 20
571 233
596 623
545 214
280 5
218 587
601 364
168 508
459 150
578 333
567 150
151 275
514 595
316 385
104 661
309 270
129 471
556 42
223 404
494 25
425 389
425 286
663 553
569 696
255 476
196 636
89 140
135 46
17 541
530 618
651 412
247 257
513 581
121 451
108 161
68 329
79 357
186 459
447 361
3 60
213 452
252 514
232 125
532 386
195 365
271 688
345 43
423 177
340 594
93 102
65 337
479 275
44 45
373 642
525 469
380 82
415 107
415 565
473 26
288 272
165 521
94 432
132 462
508 493
177 7
636 694
126 462
57 666
202 28
364 638
546 39
12 359
335 186
214 86
275 92
44 186
433 189
55 474
551 306
483 314
642 666
2 526
674 187
14 646
363 560
78 71
233 384
482 582
255 115
74 554
389 137
185 247
485 289
604 272
168 16
602 455
337 110
444 285
524 374
13 436
639 305
219 220
58 694
72 116
380 2
85 105
234 412
244 149
347 144
140 614
544 421
42 203
652 610
84 87
569 24
116 213
495 554
335 635
19 580
433 580
208 143
396 488
200 208
539 481
646 105
335 468
93 648
628 646
77 620
161 179
248 252
308 523
279 450
239 314
687 470
454 152
405 104
100 406
397 421
219 431
258 602
407 276
317 198
169 592
474 252
446 104
69 364
405 257
508 578
44 379
578 639
326 395
610 542
483 41
31 386
521 187
250 22
512 214
484 331
539 553
270 178
342 434
376 26
182 7
325 357
119 76
544 95
500 26
209 616
88 625
242 361
157 336
298 164
562 311
518 24
437 99
57 194
664 688
639 546
187 323
57 433
30 521
59 379
196 267
582 696
248 387
454 12
555 417
178 257
684 135
576 342
430 607
550 464
330 15
643 536
330 138
435 131
193 398
515 302
308 144
554 497
293 247
124 314
104 584
583 302
539 116
496 58
397 142
0 363
186 96
13 205
115 5
592 48
57 119
495 313
160 240
254 439
583 673
628 149
146 638
322 24
309 101
121 453
415 518
520 246
513 582
351 90
219 282
412 39
408 208
177 523
163 126
305 142
218 571
618 249
249 145
83 153
598 647
391 466
526 378
221 676
613 645
375 249
392 25
31 615
333 562
482 429
545 521
560 639
511 576
486 245
328 185
407 552
699 614
441 627
228 355
85 24
108 492
471 157
585 503
642 192
67 5
389 676
535 605
604 301
411 584
533 2
684 207
498 374
546 217
323 397
349 29
326 412
201 171
274 315
63 10
449 655
526 497
321 692
480 678
13 468
540 549
416 376
432 467
338 567
658 144
354 154
407 85
670 369
275 100
648 355
575 671
323 426
619 365
168 523
206 185
630 615
548 595
181 680
271 302
511 58
577 82
255 46
38 59
437 248
367 658
557 243
264 553
506 310
312 688
375 402
554 436
108 671
191 562
437 140
184 63
626 300
593 33
609 132
150 358
178 231
169 348
391 334
240 232
435 214
177 209
396 551
522 628
389 175
291 639
487 128
243 425
414 225
688 159
529 578
199 61
194 146
76 634
286 332
140 17
41 71
261 570
390 660
128 609
548 629
36 218
601 356
379 569
1 260
47 212
504 411
283 149
374 213
408 325
143 392
239 542
417 350
545 681
119 606
686 666
566 549
249 683
680 339
86 1
47 451
531 67
430 450
282 343
203 290
682 396
72 283
551 532
64 512
426 465
76 461
601 558
468 206
506 259
283 84
253 621
163 7
472 400
2 466
405 470
464 619
624 108
500 533
293 454
545 667
62 335
525 64
462 251
658 263
334 337
694 677
624 615
458 92
518 493
299 208
562 407
366 267
370 287
457 498
1 306
398 381
445 494
505 238
264 259
459 389
18 697
449 396
177 667
209 31
165 131
670 554
604 345
682 569
103 110
160 234
695 250
514 179
231 507
228 604
130 193
610 554
677 35
238 100
100 62
175 6
459 603
310 406
522 74
506 183
548 470
443 64
321 90
442 307
481 212
478 691
84 10
415 603
677 568
137 320
362 560
195 255
67 240
674 396
606 388
406 253
340 302
263 36
126 183
605 688
251 447
403 167
138 422
290 367
595 506
663 514
188 395
440 571
139 667
431 66
214 15
432 697
201 582
672 599
515 543
298 692
44 265
262 399
281 361
252 12
520 346
343 13
140 679
13 35
684 104
416 126
167 287
475 612
31 119
234 679
549 497
683 23
536 223
226 157
148 681
542 647
698 367
332 279
568 101
578 2
206 439
323 598
502 669
544 0
375 324
520 71
475 341
316 274
615 398
500 359
663 158
86 29
311 406
170 658
207 504
691 267
170 122
267 346
297 311
340 178
550 134
34 226
609 138
378 661
335 351
47 81
124 397
136 146
477 286
550 67
498 57
361 500
44 26
132 514
13 305
47 467
460 154
480 19
253 30
36 350
190 665
138 639
437 201
595 176
0 82
301 466
690 255
408 492
16 633
432 88
438 91
573 38
494 323
595 423
64 401
115 245
405 478
211 30
519 482
412 315
143 31
396 489
528 276
330 67
536 144
465 506
95 315
692 659
352 329
221 448
164 49
476 447
82 303
513 157
371 469
403 59
436 467
321 667
490 494
272 422
275 416
635 216
169 643
23 483
312 639
230 404
589 142
40 671
569 604
257 85
281 376
407 476
362 454
660 63
679 428
239 63
276 540
450 671
576 327
633 466
277 253
655 398
119 308
276 104
618 147
654 61
286 645
691 605
263 177
215 520
20 144
154 553
324 265
52 452
104 472
184 127
596 617
363 410
698 460
444 450
142 107
256 28
285 171
544 77
301 618
342 67
159 313
304 628
635 356
674 95
228 637
306 279
627 425
491 387
353 296
624 374
199 681
229 562
523 467
253 58
127 246
25 157
626 463
595 386
163 663
691 276
622 333
106 583
150 154
591 598
363 509
7 215
447 100
194 103
358 530
139 121
620 645
101 588
564 292
579 297
615 267
389 173
675 12
484 395
635 33
326 280
323 410
571 193
699 457
462 656
251 190
496 35
457 225
526 167
377 111
155 394
217 42
698 371
300 539
57 580
88 74
679 188
347 158
266 328
234 421
220 392
230 32
611 543
353 469
538 172
532 415
431 358
569 506
659 207
288 124
320 294
86 617
270 507
590 28
532 82
453 326
107 216
60 279
174 518
260 302
53 343
84 270
55 204
21 652
104 683
602 195
329 423
450 614
576 454
147 172
591 164
142 133
134 534
289 431
29 495
486 287
633 245
33 625
610 412
466 484
654 421
271 649
441 158
309 258
647 336
103 277
207 128
592 187
124 48
521 286
295 107
316 159
540 683
643 3
360 8
470 353
589 586
699 251
133 59
698 182
5 144
360 207
43 321
247 543
546 257
696 150
637 332
514 695
408 268
633 621
440 445
23 247
117 42
21 300
430 144
551 230
393 345
461 105
387 187
554 545
277 563
158 278
178 446
685 571
141 494
671 313
551 143
419 261
413 558
204 498
658 106
267 257
573 61
370 347
364 106
462 329
561 551
625 180
61 431
529 601
362 31
189 209
439 58
659 350
116 190
577 558
480 309
238 611
54 401
603 674
204 119
207 384
127 6
526 303
129 213
630 647
332 378
156 430
559 554
460 87
636 147
584 54
180 144
504 389
91 111
216 287
546 9
596 365
460 629
122 541
651 555
104 5
82 259
242 15
688 552
406 112
104 309
288 257
396 56
434 40
687 16
54 555
463 641
277 38
194 602
279 61
635 63
683 137
278 462
371 62
259 156
131 347
509 616
263 230
56 477
637 172
427 162
477 74
219 507
568 74
252 233
60 204
479 517
664 209
199 123
319 239
647 348
162 448
158 276
180 679
378 442
24 410
158 649
291 610
169 447
674 483
361 247
573 543
309 289
651 260
162 303
671 651
696 188
670 541
626 657
441 472
673 682
437 160
250 631
118 433
268 618
503 266
253 454
105 530
193 373
353 50
656 677
592 529
217 202
305 179
684 377
510 237
484 106
528 456
563 607
478 219
630 27
18 698
517 325
227 235
534 380
178 395
155 254
211 483
474 97
423 422
348 659
436 372
486 268
14 325
552 214
141 610
158 449
282 495
347 626
535 395
521 254
222 348
358 84
448 477
108 425
108 483
76 161
252 699
458 33
662 149
602 329
164 384
166 529
203 260
591 563
373 60
260 689
446 563
437 287
550 515
75 564
345 554
95 571
97 568
667 244
208 507
322 88
243 656
73 634
589 549
696 514
120 571
88 402
468 83
7 625
677 613
188 14
477 60
529 0
441 109
614 237
468 112
525 429
28 172
365 615
158 220
426 649
20 196
423 220
517 518
17 59
345 672
327 628
344 602
288 642
119 460
44 290
348 324
461 2
250 651
548 386
320 187
345 474
417 655
525 111
403 417
653 236
676 28
642 105
328 633
16 467
141 262
209 8
54 633
174 46
199 656
147 377
1 225
583 527
327 384
576 370
119 572
543 50
168 132
106 225
612 506
59 46
569 196
256 412
217 193
420 494
483 471
394 416
146 568
88 268
635 24
279 213
207 106
356 625
124 453
486 59
498 24
256 462
215 115
593 657
348 6
378 493
216 167
631 462
478 416
200 463
686 498
490 176
22 134
293 341
623 106
590 164
417 321
230 466
43 630
584 558
458 619
391 588
561 460
211 238
516 683
428 32
129 605
239 246
216 580
68 488
299 136
610 105
525 463
27 160
422 656
245 21
409 553
502 87
97 494
538 644
697 386
30 231
646 648
507 193
444 95
238 566
495 479
120 299
88 347
62 322
127 465
179 35
523 137
338 648
231 104
458 201
108 215
516 371
655 185
433 697
587 604
179 623
226 516
62 555
164 540
471 543
97 95
508 511
256 385
154 3
645 499
682 307
413 685
43 101
275 105
405 294
435 463
401 585
410 461
319 170
244 551
498 307
375 478
146 599
679 15
188 611
236 32
233 461
251 455
172 161
295 263
280 459
691 52
353 252
684 332
237 140
319 670
225 511
632 697
44 412
469 527
20 462
116 303
595 248
585 168
206 391
220 407
352 492
448 499
512 130
699 7
556 354
533 349
242 190
91 413
526 587
646 691
83 428
352 598
690 446
190 104
219 527
626 134
299 220
338 613
603 96
229 258
668 224
400 185
100 374
89 582
342 680
422 150
288 687
524 137
587 256
642 61
115 24
551 695
399 521
515 392
209 3
331 408
245 75
561 626
347 0
320 411
680 4
577 557
27 321
151 593
272 525
142 418
228 529
58 507
557 230
556 68
50 586
104 308
61 184
33 316
460 286
212 125
216 82
223 298
142 699
90 609
365 100
692 653
382 691
684 514
155 267
218 303
387 672
146 212
39 472
675 109
56 202
559 350
474 448
430 203
448 228
284 180
477 485
24 89
463 414
2 198
421 393
402 400
569 465
690 64
491 477
347 567
508 20
44 440
241 583
532 269
225 470
208 36
216 691
395 256
56 350
128 262
491 294
75 236
622 508
114 282
264 334
171 689
158 640
447 202
104 617
69 448
450 529
120 139
557 99
637 397
292 508
308 8
175 385
149 302
518 6
408 673
595 555
693 279
166 460
139 330
611 538
173 36
609 634
107 602
614 56
510 693
266 635
488 117
371 307
471 482
180 676
570 606
68 544
41 341
466 12
474 165
21 624
648 523
516 26
699 436
652 239
402 545
305 69
274 384
231 239
248 354
483 273
179 465
113 132
365 536
685 572
478 50
695 87
620 635
118 606
269 406
26 526
326 76
561 226
290 556
174 617
56 129
331 346
474 697
592 479
556 364
466 462
339 205
687 520
417 453
17 271
674 50
162 661
669 203
183 178
252 530
641 176
583 509
413 276
331 244
429 505
674 697
92 494
270 219
398 93
62 484
290 321
653 529
239 553
77 72
48 366
81 677
24 70
324 322
383 22
172 475
70 183
554 611
215 265
128 697
370 659
193 516
558 411
225 40
133 284
523 414
296 539
295 419
322 605
459 573
650 348
422 205
321 553
18 615
220 475
607 190
102 276
118 8
98 135
426 150
231 482
67 607
565 150
143 226
65 327
522 638
481 121
545 118
504 364
297 218
176 145
654 512
246 214
173 230
38 117
367 567
176 266
573 164
689 240
551 665
119 628
488 294
106 593
517 241
387 180
291 331
492 342
213 126
146 98
490 592
81 138
411 405
383 77
468 672
494 244
533 347
508 238
694 199
45 517
35 336
595 174
299 216
327 395
138 509
281 145
139 224
352 361
661 412
428 336
454 350
81 389
442 146
390 88
507 562
632 635
464 376
223 10
423 326
578 643
49 417
598 606
408 5
322 518
104 42
569 343
478 502
225 46
307 379
131 616
461 473
445 624
355 668
183 153
278 545
403 498
641 656
323 593
214 62
228 542
94 246
383 368
61 493
597 267
205 341
63 662
547 539
373 455
25 621
683 50
509 626
511 42
69 288
9 41
577 401
367 410
539 57
660 94
194 529
687 442
508 249
441 296
195 668
600 581
73 16
685 188
96 599
443 261
419 554
619 601
210 491
288 577
302 528
33 64
438 131
350 195
222 392
445 269
85 186
511 169
546 457
404 128
671 25
409 413
46 579
555 597
269 288
283 672
329 609
90 78
171 223
695 304
174 8
559 346
356 615
28 591
305 180
231 273
226 278
153 285
140 569
547 103
637 411
265 515
196 79
647 187
365 355
361 560
263 395
312 51
695 243
84 605
13 698
398 409
562 692
659 135
376 653
501 386
432 365
548 341
566 488
284 539
537 511
359 534
437 556
662 22
271 675
68 458
162 225
15 549
662 618
672 111
152 688
530 343
511 587
304 357
402 459
50 244
285 390
55 587
190 201
288 50
430 328
661 135
412 609
131 269
432 282
190 619
158 18
88 671
353 281
496 591
68 494
363 256
360 561
88 105
678 534
133 244
558 567
101 328
210 38
586 573
400 401
11 588
261 187
699 683
147 152
326 256
254 66
92 365
450 519
327 177
139 275
53 696
279 62
65 48
686 664
385 72
105 509
532 409
151 143
242 140
347 369
437 471
362 136
44 550
200 537
639 213
644 516
594 681
80 36
61 658
200 339
366 102
52 67
477 116
403 239
664 579
528 570
672 447
271 442
348 192
145 452
651 572
391 461
365 660
107 70
389 147
664 41
524 695
653 150
491 61
656 181
213 428
593 649
319 406
297 400
309 515
605 679
41 313
347 404
562 382
10 568
616 387
61 154
398 632
27 359
536 291
332 623
259 463
567 530
224 588
290 522
518 697
235 13
336 387
174 228
155 452
541 626
119 214
668 378
162 360
354 584
196 329
339 96
398 164
585 625
27 39
565 23
3 192
696 317
239 577
523 540
658 269
695 245
561 147
638 613
383 684
218 607
659 78
96 490
64 698
266 615
30 328
423 229
409 487
356 294
188 51
418 511
651 126
269 85
157 364
231 79
37 133
84 289
223 123
355 145
362 631
321 695
537 205
693 439
578 42
598 393
573 404
559 59
94 399
316 431
696 342
291 430
76 71
496 342
487 637
447 566
149 163
537 609
9 674
205 145
126 588
576 90
390 269
277 340
292 132
13 622
384 398
67 391
666 361
182 312
420 346
339 307
21 537
359 45
581 660
538 439
66 137
688 383
521 56
503 626
281 486
310 324
139 310
623 614
94 627
48 116
465 482
469 352
377 405
123 115
664 641
259 535
369 35
692 258
312 385
603 365
20 320
371 245
200 679
491 444
612 516
511 187
196 600
432 72
557 568
102 601
107 160
54 458
225 311
35 492
290 463
511 650
616 663
474 207
674 687
612 91
546 508
81 83
414 509
249 568
256 159
282 650
552 136
661 129
284 405
164 691
359 448
367 160
351 567
686 537
660 256
120 367
536 13
637 302
406 210
160 679
537 67
368 246
457 367
295 343
242 230
539 639
165 467
319 534
390 76
493 519
586 653
453 60
347 455
389 325
26 328
41 564
670 259
576 115
287 155
131 566
296 138
130 412
95 343
199 49
608 665
36 166
520 110
315 436
134 288
50 615
337 419
459 455
244 489
38 460
394 452
416 228
629 184
188 241
371 30
73 204
545 384
85 132
237 197
113 100
623 67
473 610
603 561
686 669
443 506
65 195
198 601
26 10
548 273
697 41
591 111
97 112
623 259
312 632
573 571
517 170
191 437
138 37
205 588
425 365
278 597
75 571
406 566
57 407
352 456
262 508
294 77
327 331
654 37
580 574
434 122
280 660
251 179
690 574
240 477
342 259
222 132
421 611
380 349
602 178
682 220
148 668
474 546
28 41
594 531
3 642
521 473
70 303
129 478
29 634
444 495
499 6
268 394
297 612
308 94
384 518
94 509
58 87
695 115
598 402
625 374
559 138
256 662
459 692
291 573
689 589
346 408
409 127
384 346
375 71
2 433
279 167
691 36
103 543
34 696
145 464
426 623
219 223
224 32
401 437
653 326
93 36
33 164
636 230
16 225
409 620
384 561
647 335
697 30
46 520
293 671
202 122
350 294
393 246
656 137
250 193
216 654
229 683
586 498
2 177
483 411
381 663
151 555
53 571
360 290
276 416
335 612
7 126
499 431
267 598
19 687
673 282
395 77
513 372
115 536
656 100
115 238
180 188
676 207
670 677
560 76
193 590
93 352
691 111
549 547
379 545
548 336
149 23
114 249
116 36
61 76
15 290
178 522
38 430
428 262
143 454
328 605
24 160
613 605
371 295
495 578
304 528
61 660
402 211
534 377
472 432
185 324
277 59
311 310
689 651
431 202
258 608
330 405
429 36
607 334
34 488
190 131
105 51
689 330
81 97
10 514
119 321
54 345
662 231
330 677
352 290
469 526
453 678
71 385
131 597
278 195
676 412
521 343
627 559
416 247
103 511
87 688
354 145
404 314
549 196
44 84
288 653
187 32
590 131
277 366
52 150
688 186
342 149
616 216
513 316
393 375
69 366
446 94
680 473
590 250
141 566
598 39
368 192
637 219
601 522
450 663
678 548
60 339
497 524
275 265
206 280
140 139
120 45
620 425
246 430
162 181
352 40
85 242
99 404
525 283
47 657
267 77
419 136
229 511
16 372
348 255
631 409
391 176
626 524
483 565
141 657
339 132
523 132
51 80
192 680
2 624
385 398
131 680
66 287
120 584
18 308
363 362
88 277
89 608
563 472
12 688
142 150
2 226
600 353
267 676
226 131
690 450
561 646
620 481
442 56
381 322
280 123
476 332
100 569
191 551
443 97
227 665
466 671
571 391
608 370
331 366
419 231
381 73
379 567
353 502
51 151
129 3
118 342
663 263
393 458
49 546
251 264
210 596
570 544
175 369
597 475
677 22
589 575
88 7
525 323
124 52
429 65
260 310
166 142
152 548
270 368
415 93
611 226
666 613
430 624
197 382
565 188
467 500
150 499
634 137
419 81
424 340
307 454
605 596
310 596
291 436
606 447
401 24
268 506
697 679
493 28
269 324
53 453
209 178
332 57
389 566
176 99
389 396
57 330
415 480
682 19
288 499
534 671
342 39
252 194
43 542
280 248
622 251
368 344
569 306
366 7
619 509
120 664
312 664
690 607
85 210
691 323
22 11
150 628
349 419
555 247
363 84
526 543
130 668
408 435
333 308
17 148
94 186
264 468
197 372
15 566
212 367
652 298
379 167
99 439
73 229
409 109
594 78
35 615
469 685
389 513
689 461
7 137
228 50
124 19
150 70
419 385
666 73
188 571
325 600
137 569
555 337
415 427
513 634
685 190
169 312
174 345
583 268
275 148
295 189
563 346
209 455
101 253
19 590
663 534
165 204
294 93
408 379
113 416
208 83
133 349
112 179
571 644
688 28
103 472
276 380
13 458
669 59
493 622
453 506
634 60
339 565
294 553
64 236
234 452
498 500
596 429
69 377
156 547
209 122
528 290
475 365
172 129
46 355
375 543
20 478
514 116
223 342
533 118
200 299
641 233
336 27
403 223
284 431
517 20
456 328
545 69
338 92
481 646
650 356
109 126
399 434
637 326
40 245
210 593
585 104
55 297
21 593
336 543
518 689
379 123
59 137
517 157
471 439
4 655
210 308
267 48
174 421
663 537
529 476
534 579
622 507
295 201
308 482
249 73
297 173
436 476
655 249
686 450
386 97
393 81
256 46
280 334
81 59
84 406
353 216
210 171
2 352
431 71
360 604
177 545
60 656
164 455
278 229
638 375
208 152
84 330
589 510
305 563
363 575
86 615
518 483
369 227
200 296
531 425
422 314
239 480
313 467
575 445
492 230
290 95
234 478
230 380
210 590
351 22
547 353
152 522
172 239
438 234
145 270
39 398
495 513
236 110
36 674
287 684
248 404
260 522
278 408
628 215
60 451
223 176
250 444
323 451
70 60
384 605
426 607
145 447
339 343
242 325
56 438
476 473
231 439
2 116
153 687
204 502
96 409
544 533
21 13
263 682
584 460
527 466
74 362
408 104
37 589
47 656
482 682
386 297
425 167
102 465
489 461
61 348
486 314
22 19
377 24
193 551
389 84
624 448
311 304
391 342
138 310
491 334
371 344
234 175
184 646
37 514
404 279
57 216
139 274
355 147
686 540
497 597
562 139
291 408
245 94
602 398
285 326
254 178
670 509
337 614
159 601
533 53
605 614
690 369
120 54
68 48
314 281
164 408
450 61
230 179
51 157
370 607
696 359
40 163
435 340
429 260
182 250
551 187
581 460
374 4
425 244
492 451
646 187
110 486
98 628
279 628
510 595
327 637
148 373
586 117
339 649
662 524
347 389
297 411
425 550
51 235
522 514
109 478
534 31
162 569
190 537
108 663
322 205
323 110
468 63
628 562
673 274
8 408
43 350
420 542
438 583
475 444
92 411
193 194
634 337
28 539
160 172
200 407
568 26
341 324
644 143
659 285
77 195
644 207
276 9
12 106
657 478
573 565
613 212
699 35
419 176
118 684
499 694
91 425
694 634
153 209
595 350
643 265
198 695
6 566
83 180
457 45
9 15
468 290
339 436
401 421
374 117
404 187
29 428
47 689
281 479
393 630
245 488
349 407
297 475
158 405
596 91
341 434
166 163
560 612
336 293
521 630
416 659
336 670
239 384
232 665
322 418
263 415
245 179
352 659
192 93
502 193
171 108
427 41
288 581
451 85
445 403
215 654
341 313
282 82
649 498
88 162
404 348
307 595
138 284
96 157
270 367
686 522
434 604
246 555
76 203
28 243
507 550
428 27
69 168
456 364
164 186
158 445
348 658
418 238
566 694
73 429
298 603
458 165
239 256
344 146
562 63
684 371
528 131
635 62
212 418
323 316
626 690
659 361
33 130
361 71
666 312
346 118
602 149
117 563
34 218
303 77
214 577
637 147
443 613
636 381
489 146
191 206
429 440
155 233
341 504
513 471
305 651
233 352
249 405
107 369
234 393
103 260
604 593
189 515
414 590
474 567
654 96
674 349
415 638
520 288
274 100
682 31
132 317
694 154
283 541
13 671
693 638
669 223
668 94
547 0
559 182
244 238
221 297
334 73
316 468
436 77
10 617
420 262
505 443
369 454
373 385
233 537
280 140
384 103
151 106
142 9
450 566
319 650
545 563
684 28
250 17
641 647
551 598
279 663
377 477
284 584
19 51
165 418
657 569
499 39
227 582
382 489
300 182
528 698
253 472
298 657
55 422
270 503
622 275
154 495
115 612
27 90
678 565
357 471
