18 153
9 6
10 1
7 13
12 15
3 8
14 10
15 1
6 7
7 8
16 1
2 6
4 17
15 5
16 14
16 3
10 13
13 11
5 0
4 12
1 14
4 15
6 16
0 3
7 3
14 13
7 2
0 4
1 7
7 4
0 6
17 1
1 12
14 0
16 10
4 9
6 12
11 6
0 8
6 5
15 11
7 17
13 9
7 12
14 12
7 5
8 9
7 10
7 11
13 16
0 16
14 5
8 11
4 16
14 11
0 15
9 11
2 15
0 2
5 11
16 9
8 15
12 10
10 9
13 4
14 4
9 12
7 9
11 2
17 13
14 8
13 8
3 2
15 10
1 3
16 11
0 7
2 1
12 2
10 3
10 0
16 8
11 4
3 17
15 7
5 12
2 9
17 10
10 2
17 16
0 9
14 3
17 5
6 1
17 14
15 16
3 15
4 6
8 12
17 6
17 9
4 3
13 12
13 1
10 5
8 1
2 17
7 16
3 12
3 9
8 2
1 4
12 0
15 17
10 6
6 3
11 1
15 6
3 5
11 3
14 6
2 14
8 17
1 0
16 2
13 6
1 5
0 13
13 3
9 15
5 2
0 11
16 5
0 17
13 15
15 14
14 7
11 12
6 8
12 16
17 12
8 4
17 11
2 4
13 2
1 9
8 5
5 13
9 5
4 5
10 11
10 4
10 8
9 14
