590 100
89 182
82 484
517 224
579 451
42 279
112 168
522 15
408 445
558 193
346 393
75 522
168 571
290 239
350 145
403 2
320 240
164 132
289 73
535 532
72 77
382 460
545 224
300 247
360 434
79 419
334 564
311 548
100 234
231 537
28 170
468 188
252 408
387 99
452 397
175 568
81 587
262 137
455 186
74 77
457 66
210 156
35 268
3 478
566 248
342 93
236 570
580 495
219 258
200 360
346 432
317 161
56 537
43 545
339 292
287 478
7 111
138 166
541 516
562 164
496 504
391 142
85 439
179 290
202 132
267 505
54 229
73 472
429 57
88 514
583 197
41 584
429 443
229 548
342 27
379 249
505 163
291 17
415 101
350 454
470 26
219 210
556 512
281 508
127 484
326 132
344 545
201 245
494 556
46 522
408 500
41 338
226 327
511 200
133 320
159 326
227 199
185 123
208 216
67 518
384 258
