1120 2000
396 1028
1106 632
153 445
884 927
379 30
463 1001
753 824
503 530
724 358
733 610
627 865
281 388
547 515
215 935
109 832
509 336
1038 330
622 439
368 565
33 108
264 611
249 831
879 23
895 323
496 132
597 605
411 332
663 413
15 847
99 141
89 501
28 831
947 28
977 238
1052 173
539 1084
291 913
739 205
577 447
924 127
211 940
775 609
440 222
650 795
670 906
1049 1080
159 1069
719 896
281 493
1099 1055
512 417
230 35
119 993
103 771
590 933
957 693
415 361
719 559
262 674
1074 635
816 124
94 907
882 232
982 903
692 656
863 575
165 338
799 524
691 86
958 252
319 1093
895 64
1054 459
275 316
1095 74
446 187
598 894
54 832
531 758
304 387
687 987
1062 446
819 416
940 663
569 1022
820 496
756 217
386 921
758 778
882 391
612 506
115 974
906 739
550 715
603 449
480 434
519 777
216 426
414 403
353 569
651 504
289 48
148 358
207 1007
1100 225
737 49
771 726
529 59
453 308
537 515
544 924
53 305
394 192
727 100
336 263
619 266
1051 948
345 537
33 411
146 776
954 380
630 758
797 996
647 871
937 146
977 424
771 865
182 155
912 1099
9 536
664 945
777 308
833 19
515 86
90 156
802 298
882 400
466 959
54 935
695 931
1075 457
144 937
454 127
369 677
50 592
259 687
334 108
773 706
91 793
559 595
884 503
701 409
803 938
886 59
109 372
103 566
550 136
188 350
6 239
18 993
962 359
408 241
153 1003
995 583
466 354
69 6
970 79
482 286
1044 474
598 812
1109 983
451 260
149 886
718 232
317 544
659 134
870 958
381 625
692 1114
275 255
79 147
5 2
910 872
6 429
937 430
492 454
605 954
356 869
53 808
791 626
894 307
136 793
841 901
889 728
360 632
1063 502
910 738
289 115
408 444
919 174
1081 14
940 790
293 865
39 684
855 530
93 964
823 179
645 1007
111 762
764 39
386 857
623 663
678 669
199 272
1119 885
692 253
71 1109
876 559
273 168
677 1087
168 426
117 352
303 923
698 467
761 190
813 879
493 223
320 797
396 328
162 346
605 995
473 878
1087 668
201 617
670 415
90 597
273 402
1050 543
49 293
927 124
887 501
483 370
962 801
98 81
952 469
334 390
659 990
385 673
350 800
779 763
680 1030
1073 177
42 911
779 343
134 411
865 521
59 688
474 594
285 1095
942 906
291 188
656 527
23 78
975 227
489 291
674 906
154 423
837 51
923 568
940 694
1089 1034
227 248
518 1103
615 513
314 1048
898 141
431 61
957 306
798 402
742 287
573 667
617 978
1086 84
194 225
717 742
436 168
614 1006
371 549
883 161
272 343
60 753
78 538
380 926
114 818
1045 199
179 894
955 188
738 346
979 490
255 709
1106 577
211 495
916 105
818 582
566 215
753 385
871 714
841 639
198 607
1091 206
490 713
33 197
100 582
18 103
304 987
397 738
1027 404
887 391
74 869
550 544
212 1103
241 758
986 735
258 1052
647 789
316 214
1110 386
1089 338
981 46
881 937
138 378
411 959
896 28
694 843
853 4
241 232
276 645
1001 929
103 236
253 49
602 142
805 139
380 896
493 626
142 468
490 118
119 417
808 1017
294 614
587 583
493 889
253 640
707 28
1083 315
257 746
778 853
521 182
307 157
739 878
1037 233
235 757
649 1100
571 44
716 801
141 240
86 572
338 266
638 792
463 876
860 254
285 339
258 661
472 917
301 868
33 143
347 1110
802 736
297 857
888 490
785 330
920 43
161 732
828 869
149 179
741 1046
379 741
210 1043
680 56
762 404
622 1062
814 402
930 802
93 772
574 605
46 977
177 324
949 758
166 394
485 162
328 414
39 1115
810 58
921 368
646 707
146 862
510 316
923 99
374 929
877 817
864 530
741 854
873 511
605 347
179 292
173 639
779 752
827 653
980 630
544 343
884 168
375 454
178 474
134 36
345 681
419 287
811 915
851 950
252 159
195 964
722 849
475 48
483 986
392 292
120 243
468 1033
1055 575
584 224
355 6
780 1089
473 798
537 619
285 310
612 427
400 742
893 701
68 963
744 50
460 551
565 309
694 368
579 769
816 398
56 469
769 568
666 920
758 706
221 858
650 60
332 579
820 865
465 63
200 995
515 638
87 269
694 137
71 306
529 527
627 557
342 610
571 531
943 881
299 888
84 980
462 512
89 518
942 963
871 143
149 427
202 1080
617 91
199 849
746 382
894 992
591 296
1029 74
83 947
234 812
706 1022
820 505
648 40
1026 191
677 494
208 249
192 797
528 265
943 978
725 230
262 1045
8 565
455 204
316 1015
192 251
691 122
793 607
812 537
704 503
640 76
816 781
696 701
720 977
245 633
241 38
413 61
799 480
290 1004
504 547
761 767
158 156
701 222
362 738
382 1104
220 630
418 836
199 952
224 217
356 417
343 349
969 69
579 775
200 950
234 747
1103 359
992 906
1045 720
326 1107
121 12
1015 144
853 425
650 1033
469 626
836 855
71 648
1072 562
461 157
528 379
870 323
429 312
868 523
1093 58
1087 21
26 489
633 38
853 800
157 735
166 432
1119 833
1054 874
541 1117
150 559
358 1112
458 998
450 1041
374 841
662 845
354 311
811 972
465 248
102 709
645 958
36 687
104 206
474 883
131 79
265 157
324 1039
395 784
651 835
595 507
333 531
273 673
580 382
368 216
41 393
412 969
158 184
693 1023
84 499
226 428
783 537
595 303
816 1101
498 407
437 805
796 211
548 510
101 682
327 537
430 704
724 481
199 732
638 991
297 811
979 1008
291 561
399 673
368 544
806 839
354 240
7 1095
193 529
643 349
924 31
751 36
1024 718
727 90
475 1084
491 430
229 838
312 831
1030 611
752 732
738 63
469 417
95 1048
714 644
676 1064
819 449
152 82
880 40
575 319
37 491
479 571
676 686
112 839
583 748
677 806
664 606
260 341
1106 660
500 662
113 771
208 1011
119 61
552 379
646 51
713 1031
513 221
885 421
859 298
637 186
978 573
163 712
1003 303
732 1081
437 234
394 901
1020 301
561 923
379 1112
606 609
1105 597
1087 478
495 72
924 637
6 743
702 567
1087 718
652 8
1079 670
474 652
54 367
395 212
146 1101
383 751
772 12
511 369
217 792
81 881
549 95
932 80
647 868
613 1067
711 570
797 584
1021 796
542 825
1109 948
99 399
431 23
304 850
711 764
711 73
524 271
642 198
410 894
828 394
174 1009
594 513
780 1060
305 158
1110 351
160 100
527 473
1044 1024
863 286
474 988
580 870
843 959
951 458
321 30
269 993
974 410
291 884
913 758
347 305
572 643
294 264
538 839
162 33
257 727
456 468
419 735
132 622
61 484
832 713
543 15
485 795
682 954
38 809
590 1043
764 382
449 414
245 1055
407 156
634 720
1 21
275 672
1062 576
780 540
848 869
1084 533
932 253
713 803
944 194
577 895
71 933
27 675
298 1118
412 1021
745 107
261 255
1031 171
978 403
353 307
478 944
61 9
47 469
841 1069
600 172
699 1063
94 322
514 811
427 654
715 113
211 619
992 376
1063 441
965 1100
496 667
408 681
472 5
860 767
965 346
208 638
466 830
551 1039
85 276
563 403
334 964
262 708
45 557
973 602
385 296
455 56
729 49
342 965
128 540
1115 241
1009 800
653 1040
871 456
903 669
1079 859
1014 121
5 1102
329 320
501 500
100 333
203 470
238 713
352 1059
385 1090
943 691
123 521
8 768
156 669
90 411
156 1097
1066 586
715 1107
125 453
344 506
642 624
966 993
833 953
9 1002
883 53
980 365
263 13
540 69
896 650
72 1008
217 865
671 278
698 152
561 192
187 707
395 522
260 666
453 898
1042 1012
768 898
231 881
169 520
1112 696
1071 943
37 883
7 287
479 544
324 1013
157 175
768 715
573 953
897 793
536 1102
412 1064
510 175
712 574
436 25
209 46
288 674
740 831
271 504
450 500
279 531
924 499
314 430
846 867
903 602
108 467
308 333
864 209
257 210
849 151
810 62
194 665
214 828
56 1093
343 751
486 590
307 831
1010 776
1 889
589 322
242 484
358 5
932 160
842 1036
209 157
32 714
628 820
892 500
780 549
314 1025
275 882
1104 1006
355 312
605 706
758 504
516 290
222 632
324 998
1101 533
853 471
945 293
857 68
153 799
412 821
1085 197
878 223
988 190
549 232
1008 458
833 935
826 811
1089 571
294 379
901 910
819 741
520 125
798 1054
136 445
113 321
374 578
767 101
106 91
18 506
1044 444
819 639
434 1077
35 528
868 1002
924 111
236 207
951 552
739 387
674 546
367 564
788 877
698 649
863 994
235 876
149 805
826 1105
1004 592
297 648
314 1051
426 1096
24 681
9 895
515 872
173 909
1002 198
512 603
316 387
53 1100
1060 64
697 66
928 927
1111 720
206 229
285 697
698 517
662 104
1004 37
510 1014
833 78
600 321
244 9
1086 962
1087 795
738 646
120 672
699 1109
861 881
186 1063
886 341
70 367
868 129
925 242
1080 227
1099 126
257 941
642 908
191 914
32 475
1015 834
821 497
164 305
62 314
908 824
290 850
1055 492
819 421
425 837
447 339
996 213
118 832
59 746
748 726
421 1005
907 530
1098 183
879 890
77 83
434 375
761 1097
984 1043
720 58
685 1060
684 582
394 859
791 764
344 945
270 920
68 567
1119 575
719 817
888 645
925 198
880 608
104 985
826 499
29 355
708 414
210 713
678 88
219 302
462 102
298 132
897 847
254 90
519 713
1013 356
776 578
358 594
70 339
567 1024
368 670
218 1115
758 519
445 73
528 383
489 1098
968 185
154 453
663 191
1038 935
1010 315
706 1078
867 973
207 845
73 417
930 365
530 614
518 282
318 716
202 240
397 335
267 129
996 874
134 575
999 947
738 804
758 1074
735 719
161 175
366 82
475 321
536 347
24 383
908 1086
7 10
496 1090
627 432
1069 865
105 1106
146 1006
1003 512
1044 364
112 8
102 726
653 38
670 561
402 563
180 202
97 435
674 362
82 209
193 36
731 717
414 361
1050 68
722 581
415 1104
529 600
502 883
868 244
1060 7
387 125
667 1037
728 710
189 976
475 1086
660 115
1043 1073
299 1024
252 288
561 897
349 492
591 142
787 498
419 551
799 790
713 305
469 403
476 283
588 1059
528 525
983 505
482 616
84 1014
356 890
380 684
1061 1017
867 433
803 518
15 781
354 952
648 754
1043 359
987 791
341 243
339 91
329 598
725 891
1009 603
72 195
326 1024
953 407
1023 308
627 1002
23 372
500 249
985 695
847 1058
329 150
222 1008
863 357
704 334
560 650
30 515
672 1058
811 367
780 42
137 1055
571 1076
752 97
368 401
883 1077
918 293
730 140
972 22
8 611
52 423
282 267
70 803
668 998
938 58
1030 727
1104 384
786 163
784 908
484 374
188 430
291 604
401 819
988 176
860 500
175 578
617 277
331 248
767 407
177 1023
478 1048
101 395
788 541
539 670
65 662
1 888
67 82
1076 152
664 50
910 754
965 771
648 364
348 1052
84 989
1050 932
669 757
571 807
908 309
698 781
266 81
245 967
704 508
278 821
793 876
647 1012
806 472
100 371
336 858
728 246
176 82
868 47
372 748
751 97
881 317
885 546
495 378
617 1083
37 26
892 3
1083 535
555 997
520 8
79 299
483 134
907 417
222 330
623 747
928 829
68 210
608 586
1035 402
767 915
478 1096
979 932
427 725
399 273
268 1117
962 903
471 1082
166 933
8 374
996 388
917 272
110 65
535 531
469 953
669 589
249 1058
854 1006
835 915
23 54
560 831
1057 12
685 54
828 870
780 130
414 58
974 807
927 170
1019 333
313 172
878 164
854 264
133 845
3 882
743 552
375 776
319 410
543 1026
1077 930
980 633
365 393
825 469
833 1034
39 843
132 117
1067 236
393 1049
160 677
255 454
290 1
1111 591
320 512
225 605
27 265
830 579
210 1086
91 90
792 972
1071 179
465 1006
71 784
843 204
660 1031
652 41
53 101
310 501
604 655
221 90
1035 803
261 572
284 553
545 989
922 1063
815 143
1062 520
363 321
670 432
87 256
963 848
659 1053
814 638
245 163
286 341
879 507
767 223
731 401
674 749
879 1045
706 506
701 473
245 556
183 732
298 1062
323 726
346 297
107 1048
641 120
115 532
846 343
219 26
34 825
230 1013
327 158
1079 638
67 896
286 873
1047 125
324 721
501 121
686 100
71 985
453 688
688 211
1095 217
25 387
185 1071
1012 509
647 681
1102 1025
607 758
773 284
704 93
160 556
47 1056
791 849
286 321
793 86
68 950
327 180
628 787
1119 337
760 0
1100 1116
608 19
561 63
317 437
316 290
529 167
415 219
583 3
95 824
318 508
360 318
983 396
1084 481
324 705
790 286
430 168
324 141
962 107
284 10
916 1038
942 329
1095 625
592 938
758 230
106 416
1061 648
393 400
408 758
370 539
899 425
828 488
311 103
290 657
15 257
727 918
747 883
672 134
31 572
112 709
582 51
131 557
226 744
805 525
272 841
874 915
410 212
401 109
1043 1067
857 397
1114 923
22 109
843 289
437 651
223 1027
989 894
645 152
701 1041
1096 399
151 720
102 571
155 318
671 446
242 572
1024 796
472 106
260 874
991 762
833 1001
1053 1002
592 1030
813 413
516 1113
391 231
60 1114
1090 920
378 487
1100 282
620 400
82 658
845 197
1093 667
516 52
468 286
1117 44
199 304
611 696
419 989
313 378
151 1072
159 229
437 463
576 232
1054 339
1033 798
656 460
893 96
356 625
617 431
346 991
160 491
347 79
402 214
1077 746
307 41
413 727
976 659
759 363
246 279
1087 493
1117 251
313 504
811 745
523 476
144 836
106 252
734 1096
986 415
31 217
524 332
276 635
596 865
164 372
257 967
44 986
309 127
682 964
146 1002
63 241
874 496
1030 556
764 990
1055 680
159 586
167 927
743 607
1047 509
148 741
1039 251
274 115
1067 691
276 712
337 53
886 901
275 644
1057 1089
31 515
379 280
879 122
645 99
16 577
332 305
423 619
359 440
943 283
1075 414
736 852
657 633
736 452
609 793
28 35
556 1078
130 748
27 838
1108 92
768 57
872 592
179 803
1013 836
947 616
228 897
1090 946
988 320
449 451
1003 882
482 8
238 1097
522 291
369 176
644 80
697 548
833 360
712 701
199 513
1010 1002
964 457
108 422
569 489
841 1061
533 529
429 389
233 298
352 722
863 330
111 1005
142 209
856 254
1083 294
449 932
584 836
819 882
756 914
225 400
1042 804
230 799
813 164
403 829
411 54
582 855
423 729
610 792
236 198
523 223
359 876
473 1070
746 672
710 633
649 751
179 744
65 41
1022 406
383 868
416 466
453 234
251 561
93 378
851 553
340 832
494 466
696 221
741 54
400 412
631 71
770 231
917 135
783 720
227 836
453 930
1103 400
851 740
529 570
259 148
1092 771
712 779
30 695
857 1115
689 349
1021 445
731 254
582 263
850 112
674 613
564 1115
737 264
942 903
1115 593
36 308
232 296
871 169
21 499
81 255
448 932
963 0
220 986
726 861
247 844
870 879
192 567
568 402
25 1037
318 15
822 554
383 107
811 453
808 146
1020 699
1046 700
516 405
770 143
882 36
88 186
683 443
658 889
810 694
1109 473
1076 1114
662 501
313 630
562 1025
576 40
126 207
278 1023
1116 1001
767 750
870 150
673 871
165 933
1001 982
54 126
481 784
121 1106
1060 416
250 678
352 743
612 1081
456 392
405 424
727 785
755 778
349 595
1039 767
357 1019
970 107
781 487
897 634
636 288
132 601
521 481
600 714
121 406
811 219
550 694
263 366
165 50
736 846
428 357
493 518
435 601
15 918
142 995
670 829
183 580
150 218
675 803
556 799
171 176
746 320
585 597
149 1001
974 643
398 684
124 39
776 320
528 715
324 800
792 569
439 412
504 895
314 1087
689 96
1011 820
883 457
1022 825
438 794
85 203
524 563
662 940
742 1119
553 655
729 887
755 55
987 455
454 629
1095 1109
792 1005
108 335
613 37
465 79
487 1
320 1006
1044 565
442 959
205 640
363 725
186 845
492 247
1035 190
1016 394
1094 854
462 561
823 1019
217 862
570 215
8 306
281 525
1015 637
1118 78
881 977
1113 0
284 48
200 718
144 789
791 3
596 468
906 1027
129 906
394 545
1031 515
316 869
629 170
750 851
426 674
873 1117
254 815
303 81
715 927
319 199
772 1119
1028 539
174 901
418 220
36 217
639 392
461 149
124 79
411 611
459 897
673 1026
27 297
836 452
108 624
1012 528
11 1109
69 413
219 725
721 1047
676 409
84 683
710 49
78 92
272 72
119 807
298 597
292 918
496 588
448 804
1076 830
708 565
146 106
974 545
634 568
1066 743
149 557
738 1021
1027 54
573 714
10 1113
1067 176
231 392
156 104
1096 911
486 907
133 684
280 102
1017 645
492 171
362 991
220 762
482 612
567 1057
729 985
1027 878
17 771
585 783
199 569
2 440
99 5
711 710
319 818
197 309
849 65
725 118
916 654
214 691
377 965
646 204
278 378
902 669
843 269
1032 237
421 448
599 55
176 125
585 261
873 326
908 968
549 129
130 846
122 375
294 308
955 1065
155 34
162 970
927 856
314 893
434 84
586 777
850 842
150 299
55 220
725 203
1038 845
574 587
915 635
794 523
311 338
107 682
984 1020
317 959
103 53
776 334
597 234
685 923
749 649
366 231
209 262
352 884
561 382
124 650
677 965
124 1098
103 346
253 462
1098 462
287 925
954 457
674 1057
492 782
795 823
392 403
320 75
221 145
683 126
503 706
641 686
13 35
720 107
830 1078
1048 1030
703 85
724 802
641 288
305 998
442 211
244 1010
1091 707
490 641
630 1077
926 307
25 861
506 426
1103 721
894 734
914 534
731 536
227 319
431 198
480 665
894 287
1024 555
608 81
965 75
14 29
317 65
743 61
86 891
968 843
428 812
286 902
524 273
415 693
62 325
1053 145
361 490
190 1081
905 648
1029 994
81 412
885 987
1033 401
318 813
299 219
54 208
343 1052
1012 615
241 366
398 725
550 594
431 948
37 955
271 797
726 189
415 1114
1005 781
783 913
72 243
945 361
536 724
100 121
543 968
91 1116
546 694
235 162
477 725
830 688
97 927
661 705
330 592
464 631
50 896
876 351
931 799
511 899
1098 298
153 810
181 135
366 461
275 352
85 528
1012 45
459 470
821 596
466 267
477 780
771 697
1 924
785 936
119 347
784 175
64 458
812 577
553 968
691 504
852 782
542 219
965 1003
608 50
337 750
562 584
478 962
274 459
879 434
286 843
454 299
