45 90
0 7
43 13
23 7
14 42
19 1
35 32
26 10
4 11
43 2
25 32
2 8
8 25
30 27
11 38
23 11
3 26
21 23
40 18
13 18
10 5
28 12
41 26
20 39
26 14
13 5
8 31
26 35
4 15
7 33
28 2
15 29
0 8
1 38
18 5
31 22
29 41
5 35
20 21
13 30
3 24
34 39
27 12
7 6
4 28
10 22
40 10
27 25
3 41
7 10
2 38
13 27
42 26
31 17
16 12
9 16
35 10
5 26
28 44
14 44
38 15
25 15
19 31
0 29
12 23
22 40
29 28
35 11
18 29
23 44
27 16
12 20
44 39
36 38
14 19
30 43
31 40
6 36
2 22
23 31
36 35
37 39
1 30
29 34
39 41
27 40
34 31
12 36
31 10
7 37
37 15
