450 300
48 134
281 107
273 42
109 279
109 103
15 59
164 358
347 222
311 364
316 105
203 325
116 132
267 386
270 416
211 130
306 256
160 240
290 89
127 123
414 97
144 370
122 154
290 345
388 6
148 356
426 47
105 438
120 426
419 154
15 27
28 141
227 233
98 316
37 26
149 340
148 306
57 29
405 333
66 16
364 181
151 146
227 321
424 109
365 3
36 106
151 367
272 233
359 220
340 250
284 409
163 276
170 380
61 120
448 390
275 115
6 32
117 90
88 1
237 91
230 233
256 338
262 185
168 12
416 404
247 152
18 207
36 56
43 442
372 316
406 394
341 159
41 148
16 241
414 344
17 108
407 314
265 119
191 350
417 428
56 337
153 221
200 378
42 111
54 412
334 346
182 40
345 447
439 204
103 69
356 430
362 242
54 289
66 319
42 381
402 411
379 154
268 276
66 0
95 326
431 415
262 93
71 8
162 350
417 405
311 153
349 185
128 376
376 393
339 32
100 446
411 295
178 295
403 86
90 130
206 202
280 276
177 352
423 428
240 103
318 175
251 128
385 140
69 166
291 250
193 212
145 305
404 412
228 270
37 380
62 388
358 291
137 150
227 98
110 82
117 389
239 233
225 240
14 39
35 10
160 96
12 196
5 423
370 438
134 55
223 11
308 44
29 347
20 152
148 132
72 2
16 95
268 295
270 408
327 76
430 381
137 419
22 202
235 296
371 337
322 278
143 386
113 90
222 417
329 236
288 295
301 93
220 264
177 255
88 57
119 142
58 28
194 159
317 164
412 34
380 100
329 203
108 183
311 378
64 263
21 438
16 88
255 3
22 76
426 198
151 69
284 369
427 54
46 269
401 157
253 303
342 385
236 183
88 285
374 91
186 340
274 179
388 351
363 78
295 276
327 312
120 448
422 388
276 59
247 282
337 174
64 160
215 376
389 159
173 176
392 27
281 117
369 94
422 31
102 357
385 10
216 192
243 159
348 90
239 419
212 13
358 184
308 158
179 293
233 126
46 126
388 276
6 403
152 336
269 220
280 21
274 184
306 20
261 428
59 336
337 35
408 229
439 128
439 347
123 157
299 82
98 132
254 177
112 27
317 55
136 12
270 375
89 212
356 90
278 220
182 274
200 132
172 68
217 42
18 327
359 164
229 56
401 45
175 162
77 127
284 368
172 373
365 276
58 67
341 283
33 268
228 409
247 327
333 306
184 291
63 95
423 237
218 230
8 179
239 150
384 23
166 37
112 386
305 116
263 408
45 224
234 305
172 325
363 294
194 68
113 55
254 159
35 209
163 157
218 51
1 94
372 433
446 348
250 412
273 239
329 224
104 356
136 392
15 44
392 377
262 211
