900 300
351 18
673 446
635 499
199 580
123 144
794 299
145 186
895 346
816 889
543 432
223 363
721 269
350 729
565 462
325 794
680 848
702 189
498 544
349 681
753 258
642 78
480 223
884 503
348 877
704 583
678 277
618 209
52 859
500 415
669 310
485 23
335 461
196 845
8 456
653 129
96 255
460 875
546 268
373 326
396 521
167 730
97 400
647 649
257 302
356 894
609 149
161 827
229 149
705 771
658 360
814 210
54 237
519 729
473 399
881 329
36 374
806 764
821 360
612 534
612 368
634 685
613 824
51 383
534 498
161 524
755 109
230 740
794 703
18 400
715 723
158 823
423 651
91 623
602 416
871 406
431 395
213 488
654 731
113 72
620 568
381 132
147 823
539 357
487 421
308 159
249 400
599 229
267 732
813 168
69 35
404 372
374 862
239 739
187 590
241 157
622 128
194 674
600 38
544 264
896 310
472 148
296 357
560 732
838 610
379 744
176 30
67 398
204 268
5 148
131 321
101 412
875 378
850 181
652 661
406 283
839 260
430 791
485 744
96 673
325 887
36 600
88 201
205 545
209 200
73 607
113 712
762 898
828 822
335 515
798 232
197 312
570 666
838 19
412 204
332 216
516 25
311 797
244 806
629 487
54 651
566 362
50 638
181 555
440 679
29 397
220 595
820 818
143 208
56 626
247 856
830 683
575 3
573 553
214 79
536 370
553 708
682 362
575 403
19 283
405 252
453 406
7 143
168 654
138 369
686 44
52 450
457 464
493 205
311 490
83 561
162 202
781 548
15 330
217 226
641 559
420 471
23 136
354 825
519 561
338 158
581 773
899 216
791 665
620 557
49 517
879 226
612 491
293 358
752 634
468 188
881 72
372 330
445 794
599 55
363 335
294 187
714 563
627 668
15 869
40 233
34 52
781 725
641 660
873 814
799 19
743 829
375 304
426 488
598 552
835 284
335 720
639 380
439 640
236 607
237 227
214 793
483 19
671 306
534 694
735 232
345 616
465 427
644 836
383 727
707 487
17 331
298 301
832 256
248 701
159 792
189 132
548 700
231 153
810 466
29 718
645 498
871 728
176 271
38 42
554 85
699 291
484 586
41 413
125 469
253 679
475 548
897 505
786 654
684 37
444 190
533 887
547 345
354 308
521 385
645 372
626 741
422 724
30 616
770 542
439 730
340 124
127 374
28 602
658 305
786 37
858 514
794 159
394 207
223 478
378 554
700 545
425 386
213 745
837 491
270 437
518 484
392 631
562 159
350 853
837 517
672 263
121 147
87 712
547 659
55 111
139 111
597 423
633 229
721 270
299 133
562 12
852 725
119 742
397 208
690 649
203 397
254 899
585 751
359 649
155 881
