400 300
108 318
19 297
205 86
322 356
175 209
59 286
397 49
274 223
52 179
123 332
363 207
175 98
166 338
345 151
140 148
78 175
325 108
330 62
269 57
392 386
98 280
128 288
242 2
346 46
73 396
358 138
179 355
382 149
149 137
321 152
200 271
366 37
382 13
360 163
393 267
97 113
76 86
20 173
9 250
161 153
371 159
325 168
218 88
165 252
227 209
16 229
98 283
59 309
28 179
341 18
70 309
229 391
183 279
103 218
243 36
330 207
387 376
22 334
149 82
55 355
325 67
31 218
304 65
333 189
366 399
62 68
106 386
264 303
130 142
108 282
185 63
100 270
376 200
123 378
365 350
325 366
294 224
346 83
334 40
247 246
180 4
324 108
320 95
36 304
260 110
39 34
126 361
165 174
99 331
234 300
90 331
371 158
158 21
384 90
358 211
296 391
71 297
297 131
396 170
167 328
278 15
377 237
295 246
349 369
138 91
189 365
182 205
393 202
186 228
99 34
373 91
197 361
377 58
386 78
290 248
354 2
399 125
202 199
34 188
384 327
86 387
337 239
355 154
188 190
140 24
144 355
22 385
73 104
171 388
96 102
321 147
354 126
342 389
40 192
160 263
129 52
115 20
263 307
331 195
141 221
182 351
212 377
115 182
67 126
391 72
71 172
125 388
214 381
399 81
141 62
234 38
365 190
61 88
173 153
212 8
299 392
308 354
44 70
362 326
125 226
141 80
44 100
319 106
378 132
29 108
259 314
288 34
304 17
397 63
131 319
334 207
268 107
376 124
379 90
371 192
53 280
252 325
86 324
281 315
213 357
107 336
120 57
130 224
280 23
244 393
298 187
161 209
13 81
394 266
369 132
6 317
278 178
301 63
390 73
326 285
116 46
137 386
191 222
308 29
110 126
366 218
274 56
271 359
168 266
228 136
339 226
11 377
136 343
227 379
315 12
127 219
338 263
164 19
323 154
273 243
166 239
65 136
159 106
189 4
271 196
0 362
266 132
244 114
103 351
90 237
279 245
196 372
66 95
15 187
256 319
204 326
83 285
140 324
292 219
58 83
91 278
214 249
202 318
222 336
398 0
321 248
333 353
104 306
98 50
183 239
222 72
171 295
346 215
242 365
201 257
33 18
157 277
20 182
300 21
279 179
99 320
235 21
345 161
351 27
368 216
142 333
63 139
269 382
266 137
219 386
178 66
258 277
67 355
211 388
283 389
30 168
60 202
383 78
266 103
257 283
337 264
16 166
93 247
286 6
77 36
241 165
165 200
158 217
286 317
314 312
242 207
137 249
306 36
295 155
375 259
175 26
191 271
35 6
320 137
9 235
348 75
338 117
368 233
197 233
19 168
