200 900
116 51
127 49
74 42
199 198
149 63
78 47
184 111
136 129
4 163
96 52
91 101
78 159
102 198
63 88
31 199
78 133
168 153
120 46
59 127
78 123
161 146
113 161
99 50
145 107
91 151
128 34
191 130
26 184
129 15
45 170
40 35
134 83
2 126
81 52
161 76
24 111
160 87
107 153
147 112
49 169
21 180
39 56
190 109
159 101
198 66
28 93
139 163
188 73
31 153
175 24
20 150
61 157
179 101
160 187
4 1
140 155
67 8
125 73
98 172
17 62
53 112
164 33
159 5
12 62
199 138
104 192
65 90
83 70
78 53
76 19
159 104
104 170
52 48
135 133
123 129
102 132
100 2
83 126
193 7
105 95
29 137
176 166
108 156
92 104
80 132
90 125
21 42
128 186
111 129
6 53
126 127
145 40
49 82
115 182
144 106
89 96
93 182
174 39
107 23
127 182
62 89
25 98
188 81
127 41
189 74
158 30
165 105
65 127
118 93
120 118
175 92
49 158
48 146
192 59
29 33
138 102
85 17
97 130
95 122
59 94
59 184
40 52
110 139
89 182
120 13
33 84
181 172
125 42
65 198
85 48
126 140
66 71
167 97
46 43
13 130
70 112
109 97
101 71
70 23
79 191
52 104
30 31
95 69
5 71
81 85
87 116
70 64
184 115
31 160
46 63
115 178
87 133
110 151
35 137
140 142
117 67
168 28
98 142
39 157
115 176
137 85
114 178
41 198
53 126
160 174
70 123
4 128
172 127
125 148
151 36
0 152
95 96
111 42
92 187
8 165
5 135
13 4
69 14
98 23
88 172
12 158
125 150
70 182
51 55
73 43
161 99
4 137
23 22
69 147
145 120
114 24
145 75
119 21
97 7
118 1
91 9
82 81
120 173
103 6
197 114
29 41
46 48
43 14
157 76
142 112
115 82
63 162
6 177
59 31
197 30
128 185
32 121
109 178
102 178
5 175
129 22
49 196
174 109
187 199
146 74
142 1
93 125
115 98
18 66
114 199
177 53
102 134
198 30
83 26
154 71
69 16
30 5
36 164
180 5
187 85
123 99
44 82
193 136
16 50
5 120
30 134
77 195
150 199
119 193
39 180
196 144
171 138
141 98
94 116
57 4
114 8
98 3
87 88
127 164
117 135
64 111
63 33
32 104
64 192
45 49
86 92
16 44
79 145
135 80
187 155
16 32
166 66
90 39
139 61
147 137
113 87
85 183
84 49
62 191
28 37
74 34
35 11
75 41
122 33
198 171
82 194
40 98
31 147
44 123
150 190
56 133
191 177
144 68
185 148
133 186
12 2
108 109
78 112
181 41
6 189
8 116
17 37
15 31
51 127
151 18
158 65
126 91
177 55
47 135
30 49
48 121
38 22
55 176
68 77
166 70
136 161
175 59
149 177
43 1
173 114
38 91
56 91
30 133
127 125
142 184
134 166
125 153
38 94
147 190
151 42
37 23
64 14
45 144
72 11
86 131
19 36
26 159
18 114
78 35
186 118
81 11
190 119
191 102
73 17
192 63
118 28
118 166
131 27
133 180
83 41
2 146
195 190
196 65
5 54
77 47
104 164
167 132
181 86
14 180
80 31
51 101
88 151
82 70
193 179
56 123
25 81
135 77
198 79
161 197
113 131
144 153
33 20
60 72
121 190
41 17
182 45
29 77
166 146
130 190
177 58
136 2
74 15
155 125
111 178
72 57
199 56
57 85
132 74
100 15
42 20
9 18
52 74
24 125
198 158
96 39
114 47
48 102
177 102
63 120
171 86
132 68
169 150
198 127
74 133
129 16
156 13
56 44
123 119
145 163
121 87
82 45
132 174
158 54
108 199
9 152
58 107
66 89
1 115
97 34
101 149
81 167
49 17
86 143
173 95
37 138
143 153
117 141
43 130
166 36
138 114
118 63
147 159
196 124
165 193
19 118
78 24
75 13
32 48
157 18
107 162
144 151
181 166
33 102
67 165
31 81
110 164
82 126
70 118
34 28
176 197
144 57
170 192
82 136
174 159
153 69
31 128
166 6
190 124
108 134
12 161
106 190
22 156
190 14
101 23
67 187
88 192
137 133
142 107
56 49
108 178
103 149
22 159
30 109
170 46
26 98
103 159
90 70
130 56
13 46
123 148
115 44
104 8
141 146
164 76
70 33
81 154
14 23
17 119
77 17
148 122
133 158
52 162
10 119
72 46
25 187
109 99
111 69
101 115
171 5
181 15
118 27
97 35
117 165
122 18
98 86
198 143
133 155
30 99
27 121
3 34
88 123
9 24
2 60
112 62
96 129
104 37
172 166
162 68
191 162
133 69
38 93
169 175
72 30
45 151
152 49
177 193
68 12
42 12
105 30
60 68
175 105
90 80
146 4
175 67
52 105
67 138
126 141
44 192
198 81
39 49
25 2
104 33
10 172
142 195
36 77
157 145
122 67
137 20
154 20
150 68
98 168
82 199
43 105
17 19
146 55
20 13
109 36
23 27
110 95
143 195
42 89
186 25
138 139
74 173
173 39
2 57
48 165
158 129
45 1
99 188
71 143
29 79
163 127
33 153
50 180
96 151
87 6
155 7
114 3
52 17
96 1
49 180
74 176
102 38
169 39
34 11
83 161
112 175
95 39
94 22
154 52
168 132
50 164
15 11
57 101
44 22
120 97
68 191
35 112
80 184
188 140
174 143
39 77
18 172
96 155
119 160
181 21
178 66
75 146
170 110
21 56
59 152
194 23
4 186
197 21
111 56
44 180
27 115
43 11
121 86
160 116
112 69
165 197
199 111
2 141
45 114
140 65
60 122
157 84
155 97
196 111
138 153
4 118
101 18
185 96
12 96
48 193
131 12
151 101
149 121
81 43
161 166
64 183
42 175
85 170
103 33
39 65
108 151
110 184
76 170
30 169
70 32
46 45
45 24
153 134
102 93
185 114
182 74
197 116
104 5
152 104
195 74
174 41
28 83
150 13
141 138
24 145
70 191
28 120
150 54
174 87
166 110
133 35
85 9
147 54
31 52
7 147
171 9
136 83
86 135
107 173
187 146
185 39
25 38
60 44
194 78
0 71
110 191
144 71
64 167
109 6
103 73
53 149
165 59
155 36
22 116
28 169
193 103
34 138
51 34
161 41
186 11
188 29
41 141
150 60
85 63
25 152
2 73
148 96
3 83
189 186
24 15
68 183
13 77
193 28
16 26
157 198
46 39
94 155
70 174
2 150
155 21
84 9
15 128
11 141
104 155
44 147
19 92
144 98
40 72
26 105
62 121
79 175
79 127
21 129
73 151
126 79
114 64
69 151
95 40
105 31
122 170
142 189
121 23
146 185
98 126
147 4
15 50
22 85
69 103
128 18
60 185
75 183
37 113
81 173
150 80
44 62
159 116
38 181
53 113
29 149
163 73
181 150
74 59
172 196
137 193
147 88
137 62
53 42
194 41
83 180
18 150
77 27
179 106
54 65
92 173
40 81
25 106
125 157
80 59
179 32
149 31
17 101
105 47
140 124
125 95
163 36
61 35
115 162
90 178
51 3
128 11
24 3
45 60
141 75
172 62
95 25
193 178
142 56
89 197
193 13
92 128
85 161
180 139
128 126
143 92
65 73
13 100
110 114
125 129
90 110
148 91
37 151
84 3
182 121
27 147
70 71
144 50
16 116
182 133
46 19
58 126
8 108
89 116
150 83
20 161
144 120
191 168
83 196
175 109
61 123
86 43
137 6
147 109
17 57
19 112
1 51
53 181
33 117
101 19
26 38
128 6
79 3
69 44
183 81
112 135
182 180
129 135
98 85
16 30
150 105
53 180
116 148
25 64
22 139
66 34
11 178
159 112
174 153
14 56
14 99
171 94
95 38
8 30
47 183
116 41
187 164
77 150
96 75
33 42
69 150
33 130
199 27
24 60
181 192
188 159
4 164
86 124
71 14
196 64
113 43
167 96
170 125
44 40
53 46
133 88
17 137
81 193
102 170
84 166
70 54
30 87
63 180
70 100
121 73
130 173
178 67
101 16
24 83
45 36
18 161
178 121
65 31
71 3
165 133
