400 12563
7148 15321 30678
28228 21179 14659
18517 6099 9516
29650 9533 29850
26774 32661 22067
25150 9820 6514
22865 2045 17425
16062 27758 19172
30431 25355 15264
21058 1577 14401
22784 12380 8559
15601 25005 866
19826 1253 29716
8866 11417 28668
23406 11260 9876
17205 5257 1430
13119 22537 4044
10193 19657 22014
21622 17275 19733
10873 26918 6214
14944 13011 9632
3960 18213 19632
20942 28389 2365
16524 13829 14362
11339 14999 138
2012 9047 17859
9301 2513 7609
32027 5396 21628
17209 26454 1139
16751 31604 12460
1179 5563 17538
14056 13304 3756
23765 7103 22080
9907 17508 20832
32433 9892 22793
21836 12186 22305
4648 3432 4892
26198 8082 31568
12594 21992 28585
14831 18159 1319
24772 31053 8967
11147 8661 27815
11153 22366 1609
24261 28939 17590
20783 24712 29343
8358 15261 17859
30628 3253 14927
25675 8808 30351
18066 18770 8237
6139 11872 22768
6769 13069 12237
3075 19827 24221
25506 16441 26610
30456 15175 20075
6200 1748 5606
23341 27223 15498
12493 5539 23475
16255 30484 22678
18368 31203 29824
25030 4621 10911
28584 4994 12674
21384 28502 29815
230 22489 12080
25030 30883 24288
18328 10073 13774
20215 3280 29302
29282 29878 26978
21140 21196 10855
14271 15470 11437
5050 24358 17239
10971 16827 14279
31949 29353 21248
31273 16976 11880
25639 15817 17781
8493 25728 19204
10806 10197 8966
17462 7052 19271
10132 27172 3648
18425 11349 32663
9725 11958 19325
4170 28843 670
13622 7942 27640
30830 477 32524
2359 15105 29807
23731 9070 22807
16702 14674 7082
16470 11497 24160
3990 27022 6026
3034 24140 6721
18481 26085 28523
24419 3218 26037
28778 9566 250
20909 31788 4441
5256 200 24788
32698 7577 27959
30682 19433 4740
23116 17503 17751
14984 4502 19389
30144 27394 31566
23651 7341 9443
5617 14048 1084
9826 4399 19773
4899 17646 4100
3216 16371 9063
22053 25806 18842
6285 25757 737
22828 22969 18872
28922 28899 15819
10272 4393 19556
11363 14662 9771
5699 3412 20227
24195 5834 19541
6272 5580 16374
17658 11859 16461
15043 10979 10730
13518 22953 16948
19501 18602 5223
31812 30559 29222
28927 19610 69
25857 32258 18965
6795 23884 16909
28778 25699 3196
17556 5588 21871
23742 5086 26886
5345 32394 27729
2917 31457 29819
25840 7028 16687
4446 17698 17295
9993 7305 26549
8413 3151 4206
20258 5760 18405
10095 20243 24846
15705 10996 28450
32325 30149 14523
27364 15610 16375
29296 29478 2387
7120 19326 5238
18742 29930 26916
26342 23809 28797
18635 27404 6268
21124 8343 14413
18444 15899 11836
24668 5673 21804
26643 11261 25873
31562 17517 5391
28862 16349 2855
8649 19734 13184
25982 1348 5219
11431 8229 10553
23042 16261 21397
1293 13663 27949
26277 26122 31009
19959 8026 3312
27297 15141 13824
17580 3489 15302
7801 22119 22587
14555 31702 32450
25367 15545 29220
18528 27105 16814
19080 28582 12282
21479 7567 13246
7534 2705 30655
14562 10279 7231
11378 24535 23904
4748 19172 14007
8028 24833 27018
26356 27479 25401
15269 17562 15293
1602 9496 25300
23194 8519 16502
20914 14417 16748
2912 26921 6802
27898 11534 17756
14214 8636 2859
22553 4428 4777
8422 13223 9641
26818 19526 29375
17915 2878 1469
25048 11119 13029
13825 19880 7028
19642 7703 6887
12400 28636 1456
2902 6833 27310
9145 21504 28070
11062 29998 26815
19791 1731 30255
8451 4082 9427
29013 6607 10256
4403 22854 30980
27287 14696 24711
30178 1369 22862
17298 19148 14781
6911 31017 29771
12212 28150 15593
24918 29935 22901
10274 30929 31824
20003 19686 6227
12702 15098 1888
28716 30076 26976
31079 24743 5532
25748 25683 15500
5424 28748 21776
5353 22945 21149
22129 29202 3972
29978 7622 7655
23498 8512 26032
25429 11574 23570
27444 26400 16917
9472 16655 32223
13865 7181 27977
9032 11494 21297
1293 30381 27617
20220 15032 24775
31109 31357 4656
18099 5127 4706
12151 28218 5277
19296 29568 30549
4843 14294 23361
3824 23742 12461
21769 16111 5629
17794 20 32623
5341 30727 2653
27982 20051 18086
8371 18925 26319
19048 9487 10292
15143 27670 7973
27351 30161 29854
6969 30680 1110
31927 27444 17742
259 32712 32247
9060 25826 5638
16623 26532 5609
6621 16361 23926
9584 15506 30504
8163 21225 20006
2997 16543 9931
15485 24055 24647
14799 3520 10883
7143 31839 23039
11573 29631 4683
2075 31360 3911
5823 20963 770
624 23666 21373
30044 30765 32287
10760 29248 26162
21305 25983 18124
11771 7387 20960
8470 20241 32510
23438 29448 3721
6638 4852 30574
14285 22527 4972
3405 23199 17275
20831 23926 10842
30944 5037 32348
25211 2376 7247
2595 21601 24873
17467 23289 593
1854 3719 25001
27581 18373 30418
19053 28358 8171
32480 25604 25343
32133 16260 32005
20852 9984 195
11123 28139 24475
7478 12945 13673
7123 13488 31480
22008 23071 29217
20710 17320 29662
26810 23769 7892
31374 19538 2653
20390 30014 2313
20770 31453 4678
32299 5201 13262
8501 24663 3104
4009 26891 1760
28069 32254 11945
10355 17639 2688
32645 19194 13627
27656 5282 27329
5070 1245 25024
7383 4222 14386
9424 12472 24814
14576 2474 5416
8665 13750 13826
1122 25254 1566
20888 15218 3901
15683 24240 16608
11290 17792 30402
32398 6303 27002
16242 13027 19375
28256 11202 32041
15992 9073 23943
2356 31120 2751
15130 7749 30788
32563 3407 5422
22061 31698 14763
31158 31492 26686
27857 23358 14518
3712 18750 4261
4027 7684 28214
29546 3492 24549
27390 22032 31220
108 29260 14791
17713 4563 25084
1864 28219 11342
29444 20225 20956
20300 9642 21618
6303 26617 15861
26839 14054 8456
25697 22791 13111
24497 16086 29340
9943 4597 5595
25684 11418 12841
23048 32183 12793
9138 7609 4602
24165 19726 22282
548 1243 4884
32255 12911 21433
6524 23298 28401
14032 27809 6547
891 8122 30854
29499 2754 10349
28951 1729 14524
17425 4018 12193
9293 29199 18918
29114 21539 10091
25979 19783 4831
25171 3506 3856
20085 7160 19917
28898 1749 3228
5330 7740 4043
30188 9869 29003
10787 26513 7636
31768 14354 12802
25615 12801 4305
31644 16887 17766
14219 11252 28061
3492 31097 8556
14766 2375 14156
25860 18934 20603
24011 20595 28964
3012 20925 23159
7117 17135 21257
32105 27827 6217
6940 27668 28230
17422 14987 2247
32107 25636 31225
21161 20861 29705
16956 15693 17809
267 20411 9862
18175 28343 13594
24189 3358 24467
28954 30208 32334
5648 7098 18205
26172 25018 28323
27632 24929 27826
11458 6073 8652
32094 11575 1585
28962 95 3438
29983 5091 28355
20107 23590 29166
25724 25100 22241
10312 31505 27049
30002 26649 15508
11903 26070 18167
17108 4974 12093
25703 22227 1728
27289 2209 9339
14091 13622 8340
22156 3928 19465
15146 11993 16004
1419 27597 28340
19943 7624 13866
9127 2868 2226
26421 11365 18848
16060 32621 2559
15943 14244 4705
20827 31691 1936
16243 20707 20798
21085 10204 15994
4162 2356 1520
436 32366 9822
18851 28230 30196
23385 24141 699
31105 25899 32170
32617 16229 31478
13349 27044 30708
2765 31318 20273
21292 14534 1993
24061 2456 21584
17153 9231 27763
14279 29372 3004
16657 17990 5241
26650 27515 31677
31800 9655 11354
17219 8577 29578
30230 1965 15783
30761 7486 12895
8014 26429 26667
3170 22315 2867
