900 4754
29516 919 32097
29746 30372 16461
8004 439 715
21244 16911 2066
9671 16671 1693
20672 16115 31033
15287 24694 11519
22727 7224 19638
7480 20083 14447
4001 24585 27786
3781 19980 26306
32688 6048 17365
20121 32211 18567
19063 7407 24925
21126 11741 4308
17582 8148 17268
11724 20937 21683
30596 25555 23117
22424 17600 30880
11176 9356 18972
5671 29575 28626
29406 8801 18576
23498 25848 17487
11092 17941 10645
14909 4991 28666
17394 25924 23890
1544 10863 11794
11092 19197 21990
9966 4164 27111
23355 3830 5457
13193 17204 6827
28814 19200 5259
9648 32672 1447
17474 12751 23225
567 55 22333
5067 15155 2040
2591 30197 6275
2008 22860 22850
17502 10819 2645
24210 18286 21326
14019 10200 12335
14994 20127 24710
18841 22331 9272
10822 9470 21084
25888 16875 31541
29574 9336 28839
10488 15256 23149
7550 19083 8664
32003 4858 15006
10051 5650 19745
30837 13346 31373
25508 14662 29662
1802 25689 10467
8981 1407 12779
7576 1005 8266
15057 17239 27817
1653 7292 530
9338 9527 1749
9065 663 6846
29670 31621 911
17963 2007 6468
18654 6367 11549
16790 14015 3317
16622 14887 9282
25871 25592 10046
20894 6486 17234
229 6344 5564
28083 25418 3141
11653 2274 15973
30780 26629 31597
10459 31183 2731
24222 23074 8363
1086 19627 4070
20190 7527 24365
25260 19178 4720
29139 19894 14359
31307 32088 28198
26893 7894 7858
15718 16545 10845
7821 19142 5360
20064 3319 14439
18602 18327 17757
32601 3761 25396
28342 16128 3043
26984 19454 7100
19251 4392 28902
28872 14335 24881
11978 22883 4766
8778 19939 21806
4920 18121 26302
3030 11994 27480
28652 29682 13001
21753 21500 24879
10775 4168 9126
15786 16757 5632
14409 29341 7496
6337 23192 17470
22015 24593 16783
9444 3747 21664
32173 17260 22959
8656 9309 22747
24611 4212 20405
31044 32468 32472
18018 27629 19974
6659 24547 20141
18236 15416 30966
2200 32079 5315
3152 20447 6846
31986 17297 18161
6725 7777 5239
29926 28081 20090
15954 7454 1778
17213 15288 14885
30578 1341 31865
8154 6565 17131
31701 2257 30946
26903 1773 4853
27505 9396 18296
28530 4837 12764
26295 18898 13995
7188 23723 10853
11492 21456 16261
22503 17776 15674
10078 31837 27467
7215 31272 4416
28701 394 13285
22237 13836 7590
32535 23292 11221
7198 12663 21184
20251 27863 233
19406 10495 7745
1200 30897 30960
11481 22238 7294
452 27635 27151
22963 11528 27574
26455 26725 30869
104 10361 30619
25188 20204 8794
15861 18084 648
21429 32145 25609
4076 3087 32558
31334 10608 7918
18578 14206 18590
22342 4650 26136
28912 16180 16369
4945 4058 4078
24978 7734 7691
24059 32209 26002
26097 21919 11559
2053 4987 7066
18348 27222 28962
9746 10811 30730
30250 8653 22224
21046 2597 14243
29748 24721 8634
17971 28893 30925
6308 25558 19727
4136 27901 15569
20552 11070 16317
8655 11739 33
15998 23182 23771
32427 23170 4312
10042 13075 28918
26549 13362 14015
18552 4831 4580
9049 2008 630
576 15397 2587
30453 3876 16786
13254 4453 10696
8975 11609 13264
22873 799 10009
17913 15588 16816
2578 12874 25718
169 14941 12046
17794 22210 20127
10208 20098 9368
24786 23395 24033
16385 23624 308
8217 27036 27884
3101 6425 16557
29644 23692 23785
10536 9428 30531
15248 22540 12764
5200 25654 31218
9958 6720 17286
10214 23456 22928
8534 7797 7729
7268 16778 27399
31537 24187 3125
880 18169 16739
258 31681 19486
4329 31187 20068
17208 27604 167
27240 30696 25811
15553 31769 16153
12211 15111 9172
8837 11989 5544
3865 25979 29920
16129 10210 18144
3763 29634 20019
9333 10654 6220
20467 25431 27089
1374 4858 16844
1300 2033 9579
30268 30137 6240
10308 16254 22991
3276 18483 19030
21145 19135 14508
4155 30783 15375
25912 4957 13762
2822 19728 7142
8501 27071 15594
23168 9259 26835
23315 5144 2156
8502 14782 15074
15596 13659 25500
6302 26365 28063
5804 28185 5059
29668 8533 11254
7656 29308 5554
10414 7058 6730
18221 30678 26770
21539 17999 18081
8415 8570 20182
24997 8002 28733
23560 18402 21586
26106 22344 28416
2467 26182 5351
7384 25915 22623
4924 31286 16709
28688 12279 17117
11274 32213 18354
14028 9244 2624
29641 12480 25812
16539 23148 1530
22271 27855 17650
4930 31189 4229
28784 6956 22571
21386 19595 22938
24041 21368 7306
28802 8637 5779
11952 4594 30481
9713 7624 2897
23611 4830 20737
5607 6388 27518
11772 4256 8460
25268 12580 1804
3932 12099 24638
10667 19707 26163
19264 7016 14517
21623 3943 14435
25272 7116 4228
14835 12433 5860
23703 23532 32087
18628 28062 26397
2598 23403 15791
17693 21199 29108
24901 328 6862
20605 7128 23300
18045 8969 8880
19785 21639 24227
506 12128 2974
2436 22556 21226
12401 26871 23366
17189 22488 23227
23881 2411 10578
23977 16813 6907
9650 3478 6653
21500 17941 5755
23654 9151 1815
25300 26753 20037
13383 2373 20076
26369 2008 15747
3103 26846 29337
18546 13565 3972
8231 19339 14250
21975 2912 21377
13853 15809 14108
32292 9206 17714
24344 14213 7953
11365 13619 21083
13915 29028 32477
32677 4836 9422
9932 27025 14134
31704 5872 30109
18662 17298 28330
29180 6248 6508
26937 12859 23335
3320 2165 24356
19413 3825 22463
32227 9472 20861
23352 29287 10727
32175 32561 267
12683 25168 7139
4982 26633 32735
24928 17599 14886
5590 16330 30933
7980 5423 8131
799 13557 7207
32548 8287 25157
24386 17906 18396
29533 9103 26510
6080 25804 11821
9259 24767 20617
19726 32389 5369
12607 23803 14801
7714 28648 28888
29679 24288 28573
32298 12263 25460
2988 13014 25747
1437 15340 22571
25497 1977 21325
26403 11421 27438
3251 12774 180
1544 23045 18064
18971 7140 10624
28468 11305 32268
5458 29473 20354
30435 12644 32100
16014 1156 27511
19598 26153 9894
12658 4023 3740
17347 20986 5314
24780 27001 19268
11235 19378 27696
31783 25695 24075
10749 27510 1683
26705 29894 6540
28472 31465 26535
4136 12261 5278
11157 9340 6357
5454 28481 8064
4075 18659 5695
16524 22771 7813
25448 20006 13099
24591 8829 10521
28674 32191 5389
5575 26399 16945
9880 12223 27557
654 11252 15250
9910 7937 12784
19171 31542 26474
7992 26302 22225
14423 11640 13355
5183 25648 32196
18178 21190 15537
19512 5888 26369
20637 1755 19227
18657 12721 19401
20243 8945 22231
4754 26442 26334
28317 1245 14037
2870 13797 19025
27603 22128 9950
19381 1533 23341
5171 12629 27519
2493 1154 8360
16391 31461 25103
32049 12827 22495
21178 12451 12975
931 19502 15944
19191 26981 14428
9635 1146 5215
15912 22613 5992
29904 609 18237
21293 30277 29943
19171 30022 19223
32360 27415 25171
4405 8572 18901
30062 13347 25906
13676 22972 12355
6906 9695 8769
6996 21796 10636
5113 5688 8601
1291 22052 3066
23753 2649 31969
25103 12516 27446
8702 32220 5453
2763 15 17273
25164 4752 17341
29109 19715 20077
1889 32602 24483
5152 11474 23986
16863 14814 2426
17481 26017 24637
6320 27125 27644
4945 10306 20244
22115 1813 13136
32021 22552 29453
24417 24378 23526
20778 20400 6299
4627 1006 17095
31599 6801 10192
11855 1415 8052
5090 19751 1563
29609 19889 21427
20681 2532 29805
15991 8667 22490
26442 28388 6089
31153 11045 2673
26110 10676 21355
20462 9439 24652
29239 22293 25354
12331 21434 28259
23515 13003 2272
2854 30517 6423
1328 32726 30335
13416 21493 27816
29420 2994 10395
7777 4352 20736
20059 20328 3408
19229 15131 32544
1673 1940 18831
21364 10419 26843
24229 14516 7607
25804 32288 13215
26399 1876 4738
6593 1310 3439
27696 9215 3792
11348 15313 3952
8130 22764 3063
16494 16053 9097
32257 7149 8607
31701 20032 2828
29427 28937 25432
23786 31778 16991
27881 31419 22882
21449 21871 8731
6830 23267 2919
6561 30222 22566
26036 5048 28440
12383 10048 13226
6071 31328 26086
26878 20011 21750
22672 5380 7249
22811 20636 11950
7205 31852 25221
22689 1413 30685
447 7564 18744
1707 5090 18105
23854 4498 16139
226 7689 6721
30591 17221 27101
31499 4242 11514
22580 20191 21704
19589 13142 5498
26937 1448 5831
26587 58 2427
22288 20727 7993
5310 5826 7855
31721 26733 11449
16127 13472 12437
16286 32120 26621
19815 15023 13552
28621 12938 32707
18808 17199 20662
31368 32398 17399
15743 30992 32148
31569 3438 28044
8321 2471 5206
32087 21719 19908
32741 310 10965
1849 122 23262
25837 30719 29750
17334 7032 18783
18518 30943 18601
14351 1216 26738
20671 19358 13787
17416 23167 7441
10404 7296 3042
28879 11519 27388
32523 10170 21066
11053 891 19359
21048 27345 32648
15056 7645 29305
1547 14095 16645
27536 29786 23470
4042 10137 11382
16117 21094 27832
16261 17092 25413
27508 7298 22649
29535 16827 5939
15380 26820 12070
23387 27290 2936
24191 8242 22455
29826 26753 12306
9894 29504 29662
6259 27222 23805
5767 5657 12485
31429 23591 4492
23984 2424 5616
16329 6255 30
22427 15159 20763
4218 17834 10460
8433 5602 6385
15825 2555 26190
31572 14579 23021
14766 8658 9436
13389 7041 18371
30226 2006 6819
28509 22909 29471
11110 2941 18207
23672 28645 30373
11519 16660 23189
23360 18022 32622
24349 28974 29518
8421 9576 13436
9240 26281 29432
31091 11645 7643
15997 469 6343
32496 8614 30563
17473 7255 7479
28578 26604 9307
25436 23775 21107
31306 7228 4209
29281 27351 22738
12862 32658 32701
10232 20865 22759
13989 453 29386
27198 8010 32025
16198 11938 9435
886 14656 8894
1697 30482 6632
15256 17377 32554
15443 13692 32516
28312 14788 20277
7157 30888 6954
17796 7627 10280
17385 8906 1960
19646 31197 14088
17632 21119 11932
19465 23646 14268
28156 27102 29508
5407 5590 16267
25298 27639 15113
1024 25993 11985
24513 25419 8080
14408 24313 19467
1622 9246 12606
12584 27513 16011
28342 5057 12007
32212 12898 26982
23619 14880 17056
12936 14218 6024
8948 21805 31990
22125 29447 4072
22562 32270 16112
6409 22128 5465
9395 15889 22696
24066 29447 5993
18401 17875 9565
9299 4517 579
24861 25376 12112
2633 22579 14756
15545 25202 13514
16871 25108 28466
29271 20253 5399
16759 18394 16088
30044 4484 1889
27261 18439 23549
5837 19700 22184
21822 26072 12452
13667 9969 1367
31135 13390 11232
17341 24601 26
7687 29409 12063
13814 27374 15105
23430 28336 8758
7942 1825 1309
12913 5641 17463
7100 26679 24087
11571 9622 25462
27697 9374 30312
30473 7575 20811
7684 9868 3655
10961 4853 13935
14528 10814 28770
586 17163 29450
19253 3440 7420
2122 25211 455
21430 25126 12046
4311 15981 30605
5746 27424 26736
4136 17662 16817
23654 29324 29500
1526 13527 17075
6802 23506 5615
9389 23841 29165
29823 30611 9453
13392 20037 15549
15934 3375 14189
32564 28999 10245
24919 20330 24326
27367 32411 10025
9579 6673 10315
18890 3772 22982
10360 29863 20536
599 19959 29651
7163 31361 11620
28424 2593 3067
29544 736 7470
26192 11320 31304
26030 17387 9310
15410 2328 25968
18108 16779 12280
22355 7118 10093
8013 13731 20015
12693 304 25126
22623 20759 8375
24747 16323 848
7449 19868 237
7453 22547 8915
4382 22090 9098
16046 6409 10574
29297 24934 19674
23349 4333 5276
1399 16349 10167
12597 32518 3685
3779 30568 24751
23011 13087 27925
29091 597 5149
30297 8029 12763
7092 23647 14632
14883 22052 13945
1249 26148 19673
26991 4350 5135
2194 12567 26575
11138 32450 26661
2052 17407 28214
581 18032 3998
28409 27751 32012
24062 14709 18266
11071 19329 26842
12445 27484 28857
15556 3442 24941
9757 7704 3123
1839 12289 27438
20457 31069 26309
20278 31259 10801
12108 10452 1764
7465 22447 17422
12104 4103 11315
27496 17864 13595
22649 5197 16692
25284 26869 10929
27073 23605 161
16373 23644 6005
5875 8459 22589
9385 21004 6106
2750 6806 20786
23524 19822 11362
31616 30246 2657
19610 9948 7231
15051 378 11050
18133 13261 20072
13759 1845 13711
22209 28953 24633
28815 7640 21709
9839 30009 2108
12736 11127 16823
570 20122 14509
25098 28579 10360
7433 22106 18640
11234 21059 13194
2274 31228 32058
12816 20814 3584
19862 7940 26266
22251 172 25462
27233 6519 2979
5637 30365 11850
12501 19117 32294
28781 1144 5345
5749 28671 9342
28634 3758 15659
10169 302 30686
24407 2115 27044
640 19614 3357
6215 21831 30081
30486 21433 16663
14553 29935 28106
30292 21520 8892
21833 8032 9105
6285 31259 1119
18301 19534 14217
7230 160 19180
14558 12019 22947
3258 3122 27910
28803 26898 22401
8272 29762 27967
25600 23043 10972
6810 29616 16874
4988 20468 5427
27378 30960 25140
27103 20714 2138
10305 4625 25479
16425 32291 13251
17067 19272 869
20321 4070 7317
6333 22233 31038
24213 24815 15090
24875 2918 18670
25310 18406 16629
23364 16914 23011
9585 25269 85
18332 28671 8223
26647 19089 27055
6053 3845 31629
31406 14604 27866
24106 6078 26469
21624 17815 9188
9197 823 30361
6752 24625 14973
10960 5346 15222
6031 22844 507
12119 7590 26624
8146 28592 9798
11109 3864 443
11211 22049 4670
20089 8773 16090
19685 13396 21125
7910 6038 23554
27512 11861 15283
21676 15796 16689
11181 15184 21841
18948 2936 29028
26106 26011 7484
9916 15683 21514
26190 15021 12093
752 8286 14451
12617 3324 19186
29392 5929 21168
28947 758 9821
4197 30533 11943
29612 5520 1469
31131 16129 323
25295 26146 16760
10231 20902 10506
8633 1672 18743
21699 645 26241
6007 16321 24462
6042 17612 10786
11404 25215 19394
26257 27277 6355
30976 2666 10124
26229 1914 26910
7238 18434 19688
24282 23625 19099
2678 11875 19534
30952 13757 30277
21192 6492 19954
300 30397 8635
4445 30098 24789
986 9997 10394
29361 14247 4299
6204 26749 9832
31052 20643 14537
23368 12971 16595
9876 7439 30998
17039 14762 21809
19911 22906 4401
26634 32309 28028
17534 25192 11148
1127 17965 8266
26203 16091 32112
20711 12941 7271
2471 31730 1947
19184 25649 27677
8448 1367 21634
8924 13036 17750
27254 14699 22332
19627 29413 21266
18090 18809 6776
1192 12865 6635
12987 21846 20757
29466 19827 15517
30256 28465 8753
16794 17103 18127
29223 8073 18639
14764 24123 5001
12642 27264 25434
14238 15366 12832
28943 3836 10680
11754 20052 10115
26724 3428 16552
29830 4769 25376
10593 18128 6043
31971 3396 1513
8016 1797 14931
3733 32512 32539
32742 23198 20958
14804 11517 21971
2572 33 18645
1105 3526 1945
14777 24065 13534
18971 19995 866
14952 181 23523
12169 30390 17860
27143 2918 30087
8797 6236 17992
15483 2796 14764
6051 21962 3867
21512 3602 29494
16630 31583 20376
15678 5964 14928
12075 8853 20312
32061 15219 15314
4512 13217 10959
5993 24094 7075
18585 474 926
27627 18347 7720
9831 20404 7713
25229 6685 26914
20065 19820 4838
19926 16729 26247
29132 12737 5640
24690 12387 13365
2624 28232 12203
834 24746 8604
28215 18751 26634
25778 27023 6311
1988 25839 11988
18983 30112 399
24226 244 30922
4758 10298 18786
24093 7177 32737
1459 416 16733
5251 7468 4433
3376 18588 8559
27938 24887 12889
24068 18498 8824
26362 1593 28573
30137 5498 29996
22950 8248 13426
13350 25428 24732
18235 15146 24170
21548 32338 8142
21756 15423 14081
9802 9775 14323
7740 26831 24640
17954 31434 2330
31688 9106 25253
8264 23614 22892
24482 24812 14781
4080 18260 8031
22535 31078 18990
13399 11979 26968
32233 28091 26403
27646 26405 438
21089 29178 18003
14347 15883 25670
11218 15784 18724
13418 5976 22141
7853 15602 9876
24974 14700 1567
5906 25415 5356
17117 8030 2576
28613 6645 25452
24866 797 3972
2103 9625 21359
8876 10921 29130
32396 29577 15803
13014 10975 1382
5085 7296 31732
28977 6040 3899
12348 7213 30578
9351 19466 18151
18706 21886 30178
2155 26532 28586
26611 2487 4479
19482 6882 5488
2309 31925 3529
20436 15563 25550
20352 10992 15099
27128 11547 27411
29686 17947 10675
20354 4157 3015
9066 13165 23953
29641 18857 15138
5977 4860 18604
24961 3653 29538
20033 31152 29489
17267 19404 30992
18764 4021 6543
7535 17273 14989
24360 17279 4341
9813 25947 390
23866 17838 13586
23128 1828 1560
10146 7299 21331
18624 19536 16841
7632 23960 18196
25299 20211 13485
3229 4899 6020
14774 8084 14667
14368 3560 13093
14172 22494 5138
22204 30626 11827
741 3852 12686
1043 29075 86
31476 20569 4765
