1000 1000000
314 36 29
102 69 70
457 32 79
75 96 44
275 17 25
512 86 23
972 58 96
175 39 84
659 96 23
984 32 4
233 1 91
481 9 6
703 59 19
558 62 21
29 57 14
333 93 83
468 21 59
75 88 95
984 65 65
715 47 91
426 56 64
468 93 32
620 81 19
129 49 21
80 92 67
588 9 27
826 60 19
221 36 15
457 48 57
135 61 52
209 79 95
590 25 77
695 91 90
373 20 2
703 45 24
540 10 28
638 87 17
828 70 24
900 15 16
645 37 70
379 77 59
953 47 38
916 89 17
289 83 75
334 16 57
657 63 17
525 30 43
985 73 50
397 27 83
203 76 17
666 53 60
756 18 45
555 44 25
1000 23 22
734 14 18
794 74 61
176 75 86
502 23 9
396 27 21
292 89 30
73 78 94
9 55 23
877 38 17
804 91 13
290 54 80
300 23 3
603 70 55
730 35 39
275 27 64
135 73 49
454 4 8
519 34 38
696 80 62
145 60 62
908 77 73
646 93 73
629 97 12
536 36 30
717 33 57
159 50 21
297 25 21
527 7 84
446 75 92
589 39 65
105 78 54
943 5 24
853 26 12
843 25 50
136 91 47
329 56 5
742 10 82
780 3 84
693 33 13
100 62 48
406 91 70
960 29 40
229 81 72
779 41 57
149 45 46
126 11 99
617 81 16
65 27 73
480 94 83
6 37 34
106 88 33
639 66 65
519 100 33
509 97 39
979 39 46
60 70 45
363 70 50
519 68 59
144 62 4
191 87 27
604 5 1
769 24 48
397 67 31
666 53 1
618 74 87
669 98 80
225 29 61
159 26 68
313 35 53
170 63 71
212 36 91
712 65 51
961 46 68
755 88 18
566 43 89
274 16 80
838 89 70
887 31 10
641 22 20
882 27 21
412 55 94
985 58 100
337 30 51
458 6 66
335 50 95
593 71 20
18 14 54
118 78 61
506 54 92
563 77 55
73 35 17
51 94 46
853 48 22
62 45 60
367 86 40
719 8 69
555 51 33
800 21 36
99 93 17
183 30 17
60 59 84
400 36 58
71 72 43
781 78 7
296 87 4
253 19 36
286 29 79
961 2 50
365 86 27
158 38 42
939 94 97
34 94 69
874 36 10
97 82 62
740 85 24
500 32 50
443 7 51
288 41 70
224 89 68
84 1 59
607 39 64
921 67 59
686 24 30
299 57 71
176 97 84
989 20 47
191 76 70
520 42 98
546 55 59
59 95 92
342 38 1
233 76 37
439 59 81
86 14 85
254 28 86
427 71 37
282 71 50
349 78 100
836 74 38
352 32 18
234 72 77
530 32 45
343 68 1
529 17 35
1000 58 41
582 24 42
132 50 40
300 76 100
364 46 27
202 25 84
390 36 25
896 46 71
484 18 93
753 25 74
741 56 69
71 44 31
757 66 15
981 59 59
125 9 12
668 18 29
591 100 81
871 91 13
1 65 76
85 83 12
107 69 45
827 37 67
593 89 39
866 13 48
447 60 53
772 57 11
58 67 51
671 46 26
149 75 75
44 30 37
764 17 59
935 2 62
656 16 75
583 40 83
25 1 76
338 77 1
425 65 38
696 26 30
852 89 95
745 7 76
72 91 85
820 80 96
159 8 46
375 39 57
821 33 67
223 58 54
272 56 90
626 30 29
40 28 95
491 49 55
518 93 31
619 49 57
991 83 44
440 2 94
928 70 94
34 32 93
136 27 43
81 17 62
718 8 21
246 67 22
783 83 7
492 71 16
196 44 64
772 93 36
218 13 82
468 22 53
323 29 31
430 25 100
154 52 95
42 65 84
721 45 89
78 14 3
659 3 54
250 59 76
91 39 24
396 2 6
559 24 88
42 27 31
210 21 36
44 32 75
903 1 72
776 10 31
795 23 37
891 16 53
755 83 34
189 56 61
946 24 43
660 88 44
348 85 90
669 89 99
281 80 8
814 61 48
847 72 83
345 43 49
637 54 50
889 24 26
252 91 40
47 63 76
625 79 86
104 82 78
351 49 71
495 17 30
727 39 16
673 53 63
422 68 29
466 30 60
83 90 87
420 36 41
667 33 86
823 4 62
897 42 51
433 73 62
771 14 66
646 21 11
129 71 22
597 5 15
800 11 70
553 36 72
345 31 83
262 96 52
667 84 11
759 73 96
907 15 53
285 6 13
22 42 76
291 26 12
168 83 84
388 94 51
680 69 75
885 30 36
461 6 12
993 25 51
17 61 2
760 10 24
68 1 26
257 41 49
656 8 50
492 61 83
837 20 71
680 26 20
810 2 32
325 8 26
302 84 70
489 65 64
125 35 71
852 98 25
512 68 66
841 80 56
29 62 33
228 61 40
667 38 49
849 5 49
566 22 34
176 42 15
148 63 55
677 55 59
722 85 89
467 17 57
181 30 38
630 90 44
5 2 85
921 88 37
53 83 29
367 73 94
959 80 84
988 24 98
97 95 2
654 21 4
473 21 33
954 25 34
58 66 33
281 68 67
691 69 27
829 80 45
704 50 34
4 11 41
28 11 28
283 94 88
864 62 66
600 52 19
82 59 4
359 39 79
465 58 73
222 23 57
868 61 99
344 35 42
20 53 63
412 12 94
406 82 52
761 99 72
843 95 85
536 1 56
156 24 51
689 40 11
18 33 49
211 96 20
649 90 72
852 96 24
638 50 1
408 35 85
178 13 42
305 97 63
538 52 52
733 66 39
446 29 95
527 79 46
929 6 50
258 13 2
200 28 93
354 96 43
568 50 77
256 43 49
104 16 48
74 66 50
138 70 32
971 54 69
53 79 57
982 96 87
930 32 79
860 53 90
959 39 55
973 9 57
172 48 4
512 75 20
108 6 100
789 62 46
436 93 33
77 68 4
368 100 55
168 13 15
130 94 78
855 13 32
890 27 48
300 90 75
837 13 88
958 4 92
483 30 28
362 53 97
647 84 98
555 33 3
946 77 25
82 96 24
633 44 3
370 83 90
438 100 36
180 55 53
400 51 33
946 94 72
650 91 5
178 6 20
751 29 29
723 69 86
775 85 52
885 38 16
190 82 75
760 51 47
261 28 34
422 62 19
547 51 64
462 47 59
595 72 46
503 47 21
255 54 61
587 20 36
617 14 36
593 19 66
371 37 26
747 45 13
483 16 6
727 2 74
307 81 94
991 92 15
224 58 1
850 23 86
763 3 69
375 53 49
236 39 63
238 73 93
201 44 20
482 71 92
146 85 15
86 80 100
283 87 20
651 94 86
517 9 89
500 26 97
770 32 15
503 71 38
599 78 99
852 89 64
54 6 42
268 63 56
82 96 19
873 95 71
539 22 46
524 44 66
719 36 38
600 100 93
555 25 32
67 30 23
557 19 76
693 11 62
133 29 23
150 78 27
349 79 78
339 76 45
126 40 22
341 41 67
82 49 48
952 8 52
111 58 78
10 4 77
541 24 75
455 70 7
486 100 49
931 74 59
817 85 74
32 5 84
792 23 11
988 65 69
995 80 24
710 58 42
286 78 24
273 29 36
550 18 10
744 68 66
591 92 70
539 5 77
213 92 94
410 21 98
663 29 1
760 43 41
90 95 43
621 87 47
965 87 72
944 67 75
446 89 50
828 55 5
282 47 58
286 15 51
833 74 44
313 33 84
240 69 90
684 10 88
796 46 13
640 36 49
480 8 31
955 2 41
44 19 13
378 24 73
984 86 87
721 58 3
440 7 77
925 53 38
36 100 17
891 68 7
222 76 21
793 66 48
259 85 32
830 83 6
163 90 24
871 43 83
197 81 70
73 16 52
737 56 75
478 55 30
883 52 70
238 2 77
605 74 62
198 96 26
486 63 30
561 19 74
80 10 63
225 75 83
476 16 44
447 33 69
685 62 73
287 67 90
152 5 34
595 77 99
605 34 69
185 18 65
617 15 67
997 74 49
511 97 42
792 67 90
21 56 49
252 82 72
826 29 74
455 10 31
239 92 40
854 49 68
55 78 91
198 57 74
590 63 37
430 89 40
586 42 68
521 61 48
582 83 7
990 85 4
961 63 33
393 44 64
924 12 41
693 44 71
920 50 13
577 46 87
557 4 65
499 9 79
339 24 6
412 94 18
944 28 15
291 17 2
340 45 37
13 75 34
741 2 84
136 29 34
438 35 78
672 23 64
660 41 69
283 49 67
291 28 59
72 7 6
2 35 71
556 8 100
731 76 4
440 95 89
665 74 49
359 81 88
765 14 14
453 71 79
767 5 17
650 78 38
538 60 33
956 6 27
938 67 15
156 91 47
183 36 94
937 47 39
457 4 15
600 42 26
75 25 45
864 50 77
598 35 48
427 44 45
593 62 70
176 40 97
482 72 69
714 67 31
807 10 91
60 85 47
760 4 7
392 94 97
584 51 58
436 13 68
870 66 4
974 92 17
150 16 19
244 89 98
712 92 75
564 26 8
371 22 28
659 37 76
222 77 100
920 42 12
713 10 36
264 31 15
337 84 33
989 40 6
671 41 69
392 29 86
538 21 25
998 55 4
495 63 66
555 1 3
715 30 95
27 64 29
749 80 52
200 4 43
281 17 91
99 59 31
554 52 63
445 50 86
56 73 90
859 53 30
641 61 47
628 45 23
937 74 55
334 57 52
392 35 32
323 80 3
177 81 70
389 30 86
3 11 28
275 61 100
43 56 94
66 29 73
285 27 99
524 2 88
89 98 53
176 51 79
456 94 31
407 32 90
166 22 28
965 41 14
390 11 89
764 21 89
822 65 4
755 23 17
855 87 26
525 19 3
121 60 89
683 42 75
501 67 23
755 53 51
517 27 87
603 38 2
902 50 68
103 66 82
844 11 9
490 59 85
122 7 87
988 72 91
973 19 74
354 82 63
997 14 52
116 5 86
334 65 5
838 54 85
334 73 22
545 71 58
89 30 98
341 24 2
344 77 32
501 49 14
254 12 94
333 52 15
600 17 13
835 50 53
913 42 10
451 81 70
536 63 66
112 18 12
764 22 7
346 44 51
594 65 43
445 34 37
503 26 60
954 8 7
544 30 52
71 96 29
542 60 21
716 45 79
659 85 39
384 39 38
636 31 83
316 81 22
426 53 5
447 13 5
46 26 45
550 95 30
133 10 17
430 62 34
931 47 33
284 74 40
881 36 88
571 90 30
561 22 98
190 64 45
622 6 16
714 35 100
138 16 65
59 12 84
847 44 38
832 56 52
352 91 53
296 21 62
361 68 74
35 34 92
302 79 88
880 1 16
710 73 62
953 71 24
65 38 51
611 92 79
444 62 22
719 99 84
934 96 10
73 69 4
865 46 50
51 47 43
445 56 60
769 86 2
769 48 7
188 36 10
365 34 52
141 26 25
347 1 39
32 22 18
625 85 16
345 53 20
71 68 20
175 88 31
346 17 45
700 63 86
116 22 3
542 5 74
734 53 12
230 25 60
984 66 46
951 27 92
898 14 72
987 63 91
585 7 19
623 20 67
219 92 60
567 4 80
499 68 46
104 31 21
26 35 22
834 36 88
394 28 49
625 93 19
801 45 32
87 96 9
754 98 93
122 20 8
72 23 62
992 53 52
524 66 57
981 62 66
524 1 29
236 54 13
683 77 58
290 93 100
777 62 43
132 61 1
639 81 21
546 30 69
142 63 35
634 71 83
1 61 65
142 100 37
666 34 30
828 55 29
320 85 11
169 18 98
126 7 11
464 49 91
970 45 100
644 56 65
538 59 7
912 15 48
294 30 88
81 86 65
235 77 16
119 85 48
649 48 56
833 82 38
428 97 60
325 100 54
702 42 5
730 16 66
651 33 84
720 97 40
779 39 42
804 7 21
671 50 6
525 79 88
985 30 40
899 74 39
816 3 42
486 64 12
67 28 84
931 66 83
983 32 36
291 13 57
803 49 14
127 98 65
216 94 8
438 19 39
425 71 84
346 29 60
484 22 38
561 50 24
884 6 48
314 87 85
410 35 1
971 40 58
669 57 86
593 23 34
736 84 28
500 62 91
136 1 80
574 7 86
246 10 37
982 40 100
102 8 96
220 85 28
356 61 34
453 1 4
689 99 76
570 5 91
844 58 58
320 76 50
191 47 99
468 47 10
81 80 82
208 20 39
426 100 71
15 11 56
233 66 19
721 38 65
710 4 45
51 42 2
345 28 42
911 97 25
684 99 41
132 71 55
536 4 46
610 15 33
918 31 19
433 14 91
462 33 36
518 46 22
819 6 34
722 47 71
789 95 9
228 36 78
676 6 51
643 55 19
391 25 80
366 55 72
23 45 68
510 11 73
553 75 78
698 71 42
268 42 18
969 66 22
656 28 15
284 38 33
550 63 83
36 93 36
931 35 21
729 89 25
635 34 4
126 23 83
761 66 31
265 24 23
487 9 39
632 66 27
363 64 79
420 52 42
316 77 69
522 99 88
532 40 40
553 31 75
782 43 19
901 1 35
607 81 91
924 100 69
486 35 56
545 45 9
801 20 19
350 48 81
300 49 85
120 33 41
889 71 98
434 41 23
546 41 28
251 83 48
100 51 31
397 5 32
806 52 83
140 68 71
677 44 57
974 17 58
287 67 34
844 73 15
299 72 38
262 10 21
587 28 42
54 24 29
492 98 100
882 24 11
672 79 94
91 54 35
267 48 14
423 46 75
489 23 78
520 84 67
806 95 47
325 42 90
99 98 67
461 92 74
466 6 7
439 97 19
263 45 27
16 94 24
570 25 19
370 73 71
162 16 26
730 95 38	
