500 200
331 457
429 176
299 7
343 381
309 286
169 224
461 446
336 68
283 267
61 343
397 214
150 483
38 197
248 284
32 354
236 197
333 120
223 55
298 345
241 386
154 40
43 125
397 217
454 342
426 81
75 406
248 469
186 428
194 442
258 151
234 22
59 219
360 337
318 390
494 466
255 290
474 255
453 456
121 384
24 379
205 372
337 410
469 345
308 196
418 470
354 210
202 9
6 44
254 258
407 370
55 181
132 434
322 63
244 415
77 195
359 114
68 391
81 455
340 338
313 492
391 430
392 50
113 256
92 227
372 249
87 276
380 13
328 179
177 259
425 106
222 372
8 37
137 37
154 379
294 103
150 184
96 225
350 190
65 131
382 241
88 161
493 5
93 194
472 195
26 252
468 119
252 175
443 170
297 484
360 94
399 489
37 162
270 286
257 326
493 32
65 47
80 159
65 45
115 405
31 210
327 372
244 194
275 463
282 25
6 292
243 8
351 237
60 214
300 294
472 404
489 225
93 91
177 11
160 174
245 144
243 159
473 421
276 241
243 355
419 270
384 426
455 182
102 161
411 313
124 187
339 227
5 414
31 135
167 180
129 138
285 450
96 141
497 313
222 308
19 239
26 190
86 243
24 169
250 7
156 437
228 321
377 48
207 101
165 437
427 449
454 383
362 35
448 205
127 231
356 157
236 71
421 63
438 195
457 39
117 182
373 257
303 328
82 421
289 349
260 179
323 460
69 413
306 18
408 210
202 47
56 15
445 476
379 29
309 125
271 141
461 296
285 481
2 372
224 401
262 221
462 370
271 451
166 372
153 337
468 209
454 385
435 429
459 68
160 448
253 219
88 499
481 117
327 45
316 463
90 169
453 347
436 205
400 227
20 252
194 230
432 215
298 279
244 446
21 392
404 96
