150 500
107 27
81 138
112 131
26 144
98 31
36 147
101 65
141 137
40 104
50 71
54 13
27 148
47 101
1 95
15 23
105 20
71 138
95 85
101 115
34 123
3 81
20 2
146 37
117 107
20 103
127 125
97 73
139 42
136 60
146 62
97 49
105 25
77 137
124 57
72 62
119 18
107 102
32 82
54 12
111 125
36 18
90 63
23 139
23 36
91 110
42 63
47 67
68 73
136 95
34 82
31 146
38 48
122 119
4 48
55 33
22 120
43 97
68 125
113 97
106 40
22 98
89 116
109 86
112 10
51 85
145 121
127 101
54 148
38 127
7 92
64 69
95 107
4 108
16 56
98 139
77 46
101 146
88 141
85 136
148 140
77 105
101 62
122 115
2 148
143 145
114 131
62 102
57 90
99 139
4 30
35 122
144 40
40 44
96 98
100 75
80 23
57 59
58 117
25 84
78 11
120 53
1 3
126 113
90 91
86 7
47 111
123 97
45 146
84 97
50 74
65 59
137 88
114 14
34 133
125 42
125 17
57 19
46 91
74 59
104 73
6 144
110 68
19 43
1 143
50 130
80 44
47 133
32 80
25 76
71 105
26 37
6 47
143 140
110 131
25 90
73 27
23 130
10 43
4 41
84 105
12 147
38 104
138 4
67 104
117 103
10 16
64 44
122 28
116 59
144 77
65 128
110 47
59 84
75 53
113 16
10 65
67 129
129 35
117 46
17 66
77 130
77 57
49 138
72 65
68 121
69 135
97 23
87 88
9 67
110 50
43 144
133 117
147 28
89 11
139 140
58 142
130 38
30 18
16 71
149 60
134 40
77 122
104 22
42 111
52 107
29 121
9 131
63 34
126 109
100 99
133 31
62 1
88 84
138 108
69 90
101 75
112 73
19 109
73 110
57 149
122 141
64 2
17 6
76 34
64 16
41 69
22 80
121 5
61 7
95 111
52 86
22 92
143 138
147 103
42 7
84 106
23 119
75 84
116 78
58 127
42 70
44 148
127 23
13 90
2 11
30 50
12 22
49 66
1 91
90 147
98 114
34 112
100 107
87 48
0 74
134 19
130 123
29 85
93 116
102 144
51 20
68 148
117 59
69 101
14 27
121 45
109 103
83 27
139 129
84 23
100 96
142 134
31 78
26 145
97 109
108 47
13 22
132 121
46 108
101 57
107 73
46 118
14 35
71 111
57 63
75 132
74 89
3 85
127 35
123 143
0 60
60 47
18 31
32 6
32 120
29 133
51 108
119 29
94 117
56 101
69 103
92 107
85 69
116 99
76 63
1 55
55 75
18 98
118 135
76 135
145 147
76 103
43 5
127 94
51 148
43 103
97 101
58 35
67 107
146 58
42 49
58 126
121 10
126 21
56 12
46 62
114 36
74 36
105 119
73 129
62 89
75 120
100 28
11 102
78 14
28 18
94 133
116 34
44 74
75 15
114 105
35 69
63 124
68 105
104 143
41 92
67 145
131 0
58 10
19 75
105 39
111 72
43 111
14 132
22 103
71 23
148 35
104 92
45 113
138 42
88 56
60 75
114 89
47 137
74 62
43 69
58 42
117 131
39 144
0 102
110 125
30 67
0 130
16 80
35 83
73 143
49 44
72 35
29 149
4 118
34 64
93 36
107 69
24 13
56 58
85 7
87 4
84 128
64 21
53 87
88 34
92 72
61 72
98 2
46 65
142 103
125 143
0 4
142 78
1 89
74 125
3 96
143 11
67 128
52 124
61 6
148 1
131 60
146 23
65 114
24 60
20 75
76 74
6 69
53 77
132 71
58 9
16 100
143 95
10 45
145 118
120 47
110 26
93 99
106 80
125 95
31 143
133 1
114 75
95 57
56 48
102 114
96 130
103 99
89 99
95 99
79 18
36 28
50 0
40 39
90 136
139 144
38 108
126 23
66 109
112 28
29 54
19 14
88 112
146 132
83 45
26 59
79 34
81 140
66 126
102 149
49 43
26 125
81 96
8 44
131 13
64 51
10 14
89 131
85 78
111 143
54 28
31 37
1 42
85 80
109 58
28 62
8 122
120 46
123 129
114 70
132 41
56 20
38 139
104 93
73 54
39 7
119 47
138 136
56 84
33 119
78 23
8 33
98 124
6 147
136 34
104 89
54 79
32 40
123 90
9 35
41 107
100 140
147 0
77 74
65 129
63 135
74 148
113 117
64 68
120 137
17 27
32 141
149 112
133 48
144 41
3 36
137 7
42 84
1 74
77 38
77 41
63 49
36 47
55 104
