500 2700
165 274
293 325
157 360
492 143
44 467
199 428
211 240
344 474
109 340
410 335
161 304
338 27
74 381
431 16
449 264
286 494
331 440
23 370
270 359
23 323
136 400
377 201
433 49
204 283
53 227
243 207
29 14
395 160
321 83
406 343
302 465
397 476
346 365
233 98
12 461
491 327
171 445
159 461
133 221
339 144
363 455
323 426
115 141
171 24
316 257
19 70
315 270
273 90
41 196
489 328
261 484
403 288
367 131
341 97
206 302
140 323
414 3
273 259
314 367
427 53
235 170
456 207
124 24
378 135
468 417
64 126
119 34
463 253
365 239
309 422
334 169
358 95
383 211
253 331
200 388
10 175
291 142
344 37
401 30
261 41
286 225
254 391
343 153
382 375
161 132
200 393
333 260
302 8
278 9
64 455
334 262
28 111
169 310
450 180
384 359
439 151
129 302
129 242
278 259
21 329
355 496
14 197
210 416
457 346
12 209
222 327
477 441
346 313
86 235
470 244
243 498
453 190
220 143
305 60
296 210
335 314
381 171
69 296
160 233
499 344
208 46
435 79
192 285
113 200
294 482
483 360
108 34
307 390
401 471
306 154
186 1
459 292
83 435
439 282
289 487
379 448
463 86
0 307
235 286
148 78
238 475
472 456
81 27
85 495
98 317
237 409
422 215
484 438
204 419
480 33
107 409
491 410
63 419
452 60
176 478
41 440
102 309
192 363
338 79
343 204
154 0
284 145
117 8
126 242
168 209
350 52
275 122
32 125
234 42
33 84
326 48
52 430
234 469
153 167
31 85
251 411
139 282
107 452
488 349
494 43
396 195
218 28
39 134
382 246
78 399
196 163
83 339
99 207
434 367
311 416
33 223
166 435
86 318
475 74
85 97
475 365
245 53
185 443
178 130
374 439
33 311
301 291
125 460
266 52
217 388
85 317
478 395
322 1
4 425
208 78
210 227
109 320
276 427
452 283
6 104
68 78
272 262
7 137
293 441
179 154
361 66
341 302
335 385
152 413
179 28
362 473
89 238
143 451
221 115
69 347
246 93
5 106
4 35
286 255
58 460
373 53
471 177
32 485
64 154
77 346
96 150
246 446
355 116
407 276
114 234
70 72
459 263
82 110
192 136
165 479
189 249
179 495
317 132
101 77
79 351
48 242
384 98
300 344
196 122
435 196
33 120
243 28
128 446
304 292
39 72
154 458
457 481
192 197
275 334
12 286
336 307
130 319
77 92
298 310
44 11
255 304
184 383
69 41
49 135
152 45
53 174
145 40
407 320
363 355
323 382
29 27
469 85
372 484
143 378
405 399
240 165
433 352
209 78
261 315
125 204
458 60
335 263
97 208
113 302
498 8
396 375
454 413
347 14
463 371
210 77
363 470
189 422
300 139
277 229
178 91
432 194
497 37
126 268
475 340
143 276
2 122
242 448
74 174
371 467
467 290
371 148
296 200
62 371
480 320
149 345
200 182
74 446
124 342
303 349
238 163
437 291
9 235
450 136
300 278
75 100
96 233
62 445
405 397
17 320
266 42
443 348
10 304
238 108
401 328
74 285
448 335
409 490
72 426
110 266
72 89
414 355
401 250
365 96
460 134
415 228
311 208
132 385
322 395
187 226
0 294
459 410
120 61
437 9
201 347
309 290
297 70
62 160
323 437
36 44
7 132
52 415
101 378
473 453
262 314
109 116
276 357
396 32
493 399
125 467
232 214
190 491
296 466
60 271
90 157
56 14
235 35
174 265
462 425
166 217
431 451
284 95
153 15
318 166
225 438
367 113
358 68
319 257
160 448
456 406
89 142
98 18
176 48
305 23
84 120
251 466
275 9
113 397
374 406
51 251
278 206
19 223
397 211
338 80
273 229
462 420
259 381
16 151
191 427
219 375
250 93
88 232
226 498
131 201
401 240
163 357
78 372
162 260
324 351
7 123
214 246
254 366
175 256
104 268
381 272
259 198
75 381
435 429
41 427
200 212
445 310
140 171
96 162
443 448
17 106
42 340
78 354
147 18
209 292
397 71
193 352
476 209
55 137
452 286
79 68
88 200
133 25
182 43
137 86
162 33
312 142
93 354
58 425
281 231
408 271
232 475
471 390
388 81
145 265
231 34
324 221
148 136
443 487
146 389
219 65
95 247
171 356
329 261
177 36
167 189
390 196
119 360
373 73
176 212
462 62
318 81
410 30
90 272
289 55
120 384
468 462
446 493
314 189
292 383
485 385
46 154
421 353
228 59
397 399
442 72
382 310
409 398
64 111
441 406
447 319
498 288
493 248
150 304
395 113
61 415
352 90
275 176
2 133
65 238
488 201
346 206
412 195
193 425
145 143
424 80
93 30
406 284
47 251
328 182
20 499
144 288
71 446
184 92
292 113
350 276
338 88
167 205
54 288
443 404
10 112
91 26
16 297
244 8
103 24
309 90
84 107
44 478
261 341
305 390
347 280
76 125
458 40
122 58
362 33
389 157
51 94
106 26
217 92
479 475
84 8
166 344
228 393
260 278
271 442
206 376
225 373
24 151
328 187
431 231
306 336
298 415
74 84
253 444
181 320
463 438
147 95
376 221
53 414
36 385
310 98
345 35
124 280
165 49
437 73
285 310
47 474
380 394
88 167
102 78
184 45
133 301
149 366
325 117
478 155
497 28
252 181
60 420
105 205
422 450
115 390
341 226
289 95
261 409
308 366
145 54
342 338
305 233
157 172
151 435
22 380
35 11
237 53
9 114
152 327
422 306
457 198
465 68
315 354
39 396
2 349
15 456
163 222
73 91
321 467
95 101
26 133
288 247
378 20
249 395
471 262
449 57
3 22
168 28
292 10
175 209
116 403
148 64
33 459
362 192
427 262
9 244
472 88
169 36
124 394
64 177
145 81
195 80
486 77
276 461
265 166
285 323
184 401
189 116
220 251
462 129
301 37
53 135
81 262
495 480
45 375
417 269
259 340
66 477
347 43
443 78
452 497
394 290
407 42
430 49
371 147
248 416
184 484
309 50
79 16
205 30
3 125
227 11
187 33
89 237
377 476
494 405
49 44
318 393
11 89
146 425
37 441
41 237
35 192
328 407
336 350
445 359
243 254
160 352
399 415
102 122
355 0
41 275
347 59
332 353
323 270
183 127
253 119
291 156
143 55
150 257
15 228
498 25
232 196
250 259
59 270
119 281
426 308
258 334
11 361
480 226
403 269
184 180
143 119
331 311
55 185
24 34
44 166
360 76
280 267
428 461
340 65
272 240
180 460
411 320
160 266
116 379
398 475
399 425
327 315
59 162
165 305
62 473
174 83
461 267
273 92
83 165
447 333
429 214
432 97
72 193
332 190
115 109
164 103
86 478
450 349
148 193
451 13
201 2
12 85
20 427
58 193
329 393
406 302
419 281
472 79
37 193
301 99
420 482
360 213
126 356
394 463
198 179
167 301
462 211
428 80
399 471
241 75
167 433
18 254
433 126
436 42
135 424
131 148
1 247
52 338
15 5
205 286
19 497
217 483
28 210
77 39
337 362
373 217
0 185
177 310
85 457
78 455
69 194
461 161
285 411
473 176
446 153
473 366
335 33
227 430
72 132
202 220
143 35
298 64
232 334
242 312
94 499
377 211
15 355
319 158
66 440
110 458
288 135
486 214
479 353
382 358
201 84
135 406
323 72
268 29
467 320
187 438
291 414
495 168
497 156
285 145
465 429
355 97
274 352
489 132
300 105
78 0
441 53
463 315
194 249
45 317
331 45
355 31
27 223
204 220
270 446
411 81
476 289
155 242
193 160
259 319
338 0
441 6
52 303
229 331
397 371
155 416
183 493
43 235
462 443
89 124
465 284
18 102
99 351
86 155
127 55
263 387
11 400
459 327
411 485
455 145
96 63
147 174
488 67
26 455
147 317
242 374
15 257
267 376
462 479
499 353
378 53
461 137
334 476
406 2
427 490
490 177
468 440
143 303
306 430
276 85
108 110
70 156
148 382
283 16
135 62
243 284
118 419
378 224
15 21
360 351
450 171
59 316
204 91
57 259
311 219
109 326
332 243
297 183
396 118
382 264
274 44
475 230
318 57
354 65
472 408
476 404
319 411
206 386
170 56
278 484
461 320
93 162
320 375
467 32
170 383
30 492
276 23
403 21
471 397
111 429
111 65
191 302
487 325
324 490
198 181
496 236
341 447
155 274
490 480
65 144
53 339
162 312
387 416
103 354
301 416
453 358
31 485
286 11
365 320
248 178
219 430
124 340
431 387
162 226
410 259
366 387
102 91
402 106
16 363
54 217
341 232
496 491
294 158
480 127
111 220
492 50
289 365
383 336
412 494
25 254
327 449
118 333
377 363
390 66
4 377
135 453
397 205
123 342
354 66
29 483
239 40
9 352
122 411
103 2
103 321
361 292
376 417
358 485
212 291
279 12
62 248
128 340
411 354
139 43
46 497
152 284
160 150
354 338
181 300
111 315
35 8
175 351
372 103
73 18
332 492
250 389
85 79
239 77
222 90
227 351
78 201
51 366
100 427
204 122
167 192
244 335
218 339
53 264
450 259
297 211
483 118
217 237
321 393
221 273
491 103
154 221
192 194
429 413
176 12
249 192
211 316
51 28
148 388
300 495
16 487
137 80
20 134
156 337
290 462
217 421
426 71
142 341
59 299
462 87
74 124
278 27
93 393
326 182
386 457
321 27
285 422
56 406
254 270
364 228
278 142
347 175
353 111
14 131
145 307
366 33
465 46
294 26
238 396
418 211
114 373
269 449
459 403
61 484
189 408
455 432
266 336
103 447
47 301
172 133
202 52
153 288
48 360
439 141
410 275
474 191
356 351
356 84
289 79
227 482
310 302
44 202
90 374
362 180
225 441
482 444
493 213
481 158
217 67
238 496
429 124
285 493
181 178
139 46
244 275
109 297
147 88
466 255
59 355
432 110
64 318
424 31
60 82
267 436
388 423
305 348
213 428
488 55
320 392
216 457
489 211
353 63
271 116
282 459
27 199
333 289
490 246
120 136
310 293
424 110
308 389
15 274
369 48
311 479
14 69
278 56
236 319
66 204
42 499
459 46
57 328
214 46
262 30
131 198
422 467
81 195
102 160
32 99
192 69
353 58
458 271
200 27
397 102
195 376
95 142
278 356
124 411
58 185
316 480
209 138
190 340
250 0
282 180
242 443
355 277
3 342
448 384
216 414
32 75
484 116
170 0
197 398
5 27
476 474
427 209
160 476
163 127
418 397
144 325
254 274
264 108
56 469
488 162
213 100
40 496
293 115
150 479
369 222
423 218
272 490
476 382
84 145
157 84
301 134
61 1
333 340
440 298
284 419
212 62
486 406
327 429
411 235
462 101
281 397
484 470
208 67
70 389
9 167
405 140
360 487
19 16
89 398
145 447
248 124
336 363
13 470
216 498
203 146
99 415
127 44
280 495
318 495
381 229
404 421
59 389
87 378
289 175
453 242
485 438
48 208
40 403
275 356
89 301
467 273
3 392
49 196
491 290
487 256
326 181
466 331
117 116
155 329
348 402
391 448
91 18
15 116
2 407
55 482
445 45
349 201
154 180
68 218
357 392
3 241
144 311
163 182
258 423
200 287
489 430
165 457
388 208
282 141
487 202
179 81
158 116
75 427
197 369
472 134
371 28
300 92
231 136
434 49
365 403
284 459
470 91
153 197
346 287
323 104
430 210
335 422
320 400
433 296
232 241
302 46
111 427
378 10
458 321
355 98
242 254
424 294
231 188
1 136
488 25
220 8
160 314
497 200
432 300
293 398
383 341
94 297
456 433
472 200
184 236
205 365
288 284
176 306
315 432
103 201
229 222
438 154
398 282
173 88
357 356
490 227
122 462
37 169
407 279
7 331
417 68
50 242
277 231
361 128
375 128
471 164
34 290
378 455
483 147
178 427
145 87
295 264
116 247
194 108
12 484
482 455
410 36
418 403
52 212
223 364
60 155
261 300
307 345
356 497
58 446
52 304
29 52
291 262
389 166
186 69
306 270
39 211
124 282
323 105
345 425
51 331
348 382
495 237
293 331
39 286
210 178
413 27
60 5
377 365
409 208
370 378
67 318
209 443
391 224
112 438
101 300
313 336
231 68
14 155
142 137
114 342
379 192
230 95
346 27
84 323
34 22
174 121
441 461
43 436
322 343
89 10
306 118
322 298
219 475
390 30
124 351
249 283
26 32
4 137
65 399
381 70
483 371
294 446
59 458
262 488
77 199
331 178
154 129
19 480
468 29
485 382
46 166
430 115
157 265
18 68
465 147
381 303
62 463
305 214
382 196
47 499
138 61
12 316
365 351
263 312
400 251
83 85
11 106
333 133
34 244
390 9
408 209
270 344
295 66
97 6
138 127
295 191
293 26
27 187
88 83
103 262
408 370
196 413
451 152
301 264
352 397
370 232
200 269
372 214
191 361
30 98
457 232
2 204
26 21
270 278
246 333
31 4
487 127
387 292
491 96
221 114
493 43
255 401
9 419
188 195
400 137
484 165
217 100
22 33
25 4
6 372
364 31
451 326
23 15
82 334
314 75
187 286
68 397
110 396
315 426
186 356
106 429
404 350
306 146
360 233
398 62
21 182
303 414
165 448
203 456
476 118
166 22
229 322
252 43
280 221
149 303
261 377
470 350
391 128
279 380
206 188
298 202
20 257
148 434
194 443
465 67
476 41
346 139
368 117
397 198
9 172
83 491
341 289
1 181
420 497
429 292
195 252
216 83
236 416
132 487
239 468
286 264
175 147
215 147
265 316
231 310
75 158
183 141
471 428
230 139
115 204
295 330
103 474
278 111
130 301
232 107
101 143
345 185
303 413
492 155
158 25
174 268
444 190
176 72
234 300
109 273
212 486
175 277
306 440
85 133
449 91
277 45
186 43
212 274
146 496
111 282
101 310
387 364
341 35
402 430
339 79
17 488
254 465
458 443
359 416
82 134
164 176
408 76
496 115
76 240
262 71
247 307
103 425
142 132
294 137
491 135
86 376
257 84
12 188
32 113
245 15
147 108
78 82
183 160
242 378
22 311
404 166
475 457
162 231
346 16
419 161
258 129
332 239
458 140
342 331
346 50
180 241
448 81
343 220
145 30
36 254
279 440
257 173
495 489
159 444
80 320
458 292
268 326
46 129
345 105
373 344
164 374
22 457
57 438
402 15
191 32
67 390
36 91
26 332
486 46
225 419
72 306
428 253
140 273
44 459
85 346
449 246
100 60
460 352
33 295
353 213
22 496
54 11
1 488
76 32
229 184
232 133
84 176
264 343
386 125
356 480
19 423
308 120
315 314
392 153
73 98
27 112
237 45
115 15
107 377
84 435
142 219
11 1
77 375
402 175
312 473
394 130
186 348
47 377
340 435
258 127
123 144
383 475
165 407
442 206
336 251
282 220
330 296
60 197
445 363
340 64
380 379
75 308
102 380
118 56
480 113
424 127
69 245
9 362
89 252
384 389
218 214
233 390
65 386
193 187
208 92
498 64
54 308
33 329
287 189
452 26
44 231
419 48
54 487
400 80
244 353
162 40
226 201
237 286
458 75
185 432
118 203
238 372
68 239
18 146
456 200
38 47
276 154
447 202
226 301
142 484
238 295
177 226
8 283
302 397
153 5
450 194
292 170
36 160
278 460
413 361
448 425
22 54
151 444
265 18
200 81
227 74
182 242
65 319
424 148
2 30
94 213
291 493
140 292
160 417
458 114
109 170
231 454
412 473
274 225
365 229
383 40
212 494
91 302
222 192
359 299
233 432
366 422
97 362
278 490
389 232
182 120
216 191
94 36
386 298
433 415
447 221
324 104
186 115
304 74
13 321
224 66
282 381
347 82
113 278
478 481
482 156
374 240
341 85
403 230
414 104
137 449
428 72
24 73
57 326
326 2
272 418
271 389
260 197
126 381
95 136
363 413
415 287
150 110
234 373
335 3
277 397
172 31
421 446
234 326
433 499
30 6
256 45
398 428
182 480
115 252
438 116
215 234
75 478
180 408
191 410
206 487
211 79
47 346
178 123
438 107
447 101
342 497
91 267
193 105
343 201
71 39
144 54
213 73
484 181
26 354
29 22
192 16
183 409
433 275
460 157
378 82
325 63
117 253
417 432
65 116
157 238
109 35
302 366
425 228
29 260
98 331
478 377
475 26
246 369
328 229
318 164
14 370
200 173
378 66
115 272
488 378
17 71
112 189
151 201
70 293
204 277
37 379
154 261
170 48
195 51
348 104
49 112
387 452
82 100
251 252
278 351
123 253
340 441
433 496
55 146
331 412
265 109
241 135
329 173
389 16
362 34
126 413
421 82
54 219
475 482
371 232
235 406
295 218
467 8
206 436
291 440
424 193
383 53
273 78
165 268
303 257
13 25
287 341
3 1
138 419
418 154
48 34
248 202
388 39
24 61
459 266
257 436
103 271
115 331
481 430
331 462
243 2
90 377
180 268
121 131
178 207
265 452
348 464
375 405
378 194
283 410
191 232
401 85
330 294
123 127
97 153
48 233
222 440
382 19
432 448
313 161
77 12
339 227
298 211
59 155
470 22
286 319
488 278
377 484
391 9
39 264
259 432
278 317
318 75
248 291
36 143
459 380
164 334
485 74
87 376
462 469
227 294
19 454
338 9
164 354
258 138
442 279
426 198
415 236
164 274
432 339
289 366
115 354
327 29
224 491
38 137
82 16
232 201
405 93
169 485
38 484
80 83
450 386
441 200
321 413
212 411
217 285
136 34
470 142
43 487
50 486
32 430
497 153
228 79
447 283
187 363
87 432
58 274
184 227
150 224
91 108
17 74
275 381
20 343
494 228
137 434
320 257
95 268
452 347
25 118
21 236
3 497
420 231
464 352
297 344
154 240
36 475
252 218
184 87
335 268
463 385
269 229
150 349
426 164
395 461
360 29
124 256
387 446
391 395
227 168
208 18
244 124
424 361
110 173
312 499
463 351
33 383
383 125
450 226
233 18
256 231
403 318
341 193
356 110
353 151
381 67
431 383
183 497
60 267
316 86
50 10
45 393
430 328
340 443
21 249
346 205
304 42
60 223
433 297
42 379
491 467
189 54
17 108
62 328
234 58
151 107
401 265
345 16
493 290
345 376
478 454
475 155
241 59
117 40
71 222
366 153
2 159
113 50
167 42
74 90
477 241
329 34
388 303
263 280
288 456
240 11
378 237
279 495
299 484
151 401
343 152
430 136
233 342
91 322
468 129
229 348
418 421
298 1
499 336
440 82
191 297
214 118
39 3
419 457
393 305
431 446
65 391
417 170
49 455
422 100
206 449
234 496
294 218
289 324
172 305
294 197
120 343
253 158
238 349
136 93
305 122
424 64
319 372
78 297
375 22
13 95
112 493
108 169
288 10
425 390
342 261
296 471
11 185
493 77
9 445
147 463
133 330
193 85
380 110
301 265
262 199
271 340
476 277
255 482
342 111
335 133
174 133
456 484
466 124
117 14
183 342
396 486
122 444
457 313
93 466
206 179
123 301
327 212
272 263
330 52
266 449
344 397
22 242
50 264
149 288
134 157
297 129
209 183
198 493
478 287
163 460
63 300
189 393
64 104
6 170
58 272
200 492
284 186
398 359
170 472
132 57
123 26
408 136
136 329
25 148
21 462
375 378
475 417
416 374
411 155
347 37
459 24
294 260
193 373
96 298
27 287
307 33
479 163
214 473
255 9
467 338
41 129
283 483
215 178
350 427
47 100
204 275
425 173
281 77
488 140
371 111
206 12
433 182
202 274
479 401
301 67
204 476
42 396
263 109
99 413
198 344
20 235
358 495
195 26
417 354
206 24
383 215
408 417
362 409
390 153
360 212
448 361
449 369
85 175
361 148
466 282
57 490
472 85
115 455
383 481
455 8
240 388
362 395
225 160
347 282
346 334
24 338
82 339
376 137
486 463
319 266
157 274
460 151
291 498
403 412
422 199
30 53
474 354
284 150
241 217
24 439
51 157
297 354
482 189
445 106
440 431
247 474
79 226
369 11
297 193
401 349
63 35
488 189
31 297
293 92
300 69
254 55
47 412
222 371
2 461
20 186
184 411
89 362
162 234
78 156
196 178
443 31
482 377
440 78
243 31
396 150
423 154
11 343
149 154
229 140
37 178
0 479
379 43
436 495
173 180
393 283
442 207
353 179
452 32
100 258
185 20
264 241
438 391
112 256
240 31
9 473
72 204
12 442
184 464
186 484
180 428
408 73
172 431
227 126
133 468
385 315
473 479
489 476
29 174
334 207
388 399
427 8
127 298
340 118
187 494
267 368
388 478
23 356
347 187
404 195
90 320
190 417
219 222
360 236
213 20
41 142
131 208
391 138
220 480
409 142
412 359
213 124
68 54
327 34
476 194
40 332
45 126
463 487
260 121
430 482
384 83
90 154
287 163
482 221
151 212
105 151
449 74
42 97
347 461
41 111
160 393
193 163
95 303
184 146
493 4
237 141
310 478
363 99
369 282
4 107
163 377
281 411
32 47
55 275
298 400
20 393
419 327
141 20
49 159
9 253
389 117
85 244
276 443
262 50
213 30
96 382
111 105
111 469
440 46
227 324
232 227
417 129
409 6
86 414
409 11
455 293
487 67
349 295
58 207
309 337
347 134
221 17
252 229
225 147
42 449
135 128
72 309
164 33
140 440
344 53
41 364
250 345
303 105
436 121
425 376
284 273
99 180
182 448
205 151
374 211
237 139
76 204
138 77
431 221
225 13
256 414
407 428
172 146
80 121
125 272
209 57
197 452
188 185
233 168
12 243
213 334
228 306
300 52
443 155
415 419
145 410
46 253
271 8
410 358
360 274
338 436
477 462
205 406
68 32
303 108
352 439
233 254
26 128
29 89
478 326
160 473
172 142
303 154
187 292
94 350
192 298
447 92
67 495
92 482
442 234
279 45
10 486
18 193
296 492
126 449
36 340
353 301
336 215
306 361
309 203
260 363
12 226
374 44
233 386
261 177
23 138
15 135
126 182
181 189
380 425
30 174
487 231
464 36
228 435
376 135
78 451
365 37
333 415
233 299
487 34
139 430
110 272
100 225
223 355
407 386
407 49
289 53
443 213
334 486
220 337
133 169
230 449
173 65
382 444
453 371
85 25
366 477
8 270
462 195
456 103
474 291
311 115
19 183
309 363
276 34
164 241
252 2
331 63
340 329
111 71
238 302
294 292
292 437
27 93
237 18
190 134
461 222
369 472
269 26
128 359
323 108
255 192
35 133
368 361
233 151
296 307
225 188
306 339
405 80
213 26
70 307
192 394
398 229
37 356
348 145
345 14
309 419
131 434
151 357
381 223
95 473
476 284
33 176
96 408
472 465
9 475
445 32
8 30
293 98
472 332
485 24
397 214
60 424
354 113
62 299
204 199
423 486
61 296
468 176
23 273
336 151
252 64
407 426
445 341
192 277
392 196
371 109
251 237
172 379
221 489
168 118
192 44
479 160
413 116
193 106
205 300
399 57
128 83
360 467
105 135
78 193
177 486
490 274
348 269
256 378
351 25
98 187
174 231
449 279
410 435
279 213
68 191
181 375
164 37
81 116
434 351
153 80
51 408
288 328
218 34
258 378
175 391
49 287
456 320
186 52
151 306
363 154
295 55
157 357
408 107
72 92
383 144
363 329
38 147
365 491
193 294
498 81
242 492
258 36
441 34
305 158
362 60
108 77
139 266
140 306
26 498
85 107
240 312
290 285
295 262
460 152
429 400
420 333
470 6
256 409
226 255
469 34
242 491
196 417
409 456
122 213
367 158
4 93
269 466
399 372
58 354
36 103
419 54
291 351
384 67
171 329
447 196
7 346
101 242
248 61
133 350
34 262
182 275
454 221
140 473
152 474
141 330
160 75
487 61
71 327
276 333
153 320
69 51
284 276
474 369
46 72
462 32
61 465
484 348
428 364
72 284
325 288
480 143
116 313
348 499
397 375
289 28
316 113
27 9
62 396
448 273
192 366
274 466
481 33
161 156
299 146
268 134
92 197
235 470
139 348
404 91
203 97
449 211
132 499
170 213
219 328
402 472
273 269
275 233
440 481
315 152
469 456
338 251
424 38
410 23
407 83
188 148
35 97
206 155
85 289
342 260
386 312
223 298
72 439
62 250
314 344
236 134
250 208
227 200
400 72
374 201
416 21
