500 1000
409 481
116 135
24 452
100 38
380 119
460 140
247 334
306 301
73 392
157 147
223 271
160 194
474 33
242 52
373 243
109 75
339 249
208 304
150 149
216 174
141 48
352 448
106 237
223 413
104 383
107 16
72 317
16 151
112 318
223 0
438 81
251 220
343 395
424 325
68 51
420 395
83 388
217 130
286 302
48 124
60 126
480 190
215 30
96 127
365 54
177 222
131 435
454 81
314 372
389 158
180 188
485 325
76 306
359 288
269 438
82 258
141 101
231 5
450 383
338 235
220 62
474 440
84 133
375 43
138 309
138 391
114 355
83 308
8 332
293 350
388 397
314 53
137 21
269 343
65 74
396 5
492 313
146 235
299 451
204 199
271 355
443 281
381 394
328 184
498 113
490 146
441 308
311 481
230 406
382 391
249 333
25 319
146 315
393 389
307 133
368 292
384 115
241 172
95 106
437 260
250 163
462 162
109 212
133 167
40 447
197 240
154 401
377 435
413 217
366 327
424 433
377 54
117 237
260 185
326 240
115 402
89 240
364 250
15 261
82 150
334 143
210 356
353 88
499 112
110 158
342 346
218 377
463 368
453 87
135 471
450 95
410 36
40 212
44 72
357 57
474 461
243 302
120 473
307 70
364 366
331 275
458 495
198 407
420 372
153 45
254 314
481 324
111 395
76 465
468 478
415 469
106 204
236 155
403 384
449 115
108 161
443 153
415 5
55 273
394 131
367 187
456 144
209 197
472 48
416 281
410 139
120 44
73 115
466 244
342 13
90 196
156 369
70 86
282 218
454 83
75 218
379 176
117 82
376 383
68 394
215 425
62 9
412 187
424 453
29 361
176 253
433 58
121 229
447 209
34 370
182 295
464 391
82 188
137 366
101 211
261 491
258 400
97 255
98 229
424 209
319 163
337 70
145 386
466 242
361 98
488 483
122 25
358 113
87 307
60 364
245 90
73 129
305 259
124 294
95 489
353 127
172 167
278 289
452 284
42 416
200 390
360 273
114 66
144 110
301 240
341 446
179 168
95 301
315 174
159 425
15 291
202 65
464 1
317 289
348 471
333 255
236 129
226 94
120 183
98 46
92 4
196 372
452 229
387 480
332 141
372 482
94 375
473 422
300 434
269 349
6 305
318 393
143 388
475 184
198 78
476 381
258 455
253 206
247 419
55 98
218 59
136 271
19 300
187 352
3 499
52 191
432 371
379 447
102 489
499 10
317 329
439 444
385 327
145 467
391 19
268 341
472 121
401 276
439 283
457 482
326 476
498 95
365 250
471 68
240 413
482 434
88 110
331 158
451 368
47 202
84 240
373 417
19 180
197 259
307 401
389 95
47 273
62 348
247 497
291 97
107 324
257 216
385 413
456 28
163 243
3 112
419 328
164 12
138 372
427 104
442 399
390 246
276 173
466 254
493 5
399 239
283 86
179 32
485 439
399 166
40 304
404 87
265 180
53 299
416 36
8 198
124 216
419 102
209 325
162 10
199 357
206 168
340 457
226 105
178 323
248 403
328 439
446 347
185 369
179 467
122 136
168 470
53 483
411 131
478 22
491 190
273 204
255 23
241 457
371 21
234 225
25 408
245 470
83 476
12 124
81 209
28 43
329 202
232 326
459 399
405 242
446 406
25 21
309 269
60 469
227 97
165 0
325 258
64 314
10 148
220 46
274 452
348 427
51 268
331 86
301 231
165 399
152 287
357 78
220 121
342 469
360 10
468 90
369 458
475 257
296 266
2 477
426 39
499 186
79 211
448 99
346 12
311 135
268 312
184 77
109 408
355 406
448 58
339 88
149 233
167 49
437 142
258 273
40 442
393 147
454 223
385 365
248 192
238 311
423 124
430 360
311 350
24 57
103 446
399 32
312 479
358 409
359 208
25 15
460 119
211 259
416 402
403 294
281 310
208 307
108 162
51 95
67 193
273 355
425 463
457 284
47 2
355 403
313 432
286 96
66 368
263 277
196 136
298 27
266 41
231 432
78 419
221 316
484 440
322 18
331 7
467 165
360 156
468 484
456 95
413 349
457 305
89 498
65 271
358 76
3 141
244 164
162 102
50 426
24 144
180 305
204 370
111 328
72 45
95 192
129 131
414 269
469 410
475 409
141 44
102 490
451 7
31 198
215 395
247 47
341 142
311 374
443 38
10 142
105 223
328 353
391 147
426 445
357 207
128 455
453 19
225 120
59 484
498 193
174 356
209 291
95 52
107 304
82 431
496 387
468 400
381 345
467 256
179 7
179 48
227 27
471 53
113 197
492 126
79 348
368 348
317 232
194 75
246 69
446 249
246 40
27 389
188 345
42 57
98 471
94 331
48 340
422 49
382 120
419 155
244 19
64 248
62 381
290 378
364 459
236 261
263 450
282 187
372 352
413 490
356 446
477 85
292 85
204 332
288 25
119 33
486 307
9 7
115 216
233 289
496 156
213 282
387 410
307 53
46 338
247 298
461 421
304 103
105 420
438 439
129 400
343 452
262 214
172 38
392 342
189 352
380 300
357 436
464 77
100 110
396 320
139 322
196 457
160 413
402 307
74 474
27 240
199 495
370 125
104 169
235 487
180 146
339 79
251 429
371 383
216 356
428 206
497 330
140 250
105 156
287 478
163 183
397 119
169 498
305 298
20 319
96 255
76 69
439 318
125 355
155 253
166 148
227 233
267 136
79 459
433 407
330 9
274 257
105 445
51 489
375 120
72 493
20 454
36 113
233 410
39 166
93 159
371 157
306 49
77 279
320 420
160 81
164 18
200 387
118 335
27 370
450 141
24 291
311 410
423 289
343 431
66 98
359 95
205 499
470 120
490 482
9 483
293 458
459 324
36 87
37 470
307 5
67 15
122 419
356 379
491 333
367 97
306 434
204 163
383 263
2 115
291 145
65 235
7 38
197 472
174 393
393 129
83 46
68 272
180 137
273 60
407 75
61 236
203 448
270 230
476 495
47 442
327 488
155 389
309 146
481 285
110 41
398 53
229 367
214 117
39 403
455 482
168 121
297 28
139 251
498 403
185 401
364 401
363 234
126 305
91 470
13 14
261 40
257 424
156 348
66 326
108 494
162 326
367 483
374 108
78 28
113 98
261 84
184 239
469 85
158 101
137 95
35 174
161 339
48 176
366 394
259 180
130 161
384 246
168 75
468 292
270 6
453 81
397 463
351 218
275 200
420 32
410 288
44 213
141 391
256 258
461 196
390 259
398 452
114 253
443 259
254 269
461 40
125 309
485 359
461 406
61 59
153 231
59 477
393 229
431 191
143 361
276 435
301 205
477 397
207 349
119 499
80 24
394 320
252 70
274 410
311 86
91 418
186 237
435 157
469 56
37 225
97 465
343 287
86 356
429 306
36 302
441 457
301 377
6 86
462 139
9 56
339 397
410 423
412 147
200 299
271 470
117 457
363 349
191 51
428 107
6 418
292 58
432 148
145 119
393 356
145 129
497 187
257 79
154 57
250 400
363 253
231 88
108 201
87 133
46 382
72 472
175 406
289 417
256 254
149 167
175 388
53 84
288 362
150 166
395 85
329 445
267 119
152 488
64 302
339 470
489 365
36 181
106 27
278 384
423 196
9 209
189 136
284 209
78 341
286 164
390 183
416 477
6 217
235 69
462 366
409 417
457 101
445 294
347 100
43 455
77 424
289 429
395 387
169 206
177 282
60 124
204 244
237 462
201 68
334 459
105 411
411 104
41 321
64 16
433 108
68 232
208 372
424 363
46 455
315 131
254 264
209 243
466 410
479 496
6 351
325 107
143 389
261 359
165 264
348 483
416 80
345 234
424 362
262 377
232 361
425 176
28 52
208 410
195 340
110 263
21 125
149 369
446 3
343 388
286 408
34 276
423 324
403 304
215 491
233 190
277 432
259 294
263 134
332 65
189 263
478 212
291 106
371 287
342 356
217 123
188 32
59 357
117 407
384 178
330 60
119 160
40 213
472 132
302 455
206 159
365 148
264 282
414 84
303 68
485 400
477 25
373 176
218 401
123 32
486 403
347 310
423 227
397 74
467 198
299 459
429 368
6 260
66 12
319 458
312 381
255 282
246 133
25 402
463 151
86 30
96 105
324 341
441 46
108 137
141 262
173 442
75 221
212 58
40 128
20 171
377 489
13 358
224 337
377 47
125 408
57 213
442 23
280 31
70 33
174 217
341 81
136 423
178 271
295 28
298 494
434 46
454 456
23 200
174 362
138 346
127 180
7 288
350 58
457 384
279 159
394 23
191 34
235 313
25 267
157 333
344 336
282 159
454 438
241 164
391 330
393 249
23 410
340 275
476 131
437 213
289 132
334 88
457 247
491 403
24 322
335 26
16 36
409 211
230 257
326 129
79 373
346 232
381 409
191 78
166 237
143 184
158 243
46 472
1 337
22 197
39 476
462 308
488 409
485 29
498 198
480 168
402 396
71 222
85 237
162 8
4 497
39 442
166 29
458 213
418 178
253 243
397 267
428 68
123 96
126 268
143 461
148 257
51 136
12 69
