370 1000
163 65
154 120
102 120
27 348
131 309
190 147
267 253
34 123
153 347
277 25
339 24
12 268
326 7
301 286
319 137
62 14
277 304
268 176
280 299
243 106
188 168
47 219
132 181
138 295
142 266
315 3
139 14
321 279
42 305
194 178
189 318
42 335
358 98
340 48
366 326
157 1
61 248
83 160
186 294
278 33
109 14
272 246
238 5
334 292
229 213
249 167
306 203
35 321
358 312
362 200
41 313
23 126
12 163
294 228
256 249
35 341
25 165
62 233
116 189
267 229
96 28
269 155
211 178
250 297
191 275
280 328
316 345
347 251
329 215
228 158
212 313
274 163
216 5
181 48
331 61
5 356
23 308
318 13
293 101
148 155
30 1
62 34
16 130
153 330
125 175
268 329
154 59
317 250
209 172
347 255
365 79
4 109
14 223
48 167
150 332
302 233
329 179
16 54
226 272
259 334
229 225
299 40
244 101
361 115
91 15
313 115
353 102
238 300
264 83
297 228
45 263
29 93
202 97
306 46
62 328
11 264
147 292
74 39
322 178
352 265
154 46
39 196
49 265
152 1
189 354
174 366
8 210
323 306
56 164
225 266
308 350
44 36
185 265
221 288
251 167
246 164
213 205
348 9
115 3
321 116
182 18
48 128
118 242
179 36
88 119
256 341
2 116
175 129
227 39
224 270
188 12
256 178
48 55
305 103
153 323
180 261
208 31
26 119
327 297
322 345
179 0
58 247
287 341
230 208
4 86
21 22
16 97
129 6
154 79
208 251
299 46
214 335
269 16
337 367
56 144
75 224
178 163
159 190
121 369
299 220
225 307
271 99
91 200
157 188
0 276
111 286
170 153
287 99
308 223
302 92
345 251
86 353
180 188
100 240
141 90
369 237
369 64
228 188
215 49
287 309
234 90
47 253
332 369
44 37
337 267
78 129
261 5
17 170
243 113
243 257
245 291
33 38
199 361
200 239
93 172
157 340
81 26
15 117
130 280
265 255
251 212
208 96
168 273
286 150
65 159
319 126
127 358
258 263
59 34
204 266
323 79
232 37
228 45
70 357
46 174
44 79
296 83
99 121
141 187
128 244
157 345
31 122
236 320
217 329
202 348
129 157
126 39
367 283
171 314
92 224
281 176
88 283
306 287
123 38
216 79
239 112
18 78
202 148
127 175
175 240
81 158
131 358
250 227
34 48
145 196
29 290
344 196
303 144
254 273
78 93
52 201
22 90
143 348
73 50
48 191
98 39
65 88
99 57
193 354
275 206
96 152
18 157
368 212
47 26
222 137
89 146
186 324
145 69
320 272
78 277
363 63
261 122
309 173
237 56
174 16
210 76
11 88
121 29
237 368
351 161
141 184
259 337
341 174
254 39
348 163
361 297
107 104
249 177
345 261
69 353
27 74
194 59
71 352
283 309
279 156
228 63
112 62
68 349
225 202
186 93
175 353
172 158
269 55
127 30
352 236
303 195
107 140
101 298
45 1
144 351
267 163
222 302
258 6
144 241
340 291
266 95
139 63
141 26
200 40
312 209
181 204
269 71
54 359
53 3
87 11
207 99
198 135
71 97
200 105
214 4
286 347
98 256
148 237
238 276
348 314
5 3
353 48
191 2
180 244
15 85
17 304
77 310
88 313
324 165
14 107
335 256
100 186
298 65
77 186
146 138
338 261
200 127
191 187
172 291
306 88
331 203
267 20
128 101
75 129
200 112
94 182
202 171
213 161
229 313
138 122
173 170
103 276
13 166
118 361
128 69
318 258
140 2
181 40
38 13
137 171
279 148
32 248
103 249
349 158
167 15
344 227
1 46
129 110
360 178
257 147
328 324
146 201
66 131
23 72
46 33
272 232
31 255
252 268
44 144
206 351
112 59
213 182
132 8
243 325
348 311
104 329
267 362
271 198
40 112
147 166
204 222
52 38
123 128
171 249
211 122
359 59
280 203
311 309
38 299
41 76
333 223
361 279
173 115
172 361
191 39
70 160
129 156
308 304
297 72
9 157
126 154
118 71
272 355
288 136
270 19
0 172
177 366
76 368
70 327
340 313
128 264
308 272
239 301
108 57
271 253
202 226
155 57
92 54
226 121
187 116
122 293
143 85
84 131
129 248
102 270
133 225
333 266
295 235
105 42
303 307
365 339
214 176
279 316
180 248
237 218
323 137
45 362
248 69
21 88
62 31
1 352
194 175
256 174
46 248
242 207
320 67
339 222
5 25
162 0
15 201
267 115
258 334
92 249
92 65
216 0
313 149
21 142
4 342
10 267
15 226
218 298
323 199
194 103
265 50
16 146
368 157
251 230
32 339
189 277
151 88
341 328
209 309
142 100
241 259
217 261
218 354
190 348
174 95
221 197
87 138
319 220
76 25
167 288
299 224
233 343
191 201
4 28
89 199
77 344
321 70
291 344
299 14
73 156
25 278
124 98
106 73
32 50
82 232
3 85
367 269
151 47
214 211
31 235
332 278
24 46
48 87
278 152
62 8
126 111
270 16
30 3
303 73
58 225
264 167
271 33
152 254
240 87
278 84
324 235
218 123
94 235
315 219
348 87
158 61
167 66
253 26
91 202
292 132
310 226
142 33
326 18
128 42
345 309
335 34
315 1
344 6
44 206
105 224
352 261
344 214
338 273
307 339
77 242
9 223
4 128
295 360
313 359
240 204
60 216
225 92
55 86
243 100
133 41
283 87
27 111
363 200
119 294
344 184
131 92
250 215
230 174
369 106
223 36
55 49
71 18
112 57
322 318
102 304
43 298
289 7
133 46
99 365
199 136
117 148
353 250
106 9
216 211
276 60
21 70
321 34
213 136
297 171
160 304
199 69
163 199
348 186
166 244
25 54
21 318
137 120
314 260
215 340
102 10
309 174
2 4
103 358
95 190
212 19
262 7
20 88
276 23
16 340
104 297
36 307
188 52
13 22
187 163
195 71
174 363
280 271
50 11
159 36
362 367
23 334
13 212
23 159
20 352
275 153
292 77
350 94
219 274
148 290
76 281
61 29
275 247
322 204
164 306
134 254
121 120
356 122
162 134
308 155
199 74
338 162
118 5
218 183
322 222
221 142
366 172
346 366
232 226
46 75
18 123
3 192
356 218
346 35
164 338
284 285
165 30
315 11
181 169
318 75
312 193
189 38
81 14
307 271
280 92
328 41
354 362
285 210
188 139
291 4
129 168
308 20
148 15
356 147
254 290
83 289
173 85
189 202
67 299
133 42
179 301
144 73
124 62
32 25
11 343
25 39
44 290
280 157
349 308
140 7
302 364
59 96
35 129
50 119
36 295
335 356
106 258
144 278
289 49
77 263
35 279
32 46
184 220
257 241
10 369
30 361
170 48
152 13
134 168
308 53
235 301
318 222
131 210
301 92
78 16
67 282
140 144
161 134
147 179
80 256
323 324
241 248
217 318
145 31
224 262
315 39
69 5
1 363
89 312
84 251
322 91
75 61
293 297
352 239
138 153
16 246
59 68
313 147
211 303
293 264
355 229
330 205
164 268
123 362
115 305
35 214
210 335
102 340
99 309
72 196
155 162
59 159
88 222
222 119
336 106
239 218
295 79
365 361
49 97
25 133
275 281
212 40
277 259
198 326
194 38
29 200
292 261
163 44
158 272
131 339
195 77
197 135
183 256
369 267
236 204
274 344
307 230
330 97
49 136
182 261
329 357
335 194
160 282
267 250
330 132
106 12
292 268
89 140
12 242
334 31
235 67
361 309
217 66
169 40
84 68
84 295
76 129
228 135
68 207
156 234
280 193
242 355
268 286
54 236
163 143
301 238
112 8
65 270
16 167
81 43
22 143
316 181
58 183
170 87
47 275
121 49
108 358
224 293
235 52
191 347
183 250
215 306
293 331
37 343
161 300
90 71
4 180
268 319
265 15
318 194
134 90
298 73
255 173
101 257
40 322
112 209
358 192
280 361
350 291
218 18
320 254
38 66
258 327
240 106
179 12
291 10
7 17
218 14
316 215
272 69
92 195
317 281
240 33
59 348
24 350
168 200
291 119
169 82
103 348
60 233
209 0
37 193
68 49
238 338
147 120
154 301
269 304
227 141
304 239
237 137
138 111
109 359
246 359
334 138
235 113
268 124
157 87
325 262
29 301
256 158
267 200
41 187
82 211
277 70
183 92
278 166
199 165
28 105
287 180
102 173
69 195
248 261
351 66
38 204
322 1
158 207
257 191
44 368
292 248
97 252
365 284
245 168
291 229
109 114
203 354
218 160
353 90
94 33
150 225
308 193
94 64
133 68
248 267
50 127
215 142
67 33
93 144
362 346
12 28
129 131
89 209
36 43
107 169
305 359
263 4
305 300
234 203
114 25
232 189
281 74
168 294
68 254
188 207
313 245
131 43
152 16
334 13
306 158
94 320
44 180
310 168
349 361
166 21
75 286
207 323
220 75
291 106
118 366
21 48
197 36
200 65
157 324
366 293
58 107
211 175
33 175
359 135
161 104
40 8
309 297
156 222
299 202
250 51
