20 165
15 12
12 13
16 8
14 19
12 1
14 1
13 3
4 16
15 1
6 10
3 5
7 10
1 5
7 9
19 7
2 5
16 11
6 18
7 16
16 15
2 6
12 8
6 14
15 17
3 4
19 16
6 8
7 12
18 13
10 17
11 14
17 2
6 3
18 8
7 17
0 7
10 1
1 7
15 14
14 4
6 1
18 9
15 2
18 15
14 13
12 17
10 2
2 12
17 4
4 9
14 2
14 8
13 1
10 4
2 16
17 11
2 11
5 18
10 19
0 11
0 1
4 11
12 18
6 11
5 11
3 15
9 8
12 0
9 1
13 7
11 9
10 0
10 14
1 3
8 11
13 4
17 0
9 12
18 11
3 19
14 7
11 15
4 0
7 8
3 17
9 10
6 4
14 16
15 4
12 14
5 8
8 2
1 11
12 11
15 0
17 13
9 6
2 7
19 13
0 16
3 10
0 18
11 10
16 10
2 18
9 2
13 15
19 8
19 15
9 15
8 4
10 8
4 19
13 11
1 18
0 3
5 12
6 13
18 7
2 3
15 8
17 8
5 17
15 7
0 14
9 5
18 14
11 7
6 15
19 1
17 1
14 17
10 5
18 4
12 3
0 2
0 19
2 13
18 10
3 8
1 16
19 12
15 5
16 13
6 17
12 4
2 19
7 4
13 10
3 16
9 0
9 17
4 5
4 2
18 16
13 5
16 17
19 17
5 19
0 6
19 18
9 3
0 8
13 9
6 5
