150 100
31 94
31 113
51 47
63 105
70 126
1 76
46 98
131 51
78 110
41 130
14 129
56 82
48 68
123 77
127 137
20 11
79 15
138 12
96 89
108 26
86 0
149 22
27 77
102 64
29 39
27 118
76 135
56 65
135 101
93 17
39 93
85 91
46 18
96 146
19 72
20 61
42 41
122 147
120 85
121 39
24 106
93 53
92 133
99 124
21 84
145 61
74 64
4 5
58 17
32 141
38 35
103 100
10 28
81 128
131 77
104 109
126 146
8 12
116 108
116 31
99 9
136 10
127 13
147 58
65 25
99 24
61 3
107 82
77 90
124 48
91 17
134 44
55 2
139 47
44 20
58 66
72 90
22 85
49 88
100 91
54 33
89 2
104 7
5 68
83 76
48 73
99 93
142 59
38 18
113 71
20 77
9 138
29 72
61 25
35 7
1 49
60 129
30 31
63 137
108 110
