850 100
649 602
482 266
60 637
21 137
471 297
369 45
103 835
505 787
430 838
352 765
189 55
296 775
840 409
478 361
836 332
562 589
813 684
548 629
237 97
790 778
141 326
120 592
373 257
846 9
406 131
450 415
525 535
404 48
386 131
739 179
717 712
786 337
300 9
380 326
288 182
287 4
397 603
775 543
836 31
335 176
327 105
359 43
558 274
744 624
339 291
745 171
163 133
334 359
231 290
824 822
206 125
291 126
483 265
733 655
640 273
408 536
413 589
294 618
44 137
674 176
622 357
461 104
827 605
611 614
565 251
815 46
229 468
140 269
741 186
230 821
528 812
36 349
261 608
91 73
831 695
156 83
361 471
383 129
75 653
765 53
38 715
106 341
189 843
204 169
93 311
826 269
187 725
296 52
828 355
789 84
351 484
740 379
198 401
309 507
588 790
290 754
752 830
702 673
426 611
737 493
