1000 100
910 652
428 69
46 262
856 368
294 181
969 108
504 521
19 900
550 465
974 16
558 875
292 981
180 829
129 548
672 973
659 359
318 156
600 754
610 983
333 677
771 347
815 726
767 624
286 701
970 965
813 839
826 156
51 381
593 140
544 990
221 493
44 12
216 429
791 861
999 202
744 675
226 889
348 23
539 616
53 324
2 779
431 484
773 348
322 630
472 808
713 158
700 513
824 120
758 610
893 484
376 294
118 99
886 165
739 966
316 535
112 136
27 499
772 182
750 340
916 775
442 704
158 554
254 775
106 838
421 48
661 588
482 147
507 753
971 519
193 614
708 503
23 734
736 467
332 400
340 685
229 184
492 947
82 221
151 291
751 333
502 974
246 374
595 812
111 375
619 685
501 323
818 832
147 708
341 606
452 55
510 36
704 162
919 523
312 408
841 779
130 212
121 773
167 759
615 441
186 346
