800 100
570 31
130 710
166 578
708 69
584 539
666 87
413 427
490 678
330 223
639 501
756 701
748 551
397 0
401 563
493 215
647 523
117 1
637 656
355 267
796 288
64 10
453 712
309 607
759 96
210 486
633 635
616 413
607 433
42 69
696 603
215 353
574 28
509 411
773 481
429 104
487 130
432 578
787 134
253 500
354 278
399 749
788 669
683 382
176 526
218 34
783 656
596 765
516 277
170 616
211 183
23 479
718 244
8 578
240 312
761 387
409 490
689 277
559 735
336 326
298 670
597 671
508 549
139 195
620 84
28 711
254 324
549 624
468 629
721 141
251 592
645 333
253 132
345 340
217 752
358 139
608 466
554 450
222 680
319 599
192 398
309 393
511 777
106 586
50 301
695 112
84 431
653 475
36 146
663 375
17 682
693 29
234 736
467 610
78 749
147 704
755 254
603 524
337 117
342 234
197 344
