300 4300
273 77
245 179
283 121
195 10
212 108
1 215
202 122
254 137
116 17
215 166
14 217
75 137
110 7
35 152
171 62
118 95
230 68
109 146
272 86
296 52
42 83
49 206
279 157
14 80
248 294
199 23
61 106
227 299
195 147
298 299
47 60
171 290
10 292
182 221
170 291
65 175
247 24
252 138
212 0
236 249
106 13
241 45
18 171
136 49
176 204
156 185
252 247
275 63
50 151
194 185
149 264
287 142
20 141
29 137
118 142
36 247
199 31
109 53
43 45
189 92
42 64
216 125
149 288
83 284
206 113
125 167
16 263
155 66
265 36
211 154
96 243
55 281
102 223
278 149
258 59
234 110
107 71
228 168
50 156
229 142
208 277
254 283
183 249
146 99
99 116
286 166
85 223
146 247
121 35
211 284
292 142
199 72
276 163
278 285
142 45
81 187
80 173
280 150
212 180
268 115
234 207
277 82
173 297
284 79
299 13
258 55
148 151
43 55
295 216
71 14
30 128
260 140
36 257
237 166
67 198
6 217
93 82
150 229
188 75
42 272
199 60
46 287
243 234
164 295
206 185
204 163
259 120
282 1
123 39
59 156
228 198
180 120
35 245
79 10
146 276
212 224
277 171
141 276
230 148
64 13
232 278
190 200
205 2
230 121
118 204
223 12
203 163
289 131
119 40
130 62
235 23
43 117
25 239
94 192
150 164
276 259
60 87
139 269
69 272
242 48
243 43
154 104
277 193
224 96
283 268
184 31
131 151
181 259
157 165
255 172
87 182
277 150
288 287
174 199
35 289
270 89
106 69
187 218
21 250
68 244
87 193
16 264
151 295
286 200
255 289
100 168
74 151
85 48
217 188
138 153
5 192
33 174
287 52
293 101
28 289
121 253
238 20
257 135
127 110
295 26
114 101
201 54
133 178
190 23
45 108
142 171
241 227
140 286
88 81
142 221
268 68
182 271
183 68
91 94
102 17
259 116
161 32
82 20
266 269
227 182
44 130
35 250
204 9
176 144
78 136
50 238
73 194
7 137
274 202
269 86
242 38
77 181
130 218
79 248
294 254
242 120
214 24
113 146
64 203
293 70
141 29
127 261
253 203
60 202
90 70
172 149
187 170
213 298
159 47
45 54
138 48
109 73
8 282
35 72
155 1
56 248
31 178
157 248
33 294
51 182
148 124
82 265
64 217
121 153
142 13
202 54
63 90
179 172
198 196
137 15
248 161
263 47
85 283
4 219
84 290
248 95
27 7
162 149
151 123
80 39
16 168
63 73
279 276
281 50
92 52
286 25
182 263
6 35
134 80
81 250
85 224
251 217
294 83
166 171
192 211
210 21
56 102
35 256
129 207
214 147
110 235
34 105
109 125
25 261
237 150
207 249
244 114
290 175
178 61
198 229
269 242
154 260
167 88
290 189
173 58
70 135
189 289
135 283
165 161
81 77
196 218
115 92
8 127
149 28
126 251
3 65
77 220
248 185
163 262
34 117
160 285
299 79
15 210
148 154
238 51
226 186
162 154
280 76
245 291
275 239
190 109
200 282
73 230
269 24
33 200
270 24
105 147
73 32
258 261
92 298
112 43
123 24
14 84
43 0
243 50
244 28
73 276
282 58
154 235
20 10
138 214
254 24
18 168
35 25
237 82
140 186
170 283
213 132
64 262
81 209
18 75
172 56
76 265
2 115
48 292
208 9
84 52
70 176
282 140
84 40
87 71
277 148
21 132
72 187
39 240
155 248
244 73
151 64
26 104
212 236
168 44
177 104
170 138
151 144
199 158
276 83
4 297
35 219
270 168
234 68
54 176
24 164
149 267
141 131
66 246
183 295
118 252
286 296
151 4
114 233
202 191
238 4
82 165
282 232
90 282
91 148
169 84
231 27
206 89
136 264
299 286
115 185
126 107
118 4
155 27
233 91
240 166
60 71
181 125
22 43
112 61
123 245
43 61
29 46
265 223
233 9
230 26
115 127
272 200
250 77
107 169
183 40
105 214
246 240
58 4
202 115
205 254
267 91
69 270
242 73
104 113
85 154
74 57
182 210
271 94
194 146
61 76
35 150
65 212
290 47
107 185
224 193
180 92
116 187
288 181
245 286
206 45
25 19
188 116
51 116
292 36
135 104
49 174
105 103
71 284
119 31
260 44
50 196
102 114
125 193
120 220
298 104
215 99
229 112
216 13
120 21
30 282
235 143
212 40
294 211
168 128
110 49
186 42
235 1
173 128
59 65
293 153
134 109
125 8
51 108
163 283
1 97
257 5
147 37
222 263
247 183
89 52
299 195
111 6
8 197
290 67
290 13
73 147
255 103
41 104
122 206
144 171
110 280
31 65
145 165
136 177
142 122
35 135
93 161
20 289
168 138
167 286
229 128
235 87
85 89
212 249
124 77
144 278
134 264
139 167
82 101
14 155
16 213
71 77
244 192
265 299
296 67
129 290
106 252
258 136
13 120
53 163
85 12
288 185
20 33
299 160
46 83
285 33
187 90
200 46
47 198
270 40
228 154
160 99
245 236
85 14
106 146
46 120
13 134
117 298
128 98
240 127
170 186
33 139
58 122
174 20
148 127
97 145
206 229
188 280
99 133
52 229
166 68
149 276
81 6
266 32
114 293
38 123
21 242
192 32
208 76
38 170
77 180
158 283
168 33
194 118
199 43
60 9
191 274
100 281
60 85
134 99
281 253
264 273
155 179
19 27
194 211
235 62
278 165
295 217
239 77
16 73
271 66
285 202
13 39
76 268
236 250
79 68
94 102
162 130
166 49
286 13
126 60
180 18
87 4
227 161
0 232
110 91
209 18
105 98
250 230
47 266
45 258
92 272
244 172
276 43
140 293
138 6
78 211
13 65
157 85
117 41
208 81
174 140
291 207
285 137
53 271
257 73
136 102
215 233
65 181
79 298
46 180
136 149
263 12
158 239
262 68
229 85
255 167
241 92
276 140
111 213
33 224
54 226
62 177
145 194
86 190
129 128
143 139
166 261
229 31
289 169
229 132
226 231
180 225
269 58
266 209
276 138
141 168
122 53
52 266
170 43
226 202
225 129
155 151
137 119
213 75
255 80
36 174
86 177
178 202
262 134
295 62
149 6
283 266
70 59
102 124
150 95
57 83
96 176
289 164
113 152
67 7
282 270
158 133
83 99
208 58
224 228
172 139
91 154
90 255
249 154
174 40
138 263
138 0
212 8
276 193
221 13
259 263
168 26
15 266
134 160
231 214
173 78
231 298
179 35
223 63
58 169
127 80
147 273
283 198
295 277
231 164
118 28
253 257
95 47
136 171
132 137
185 119
53 74
153 114
94 54
66 106
76 168
26 172
246 94
161 135
280 233
225 219
120 143
87 12
162 68
261 161
31 10
172 197
101 266
69 291
188 138
153 20
24 66
12 168
152 225
121 233
34 139
232 262
162 248
225 198
224 298
224 83
241 147
13 260
264 174
154 276
136 269
86 49
231 158
241 94
76 204
16 165
89 286
193 175
16 269
141 215
151 145
48 40
30 0
23 29
79 5
249 9
223 27
117 186
74 160
103 224
204 249
82 134
216 105
210 183
200 25
171 157
83 123
6 229
14 257
286 224
2 179
30 227
266 140
205 99
58 55
253 186
41 197
216 15
83 64
139 69
14 136
108 241
161 279
92 217
273 56
28 73
210 89
92 178
150 130
209 104
73 146
207 255
86 44
155 266
59 172
272 67
183 236
253 187
48 252
292 228
211 84
2 19
129 148
239 58
246 19
252 128
52 201
101 93
171 117
108 222
298 220
59 212
297 195
230 184
224 135
254 167
276 299
103 119
242 263
157 218
143 293
175 27
294 85
177 127
147 54
51 209
84 243
165 175
41 156
122 221
84 13
243 183
266 33
126 49
4 140
251 107
74 140
99 36
102 55
194 98
156 297
66 79
192 209
263 157
211 119
214 35
81 278
277 28
22 25
262 70
152 18
130 72
166 218
271 30
21 176
211 64
218 223
94 261
130 296
74 134
266 63
263 286
110 139
20 50
98 115
2 190
49 139
294 32
76 243
106 245
163 266
114 232
209 153
65 210
40 293
28 236
136 167
48 256
37 285
281 82
153 81
248 288
117 104
26 272
82 39
103 213
270 139
29 131
67 219
180 268
121 113
236 15
206 285
55 70
61 208
229 250
77 131
102 174
237 113
282 101
150 156
43 150
17 238
88 209
92 79
289 150
182 68
150 113
291 57
54 207
125 9
36 37
210 253
68 254
24 47
142 8
248 254
68 45
82 49
249 282
148 6
129 17
182 254
267 116
39 47
254 44
44 143
229 137
49 242
114 249
151 106
21 150
92 2
224 62
88 94
198 159
168 281
245 164
246 8
50 168
263 218
17 136
130 223
64 158
34 148
48 194
233 191
298 227
265 240
72 222
203 266
238 97
204 179
256 52
179 19
133 34
10 55
213 175
65 239
70 51
295 173
140 240
223 105
94 187
260 268
163 136
133 73
151 100
153 190
58 61
128 60
17 88
198 119
179 136
281 148
227 127
288 140
290 126
176 272
126 281
265 221
76 90
96 2
131 42
240 287
154 194
53 102
55 37
179 57
200 62
62 204
127 131
155 19
270 13
227 285
198 146
44 138
23 76
173 76
0 16
10 222
1 229
53 227
158 230
203 292
119 216
177 1
285 1
40 251
114 194
276 101
140 84
226 194
196 212
223 274
191 126
216 272
176 269
255 294
94 33
184 206
198 204
235 88
55 59
86 174
165 217
16 135
246 295
288 100
40 131
195 259
74 282
38 159
51 265
298 233
123 104
128 225
291 108
66 137
217 245
254 115
225 19
160 81
243 47
138 175
210 255
136 200
161 48
186 38
15 12
93 132
184 211
29 142
26 114
221 233
118 170
82 155
233 235
8 70
116 120
5 181
299 95
27 26
24 141
146 135
191 35
179 267
101 140
177 257
8 121
137 52
248 204
244 39
208 229
261 242
77 58
252 77
86 19
282 299
121 196
151 149
75 25
173 120
38 290
228 60
19 174
35 9
125 115
282 274
201 159
148 15
133 191
234 252
146 91
258 187
221 163
66 92
232 162
290 7
84 213
202 94
273 22
270 213
262 260
267 247
82 219
20 69
64 76
138 196
55 296
79 118
225 176
278 215
97 184
117 139
74 226
275 38
187 63
20 9
92 125
133 180
269 121
295 159
64 9
36 185
120 68
256 119
87 69
195 114
33 43
33 291
79 47
32 57
55 190
107 296
15 220
162 270
114 193
222 245
30 89
253 238
269 125
220 67
25 277
77 149
32 122
185 214
138 267
246 213
37 14
84 21
120 30
173 21
247 52
263 211
199 132
93 113
22 0
6 170
249 65
249 62
3 74
292 61
129 93
126 271
215 74
277 215
192 128
290 163
241 142
80 68
61 197
241 291
229 165
129 13
31 266
91 80
199 190
270 35
5 30
247 5
146 127
123 87
276 209
211 196
261 220
51 204
38 110
46 202
159 189
220 124
101 158
176 140
165 214
20 30
24 191
245 114
170 19
45 257
242 252
175 198
199 201
43 100
35 33
131 222
157 102
263 235
50 7
277 4
13 219
191 223
230 25
241 292
167 127
86 223
52 202
72 68
75 33
58 188
16 146
25 30
186 278
9 246
163 207
137 210
256 18
227 108
98 91
253 93
67 176
285 213
82 243
58 156
239 72
190 81
71 54
243 68
158 266
5 112
185 285
18 48
92 291
148 128
62 66
96 291
244 55
171 45
29 45
218 96
221 210
94 31
208 297
130 171
156 272
298 33
177 185
223 48
101 25
54 52
212 273
75 138
11 111
14 46
210 197
204 136
218 190
281 268
253 250
66 37
18 165
230 36
261 39
272 159
39 5
12 274
217 292
241 131
289 298
76 116
73 27
266 17
12 198
256 233
282 105
173 290
277 39
30 82
18 215
213 157
146 95
230 49
142 293
6 146
114 75
57 185
19 53
198 245
7 90
114 174
205 88
19 140
101 27
245 246
185 267
245 23
100 57
63 16
257 30
251 242
136 262
87 157
8 293
156 145
110 261
121 56
33 18
275 268
121 119
248 212
239 169
159 135
231 3
296 270
179 43
203 67
186 166
18 132
273 266
15 172
40 114
185 238
190 164
271 298
80 93
105 119
114 59
128 134
74 224
163 129
7 262
276 25
66 56
188 206
265 220
266 245
122 127
178 181
73 76
292 226
180 111
297 192
275 220
284 113
264 130
109 57
282 223
211 289
187 286
241 64
167 215
137 152
203 22
187 205
137 205
271 287
157 293
131 27
48 118
102 159
27 264
70 30
224 117
172 167
252 25
197 203
279 280
299 212
136 266
224 284
209 2
127 27
116 179
123 224
2 9
21 129
26 67
26 280
262 237
219 31
123 209
10 121
65 26
62 252
218 171
13 38
196 169
160 177
264 207
257 98
113 205
66 141
264 50
30 64
91 76
188 233
80 5
63 122
7 147
180 152
136 62
23 65
155 240
299 164
106 40
127 252
268 87
52 65
178 70
116 157
207 102
207 218
278 235
283 98
153 266
148 179
10 297
141 117
91 289
234 212
133 175
106 27
128 118
22 286
43 174
24 258
199 140
215 165
2 193
56 167
212 289
124 229
73 113
167 252
272 202
217 103
145 89
212 154
116 161
50 74
231 106
250 11
243 257
210 0
276 12
232 116
287 296
21 11
51 22
172 225
0 199
29 8
78 238
56 96
81 285
291 144
183 250
218 133
125 77
89 193
199 80
31 255
91 164
90 283
175 32
229 60
270 278
17 11
164 136
293 150
55 259
120 159
132 296
77 113
274 244
298 121
117 160
203 121
2 88
78 145
236 104
177 33
154 275
45 146
186 287
208 124
140 160
143 117
27 206
282 32
16 116
10 182
88 165
30 84
7 266
160 185
117 4
110 111
132 220
144 196
276 17
257 99
249 39
154 35
134 222
82 154
147 42
61 113
283 9
80 66
45 31
148 24
229 283
97 116
77 257
169 115
128 115
227 183
43 126
6 163
278 122
201 166
64 3
152 20
195 268
256 96
151 80
45 13
162 51
196 178
93 169
201 241
157 31
24 98
21 152
86 253
193 255
271 222
96 246
282 234
246 208
246 31
294 95
30 194
110 205
13 251
283 282
191 57
99 165
97 228
1 195
123 12
200 294
150 72
197 1
271 56
280 120
217 140
293 178
42 143
112 67
32 20
99 46
113 169
97 241
0 277
206 0
168 290
226 82
201 195
6 82
15 183
52 124
283 176
114 222
65 130
112 83
130 55
202 233
139 240
177 99
56 294
77 20
237 26
247 129
21 64
207 151
44 226
56 206
151 78
110 190
131 139
238 118
5 76
68 58
76 140
62 95
29 215
56 191
239 180
281 180
238 2
255 171
133 237
284 200
208 78
201 253
57 11
246 124
81 103
101 243
119 264
294 15
84 173
186 246
101 184
210 83
219 246
4 161
50 287
67 267
169 233
86 220
248 152
197 89
278 2
167 186
158 113
17 117
47 269
246 297
3 31
272 50
190 157
211 167
2 231
289 80
60 84
162 152
224 195
76 24
228 187
12 140
19 223
91 54
204 156
37 170
192 72
217 256
201 170
248 232
126 165
293 31
7 34
167 223
267 263
258 67
244 57
5 83
18 123
245 184
216 42
255 8
252 259
10 234
32 221
201 144
155 163
201 26
160 125
255 288
154 97
242 125
155 13
30 138
250 190
74 255
291 80
2 106
152 101
264 112
122 113
247 204
46 74
94 213
62 151
22 68
41 299
107 174
159 126
268 291
85 251
56 275
136 116
281 207
78 72
254 40
66 143
196 203
114 129
199 123
229 68
32 31
147 59
188 177
29 107
165 213
150 20
47 72
50 80
138 43
7 48
148 212
219 220
171 193
99 108
98 176
23 14
141 41
208 184
140 219
118 11
185 260
91 253
44 150
279 219
152 202
142 238
134 280
99 65
66 20
104 168
105 126
156 55
179 140
189 98
276 27
234 165
166 153
228 83
267 95
152 142
48 261
57 3
223 224
76 184
42 169
265 89
151 166
32 184
293 136
166 231
95 106
114 289
196 265
211 97
255 162
228 259
24 158
163 229
237 206
229 11
130 272
24 184
123 201
180 21
20 296
111 204
161 260
53 186
280 48
251 152
169 175
207 182
287 209
4 128
217 84
18 226
60 292
263 188
68 170
229 156
203 184
58 187
118 33
84 61
288 78
124 154
194 299
16 207
33 34
274 102
27 152
268 105
193 43
206 52
268 205
98 2
266 26
232 91
195 110
264 60
97 123
151 103
94 163
121 128
123 280
161 183
245 19
19 57
186 104
137 273
256 45
160 76
127 24
291 163
66 119
132 162
133 51
158 109
239 111
216 108
41 148
201 15
250 91
292 261
200 274
288 193
150 87
154 77
241 166
180 234
76 84
77 68
287 195
284 63
21 19
14 73
125 191
291 125
132 144
109 248
282 100
168 132
202 150
72 184
155 58
240 237
197 46
19 120
218 22
242 178
151 208
208 296
85 143
149 7
103 31
122 27
4 62
241 98
2 77
35 180
64 193
271 183
67 132
28 237
44 112
78 163
56 220
225 266
230 216
278 221
173 248
44 175
13 218
277 266
234 23
206 10
175 109
157 93
181 91
24 277
210 168
168 54
45 62
160 116
29 222
69 167
215 112
272 139
59 252
207 44
220 153
168 154
222 281
177 27
121 248
261 151
245 158
121 181
86 275
192 282
246 265
90 293
239 203
252 13
281 228
179 80
222 249
165 152
130 226
186 14
289 177
169 72
178 32
115 84
283 118
183 62
204 22
7 152
65 291
42 25
249 201
254 7
273 58
35 260
172 210
119 152
252 74
160 277
22 253
185 17
43 238
262 217
259 178
33 79
81 207
237 57
251 298
295 257
66 293
226 36
203 261
121 219
233 224
233 299
293 251
147 167
22 89
220 111
254 55
260 125
171 224
278 188
259 298
52 145
180 289
122 25
133 200
202 100
169 98
171 96
0 76
62 16
1 182
220 288
95 96
191 152
159 147
75 118
40 170
78 221
241 250
210 254
4 30
294 282
216 246
9 102
213 150
91 79
91 117
264 94
221 231
36 105
210 64
40 69
158 140
63 208
164 280
113 70
91 169
280 125
79 214
244 178
287 101
94 185
144 230
0 136
259 183
288 132
69 295
236 153
113 298
253 176
279 6
90 51
265 294
26 294
259 32
52 59
268 146
179 37
62 296
110 23
121 34
258 39
30 169
146 0
31 112
128 96
279 53
101 298
29 20
230 286
90 254
4 71
230 248
38 141
268 222
5 11
102 101
27 133
265 193
30 48
214 163
192 142
222 83
74 195
13 101
58 78
72 236
253 179
284 44
130 238
289 220
254 64
154 282
138 132
158 31
53 198
185 62
21 56
193 124
269 113
288 263
140 123
119 178
109 88
228 135
190 25
277 67
85 96
268 89
251 272
237 102
144 147
72 288
49 70
92 128
159 207
213 292
9 132
242 65
238 202
280 240
93 86
111 254
15 208
67 10
228 256
211 149
260 72
26 153
49 21
38 247
2 52
21 230
167 248
238 59
24 2
20 192
245 202
18 65
106 288
216 136
171 123
112 162
84 253
277 66
214 31
155 105
175 102
251 143
1 36
3 282
58 230
245 62
155 224
269 186
171 174
83 26
249 218
270 298
69 119
65 54
298 30
253 73
39 187
270 10
90 243
78 138
173 47
108 235
206 243
100 238
144 68
130 233
279 261
221 195
116 69
8 281
200 235
6 169
137 93
54 261
155 129
237 275
252 51
269 68
219 43
241 288
118 247
94 188
27 189
185 38
228 150
22 288
231 30
154 274
159 278
285 58
282 216
297 171
298 78
226 6
166 230
86 43
127 87
264 272
292 187
165 68
182 156
147 192
142 30
286 72
76 15
39 3
159 288
137 22
74 162
51 46
142 28
77 287
124 209
28 99
2 212
247 139
175 155
60 63
56 278
270 269
85 176
121 123
204 140
134 250
142 153
292 7
1 48
198 197
44 216
126 222
275 252
12 125
213 191
8 221
181 114
209 285
37 51
85 263
265 140
257 225
294 249
203 66
31 70
165 267
159 111
1 180
167 129
118 68
35 261
215 220
282 164
252 236
37 266
155 0
176 107
201 298
66 29
126 38
155 173
186 90
61 198
272 238
37 206
190 0
117 243
165 245
23 189
263 279
26 124
214 58
116 298
195 256
30 68
57 253
289 82
103 61
226 163
171 236
221 138
55 277
148 176
191 256
273 113
297 17
108 28
54 183
284 179
215 158
5 138
51 100
45 215
297 112
172 117
54 167
191 269
0 292
267 201
146 259
25 99
48 172
167 105
245 152
260 91
226 278
136 104
21 124
107 113
29 106
60 88
283 107
198 26
161 108
241 82
122 28
3 289
259 118
71 173
283 187
217 231
9 158
50 122
192 24
71 126
298 292
264 201
210 199
132 102
297 219
129 130
187 240
260 299
293 175
121 70
154 256
287 253
34 215
179 249
152 252
15 207
43 217
111 174
148 173
23 34
14 98
260 51
234 160
257 185
206 291
202 172
139 40
175 35
131 46
264 85
85 150
37 263
68 155
249 199
278 294
6 55
201 140
30 132
162 6
244 44
271 255
213 70
181 117
8 87
205 200
13 232
274 144
243 199
285 264
106 6
222 28
238 215
286 295
283 245
285 80
120 185
85 232
293 169
180 76
122 120
194 153
7 1
105 197
212 159
58 190
294 49
119 1
249 190
73 115
2 59
246 48
44 215
202 220
208 272
171 37
161 132
60 230
13 138
122 87
187 83
254 98
175 270
139 91
237 194
162 24
267 212
234 84
54 0
295 170
128 63
15 185
87 160
289 172
286 4
298 41
287 227
277 49
18 169
193 238
261 16
14 142
223 292
280 274
160 17
63 285
220 141
232 279
224 38
291 192
136 29
55 128
296 172
155 171
217 87
281 144
110 67
233 14
13 90
240 2
90 232
166 117
32 278
12 43
219 18
244 221
151 109
24 243
170 15
121 164
156 202
88 57
288 261
5 281
294 120
189 64
205 276
211 176
31 196
118 242
257 81
14 222
129 277
127 178
229 106
142 202
119 139
119 32
6 1
46 169
32 234
93 97
266 157
71 63
66 114
82 246
116 252
183 20
157 229
160 14
70 107
263 36
35 97
242 115
7 159
227 215
73 119
14 250
166 239
261 13
291 295
265 228
56 5
83 2
9 118
90 261
254 243
12 236
91 204
17 130
161 109
247 34
167 28
280 103
145 256
208 202
189 184
194 242
60 224
18 221
125 204
153 280
191 224
51 235
278 26
148 183
12 31
175 136
244 123
150 111
49 92
42 205
255 250
136 254
96 227
163 195
141 132
268 226
24 182
62 142
122 290
170 286
33 245
214 213
4 190
0 252
45 5
67 242
294 188
41 17
233 212
126 206
251 174
293 158
86 135
238 161
223 88
165 281
115 229
17 23
70 287
147 290
174 80
214 71
282 31
201 131
288 235
292 75
260 197
299 184
15 81
207 288
240 218
150 155
199 175
97 240
77 145
30 255
290 118
149 143
69 46
77 178
169 206
67 33
105 115
11 83
90 163
109 83
88 141
55 75
172 99
196 257
145 93
62 211
63 145
280 55
171 185
41 95
212 45
146 35
63 131
14 260
48 35
202 251
165 184
189 205
274 162
262 141
104 14
63 177
253 153
0 105
189 55
48 264
121 152
60 51
46 91
138 58
224 201
274 213
21 187
118 145
23 269
266 131
175 56
184 37
0 127
121 228
286 277
34 115
84 85
278 126
77 107
133 33
40 295
56 212
71 181
291 194
68 142
236 220
254 73
119 44
58 182
120 223
48 123
140 185
167 156
187 148
122 182
208 284
19 290
208 64
216 165
245 272
14 154
56 97
38 239
299 217
49 195
48 42
173 156
165 100
229 104
225 209
116 3
188 241
270 238
1 167
175 239
296 222
144 122
265 8
54 96
56 198
84 116
292 169
18 21
275 20
147 56
79 31
70 179
216 26
35 279
52 223
118 185
5 157
104 142
27 130
91 19
160 167
248 105
77 266
100 156
15 263
111 214
185 207
130 80
70 155
229 232
4 166
230 139
135 77
174 285
279 271
173 258
208 144
225 117
77 44
40 241
271 69
160 244
223 51
107 228
144 287
203 195
82 222
4 135
11 82
169 78
68 121
286 11
53 175
50 276
245 216
248 200
91 160
211 22
260 247
72 65
165 125
184 119
24 180
102 258
151 122
245 48
106 247
43 69
173 91
240 30
39 184
148 92
286 229
131 175
193 278
47 133
250 100
144 70
47 165
37 232
117 100
3 219
14 169
233 286
133 268
130 108
196 194
55 186
24 179
215 67
184 34
217 210
9 185
135 64
158 224
191 114
32 10
221 54
270 202
74 158
9 194
104 129
65 110
175 272
166 30
227 91
13 220
151 34
47 231
214 257
36 158
135 213
152 291
179 209
117 212
89 293
2 105
71 179
281 157
220 74
229 227
169 166
251 149
99 5
14 105
276 93
245 244
242 241
185 280
168 199
216 150
252 54
92 100
145 106
45 270
299 115
163 257
32 231
2 277
138 111
33 50
228 118
189 153
65 30
262 288
267 268
188 256
194 183
182 199
55 288
147 57
129 81
69 204
263 231
87 126
222 229
84 252
210 162
117 222
137 1
107 244
159 270
260 4
227 22
5 170
19 185
168 52
71 227
164 175
255 176
29 219
144 87
27 64
256 51
245 188
239 241
239 121
296 61
269 220
298 229
155 243
49 7
85 239
100 64
113 94
273 265
287 265
66 49
58 179
190 168
294 136
91 219
153 98
216 248
133 184
52 66
262 267
223 68
226 255
28 78
45 210
47 299
47 83
37 57
4 92
4 136
155 77
160 0
9 292
257 170
6 67
63 98
25 62
26 289
86 161
36 203
292 167
99 70
35 283
179 258
216 60
116 48
24 217
190 138
119 280
29 271
166 191
34 55
255 201
77 208
142 296
10 128
291 46
63 103
277 145
162 7
29 224
143 47
294 24
92 245
255 198
243 21
200 70
191 187
133 58
195 173
266 167
286 53
87 56
62 203
100 217
174 55
219 143
228 242
147 68
87 291
53 214
154 73
117 175
140 168
238 283
159 62
197 271
29 187
65 101
256 209
97 23
108 238
161 30
71 211
51 50
46 182
196 69
90 54
290 36
280 80
285 226
250 53
7 225
164 235
208 250
19 259
264 265
153 55
96 191
236 221
145 198
4 9
133 54
195 81
84 49
4 115
62 127
289 250
82 58
209 63
185 173
221 92
256 12
233 281
103 264
279 92
174 25
144 2
137 188
260 138
114 230
213 243
70 163
252 73
199 184
154 226
116 2
64 278
143 151
261 32
219 50
265 71
202 121
28 66
105 285
48 232
215 245
3 182
135 109
173 121
206 241
171 182
169 261
273 229
260 245
94 293
241 63
210 190
72 183
151 42
271 297
62 275
81 259
196 213
95 72
165 115
89 82
251 29
98 16
88 239
141 84
4 205
12 209
146 250
176 149
282 133
60 211
11 86
113 243
175 278
134 170
70 127
151 104
266 50
135 160
93 104
41 183
253 14
37 259
5 32
273 83
138 19
43 184
32 59
209 25
179 163
279 248
243 158
34 136
293 15
4 269
93 96
125 128
137 129
112 46
210 110
185 235
160 245
157 276
202 179
41 62
288 46
46 159
244 173
269 272
29 85
51 57
280 127
44 40
118 120
280 268
209 168
143 121
283 110
142 36
111 218
138 79
192 129
92 222
175 70
136 131
85 72
62 32
269 143
279 105
108 181
240 176
45 85
89 114
226 176
32 9
12 115
206 272
37 134
124 62
259 95
239 116
169 135
189 150
60 106
60 299
82 239
101 133
277 125
19 0
232 214
21 157
69 262
225 279
176 185
194 0
290 258
124 157
28 3
205 91
45 216
121 6
30 200
54 104
218 86
97 69
234 236
76 174
147 16
174 12
194 109
48 270
290 108
106 128
267 126
100 105
286 24
174 254
8 195
127 136
83 189
150 110
176 143
177 285
204 288
156 166
2 18
135 137
160 93
209 130
61 139
89 12
123 164
248 57
117 82
141 69
291 229
205 262
257 231
3 25
203 68
152 14
154 203
224 82
143 3
164 249
267 37
183 127
222 269
264 1
159 63
83 89
40 149
18 9
158 285
1 271
228 100
85 172
70 285
176 155
284 40
176 7
63 179
272 80
295 294
277 265
109 110
190 290
252 101
171 112
225 105
299 116
7 58
92 17
268 88
82 278
140 245
204 287
68 146
172 16
129 212
247 186
123 173
197 167
234 28
13 223
90 213
31 247
107 209
130 198
197 20
102 164
14 270
138 230
223 144
124 253
272 79
179 137
31 122
81 64
65 163
86 155
241 96
126 147
159 146
282 256
255 130
128 102
93 199
223 193
188 111
122 267
104 283
224 188
199 297
221 200
144 123
188 89
175 40
88 212
23 287
102 26
80 222
176 117
24 5
0 85
4 26
222 167
44 58
95 181
40 200
298 69
286 35
199 111
280 288
96 47
43 139
14 38
100 153
212 204
166 103
21 107
169 298
154 39
196 4
241 218
41 188
56 159
176 38
121 15
20 221
143 158
172 141
280 14
268 293
256 197
238 98
153 254
268 176
148 17
19 37
150 169
243 49
22 10
83 174
76 112
87 65
278 167
216 40
17 138
286 196
200 138
138 216
3 1
184 61
232 33
7 22
223 83
263 142
5 48
283 67
251 277
108 158
186 264
66 109
177 248
165 0
152 284
121 242
172 297
27 124
272 225
170 188
8 231
61 72
185 129
117 204
198 30
8 249
36 222
21 291
14 278
111 9
211 185
70 146
54 116
293 261
100 2
91 261
140 107
249 223
30 280
40 253
79 247
269 78
61 130
30 248
288 99
2 234
186 211
99 128
80 281
51 167
42 144
210 9
40 66
98 86
196 287
117 105
234 291
97 212
41 54
80 175
224 169
222 40
244 230
188 235
69 124
152 114
277 291
7 109
169 67
198 238
35 158
30 185
44 256
187 221
95 33
270 258
234 111
30 277
265 70
292 84
113 114
253 104
48 120
237 136
259 61
7 142
184 198
232 247
21 143
93 146
65 221
53 15
198 24
203 231
51 126
8 296
67 222
22 239
248 262
4 257
286 217
96 154
266 8
94 199
71 178
4 142
134 75
179 298
246 198
234 92
149 91
161 42
68 17
294 16
181 59
215 54
80 114
129 161
224 293
252 222
144 279
10 62
200 106
46 145
155 73
89 58
56 150
239 32
144 109
254 247
176 251
271 235
127 173
254 286
50 229
147 215
204 220
16 178
170 182
15 270
272 256
255 208
131 291
160 182
72 252
70 50
120 245
93 198
122 240
187 208
254 184
175 259
27 93
234 49
13 116
208 131
299 169
152 296
282 209
48 97
43 160
116 92
25 21
15 250
246 83
121 79
272 15
37 76
54 87
215 259
189 263
248 116
57 115
139 14
98 166
83 58
256 76
111 144
40 9
268 48
42 34
131 288
117 264
241 160
203 187
274 265
39 271
73 20
25 172
125 68
95 57
143 103
117 261
232 111
190 165
252 113
208 215
209 92
36 4
89 101
62 82
7 63
226 179
253 292
26 137
217 269
237 52
270 111
176 56
212 278
59 237
175 43
281 186
167 234
198 169
298 206
203 270
220 93
199 71
43 253
235 52
66 287
180 181
224 197
292 284
64 36
202 184
191 192
181 199
221 149
47 141
204 142
258 160
106 239
299 97
138 167
67 171
169 26
275 201
136 6
192 69
12 241
162 75
293 50
227 222
224 221
24 177
210 213
125 54
291 26
21 8
146 1
69 260
124 106
210 226
70 129
66 41
262 101
99 231
194 284
272 154
180 54
134 91
22 65
132 224
36 294
260 56
79 52
55 231
42 246
52 155
83 211
148 130
279 83
7 144
231 253
119 210
91 28
53 120
62 42
216 269
251 147
292 74
275 41
105 263
298 53
204 21
243 25
198 52
252 162
54 190
121 31
158 253
11 211
251 44
147 276
130 88
280 27
72 16
164 196
203 158
288 205
27 113
12 110
12 97
236 161
125 158
163 228
79 152
164 116
48 204
188 80
86 239
52 20
205 63
6 34
117 279
147 25
137 256
133 38
133 44
210 191
84 71
97 70
287 212
233 68
107 98
158 13
3 168
141 265
31 104
158 145
285 57
181 185
276 271
41 18
171 262
222 127
102 248
33 44
8 138
148 45
156 249
173 202
239 262
248 201
71 195
238 158
228 290
235 215
47 15
20 58
124 113
32 34
42 166
150 14
41 282
85 8
154 186
224 9
269 158
78 192
12 80
11 122
282 59
192 90
272 195
207 284
147 20
2 177
190 294
68 71
162 9
12 66
176 159
75 180
167 274
146 60
21 193
68 106
266 5
51 269
213 128
36 98
212 290
131 132
196 62
1 170
238 104
103 24
44 259
69 15
57 165
105 31
216 167
297 226
209 228
101 40
195 220
284 1
241 83
72 9
207 75
14 147
117 125
13 26
215 260
257 205
8 83
246 247
262 133
190 74
106 15
149 252
292 262
78 258
237 66
65 171
83 116
256 31
82 140
96 288
45 176
216 284
240 23
12 109
6 257
70 241
14 159
159 218
191 123
60 288
42 27
70 147
170 267
92 38
282 135
61 93
8 15
266 227
31 202
44 232
168 120
277 97
58 6
18 260
270 17
206 294
101 99
223 285
25 78
181 281
101 166
148 85
208 40
175 291
122 84
30 80
230 254
245 21
80 113
158 4
191 279
73 51
55 78
140 127
202 11
24 22
119 123
207 101
236 248
206 74
21 216
273 46
64 161
254 266
34 253
158 69
177 59
265 197
250 154
150 29
40 278
21 239
114 55
42 103
161 84
248 229
119 48
148 177
181 196
28 24
221 234
100 84
294 158
161 118
36 38
273 291
268 16
283 160
200 58
259 235
95 11
45 231
148 97
223 20
232 255
65 40
49 56
219 172
49 252
272 212
50 194
11 127
165 40
72 103
28 240
249 175
299 292
47 7
261 131
100 125
267 237
241 244
94 181
165 261
147 148
291 98
111 233
90 149
167 151
147 233
252 264
132 212
229 254
21 0
80 195
153 125
129 12
162 247
170 114
143 7
108 113
121 209
63 206
236 224
92 1
221 190
153 146
130 136
87 214
223 215
153 69
71 7
219 188
134 87
38 15
211 43
89 121
218 274
9 167
251 240
51 216
20 226
176 254
95 141
199 288
278 246
202 112
297 59
28 224
20 90
186 120
77 169
17 31
142 239
295 188
60 90
38 7
84 261
235 240
207 19
44 145
164 240
154 291
99 59
66 97
23 39
45 115
41 196
238 12
178 173
38 299
10 132
245 108
131 158
88 237
195 180
207 240
40 111
160 184
88 4
192 237
181 264
132 273
9 148
203 32
87 151
290 23
5 2
123 214
32 183
174 137
4 85
194 238
273 237
47 261
67 87
113 89
241 225
4 261
24 202
134 68
281 95
19 226
172 12
207 85
221 66
126 69
128 27
63 48
294 92
167 116
198 70
181 151
101 131
226 8
137 173
30 226
173 69
37 145
37 138
70 76
285 100
12 176
22 246
85 100
84 41
37 9
135 57
272 75
258 283
140 173
104 30
61 289
108 127
184 282
203 85
292 42
123 196
225 296
269 46
180 211
64 152
299 113
159 18
176 239
242 200
97 155
36 211
120 51
260 37
194 72
26 112
296 248
100 87
123 216
108 25
9 247
100 83
3 159
280 38
284 136
223 0
263 197
184 35
38 4
257 102
29 73
8 5
196 34
142 91
111 72
282 63
262 271
11 189
73 286
241 17
225 46
78 198
236 292
65 49
66 231
159 13
233 80
72 200
109 45
208 186
283 109
65 232
291 103
155 284
267 98
184 237
173 15
21 265
27 102
141 191
219 125
255 194
47 74
63 141
174 177
225 60
258 51
155 236
98 139
30 133
211 271
284 176
161 287
112 8
85 152
252 251
262 17
193 23
53 83
97 129
30 236
59 4
239 84
110 253
133 111
53 75
231 115
33 184
268 272
20 273
222 88
53 34
76 167
194 47
168 102
195 286
9 288
27 220
92 104
50 250
23 151
181 51
172 2
245 167
246 21
138 158
219 227
137 98
167 100
5 141
195 161
299 170
129 76
36 52
268 58
73 201
193 88
49 90
67 44
12 100
61 121
155 267
133 118
114 260
264 225
141 127
164 119
258 93
225 57
16 275
270 125
1 144
272 293
2 91
91 104
23 174
75 2
195 204
153 63
30 159
79 101
79 189
178 12
261 226
150 51
261 198
41 109
222 248
113 147
238 225
274 125
265 105
246 126
4 84
74 145
105 86
250 209
56 29
186 213
293 96
260 108
140 32
214 11
48 76
116 112
216 255
137 266
97 194
156 25
156 169
133 43
56 203
150 86
205 193
93 135
296 96
258 260
56 67
60 256
225 119
8 275
230 20
90 136
73 100
250 184
60 177
61 200
80 75
162 8
288 26
245 84
206 139
297 207
8 134
70 221
176 169
8 145
12 79
172 212
287 128
193 116
124 164
103 282
95 0
284 50
199 284
88 92
159 51
244 277
284 76
147 4
9 261
41 50
156 29
155 71
21 266
268 190
294 224
247 201
71 262
147 218
260 294
180 62
149 158
20 225
169 109
146 283
124 155
259 141
114 282
127 204
280 217
212 261
0 196
242 90
10 82
54 148
80 201
214 201
35 167
45 275
217 13
185 70
119 27
252 229
178 290
275 205
252 211
235 193
203 53
247 133
275 292
92 195
4 173
7 69
121 234
61 102
15 154
286 145
125 235
154 89
45 172
293 145
148 182
261 280
60 68
65 263
160 129
281 99
256 298
246 228
32 58
27 57
17 64
93 180
268 127
52 194
279 129
58 238
238 19
234 166
2 134
163 239
26 103
243 189
131 230
222 274
95 258
195 27
80 25
169 223
130 57
118 92
184 51
274 206
261 37
283 47
22 58
15 209
185 298
195 151
21 51
252 227
293 5
137 198
58 246
8 258
186 282
99 7
298 284
286 259
145 188
292 205
54 138
79 81
148 268
240 103
139 8
159 257
217 259
292 62
45 44
67 36
277 110
48 14
71 109
161 131
50 53
215 72
245 189
60 7
218 4
268 22
45 185
208 239
69 267
260 217
29 97
81 275
158 70
210 266
65 279
186 35
67 14
11 126
55 39
156 241
121 74
81 107
159 183
279 64
19 291
43 224
242 224
182 38
147 120
52 7
245 110
96 66
220 287
119 28
77 128
45 277
165 225
223 288
253 119
206 297
243 226
87 229
