300 9400
123 119
193 56
42 156
298 238
270 79
180 278
155 266
24 57
34 35
202 85
118 147
120 79
99 238
211 51
237 50
217 185
113 216
59 261
235 138
101 123
195 294
143 202
237 272
63 116
274 112
149 167
181 46
15 86
212 182
67 42
181 114
14 151
124 130
158 254
41 49
3 189
113 158
77 258
47 124
5 190
70 213
54 85
152 284
145 178
121 252
56 24
259 122
124 9
131 97
205 19
58 2
226 281
257 150
199 140
137 282
180 193
126 24
291 47
220 266
22 162
237 58
162 96
65 106
225 224
215 22
73 299
7 253
180 277
230 105
198 194
250 79
84 104
136 169
232 77
195 207
4 195
50 134
65 89
165 246
287 283
9 136
152 266
51 209
202 211
217 16
104 209
230 33
215 153
229 9
81 168
182 4
231 295
258 101
291 98
253 182
26 57
272 80
253 3
29 93
178 228
298 148
194 298
32 114
99 110
53 109
233 24
247 111
0 61
217 89
72 281
48 153
294 78
288 27
84 62
125 193
299 0
96 3
223 214
19 239
15 95
207 258
298 169
58 175
228 295
243 285
160 82
280 109
67 197
15 255
155 246
109 203
154 45
171 127
129 36
11 44
169 274
27 10
72 228
156 118
26 117
236 262
184 169
156 34
100 51
23 98
147 60
242 83
171 104
226 272
296 288
138 279
28 31
222 167
134 298
139 160
169 18
93 112
25 11
189 14
128 256
152 38
291 5
232 228
101 194
69 20
156 209
35 97
211 116
218 74
125 164
129 118
7 263
75 186
146 82
194 289
14 135
253 259
48 278
89 189
179 264
265 91
41 111
68 238
187 257
139 18
153 107
78 234
76 56
6 69
122 214
85 263
206 157
82 225
101 228
228 283
38 157
174 45
129 22
189 120
204 262
126 236
20 111
294 109
240 70
118 286
199 275
48 228
129 242
127 89
2 213
126 161
198 14
95 209
20 237
275 72
207 182
296 152
122 170
178 279
2 136
183 291
271 229
192 159
254 47
91 267
108 168
84 28
290 167
225 183
252 8
176 275
215 30
236 14
278 68
141 146
144 31
182 167
21 257
281 142
0 38
37 6
219 269
242 37
137 20
298 89
24 40
140 283
99 279
31 282
81 191
228 146
174 271
124 77
26 229
184 182
238 200
269 165
121 162
1 87
143 104
261 83
104 156
293 144
280 183
101 257
213 265
190 149
297 101
140 38
125 100
172 180
197 167
56 270
146 129
105 167
233 29
21 295
28 192
51 102
149 138
234 42
167 114
289 93
27 237
11 75
205 9
81 119
140 33
297 67
282 236
269 7
288 174
75 242
33 145
134 174
66 68
189 123
155 298
21 77
36 223
183 235
232 196
41 194
224 178
251 59
253 32
24 146
167 110
99 100
192 171
21 22
50 109
201 175
182 171
19 44
66 8
14 251
80 186
189 195
267 184
6 140
6 139
113 34
287 195
83 33
210 53
107 53
56 178
148 67
83 117
93 245
292 157
146 235
0 156
248 140
228 121
226 45
2 232
143 282
215 11
233 8
218 269
227 113
216 45
138 287
87 188
189 110
222 32
40 296
198 277
18 17
179 35
279 284
48 280
61 236
239 208
157 216
124 72
24 12
266 219
278 129
120 88
122 26
106 92
294 28
257 173
59 91
147 84
136 193
108 272
295 46
6 156
278 157
195 238
248 267
220 155
35 292
94 108
54 66
115 220
240 45
103 170
285 84
150 34
93 129
171 29
253 251
197 41
260 242
242 289
22 216
288 211
188 131
28 133
269 188
7 207
237 28
142 199
71 271
297 89
3 44
264 48
68 23
274 251
265 244
210 179
237 79
214 184
153 36
143 203
278 290
259 292
32 13
199 231
229 15
262 276
69 198
137 164
272 288
251 97
229 90
62 240
162 195
93 236
156 181
33 209
266 59
212 238
277 145
28 155
270 100
217 257
236 56
279 149
134 284
274 205
158 269
33 100
173 49
286 278
123 92
292 168
264 172
31 272
236 35
226 235
226 178
231 150
223 277
101 278
132 139
51 14
274 250
259 22
105 79
264 104
196 218
239 47
156 96
293 30
92 285
26 260
129 250
266 213
107 21
108 119
187 15
293 122
219 295
202 70
55 274
213 118
150 229
273 67
253 35
108 70
257 73
290 285
69 43
246 291
245 45
199 133
96 91
235 207
198 135
219 158
239 110
51 139
284 126
114 297
2 131
291 86
272 234
141 184
56 95
106 85
130 22
269 77
192 258
164 275
162 290
252 271
226 290
174 129
86 185
93 32
45 62
47 230
297 165
298 266
135 160
273 65
96 48
187 79
228 12
246 243
216 201
34 132
63 44
256 133
252 217
242 61
103 210
128 170
105 160
90 227
161 218
47 231
12 121
219 141
45 112
73 2
142 241
267 133
37 11
77 164
273 259
191 249
97 52
152 138
52 96
76 136
80 21
128 214
12 74
126 163
38 176
177 283
179 74
104 112
238 86
46 82
21 10
164 36
228 189
139 36
39 20
98 205
143 274
48 158
108 199
181 254
78 125
226 106
157 159
175 191
51 7
267 227
60 42
46 99
182 294
235 130
75 37
90 280
74 44
91 17
17 28
164 83
133 127
268 56
266 283
127 276
236 233
51 71
10 246
149 63
5 218
285 27
224 153
134 211
144 171
144 68
245 72
118 28
161 93
115 209
221 259
273 232
44 262
217 198
124 126
163 56
197 173
15 247
183 128
15 25
108 276
72 265
106 179
231 276
205 206
143 157
180 297
12 289
208 54
11 274
180 261
25 197
242 93
167 131
27 190
110 15
193 54
102 199
229 121
294 30
237 137
291 56
244 234
79 280
198 273
83 115
110 119
219 286
238 223
100 238
151 205
9 194
96 239
170 69
24 38
194 2
162 90
5 186
36 210
233 250
278 183
219 297
245 120
95 248
20 72
175 44
241 277
143 173
200 209
280 151
261 256
219 258
147 227
25 222
205 162
134 283
76 190
91 164
216 227
98 48
181 101
39 177
105 220
98 85
175 36
213 9
173 8
106 20
76 278
138 270
206 264
264 117
234 49
62 173
136 159
100 224
174 141
219 241
217 92
6 192
183 63
8 98
198 160
157 94
38 91
217 249
105 216
169 104
166 16
147 296
37 40
244 206
150 19
136 129
147 124
98 262
64 199
137 185
17 199
16 117
17 13
88 62
240 26
234 202
87 268
249 65
229 122
63 45
185 215
109 28
233 197
189 222
106 93
118 94
98 94
118 262
249 215
292 29
178 38
160 219
89 293
256 184
92 125
293 284
31 150
44 187
190 95
61 148
26 165
255 185
236 50
131 157
260 8
162 174
116 139
60 166
175 189
78 76
165 284
136 107
20 271
91 199
125 56
115 79
247 195
98 242
134 228
70 156
111 259
187 297
157 11
22 59
29 237
147 7
192 22
143 268
288 235
214 29
94 51
28 196
137 220
274 265
240 289
261 236
181 294
261 157
251 106
157 32
84 110
171 89
121 208
102 79
242 108
143 7
298 145
54 198
175 67
121 144
288 60
244 9
169 187
1 82
141 243
34 145
67 230
39 76
192 51
202 292
249 91
264 17
56 235
113 23
88 287
133 153
118 1
113 173
39 73
215 191
75 141
233 45
107 114
176 285
19 14
181 59
264 166
96 84
273 258
185 252
64 283
283 148
5 286
46 59
20 204
199 240
227 92
216 169
40 150
192 297
2 82
133 173
65 292
75 26
105 172
210 215
137 76
57 166
128 205
183 147
248 88
274 30
182 10
19 32
107 128
52 152
217 45
6 166
94 80
51 176
184 42
276 165
86 167
265 92
230 121
153 102
105 14
9 290
182 110
98 33
80 96
50 144
207 39
21 148
104 178
298 214
282 47
52 217
165 274
70 144
113 21
213 156
99 236
147 53
166 63
145 131
225 80
124 110
299 109
88 42
125 49
224 216
254 250
175 131
51 38
275 208
221 286
166 246
32 296
254 219
56 158
188 66
127 219
52 209
89 93
206 168
262 116
96 164
266 229
250 86
6 71
70 220
269 271
58 262
97 17
279 116
7 194
43 51
30 61
5 92
22 250
161 105
284 129
258 86
259 39
192 284
31 29
283 85
140 266
164 273
85 148
246 43
137 289
219 234
83 30
175 196
218 91
147 87
89 42
213 281
190 244
92 52
122 275
279 57
165 197
13 18
138 48
20 217
251 185
205 157
78 107
186 291
28 66
112 21
110 14
242 186
265 152
221 230
118 84
160 207
287 270
279 7
234 154
212 139
99 275
224 205
153 124
137 213
292 66
143 297
177 271
15 6
167 203
128 220
63 111
162 294
123 197
173 162
293 164
4 32
276 115
261 290
265 157
282 166
4 220
105 6
112 229
6 86
207 273
115 160
47 40
74 56
172 112
82 122
265 10
245 183
12 112
275 124
44 110
179 276
287 207
8 29
268 167
145 64
26 115
246 128
38 180
38 245
151 188
291 121
177 188
155 30
16 64
7 54
60 43
144 270
205 197
189 1
105 84
298 82
146 249
251 57
144 76
297 99
143 32
185 10
135 202
250 159
188 109
15 0
85 49
182 73
165 0
256 97
35 93
172 251
68 78
98 261
250 21
136 176
189 21
153 89
124 158
120 283
241 267
60 140
279 85
26 282
230 117
207 247
120 38
101 13
107 3
221 177
28 255
114 266
286 6
106 30
98 40
149 137
85 41
216 14
135 124
35 51
282 15
276 162
240 138
239 225
32 53
246 205
197 276
40 86
166 17
252 237
162 36
87 104
214 282
180 128
76 168
43 239
144 58
221 293
267 251
217 75
284 96
125 30
258 271
24 250
57 143
29 155
175 15
208 157
154 202
88 231
51 99
90 165
78 124
245 270
214 269
79 52
136 154
159 259
114 73
179 262
142 251
256 283
98 55
73 83
188 120
106 271
26 51
105 51
265 97
264 59
235 251
275 8
256 79
282 92
131 280
154 164
149 208
257 107
199 258
290 39
2 142
144 239
156 176
126 90
0 90
299 23
99 298
192 224
180 49
116 140
136 124
231 66
63 93
264 150
97 21
178 92
164 246
220 148
136 267
6 4
3 279
14 222
6 213
71 269
161 197
151 78
111 290
274 276
68 72
123 154
59 249
95 185
124 49
278 41
156 146
211 147
128 178
193 28
111 98
103 287
144 225
191 3
22 94
165 8
148 25
249 26
188 212
291 221
12 69
228 8
273 38
8 4
285 271
140 55
32 125
148 16
120 172
272 87
246 69
215 257
270 74
85 235
6 228
191 298
246 178
67 33
148 277
189 169
180 131
201 27
172 59
36 255
121 209
123 168
113 199
224 167
38 62
297 147
246 208
60 152
22 7
11 255
127 188
178 292
157 210
98 7
89 61
3 232
293 169
275 119
259 262
184 130
3 40
292 253
176 276
274 17
226 257
142 81
169 223
286 2
92 82
131 163
167 265
81 269
85 242
165 293
70 294
100 173
153 288
115 24
88 220
299 132
271 153
223 263
216 263
197 258
83 29
141 246
147 199
193 11
80 256
293 95
260 180
170 38
114 74
117 13
233 4
262 188
13 109
82 85
194 272
116 245
5 227
208 90
261 224
142 153
260 176
2 70
195 225
88 73
257 194
109 43
128 62
64 288
150 154
291 4
268 86
129 194
201 235
287 184
268 288
59 214
8 177
23 26
157 214
126 95
292 8
248 72
273 105
272 156
121 140
151 51
80 207
17 23
43 262
37 277
246 286
246 261
52 227
36 39
294 290
134 119
209 277
140 117
142 141
176 12
290 10
35 79
164 248
5 39
179 291
229 135
57 246
10 187
80 105
62 291
247 97
206 131
202 0
153 100
236 264
81 249
144 286
114 155
124 237
142 92
67 233
219 84
127 121
149 93
127 46
12 240
230 69
29 298
170 169
103 237
263 284
75 158
187 201
144 166
261 186
136 259
279 234
86 63
129 95
145 20
258 149
123 29
277 40
180 213
15 276
71 135
108 63
100 231
33 148
49 3
59 242
61 108
98 112
6 211
238 250
264 186
175 146
261 93
154 58
283 240
269 55
221 30
297 86
29 141
152 287
141 46
164 156
141 153
53 151
190 128
55 52
102 274
64 125
207 238
140 237
64 193
290 62
254 277
33 196
279 253
230 8
151 272
40 137
173 117
149 33
102 68
204 247
32 35
10 188
162 190
164 144
28 83
135 75
103 204
35 193
23 160
219 77
249 213
289 41
128 216
7 73
230 35
96 115
220 42
183 250
264 199
169 29
262 294
290 69
257 169
223 181
100 19
48 207
250 227
3 51
181 250
150 213
109 1
238 39
2 57
74 17
264 90
116 183
206 213
65 230
259 185
151 112
114 192
54 160
221 40
106 38
21 252
235 271
163 123
266 40
80 249
156 14
16 11
50 295
28 100
205 48
128 25
228 162
39 214
144 45
287 80
180 202
231 283
10 192
146 246
203 233
184 0
276 209
272 138
155 136
227 138
221 154
294 211
158 176
191 200
227 79
4 5
257 151
2 36
162 130
83 99
204 192
19 70
15 191
132 297
261 72
261 202
127 217
199 290
55 221
289 121
299 16
217 292
3 26
269 164
239 220
122 210
36 155
1 270
176 202
211 194
182 262
77 0
11 7
50 164
46 48
196 113
218 259
208 184
34 127
11 36
101 134
220 275
89 264
270 13
259 163
96 37
178 217
113 110
218 83
151 119
196 107
121 263
99 207
209 38
88 244
208 9
169 88
39 24
93 120
142 248
132 215
162 143
86 109
239 172
254 247
17 143
70 161
146 126
16 181
298 248
93 153
178 93
264 168
56 229
103 165
221 14
59 217
211 11
38 214
62 263
1 75
70 126
199 109
64 228
8 270
81 155
263 172
40 184
184 277
260 97
41 172
232 284
59 121
144 201
180 3
93 192
23 168
48 193
99 84
260 232
37 207
66 50
62 163
220 149
259 87
55 13
60 223
251 110
253 81
165 19
140 156
153 31
51 56
104 124
254 4
91 104
246 271
4 10
262 205
121 143
163 155
135 106
30 52
139 40
21 169
197 104
86 20
215 193
118 4
193 8
263 4
210 150
287 154
68 280
163 149
218 95
191 228
59 2
151 267
67 107
116 66
20 40
187 182
95 251
34 148
95 83
154 106
127 75
139 41
30 146
19 113
126 145
27 74
189 273
20 196
24 131
177 211
10 26
162 133
162 274
193 61
4 132
61 150
240 218
160 116
50 28
75 243
48 266
218 12
267 265
167 134
72 189
285 15
111 170
126 149
80 277
299 101
54 57
5 32
203 242
83 255
66 197
51 109
75 143
193 39
13 107
39 173
270 40
53 141
275 10
83 231
185 117
247 234
42 195
226 201
45 178
176 108
34 282
3 14
18 105
271 237
34 71
137 179
31 233
134 296
86 149
194 103
51 262
295 30
73 196
77 216
293 298
147 223
150 108
79 111
233 35
172 73
143 234
230 119
112 292
129 112
141 85
279 169
175 253
47 136
147 242
253 114
224 74
176 64
190 270
18 176
261 38
250 63
109 62
198 86
145 216
68 148
135 298
39 217
14 64
34 220
263 230
22 65
29 183
142 151
100 283
24 266
109 228
107 1
256 182
198 77
278 141
18 100
217 172
293 91
4 43
192 156
94 34
292 103
63 26
68 294
52 1
5 77
102 135
13 282
193 132
205 135
197 272
192 139
27 289
171 277
193 94
256 207
54 22
52 87
161 146
16 150
249 75
281 160
35 201
120 165
215 295
46 19
194 50
95 27
114 45
75 194
91 97
280 52
41 14
279 195
257 94
200 194
116 40
189 226
241 222
226 246
172 30
49 277
197 55
219 133
257 90
276 31
172 61
123 196
227 19
273 6
144 124
258 234
0 199
251 202
203 224
31 39
19 98
247 94
152 35
52 205
45 95
151 31
10 276
65 47
26 24
140 228
133 100
200 189
86 164
7 125
59 101
76 102
1 10
21 182
251 294
8 226
57 16
269 72
277 60
165 140
108 48
207 255
86 169
0 93
47 64
126 232
239 16
57 81
16 35
263 25
168 104
86 170
290 292
85 33
231 22
186 197
69 122
31 222
37 156
152 147
111 272
16 10
112 187
248 103
106 101
254 51
226 16
38 94
177 199
33 91
152 234
63 76
184 114
64 179
190 10
97 297
187 244
64 201
247 290
25 180
87 246
26 11
88 207
264 46
192 272
53 76
91 144
165 141
27 55
50 39
241 251
70 42
19 42
106 191
38 66
21 34
230 61
188 210
264 107
0 113
59 257
287 98
126 30
134 241
241 47
151 122
152 277
186 98
84 183
47 163
52 22
298 80
140 202
105 64
252 55
59 134
233 66
74 30
240 6
196 12
107 294
140 82
99 163
132 220
37 220
105 91
61 217
138 7
124 70
41 274
193 147
187 211
102 32
65 189
167 221
90 7
210 75
123 136
269 51
176 147
72 27
199 98
107 187
83 106
104 246
17 250
96 183
185 115
164 142
73 93
41 215
2 84
87 298
80 2
265 3
162 56
181 44
220 117
164 39
184 45
34 44
258 154
10 70
295 5
105 248
239 5
130 214
49 23
69 208
255 34
217 296
106 37
118 215
129 49
169 163
18 152
12 79
149 6
91 170
291 299
169 142
297 278
33 154
98 36
2 247
112 80
90 150
75 295
111 140
21 258
60 260
80 236
209 101
77 243
93 11
100 192
235 281
40 63
276 266
163 268
252 59
257 224
31 183
242 266
240 232
162 55
65 160
129 30
15 164
52 180
166 94
66 225
36 67
165 179
67 225
165 279
93 61
56 88
15 228
184 30
142 99
222 185
8 85
7 89
70 101
140 104
17 44
184 38
43 22
146 236
292 46
272 123
167 255
190 262
141 193
85 290
241 147
256 285
65 297
25 98
70 93
282 146
1 288
122 31
119 51
123 3
284 30
272 3
33 233
42 149
148 55
48 54
166 263
66 47
31 23
172 249
132 99
265 127
97 290
217 156
37 293
271 55
167 183
271 152
180 266
44 217
35 101
95 254
33 13
215 207
218 167
290 29
170 61
141 203
122 53
40 135
263 201
286 292
26 166
281 31
101 119
36 218
4 190
256 75
12 71
151 182
174 273
248 168
190 50
157 133
36 59
143 77
45 70
72 164
197 180
149 156
244 138
135 218
122 161
92 294
100 265
78 129
47 22
95 39
189 282
182 258
250 14
56 225
259 100
204 183
37 144
24 174
114 142
104 78
103 23
222 146
265 65
187 194
94 28
223 35
271 59
263 260
183 140
225 71
130 75
131 257
74 138
130 72
5 281
215 136
260 292
26 171
88 23
190 135
54 267
29 240
217 84
239 0
285 275
100 13
3 68
234 277
264 147
297 280
220 293
215 184
203 56
227 57
60 66
257 83
24 51
221 101
52 40
192 290
208 109
187 62
120 54
54 142
98 200
42 277
192 242
140 250
134 237
205 121
113 90
158 49
208 221
192 154
286 107
102 171
242 20
6 107
224 11
187 212
208 117
264 88
67 143
60 216
222 274
67 240
13 125
283 133
55 155
213 297
269 48
195 70
198 258
169 247
248 81
80 9
176 255
240 250
297 282
256 199
3 19
237 166
100 242
274 28
226 215
84 9
24 245
4 7
34 174
82 215
71 295
9 182
286 124
192 20
68 128
13 135
94 63
260 223
187 88
103 157
90 202
173 250
14 93
58 81
122 246
85 207
165 60
217 215
73 100
26 30
181 271
213 161
223 117
15 206
247 240
74 39
156 224
44 69
174 82
167 42
92 12
16 133
290 185
57 66
95 16
218 232
141 117
175 284
90 232
93 6
83 118
70 247
53 30
20 248
37 121
8 151
172 110
171 274
15 177
226 275
24 129
45 163
47 138
214 20
160 177
144 157
237 165
129 29
23 131
113 218
134 236
160 295
88 265
101 97
175 63
133 227
193 7
122 267
110 277
232 18
247 86
276 155
41 50
98 3
246 41
110 37
144 30
178 287
216 146
86 43
160 76
261 164
280 155
144 48
60 27
101 125
266 178
291 61
291 105
20 118
33 133
213 125
221 220
156 123
243 125
289 19
182 249
172 5
222 271
251 52
187 207
294 125
104 130
85 81
73 135
203 181
198 44
97 292
24 271
211 226
94 298
281 150
11 201
250 247
45 167
65 251
35 194
174 180
99 195
214 160
42 279
272 235
213 182
134 55
33 286
80 115
162 47
9 258
20 59
296 244
30 25
102 184
189 135
23 190
286 49
127 185
171 230
60 158
206 136
45 202
184 58
160 44
101 90
22 295
85 234
68 80
113 248
263 38
112 283
261 79
74 210
295 287
21 30
1 127
198 209
85 209
298 21
145 279
218 166
14 107
298 158
169 239
299 51
124 80
85 103
189 106
193 169
226 82
294 250
140 155
161 155
255 233
75 289
160 47
224 185
177 77
185 32
269 175
198 35
56 138
241 76
230 157
116 231
47 51
196 241
45 291
53 75
126 112
263 110
98 270
173 47
262 132
94 122
127 255
245 175
180 103
173 93
127 149
50 273
195 154
260 44
5 244
132 42
273 161
245 170
124 265
79 232
282 128
154 254
189 201
236 120
160 98
31 193
220 142
125 176
261 121
158 33
263 180
201 25
202 218
190 137
217 189
52 279
221 194
282 213
63 15
194 202
262 38
109 24
248 198
122 89
109 133
141 41
299 119
201 104
16 210
271 150
108 255
269 272
91 108
290 68
273 185
15 2
80 43
214 229
260 113
161 204
93 126
250 299
115 128
215 38
258 156
184 244
35 131
199 28
2 221
133 279
244 116
161 195
183 18
286 37
58 251
75 227
239 213
193 5
13 172
224 166
257 192
252 284
34 45
168 281
133 106
83 208
55 91
205 248
82 44
140 189
90 22
140 157
287 32
243 206
151 150
57 296
238 193
144 251
273 154
253 8
231 192
197 103
36 60
246 94
283 163
12 129
158 149
104 119
156 227
71 242
156 7
250 43
235 165
72 262
114 179
173 182
135 259
171 46
268 117
237 196
295 267
59 192
109 245
184 33
7 65
180 102
154 134
54 260
137 283
189 291
57 205
84 30
114 275
113 102
144 285
33 115
198 67
283 160
136 106
212 253
52 282
127 109
43 28
52 153
225 23
104 165
170 227
24 293
207 11
285 276
47 101
262 196
258 76
86 141
243 229
189 171
294 222
290 100
0 67
178 192
125 14
66 221
227 205
286 247
232 195
212 291
104 61
165 283
67 201
147 220
71 233
96 227
126 85
197 140
206 182
272 239
114 188
33 80
163 112
48 274
92 183
219 170
63 2
54 67
127 32
265 17
204 191
159 296
11 165
288 187
295 184
268 147
284 197
66 165
6 126
63 75
231 205
224 246
273 43
115 42
283 69
3 277
38 299
264 239
282 239
266 292
247 235
174 246
101 150
230 142
108 280
51 244
29 94
115 88
54 293
289 101
69 275
127 253
233 158
149 1
192 212
75 124
282 85
262 135
135 166
154 53
6 88
141 190
190 175
170 44
18 286
123 239
38 207
218 152
142 247
242 254
234 276
41 45
141 9
89 150
101 18
295 61
179 146
260 231
289 40
4 81
154 77
74 240
230 206
216 217
68 285
9 106
97 167
136 89
142 278
147 67
102 129
120 203
237 132
180 84
233 150
237 211
192 198
8 274
42 20
24 112
57 247
72 200
135 215
285 204
6 294
290 144
154 31
102 177
19 295
270 93
250 12
3 224
6 10
72 244
227 293
272 35
99 266
41 63
261 222
51 261
47 33
3 260
238 254
127 168
101 223
96 203
89 84
238 116
28 181
174 110
27 214
22 164
94 169
191 37
44 172
184 61
163 103
127 178
271 30
224 290
243 156
209 69
163 107
128 261
80 8
11 34
219 37
165 53
165 224
256 210
183 0
18 14
6 89
191 86
200 173
190 199
238 92
256 74
222 267
3 216
250 264
229 38
229 43
11 174
284 250
136 78
34 217
175 136
95 53
242 162
178 20
290 166
77 262
217 96
53 138
10 199
56 41
295 72
40 299
226 11
76 89
225 214
7 32
152 202
150 158
122 279
242 55
46 3
243 221
77 182
16 261
195 171
162 221
228 112
62 58
44 100
250 29
277 239
160 73
259 272
142 191
32 89
69 60
12 166
196 23
160 49
299 193
14 23
33 157
16 273
44 193
52 284
250 207
102 71
116 105
105 164
35 138
279 288
84 25
97 218
233 296
184 39
190 140
242 239
257 221
273 25
288 20
260 41
154 48
185 293
223 185
128 228
156 66
167 70
187 95
75 48
269 268
231 218
276 138
295 103
45 96
178 181
130 225
188 13
101 120
195 190
225 276
262 128
37 35
118 284
110 104
136 287
197 115
216 72
277 161
124 82
165 62
236 287
76 65
106 109
82 271
195 147
285 51
242 12
297 80
179 194
123 194
104 77
288 22
284 16
107 19
135 211
52 107
23 220
22 200
295 130
4 293
155 189
138 265
152 144
175 95
276 54
172 185
81 49
141 148
141 33
154 142
247 21
51 281
231 15
271 14
114 55
290 271
36 28
171 174
278 165
228 193
34 284
111 249
198 207
196 102
80 100
16 32
18 117
20 267
112 73
186 183
47 122
237 153
191 167
138 200
74 31
285 162
231 29
19 181
179 17
130 175
87 172
40 88
22 150
33 176
186 231
295 262
185 204
38 76
131 109
45 220
164 60
150 115
204 58
146 225
21 191
18 248
286 69
289 189
97 183
294 208
177 59
209 247
76 266
79 278
144 176
140 78
131 184
114 290
31 19
239 161
126 247
42 211
266 93
178 245
210 44
6 100
151 134
98 47
120 129
209 89
217 297
27 251
41 192
208 179
296 264
39 155
255 283
224 144
10 18
156 36
141 16
8 201
285 65
269 39
218 1
126 167
88 138
172 240
254 283
76 146
189 108
133 238
13 177
299 237
38 288
51 161
61 102
94 272
2 16
296 160
85 178
255 250
161 261
298 175
208 103
225 43
250 84
51 257
178 129
97 14
63 16
62 31
203 158
81 111
221 174
35 4
79 253
110 268
82 43
260 287
37 124
102 189
190 217
256 36
211 97
285 30
192 269
1 146
46 117
20 235
236 208
38 161
135 144
16 99
163 194
155 123
211 74
233 94
270 141
271 160
151 47
289 63
200 167
281 110
198 243
199 62
128 8
248 47
36 81
87 50
36 222
287 3
40 76
259 284
62 186
122 15
80 50
296 195
134 85
178 291
172 299
219 78
90 230
128 109
46 270
43 118
88 12
169 244
258 264
157 229
48 58
285 70
25 196
282 195
238 172
63 120
213 129
182 56
287 196
86 143
87 247
260 167
167 171
10 233
53 136
0 166
66 261
141 48
132 32
52 221
159 80
187 284
204 242
11 67
89 257
286 31
148 110
247 294
105 123
209 116
198 140
241 176
275 158
132 83
270 194
188 272
176 278
56 239
196 294
124 274
204 45
9 56
6 170
249 296
250 56
45 264
114 59
51 114
281 79
2 291
277 6
131 141
147 194
208 13
52 289
58 106
204 261
256 273
151 190
279 205
52 20
275 98
182 62
3 283
146 277
38 128
8 11
123 31
83 188
177 128
15 245
159 137
232 42
53 187
118 236
235 32
117 259
281 9
172 122
142 52
41 170
154 227
288 295
168 145
72 293
122 25
71 281
228 35
171 247
266 236
64 279
144 117
108 154
72 263
65 119
193 281
10 240
130 136
25 172
199 59
114 52
242 278
156 80
218 286
290 46
273 141
112 242
245 190
82 36
13 129
86 80
69 41
18 140
268 197
193 26
48 284
0 263
235 296
64 104
107 268
237 122
65 222
155 9
45 84
26 214
280 292
72 104
209 230
227 214
67 266
34 8
180 256
44 265
234 213
1 231
154 0
136 23
128 70
186 239
239 283
157 198
221 231
295 238
114 203
116 49
102 140
251 234
48 226
17 196
271 207
257 228
291 233
120 124
143 135
290 241
28 54
171 156
287 158
149 207
74 117
122 87
189 28
196 193
28 15
238 183
251 34
225 83
65 183
44 156
194 124
177 135
194 265
290 201
214 63
230 133
203 75
31 134
160 148
62 42
272 107
151 154
175 37
97 173
191 178
292 10
296 196
280 123
114 54
139 285
94 262
150 130
67 129
149 276
125 248
59 69
217 230
217 139
244 166
46 103
120 162
237 195
108 244
93 117
69 29
232 229
256 190
94 215
58 54
167 192
234 74
224 236
228 160
170 263
61 212
234 199
272 190
126 96
236 154
130 100
0 241
8 23
243 34
15 4
48 145
83 198
290 266
257 8
208 87
96 172
30 244
249 278
58 246
68 186
108 137
79 145
298 259
163 289
186 109
184 100
40 156
188 240
180 46
287 109
151 187
116 112
124 157
215 242
49 48
73 228
11 233
153 280
83 6
30 13
159 187
273 179
292 16
81 234
47 188
9 186
110 58
96 40
148 297
102 228
251 25
81 177
25 178
162 193
16 231
57 93
158 228
141 18
182 201
283 244
169 0
200 274
279 125
28 191
98 164
263 145
43 235
37 64
47 196
279 292
291 279
53 143
94 159
104 219
172 131
128 105
264 243
179 233
283 109
80 255
181 31
130 73
66 72
121 41
283 189
133 27
39 46
86 243
210 60
107 5
234 65
57 289
29 41
251 101
41 51
250 245
299 56
299 153
40 121
209 96
210 95
149 205
193 82
122 88
181 92
186 70
262 286
130 109
100 277
261 297
82 258
245 113
239 253
299 25
77 230
92 40
285 179
69 125
76 19
34 194
261 123
51 259
20 287
285 39
282 291
239 274
234 210
11 266
18 131
69 36
98 218
59 136
251 74
62 282
132 140
263 179
148 147
153 174
195 66
253 283
231 167
135 258
228 60
32 257
218 187
39 209
31 132
127 144
96 265
261 262
82 255
268 233
93 200
45 14
169 154
261 28
189 117
259 67
251 109
203 115
5 264
253 5
175 264
16 260
250 131
159 66
245 197
39 289
264 112
67 228
114 262
128 6
244 261
154 64
20 261
222 277
31 0
73 5
281 60
269 240
249 66
24 200
42 246
109 158
30 207
292 120
197 234
211 268
236 218
259 131
130 37
122 28
140 139
261 124
124 285
203 28
295 66
211 176
47 78
99 89
191 25
163 27
54 171
209 223
279 203
51 18
292 131
96 10
156 241
111 14
38 98
202 237
249 24
206 59
143 38
55 115
10 60
63 21
272 24
235 242
156 50
152 68
66 139
237 11
67 61
240 97
65 238
167 85
225 235
191 197
137 48
92 84
270 267
253 217
295 15
99 143
177 50
200 176
0 21
248 226
167 279
96 219
7 18
77 114
168 228
196 246
276 89
131 19
277 58
252 22
283 77
5 161
118 179
298 192
137 130
108 240
3 6
127 151
299 173
53 148
9 196
97 8
30 195
92 241
13 138
100 210
178 130
53 112
283 20
267 173
77 248
177 264
208 256
56 96
5 224
175 232
23 44
191 243
87 145
197 132
187 33
119 179
91 107
143 280
121 272
257 263
201 122
287 139
128 193
154 72
276 139
119 271
202 162
51 189
282 278
149 247
74 87
217 211
188 181
108 0
64 132
281 234
81 230
81 50
245 101
142 185
65 73
97 145
36 43
159 44
73 272
273 24
106 33
193 253
250 291
0 216
48 217
65 110
206 102
193 207
206 211
21 264
25 138
215 21
108 178
189 232
79 294
242 195
9 180
104 59
69 278
127 273
297 9
54 234
288 150
240 155
1 106
235 122
67 263
46 169
101 264
115 210
202 52
105 147
7 210
84 51
107 85
281 7
114 276
104 155
209 53
68 293
256 149
47 255
203 116
154 129
47 186
270 124
24 219
180 269
214 174
242 29
13 121
96 271
295 212
3 21
133 5
113 67
211 101
77 54
148 149
149 103
246 70
131 164
116 283
250 196
295 89
134 295
88 1
22 189
2 108
191 183
202 12
181 128
157 54
281 2
249 266
269 261
20 285
189 246
172 134
93 285
204 83
43 48
9 259
28 216
217 144
231 208
261 218
232 237
45 239
178 238
207 70
245 99
182 286
102 33
169 284
109 194
13 288
44 240
63 182
129 267
239 192
34 168
235 86
244 7
262 168
298 51
263 258
273 99
4 298
15 197
123 192
14 268
257 78
21 68
68 111
299 131
190 267
194 86
207 254
245 176
191 258
186 90
289 164
176 273
236 89
228 70
64 191
30 248
171 16
170 156
166 192
279 123
221 271
178 50
129 148
34 27
119 256
65 147
156 208
151 172
170 220
63 194
255 48
38 196
146 259
12 95
123 34
108 98
225 208
106 275
262 292
36 208
32 232
5 82
274 90
24 275
145 164
150 169
91 200
263 137
54 101
233 248
72 113
93 190
9 142
85 267
15 227
1 202
37 243
231 245
259 27
5 120
11 149
156 22
77 73
3 140
124 262
241 34
61 255
139 151
282 144
175 255
128 7
73 294
56 54
55 16
206 198
198 3
33 20
151 160
191 229
205 29
32 33
137 114
274 20
123 235
233 288
41 91
287 200
185 253
217 209
208 61
47 283
157 164
133 295
4 218
49 170
33 190
162 27
112 88
289 104
283 103
276 166
208 128
299 79
118 242
191 27
194 119
13 251
73 183
190 124
138 116
146 21
112 118
142 38
100 252
248 207
237 236
16 172
110 253
143 243
151 293
185 73
104 81
11 135
15 200
15 92
133 291
104 58
171 28
298 127
69 74
46 186
145 186
231 65
142 57
45 272
45 268
234 193
252 285
70 203
179 240
78 154
215 211
155 53
244 171
201 211
67 142
192 112
163 60
242 16
10 128
241 163
240 73
20 163
198 281
26 86
34 268
211 163
53 91
295 11
100 248
227 43
269 126
24 234
127 193
257 46
69 118
187 142
36 145
101 280
263 55
124 118
104 297
13 118
47 147
175 272
105 92
274 71
111 53
128 174
265 192
43 245
139 158
228 28
1 158
274 173
229 138
206 32
14 42
260 250
72 34
275 14
219 108
76 151
272 33
34 192
286 126
133 94
102 88
294 254
134 13
79 81
253 284
96 252
242 113
228 53
155 227
235 30
20 187
287 4
133 208
169 84
153 185
71 213
63 272
219 181
159 206
198 16
203 211
106 284
193 212
218 132
186 16
211 46
152 273
278 70
2 299
211 63
150 212
37 291
47 220
39 223
69 51
1 126
44 165
200 134
250 265
34 169
278 168
138 212
299 90
78 244
170 26
245 65
126 32
156 109
237 38
33 7
249 134
3 165
292 2
213 212
263 5
167 76
181 187
262 89
17 112
100 115
208 85
218 50
51 242
67 117
52 229
241 18
178 100
163 101
152 211
49 269
198 1
122 211
242 283
124 91
155 265
49 59
180 283
89 10
197 126
175 51
134 54
55 2
54 247
258 158
228 57
142 22
35 225
21 29
217 241
208 298
182 283
228 45
63 282
130 105
77 192
171 47
21 95
130 14
264 55
172 169
178 289
145 10
208 32
259 249
212 148
49 192
123 273
20 8
124 199
232 236
278 106
39 242
25 195
201 282
253 226
19 242
8 127
183 59
137 228
170 154
64 166
299 282
84 272
130 293
9 175
83 291
25 276
175 24
131 42
151 59
105 57
55 67
195 44
264 12
194 259
111 34
290 272
73 116
143 269
118 116
84 77
154 131
58 172
5 159
124 18
87 195
45 36
70 148
22 113
292 53
42 56
158 70
89 68
108 105
30 211
80 177
157 62
295 294
275 7
269 22
289 107
257 103
54 86
8 190
258 248
47 135
25 181
181 244
22 100
118 37
270 140
135 274
36 169
214 246
194 100
277 166
146 100
114 273
205 232
176 56
163 11
259 224
273 210
183 223
296 14
138 70
43 283
189 214
221 22
205 14
204 147
123 46
297 134
190 240
150 272
37 91
96 226
47 198
259 76
188 161
219 135
85 297
211 289
128 191
130 159
266 63
82 281
171 243
155 19
141 248
90 209
136 167
111 73
34 58
210 1
295 192
266 279
227 99
216 138
105 131
159 152
201 155
202 179
264 222
39 182
134 147
60 283
285 99
71 264
251 148
132 55
35 237
182 57
129 190
264 277
139 33
15 258
257 96
109 277
259 208
258 287
266 126
226 78
87 205
88 59
76 100
272 88
299 13
57 283
126 75
68 120
234 241
216 247
288 236
26 45
229 260
52 196
258 99
192 266
223 1
240 282
52 231
9 202
47 58
86 211
225 155
26 174
33 218
2 35
157 138
144 192
92 215
108 78
271 69
87 286
201 39
166 24
282 150
71 186
139 256
268 43
154 76
167 35
10 150
114 61
179 41
43 63
212 168
279 243
248 203
86 147
66 254
102 138
291 13
70 160
18 44
55 33
279 186
281 294
198 237
246 150
151 115
161 215
129 139
194 255
228 83
245 12
10 82
221 195
293 2
40 229
36 278
228 188
229 94
203 249
205 65
113 286
201 252
8 254
80 75
0 4
50 143
31 202
184 134
91 236
38 159
279 255
203 54
94 33
294 269
236 18
129 192
249 147
117 294
69 81
3 193
35 165
203 187
89 156
43 193
25 219
155 281
95 150
127 23
261 203
64 188
70 51
160 112
142 192
175 88
210 221
12 186
16 33
104 284
169 27
172 270
243 51
192 65
16 135
240 252
207 8
125 199
256 252
148 28
212 200
119 207
241 278
207 91
297 1
24 73
51 143
279 233
71 284
135 64
159 170
7 123
200 272
100 229
274 172
146 103
85 289
165 17
78 217
267 152
208 272
86 128
270 260
129 202
295 263
279 134
190 65
102 208
248 185
257 246
219 81
214 110
188 250
50 115
226 60
91 192
212 164
22 117
23 273
118 272
107 88
232 298
15 109
212 149
295 123
102 165
48 12
143 251
137 42
88 221
280 81
214 42
236 294
276 154
105 93
49 239
167 23
45 71
39 94
16 282
297 139
50 136
274 147
85 169
213 299
40 30
196 86
98 162
116 30
52 124
27 52
103 279
218 0
152 208
278 198
83 244
121 192
173 58
230 285
268 97
113 95
44 124
169 201
95 164
110 18
97 212
278 1
8 224
108 97
15 199
216 276
274 216
74 174
79 99
249 151
75 290
59 212
54 112
112 65
273 150
107 178
276 136
152 148
154 215
156 273
76 52
235 154
52 262
112 207
133 265
2 166
33 96
275 205
266 129
278 190
158 169
155 119
143 276
111 4
10 25
43 294
287 42
8 63
92 0
284 83
249 16
246 95
204 170
53 57
123 164
64 262
107 299
112 36
133 62
54 271
3 291
276 265
178 65
189 25
210 224
41 279
11 49
253 101
16 65
259 73
193 34
14 123
58 77
55 229
200 21
70 16
99 145
264 64
1 47
276 146
33 155
299 9
118 54
196 98
243 47
205 49
221 106
245 75
104 160
230 214
81 14
199 176
93 19
229 249
38 248
150 69
207 298
130 189
236 256
167 261
16 138
249 293
17 90
177 294
299 29
230 66
283 128
122 220
205 155
216 35
271 217
10 97
250 165
166 128
82 169
82 286
159 189
161 220
222 230
6 52
220 49
258 90
257 152
275 102
150 98
95 282
80 77
168 75
46 42
180 16
283 289
38 232
84 204
91 160
272 158
199 232
261 101
204 94
136 101
182 190
195 130
187 285
30 3
97 250
140 256
155 24
55 224
92 231
281 249
92 253
250 230
135 251
114 6
46 203
159 59
64 43
217 11
251 289
252 231
66 127
137 163
17 25
183 53
90 185
14 234
256 228
236 179
135 155
151 242
214 135
2 266
243 46
21 218
270 281
109 184
152 34
97 190
50 108
181 1
22 120
63 244
256 65
108 42
204 175
228 265
201 85
243 104
254 72
79 260
96 16
84 162
127 148
123 218
249 162
80 273
18 57
117 271
197 204
238 78
166 48
165 142
1 244
242 228
124 116
218 263
264 127
72 224
254 78
171 25
58 284
3 204
197 120
196 134
95 172
120 11
60 181
99 22
232 15
154 87
249 183
131 8
5 135
134 137
250 293
29 91
181 132
256 116
203 163
146 184
272 110
28 235
119 76
20 7
209 60
221 90
214 121
215 115
73 241
199 5
14 4
57 40
55 105
92 224
72 221
2 295
192 261
61 5
156 100
55 95
208 38
37 15
1 8
34 101
77 209
123 16
293 46
137 133
229 168
170 213
107 152
78 10
170 80
131 125
272 78
289 122
48 212
168 210
107 9
239 97
282 122
209 165
147 153
38 222
207 253
192 155
141 228
129 25
9 226
154 49
269 256
19 247
282 270
94 61
159 158
230 238
207 290
221 202
150 129
274 63
32 111
244 238
146 2
77 282
215 188
36 87
15 154
159 143
28 58
32 237
252 273
125 62
242 111
42 266
284 90
270 80
174 65
258 146
148 225
134 194
209 55
14 73
72 220
185 56
188 16
99 228
170 211
28 163
72 272
231 166
26 55
256 9
43 218
251 243
117 2
216 123
120 281
115 84
136 295
200 266
274 33
133 116
13 212
232 26
48 65
141 191
161 263
88 193
101 175
266 125
58 143
64 219
126 51
65 66
160 222
238 48
170 95
99 218
149 181
281 181
4 155
28 132
159 277
39 154
219 168
118 62
283 142
175 188
208 110
17 285
71 91
80 99
124 185
74 236
233 143
137 45
275 39
63 61
247 299
278 128
150 243
296 111
224 264
56 124
147 246
210 59
83 266
19 154
212 75
293 172
165 232
287 197
141 145
143 129
214 75
152 261
83 82
224 213
51 1
260 165
279 27
184 268
37 217
13 102
106 18
177 159
168 161
201 158
265 229
225 104
156 107
298 121
31 148
106 134
101 55
283 257
293 17
209 244
131 260
252 171
295 109
218 86
190 39
5 229
295 268
64 78
153 86
248 221
27 15
57 106
132 210
96 285
40 234
11 91
176 180
184 25
56 161
2 187
118 48
12 288
153 216
160 254
31 30
156 12
250 228
90 111
140 274
219 129
207 100
277 153
167 113
272 203
117 225
176 10
203 29
104 267
173 73
80 181
152 142
84 249
255 154
46 157
254 177
131 239
124 2
139 282
35 119
79 214
66 240
236 96
144 146
214 237
286 284
253 12
249 286
137 274
229 140
207 95
187 106
102 283
271 298
194 23
166 151
129 33
192 23
225 79
191 170
151 85
116 220
60 244
216 141
187 138
101 58
286 55
291 147
108 158
210 254
43 148
61 152
159 222
185 62
57 260
145 297
196 170
292 296
258 13
186 253
143 265
29 145
198 296
89 290
58 181
87 239
249 252
82 51
186 38
104 214
8 61
107 237
143 1
35 264
230 213
9 165
167 205
224 283
76 20
115 212
283 113
268 128
290 277
136 20
24 137
145 93
245 158
205 163
2 87
154 2
218 120
213 185
200 171
194 142
37 209
12 115
40 41
245 283
217 167
35 161
164 181
28 137
165 63
268 174
162 61
187 287
229 124
175 120
113 43
121 226
129 119
232 47
101 114
221 132
154 241
209 204
196 150
275 290
49 119
122 192
292 70
139 213
110 246
287 205
144 200
16 225
219 54
188 194
102 212
251 194
215 28
41 5
62 228
172 43
75 255
192 289
265 34
80 219
216 154
132 18
115 221
273 48
246 145
17 134
172 221
53 4
113 293
231 27
165 266
1 16
111 210
245 0
153 23
96 250
122 75
143 210
17 242
61 189
109 257
145 207
215 234
129 255
200 262
60 160
118 163
203 135
74 38
264 180
3 229
189 293
14 287
227 162
220 67
20 21
254 93
263 244
20 208
210 40
87 265
162 160
294 22
140 0
73 180
229 137
108 295
248 241
209 131
1 284
154 158
56 31
146 204
180 208
296 58
269 147
239 121
126 61
178 188
173 25
126 158
63 34
88 164
277 4
21 93
76 157
141 137
156 132
49 55
37 169
299 47
138 71
258 275
11 64
0 97
229 91
80 116
105 284
215 25
140 175
146 62
3 296
75 284
34 258
228 164
220 10
246 65
147 73
275 52
110 56
263 57
43 106
199 261
258 47
66 253
247 208
289 188
238 18
71 65
22 124
148 183
126 48
63 268
75 22
33 239
208 93
84 109
270 152
67 210
190 222
61 288
243 90
126 230
159 99
10 259
222 113
7 165
136 127
286 12
29 10
82 30
68 262
48 116
192 149
180 273
262 226
16 13
288 269
272 95
80 160
291 79
125 63
89 229
88 11
160 61
166 168
18 93
281 250
68 16
39 220
34 1
36 268
197 146
58 159
62 251
182 38
132 250
29 184
266 92
9 118
271 143
268 264
201 249
37 275
285 218
285 209
218 102
87 165
268 122
214 278
54 210
211 269
44 61
267 290
190 246
59 117
124 103
94 147
289 31
102 21
166 37
171 141
168 94
296 76
92 172
184 139
119 220
94 284
113 32
1 220
12 209
104 245
144 198
7 205
12 168
270 247
293 228
98 252
212 221
105 271
44 186
127 207
55 45
28 89
270 225
10 248
11 279
87 281
151 202
57 21
205 17
3 245
238 241
60 215
1 211
234 146
283 83
274 181
137 138
52 188
22 44
93 152
95 229
117 62
258 278
18 102
259 141
94 234
274 267
238 17
175 256
222 278
104 221
169 255
276 267
46 179
135 134
212 245
127 72
14 124
177 225
214 80
2 237
66 99
264 196
14 181
133 200
45 151
121 98
175 10
244 216
61 18
251 184
153 158
266 273
240 96
230 235
60 91
90 166
15 99
263 189
20 35
285 71
156 173
155 85
276 2
56 237
244 232
141 58
239 232
51 264
247 129
224 240
37 127
199 278
218 28
191 112
46 30
27 236
25 58
24 68
299 183
137 150
275 214
172 51
50 201
244 96
30 148
175 80
55 284
136 134
186 69
274 237
248 75
113 80
292 119
273 160
43 233
177 185
194 38
50 137
97 295
275 212
282 115
291 214
206 139
28 69
29 48
235 142
9 199
128 206
31 198
223 112
246 268
39 251
39 87
282 205
188 157
290 135
162 212
267 49
169 112
241 257
179 290
248 117
18 41
26 19
231 177
78 174
90 235
251 93
130 110
3 157
162 243
38 164
294 151
81 293
67 277
108 67
3 94
263 208
91 280
233 184
143 156
44 243
168 43
115 240
7 61
7 247
8 114
242 9
81 123
115 105
60 237
160 176
223 213
279 131
50 145
219 284
262 19
291 31
261 289
65 282
276 295
180 11
87 187
233 144
28 251
227 228
232 224
262 62
243 240
259 156
203 15
105 97
37 232
160 8
166 69
243 177
277 118
176 197
2 89
231 50
128 69
91 176
263 276
296 241
76 181
102 261
262 84
85 40
14 227
97 187
260 262
183 159
280 47
194 136
108 118
79 73
36 52
116 155
93 206
68 129
5 22
89 116
33 291
10 58
10 202
267 180
100 152
262 30
41 294
1 57
263 108
148 274
139 157
94 48
293 53
282 91
48 167
294 212
222 101
106 280
54 63
265 249
297 102
58 191
66 115
198 188
226 108
290 64
118 96
112 71
149 155
92 85
146 150
284 26
277 92
115 261
22 145
133 204
284 138
29 53
137 224
259 0
132 112
39 291
119 90
221 16
289 48
52 194
212 119
96 253
66 135
132 278
139 281
132 280
179 132
279 114
199 41
174 254
256 243
233 266
251 206
42 217
90 290
50 175
251 232
65 203
8 299
176 186
154 51
210 76
28 129
24 145
276 277
249 107
287 280
38 60
36 30
282 66
3 50
96 145
51 121
233 277
243 165
134 278
52 246
128 55
263 93
246 297
108 5
99 3
97 77
98 251
49 252
196 95
71 286
123 277
102 224
34 6
294 130
276 236
188 158
25 212
296 158
57 235
23 205
129 215
77 69
267 61
57 280
108 253
229 163
61 238
76 284
21 269
139 197
5 101
7 162
259 187
115 176
109 182
54 0
185 267
258 62
189 185
111 213
171 268
220 80
252 218
65 208
26 56
40 239
209 29
291 173
245 163
94 202
59 243
218 245
23 63
33 71
237 10
69 207
174 201
275 281
115 119
64 212
203 77
280 221
56 27
108 79
36 245
294 171
272 221
267 53
176 45
229 258
139 94
254 180
106 45
9 291
176 289
221 91
3 117
103 22
217 146
36 106
192 108
92 70
232 192
56 5
213 274
24 295
110 188
149 271
202 165
155 146
216 234
30 193
251 107
283 26
8 50
142 289
46 239
222 183
277 46
141 179
239 68
121 225
100 25
10 168
163 204
104 38
254 182
284 245
5 54
65 294
118 131
175 65
158 69
64 27
169 129
260 0
279 257
178 121
75 162
168 169
246 100
254 99
93 58
148 46
166 79
175 42
229 236
157 154
66 215
53 49
197 43
270 130
272 274
236 217
270 27
183 294
223 282
258 102
273 145
74 272
9 185
74 102
299 246
235 186
95 69
228 61
53 247
68 199
274 189
22 85
104 292
127 257
5 175
247 56
295 162
11 275
44 31
9 86
288 121
256 5
149 96
106 200
23 139
256 287
142 212
45 39
208 185
286 268
75 23
163 218
49 74
128 1
41 233
243 289
101 9
284 260
206 249
215 85
67 138
109 83
28 246
206 212
53 48
75 193
167 146
138 221
194 65
93 67
86 158
108 123
285 232
99 237
213 168
209 265
37 247
137 136
44 207
116 186
213 102
110 280
174 37
128 159
111 132
239 159
280 158
37 167
198 272
69 111
101 75
22 86
89 220
205 21
29 296
35 45
78 65
186 139
171 125
124 188
117 108
103 200
237 86
167 142
271 208
249 232
289 210
117 269
45 211
295 194
92 122
271 156
24 262
32 83
251 222
198 297
64 83
174 111
76 263
115 292
112 295
287 89
137 281
154 262
197 47
7 169
238 77
190 273
207 278
206 270
131 39
202 92
175 0
103 87
138 73
136 104
191 217
50 224
88 117
45 273
177 293
201 270
20 91
91 202
181 227
285 111
290 291
87 67
142 219
255 297
137 297
83 66
60 167
227 296
135 1
170 92
86 244
201 184
198 199
127 209
241 136
194 178
126 106
152 155
244 68
295 83
88 100
258 69
226 207
92 119
214 143
174 235
47 247
154 187
133 69
44 254
253 15
209 8
213 231
39 248
7 74
10 285
221 278
156 161
77 96
287 267
165 92
96 58
89 285
11 0
119 148
218 111
44 99
119 208
291 182
191 8
19 135
238 54
284 201
88 249
258 276
259 93
244 92
154 10
177 170
272 8
282 269
248 263
91 85
181 222
299 92
226 247
74 183
160 257
5 76
212 55
208 176
222 121
192 243
34 56
0 112
156 57
292 32
214 17
153 79
29 221
222 114
130 118
90 109
68 33
6 47
153 56
242 164
176 154
99 25
224 81
107 284
189 188
195 94
201 6
142 200
128 275
154 38
34 280
94 187
69 27
175 231
237 169
40 268
248 89
45 180
38 68
58 211
246 108
159 208
155 67
81 167
156 103
32 34
125 220
161 206
0 235
134 62
119 249
103 118
22 110
58 194
243 13
240 194
46 213
207 206
226 37
202 293
212 69
201 28
51 93
142 90
237 251
26 113
108 264
153 230
265 165
218 101
49 247
219 56
22 183
187 168
82 233
50 217
143 218
217 220
87 160
73 96
274 68
210 266
112 119
295 45
116 26
233 254
161 64
232 28
69 30
153 193
257 27
111 219
38 26
41 288
159 292
67 195
148 15
13 4
164 254
245 210
17 261
141 183
154 146
198 106
155 133
1 67
203 33
175 234
88 72
39 44
248 156
218 44
282 76
249 125
88 26
13 289
20 17
291 232
204 264
233 263
64 114
14 247
176 65
99 59
71 134
8 213
218 138
258 246
181 48
161 23
156 114
191 214
123 191
288 200
13 89
109 136
153 29
298 230
8 186
241 22
59 218
195 6
43 89
238 236
197 45
123 159
231 18
278 160
180 203
240 161
125 209
156 163
244 90
40 278
272 36
200 81
86 280
265 94
158 61
228 224
135 263
80 235
36 234
99 34
261 76
138 282
279 81
9 157
38 82
285 116
109 140
237 170
57 12
260 149
295 143
218 58
132 49
60 188
16 127
208 266
154 35
175 66
234 195
256 93
137 168
286 70
118 126
123 109
240 83
15 40
185 101
251 239
199 200
105 254
16 220
62 211
204 230
6 79
91 162
240 191
185 50
32 85
247 117
289 221
243 281
155 196
193 229
90 124
14 108
276 75
263 225
131 95
286 81
149 227
137 235
147 91
80 136
144 78
214 10
231 282
72 225
150 71
173 149
233 97
154 50
148 120
290 281
119 47
114 152
61 103
205 179
160 178
208 163
242 179
157 92
254 118
272 168
127 60
170 24
199 106
37 192
41 46
92 269
11 48
196 133
180 146
279 23
261 241
246 105
135 51
93 264
163 55
149 131
3 16
275 68
38 88
5 223
191 107
279 286
182 218
220 151
183 21
188 18
130 233
249 130
202 183
106 252
122 146
212 178
77 276
20 238
162 182
55 182
23 261
233 87
3 146
231 85
182 132
21 275
114 193
110 90
246 162
39 247
103 261
221 65
239 215
33 99
66 64
21 229
143 52
208 70
204 117
26 247
195 286
225 281
166 253
204 12
155 12
272 53
189 30
196 34
109 12
168 257
192 120
293 128
137 166
17 9
172 225
38 31
25 254
107 283
99 81
206 256
200 256
69 48
5 71
191 59
247 104
245 171
248 55
141 241
72 285
85 161
190 292
116 193
206 100
280 135
53 194
145 45
170 293
177 262
161 249
263 185
246 262
170 54
98 208
113 213
106 232
165 247
47 14
157 120
97 171
17 298
137 47
193 119
205 249
183 175
86 127
183 44
151 0
157 253
156 168
217 43
151 148
192 90
34 29
82 207
248 151
107 267
298 102
28 240
115 258
274 91
273 132
62 22
187 293
119 118
92 91
155 0
184 154
58 123
15 7
278 59
126 148
22 169
106 193
14 142
182 8
256 83
39 66
117 120
209 111
235 177
77 263
219 298
188 65
289 92
231 127
99 262
169 139
10 223
186 54
13 151
73 298
17 289
191 114
297 274
190 237
182 65
183 184
2 257
157 67
14 208
82 31
299 296
208 131
117 194
268 265
42 158
115 189
260 115
65 181
189 0
174 42
92 88
294 189
85 186
229 203
113 84
110 224
153 140
215 258
131 219
190 288
257 29
175 249
292 90
291 210
191 124
110 195
199 107
181 33
40 12
141 253
189 241
104 90
140 93
66 241
7 97
9 266
9 7
233 123
150 209
156 247
43 59
210 64
228 207
18 208
174 147
160 185
247 189
159 124
266 101
218 191
245 103
196 290
195 197
173 41
172 181
185 72
35 148
41 296
234 186
207 286
174 91
29 116
52 29
82 173
194 180
19 255
172 162
218 141
277 101
291 166
115 153
100 237
185 120
105 217
153 44
149 233
119 273
82 277
73 155
174 238
26 156
289 158
43 30
260 228
117 53
256 253
185 118
85 115
0 286
63 252
80 98
15 29
268 180
109 190
296 86
175 49
162 289
180 171
116 280
276 177
217 135
237 113
48 10
107 30
223 69
224 34
37 164
106 131
287 146
83 185
42 207
111 127
196 254
89 247
71 182
272 120
204 241
127 259
74 141
1 125
187 115
35 200
286 223
57 299
106 39
38 165
170 221
270 284
146 139
189 261
69 236
74 231
199 35
0 5
149 112
292 172
14 121
163 251
166 243
200 14
183 153
295 206
146 10
0 266
164 108
2 12
160 3
186 216
204 6
27 144
115 86
246 35
232 275
190 67
173 169
94 225
283 25
139 207
209 30
279 121
252 42
113 177
251 221
274 271
242 49
245 34
151 21
292 163
167 88
43 6
184 158
197 0
160 294
209 94
183 42
238 62
53 274
135 57
219 12
143 97
70 169
41 64
257 167
160 204
85 166
133 93
248 149
213 115
87 273
229 71
104 48
33 134
161 281
284 248
261 254
197 247
174 149
219 58
186 265
44 282
228 1
43 230
72 238
163 264
19 286
195 273
276 169
284 194
271 241
68 63
6 51
295 220
78 116
82 12
225 168
140 254
69 248
31 238
245 84
266 95
186 82
78 69
179 92
240 263
198 91
229 25
128 299
43 201
13 279
202 158
97 181
61 37
58 288
154 144
94 142
1 40
50 0
113 244
95 78
213 164
289 222
285 47
61 214
53 114
71 279
175 209
143 161
261 29
88 109
258 17
141 155
90 112
143 93
250 279
197 63
135 121
69 87
156 276
192 21
263 177
84 91
194 203
99 156
64 247
262 47
150 184
140 97
187 243
224 174
124 257
37 213
85 184
298 253
91 294
204 259
207 104
49 8
216 18
195 33
109 297
33 251
277 271
224 85
138 99
15 126
136 216
260 248
26 196
8 218
232 124
291 213
173 45
184 143
30 299
172 286
169 297
265 36
100 23
277 128
154 246
115 171
157 132
253 61
64 202
191 281
127 180
215 176
277 121
56 84
222 47
276 226
205 31
96 202
195 119
139 242
47 271
36 228
187 108
292 226
93 5
118 190
293 254
109 292
90 105
196 233
151 216
88 242
82 274
72 81
206 10
92 264
298 130
45 153
279 213
47 295
275 50
157 165
280 152
112 138
106 286
299 21
99 1
230 169
237 219
182 137
142 197
140 9
148 132
149 165
13 225
191 192
64 55
180 280
179 128
21 196
283 19
236 116
207 10
101 169
130 119
45 76
168 50
204 253
97 261
176 92
110 17
223 227
37 206
102 197
103 144
113 98
144 1
218 88
38 72
79 199
75 74
261 237
282 199
154 6
6 251
129 23
83 86
168 259
250 16
275 247
215 111
266 265
258 46
199 120
142 287
27 255
200 127
266 145
235 140
189 4
251 47
244 248
118 296
232 108
69 174
164 253
52 207
238 46
151 15
228 153
30 283
143 215
108 3
197 264
54 17
192 76
106 96
107 145
20 264
221 135
39 57
48 8
217 232
92 19
160 52
36 6
66 96
273 52
6 56
200 59
162 254
115 211
256 146
68 26
181 133
188 43
87 28
290 11
112 13
111 27
141 19
118 227
289 262
30 168
126 245
105 88
261 87
252 70
176 222
227 69
91 285
291 138
158 5
19 297
210 165
246 228
184 47
48 248
117 87
5 57
11 191
221 187
109 139
118 160
216 36
217 244
44 96
89 147
190 89
7 212
106 227
237 85
196 283
242 230
92 127
135 76
292 118
172 77
25 74
188 121
182 87
222 35
165 211
299 175
41 265
291 11
126 99
127 108
25 48
268 32
36 100
286 158
145 7
162 43
286 199
240 171
48 263
40 186
186 30
70 99
215 272
36 66
82 265
227 207
171 45
142 260
148 158
136 258
16 4
11 161
297 15
21 208
67 14
22 40
46 90
275 130
0 172
228 274
282 228
104 127
38 113
244 177
129 288
249 44
35 105
190 170
170 292
226 36
196 55
14 249
257 134
72 187
197 109
127 85
150 102
231 61
110 116
260 289
200 227
71 148
281 274
30 265
183 33
69 281
71 187
8 288
226 69
109 202
61 243
231 130
162 95
37 238
159 196
144 86
105 146
13 47
256 113
171 13
67 281
70 215
67 47
147 177
243 161
292 252
192 281
87 161
227 29
218 14
283 86
193 95
35 0
190 68
7 182
10 139
45 190
198 283
151 7
178 58
290 219
30 297
208 174
285 9
279 40
170 228
84 202
128 56
232 207
18 202
4 76
283 51
205 134
111 94
64 237
141 197
257 265
67 241
256 58
155 108
0 225
214 53
155 8
21 13
127 58
296 150
93 4
292 49
141 288
197 44
171 177
255 35
65 187
234 23
204 258
144 240
59 292
58 278
150 293
217 63
22 199
286 273
202 201
23 250
130 55
26 97
192 107
299 124
296 216
283 216
264 122
138 164
165 119
159 205
269 250
267 75
298 93
200 161
231 179
183 91
236 71
63 264
191 90
124 225
140 223
91 167
63 286
281 261
211 144
22 132
296 172
274 246
221 47
287 223
202 32
158 178
284 228
143 223
137 211
267 188
293 97
56 240
298 39
75 202
119 77
295 86
173 34
216 237
114 299
173 122
161 60
243 296
67 111
174 236
287 156
149 203
292 244
40 181
24 177
11 179
198 282
180 107
133 52
182 165
4 224
248 44
213 34
219 200
236 41
37 274
238 70
8 236
252 82
125 155
118 17
265 240
28 16
93 92
88 57
38 199
231 67
179 257
234 39
139 233
190 21
175 220
27 246
40 42
290 67
124 247
55 227
271 201
52 260
132 227
147 166
247 193
134 39
144 258
182 90
132 270
240 37
219 79
58 78
54 225
61 39
159 88
121 76
163 21
185 294
153 239
52 95
79 223
235 22
48 196
79 229
143 94
242 232
108 132
95 192
119 74
89 75
238 191
3 101
77 146
192 186
261 126
94 92
214 118
258 68
68 126
297 47
253 211
187 111
99 107
55 241
56 207
20 167
177 96
188 11
159 85
233 178
238 205
99 283
197 114
81 182
96 241
223 159
239 74
60 11
165 153
93 107
195 289
177 70
27 100
136 105
236 180
272 246
258 138
68 9
251 211
249 94
271 15
216 292
246 285
249 253
107 62
232 130
59 58
149 107
108 27
191 231
134 116
295 251
44 266
130 50
78 82
122 102
195 222
108 15
33 48
128 148
119 159
182 51
212 96
36 38
96 4
52 285
215 199
102 299
266 47
31 279
24 258
161 118
194 78
114 9
195 146
278 113
126 194
13 158
116 64
90 253
103 58
41 264
289 3
75 12
42 104
90 143
179 168
239 59
203 91
112 170
104 32
97 20
95 139
267 73
17 181
235 141
30 101
291 72
158 8
54 158
71 1
270 213
62 48
63 118
221 197
98 278
183 285
178 294
102 42
63 81
201 97
37 7
85 183
99 151
168 224
111 195
44 168
217 25
73 234
282 200
147 117
74 33
138 114
72 32
184 187
185 70
73 8
53 265
238 66
259 231
16 100
197 143
247 289
68 113
229 123
165 190
41 110
281 269
78 165
156 286
45 297
8 39
76 142
123 90
75 156
228 184
66 158
233 276
65 219
176 203
71 66
235 266
61 180
208 201
184 198
220 153
3 244
166 107
164 267
218 168
189 126
109 11
247 10
124 1
232 48
146 243
222 257
90 271
36 273
175 52
56 175
286 296
185 121
205 20
196 288
217 21
217 205
271 179
260 259
158 95
80 134
138 101
105 236
8 166
71 177
207 284
60 17
224 150
176 185
58 38
122 251
200 280
20 183
21 60
98 181
158 102
296 220
251 171
122 297
134 285
248 178
251 160
91 65
185 274
132 253
98 20
204 190
104 14
203 162
278 267
211 243
39 255
212 165
290 264
230 172
241 123
291 103
198 266
196 228
215 183
0 223
233 282
238 107
207 165
216 286
212 172
159 117
214 267
112 279
102 247
7 214
80 58
98 91
151 86
45 278
225 120
73 211
55 216
167 283
102 25
251 216
267 204
140 30
206 130
150 190
225 9
240 251
255 156
188 48
13 169
118 299
42 288
212 222
236 153
262 180
211 220
89 254
239 157
236 169
57 208
4 247
135 118
223 30
185 65
258 203
149 168
218 255
149 98
74 90
198 45
166 287
41 247
9 220
58 165
130 242
112 244
88 168
78 259
233 63
27 84
100 166
251 111
261 291
113 87
225 191
76 130
8 146
135 161
109 293
60 172
53 123
88 130
272 90
96 238
165 116
275 117
117 226
288 286
288 161
203 278
110 83
87 108
281 54
235 46
130 7
85 191
226 293
86 168
34 190
114 172
273 32
151 10
36 160
147 5
34 62
62 27
82 47
8 35
156 229
177 186
139 14
138 58
10 47
141 107
226 263
148 209
3 150
197 68
240 168
219 225
256 168
227 248
38 107
105 214
294 277
184 108
56 10
259 201
155 283
265 1
48 59
208 219
19 0
282 99
45 22
229 143
37 252
271 76
212 106
178 94
152 180
222 205
227 298
8 108
45 38
186 266
227 184
81 32
267 239
277 176
160 142
76 123
136 51
125 18
271 99
65 37
148 214
246 202
159 193
42 33
119 126
279 230
149 295
164 70
7 82
234 151
219 87
173 278
138 69
256 49
177 204
76 74
2 98
101 159
299 254
151 186
285 56
88 79
85 71
150 92
213 80
177 282
220 158
94 140
135 17
213 96
78 84
134 132
186 240
77 11
164 287
211 225
236 242
171 0
85 187
260 101
83 219
284 24
139 277
255 228
68 107
249 58
288 140
40 198
124 283
269 168
163 15
289 166
106 165
54 138
172 233
254 223
214 270
107 293
149 90
169 259
125 189
104 167
178 141
235 101
232 25
78 87
247 271
240 244
191 254
293 237
194 212
219 265
193 279
70 184
272 20
65 198
85 255
222 194
248 23
46 112
139 38
100 137
239 21
255 49
261 171
231 26
66 150
215 102
98 71
215 122
128 289
89 140
51 15
103 94
99 62
174 115
18 279
207 73
209 140
140 115
47 167
157 101
57 249
29 114
19 200
77 61
250 75
209 103
203 66
202 276
182 149
139 235
206 68
22 68
73 203
175 266
232 261
228 223
26 176
117 288
288 79
182 100
163 41
17 64
166 189
4 148
125 113
16 125
170 97
72 214
257 33
49 17
217 171
196 99
74 3
195 76
299 286
189 109
269 156
195 95
63 184
205 264
211 146
227 97
7 175
249 64
18 115
200 190
108 55
117 290
106 31
228 10
87 278
120 73
275 126
171 179
169 289
145 82
276 8
273 293
15 45
23 259
200 136
6 146
13 68
18 134
122 158
3 11
134 125
280 0
219 44
216 109
167 9
116 177
162 263
9 269
159 252
213 90
15 299
258 226
0 244
30 212
215 263
139 67
274 256
20 135
156 230
80 3
139 145
265 270
267 209
89 163
148 182
268 238
29 19
203 226
54 232
50 102
91 278
146 71
257 294
160 218
85 64
210 47
90 33
53 3
77 220
15 180
152 205
106 190
73 174
10 99
41 130
213 186
103 260
2 123
164 16
296 210
208 162
164 230
16 154
140 47
77 144
213 145
52 171
16 178
28 115
163 67
278 72
269 198
24 156
21 238
163 200
198 261
224 37
119 235
267 6
63 65
258 174
160 237
261 8
171 227
260 277
195 107
206 105
234 95
179 44
176 88
25 277
62 86
244 29
194 112
184 110
118 274
271 130
221 236
264 281
47 87
60 269
298 30
208 241
225 134
150 230
158 0
194 19
252 0
168 142
137 276
34 84
292 78
153 292
221 85
247 101
69 140
13 124
290 202
64 289
103 84
59 19
188 185
77 18
76 129
287 62
116 99
243 57
273 211
273 146
7 176
114 130
287 281
238 181
137 169
76 218
89 108
293 139
118 222
70 271
118 268
264 77
160 113
207 78
203 287
40 107
258 67
11 30
247 90
243 48
28 185
96 157
39 27
209 105
207 92
256 193
296 133
159 139
292 31
42 200
156 23
25 1
93 197
88 99
299 270
279 83
278 152
200 16
10 14
156 25
169 229
24 93
247 288
132 61
188 30
146 57
106 183
226 219
153 87
60 253
142 86
147 90
256 87
293 117
241 116
125 15
148 133
8 120
150 239
259 195
298 12
47 18
82 170
280 15
202 198
240 111
93 191
61 292
135 287
113 134
109 42
161 176
12 10
269 254
55 238
202 137
147 270
40 56
42 2
154 32
180 22
62 44
149 91
64 186
243 236
200 63
110 175
62 232
191 289
234 196
121 173
151 213
265 197
251 161
199 21
226 177
81 35
50 34
68 99
120 27
216 176
184 95
180 220
153 281
141 112
244 18
141 114
4 85
169 141
113 204
97 232
73 105
276 287
223 232
244 99
275 252
76 71
73 52
128 221
198 239
60 122
173 109
94 253
7 189
87 88
83 149
103 126
89 272
33 194
240 64
81 28
52 299
133 272
222 6
223 93
38 267
275 121
8 15
102 60
57 123
21 133
299 294
54 249
151 12
206 29
41 282
222 39
46 145
297 56
272 293
156 77
196 198
112 289
156 277
286 164
136 239
239 120
119 263
101 255
181 22
162 105
228 110
180 298
10 117
60 143
122 3
119 16
141 115
229 75
227 88
122 291
17 217
211 290
191 224
26 111
113 211
79 269
155 175
20 114
200 249
297 284
85 78
86 230
31 119
122 107
124 114
104 40
247 42
55 240
205 195
65 161
17 11
207 47
242 159
222 8
207 45
103 253
161 258
93 26
50 280
88 126
150 214
9 74
148 223
264 37
159 185
139 251
271 234
226 66
298 267
181 27
72 222
274 221
296 107
292 123
94 9
197 169
68 87
122 76
259 147
79 144
211 186
81 37
91 99
225 50
131 189
160 213
266 227
142 254
22 247
122 21
297 149
282 266
81 96
173 275
42 90
298 292
27 271
106 291
241 72
1 204
275 228
194 190
135 210
235 71
73 154
174 47
5 104
21 100
141 198
298 144
1 245
53 240
184 12
65 11
65 40
238 106
200 195
6 280
286 75
289 291
107 4
189 170
139 280
185 98
280 98
181 54
241 292
106 163
120 10
81 20
149 130
175 194
72 74
245 198
28 204
36 70
237 91
61 10
178 229
264 60
69 210
269 96
144 7
278 154
55 94
57 30
3 251
31 204
112 56
63 276
199 34
168 268
282 262
128 51
195 21
83 199
248 54
87 244
75 176
30 228
156 198
187 179
92 274
177 150
15 134
124 11
169 219
187 167
74 202
39 62
278 33
214 99
194 143
282 227
205 257
294 233
128 281
23 184
185 16
122 120
57 290
75 55
258 94
216 177
99 291
116 261
283 126
226 237
72 45
90 187
102 90
156 112
15 269
181 289
23 174
176 201
245 33
262 252
132 82
6 124
287 274
52 108
198 222
48 77
290 21
293 108
259 44
200 156
72 64
22 293
239 273
195 244
217 193
36 250
219 223
40 187
18 48
148 48
34 112
35 210
291 1
37 67
155 74
161 257
230 151
156 136
298 286
122 266
231 264
186 115
286 133
282 176
149 9
139 85
247 231
120 108
129 99
243 208
202 81
292 102
39 258
4 265
66 277
8 295
114 89
45 94
194 248
37 41
9 71
58 70
198 128
177 298
283 166
152 40
281 116
69 164
270 129
181 242
156 245
187 31
39 63
219 182
178 63
14 197
42 151
209 233
179 75
28 123
153 98
40 163
295 281
46 63
72 207
31 60
73 225
250 120
139 42
197 73
262 136
239 127
136 233
136 19
267 203
247 60
57 234
195 59
274 39
27 263
81 26
164 236
197 20
250 239
235 166
206 1
81 39
185 129
255 138
32 171
255 62
277 279
74 135
212 153
265 207
276 112
125 271
195 17
263 128
51 125
246 36
128 212
279 181
83 246
119 200
36 73
52 23
10 201
69 53
275 168
92 114
172 137
127 177
76 11
66 244
211 103
196 54
45 85
250 257
137 65
191 2
64 272
144 186
112 247
131 101
267 297
110 266
287 161
222 54
111 273
79 143
203 200
171 3
25 32
40 4
46 114
72 57
227 78
13 45
33 21
128 204
59 161
109 124
76 283
232 282
55 41
114 81
171 49
113 126
157 259
220 262
17 271
132 180
22 56
270 21
274 197
249 272
155 97
50 219
81 140
81 171
240 51
196 221
138 237
229 226
283 139
267 223
100 34
268 137
175 229
170 120
213 197
218 124
36 57
33 113
146 171
214 194
296 123
256 271
72 155
86 17
271 4
101 265
269 284
42 201
200 6
146 28
181 107
255 4
224 68
257 116
61 157
127 271
274 12
124 205
118 10
151 107
84 122
133 276
77 53
229 282
0 99
107 211
17 174
169 218
172 71
232 87
143 277
283 176
71 53
115 139
287 141
63 58
82 14
209 254
21 137
270 179
68 83
225 40
31 175
282 0
90 205
148 101
289 254
209 246
223 25
228 212
119 166
275 283
147 59
145 111
109 104
139 201
144 84
157 114
271 124
172 259
16 165
115 168
70 168
154 206
184 97
42 273
285 42
162 262
200 291
116 31
3 255
243 100
70 282
146 214
219 278
6 231
116 115
100 158
26 172
200 169
212 269
166 209
107 186
130 287
2 153
222 172
119 191
227 270
22 286
218 128
237 181
298 77
211 242
219 55
252 203
201 280
284 265
187 86
156 280
166 274
14 94
78 157
221 149
87 152
213 130
11 247
170 264
145 118
18 24
59 215
110 52
188 44
129 132
298 25
106 243
123 112
22 213
39 245
74 235
161 71
58 112
296 206
285 41
92 147
30 141
50 82
232 231
257 98
50 138
145 287
74 142
48 97
293 232
52 105
186 246
5 12
126 78
285 143
244 274
80 232
246 21
119 5
6 64
155 170
44 223
287 282
50 1
64 207
11 200
276 40
192 87
164 58
169 74
19 171
204 8
114 109
195 64
262 170
195 198
261 30
136 286
185 191
260 251
31 92
175 47
260 106
116 11
240 143
260 31
128 83
33 252
233 17
275 273
107 64
268 58
197 97
93 43
284 262
240 31
158 47
14 1
66 289
136 4
224 194
203 13
163 65
47 214
206 74
59 63
274 107
199 209
188 249
97 11
78 89
242 133
264 153
178 133
13 93
76 150
193 298
75 252
293 3
53 278
253 276
279 232
108 129
157 235
198 142
266 85
144 23
237 212
274 14
145 55
280 207
288 159
172 144
272 220
132 177
161 262
132 286
165 23
216 98
212 94
240 81
16 187
29 219
72 137
135 187
23 132
172 103
35 87
77 200
62 225
272 50
2 11
220 253
155 172
63 231
267 30
191 207
269 17
15 120
85 182
159 201
112 31
231 53
290 59
279 142
162 3
270 77
277 229
273 98
298 55
153 81
273 85
270 232
14 131
199 23
116 21
209 282
262 167
52 250
105 127
280 204
177 31
170 89
297 259
173 280
88 206
116 24
171 41
132 271
112 94
235 148
191 66
224 19
123 114
165 186
22 114
27 160
64 167
296 85
227 264
24 143
106 19
36 134
164 129
174 18
73 278
42 3
290 295
236 104
128 298
12 128
13 281
196 37
276 5
4 246
224 108
87 20
92 256
116 72
159 247
36 120
213 203
33 213
54 214
245 66
134 294
291 16
42 10
200 96
215 218
147 123
285 184
89 119
275 251
108 4
128 250
38 243
190 101
73 229
276 291
107 216
194 229
38 221
126 160
10 183
118 196
131 0
265 107
45 25
229 147
180 153
97 5
192 82
69 34
153 272
270 14
205 34
91 279
42 274
280 254
11 148
281 70
123 255
51 204
281 39
1 199
51 53
21 98
96 26
47 19
115 102
222 109
93 246
295 27
235 115
24 123
197 58
144 36
227 112
87 7
88 81
226 269
109 47
118 78
161 223
132 29
172 107
158 28
86 102
137 214
107 208
204 17
280 119
179 61
205 129
198 82
268 15
68 184
187 271
256 170
14 7
177 209
184 193
124 35
24 75
52 241
94 134
26 83
272 82
251 36
93 290
244 115
60 208
195 116
206 67
200 48
165 111
143 127
176 270
129 88
292 44
253 167
168 266
219 69
275 58
170 62
180 170
25 269
136 39
97 37
96 276
114 95
37 58
232 252
222 238
49 212
35 78
275 276
281 258
280 184
65 99
43 52
164 255
172 219
242 24
46 74
69 188
239 1
97 104
10 126
276 125
80 154
236 197
237 70
60 282
249 199
189 144
293 60
190 183
126 125
117 192
31 219
150 241
114 31
298 62
80 103
228 159
9 25
168 146
98 57
25 206
114 247
97 214
228 54
194 57
49 22
173 167
0 203
132 59
182 45
34 16
112 145
141 45
6 268
27 281
144 276
132 208
8 5
265 85
114 235
55 180
149 249
153 109
267 3
58 203
254 241
45 125
296 259
141 255
23 288
289 141
291 52
220 197
141 17
113 284
8 294
96 136
46 109
16 191
173 209
190 202
231 228
87 62
85 189
108 190
280 18
163 43
275 238
112 8
151 184
118 93
176 48
165 93
34 3
4 286
282 78
124 264
26 198
180 66
33 124
254 1
124 252
228 93
267 134
104 272
13 82
33 23
95 67
141 266
207 24
96 178
1 11
55 9
264 61
57 32
139 46
239 81
63 154
75 107
177 134
122 86
134 280
145 69
250 155
188 296
42 91
63 295
287 244
132 252
127 116
133 50
150 248
19 215
103 217
88 49
137 272
12 205
161 282
21 27
147 155
288 160
233 40
151 63
204 155
219 107
294 217
134 190
180 106
233 252
115 62
152 104
164 135
286 79
181 239
206 113
135 297
81 82
104 141
117 218
212 259
268 50
126 115
204 224
19 274
137 104
187 98
175 32
221 229
278 237
148 264
52 298
286 14
198 94
74 88
82 144
96 192
215 144
190 283
180 21
186 33
185 174
205 83
187 122
183 77
134 7
263 63
42 189
95 258
255 202
137 3
208 200
11 210
135 206
244 227
52 145
208 193
226 283
218 271
219 113
78 22
108 156
240 295
284 236
252 157
212 257
179 78
194 64
70 38
160 57
154 103
102 285
289 294
278 218
131 161
225 228
249 27
80 237
57 252
48 197
38 151
77 233
192 294
176 207
78 102
62 72
44 78
216 230
297 201
189 64
172 171
185 35
261 122
223 212
234 117
124 166
145 254
46 144
183 7
66 31
175 33
63 280
176 238
59 18
160 136
61 38
261 149
275 200
180 114
295 201
286 177
161 147
139 223
199 157
90 273
222 150
66 143
27 19
202 21
134 34
179 256
270 171
113 183
91 115
61 47
208 164
130 276
87 13
266 187
226 6
170 199
80 241
103 17
225 45
293 61
230 116
267 280
62 221
43 275
44 138
69 121
219 259
213 135
151 25
155 262
69 162
200 114
72 101
214 207
235 241
64 217
235 65
153 296
221 63
55 237
199 295
283 297
113 186
92 214
16 155
285 32
260 201
31 124
83 2
179 84
83 124
83 70
241 38
255 165
134 169
245 202
6 209
270 131
159 297
256 174
201 143
218 248
180 289
126 170
241 218
137 17
64 225
288 170
92 281
33 229
33 280
125 263
104 194
104 249
176 170
35 173
172 191
180 6
243 274
229 18
199 242
243 273
42 5
119 239
195 40
260 162
10 229
157 200
205 229
159 145
54 268
0 268
164 120
126 35
13 37
248 297
68 101
286 276
118 216
275 19
8 13
249 163
12 215
76 149
196 120
128 18
18 278
71 287
126 294
174 108
264 6
67 162
107 150
299 221
266 135
131 214
187 150
173 288
60 24
4 158
40 71
68 161
100 157
28 96
245 195
147 48
58 169
171 242
256 130
273 289
195 115
117 162
112 32
94 283
167 17
15 161
18 255
213 105
256 226
7 8
280 218
94 276
279 180
12 113
189 244
84 136
2 95
68 192
281 111
157 71
9 201
158 81
8 174
249 177
267 288
118 169
70 64
61 186
137 145
275 179
166 44
149 159
163 235
3 90
272 273
79 43
205 103
245 110
233 93
140 100
142 96
85 11
243 76
224 40
95 166
269 279
198 136
143 176
24 71
42 177
16 173
5 189
126 147
194 105
271 62
84 29
106 229
177 184
216 137
52 297
52 235
12 178
66 17
246 67
209 25
108 82
35 277
275 81
23 164
43 256
178 88
212 42
165 172
234 126
26 224
266 226
153 270
130 97
29 272
39 202
60 189
273 125
156 117
162 28
113 169
209 119
113 258
126 210
117 125
242 198
212 181
62 63
77 221
48 79
249 77
88 124
139 106
12 225
27 280
37 27
11 249
34 81
206 245
8 25
51 91
8 289
60 44
140 298
7 103
112 297
51 68
219 53
223 46
234 52
57 276
27 13
273 172
271 131
133 57
197 269
46 269
219 48
126 281
209 261
99 113
11 117
84 130
157 284
121 243
41 293
67 239
57 80
55 153
266 274
199 7
59 276
224 129
224 183
64 169
230 124
257 44
38 112
78 201
264 83
292 257
141 99
263 247
223 41
104 252
180 212
198 43
292 275
29 211
57 90
64 248
164 73
50 197
116 250
263 254
106 225
152 21
269 47
49 207
201 110
29 110
117 60
147 75
128 143
22 138
209 1
118 295
228 192
233 206
175 142
293 285
192 197
276 298
96 32
102 188
6 65
146 55
232 82
268 287
127 26
210 238
63 123
103 221
264 65
205 43
199 233
94 46
239 178
288 113
195 214
94 197
132 119
223 125
81 112
218 93
161 171
123 297
56 73
287 286
124 210
161 112
233 247
267 7
189 181
156 244
244 137
203 195
78 147
278 47
140 21
37 45
281 104
162 226
299 243
1 257
189 212
37 132
265 103
14 87
154 75
281 257
38 95
106 141
199 279
116 182
80 260
86 118
128 297
61 227
138 62
124 241
131 139
258 292
81 205
244 110
10 80
58 201
106 159
247 71
41 20
7 208
214 287
4 262
61 286
57 150
18 212
135 151
100 150
176 28
71 190
182 287
219 39
159 39
86 131
279 110
177 91
97 206
201 18
106 49
257 290
151 39
239 177
209 107
8 188
29 234
15 158
258 119
253 285
206 255
288 259
118 35
166 210
2 288
298 220
230 233
2 156
228 118
152 243
247 232
274 136
45 162
220 234
96 65
170 67
247 38
118 271
112 23
9 173
88 53
218 273
210 109
175 116
47 27
110 204
264 247
36 253
228 173
47 16
30 174
154 172
17 32
156 90
292 147
294 146
111 139
22 236
214 277
28 239
17 98
172 194
292 41
119 83
245 92
178 196
72 277
150 12
93 12
72 117
91 39
116 173
195 159
15 113
192 74
128 140
44 253
200 261
142 49
179 222
223 187
116 57
162 252
299 113
173 28
227 134
235 191
218 177
128 43
171 157
281 265
232 57
277 154
104 181
7 283
97 118
156 225
72 217
86 155
227 46
136 164
264 9
152 192
282 159
224 98
101 111
70 114
34 163
190 276
79 53
275 198
130 18
50 37
261 43
136 61
71 288
86 2
48 40
61 71
169 268
96 74
106 209
213 236
218 299
24 163
186 286
229 176
91 212
176 169
108 281
99 295
167 52
236 9
51 231
142 203
173 186
84 114
78 29
265 45
160 55
98 68
60 265
288 183
66 130
83 55
264 62
168 155
245 203
90 132
166 163
237 260
10 74
274 278
182 296
157 115
96 88
178 218
144 93
106 8
76 182
57 275
79 7
131 99
205 209
60 109
181 168
68 119
176 27
36 198
124 132
141 49
35 240
11 15
237 7
243 87
287 239
263 227
279 15
236 81
63 134
60 121
42 29
63 132
106 182
115 167
154 5
241 40
259 28
56 94
171 151
4 3
158 36
71 263
28 271
123 228
273 34
11 284
164 245
202 139
138 28
231 125
145 116
19 145
219 202
90 137
165 12
192 64
76 156
203 111
87 174
184 21
90 295
147 222
296 166
222 95
228 136
263 253
28 260
59 282
218 297
149 58
90 234
174 150
24 27
0 284
67 127
297 252
225 198
256 297
262 169
180 219
73 271
288 9
203 93
251 287
270 226
213 163
98 124
163 105
68 50
226 88
164 49
22 2
263 191
72 255
128 225
241 246
72 133
20 194
194 183
104 21
276 150
42 127
283 236
34 184
20 37
10 218
80 81
287 61
11 40
45 58
137 177
129 221
203 121
256 191
8 46
249 122
42 263
38 119
127 249
293 257
83 194
43 10
59 157
209 99
68 147
17 99
247 32
170 110
190 253
183 231
167 41
195 293
59 289
157 241
180 243
146 285
32 271
257 247
119 79
154 167
167 297
266 270
271 110
173 43
156 212
20 146
183 269
122 1
261 48
64 59
203 260
80 95
21 5
245 129
274 2
157 65
220 20
120 232
44 238
202 66
297 115
248 131
121 217
255 151
242 27
287 124
187 241
297 0
211 298
172 208
95 233
204 282
243 164
71 7
63 114
267 182
128 260
299 55
35 271
134 30
200 94
132 138
134 139
221 250
294 64
110 211
57 292
32 156
161 183
252 31
92 158
58 29
65 5
188 153
24 278
236 101
265 296
65 236
34 253
99 223
96 25
296 273
271 50
237 146
245 185
177 5
138 231
254 268
81 288
82 25
45 177
229 116
32 212
70 62
266 127
18 268
21 294
254 31
87 225
15 196
33 263
134 188
51 278
273 178
206 104
217 125
256 129
208 118
94 62
125 44
259 128
160 134
172 192
148 218
254 229
192 283
132 261
4 142
150 223
290 138
62 150
226 170
222 207
225 52
233 118
161 274
246 62
175 99
267 99
171 257
76 67
44 277
292 67
191 13
22 238
158 168
92 99
110 125
180 26
233 241
6 117
5 205
245 14
15 80
227 145
228 91
239 299
127 182
13 186
244 246
245 159
203 123
291 268
157 81
264 79
21 6
