300 6500
258 94
11 17
294 272
61 239
86 180
236 77
174 181
58 258
45 57
14 105
233 20
174 266
120 168
225 120
48 61
214 186
172 179
286 119
73 136
266 98
271 64
65 184
266 99
184 87
194 278
176 33
48 125
292 131
158 76
98 104
259 134
270 96
47 210
223 60
122 121
193 117
164 132
212 145
77 46
261 208
38 37
188 40
152 234
188 91
2 109
275 287
181 258
235 128
93 29
115 62
49 200
17 238
265 84
275 273
125 128
34 204
260 63
3 76
180 1
8 72
103 148
30 162
173 118
132 184
259 156
251 253
9 72
102 219
298 245
22 265
174 28
102 217
41 195
78 150
23 245
141 110
66 201
55 86
95 82
90 67
217 154
25 2
22 137
97 123
152 170
163 142
103 52
75 260
24 131
189 195
62 254
18 92
105 275
183 205
165 160
86 184
11 238
68 117
201 233
15 116
118 123
292 288
192 241
145 49
271 111
29 73
272 45
82 214
288 131
271 293
5 292
277 0
262 138
249 112
156 127
48 172
2 245
105 101
154 15
201 199
186 66
100 295
292 120
250 76
221 108
149 70
205 154
214 178
260 132
17 209
137 279
28 177
62 105
124 104
237 143
2 145
24 47
0 30
267 25
267 286
53 264
172 251
272 29
100 270
17 264
217 19
100 284
275 0
283 29
116 232
285 140
150 257
160 204
208 276
214 121
21 186
259 194
18 162
286 213
194 160
13 134
71 189
183 104
213 179
245 154
73 259
211 256
124 217
263 49
64 121
241 259
210 219
239 60
44 124
214 290
255 0
205 256
104 251
262 159
156 42
164 257
98 92
150 278
291 195
47 38
39 234
237 135
224 1
66 195
3 52
164 158
76 120
58 79
242 222
280 237
204 199
216 69
226 292
190 72
0 20
129 269
1 270
9 242
86 34
12 298
179 265
92 32
19 294
123 268
47 54
36 160
226 109
299 221
257 104
82 99
110 46
67 203
224 282
211 151
48 62
151 39
134 183
32 121
299 59
222 192
21 75
293 285
197 159
221 131
10 218
21 137
271 284
209 263
16 153
148 18
135 0
140 189
174 148
148 134
147 289
22 132
56 108
138 183
173 226
131 271
23 158
39 54
102 169
191 294
115 64
52 152
69 242
166 280
259 135
166 235
137 113
23 218
211 276
135 123
142 262
154 23
46 190
14 241
189 158
253 74
255 70
288 63
292 95
8 250
66 177
46 282
51 131
66 32
175 96
32 189
109 271
41 260
196 26
153 125
83 42
154 50
1 120
264 266
212 75
74 183
37 60
228 275
145 265
229 147
153 148
95 297
288 18
0 32
171 262
95 285
281 196
58 84
139 77
251 92
108 109
266 100
290 91
291 163
59 180
298 258
264 94
137 3
139 6
121 223
229 70
93 151
29 258
129 169
255 6
188 160
42 197
236 28
288 22
180 90
61 39
214 0
237 197
134 281
171 280
146 6
73 74
255 180
41 55
47 74
253 230
234 141
204 162
210 107
243 4
156 292
21 105
102 74
79 124
83 174
223 188
209 227
180 89
67 138
139 126
122 36
153 43
76 280
162 257
109 58
86 8
104 252
171 132
35 176
24 174
272 265
58 101
135 147
64 36
103 131
225 72
134 208
113 198
121 177
201 197
80 200
51 132
165 45
19 26
73 213
182 248
69 124
54 158
103 138
195 13
195 167
10 27
73 277
74 137
250 19
257 295
19 21
91 95
294 154
258 4
260 206
34 293
91 237
202 294
96 12
282 195
120 61
133 109
165 50
264 103
219 152
151 209
279 25
7 110
298 137
1 223
3 38
222 237
153 263
103 96
246 223
298 11
290 160
18 290
230 207
196 57
264 204
280 219
8 48
56 4
195 202
167 21
149 186
288 57
114 206
197 193
226 252
22 274
289 270
136 281
174 109
236 66
210 23
71 225
17 82
99 115
279 216
161 52
279 85
254 272
225 107
211 156
296 230
43 94
52 29
250 218
192 79
282 152
97 260
220 113
47 188
50 46
69 77
107 263
297 213
170 114
80 210
115 186
35 71
174 177
279 28
163 107
40 190
207 245
115 9
6 110
161 256
131 26
25 260
14 93
75 224
118 298
154 278
207 13
292 147
167 287
146 248
104 189
62 185
219 24
37 133
159 299
216 141
3 100
282 222
29 291
267 171
135 194
9 223
263 71
298 23
42 291
16 11
273 148
227 115
281 53
3 220
103 87
72 221
244 178
233 174
179 109
134 51
185 283
226 195
73 269
76 207
248 278
31 30
24 49
213 207
22 120
96 218
95 24
152 178
115 206
283 141
187 120
41 200
90 30
143 112
292 168
177 139
138 248
16 290
21 53
41 258
254 255
20 14
15 54
296 225
288 138
1 85
242 231
193 215
289 31
126 158
197 246
189 289
16 165
227 31
131 172
100 73
287 158
174 240
217 264
273 50
260 114
33 81
104 270
144 182
101 140
149 31
297 219
52 36
44 221
278 23
153 81
117 256
161 72
147 270
164 131
195 260
33 98
286 117
108 62
254 208
273 54
195 238
178 200
112 197
40 34
146 277
165 141
220 262
289 47
267 123
139 110
286 181
119 72
161 274
23 137
222 198
30 254
17 149
264 156
276 238
11 273
278 69
207 219
44 175
217 113
104 35
270 19
272 59
63 81
15 240
55 206
150 180
64 222
85 250
18 119
57 225
28 134
46 66
88 176
32 13
213 269
274 182
157 187
168 251
95 108
12 157
240 218
151 192
53 55
197 117
276 10
167 81
5 194
143 132
219 295
276 78
91 42
138 203
101 229
278 142
79 288
223 80
139 187
20 229
84 85
126 11
156 71
254 108
24 34
1 77
203 69
204 95
254 190
109 182
71 60
21 24
44 290
32 236
112 55
299 173
17 102
202 283
288 196
106 221
246 266
21 22
197 75
168 140
31 135
29 230
276 145
125 114
12 120
240 23
288 212
47 227
77 203
35 185
15 112
285 205
70 67
280 201
15 77
240 131
54 90
263 228
24 61
171 151
60 43
186 173
264 230
86 222
222 188
143 79
101 271
89 191
223 216
21 290
178 206
157 82
285 202
281 189
12 17
41 3
66 274
227 33
239 83
69 169
26 206
40 49
77 268
51 171
80 218
157 253
198 95
167 275
39 211
205 279
48 50
227 151
295 12
0 73
259 0
246 26
185 123
277 264
207 33
51 37
203 236
138 175
153 171
295 168
59 287
46 179
92 136
280 121
174 143
213 134
32 148
191 139
180 284
234 214
81 276
159 237
173 137
131 137
22 91
238 61
125 68
287 268
114 14
101 297
94 58
191 106
72 240
148 268
248 256
86 121
43 25
158 98
267 31
71 212
191 190
87 93
32 65
178 226
291 184
4 290
142 213
9 174
151 7
258 269
222 280
257 102
144 109
101 186
208 166
91 53
33 9
290 254
51 235
66 103
49 60
258 86
139 222
100 115
27 59
271 140
0 299
113 8
247 54
119 92
8 23
160 215
276 141
6 91
183 72
134 75
177 180
293 194
155 170
57 87
289 238
86 44
199 241
174 236
80 113
59 22
185 258
155 78
265 150
280 188
206 230
236 204
127 119
135 139
119 290
160 171
206 170
185 94
102 208
111 121
12 25
33 223
295 274
71 133
263 40
280 46
33 289
285 19
81 205
245 80
43 202
222 13
96 75
184 156
298 10
23 149
131 239
45 140
225 129
35 76
37 151
19 231
278 12
157 170
161 37
292 231
96 17
157 28
288 51
53 273
95 250
208 52
95 76
99 4
174 138
248 233
96 5
260 256
208 132
170 219
65 119
111 36
276 32
115 159
129 172
15 88
87 293
171 181
108 22
181 232
187 77
210 284
196 105
294 36
18 158
273 256
188 173
197 12
233 69
73 279
104 289
14 61
89 205
144 261
267 96
7 85
169 42
188 150
194 115
268 29
79 185
16 159
214 115
210 239
138 97
10 287
161 230
25 44
275 86
96 168
160 173
8 126
5 170
115 272
221 24
143 242
182 215
181 186
15 247
132 261
27 134
169 189
227 170
219 123
110 195
98 256
239 184
22 202
152 104
260 5
99 45
17 242
17 52
117 170
242 66
178 84
203 119
5 233
48 167
245 108
74 117
186 261
227 160
260 243
124 66
3 83
2 22
283 267
94 30
120 124
149 105
101 7
66 211
144 122
159 277
237 200
56 157
212 60
190 154
254 134
258 166
65 98
205 123
24 1
250 236
27 62
254 33
174 248
185 140
207 199
292 229
4 245
292 100
179 236
60 163
211 137
120 142
284 281
247 135
49 31
299 21
192 3
26 181
182 102
136 256
36 1
296 286
273 56
70 206
76 130
91 123
214 105
297 256
249 86
50 203
231 259
163 251
257 183
47 237
48 141
203 54
289 200
186 158
220 122
247 27
237 179
4 241
177 122
121 189
100 233
265 257
62 190
262 257
41 38
197 151
166 164
297 293
210 108
75 80
133 233
210 241
211 88
136 295
48 38
58 260
154 280
45 24
183 92
41 186
136 276
130 99
187 50
30 86
158 284
16 29
193 186
61 11
89 208
21 205
137 284
75 228
183 109
163 110
54 219
99 71
211 55
249 127
0 116
64 189
179 88
69 192
296 285
95 117
210 24
221 90
53 11
49 85
94 3
278 71
106 151
73 105
130 56
184 241
88 120
211 200
184 217
55 98
10 270
60 168
166 148
110 96
279 157
135 288
252 274
5 161
45 185
105 278
156 221
72 146
200 209
24 74
265 104
133 85
187 47
294 10
240 31
223 160
74 64
48 187
288 298
3 203
187 204
91 278
260 189
169 183
219 213
220 10
218 110
187 162
29 4
195 47
187 153
172 273
22 235
292 254
282 241
86 101
88 178
276 40
140 233
285 287
156 8
191 189
82 272
291 96
89 111
277 38
275 255
233 264
291 34
251 10
4 216
56 230
126 48
96 57
111 112
101 189
75 274
262 188
30 209
270 118
137 68
182 193
158 30
228 31
28 37
81 88
101 170
114 57
118 255
283 228
246 218
123 193
200 46
132 118
167 247
86 3
77 170
287 63
160 138
3 209
144 53
176 45
248 145
267 127
190 138
97 108
240 97
149 209
118 190
139 115
97 177
84 235
184 161
37 1
29 1
113 84
110 230
234 205
292 284
44 246
267 185
121 191
188 92
197 254
125 219
211 175
134 188
170 54
164 236
297 65
152 4
88 282
243 104
84 226
139 70
20 13
256 109
272 292
124 63
60 229
133 173
158 209
234 276
178 124
228 131
277 76
102 97
221 286
294 144
164 162
259 280
261 265
162 220
256 299
84 33
146 224
41 294
185 180
107 208
190 102
220 33
238 219
103 53
237 193
48 136
130 150
108 227
223 230
222 212
250 139
134 132
205 125
89 255
196 298
46 44
199 246
231 70
275 170
155 187
12 20
85 277
214 21
37 169
48 51
138 220
94 77
171 178
209 11
207 119
119 268
202 92
122 192
64 277
45 287
32 69
201 35
219 176
12 284
106 291
123 286
281 155
274 83
66 174
98 234
245 127
3 62
2 257
294 171
38 56
69 183
97 85
41 142
157 68
24 230
35 154
27 107
280 20
183 203
185 297
222 213
93 177
86 240
66 260
4 60
59 289
271 80
157 185
279 265
120 197
81 197
73 140
56 122
7 286
103 283
179 219
151 117
7 216
29 22
16 187
220 241
262 60
89 59
134 246
299 70
240 71
150 233
160 142
25 256
85 182
82 156
154 167
32 107
131 182
166 36
16 224
240 232
211 73
175 262
6 202
156 49
296 268
266 285
151 138
30 145
66 109
228 67
186 124
287 8
201 204
283 41
64 184
225 35
140 146
112 88
235 116
137 229
245 164
122 153
155 129
164 38
228 17
177 181
7 56
214 208
115 41
211 163
14 242
116 135
114 180
213 246
161 165
152 270
116 69
261 159
205 150
35 279
236 116
138 47
83 141
228 200
81 238
241 96
14 230
180 171
188 161
136 8
237 272
269 119
95 278
69 226
283 90
32 158
109 232
163 135
142 140
137 261
120 14
58 204
112 42
155 276
278 115
41 206
86 36
162 273
187 22
197 174
11 49
167 182
170 91
92 294
88 200
157 211
139 133
244 108
155 104
87 123
174 38
298 87
230 266
167 241
130 68
81 285
160 154
57 73
201 82
193 207
89 58
149 176
58 249
243 117
270 120
115 218
165 102
34 109
62 149
86 218
139 31
95 127
131 149
182 114
11 145
79 191
225 56
19 274
244 13
259 21
183 68
286 219
151 269
246 191
56 19
174 127
111 67
209 23
259 195
70 94
79 243
129 37
122 57
85 58
102 195
53 217
243 253
56 153
172 44
21 49
146 88
130 50
209 164
276 146
211 185
112 0
94 265
188 111
187 180
92 102
96 44
296 258
220 20
184 195
52 133
150 122
271 13
286 186
157 229
211 184
87 29
157 86
5 54
158 185
232 80
24 226
160 145
230 295
273 77
248 221
242 125
202 90
130 195
163 176
58 252
203 147
87 253
144 104
89 262
278 99
30 37
2 211
234 49
268 126
189 294
60 188
6 226
30 60
118 192
150 53
73 241
128 142
261 73
219 249
226 172
225 109
37 130
139 116
54 244
153 246
128 231
245 228
151 113
0 83
50 85
185 284
279 161
76 90
83 210
75 32
114 289
280 49
162 139
174 270
263 50
286 96
114 64
79 134
288 278
95 61
198 297
36 253
258 46
87 245
185 51
146 76
190 285
280 216
276 18
147 213
90 109
83 206
239 193
2 49
173 240
176 200
135 134
56 25
253 141
274 204
211 189
138 63
142 71
264 32
274 67
193 187
2 286
28 104
11 194
27 223
281 119
41 156
253 175
55 233
27 209
295 173
104 290
241 129
229 276
12 37
162 64
29 281
96 159
282 85
126 91
251 197
98 125
67 268
256 115
141 217
138 106
192 198
128 179
266 34
230 121
72 53
30 273
37 8
5 283
272 9
111 127
138 59
279 293
6 280
157 155
88 22
180 240
182 217
271 27
104 75
57 237
175 92
189 299
288 140
157 142
227 144
127 137
283 45
6 221
194 99
180 61
249 226
154 191
184 71
238 217
159 40
67 147
141 144
34 172
246 226
35 22
183 51
158 195
241 66
128 278
94 98
55 266
274 176
3 106
145 193
182 18
54 58
284 258
48 0
16 122
163 149
38 145
224 23
197 247
284 35
42 129
241 12
120 58
142 14
202 130
135 197
220 280
125 97
131 160
245 200
44 126
273 154
62 46
57 231
100 150
4 27
175 127
143 128
174 120
44 129
232 26
82 5
260 49
191 148
48 90
88 188
111 68
62 153
251 23
59 120
201 229
182 121
204 17
189 228
282 273
229 127
42 250
273 107
36 136
35 24
284 211
104 43
252 176
2 91
287 91
146 158
227 260
168 89
46 242
39 116
102 214
292 266
213 55
187 41
255 84
77 51
235 278
274 21
234 150
229 121
200 217
220 131
94 57
255 115
247 30
83 116
164 53
99 226
146 164
238 264
102 146
207 99
174 104
229 298
190 229
139 80
253 264
273 47
284 29
249 256
48 122
233 287
76 214
114 254
253 3
139 161
151 32
263 220
91 51
239 82
58 140
172 160
212 73
26 138
56 282
142 166
108 232
254 191
291 169
260 164
261 51
233 170
273 116
152 33
5 93
83 51
104 245
163 274
88 123
256 65
81 1
76 121
293 157
266 277
179 182
91 223
259 60
198 3
298 18
169 210
72 84
220 253
76 278
250 275
288 168
115 269
216 93
154 87
93 205
18 234
14 235
254 89
235 113
115 143
168 108
200 216
119 150
90 203
172 197
278 73
273 289
55 21
221 92
163 250
214 219
7 132
153 172
231 163
46 133
8 221
240 215
32 71
183 26
294 70
255 77
71 288
248 107
246 2
262 208
36 184
46 296
59 196
269 65
38 11
107 86
194 94
143 271
271 102
54 100
208 93
90 266
292 290
251 57
287 79
240 110
23 49
253 0
118 193
259 104
161 15
92 122
25 100
216 57
273 102
227 143
51 176
133 102
292 3
214 175
113 11
153 22
28 186
11 56
157 57
175 172
84 50
122 14
272 92
189 231
202 145
38 131
182 132
73 267
142 196
229 90
22 39
260 222
164 283
25 230
44 220
6 261
10 198
145 264
265 298
140 80
208 99
64 202
238 106
251 95
96 25
26 164
199 235
179 91
246 165
68 262
237 76
218 183
56 123
85 135
59 265
275 130
283 136
98 37
296 206
31 83
97 171
134 100
181 70
192 134
117 266
170 50
187 190
259 129
67 79
88 20
199 280
104 0
67 161
88 97
268 288
77 123
162 94
105 238
89 209
21 251
190 267
161 234
219 61
186 200
250 37
60 105
52 60
203 58
293 123
162 127
280 179
261 286
249 83
173 161
50 207
38 204
15 24
70 251
125 237
146 234
102 140
210 285
12 221
151 185
45 251
79 66
232 164
74 234
112 223
151 177
43 67
91 134
154 238
290 222
169 55
133 204
23 183
30 26
193 5
13 108
19 226
118 212
124 101
286 169
226 13
45 209
225 249
104 141
241 32
10 240
23 190
289 230
250 144
138 21
221 263
160 39
227 134
128 141
175 91
284 178
278 94
60 27
198 112
122 221
0 76
190 54
167 111
70 138
67 229
76 93
21 163
56 151
141 285
202 187
152 23
211 78
180 126
105 81
259 38
219 8
215 217
92 171
183 153
217 280
182 280
149 172
247 147
178 123
12 207
225 90
239 110
22 150
261 28
112 182
156 63
217 298
49 212
275 35
250 244
16 132
101 118
50 174
232 273
268 206
255 293
101 184
126 179
277 289
274 230
240 137
257 7
81 11
166 53
160 63
47 147
64 221
240 242
195 90
6 215
269 173
190 129
33 93
233 226
0 119
265 55
254 209
50 126
156 57
30 288
53 104
166 266
105 169
298 48
298 126
292 39
100 286
281 299
44 127
298 13
191 185
142 181
89 219
258 294
191 293
243 144
34 178
215 102
72 65
135 99
216 29
174 160
265 155
144 101
94 289
86 166
289 67
291 196
94 266
130 180
0 96
243 226
60 149
170 185
115 258
116 276
158 231
254 42
165 61
108 275
133 104
273 4
38 163
262 254
297 203
194 119
156 235
114 32
54 16
278 192
195 197
250 117
70 20
22 204
251 63
163 79
157 268
10 161
192 235
248 187
246 42
279 183
158 152
237 113
42 227
193 177
35 84
201 149
286 6
240 220
89 229
195 294
91 171
181 224
31 37
243 2
209 193
144 9
19 175
172 12
247 210
97 91
55 20
201 163
29 215
258 121
47 276
114 53
30 168
199 87
139 48
297 136
47 294
82 222
245 117
239 67
101 57
231 170
38 78
100 144
2 12
92 173
228 193
267 249
280 19
177 23
71 49
157 218
81 231
197 13
28 19
26 195
227 167
147 154
13 178
274 211
100 140
243 228
160 276
291 87
81 51
78 94
182 71
179 82
205 65
49 109
101 154
280 252
14 200
106 259
97 44
77 147
10 71
51 105
0 137
137 94
110 227
177 59
241 139
218 203
274 285
229 135
296 208
125 235
163 117
162 287
63 233
161 283
65 93
288 88
293 199
64 12
136 50
94 297
242 198
220 111
212 210
82 75
60 196
262 23
145 133
55 104
193 33
152 81
121 114
71 180
257 87
177 142
232 9
199 35
145 162
113 2
27 185
125 136
159 178
151 155
214 194
208 244
217 165
62 277
257 260
270 60
252 231
0 230
36 150
248 89
265 229
14 168
66 183
188 257
180 55
230 190
23 166
163 164
72 203
91 89
22 165
93 47
245 268
67 181
80 264
171 85
171 206
168 252
88 102
264 113
256 180
207 37
185 161
2 112
41 253
187 13
102 240
271 41
29 175
149 151
118 50
36 78
32 24
227 53
58 19
99 244
244 18
143 66
249 110
10 288
187 195
231 191
90 128
229 175
75 291
210 50
1 246
39 121
190 159
191 70
115 251
9 288
243 236
126 157
96 198
176 23
34 298
66 137
231 211
168 98
184 259
33 124
175 153
103 247
150 225
205 108
185 223
244 272
279 232
253 274
76 172
255 257
291 292
6 148
191 53
140 47
44 106
11 288
135 244
127 88
128 284
96 209
124 117
120 278
38 160
47 119
180 163
243 222
153 222
147 219
295 160
275 292
117 52
175 98
293 11
266 253
107 295
250 91
224 124
82 161
277 172
110 105
210 100
220 178
31 151
285 183
299 143
92 31
93 75
140 91
62 137
105 92
232 143
274 194
100 229
183 193
8 41
53 280
216 0
33 186
20 89
94 191
96 23
169 131
28 117
29 261
256 247
72 80
51 158
131 43
263 73
61 97
258 5
113 287
150 203
136 273
94 86
255 292
139 230
145 261
175 147
40 59
40 236
96 101
95 197
132 104
142 189
154 8
73 282
208 81
128 68
188 136
264 165
281 295
42 282
18 168
14 294
204 202
74 198
82 209
157 94
10 20
6 32
5 188
157 52
229 0
10 246
26 118
121 192
35 297
143 81
101 60
95 264
242 182
6 158
55 277
40 174
54 277
26 254
203 151
208 211
209 216
116 286
127 246
43 225
72 168
241 261
74 124
104 173
203 169
34 149
267 158
20 291
123 258
27 111
136 180
197 4
143 4
228 259
145 186
122 139
206 54
88 284
152 267
173 289
273 187
59 16
182 268
137 232
68 269
179 177
292 105
265 124
208 196
50 192
106 213
91 204
214 293
201 47
298 70
271 299
58 22
16 9
82 155
297 90
259 85
171 79
279 166
203 233
6 201
295 76
265 277
141 34
66 234
95 141
268 30
126 56
200 193
178 213
121 109
291 129
215 90
274 262
192 117
250 175
71 113
46 106
233 61
238 258
284 135
139 157
196 93
248 201
220 34
124 15
117 89
173 239
78 18
39 221
217 239
138 134
152 117
16 247
60 184
201 125
125 271
131 107
159 57
229 192
138 68
282 213
231 134
117 283
217 47
1 10
18 61
66 82
49 36
268 225
227 34
122 246
288 262
112 254
14 27
68 190
114 115
87 25
164 281
283 73
185 242
54 174
174 178
79 3
61 257
124 73
286 111
188 6
24 51
90 132
259 149
59 253
5 142
292 123
80 121
170 291
178 256
173 146
178 227
191 72
161 95
228 33
182 216
134 111
179 209
148 241
86 126
10 225
171 52
34 280
266 25
95 54
226 219
17 147
254 106
93 236
270 200
97 75
198 107
88 53
256 71
286 38
77 277
200 92
74 93
26 63
187 21
114 183
105 197
278 137
95 159
21 204
290 25
102 48
235 182
2 34
257 203
180 3
34 129
152 97
8 116
223 254
283 170
186 49
231 260
249 42
48 179
156 230
60 117
67 198
193 164
96 250
286 92
170 246
159 73
143 93
218 128
37 88
273 82
221 196
41 34
107 161
287 29
115 285
142 25
218 44
229 143
32 267
51 208
261 225
94 220
152 232
117 297
252 78
12 188
270 145
48 291
42 117
125 160
84 183
27 282
149 179
213 35
43 165
77 22
159 165
144 274
252 245
32 106
166 61
39 90
87 63
225 42
189 180
213 126
220 102
224 234
253 151
74 208
119 71
72 58
229 38
204 182
229 156
137 183
101 80
152 183
0 279
137 49
102 291
279 120
250 35
296 209
184 31
89 47
14 50
15 33
219 262
102 43
59 281
181 19
110 33
100 18
200 87
11 72
130 256
161 40
155 153
5 208
91 279
97 50
68 186
77 12
294 120
136 232
0 263
61 60
114 4
156 95
245 206
86 147
153 186
9 282
1 252
243 283
65 234
220 234
239 28
284 14
296 16
34 65
70 133
141 164
11 186
182 45
52 239
9 78
58 195
255 96
24 280
245 289
40 271
124 16
93 80
88 239
217 130
232 239
12 7
197 100
78 11
188 166
120 5
10 142
287 140
109 33
194 187
279 248
145 255
194 53
180 141
299 267
196 64
172 20
52 272
279 229
191 288
177 248
117 34
244 106
152 1
35 73
245 243
8 81
173 130
279 101
200 139
70 261
37 278
253 6
80 130
169 81
271 287
265 85
29 163
151 101
117 88
48 7
159 266
216 290
19 204
293 150
88 124
252 118
61 109
46 120
236 33
167 245
190 255
105 70
13 190
118 250
38 200
294 57
248 51
138 265
167 196
199 8
15 23
185 153
170 41
65 164
131 110
224 281
11 106
233 86
226 190
32 255
160 250
210 31
80 136
155 149
225 94
136 61
68 166
162 214
44 179
185 248
61 225
169 256
221 277
80 179
192 195
131 158
199 186
177 282
205 252
152 239
95 22
290 239
127 76
8 144
92 135
18 142
273 52
289 297
90 97
43 182
262 250
61 149
186 178
236 241
153 6
280 145
137 51
27 150
102 118
137 273
31 186
220 42
1 165
177 228
99 132
131 17
255 244
30 275
187 203
127 5
289 174
109 216
214 53
96 261
122 227
3 284
149 184
260 262
178 228
252 77
186 253
78 20
232 169
284 96
244 267
235 279
242 250
295 197
77 253
55 106
233 80
218 123
71 203
188 128
145 285
105 31
192 23
116 49
151 17
83 276
176 61
261 146
169 190
100 207
5 146
236 165
199 286
143 111
56 134
15 9
50 286
90 78
227 36
78 130
188 93
39 32
268 58
183 76
42 206
24 100
161 108
104 135
191 211
161 150
44 258
59 54
89 169
127 189
253 181
295 265
58 173
209 224
96 292
283 46
107 182
208 230
194 63
270 9
230 119
214 173
84 205
81 27
128 55
278 107
8 232
108 191
5 101
147 276
213 77
112 148
296 254
187 45
128 78
222 128
87 178
285 15
61 49
31 15
76 57
259 98
38 87
172 97
221 145
70 200
32 145
226 15
169 13
98 91
256 19
89 162
185 82
288 290
214 61
163 130
86 216
121 267
289 95
57 165
6 241
143 41
165 21
218 207
151 160
288 122
203 78
50 215
277 128
91 207
56 255
137 73
274 76
233 197
218 83
0 44
46 154
50 81
218 221
200 271
253 106
208 32
154 274
122 191
225 193
143 216
209 103
94 83
283 176
211 167
80 274
32 155
85 73
168 131
206 270
82 22
58 232
164 52
109 231
114 33
273 155
1 166
70 264
15 202
233 183
163 106
145 199
18 85
123 171
280 146
243 118
34 218
177 241
176 158
244 148
5 6
97 174
18 36
85 165
1 221
41 265
256 261
54 178
174 172
200 262
112 278
281 115
254 210
67 69
240 140
147 280
201 101
240 150
187 134
0 99
66 250
168 279
248 224
81 193
212 278
296 201
29 257
227 48
88 39
266 67
79 276
296 51
98 188
127 260
1 268
227 133
277 245
116 198
18 97
171 161
46 132
63 147
110 167
244 8
185 17
39 280
273 283
1 73
89 7
193 122
277 256
29 58
180 145
59 149
177 81
268 64
208 283
28 21
206 207
259 105
225 234
89 239
195 73
58 124
127 269
211 80
170 225
161 65
85 207
94 276
13 109
1 49
58 18
66 248
280 61
69 148
240 226
288 151
258 9
56 241
98 145
266 167
118 159
31 251
59 171
162 111
178 51
261 224
171 245
109 172
214 298
227 132
167 267
120 196
18 50
249 73
229 297
75 188
146 13
139 138
182 295
158 40
80 202
27 138
111 156
73 227
16 184
128 88
212 294
161 259
274 86
66 220
296 170
188 16
0 278
131 217
65 266
174 35
154 30
97 47
84 220
130 225
83 265
122 75
34 166
253 171
50 206
147 182
40 203
169 200
151 200
169 110
56 5
285 249
281 298
11 232
2 207
136 88
48 71
121 145
83 251
242 65
87 0
228 134
162 192
149 69
170 256
287 87
285 130
276 100
120 11
242 77
135 44
160 269
165 72
191 4
9 277
122 61
222 48
198 29
74 262
201 158
198 15
10 65
113 238
55 48
198 87
242 149
239 126
174 164
207 272
289 139
243 69
191 66
121 66
136 195
85 256
94 268
293 0
205 227
90 57
251 67
204 233
116 5
261 69
89 102
269 18
222 202
84 49
51 141
173 79
285 147
276 43
137 202
95 190
199 252
221 215
235 2
256 245
282 288
267 112
80 197
87 78
84 93
246 247
269 32
169 116
187 294
124 103
138 279
192 202
179 260
136 130
200 227
195 74
0 206
164 57
237 164
200 175
88 38
109 294
110 3
85 92
155 280
77 70
25 241
242 155
58 177
3 34
234 297
183 119
152 167
102 60
118 42
151 280
103 47
204 191
172 21
272 172
201 107
227 30
75 209
161 124
207 153
76 23
280 260
202 169
244 261
120 49
84 40
255 160
69 72
85 54
257 210
157 9
62 38
246 36
101 137
257 186
102 207
97 250
295 13
184 62
108 207
66 226
19 101
164 51
282 156
174 264
87 280
93 214
254 53
65 89
182 275
284 126
272 143
63 164
16 152
197 293
289 131
12 289
71 110
138 253
229 92
118 128
222 147
269 83
29 10
202 246
17 257
173 297
145 134
158 244
161 199
138 116
177 171
51 191
173 12
123 106
160 179
186 213
91 226
109 48
107 53
172 4
255 18
270 167
71 223
280 235
79 120
145 83
170 276
244 205
194 268
107 133
6 163
194 123
143 171
153 17
154 98
227 1
131 270
249 94
212 185
136 72
264 276
0 159
221 202
287 156
214 10
234 4
69 103
80 279
196 79
187 51
62 250
185 280
222 18
166 48
217 257
238 65
11 275
275 138
45 54
280 186
117 120
135 200
125 214
182 222
269 118
24 52
151 259
216 11
283 85
28 13
192 105
97 291
283 290
146 251
89 30
185 23
99 105
132 112
161 11
167 148
107 168
81 18
65 4
146 3
98 287
59 152
142 195
28 147
81 162
294 98
290 31
264 232
42 14
121 139
186 38
92 147
130 250
150 34
104 207
224 113
87 30
52 292
235 48
35 110
201 140
64 274
68 216
236 183
110 294
58 59
119 94
62 252
156 103
136 123
209 146
70 33
59 97
187 38
203 85
116 50
285 180
80 191
194 48
89 264
191 125
54 124
196 140
226 142
144 155
113 160
0 13
85 211
291 284
177 46
260 27
179 138
28 280
51 186
286 258
77 36
99 225
49 12
152 227
278 198
198 131
63 139
234 47
299 179
20 129
212 224
35 48
247 252
246 275
222 6
229 202
122 188
190 233
291 279
50 157
154 90
278 292
283 83
193 137
20 237
159 101
67 222
213 159
178 235
236 34
226 192
113 149
298 41
168 86
206 45
220 203
98 167
167 77
260 186
41 53
70 189
168 56
293 14
257 171
207 112
181 144
201 210
71 94
65 215
208 152
0 130
178 198
131 285
87 271
32 137
160 88
95 195
143 255
215 204
218 258
299 184
101 44
205 172
295 108
243 151
36 21
157 116
254 154
30 180
185 129
28 192
10 206
38 170
290 248
216 242
178 89
232 25
132 31
57 67
115 150
58 186
153 10
35 277
29 192
233 123
159 15
234 232
71 79
87 139
82 25
164 116
69 173
130 280
242 164
252 99
258 67
105 153
132 60
269 28
86 247
236 71
102 98
1 2
137 271
24 66
158 198
274 299
148 281
140 131
229 72
74 256
90 211
233 148
235 78
124 170
229 62
228 121
16 125
163 196
147 54
166 63
47 130
228 9
198 8
17 54
139 237
22 237
17 184
157 181
203 105
40 107
144 139
120 74
294 77
17 198
14 64
287 269
72 76
194 40
291 21
118 228
75 204
200 104
176 30
259 9
21 110
149 243
34 39
244 37
128 282
129 75
174 269
37 134
209 284
103 59
171 109
196 99
172 100
77 60
56 78
202 223
287 244
37 119
295 210
124 233
47 200
4 174
182 152
65 244
128 106
144 167
12 257
163 25
86 118
280 191
78 264
229 295
59 47
2 82
213 191
267 273
178 285
65 83
157 138
128 12
102 247
147 246
31 237
217 13
36 183
7 223
143 47
100 158
28 136
168 219
231 86
272 88
274 117
220 56
269 195
48 219
267 83
235 35
148 252
172 284
227 154
63 245
19 144
2 83
75 290
59 277
86 21
113 204
205 128
98 244
12 277
129 150
27 105
64 185
95 15
56 244
75 98
0 268
8 190
259 138
15 287
61 139
210 112
64 266
26 77
186 55
247 112
143 107
275 113
267 237
277 130
149 255
248 57
211 209
169 297
93 153
135 286
89 137
115 201
75 71
245 283
102 162
147 80
170 169
260 57
276 133
94 245
177 173
24 190
99 55
155 190
0 110
234 84
216 124
112 115
45 221
118 129
111 230
88 72
147 61
188 135
55 281
149 175
292 211
297 129
262 83
64 148
75 47
242 224
14 130
257 218
120 250
21 70
48 47
129 192
291 207
55 85
203 278
105 88
109 101
177 52
219 193
187 166
57 214
100 7
16 167
4 148
101 92
171 67
188 129
173 294
130 25
84 110
103 227
132 262
198 258
53 119
5 294
271 163
158 290
286 179
230 169
291 14
60 65
192 125
182 187
145 78
49 83
133 161
278 127
208 118
279 144
61 175
36 129
245 232
218 298
87 43
225 203
139 82
257 43
72 263
72 12
284 182
8 63
100 33
279 6
136 146
258 209
270 161
243 127
237 15
27 31
79 12
151 46
241 113
290 233
98 29
280 239
161 177
2 20
11 133
56 197
96 236
84 299
64 134
266 220
71 21
248 63
78 6
117 85
260 123
93 206
198 202
194 86
242 187
260 33
3 0
177 192
195 263
173 30
171 8
20 18
76 293
30 56
178 199
177 195
225 101
161 155
30 197
152 214
250 9
71 47
284 82
0 290
183 190
182 232
57 23
140 218
11 184
173 32
79 291
225 178
187 146
124 91
160 90
242 73
157 136
105 171
229 93
219 77
4 77
158 275
59 26
109 175
198 135
203 18
290 198
78 187
63 126
37 56
56 286
96 233
173 210
195 0
120 32
8 129
152 243
58 99
298 220
28 197
149 279
263 28
84 123
139 299
41 79
161 103
139 131
298 293
210 166
125 193
56 99
215 258
112 126
63 34
179 270
113 255
297 238
3 186
162 275
114 265
31 155
217 253
40 209
22 270
262 76
0 34
158 69
287 12
49 270
263 21
25 49
29 3
28 140
111 39
232 287
153 249
52 216
277 30
97 265
59 10
197 60
73 129
154 279
251 50
143 116
48 157
22 31
198 42
171 192
0 258
144 220
31 206
39 51
178 108
219 167
263 111
20 234
201 252
177 33
264 208
228 41
241 0
33 141
203 191
66 233
217 83
264 42
239 285
189 113
143 36
134 169
262 111
96 107
147 241
25 125
16 120
262 256
112 37
180 232
241 49
113 36
150 244
186 292
86 48
286 248
115 132
172 142
2 219
260 84
262 275
64 286
16 119
47 220
275 201
5 219
130 77
24 215
4 16
171 165
12 102
196 2
138 96
261 270
36 29
219 224
4 294
159 158
158 236
27 78
135 3
112 104
273 63
253 236
174 69
9 176
285 222
129 247
137 109
141 127
244 174
41 0
71 186
173 194
295 78
124 86
224 93
234 268
110 24
156 120
191 149
113 109
184 281
287 297
11 60
270 157
28 24
235 299
121 45
186 225
174 193
52 139
125 0
226 150
134 60
29 221
150 128
7 21
219 182
288 247
53 142
214 30
260 20
127 160
293 262
192 190
172 292
176 160
141 23
69 51
246 293
122 158
7 252
280 12
76 216
14 157
11 118
249 77
82 286
14 117
183 7
112 280
87 8
65 122
151 65
294 226
240 66
185 183
153 113
143 182
143 43
174 247
60 44
132 152
251 2
58 76
10 285
202 120
93 195
21 73
165 190
199 193
288 84
181 65
42 0
19 269
232 216
113 85
239 25
259 273
270 37
13 228
13 73
218 272
215 23
18 281
161 110
136 178
28 133
68 209
239 95
0 264
276 128
251 192
274 187
235 88
54 1
180 149
256 240
154 54
131 209
146 271
247 232
296 295
148 146
119 38
283 18
149 271
52 284
135 146
23 127
15 292
77 93
256 86
260 119
88 43
294 48
67 286
190 25
119 282
284 202
259 5
282 163
210 268
141 6
103 20
30 44
191 62
18 141
59 67
241 77
34 237
206 183
228 73
248 4
56 83
54 88
36 112
98 25
196 231
279 271
3 61
228 141
38 93
176 166
65 102
118 194
118 5
93 173
86 186
96 42
285 122
1 177
3 226
178 208
45 17
37 177
138 14
224 163
69 62
112 268
79 56
145 1
259 261
241 149
69 224
19 146
41 238
75 121
76 218
209 108
203 237
290 132
184 231
137 115
66 159
226 30
171 11
53 177
72 155
263 239
115 231
204 224
35 99
191 111
98 241
38 130
199 227
84 253
299 249
149 124
12 108
245 43
88 10
165 60
3 210
165 198
273 29
212 242
81 30
290 99
221 74
25 129
148 259
129 123
108 42
166 253
249 107
296 42
255 27
113 107
95 130
110 16
73 51
177 74
79 230
166 286
167 258
14 73
125 180
205 104
84 27
163 28
136 16
278 145
192 288
58 3
247 276
294 205
96 16
240 199
223 72
4 254
112 174
271 289
21 84
194 220
44 271
176 195
252 207
228 127
262 124
196 48
254 153
49 178
223 23
265 109
120 256
155 208
11 193
36 195
141 207
143 99
191 196
56 187
189 115
94 101
179 142
276 3
145 290
248 270
268 130
267 251
276 287
272 125
125 264
229 8
70 187
2 105
107 245
110 145
115 82
81 99
33 21
144 272
104 138
44 72
59 78
120 192
145 250
254 150
60 225
86 33
57 297
219 72
26 234
119 129
44 131
42 94
290 227
71 4
259 247
189 252
42 203
146 255
83 35
57 262
152 12
155 209
181 112
123 170
191 248
157 33
200 101
224 12
100 191
237 235
258 262
237 85
136 219
53 117
82 77
223 128
181 158
195 109
84 9
284 297
28 283
213 149
195 94
269 74
190 36
155 213
3 299
60 187
120 104
16 213
218 118
216 62
139 129
92 109
194 191
150 232
29 80
29 242
16 285
60 275
178 115
197 168
35 18
63 105
265 18
16 252
259 11
34 23
111 65
121 276
82 266
198 58
180 211
155 179
158 123
33 262
108 124
83 30
195 60
187 282
139 134
161 142
9 216
93 228
201 153
78 282
118 61
72 125
149 10
53 276
153 280
115 154
48 121
260 116
143 264
127 97
26 256
271 33
216 270
192 154
73 291
270 40
199 10
61 76
239 181
43 183
156 9
110 192
68 147
54 60
178 145
223 108
107 262
46 23
64 57
68 254
46 59
37 147
247 236
92 94
67 77
25 219
246 298
19 16
260 190
252 287
76 77
250 273
249 141
142 130
78 238
89 158
281 105
24 158
51 256
196 61
293 146
184 18
129 149
30 287
14 219
19 89
29 255
28 138
73 52
150 160
223 38
160 286
86 284
135 179
111 101
235 257
210 165
108 214
108 51
207 242
34 272
104 46
215 239
258 174
82 173
168 199
114 166
40 165
230 72
30 49
244 188
58 34
233 261
117 284
250 246
72 142
272 286
189 182
6 240
125 37
82 243
269 104
115 22
51 283
76 139
124 106
183 113
166 77
263 57
96 108
198 51
177 90
98 1
279 65
229 77
125 40
119 189
95 295
169 95
273 243
197 260
164 275
191 69
209 37
58 286
285 121
40 13
116 133
202 96
203 197
73 115
297 41
292 289
240 16
39 212
49 76
123 113
286 37
271 168
169 276
1 97
34 148
299 174
182 161
33 213
221 61
5 243
114 73
275 4
222 111
11 45
175 296
191 230
153 264
85 221
293 109
97 176
26 18
69 88
270 30
215 233
198 101
149 20
2 175
250 28
149 79
241 217
228 260
2 215
3 104
176 26
284 285
42 252
280 0
123 294
215 74
140 114
222 238
108 287
282 275
195 76
282 2
205 194
119 140
140 40
217 284
79 214
109 164
245 173
174 237
5 35
75 154
212 93
81 85
285 227
79 14
70 109
164 124
147 264
187 101
129 281
105 194
100 35
247 28
144 157
256 54
17 287
161 70
166 132
250 26
255 31
277 39
96 120
274 146
119 226
138 135
183 204
42 123
226 149
212 77
105 17
107 23
33 88
147 137
89 53
188 259
184 47
254 181
7 299
62 124
137 144
204 61
90 85
24 16
126 106
118 275
92 198
116 30
275 140
196 35
166 39
92 154
180 91
243 297
296 15
252 120
92 255
209 118
5 227
297 222
37 247
107 247
176 85
63 191
65 298
196 198
259 96
213 275
225 132
0 113
215 51
254 19
127 244
45 216
80 83
46 205
299 71
154 241
31 39
234 217
28 210
189 20
1 116
158 119
166 236
81 270
110 112
235 124
219 84
81 89
74 190
259 213
213 121
212 186
103 68
145 28
100 19
282 202
272 279
71 266
71 201
221 37
170 76
77 108
61 232
4 144
82 63
159 121
178 218
117 148
234 270
67 27
127 287
237 268
43 72
131 238
177 207
84 202
240 153
282 116
238 298
68 295
160 237
195 181
197 277
145 111
248 229
128 178
221 167
254 107
27 98
212 119
88 116
171 174
92 55
215 152
61 41
284 219
167 153
244 156
209 148
278 53
221 55
224 43
73 275
152 76
297 34
269 265
281 268
72 195
272 193
256 202
249 116
10 155
42 125
18 69
207 77
161 18
233 265
26 45
89 251
69 260
293 69
280 211
217 116
34 70
191 169
176 213
276 56
113 130
0 191
235 29
248 53
281 156
236 58
175 10
65 152
246 16
76 118
89 5
13 208
92 115
185 156
158 8
177 38
100 272
108 250
229 139
178 36
47 51
288 23
52 118
298 127
98 184
1 83
216 287
198 257
10 57
242 269
3 288
44 69
122 107
239 212
101 230
66 52
0 133
281 97
99 106
102 282
148 237
50 240
288 213
236 107
254 47
181 170
69 151
215 16
59 236
298 251
157 132
114 120
141 78
143 217
66 55
259 33
180 199
13 237
175 216
214 291
167 250
27 122
23 296
202 59
295 180
262 290
124 152
94 231
43 293
256 100
81 250
160 146
287 109
107 244
279 47
104 25
108 105
49 52
198 213
123 80
128 46
45 110
218 9
276 8
49 126
270 281
117 292
207 59
164 167
287 172
65 110
134 36
205 32
227 94
213 115
46 28
157 217
8 248
35 280
22 170
253 129
277 36
85 174
121 222
71 211
23 146
280 240
5 39
3 236
7 263
227 175
246 224
157 45
208 73
116 187
179 276
221 32
102 4
64 103
108 283
71 74
175 161
15 178
232 244
281 14
236 6
124 293
229 128
94 242
259 166
19 185
173 144
241 55
243 17
158 154
147 76
200 299
258 206
136 242
106 74
202 173
179 152
27 197
194 239
254 6
289 286
163 249
252 203
128 240
106 5
84 164
92 40
102 52
51 282
203 261
279 20
44 226
31 204
88 154
190 241
122 31
226 138
181 41
185 48
64 45
84 291
215 268
174 113
173 159
226 77
285 260
24 29
296 233
93 231
203 248
198 254
155 212
150 69
180 231
147 265
243 254
115 21
80 100
125 273
170 258
203 283
267 159
193 271
133 271
143 188
216 266
67 207
206 40
277 104
32 100
287 57
72 226
171 16
164 20
95 185
227 163
44 182
177 194
111 264
17 67
185 124
41 90
172 50
159 161
134 221
67 245
7 10
149 85
265 200
237 89
155 142
150 299
130 183
122 216
107 186
180 112
285 28
85 67
132 11
267 59
289 93
211 63
259 173
161 102
146 92
221 169
86 134
168 228
36 130
254 78
221 66
167 55
277 34
36 230
134 16
190 10
107 206
16 160
131 119
105 147
74 58
254 64
208 100
53 253
40 162
44 281
89 39
277 165
296 213
115 83
150 172
237 186
185 275
131 287
99 234
65 273
200 298
46 196
74 30
292 155
53 2
31 268
106 258
293 138
28 53
31 276
259 131
294 234
245 129
99 74
76 256
119 154
99 297
276 244
26 109
94 33
158 115
59 224
190 59
126 130
122 114
85 262
79 166
156 81
235 24
278 102
57 44
59 98
34 258
35 224
252 59
292 216
147 186
290 282
21 156
168 223
78 169
60 191
280 175
54 245
118 142
30 99
49 231
44 119
194 155
111 275
234 282
77 290
270 31
136 64
112 19
283 286
70 121
256 68
176 80
127 166
177 21
249 43
140 135
98 297
262 123
113 250
289 240
95 275
182 122
37 123
65 63
163 67
155 247
6 136
34 265
188 296
59 179
227 232
254 88
291 276
156 136
5 111
200 202
125 64
239 154
168 262
148 81
23 213
43 114
162 267
38 19
188 172
194 46
153 279
172 15
132 44
82 83
236 251
1 71
30 272
60 297
8 162
160 56
53 121
275 66
299 134
100 168
142 244
88 2
145 174
272 69
150 4
210 256
51 124
294 136
171 290
213 89
108 99
98 73
86 14
142 170
174 286
294 28
276 34
66 80
1 179
139 132
63 201
283 123
251 297
75 215
134 164
232 5
145 205
12 265
161 113
68 151
30 210
249 137
218 147
14 118
195 3
100 280
95 151
7 171
156 220
158 25
193 264
70 177
35 122
225 291
132 21
204 200
123 58
94 166
83 216
135 70
95 136
60 92
258 109
89 285
140 173
238 140
124 215
206 265
36 96
42 30
143 199
183 11
51 30
202 61
57 129
111 42
104 190
232 42
162 283
122 73
48 297
44 158
17 110
278 36
261 280
179 239
211 187
206 9
180 16
148 271
221 54
125 263
185 178
34 219
186 221
87 102
166 62
24 273
227 87
98 197
192 56
225 254
96 191
128 7
135 79
23 161
294 2
54 275
251 265
249 132
32 193
72 283
204 298
94 139
170 110
156 196
154 52
230 16
43 27
54 258
76 240
3 221
187 119
59 111
119 186
141 16
222 144
202 91
226 212
255 2
175 52
0 85
54 25
35 80
289 256
253 98
227 79
181 100
46 213
58 65
19 22
243 171
295 246
283 42
178 12
196 149
275 205
288 103
265 153
215 290
105 288
54 213
151 94
92 64
229 47
118 264
35 21
250 79
166 41
266 196
196 90
130 182
158 133
216 61
228 176
182 56
132 287
115 237
215 250
177 164
209 121
60 182
51 113
218 0
48 133
258 66
108 83
99 86
12 59
67 220
47 247
42 153
275 146
65 288
45 21
221 272
143 31
101 62
3 101
154 68
147 208
30 57
181 271
192 293
115 180
144 94
283 216
26 68
249 177
284 56
275 63
129 24
267 2
251 94
127 159
248 289
140 67
165 199
164 81
33 132
254 56
135 166
106 266
111 276
101 213
48 52
83 256
198 260
241 18
238 235
251 91
63 45
248 210
53 185
169 144
233 220
40 111
132 223
109 192
144 51
288 111
17 235
161 85
171 149
100 220
167 115
122 1
275 186
128 255
37 108
69 199
103 285
164 185
25 45
148 197
151 214
181 71
33 8
94 230
260 182
79 182
279 132
65 219
170 202
193 86
155 76
36 242
248 186
70 27
29 226
278 151
246 212
94 5
14 283
43 212
62 232
43 259
207 35
230 248
79 205
149 71
46 148
281 27
246 59
162 87
114 9
272 89
186 236
224 127
114 207
86 31
73 177
75 127
78 216
73 271
173 195
171 25
258 165
203 223
191 235
134 209
132 155
93 162
112 11
147 136
114 227
91 261
29 32
9 112
252 50
98 108
72 118
299 265
103 240
50 182
62 40
159 82
226 1
50 110
28 202
5 177
194 62
60 150
136 94
168 201
154 188
222 262
231 202
194 69
64 190
258 81
158 72
48 203
137 88
40 269
75 218
238 124
100 298
298 189
178 100
89 49
196 115
207 204
27 298
159 43
209 229
188 255
51 279
43 199
224 10
186 256
258 195
227 119
108 17
46 94
257 222
181 141
60 207
215 283
178 23
220 270
222 172
50 7
299 11
71 222
36 69
107 159
165 209
129 27
257 55
293 212
292 287
164 261
15 160
89 152
267 187
278 244
200 247
123 102
187 71
245 59
132 61
112 279
43 58
55 185
69 283
19 23
200 236
67 256
138 147
109 27
136 25
273 23
23 64
162 251
229 63
191 197
244 256
132 29
296 160
248 211
34 47
299 22
281 152
56 20
9 13
90 201
267 192
243 252
205 66
89 163
261 105
282 66
267 97
167 113
78 75
228 249
262 221
216 77
176 246
114 90
249 297
269 198
91 281
136 98
165 280
73 92
177 94
93 219
107 204
9 275
283 3
105 130
295 149
44 24
109 150
217 55
10 280
115 286
71 82
193 37
154 235
62 99
267 5
72 174
110 153
191 93
182 92
73 292
257 161
170 248
40 35
152 22
121 46
223 101
292 138
257 259
193 19
129 50
85 40
52 220
141 209
217 187
155 211
253 199
255 87
150 91
255 245
146 67
97 32
271 60
175 235
183 147
60 172
74 218
97 42
204 279
288 294
220 125
73 237
24 94
296 33
243 68
262 9
6 90
263 83
32 182
249 298
188 64
202 176
217 247
82 146
77 257
199 91
191 289
107 9
233 71
44 128
131 8
148 194
89 257
220 87
99 111
277 231
285 276
59 33
136 185
35 137
258 193
150 89
144 15
146 176
146 14
15 143
155 55
233 251
131 247
44 93
103 60
269 113
167 280
276 158
271 53
177 9
256 46
192 179
108 106
248 168
62 156
2 186
2 222
2 221
203 116
12 268
78 148
194 270
57 110
241 63
287 272
284 104
212 217
25 218
80 20
242 194
287 38
225 197
139 101
272 269
172 40
16 236
155 139
177 7
276 144
293 163
238 237
3 297
24 148
149 7
211 212
47 106
110 116
36 20
1 118
172 180
116 211
205 103
115 151
122 207
83 66
296 83
249 150
52 59
224 145
206 256
12 84
57 143
14 77
25 268
267 258
266 93
299 15
54 89
265 218
195 266
128 194
32 140
252 19
11 82
119 244
290 170
23 263
28 119
298 175
272 120
228 284
200 199
271 94
41 100
183 246
104 240
146 197
17 254
52 82
281 137
84 264
299 196
77 165
40 131
62 71
85 178
159 249
105 45
14 255
12 238
86 35
19 291
43 178
239 208
115 118
178 57
60 62
128 195
274 220
64 62
156 252
169 60
108 141
44 59
172 146
247 91
138 40
241 67
262 116
64 102
235 268
63 14
1 168
225 110
188 95
222 65
247 35
153 20
73 163
51 43
238 108
248 190
36 236
91 193
119 108
218 194
107 130
74 199
248 283
119 274
199 190
201 135
242 280
149 6
177 178
97 24
182 42
182 150
238 226
171 172
16 51
174 78
16 218
261 214
45 47
247 196
0 56
199 296
243 39
230 269
233 281
245 134
103 48
14 96
270 54
80 89
2 28
35 210
18 268
167 68
57 242
260 146
71 166
119 142
89 75
92 274
2 149
274 203
89 299
110 197
3 141
8 205
31 272
269 124
94 21
55 114
271 106
13 275
133 115
181 124
6 61
64 219
51 82
257 128
122 229
120 78
70 25
96 18
256 154
254 273
193 0
130 110
56 23
187 257
291 92
160 201
110 123
218 41
79 204
135 42
232 271
12 126
69 229
53 225
277 48
4 190
255 284
198 296
5 40
189 270
150 18
193 16
175 105
168 206
129 270
257 33
23 260
48 79
162 183
198 197
8 146
103 155
146 258
201 261
285 154
171 225
237 206
168 129
35 237
34 287
40 241
299 109
212 5
288 206
294 6
79 50
167 171
173 47
47 122
144 38
252 106
103 58
44 289
50 265
26 64
263 266
4 285
274 185
159 25
213 285
34 103
279 188
275 137
216 169
211 198
199 223
155 123
185 22
43 28
155 294
237 271
133 168
78 133
161 266
96 201
174 152
39 244
207 154
149 272
251 156
172 236
134 161
207 23
58 246
66 90
121 184
106 42
247 278
265 82
295 289
189 175
237 42
216 196
212 27
211 79
192 106
267 78
127 194
249 117
295 122
230 82
277 147
124 252
275 181
143 266
24 53
183 2
234 275
203 142
85 172
8 202
245 33
94 19
189 49
225 126
78 60
175 197
228 272
145 253
219 35
78 19
63 20
90 126
6 147
22 223
193 73
72 18
146 217
149 158
29 11
84 169
109 214
41 193
213 47
221 150
242 137
144 184
98 239
237 68
94 257
202 215
161 204
139 69
74 210
118 156
53 265
250 49
234 104
0 63
281 85
13 284
155 266
282 174
242 188
263 261
91 96
19 132
228 179
91 267
29 275
81 114
264 28
258 45
213 44
233 194
219 94
65 208
77 72
162 195
164 89
223 140
282 112
23 20
35 113
18 289
112 130
231 139
10 262
252 41
72 185
40 134
116 61
208 47
224 101
79 242
75 29
222 5
58 175
194 204
143 62
251 285
199 264
117 267
237 288
200 256
282 295
113 42
287 7
134 24
85 142
196 289
256 217
269 101
90 119
213 264
114 48
237 30
197 270
288 249
200 208
224 147
208 133
259 267
16 274
278 299
278 182
153 289
30 193
83 5
83 264
83 9
156 93
227 105
94 226
117 108
223 277
270 264
153 136
267 163
88 47
112 275
101 252
90 258
42 114
85 32
33 3
298 205
243 188
90 14
189 256
218 50
293 3
236 152
257 16
194 18
236 129
65 82
129 59
276 200
293 258
16 234
97 259
69 180
138 235
37 240
139 32
149 43
299 192
63 199
128 76
128 138
43 187
214 256
255 231
143 110
5 220
52 280
216 114
284 75
174 225
237 33
18 157
210 15
291 201
3 122
165 146
64 248
241 160
85 71
7 187
81 159
70 270
268 111
22 25
254 111
83 25
44 49
99 97
175 68
136 99
234 28
97 105
110 276
153 223
206 285
227 258
117 218
25 1
237 296
287 270
205 268
249 183
9 221
74 118
236 154
144 14
276 239
71 198
158 224
273 151
128 133
220 250
126 210
196 84
220 249
219 292
133 172
101 66
204 292
223 119
181 196
254 70
261 119
225 204
238 147
225 195
60 260
183 118
57 223
65 30
149 16
299 257
233 152
199 113
52 58
241 134
275 67
158 261
287 281
130 148
258 127
263 249
171 263
221 20
141 185
83 33
26 14
62 26
204 169
180 155
171 139
238 168
198 188
159 175
235 236
49 291
148 36
283 11
217 191
287 136
246 38
281 36
30 80
205 170
3 296
291 143
173 230
117 86
135 245
271 257
288 145
197 265
92 271
216 167
242 286
11 2
184 284
267 222
92 61
142 129
7 94
208 54
184 163
93 233
181 15
282 37
205 13
153 48
165 123
112 217
174 20
242 64
262 38
260 194
124 64
277 66
11 55
187 110
286 295
174 218
243 116
197 189
11 282
201 69
148 203
234 143
239 186
145 151
279 274
123 231
62 91
52 267
135 281
287 64
254 2
287 97
293 207
251 132
263 243
50 189
241 52
47 125
41 45
265 143
0 267
158 28
116 166
100 45
278 106
134 115
187 11
245 64
266 242
233 0
202 81
78 151
135 27
62 228
221 265
294 125
26 10
214 169
175 239
294 179
114 231
197 119
295 129
10 284
203 14
100 206
235 163
234 198
31 43
58 240
147 259
86 187
70 259
264 164
269 69
39 153
112 136
274 48
100 79
16 33
264 179
243 102
29 155
240 179
294 198
73 233
281 77
45 288
255 251
179 165
111 37
61 223
285 175
15 26
284 97
235 26
281 58
238 248
264 102
37 136
189 237
215 46
126 66
264 299
58 102
173 260
149 139
123 30
103 257
171 27
39 12
1 65
249 244
24 150
61 250
70 156
69 40
52 127
169 282
25 206
14 87
68 10
154 82
248 92
265 92
159 155
162 96
15 127
290 219
76 177
204 222
0 211
15 230
102 196
9 210
129 292
2 230
7 141
6 174
266 46
159 134
180 122
44 138
9 105
66 127
61 205
215 120
64 40
226 111
151 43
14 111
13 2
250 248
132 212
114 177
23 116
184 130
209 188
63 176
38 278
269 35
63 54
214 140
49 258
46 247
64 191
150 286
291 288
188 72
251 184
280 91
211 216
187 280
38 136
274 69
185 135
12 253
147 202
274 109
10 274
29 243
298 162
247 254
183 230
188 295
114 108
132 133
80 107
162 121
32 105
250 121
98 163
60 131
63 33
188 267
243 126
185 113
283 9
251 169
193 236
61 107
98 95
245 73
172 215
86 281
23 239
39 104
196 118
22 251
278 279
252 15
71 31
230 240
160 111
255 16
222 265
259 235
215 70
131 135
64 294
259 264
193 204
202 133
225 216
166 287
137 37
221 226
116 45
200 287
204 171
214 273
127 211
211 247
270 109
164 161
267 10
281 220
103 270
210 91
188 297
234 51
234 130
167 22
190 34
272 129
197 235
87 149
296 278
187 141
103 280
281 30
125 216
165 212
185 139
284 154
147 210
44 12
83 17
138 75
36 146
151 165
115 90
128 144
153 253
202 114
93 187
291 247
206 224
223 26
292 154
71 65
258 56
250 124
63 228
35 142
33 53
14 110
283 33
103 110
292 70
2 38
128 50
146 170
135 213
281 280
206 51
94 79
151 261
102 139
157 261
228 269
69 109
73 81
189 149
51 100
48 116
234 182
235 283
72 262
275 178
226 120
226 108
70 52
93 100
225 139
235 118
186 57
40 41
25 202
102 251
253 26
89 119
142 22
271 116
288 171
190 32
223 174
95 263
289 62
27 238
295 96
149 112
26 187
122 161
89 277
178 30
123 8
256 116
14 106
148 39
195 5
59 170
111 85
19 214
298 177
243 91
280 124
279 52
102 53
42 51
193 198
127 202
42 272
11 245
206 74
14 190
67 50
248 98
211 14
187 199
62 93
107 240
124 45
177 98
25 137
105 55
91 167
41 68
111 171
279 255
162 74
118 71
135 170
223 5
241 276
125 233
133 120
119 12
3 153
22 128
216 103
191 78
211 32
298 22
40 139
142 6
26 198
193 126
288 201
289 198
114 88
11 100
6 31
91 161
35 39
274 123
172 92
153 49
224 13
258 77
192 91
174 175
244 241
278 98
264 214
179 285
86 5
37 249
21 286
274 259
60 232
43 167
35 258
248 79
97 268
266 58
139 107
134 116
189 198
297 122
232 173
11 71
56 142
160 231
100 146
41 185
128 26
41 39
97 116
237 1
70 269
276 99
93 83
178 223
254 135
28 178
180 253
174 55
83 68
52 122
177 45
176 224
119 74
72 92
4 287
205 37
36 185
163 69
122 167
138 186
113 78
132 41
299 45
127 271
38 147
128 62
114 20
85 168
161 222
17 129
208 198
265 111
209 57
289 57
199 181
