300 2100
225 162
85 116
180 110
195 257
120 132
204 258
171 294
207 274
49 127
271 177
277 36
178 240
205 188
28 166
130 31
177 10
157 214
102 137
171 55
182 134
39 170
240 284
163 89
192 212
209 95
219 48
64 196
221 28
21 204
187 66
148 167
263 16
244 76
188 24
231 141
241 7
116 144
87 98
224 94
84 155
149 78
174 289
293 284
115 287
183 242
130 62
92 11
110 276
144 156
38 109
9 203
255 278
290 30
283 63
279 3
40 50
291 54
123 213
5 171
75 296
176 157
61 206
53 200
299 157
225 175
31 191
203 118
261 54
104 233
177 281
23 139
214 231
260 272
299 142
283 256
56 36
289 200
7 202
179 172
199 257
260 220
285 33
271 209
44 15
224 151
150 20
265 54
59 202
232 42
262 209
49 44
181 162
279 142
72 207
132 250
162 116
5 295
165 79
207 122
125 32
65 258
290 55
278 133
52 95
199 160
124 247
60 26
162 286
192 86
228 4
60 222
179 269
215 61
144 208
113 261
185 227
219 222
97 215
181 256
296 212
32 297
198 273
42 9
281 86
250 4
56 49
249 41
283 212
65 280
263 296
292 82
242 16
275 170
20 170
285 269
222 17
63 0
150 234
156 216
90 139
181 277
221 155
1 43
72 79
292 234
41 218
69 61
127 135
39 129
52 210
70 288
144 9
0 112
252 10
13 244
10 132
28 15
189 192
84 111
3 86
59 83
221 284
136 117
96 199
242 113
165 272
239 80
45 280
186 193
103 121
268 210
87 94
35 124
35 203
258 228
235 27
221 26
269 243
199 193
155 66
9 37
12 240
14 201
205 57
243 224
211 188
40 197
170 126
75 152
76 162
96 27
84 262
272 222
195 168
80 230
32 59
147 21
288 214
36 256
251 83
221 39
202 132
51 10
271 226
25 82
280 3
283 175
216 133
123 274
243 202
227 119
39 189
160 171
155 156
227 56
117 132
227 98
174 196
29 188
286 52
81 131
95 44
151 25
252 142
9 222
275 151
30 87
119 88
170 297
64 87
2 239
226 31
135 30
21 207
99 8
257 243
86 81
260 71
60 160
161 204
249 233
208 183
282 215
227 31
24 295
83 264
215 274
168 211
199 152
235 78
215 134
13 69
148 280
20 218
124 238
9 117
179 29
108 6
30 7
35 175
103 198
96 284
57 67
218 113
157 133
96 179
36 253
147 55
209 250
260 146
256 17
32 263
207 239
50 57
192 298
235 101
113 200
284 215
37 243
43 145
266 106
2 236
295 48
15 184
235 10
202 226
119 173
106 137
28 205
7 269
122 284
130 149
175 279
242 141
184 4
118 243
194 143
202 198
199 163
157 294
66 179
42 160
49 167
60 296
204 116
118 225
257 259
117 198
150 36
284 220
179 27
253 72
53 148
90 8
223 285
271 249
166 77
129 199
174 118
268 173
217 264
240 295
97 277
211 222
254 227
294 21
129 61
78 61
19 1
89 43
260 39
41 293
266 253
113 202
54 292
150 23
15 118
8 298
45 92
24 293
0 93
49 112
236 122
150 258
172 97
99 285
44 45
190 88
254 36
211 277
157 105
248 260
49 42
246 195
278 237
60 192
112 263
283 222
131 25
68 42
222 258
254 56
133 204
46 281
51 126
252 285
36 51
83 67
108 7
254 84
298 245
226 165
224 160
278 110
104 250
110 111
132 77
160 35
279 167
140 11
142 22
234 120
1 130
62 17
61 165
111 201
252 55
116 278
130 155
201 248
25 109
59 154
61 285
129 44
196 143
27 244
87 49
7 257
185 245
275 137
172 296
213 96
23 204
140 52
191 50
263 37
94 174
199 204
96 261
79 255
219 128
44 287
13 208
201 135
153 65
180 75
40 196
254 37
68 149
281 262
272 200
189 122
119 212
15 122
78 290
295 116
62 157
123 194
154 284
218 154
228 211
211 205
298 293
209 106
188 293
256 116
244 280
157 248
244 31
172 151
162 187
100 264
239 210
221 212
216 187
141 201
15 54
84 122
79 259
202 244
226 37
94 172
187 152
33 26
238 94
290 96
104 156
268 241
298 78
146 272
92 0
113 135
270 298
7 201
42 170
144 167
196 295
209 19
24 165
287 87
230 234
68 252
192 252
91 128
9 170
186 162
275 156
152 28
274 234
32 230
51 102
226 298
111 173
109 96
121 273
251 30
165 158
154 145
23 184
3 100
85 191
162 281
46 12
144 219
48 155
155 198
123 250
106 76
52 79
70 163
149 36
83 213
282 193
19 229
35 90
103 296
236 95
120 8
163 155
111 159
270 41
118 10
284 66
26 254
153 31
113 34
262 264
157 37
34 284
151 101
233 261
45 202
67 278
216 184
211 78
28 27
134 45
55 165
267 196
73 259
279 182
53 119
45 228
34 55
15 98
291 113
57 0
90 71
244 279
220 0
172 174
207 184
161 109
72 152
103 263
225 171
197 53
294 37
133 71
2 275
117 47
74 298
63 110
201 220
87 232
110 192
87 293
110 260
73 263
84 93
43 82
178 233
165 208
130 257
87 257
251 225
60 162
249 85
237 203
87 74
141 181
135 116
108 286
152 19
69 212
276 138
63 46
184 136
132 105
159 105
1 292
278 33
29 68
160 203
129 254
271 285
115 188
181 153
32 203
268 65
45 253
284 291
38 15
76 279
138 240
208 280
245 145
65 195
262 29
206 279
251 197
138 237
286 267
182 42
245 182
198 80
42 41
283 96
228 286
120 157
103 267
142 141
81 299
32 6
171 192
62 107
217 169
134 274
296 72
67 55
93 59
150 100
215 122
241 63
217 298
84 34
259 23
283 264
92 249
219 234
244 233
17 275
298 112
80 284
72 12
9 272
53 178
122 249
81 158
134 30
232 146
194 261
204 12
72 85
277 299
75 28
268 93
69 189
281 131
59 261
132 57
23 97
143 7
97 32
276 47
157 58
94 52
219 23
104 180
151 75
249 145
7 263
51 201
207 199
283 168
108 187
209 283
238 299
254 14
184 43
239 166
137 70
268 238
90 299
85 75
269 259
4 224
52 195
165 297
11 60
207 160
222 156
139 137
102 272
294 205
114 185
52 20
298 113
113 14
196 75
188 28
179 121
258 10
294 139
218 149
93 76
170 209
91 104
19 134
103 262
205 1
51 81
143 90
164 118
274 90
97 93
197 291
118 186
51 129
117 274
131 199
99 75
134 223
36 224
237 8
99 195
251 231
280 282
141 281
17 264
296 70
85 174
95 86
193 81
244 299
8 26
133 162
198 188
3 294
191 197
220 236
204 168
11 292
39 74
202 227
73 191
281 195
166 106
211 240
190 273
22 253
167 109
88 281
180 6
31 287
291 146
215 114
8 186
12 225
149 172
257 156
13 272
267 193
167 239
108 200
132 126
203 295
81 233
116 199
28 31
217 104
177 81
299 97
208 40
243 125
26 9
47 13
239 60
202 93
243 158
17 35
263 258
77 125
68 102
55 158
111 53
142 12
210 246
18 51
44 248
245 100
268 36
179 174
115 194
218 190
133 106
288 30
232 70
39 63
29 163
114 154
131 259
134 111
252 15
200 36
128 153
155 289
93 72
73 90
110 137
186 97
93 237
233 48
66 245
104 213
50 106
212 245
93 94
182 30
119 115
78 159
271 3
199 286
102 95
188 285
87 56
10 77
118 71
135 263
213 94
225 17
230 101
270 181
138 267
49 253
296 190
144 14
294 208
254 81
198 186
281 280
140 88
14 75
153 77
43 172
129 19
218 145
270 45
110 160
186 146
126 167
228 87
154 184
187 75
224 274
219 93
48 252
99 5
212 239
81 37
262 146
137 266
278 214
264 286
174 153
37 31
263 211
14 237
276 263
102 146
289 61
258 124
118 145
261 193
59 253
77 43
254 31
82 144
207 131
9 36
23 147
194 20
181 187
271 64
287 58
191 32
75 147
171 78
17 162
179 182
297 181
100 225
166 42
58 245
194 256
144 223
141 120
216 44
130 121
37 174
53 97
218 188
120 205
190 122
198 299
130 7
177 123
88 44
56 171
213 102
128 272
100 242
89 265
213 41
131 256
104 212
196 48
131 164
14 105
281 269
70 5
252 93
61 270
121 153
194 284
167 133
275 104
297 132
277 265
91 219
277 191
190 244
226 2
207 49
131 155
281 126
167 208
135 213
30 68
35 113
232 24
294 177
219 257
262 172
227 7
50 148
66 55
193 24
166 35
25 292
208 218
101 102
158 227
269 52
46 209
109 48
110 295
226 62
101 253
216 134
241 94
144 129
227 205
277 18
280 221
23 83
25 293
192 19
140 115
94 258
16 143
138 197
154 297
51 67
284 184
69 148
150 238
189 58
260 261
58 138
81 241
92 15
10 38
209 251
219 43
272 290
61 31
68 176
16 198
155 232
221 131
195 131
43 233
187 21
209 269
166 276
207 106
214 170
159 169
219 236
91 59
253 12
153 206
33 130
53 69
296 58
168 294
145 119
23 164
271 290
154 277
165 48
29 73
254 290
177 86
134 156
101 20
134 100
9 232
266 34
276 195
242 189
122 222
47 238
126 297
101 174
17 50
120 193
186 231
169 298
192 11
260 62
105 64
166 114
214 248
275 282
0 6
260 280
50 66
260 90
100 291
269 257
55 41
191 265
36 182
212 287
36 79
294 94
179 255
235 87
243 57
159 147
277 81
54 134
104 58
192 142
216 259
232 109
23 82
52 33
221 40
113 183
120 20
212 291
54 92
41 252
149 215
19 137
274 292
246 17
291 141
137 36
126 213
130 233
175 185
147 294
145 279
171 81
84 138
231 31
243 241
57 105
272 232
57 165
208 39
215 157
255 209
74 194
294 70
89 108
67 27
79 55
220 123
22 243
285 76
298 182
276 86
162 248
37 259
151 67
245 261
185 241
3 171
216 265
281 40
68 224
157 63
197 150
98 151
125 43
191 208
238 100
248 42
236 144
192 199
1 36
47 111
3 140
277 172
103 148
164 161
114 179
198 256
283 83
84 269
26 182
126 102
275 154
28 70
29 231
79 158
167 94
273 251
271 286
135 39
228 200
268 116
54 95
226 26
7 83
137 112
270 282
227 22
65 163
15 145
133 115
117 258
214 35
291 103
223 39
189 183
20 98
55 200
197 169
113 139
78 180
285 145
187 156
299 13
15 288
159 148
123 158
154 196
281 190
190 193
143 240
36 206
37 27
161 121
214 290
135 206
126 96
224 123
235 125
228 260
182 226
213 61
113 22
29 62
269 148
149 127
16 75
194 173
66 88
69 47
278 92
162 53
211 29
217 245
234 61
294 112
198 203
228 34
259 95
77 26
257 221
217 168
204 286
83 192
255 280
182 295
206 97
275 4
172 14
60 137
146 19
84 7
238 245
130 112
190 165
15 196
34 248
261 149
106 281
199 50
271 281
247 59
125 30
12 195
70 35
180 61
208 121
289 209
93 11
285 168
188 189
226 12
256 124
240 129
265 133
129 197
161 295
278 193
92 261
279 234
18 21
257 55
113 95
27 127
229 298
266 105
128 21
16 33
118 297
214 262
97 234
199 24
114 170
41 158
106 240
247 88
75 285
270 17
26 229
295 129
13 252
230 214
43 135
139 109
247 209
13 235
130 187
158 278
3 250
269 256
192 16
17 191
294 14
134 85
166 97
267 280
116 272
214 34
88 232
182 92
145 146
97 45
13 149
29 119
193 270
89 124
276 250
116 90
49 7
24 296
127 160
188 180
203 45
134 203
91 0
6 159
261 285
30 96
138 108
293 277
224 291
88 57
219 287
34 251
220 239
90 215
5 59
276 268
9 161
133 114
26 103
291 162
52 145
36 105
182 238
8 33
217 253
289 126
92 267
244 216
179 290
235 129
136 3
130 95
248 271
34 120
43 284
299 262
286 152
288 123
103 288
257 212
158 71
265 163
158 222
255 27
45 214
255 62
183 30
283 113
297 192
212 146
194 42
265 189
134 291
40 167
286 237
10 15
43 200
189 272
240 16
245 206
272 15
3 14
6 124
189 84
3 43
186 148
128 193
143 125
283 36
222 210
82 276
215 184
232 14
21 274
201 72
285 173
123 207
97 196
123 57
142 48
298 251
130 10
137 55
20 139
208 161
180 281
111 298
199 85
105 262
222 115
29 156
140 269
145 91
214 46
298 137
122 288
59 44
156 117
251 239
237 111
26 176
248 241
13 256
69 147
67 102
279 98
278 28
196 185
34 295
168 155
146 278
133 84
69 290
107 30
97 264
182 71
74 202
290 124
117 57
113 112
167 62
4 101
13 49
8 52
221 22
72 213
298 203
166 4
84 170
164 76
10 158
88 209
154 187
109 37
275 153
225 3
273 119
138 42
236 277
118 142
27 48
275 198
281 48
175 226
205 254
173 48
71 289
62 177
135 154
299 155
55 48
127 74
132 16
25 102
292 140
157 285
27 297
129 224
103 241
22 194
204 216
19 140
20 128
233 268
195 289
94 125
69 214
285 192
259 245
84 211
90 82
159 3
145 243
200 270
35 186
199 77
165 188
104 25
167 236
20 102
105 21
149 41
113 9
209 0
183 217
125 193
249 42
36 169
112 187
81 21
255 123
118 73
126 299
275 233
208 263
20 200
114 242
244 131
174 105
228 93
244 25
296 176
34 10
144 113
94 55
173 178
24 282
132 286
145 114
169 50
176 2
271 45
244 183
182 210
43 227
186 168
273 22
157 21
49 221
289 46
186 191
167 249
174 35
128 143
139 155
71 40
150 290
247 133
296 111
211 114
87 83
176 49
213 115
196 296
87 198
253 267
90 209
24 163
281 134
281 2
87 59
164 170
113 63
162 266
140 248
8 6
289 153
198 285
132 207
225 76
189 28
80 27
165 56
15 173
92 184
31 162
97 38
30 19
165 76
77 245
175 298
114 165
280 12
257 74
137 294
47 206
29 105
135 243
22 104
253 136
65 117
148 135
193 54
150 160
277 49
161 194
18 81
271 21
199 182
31 175
285 180
23 9
166 240
167 8
216 271
237 96
94 188
27 257
58 52
243 223
25 23
24 227
31 32
33 125
82 41
246 173
151 129
112 69
243 113
207 59
243 291
44 70
52 271
92 149
217 270
65 15
23 262
219 68
155 25
189 263
59 244
101 22
92 234
227 250
232 281
195 228
154 225
228 59
141 51
1 77
299 22
46 16
291 86
215 150
261 110
38 270
70 128
104 95
106 265
235 65
50 122
235 217
57 218
198 294
60 91
284 157
90 30
1 211
52 144
238 204
203 253
165 7
87 113
164 270
19 255
201 88
162 38
133 262
168 5
105 122
260 157
116 142
174 70
100 35
64 46
45 68
146 202
236 270
295 127
280 0
98 177
228 90
43 156
161 214
103 91
55 114
70 177
247 170
29 279
260 103
253 295
211 113
30 126
292 153
83 127
210 251
284 232
101 299
27 219
261 57
282 143
0 191
126 130
8 101
40 8
64 6
250 5
219 210
29 157
219 50
88 229
270 216
6 149
221 1
126 118
145 180
122 3
122 177
90 110
181 47
107 151
47 251
3 246
40 138
277 80
287 76
151 70
75 73
166 242
0 139
214 54
264 56
53 123
289 62
229 64
246 165
172 131
292 83
28 228
263 243
298 280
151 51
40 160
153 281
256 73
39 256
149 137
68 298
259 147
40 35
148 214
170 43
144 130
273 178
101 32
251 297
179 107
185 149
230 242
122 66
121 171
36 184
82 154
238 27
276 252
285 277
278 299
116 102
270 225
117 168
236 278
20 260
288 235
18 182
224 238
29 169
111 273
272 159
34 204
97 51
106 177
234 93
40 57
282 145
13 225
34 163
69 49
39 250
184 283
296 35
197 23
150 139
285 124
279 254
217 102
103 285
155 172
157 26
26 93
255 274
162 209
117 46
37 151
171 45
228 252
9 133
65 261
236 223
155 0
62 89
265 231
254 171
296 68
161 148
69 234
3 248
107 99
2 174
232 201
130 96
20 262
68 209
190 59
267 153
197 28
233 165
26 106
211 55
179 284
54 253
10 89
158 207
286 259
131 224
92 125
244 209
56 290
10 82
283 149
101 63
256 63
109 275
89 92
86 87
297 234
144 133
171 178
101 224
78 120
12 98
288 178
235 272
295 157
269 152
65 275
97 119
270 76
53 45
248 147
239 4
46 199
265 261
115 156
103 208
221 127
14 121
62 217
103 242
114 209
159 65
130 5
34 229
175 87
171 164
128 183
25 29
88 5
175 297
181 218
186 189
220 246
155 148
10 84
138 79
219 88
61 205
291 296
184 239
277 53
263 207
57 234
298 204
100 198
64 91
110 292
129 236
278 224
220 10
12 90
248 71
124 187
266 1
15 276
170 273
261 152
40 181
120 276
197 174
242 99
84 279
249 138
108 186
299 39
204 256
202 270
153 115
174 291
7 141
283 261
226 95
11 153
157 143
244 290
140 231
299 219
65 245
108 76
294 42
21 276
256 202
36 10
183 259
175 94
186 225
18 91
204 47
29 67
148 263
76 274
285 250
260 275
164 238
27 100
152 85
65 221
25 0
257 58
74 212
24 175
291 73
48 259
72 220
78 127
204 225
127 186
44 187
268 150
201 100
264 59
171 39
34 57
144 44
93 107
225 193
258 74
121 36
242 282
78 292
18 9
213 291
264 161
172 186
31 273
177 190
277 144
30 117
168 2
166 159
232 253
26 79
239 174
0 146
244 262
43 30
59 196
84 81
181 222
181 88
199 133
170 288
236 230
72 57
96 62
264 134
259 242
268 92
9 48
218 219
219 120
116 59
153 202
243 38
118 61
262 71
87 292
122 102
186 218
34 224
71 163
180 79
292 285
5 75
66 216
39 227
212 218
289 130
261 50
80 233
51 251
72 139
154 137
210 226
255 56
82 96
247 214
225 292
259 256
76 237
181 122
93 239
259 182
258 199
290 188
286 201
10 167
37 0
245 157
215 254
192 258
186 47
102 3
151 299
107 10
286 26
240 31
99 93
193 107
34 107
25 106
112 231
81 129
166 197
215 261
264 25
160 76
253 272
44 294
34 291
91 273
1 8
139 69
18 248
56 187
12 171
262 9
143 60
221 258
58 42
265 297
93 161
202 277
251 150
89 17
134 181
94 290
56 286
296 127
49 288
195 176
261 66
296 130
76 115
175 166
83 5
62 2
125 239
117 197
57 49
37 52
93 142
78 45
228 78
189 80
246 85
104 86
102 222
237 299
259 28
22 256
45 96
240 71
96 193
47 72
124 44
20 189
288 0
65 265
293 32
200 16
154 247
291 179
6 143
139 56
59 186
123 17
287 151
285 131
141 154
179 263
118 159
100 25
170 149
297 19
240 8
1 105
175 56
267 180
140 163
51 233
273 118
273 196
88 27
233 94
210 28
65 53
125 258
159 172
183 228
146 228
51 79
43 235
257 127
53 25
