300 5800
54 297
140 15
170 184
281 277
166 15
84 160
107 166
217 289
131 123
237 120
154 177
87 238
3 107
184 202
103 294
149 194
181 159
204 43
228 34
95 233
49 17
53 26
3 284
146 175
106 193
178 122
141 247
41 126
148 252
171 295
110 260
44 98
146 59
268 59
237 203
17 19
190 2
141 223
22 122
48 297
84 248
202 105
72 8
294 10
263 81
15 298
287 18
223 187
168 260
54 189
176 106
139 59
33 84
17 235
142 248
31 43
194 279
161 277
221 29
285 187
240 42
72 17
297 147
269 111
91 2
125 20
135 286
172 284
217 257
45 142
178 185
126 4
113 243
208 142
227 40
148 259
297 145
132 81
155 168
93 14
106 64
71 26
142 172
263 47
261 234
1 31
274 207
72 14
156 201
221 116
259 156
145 9
119 260
68 256
271 13
231 198
130 54
246 159
94 202
107 113
25 271
57 133
24 299
166 195
131 6
247 224
33 67
56 108
186 116
87 91
69 84
106 246
57 49
52 136
242 297
223 91
226 79
221 294
214 140
62 122
208 276
239 54
236 281
244 188
197 44
155 250
262 244
209 285
190 156
209 289
18 188
153 176
22 124
18 15
123 167
231 58
145 129
84 194
175 100
245 144
96 245
238 30
260 220
284 138
72 198
262 297
57 155
169 241
153 265
5 180
175 223
154 41
11 268
86 112
72 126
266 194
170 149
286 44
190 263
157 90
36 30
109 50
258 151
181 245
187 53
167 210
130 268
64 262
102 36
194 292
155 130
220 196
234 189
207 119
208 33
231 288
152 286
27 104
277 208
13 139
263 62
157 107
53 50
11 76
151 220
255 1
194 98
230 78
104 209
99 174
238 73
48 177
19 255
219 1
234 144
154 192
209 63
181 23
69 255
106 297
15 236
254 27
24 41
289 63
96 124
290 174
127 15
62 30
18 143
281 114
214 283
241 283
289 148
192 113
152 208
176 211
61 179
247 159
76 21
41 248
233 224
127 12
268 172
51 55
218 23
141 20
211 129
111 49
21 182
235 68
92 46
45 56
25 43
161 60
223 180
55 124
162 28
136 288
250 75
157 238
197 296
272 217
229 10
129 275
170 73
267 75
21 246
127 180
59 112
260 43
16 151
49 24
96 178
204 126
179 263
45 127
102 277
194 173
10 269
256 72
74 240
194 46
290 121
27 58
79 162
255 103
65 278
60 90
14 159
54 245
251 16
186 127
272 2
253 274
86 276
176 31
236 254
189 182
63 124
216 33
258 126
127 194
96 188
127 50
131 3
173 82
61 42
31 161
211 122
38 133
48 26
286 136
174 258
253 68
201 247
144 69
269 125
124 200
68 223
13 49
169 270
264 70
127 85
29 199
203 61
162 87
196 130
278 100
201 144
28 221
100 133
64 250
73 115
62 293
204 8
35 237
202 18
244 177
106 69
265 113
44 203
159 204
275 252
160 131
35 200
252 197
287 295
105 199
78 47
50 147
142 275
57 73
245 104
172 227
183 93
154 162
160 99
84 108
31 72
276 131
297 193
103 281
86 126
104 262
103 48
242 252
28 60
81 200
220 195
220 192
69 148
17 8
233 273
144 85
99 288
190 266
76 242
84 8
129 231
230 233
172 287
208 217
258 66
76 103
147 101
257 28
30 170
114 68
251 175
136 106
298 61
159 25
261 40
247 210
254 268
255 99
269 263
11 102
35 10
131 26
20 182
75 177
257 86
144 23
27 149
168 255
120 222
168 221
44 180
188 33
15 91
76 206
207 155
24 275
28 199
92 220
107 272
274 256
135 219
255 132
60 27
12 30
251 97
275 92
85 145
147 234
63 144
228 135
287 219
21 95
173 94
159 113
151 206
277 168
173 23
151 90
91 249
22 254
2 45
183 66
73 280
146 241
298 60
251 69
19 94
23 119
72 234
101 215
202 35
213 299
52 251
52 77
113 264
219 153
181 209
126 46
125 43
27 51
53 170
98 69
100 1
279 259
296 151
164 205
70 111
11 84
200 182
98 226
82 30
91 264
104 95
74 165
160 81
18 5
211 142
264 93
92 144
141 187
242 203
271 74
248 243
45 143
132 235
226 241
44 228
39 92
4 224
109 59
222 25
214 21
255 265
237 164
79 291
12 242
185 130
251 19
3 248
188 95
258 185
157 177
29 250
63 212
19 281
250 221
62 48
222 164
268 10
294 287
122 262
142 98
200 78
11 46
41 267
99 17
137 74
115 299
242 243
130 159
71 255
240 77
257 13
169 236
53 130
94 203
213 231
269 229
24 155
113 294
254 125
273 122
215 48
261 85
263 69
223 39
107 224
16 185
291 199
148 3
254 172
130 74
19 246
29 87
209 61
126 281
137 279
239 259
288 55
158 80
69 71
168 133
135 139
194 88
12 194
76 75
258 12
23 185
174 272
108 257
242 156
57 292
290 241
159 248
152 186
33 35
81 117
190 138
297 15
91 201
283 189
6 216
50 76
227 298
79 57
6 210
94 106
148 91
258 34
126 230
258 65
108 182
57 35
217 84
147 120
149 68
132 76
149 183
51 280
149 150
267 168
197 232
236 114
78 139
72 271
209 99
215 12
56 195
182 55
161 1
132 228
120 103
146 26
156 221
86 9
185 291
289 76
175 128
265 288
287 175
20 95
245 16
176 5
55 221
168 98
180 214
109 99
73 153
184 154
195 52
274 293
296 121
96 268
233 8
273 227
43 166
225 58
203 275
204 231
25 10
264 286
236 38
186 219
24 232
295 257
12 70
134 276
183 172
286 146
96 250
119 298
22 277
45 103
169 180
268 118
291 186
285 260
116 242
131 84
42 66
151 224
62 83
16 99
157 212
25 297
47 291
276 258
58 135
277 149
286 141
57 62
105 267
86 14
122 159
255 245
21 268
180 30
262 188
77 82
19 39
181 167
229 166
72 111
112 133
281 232
272 158
78 242
189 173
161 69
141 173
167 247
157 257
254 252
104 134
224 292
153 164
109 3
172 69
225 281
265 292
167 156
89 15
192 205
133 208
207 271
94 25
136 164
100 154
92 122
163 29
55 285
263 144
245 48
192 38
122 66
261 227
175 190
196 80
127 96
212 92
133 279
204 119
290 228
277 37
59 11
60 133
207 273
146 177
255 13
66 82
276 236
103 250
57 235
238 6
3 70
206 148
80 76
145 123
215 205
94 53
197 244
128 165
25 272
37 14
218 142
152 106
264 33
49 278
148 145
60 76
145 215
96 256
179 162
248 128
29 265
238 53
161 289
60 252
11 260
216 169
49 115
42 276
33 128
235 70
105 210
63 159
61 299
94 11
173 286
159 74
134 266
268 8
107 33
295 79
131 220
260 262
247 188
287 265
98 156
45 26
242 195
270 288
162 246
175 205
66 256
201 120
29 236
249 270
173 250
113 167
297 89
92 60
69 88
225 235
32 40
130 236
122 155
256 106
151 145
104 40
200 99
15 34
297 220
109 268
267 264
254 193
281 139
247 130
96 146
24 30
248 231
293 236
81 274
122 21
41 134
2 22
17 60
219 108
76 117
259 12
265 105
168 78
65 26
67 34
6 19
86 104
189 58
208 171
37 61
168 214
78 207
276 184
195 214
258 154
281 8
6 120
136 16
46 253
50 101
198 195
270 35
64 227
244 118
197 19
244 294
57 157
177 145
75 87
164 45
159 116
124 46
9 16
120 262
164 145
226 279
27 123
136 173
170 121
246 38
160 3
298 138
17 146
57 32
191 272
186 15
266 45
143 220
110 203
167 214
156 132
54 156
51 189
239 199
259 135
288 98
295 145
33 206
185 53
114 39
244 76
218 193
117 160
22 208
159 16
288 135
152 60
215 226
41 44
275 173
2 137
34 19
200 97
248 273
53 10
163 24
242 31
74 283
29 295
77 49
85 150
235 154
121 6
4 146
295 125
164 151
143 170
268 144
258 192
214 101
127 247
53 243
69 38
81 144
220 71
160 97
225 213
270 168
19 43
79 172
26 148
223 57
21 36
94 220
53 139
49 73
251 171
255 193
238 27
262 133
250 245
290 279
207 19
73 142
84 81
24 238
184 81
92 294
298 166
155 139
162 202
133 144
31 51
256 35
17 191
47 256
58 201
212 209
8 113
240 140
185 123
73 21
123 113
62 9
152 193
139 158
129 84
212 69
156 205
117 7
288 56
35 150
202 151
229 37
209 298
53 44
272 95
168 58
192 102
205 71
253 15
149 32
253 139
58 143
132 219
128 80
36 20
286 116
166 250
85 295
11 124
270 269
86 64
64 212
48 108
74 9
177 289
133 32
296 8
90 223
105 176
259 217
56 138
178 275
101 134
101 60
164 194
159 240
205 230
282 0
96 81
155 291
230 210
43 21
72 9
187 65
4 7
61 94
59 23
177 93
193 243
241 90
192 255
189 95
274 39
172 97
199 251
105 83
262 168
4 45
126 158
241 36
206 57
7 61
162 53
136 231
251 13
162 284
132 108
204 44
7 185
29 179
259 276
119 274
252 256
293 21
221 207
25 84
222 71
299 220
220 39
277 275
134 98
189 155
252 51
52 209
77 236
159 15
294 166
270 124
299 101
216 127
197 34
58 102
35 122
18 206
25 40
139 163
221 63
224 204
161 296
243 47
108 114
284 36
247 297
57 26
244 48
118 46
33 74
227 109
164 187
31 36
269 134
225 165
88 162
273 71
72 235
180 228
185 223
183 83
122 216
211 195
254 243
259 58
154 2
218 176
163 183
267 150
210 228
210 285
291 295
151 173
47 250
42 99
220 223
55 7
269 195
269 257
13 155
55 59
189 109
191 119
143 121
216 55
201 296
0 297
240 280
244 242
274 14
162 170
28 222
298 154
53 102
171 289
104 254
181 259
292 234
213 234
29 283
281 211
211 230
74 262
266 246
220 86
129 133
76 271
137 8
245 150
213 41
61 189
169 71
111 204
162 147
20 213
92 123
255 256
158 23
55 217
258 288
129 147
52 255
214 97
105 20
242 257
224 27
101 57
7 20
251 31
81 283
207 47
173 259
232 116
73 25
27 277
182 116
153 54
258 142
247 276
238 88
98 112
57 242
200 132
13 123
65 270
166 191
272 92
53 293
180 172
137 167
217 44
195 158
4 221
98 249
15 120
292 192
104 57
252 49
43 66
62 141
266 28
7 241
165 289
23 233
106 110
168 64
256 43
4 258
125 235
237 42
73 51
296 94
221 288
23 261
102 233
235 202
126 215
150 68
232 113
194 108
286 156
93 19
48 281
118 280
298 93
172 89
209 222
138 80
196 145
114 130
46 28
262 202
24 248
53 34
280 289
137 9
280 27
291 20
195 176
1 8
203 47
179 10
69 235
61 86
165 275
67 281
216 0
285 111
91 62
258 278
173 198
129 210
126 247
211 239
244 169
291 200
128 152
213 278
152 42
136 251
41 179
255 119
122 254
252 213
70 55
190 253
108 298
54 157
123 205
48 21
198 38
286 131
8 94
174 80
232 256
28 138
182 93
111 89
221 169
207 175
3 188
37 276
234 21
159 276
58 288
134 205
24 147
180 71
162 128
16 257
161 154
209 10
182 17
151 59
138 170
216 125
191 35
211 128
196 109
144 199
108 123
68 185
84 79
223 160
285 291
97 224
27 6
260 34
184 51
265 3
76 39
186 138
144 72
117 62
125 131
145 1
286 118
288 124
284 28
112 262
113 36
131 290
20 168
200 34
244 99
49 16
49 0
222 293
171 46
57 234
189 223
205 267
65 190
203 53
76 127
93 131
83 37
229 45
129 203
236 103
111 149
45 93
120 261
196 92
298 24
206 32
175 5
46 209
226 282
15 14
295 94
211 220
138 61
225 105
6 187
141 123
162 139
124 61
140 295
9 173
203 37
40 256
249 18
103 208
269 259
175 59
193 192
46 95
23 270
184 41
207 4
168 105
217 197
26 3
235 28
54 99
250 14
246 31
221 228
48 135
213 296
186 228
233 183
16 297
143 127
184 200
107 6
202 111
9 217
74 14
102 241
215 259
266 103
58 28
7 191
245 67
257 211
138 281
154 139
67 212
87 203
255 55
86 34
230 249
27 88
275 61
238 222
266 151
294 60
52 142
186 59
114 272
152 28
122 121
112 268
164 75
239 0
34 164
119 254
32 144
260 163
0 38
183 139
12 66
195 258
110 54
262 98
52 215
253 223
277 14
46 261
121 200
285 252
270 4
195 219
170 141
60 293
189 68
137 195
115 133
75 257
188 4
31 187
14 296
232 150
94 66
49 207
261 99
154 272
170 165
247 283
271 8
83 264
20 18
105 64
194 4
275 133
129 157
65 181
143 229
182 107
5 52
181 274
232 73
216 114
165 283
1 296
113 206
69 175
34 278
196 186
143 276
45 155
150 223
1 134
196 150
244 254
281 293
23 64
51 45
160 88
253 160
276 289
108 228
291 172
209 288
235 167
17 85
63 269
269 242
179 76
92 80
266 40
151 115
100 84
31 238
188 132
158 34
297 4
140 278
199 207
108 101
168 219
253 19
249 37
196 225
49 30
124 190
201 49
68 271
291 87
64 25
110 25
139 117
132 245
35 264
73 126
288 171
47 13
95 77
142 187
145 191
263 189
292 184
242 241
258 42
251 164
114 101
180 61
85 168
239 269
15 232
19 244
203 121
46 93
61 127
187 67
6 229
67 225
295 218
253 48
227 296
45 87
94 121
167 27
89 126
56 276
223 33
48 252
246 36
62 47
142 138
28 217
183 185
86 93
126 170
17 219
230 198
235 158
85 69
244 243
190 96
117 157
8 226
255 233
101 11
265 230
24 279
41 55
222 167
226 250
248 101
56 173
44 120
145 142
192 187
181 98
54 228
144 243
96 38
87 149
50 78
114 157
105 179
286 153
24 27
101 105
69 184
216 80
25 144
45 77
299 259
84 266
109 171
130 39
77 272
157 87
111 59
127 244
157 218
25 65
152 2
120 41
280 179
99 144
37 89
68 142
18 230
226 23
128 14
111 251
10 57
110 242
138 99
238 226
134 0
2 82
80 165
103 58
246 86
62 283
37 82
26 82
275 125
298 291
242 276
287 91
41 274
72 11
63 225
291 267
48 176
123 298
108 251
234 182
113 164
98 70
25 4
275 188
75 137
59 73
157 271
149 284
125 141
213 286
121 37
69 257
219 269
240 92
143 36
288 120
81 128
236 264
1 167
153 112
32 50
110 266
27 166
293 70
6 109
85 64
289 194
1 78
289 126
250 247
171 34
155 71
118 251
294 142
158 130
239 254
175 18
190 261
7 127
5 152
34 59
151 160
89 278
115 179
242 221
270 94
47 101
290 145
101 2
203 246
191 138
263 244
87 219
284 5
287 115
198 120
186 160
133 257
192 197
171 192
19 60
158 153
223 161
205 275
134 196
255 171
275 223
227 116
33 171
34 214
35 255
86 217
299 107
187 191
124 283
4 135
200 86
73 221
120 151
102 200
271 153
247 110
86 84
190 100
49 231
206 141
251 115
66 134
104 233
240 157
277 269
216 197
197 63
45 74
83 201
199 31
77 295
32 59
73 196
53 188
269 56
55 121
139 14
262 92
94 87
235 147
139 180
33 203
34 160
43 38
127 118
218 292
3 233
238 177
23 5
127 2
267 225
31 5
80 132
64 129
158 252
94 31
257 111
59 282
16 47
273 43
152 31
169 231
178 195
210 47
6 147
145 134
75 4
36 187
31 220
171 75
111 178
3 288
26 161
297 298
237 137
190 143
293 69
84 294
173 132
235 131
282 244
154 24
223 190
289 24
241 191
187 251
213 61
84 232
98 237
137 5
212 253
289 186
222 69
233 50
156 153
133 85
282 158
40 170
225 18
209 120
187 298
125 154
151 277
126 208
274 193
253 131
184 166
231 110
144 10
120 183
225 42
79 169
37 157
17 63
203 260
250 228
101 162
258 279
131 267
154 66
49 227
48 139
113 61
236 133
82 74
208 107
161 129
241 203
176 96
130 24
60 273
283 83
43 17
128 87
257 189
65 245
160 50
224 238
165 172
32 178
181 43
80 55
135 99
114 257
274 13
29 230
246 156
252 1
272 50
225 243
160 108
244 205
91 4
98 266
63 36
59 126
6 166
116 23
199 96
239 99
154 227
72 63
27 14
259 92
297 277
16 77
288 76
274 137
73 292
45 23
298 27
64 175
234 63
277 21
211 234
160 149
162 166
48 149
285 87
55 81
291 71
36 236
280 296
222 63
209 179
202 127
13 82
32 102
163 44
266 23
40 63
97 276
137 233
24 283
180 221
269 124
157 71
79 106
86 228
226 13
61 195
290 268
164 127
275 287
95 153
185 156
111 281
148 235
96 19
164 130
64 292
112 147
153 9
264 77
26 207
64 184
96 108
112 41
249 274
185 21
129 257
126 286
280 297
50 236
239 106
295 272
119 221
4 209
8 237
149 70
29 122
264 14
274 20
70 195
33 152
148 71
72 103
219 181
178 205
129 75
166 201
44 222
274 101
198 122
236 151
151 223
125 75
142 94
67 260
54 29
137 281
261 62
256 217
25 261
190 97
108 0
146 72
35 88
288 189
33 114
179 157
103 25
278 225
278 220
7 193
280 119
162 291
217 144
52 190
194 172
39 22
71 81
31 229
94 297
77 218
126 93
178 127
115 190
7 184
69 37
158 10
217 97
168 211
277 78
271 212
106 91
231 75
269 162
95 68
1 215
242 175
267 115
97 115
144 222
258 125
195 7
45 269
160 257
203 74
7 26
206 235
146 119
117 43
291 254
273 37
188 180
97 245
211 245
118 264
179 217
55 246
227 100
247 81
17 171
55 11
132 184
21 195
247 34
229 24
187 239
14 0
131 186
249 291
189 161
92 56
51 125
198 199
66 120
209 173
68 251
44 170
279 89
273 68
28 71
64 89
43 287
40 253
231 133
248 292
72 48
176 68
169 263
20 236
197 163
254 210
23 263
127 278
10 266
93 241
260 27
220 47
33 245
97 286
138 181
34 293
75 176
254 188
223 59
76 124
4 191
160 47
33 250
159 0
91 9
154 289
289 257
55 239
31 267
224 180
164 299
215 299
42 12
226 100
223 169
133 27
34 299
19 4
95 280
98 83
241 121
11 244
74 188
100 55
244 165
290 235
261 65
38 33
279 23
4 271
33 238
67 202
62 255
201 233
284 53
219 265
19 295
118 258
253 16
255 111
260 191
128 51
293 232
57 6
151 62
107 185
211 297
4 273
11 161
70 27
30 16
203 16
2 95
274 116
231 155
240 233
299 129
41 121
182 249
227 67
195 278
83 60
109 282
125 3
288 196
165 107
38 87
58 46
72 135
179 107
102 249
295 173
31 252
291 104
14 28
241 236
58 95
52 12
243 169
287 259
18 204
130 217
230 172
237 217
169 69
75 102
145 74
224 157
1 75
63 146
16 279
24 173
228 117
252 170
251 213
77 7
246 178
76 123
138 241
285 185
137 19
129 285
91 120
232 230
280 85
178 54
19 130
171 178
160 281
292 8
294 3
281 66
69 210
207 87
246 29
109 293
163 131
30 101
280 180
287 31
111 143
267 9
21 137
92 264
79 94
123 55
213 135
4 70
52 131
240 235
8 55
91 48
297 196
83 130
129 232
78 194
12 204
79 121
233 119
241 113
205 209
167 227
48 133
273 92
159 3
79 138
245 161
197 225
26 94
179 200
284 139
273 277
168 48
124 248
178 75
117 127
29 96
56 72
192 15
168 33
91 285
116 177
254 141
69 137
38 99
290 276
7 88
51 0
284 74
179 62
287 28
276 147
96 85
80 136
162 56
137 192
24 249
216 69
86 227
125 256
0 168
256 291
286 158
34 246
9 270
170 133
299 237
60 111
7 9
210 296
167 26
279 162
190 202
41 50
251 27
256 160
30 154
82 146
287 93
35 260
96 123
271 86
231 120
134 144
241 52
245 294
71 167
143 101
76 100
12 136
133 181
282 57
261 212
236 17
228 168
141 124
287 65
118 59
59 42
266 146
198 21
6 258
261 102
273 119
46 162
293 201
260 208
197 30
148 34
225 273
181 201
213 21
290 223
290 21
39 155
89 53
68 284
204 122
42 91
114 233
111 78
5 258
286 241
65 43
125 255
16 158
109 266
58 9
262 10
195 59
280 229
148 144
20 164
249 154
157 96
278 84
29 216
151 253
58 63
95 238
52 248
35 231
289 284
117 239
0 63
222 27
28 2
295 181
103 74
278 135
211 43
12 208
284 102
228 142
278 130
157 17
280 100
183 269
182 39
173 211
116 139
219 107
278 61
171 143
104 225
231 291
204 210
118 299
239 6
152 134
269 60
26 240
156 58
150 80
138 75
141 213
12 273
181 175
212 1
250 198
236 1
24 29
218 145
73 89
147 160
67 247
26 152
179 265
231 46
214 29
121 291
181 260
273 77
79 117
175 110
141 77
210 258
44 139
9 18
59 158
215 54
164 233
204 90
49 286
43 91
145 217
212 147
76 295
95 184
20 98
171 63
157 297
69 232
137 280
79 18
6 263
134 91
204 104
89 10
81 296
167 260
111 243
171 196
14 244
73 216
190 32
244 203
81 25
3 115
84 276
43 265
298 276
195 281
84 128
1 23
182 30
142 262
232 135
16 163
98 271
41 129
168 108
293 89
263 286
11 279
143 215
227 43
124 279
254 77
48 199
207 203
88 218
31 153
269 205
65 68
67 74
252 191
116 249
241 221
222 289
276 177
283 181
158 141
102 152
153 248
289 189
145 282
25 269
80 223
250 43
122 188
30 270
77 67
202 231
163 25
255 167
38 77
110 268
145 2
179 124
230 30
186 190
297 12
24 224
178 233
9 48
230 297
203 115
3 226
167 188
31 217
172 133
102 111
187 37
131 147
90 150
181 278
22 67
70 116
184 253
161 135
58 206
91 67
103 206
207 180
74 241
98 17
58 76
135 81
175 134
267 286
150 198
289 38
58 61
108 259
36 185
6 261
35 56
48 172
59 193
195 116
286 5
107 35
238 96
215 236
270 229
128 244
129 181
46 217
205 249
263 241
283 240
76 145
75 225
22 165
75 210
278 241
10 54
268 104
277 241
248 81
92 63
299 14
23 206
238 272
189 152
34 32
89 169
173 176
27 18
8 67
244 130
107 160
62 273
48 70
183 36
219 202
178 257
295 159
7 151
156 217
230 197
20 143
112 12
75 103
85 276
181 255
86 116
65 166
64 294
298 56
236 227
12 150
253 26
18 207
14 291
118 80
194 161
284 11
159 86
170 199
210 162
123 249
276 105
184 34
133 124
68 178
267 80
218 132
248 176
82 135
261 28
224 262
66 97
47 297
35 181
260 106
69 269
257 233
252 102
11 188
62 222
256 116
257 91
31 128
113 102
147 251
93 79
236 67
291 221
35 155
135 293
241 183
216 87
162 165
97 37
168 244
210 245
75 52
246 3
152 145
171 117
230 176
5 231
179 182
192 179
291 138
15 20
264 50
9 71
99 293
3 56
157 140
24 152
89 248
95 187
205 169
202 93
57 145
263 217
113 274
24 52
198 154
75 155
196 168
159 10
46 127
187 230
39 160
103 73
8 96
207 96
200 51
28 42
116 293
168 154
297 73
258 182
103 201
148 52
280 129
71 204
161 38
247 45
279 118
273 66
59 3
152 129
249 288
11 122
75 107
253 261
198 108
161 144
180 250
10 70
116 26
79 284
167 68
24 202
88 272
299 109
176 283
133 62
121 168
9 1
216 137
294 20
236 63
289 255
53 223
19 52
204 266
71 10
110 16
232 152
285 18
221 49
261 119
10 206
95 250
45 147
54 96
214 81
264 228
189 215
132 53
161 151
207 238
137 13
220 144
253 237
216 8
77 34
11 187
160 135
77 227
247 291
73 133
276 241
267 186
127 133
96 189
122 270
11 3
65 207
188 274
4 84
29 167
125 120
292 191
6 145
113 97
50 293
269 14
223 173
89 29
127 113
245 284
219 293
20 75
137 142
247 120
134 88
257 164
9 106
0 85
113 188
256 222
157 199
110 109
38 240
142 48
98 124
272 148
254 216
101 194
110 178
125 16
190 127
288 6
226 97
43 251
68 116
10 141
39 294
286 177
227 251
248 16
47 103
180 13
56 185
280 141
176 264
109 12
115 124
79 120
177 272
201 65
68 259
54 180
49 162
110 263
45 233
205 274
180 189
261 41
247 286
73 202
155 278
80 286
126 50
74 90
81 39
266 274
180 253
107 298
170 253
143 234
116 220
35 225
102 122
25 195
149 205
91 119
26 56
137 86
107 222
173 43
211 186
205 60
254 135
55 136
149 64
0 74
17 149
30 296
15 85
120 156
0 96
97 282
187 107
70 287
89 281
297 80
223 280
294 229
286 199
248 88
43 30
74 172
47 236
277 148
176 92
137 57
231 132
43 231
188 208
133 76
266 285
123 53
151 56
279 92
255 206
192 294
180 177
206 47
1 88
36 64
276 91
253 199
55 131
88 109
60 59
190 184
71 49
272 262
217 271
293 107
105 24
4 285
198 209
16 88
47 121
178 222
45 299
67 68
144 65
44 15
34 223
92 191
291 61
122 69
244 159
220 79
64 17
51 95
76 291
128 176
180 190
126 2
175 243
119 182
47 271
289 215
121 243
137 113
253 163
170 158
100 116
207 106
146 189
169 53
240 3
7 75
59 27
91 31
224 132
268 116
296 292
53 265
35 269
227 271
220 269
266 193
292 258
17 168
247 42
33 90
272 30
131 33
121 161
97 296
75 117
211 73
140 161
126 105
229 124
20 48
88 53
179 240
44 236
87 197
51 206
189 93
187 215
44 61
258 39
135 208
116 16
137 189
57 100
108 55
156 68
4 38
218 123
175 196
70 59
145 242
186 225
48 49
195 297
230 143
257 284
220 240
210 76
88 44
228 52
11 210
3 156
82 210
68 196
246 295
191 213
141 66
150 102
252 299
136 66
194 287
213 260
115 225
270 28
197 77
111 71
206 34
150 28
117 40
84 70
67 250
15 204
106 199
111 68
68 191
227 281
107 249
84 199
79 170
143 129
297 274
89 192
233 197
128 286
145 209
129 192
151 141
128 206
15 79
260 45
214 294
118 189
115 221
100 235
19 108
136 27
289 5
116 147
286 155
110 5
70 192
179 7
105 74
268 0
10 17
117 131
253 33
14 192
185 266
191 101
148 266
154 243
36 265
87 141
82 88
152 8
179 48
187 179
26 69
69 163
51 6
213 202
241 131
123 42
196 248
83 220
261 160
59 219
216 26
224 287
268 175
85 153
131 124
4 72
280 138
121 145
47 32
33 207
235 95
252 169
185 218
219 30
34 70
181 242
120 220
282 134
159 177
290 167
250 112
196 170
60 271
37 186
246 243
42 110
95 141
60 145
118 262
219 67
90 124
94 126
216 172
119 36
192 164
2 78
239 208
229 79
35 66
184 242
239 39
164 95
112 247
147 280
23 47
80 116
246 69
151 162
10 251
259 277
191 69
146 130
92 194
119 69
222 12
162 39
100 95
225 14
251 157
103 165
186 43
187 217
72 247
102 118
207 77
221 145
26 36
154 70
223 121
213 149
80 284
279 34
107 215
22 282
154 252
199 223
249 80
202 186
135 246
46 252
289 155
223 281
63 241
185 203
5 7
271 61
177 60
10 227
160 74
267 20
226 45
172 56
55 167
263 166
56 74
292 206
262 259
239 32
49 25
175 15
110 121
247 0
281 119
224 45
124 214
234 184
109 24
63 13
78 185
185 255
122 181
291 4
298 111
177 107
109 182
214 221
251 145
27 210
297 14
62 178
297 102
45 61
100 27
11 203
286 278
296 119
224 32
175 127
144 33
70 37
85 290
127 62
155 153
106 119
14 29
278 133
34 291
182 235
62 167
57 22
286 220
297 140
192 264
24 200
246 80
88 23
132 98
132 144
292 58
103 233
247 202
272 89
28 232
47 244
107 13
208 50
230 218
87 272
271 116
298 161
249 174
50 222
122 238
241 80
120 69
86 55
39 225
241 143
276 22
157 26
52 158
150 151
164 294
54 216
43 5
85 169
256 15
206 156
174 244
80 10
52 267
4 200
103 227
5 242
35 198
97 38
136 238
92 263
13 19
104 72
158 185
146 281
61 142
140 284
136 115
28 236
232 229
179 247
198 191
95 206
256 208
151 238
281 252
137 125
149 197
50 163
280 265
88 249
58 191
234 173
20 83
198 17
163 207
246 79
77 299
178 72
51 22
299 230
79 243
273 200
240 83
1 18
251 250
167 13
175 161
268 136
91 207
153 105
290 41
255 93
132 248
253 66
44 65
246 239
76 186
135 147
292 56
239 182
74 220
297 153
262 34
283 20
278 91
285 253
142 185
7 258
221 251
237 128
85 267
120 197
86 190
114 52
26 296
221 195
143 113
86 165
84 150
238 270
93 32
14 203
29 84
119 193
226 133
78 154
281 38
272 233
3 92
193 11
247 98
222 125
124 108
110 118
71 152
102 74
222 290
262 26
52 86
87 163
106 251
64 266
27 228
109 137
130 132
229 187
171 172
287 248
12 280
210 226
184 53
178 95
55 31
41 168
176 123
245 107
16 212
72 114
217 276
191 181
32 235
97 9
96 121
166 64
1 114
285 67
20 249
216 23
182 14
238 59
186 204
110 213
189 73
80 260
73 289
157 175
47 153
247 225
57 16
22 236
37 45
124 3
265 166
167 164
137 115
12 214
200 55
110 251
130 273
182 86
53 186
13 44
66 51
36 247
196 5
121 211
95 275
210 244
45 261
16 210
224 266
218 118
34 174
145 136
165 2
62 200
23 134
100 99
144 130
42 82
285 32
159 264
41 249
80 180
8 258
175 58
87 256
178 107
185 95
86 48
118 37
158 31
32 298
94 267
201 113
292 212
22 75
119 262
254 85
120 181
261 279
138 207
13 242
180 292
103 172
208 3
63 233
224 76
110 8
49 206
137 1
200 252
62 191
280 270
219 94
249 181
286 219
277 183
29 65
260 274
11 135
123 54
20 23
144 158
34 268
187 105
40 176
231 259
250 63
111 10
156 109
298 289
208 70
163 196
231 118
44 199
81 293
86 18
167 22
19 196
98 114
227 189
80 1
18 112
83 9
114 125
157 143
135 18
48 290
190 226
255 27
199 129
278 237
110 192
39 276
57 255
137 224
191 233
152 260
95 16
5 87
104 98
168 201
68 144
111 0
192 176
245 180
298 273
255 147
283 279
72 93
99 248
76 174
229 205
64 148
270 184
290 62
14 286
117 77
244 116
235 258
294 135
197 291
241 232
159 265
290 168
107 294
220 272
145 294
203 216
32 100
27 55
83 56
66 16
11 204
233 56
64 146
214 11
183 246
275 191
296 164
144 47
49 55
46 287
8 249
91 94
169 269
271 221
113 109
261 182
28 51
200 155
89 38
58 230
218 59
205 38
68 92
64 225
272 40
0 164
59 264
16 137
214 46
98 157
231 45
200 59
239 26
9 214
85 186
291 21
252 52
196 162
155 56
221 181
146 94
136 176
175 292
13 68
222 194
154 267
69 118
54 14
82 298
102 129
223 252
238 281
259 70
225 192
155 190
224 119
92 281
158 134
163 53
5 178
268 114
218 111
235 140
27 252
274 54
291 229
182 289
222 160
278 167
191 53
202 52
111 135
68 63
228 123
188 216
243 55
188 117
108 211
141 89
292 52
31 45
280 127
60 67
137 289
177 228
20 245
266 208
196 143
265 136
137 94
141 115
76 78
121 44
102 259
57 138
213 165
151 126
217 19
40 67
264 160
68 93
254 220
257 185
206 289
95 289
50 195
123 179
20 43
225 234
40 125
261 159
292 27
142 215
246 215
167 126
226 122
85 113
229 19
117 256
228 152
267 15
209 113
275 135
177 214
177 139
174 84
146 139
95 265
67 296
190 169
71 75
59 43
80 122
86 253
258 23
93 211
184 224
46 7
242 205
70 278
216 71
134 18
288 96
262 105
14 94
266 135
95 200
130 100
13 132
238 144
65 248
248 72
287 32
44 57
52 130
61 207
70 210
24 61
184 214
174 269
64 269
39 299
265 205
212 8
166 290
159 260
2 41
156 96
194 145
124 31
250 261
281 193
69 102
132 68
154 173
270 53
149 25
175 293
54 283
207 15
64 284
288 71
128 28
171 44
240 155
8 188
23 19
165 201
93 229
38 111
212 133
222 269
238 143
109 219
52 97
25 143
146 295
5 252
219 40
86 280
77 145
112 168
34 134
122 154
3 89
247 122
133 140
282 75
242 177
7 54
279 213
273 102
240 297
14 151
210 218
118 293
51 250
192 75
254 275
121 115
49 219
150 278
55 40
145 249
282 211
148 177
270 214
62 119
188 290
210 74
118 199
90 254
138 40
100 260
234 148
99 132
89 148
290 22
184 265
246 260
220 177
260 95
232 244
227 11
157 288
123 28
41 143
36 194
146 44
158 103
78 177
287 141
170 96
51 253
139 69
193 129
238 214
216 266
248 278
292 230
283 100
73 41
128 157
129 25
94 210
7 289
132 57
175 193
191 95
8 291
193 86
85 176
196 262
101 197
128 179
94 282
196 148
97 86
20 19
180 243
68 269
80 225
4 182
211 41
127 109
124 27
173 105
226 287
117 233
207 64
229 156
131 252
48 33
34 178
295 55
220 295
10 87
157 195
108 144
136 40
104 55
76 45
208 295
252 287
245 51
289 152
171 254
165 231
48 171
84 244
23 63
51 44
264 138
131 96
203 134
135 180
296 7
13 159
229 49
280 263
188 21
269 287
142 247
294 196
260 240
58 139
212 10
18 77
21 244
120 143
218 159
178 50
226 224
69 46
190 15
34 79
244 290
245 196
236 273
61 31
254 206
20 287
13 247
139 49
172 206
99 49
13 111
258 63
119 239
100 217
203 122
227 182
298 269
275 122
204 287
24 148
286 270
153 255
28 151
153 171
158 296
269 133
72 283
93 152
180 117
229 173
0 233
1 37
261 0
105 200
48 184
87 0
197 164
17 271
23 274
200 67
33 86
98 171
21 15
295 124
66 56
94 67
243 90
142 197
240 237
80 2
265 39
201 294
230 256
295 242
42 230
155 171
94 199
260 137
135 243
168 130
0 295
174 75
8 32
256 169
228 284
29 61
68 192
135 10
108 9
261 247
89 208
204 162
51 156
59 86
1 244
122 219
84 143
297 26
75 255
273 140
177 103
82 72
63 290
15 157
234 93
173 121
32 234
19 134
278 269
73 276
238 278
166 177
16 238
102 93
9 210
187 153
252 183
126 251
104 242
233 7
145 144
295 174
23 267
183 236
142 56
243 57
74 226
128 266
212 138
126 29
215 146
147 244
220 112
196 96
137 282
62 80
234 13
36 208
157 248
25 41
294 177
276 168
177 246
137 56
265 90
135 205
288 261
194 272
64 42
282 296
80 74
10 49
222 95
219 13
196 183
184 156
273 165
97 227
107 97
11 131
20 101
45 192
18 113
91 281
99 159
183 197
254 197
173 38
87 4
287 270
296 75
142 259
22 217
179 64
145 162
281 167
127 93
124 177
77 139
121 232
183 174
204 199
50 23
150 47
21 108
142 250
130 58
98 152
86 286
130 297
124 126
240 17
38 263
74 121
155 236
75 259
83 59
256 99
152 240
263 88
56 20
145 88
199 297
66 143
168 134
169 91
222 186
69 221
97 101
157 20
44 240
184 122
27 165
216 291
293 152
295 176
263 255
43 8
157 68
87 119
289 283
170 249
29 177
92 20
241 144
5 38
182 210
176 289
145 208
97 105
295 231
86 87
62 45
89 146
3 181
32 91
23 31
32 251
170 111
104 196
58 198
15 254
95 126
245 112
123 144
111 44
63 81
224 246
61 149
23 43
17 101
96 187
217 99
106 21
135 225
181 214
233 109
54 79
99 287
32 289
142 180
271 144
212 126
111 65
58 57
38 242
166 47
153 267
282 138
106 28
252 263
34 186
98 161
117 199
177 245
113 111
169 5
198 112
186 159
232 235
109 147
199 25
181 293
135 222
158 24
143 42
71 257
279 164
282 227
230 140
280 49
181 180
15 125
14 289
213 94
125 297
291 114
17 241
239 131
9 132
197 82
73 266
260 78
262 127
159 92
42 4
5 151
52 284
230 278
289 69
116 180
298 103
142 299
254 209
86 110
143 252
72 255
138 217
166 295
268 185
238 10
221 237
71 47
220 124
113 125
174 10
141 130
295 296
151 103
48 27
128 141
170 271
54 267
31 283
45 86
267 88
269 76
15 98
51 192
192 243
143 158
132 215
66 284
17 126
20 88
116 263
273 94
270 16
288 156
191 173
44 89
70 66
107 133
54 203
224 41
143 79
165 115
295 280
258 253
99 270
37 294
192 260
226 178
200 221
17 269
279 105
213 182
218 74
274 204
41 156
244 83
294 236
110 209
12 224
61 109
128 212
19 38
108 292
187 7
195 175
58 173
289 297
257 31
174 162
26 54
292 219
222 230
219 54
210 259
145 46
55 21
255 96
54 51
153 13
259 290
126 3
205 137
219 158
85 139
243 125
251 193
50 268
256 287
69 104
242 275
267 143
298 235
229 100
227 124
182 237
145 47
18 80
126 252
72 171
41 1
119 203
18 253
177 104
83 281
125 203
27 5
35 276
55 225
276 278
83 248
264 112
161 6
129 36
84 274
168 245
240 10
28 283
210 268
31 284
193 180
234 42
181 224
188 100
77 239
149 85
104 250
298 221
2 232
59 141
50 213
143 205
79 125
8 179
281 108
175 116
190 235
243 61
96 216
62 88
81 107
112 149
30 22
287 16
18 132
29 136
89 232
5 275
79 56
54 265
190 122
68 214
0 201
163 157
42 30
7 262
73 260
293 294
183 152
107 25
211 28
214 163
85 70
212 248
24 146
291 94
226 170
181 176
43 83
286 171
208 191
287 121
31 102
296 98
156 261
186 8
198 50
114 251
132 118
60 13
75 90
272 33
254 97
30 76
18 34
261 175
99 145
98 223
95 22
294 66
88 22
142 2
16 249
40 7
214 134
263 140
228 98
83 138
197 136
58 26
78 125
41 108
185 279
275 93
185 0
150 260
200 215
205 25
30 247
290 170
175 103
68 134
108 295
293 161
206 295
1 198
253 69
245 0
194 33
295 117
130 180
279 91
7 189
39 125
211 111
117 116
267 133
5 133
123 187
27 61
162 180
168 34
16 230
91 41
111 36
193 94
161 211
2 288
178 22
185 265
155 81
238 282
7 84
120 248
260 51
275 39
101 292
139 167
252 250
238 40
221 51
152 84
53 42
157 137
244 54
19 97
34 205
43 63
114 74
108 205
200 243
290 90
120 266
284 191
8 220
54 294
42 83
4 232
74 177
274 264
38 257
186 269
139 16
248 127
18 269
185 114
149 281
19 68
202 107
29 198
24 110
265 55
249 251
295 233
102 54
280 70
184 203
269 289
282 178
94 271
126 279
223 123
113 112
130 197
95 97
49 103
257 116
298 280
217 234
240 295
66 5
102 181
117 12
193 91
278 94
15 136
283 42
193 253
238 216
143 265
212 146
43 292
120 99
275 213
118 152
103 164
202 249
279 84
290 146
166 278
52 159
236 282
290 162
232 17
70 168
9 141
199 89
270 77
12 221
41 127
270 295
78 30
195 51
23 186
163 250
203 283
264 97
138 95
210 7
24 96
43 178
156 92
216 192
240 93
179 219
269 273
236 64
146 209
154 166
171 297
149 82
60 24
15 195
124 30
295 56
33 297
19 140
69 52
59 177
22 59
125 145
9 219
59 155
147 141
212 131
75 211
180 1
84 54
60 56
60 218
195 127
144 254
68 198
14 125
36 39
191 99
226 234
22 31
232 30
235 214
90 195
149 1
188 264
200 236
273 25
25 88
50 259
176 119
192 2
116 261
141 248
239 298
74 295
298 130
219 170
112 30
36 45
84 6
11 200
86 249
134 24
115 10
147 253
123 70
160 115
298 153
62 54
273 299
223 108
113 87
4 74
45 255
75 126
283 179
228 74
189 271
289 8
245 194
97 150
167 50
60 70
278 82
66 276
232 102
207 30
224 110
275 132
170 155
131 118
184 120
224 116
270 277
93 164
1 177
43 108
161 288
208 275
270 289
157 184
55 186
192 32
83 122
24 235
221 10
185 179
44 40
233 222
204 291
58 19
134 137
96 111
39 88
72 28
159 217
191 253
92 87
194 211
16 267
9 268
181 47
78 244
72 97
274 184
253 95
151 75
180 258
48 286
102 38
181 197
245 146
148 265
234 61
200 211
81 82
267 161
295 211
200 260
257 167
199 40
191 234
47 27
182 225
246 15
116 151
239 63
219 35
22 171
38 109
98 229
146 168
152 22
33 157
225 183
77 118
96 139
2 51
174 172
241 91
253 78
189 17
103 293
244 42
69 270
224 59
112 172
279 110
103 253
64 19
237 173
147 10
183 264
227 48
94 38
250 263
181 227
127 226
55 168
32 246
52 126
113 76
172 228
212 167
1 224
227 16
131 86
96 102
171 81
68 97
217 161
280 21
112 204
109 115
127 255
226 118
251 255
50 59
165 117
178 18
149 142
242 173
120 226
144 52
284 225
21 28
46 279
126 71
95 243
45 221
23 151
128 246
218 234
263 204
56 262
247 10
111 146
81 169
220 261
292 240
166 118
280 66
252 295
102 97
30 113
13 104
238 11
0 138
168 101
113 32
143 214
26 61
143 172
15 268
52 36
11 245
216 162
69 153
150 189
72 250
187 185
22 271
118 43
228 9
11 65
155 86
33 244
36 22
71 80
57 196
234 175
280 3
134 193
158 8
149 163
214 78
229 267
225 268
98 3
103 263
43 0
276 96
238 138
185 93
165 144
3 152
240 19
73 169
207 133
192 101
98 275
72 148
12 96
178 286
0 7
242 37
97 211
210 21
270 211
216 43
23 73
90 187
171 182
71 249
181 27
161 228
107 223
32 131
102 79
238 74
217 29
292 245
38 211
123 229
0 173
59 36
46 114
120 263
156 116
189 179
235 111
298 110
157 231
107 110
23 49
203 219
82 171
253 204
120 202
261 236
175 198
281 241
207 50
265 267
27 138
168 92
1 116
42 147
70 222
60 278
102 146
102 245
244 95
120 22
141 275
265 150
47 298
21 174
269 228
266 160
274 240
84 37
288 282
261 34
131 289
241 124
21 132
251 182
89 228
50 237
177 236
185 280
211 276
275 176
23 199
195 276
76 178
147 254
154 190
121 11
217 270
164 120
221 219
107 58
16 215
236 66
49 170
4 181
240 269
141 46
7 33
100 101
89 54
254 181
283 208
181 7
228 58
198 37
293 243
169 182
116 120
62 231
91 30
184 2
49 56
151 265
137 199
249 47
246 140
46 14
164 263
242 268
181 96
90 38
47 77
286 222
40 13
118 172
194 242
86 230
119 235
250 210
233 39
4 5
272 293
167 75
240 144
126 109
112 290
290 189
206 166
42 160
268 147
103 200
251 161
224 211
93 25
2 74
55 160
8 165
276 62
9 68
283 34
142 169
147 165
22 141
226 77
202 34
114 208
167 267
194 277
8 279
283 291
173 7
25 186
282 144
205 45
14 34
234 101
24 144
188 298
99 24
214 146
12 95
172 209
224 96
286 248
90 173
63 16
9 289
5 82
222 13
197 72
198 153
125 18
26 106
270 196
79 201
248 85
73 24
88 70
236 2
126 272
75 35
265 168
39 142
294 286
108 276
176 158
124 48
49 1
291 232
7 155
226 227
122 147
249 51
252 205
115 87
51 101
89 256
235 1
218 36
230 6
261 226
33 256
116 39
105 110
136 37
125 212
267 149
229 219
215 85
64 98
275 230
110 37
213 121
242 237
42 203
6 70
99 278
20 218
266 262
17 286
110 34
206 220
247 119
174 129
3 62
53 294
106 180
216 222
284 244
209 79
200 149
38 248
180 120
197 32
222 168
275 66
237 174
91 149
27 65
104 246
244 43
88 92
198 290
102 204
188 214
90 26
160 102
220 180
177 66
195 28
20 188
124 21
59 140
87 270
201 197
225 297
233 48
293 15
246 245
135 140
33 77
262 221
215 264
107 220
110 252
204 73
81 69
249 180
68 210
57 211
54 262
79 165
103 22
295 9
49 61
87 198
280 10
116 62
166 178
136 230
79 168
46 22
201 101
212 68
218 296
21 180
96 278
114 117
182 192
170 164
219 8
23 57
141 240
15 278
138 292
270 67
268 86
61 280
296 33
13 210
227 225
200 223
17 30
15 95
234 83
180 114
23 122
72 16
121 34
11 217
1 146
55 247
111 198
72 284
49 33
289 236
101 111
173 2
215 150
282 147
72 124
112 120
72 88
170 100
18 109
236 232
60 172
109 9
181 93
89 81
212 35
133 261
57 257
97 92
242 112
258 238
273 109
42 287
98 199
115 102
128 277
36 253
281 190
182 154
98 207
291 29
210 155
274 76
273 150
121 3
287 229
33 66
166 132
166 220
16 256
127 163
172 24
63 125
186 10
211 113
112 219
80 112
159 190
177 81
8 247
282 98
127 51
201 182
234 16
164 60
231 161
271 229
235 47
273 106
187 193
15 10
155 166
287 189
260 88
128 204
167 161
104 109
82 292
239 266
36 68
39 271
191 243
132 30
172 10
33 27
30 98
232 108
203 163
157 125
287 139
249 293
93 27
21 167
50 125
228 255
54 64
200 45
223 203
94 164
294 279
108 171
121 146
92 7
0 91
263 248
3 213
230 144
115 241
201 206
30 291
198 88
237 259
12 7
101 180
59 129
52 119
179 171
59 159
277 283
220 15
262 276
37 25
75 93
263 40
19 83
241 1
149 288
263 197
188 30
125 29
52 28
185 3
160 164
21 4
76 290
209 37
57 287
256 108
74 200
260 52
192 59
296 196
33 126
123 174
12 32
195 283
270 195
231 279
43 294
235 239
178 158
142 286
45 275
237 102
155 62
265 84
147 3
15 154
89 118
260 215
76 64
88 209
288 101
105 71
246 16
51 251
180 288
193 78
9 160
139 199
274 182
288 32
243 119
283 151
74 247
187 159
7 71
270 208
267 219
234 255
298 275
205 221
177 181
170 267
275 269
262 277
181 247
279 132
5 177
155 205
211 246
194 124
33 24
295 172
140 115
299 261
126 140
109 277
64 37
184 151
225 13
175 191
138 150
2 54
165 126
259 266
116 34
285 40
281 175
272 223
104 184
49 128
69 6
265 116
257 208
180 213
116 129
280 30
34 61
130 50
250 195
167 266
108 174
120 233
38 283
103 248
1 126
270 108
228 61
227 289
254 107
86 120
157 141
187 259
52 240
53 75
186 68
127 256
18 216
63 247
218 177
241 109
116 247
21 60
69 30
276 114
134 285
155 64
229 241
161 62
116 174
43 185
107 184
221 21
228 99
169 214
39 28
90 128
281 239
286 134
90 273
24 290
297 64
125 53
55 266
282 156
279 246
131 247
206 202
278 78
231 240
261 287
193 257
288 230
187 43
237 77
66 161
127 103
106 62
158 50
276 163
224 48
178 15
272 153
162 126
249 285
247 228
114 11
280 102
36 60
292 247
193 183
291 68
113 9
142 251
279 245
138 85
147 16
100 238
234 138
209 218
154 170
299 62
253 77
43 96
48 272
47 159
66 45
273 257
265 69
34 138
228 155
182 47
259 175
260 38
264 209
109 150
166 14
118 9
283 226
103 264
204 60
208 229
223 89
202 9
223 12
245 269
184 42
294 16
87 40
40 258
221 66
80 107
64 115
258 197
77 225
225 130
205 125
6 4
51 111
34 112
57 186
238 118
195 63
12 91
264 23
287 50
22 189
283 216
176 43
20 192
133 264
286 138
199 250
74 37
116 87
251 224
166 52
54 9
17 277
54 159
168 135
196 110
15 258
133 255
202 43
103 163
136 47
100 214
202 88
43 79
166 299
278 157
128 281
93 193
133 47
120 174
53 193
56 103
155 154
260 284
48 68
68 57
82 10
232 174
174 144
11 90
270 185
216 84
275 235
171 181
226 183
89 120
257 56
192 100
173 106
87 194
14 246
124 257
84 57
68 163
24 68
27 242
64 154
67 149
209 214
7 243
177 9
93 140
296 83
164 37
44 224
39 169
209 5
60 189
282 280
273 167
140 190
251 244
217 227
199 0
271 265
20 40
199 270
21 65
252 122
201 89
111 76
176 276
164 203
136 266
216 230
62 239
101 169
290 206
220 96
70 35
297 233
2 293
78 131
89 242
210 227
77 202
112 26
147 260
26 32
94 159
137 241
285 0
83 250
32 101
263 237
81 118
94 93
268 100
237 202
82 22
206 4
168 72
245 105
119 184
220 158
256 14
221 236
19 42
70 289
186 72
167 254
21 90
299 103
140 70
179 235
100 176
290 172
158 285
139 291
282 182
179 260
126 63
240 186
93 166
0 46
139 112
275 115
187 33
26 236
168 173
38 52
294 31
69 16
108 17
231 19
206 68
212 15
101 42
9 84
108 126
146 246
127 289
233 214
245 166
88 200
299 65
124 64
163 290
60 299
252 174
115 195
187 200
189 48
90 62
60 26
48 123
71 170
278 293
98 224
164 38
192 21
33 183
161 113
183 158
186 81
192 5
93 38
234 45
225 253
43 289
240 238
266 279
102 131
93 124
82 110
193 45
53 291
17 217
191 179
285 191
42 7
163 83
178 216
190 112
39 132
153 109
97 85
50 205
69 194
263 201
230 188
245 159
164 262
298 143
273 111
274 212
114 166
7 276
175 288
61 164
13 197
57 264
257 93
43 195
292 201
157 241
265 154
78 224
250 12
17 84
15 86
201 283
283 295
219 171
207 158
196 9
82 213
122 120
139 8
157 153
126 139
231 40
289 49
284 150
188 202
272 166
247 173
218 207
46 245
156 296
63 47
277 52
240 223
48 292
204 53
256 118
95 297
46 68
187 279
110 113
15 134
198 163
196 230
258 191
170 33
256 171
262 195
155 174
200 68
271 38
272 27
37 2
216 9
142 23
133 8
179 135
92 15
40 213
157 168
235 284
234 216
212 102
32 51
70 42
294 235
73 131
105 161
113 64
266 33
10 290
114 149
76 259
107 287
123 193
155 74
14 39
149 73
145 233
47 151
87 258
91 151
114 231
246 242
65 170
26 141
259 144
248 251
183 173
147 228
267 136
90 289
277 141
117 298
265 137
236 113
201 219
239 159
36 277
125 293
236 82
76 184
57 240
33 61
107 203
180 233
66 277
236 7
293 141
151 279
294 18
103 205
32 233
169 11
95 82
292 25
233 263
269 201
243 28
149 88
231 78
212 194
243 163
30 131
239 193
260 249
29 115
156 56
183 114
266 220
39 154
242 262
109 222
109 97
125 24
237 201
268 240
134 22
209 255
47 60
236 154
209 196
244 223
198 70
182 128
30 102
151 193
31 34
282 71
129 139
253 67
265 8
98 276
175 148
246 254
45 151
84 68
33 125
156 220
134 136
88 78
175 84
71 88
179 19
270 257
112 257
102 144
50 181
46 156
52 187
153 166
257 258
272 198
39 201
105 122
282 54
28 131
210 272
241 258
288 185
5 130
173 206
280 151
200 92
18 208
296 68
219 117
168 26
278 242
137 290
243 271
9 144
273 123
36 127
182 77
204 6
255 172
119 85
276 117
26 298
100 115
66 195
50 123
219 89
178 260
135 239
32 38
266 155
233 76
105 22
52 71
177 143
2 62
250 232
210 26
200 186
16 73
287 264
20 14
204 86
68 225
14 142
136 191
214 250
255 178
230 92
8 95
123 208
281 170
210 15
298 191
114 271
195 102
109 191
198 297
54 115
287 13
21 131
28 244
194 276
287 185
299 232
12 158
200 122
104 35
146 167
88 224
210 235
285 299
36 270
205 92
92 296
299 195
63 74
33 252
190 106
212 215
226 73
153 60
85 293
285 232
43 111
137 268
28 105
214 36
127 157
152 210
65 229
50 175
216 10
115 246
77 183
102 184
22 130
143 275
117 110
235 197
138 26
188 174
263 274
42 188
92 135
4 229
194 23
