300 4500
294 142
91 130
62 82
270 271
261 243
59 287
190 255
217 266
51 223
49 84
125 139
37 113
292 293
186 48
177 54
230 186
46 71
102 149
191 63
199 250
169 89
158 94
156 299
221 260
217 220
96 72
197 55
54 218
69 140
8 279
292 291
5 32
152 2
54 0
238 146
187 263
15 187
277 182
199 177
131 252
259 289
212 9
167 140
235 214
267 14
201 290
6 237
59 176
257 130
53 163
282 256
144 146
188 83
248 53
291 142
81 172
227 76
136 160
122 223
269 194
115 217
298 43
190 193
218 44
68 89
9 157
54 197
55 139
164 172
180 267
242 49
103 69
210 28
279 145
22 242
237 110
110 89
80 1
298 59
285 170
35 134
186 49
2 61
153 125
296 233
234 18
0 248
41 291
245 32
91 273
77 192
121 223
216 41
24 241
98 214
46 108
109 185
48 148
202 70
166 205
138 268
50 218
124 56
27 168
104 62
40 20
113 151
284 56
11 157
164 205
150 245
235 268
120 148
169 46
72 36
120 31
261 208
69 248
251 111
67 223
266 60
112 101
30 266
2 143
272 33
115 97
45 255
63 12
10 126
39 189
70 137
256 207
3 113
164 9
235 60
50 85
103 291
138 46
41 261
131 186
35 176
105 35
262 258
35 44
140 108
278 235
132 278
43 19
179 272
158 243
80 136
45 164
273 218
248 163
194 18
162 57
124 285
0 154
181 286
144 175
71 267
259 174
213 193
147 137
224 235
164 289
259 182
80 278
183 115
137 119
18 295
177 176
143 275
201 135
209 108
225 101
191 89
165 158
77 83
79 245
98 76
74 58
269 183
275 219
128 127
142 204
98 248
295 106
57 4
124 60
31 262
211 14
27 178
32 109
125 66
291 120
106 66
78 109
160 256
202 227
245 230
247 233
50 122
199 297
102 285
288 272
60 27
197 264
12 207
50 284
110 156
140 119
94 208
141 153
103 218
298 63
239 73
64 139
15 24
257 161
14 49
0 67
221 252
34 19
275 165
39 47
138 298
101 266
24 282
199 269
191 243
294 220
97 153
57 5
128 152
87 65
102 4
292 73
290 193
189 180
272 167
47 65
90 199
70 32
235 28
30 283
57 249
206 135
163 86
224 76
176 13
18 274
234 266
278 279
18 107
68 186
160 95
19 42
141 10
159 189
65 271
229 163
52 8
217 207
170 135
141 224
20 165
104 101
227 243
120 68
59 185
276 96
242 268
205 144
46 132
207 121
51 195
297 154
111 103
224 184
37 200
219 224
139 91
164 167
215 231
34 155
51 67
71 239
253 171
106 113
65 78
67 123
108 73
203 170
68 78
271 44
96 101
22 82
57 61
294 21
170 152
209 230
159 89
0 88
33 124
25 70
225 209
266 209
53 283
54 82
209 124
220 210
111 260
193 230
150 290
79 223
124 253
297 48
18 163
193 155
30 260
243 166
69 239
40 156
52 161
121 7
190 209
173 77
255 84
162 292
150 285
45 196
126 143
16 74
252 46
136 260
259 33
32 248
239 52
80 98
94 169
277 287
133 210
136 164
3 88
112 295
82 148
79 221
101 177
105 177
222 82
40 236
19 136
98 116
170 23
203 17
129 38
230 122
70 198
286 42
92 193
275 5
263 63
59 198
287 267
174 23
125 119
33 275
188 165
257 240
276 166
229 125
145 260
54 41
104 191
85 14
110 179
70 92
35 1
134 232
285 98
186 118
284 291
251 16
150 246
37 253
80 221
284 99
124 183
210 271
223 54
112 12
53 104
264 94
224 209
91 2
262 207
37 23
91 135
116 264
249 162
15 34
117 127
111 134
149 205
252 269
260 290
149 298
243 95
228 157
105 93
95 157
220 27
230 178
276 22
84 26
240 162
278 137
141 171
47 6
21 119
61 295
128 180
182 241
233 117
192 221
130 74
146 134
292 230
289 194
115 105
160 253
37 195
200 259
135 15
108 159
58 296
204 298
271 251
74 93
239 58
276 250
264 231
101 131
143 80
262 222
24 228
182 90
135 285
233 29
240 157
22 255
117 213
25 37
248 10
166 98
102 209
8 82
96 285
223 206
178 290
6 225
44 72
82 202
219 25
98 292
157 160
230 190
258 137
138 48
242 99
180 228
206 209
198 85
60 96
260 250
88 14
235 10
41 242
15 98
55 63
148 29
162 84
67 135
63 124
291 67
112 204
289 166
271 294
177 298
184 193
224 24
43 137
180 274
252 284
95 257
57 21
22 296
28 99
243 59
33 188
43 50
133 107
126 11
283 184
57 90
147 129
2 16
89 133
243 136
60 126
295 10
208 125
210 173
75 139
99 83
284 195
268 154
266 33
160 127
186 114
77 286
101 78
32 98
182 253
230 60
277 27
1 211
204 67
246 156
217 42
114 282
1 266
224 275
20 180
68 211
152 251
177 55
242 60
106 279
50 184
176 237
165 35
128 10
135 113
77 112
81 287
48 228
5 299
101 59
288 146
256 226
14 261
34 108
29 41
196 162
39 258
137 105
273 248
84 113
97 141
83 288
196 5
148 55
51 13
227 85
257 279
68 47
177 12
44 22
127 96
282 39
296 202
56 29
11 101
243 32
198 17
8 142
76 120
298 121
139 209
13 1
124 121
14 231
109 112
218 288
288 241
273 188
253 122
212 150
234 105
70 245
236 226
218 89
163 22
297 215
238 5
190 85
1 61
54 172
268 188
215 109
296 26
162 38
151 242
260 46
221 165
125 219
201 105
174 183
296 263
193 177
182 67
236 253
63 98
266 189
85 272
226 243
55 245
57 272
189 52
157 294
147 42
80 164
122 33
173 156
233 152
185 6
121 224
100 44
266 31
213 297
59 104
254 222
192 250
168 246
11 279
87 4
224 168
150 293
287 35
124 17
281 42
94 25
140 42
5 46
281 20
92 37
19 190
222 15
218 250
221 109
49 163
21 51
298 2
56 297
41 115
154 44
4 280
256 18
169 96
238 141
193 36
169 264
263 258
216 82
265 194
9 31
45 11
292 56
36 140
107 246
25 299
48 10
284 111
182 43
40 185
214 149
144 223
201 268
134 233
276 143
94 163
127 255
25 294
120 197
130 217
167 92
103 67
186 286
267 110
213 234
3 12
287 51
272 215
104 45
104 292
106 203
6 216
76 258
69 95
275 252
232 25
259 236
21 257
85 134
197 26
221 142
179 265
66 8
68 38
4 31
76 135
180 297
218 281
101 88
63 261
179 232
154 39
289 73
210 90
33 3
17 274
179 254
290 270
112 299
289 128
286 171
204 104
142 87
189 133
219 22
142 222
98 284
201 58
250 232
265 29
282 237
138 276
139 104
117 115
95 24
273 271
204 190
17 204
193 119
258 90
261 29
222 157
68 277
54 185
62 293
101 15
208 284
185 177
262 148
39 69
182 139
164 114
170 102
285 245
155 275
191 285
207 178
98 209
5 152
10 231
19 4
139 276
190 13
75 65
31 250
277 186
97 233
213 167
223 171
68 213
121 297
237 285
74 6
183 220
157 70
166 13
75 18
229 222
284 244
77 211
189 239
99 72
126 83
209 132
86 59
216 200
235 178
82 100
246 123
109 218
247 183
144 273
185 138
152 96
278 209
201 261
39 250
36 277
272 286
106 231
203 244
62 213
287 279
79 173
67 266
204 130
225 248
197 209
153 240
37 0
232 193
173 117
137 195
283 213
222 282
14 45
119 112
178 68
101 234
162 146
6 178
279 133
112 219
50 186
23 35
288 225
168 85
102 53
171 272
197 253
18 159
27 186
29 177
205 228
48 267
154 153
126 29
81 185
226 133
278 269
239 49
152 142
114 156
249 31
297 19
261 39
217 232
142 162
280 107
14 295
286 155
78 295
125 197
87 276
59 263
240 156
173 159
129 169
241 225
187 124
265 74
37 250
99 119
264 64
222 239
294 11
287 278
64 163
193 237
82 263
240 79
211 95
26 238
38 297
132 152
163 177
273 117
29 69
232 228
154 243
71 68
10 199
94 149
195 10
121 289
299 229
257 128
52 59
231 275
108 293
298 260
109 33
173 16
95 6
274 158
22 3
208 71
146 65
123 136
116 229
113 200
292 183
84 29
152 289
119 49
107 54
58 156
292 63
175 213
233 269
289 178
119 102
42 90
98 55
294 229
153 180
40 124
119 242
293 49
293 139
63 200
80 11
108 288
235 294
0 105
163 276
296 116
190 65
166 90
148 198
151 21
53 203
271 253
154 210
19 68
120 121
167 55
168 51
190 291
169 3
167 296
7 49
260 14
145 224
8 5
130 120
280 213
34 113
17 263
184 82
227 293
127 174
185 69
260 151
58 9
269 160
9 110
143 159
59 95
242 2
216 125
198 183
170 182
239 217
108 289
219 106
187 285
156 133
185 147
60 187
298 30
210 148
290 164
224 159
203 272
243 270
221 28
287 164
183 164
169 166
3 192
77 275
200 168
72 247
227 173
192 206
97 104
77 22
202 113
170 65
270 115
90 213
73 86
15 39
55 3
78 198
38 10
241 285
27 123
9 7
73 44
8 190
298 80
127 176
277 189
210 124
11 4
47 140
235 115
56 238
258 50
268 111
144 232
95 272
32 18
193 293
265 240
139 225
41 45
263 27
98 56
127 264
273 200
199 68
230 157
203 33
149 209
39 98
231 71
289 223
21 19
64 246
152 92
140 242
44 70
34 257
17 158
106 49
151 155
64 186
85 255
87 206
278 203
214 171
255 157
64 33
284 122
101 79
208 237
74 178
299 269
154 114
1 58
151 213
200 268
297 289
181 70
105 224
266 139
261 156
245 196
27 41
150 211
152 283
157 126
136 33
43 148
33 112
60 115
259 64
110 170
133 84
202 83
179 158
80 248
69 155
56 160
29 74
58 298
257 134
186 214
232 49
99 75
36 257
212 291
57 77
249 96
198 73
24 196
80 91
123 245
131 158
138 91
275 288
18 238
281 61
232 101
96 278
257 55
140 27
69 90
196 239
71 89
267 206
12 18
64 143
75 0
185 84
258 276
114 85
33 232
3 290
83 49
271 31
228 4
31 219
254 83
173 72
136 121
96 206
18 257
178 160
40 59
264 273
186 136
78 183
155 75
39 285
258 200
176 266
290 15
153 43
209 95
59 194
218 225
77 8
23 105
38 115
208 52
37 224
2 217
191 65
90 192
182 154
43 10
246 12
47 193
206 246
285 0
174 141
281 138
25 201
246 151
103 38
222 223
254 229
155 272
275 32
118 197
49 210
285 272
53 26
146 173
231 48
37 286
233 52
238 257
194 151
276 60
51 100
252 214
296 289
90 147
134 121
268 164
294 154
209 289
23 108
213 216
48 59
43 290
93 193
136 84
39 155
76 261
86 271
74 116
160 145
113 90
76 211
228 124
229 189
86 292
117 299
74 8
38 203
232 78
152 228
88 29
223 252
76 63
24 229
295 23
18 62
80 22
12 255
266 221
21 235
23 154
49 100
101 242
215 52
157 296
104 86
196 163
13 274
143 186
69 59
78 121
183 166
156 290
169 282
108 63
273 147
149 118
198 2
262 90
197 234
108 265
40 179
267 281
254 44
239 91
179 155
102 273
34 214
145 235
30 99
208 96
191 272
141 76
2 115
46 35
12 248
179 8
2 295
287 125
299 281
216 34
130 297
282 210
143 133
111 224
261 100
64 230
89 184
150 199
200 101
125 103
113 152
16 131
31 148
67 272
244 158
270 137
265 252
127 3
40 266
224 204
53 290
82 239
84 125
91 1
256 114
166 72
119 144
253 209
40 216
128 295
278 41
244 138
1 110
270 103
144 254
211 231
21 155
250 132
119 105
272 196
168 87
218 77
65 226
12 298
50 125
294 250
253 264
29 248
256 208
249 232
284 220
110 219
128 121
78 54
252 137
24 131
188 174
35 203
147 184
83 177
17 228
94 138
131 31
98 83
234 146
110 265
121 81
142 15
252 108
232 1
106 59
206 56
118 203
136 212
198 174
249 160
257 200
195 285
266 146
285 59
240 251
166 128
55 4
85 59
179 196
176 12
61 156
95 174
231 72
191 14
216 69
114 160
59 74
289 7
187 77
100 134
49 285
31 143
67 208
108 152
11 250
232 47
85 2
291 0
23 283
278 42
32 72
264 229
128 213
116 70
48 254
42 293
171 147
15 17
71 258
234 58
234 162
58 104
104 141
191 217
120 199
105 230
253 170
229 55
282 75
50 73
134 225
184 288
234 277
228 70
116 267
32 290
245 11
96 119
218 221
71 242
99 137
287 272
179 170
88 134
213 245
252 153
157 252
201 51
166 84
205 203
50 69
82 247
66 0
75 14
58 244
123 6
68 291
249 107
22 90
191 26
11 121
25 66
34 139
67 78
66 63
213 127
108 87
26 184
12 223
151 120
44 169
114 217
289 87
246 93
273 114
277 9
285 26
256 296
271 134
95 291
232 131
28 93
216 55
43 45
5 15
258 136
87 100
13 236
226 100
292 25
51 148
10 170
169 215
109 113
253 203
217 288
164 27
93 87
206 106
216 118
189 27
156 77
71 62
111 253
272 139
215 204
181 67
168 177
127 118
116 223
65 42
200 106
82 219
2 127
152 105
129 285
177 136
292 250
89 15
189 167
201 231
121 290
135 46
219 84
29 127
157 216
91 107
90 211
31 189
263 254
129 279
25 240
150 145
73 256
228 230
27 118
151 33
291 42
39 248
235 96
72 182
201 235
285 141
210 5
186 15
192 185
52 132
87 220
236 85
155 33
144 13
90 56
289 229
28 193
108 192
179 126
83 280
172 285
19 260
1 174
157 66
164 131
169 235
67 81
92 227
160 101
81 251
240 24
188 203
43 211
125 21
1 297
86 76
209 239
204 14
99 77
175 105
142 194
5 212
269 43
32 132
80 31
246 192
84 226
285 206
229 50
195 147
123 40
187 133
95 228
155 184
97 7
165 88
256 83
221 229
204 238
11 159
126 224
149 157
10 194
229 135
258 129
3 148
6 116
4 79
129 133
83 210
188 182
82 190
253 96
183 50
285 58
65 262
183 273
293 260
175 241
40 180
133 292
90 77
181 39
55 207
198 265
127 208
93 99
44 47
37 149
129 218
278 46
289 90
235 49
152 165
59 70
225 270
159 195
233 35
244 264
226 46
241 9
269 282
239 181
228 177
284 44
267 202
205 43
237 188
277 261
220 91
108 57
213 207
176 299
198 38
46 292
77 228
94 13
78 45
180 12
72 204
22 179
36 90
196 195
279 165
3 156
253 150
248 41
35 92
240 180
37 265
25 20
75 23
286 156
240 80
100 215
83 168
56 53
30 117
89 25
30 215
91 244
236 270
58 181
153 266
166 107
251 17
196 281
263 78
259 268
223 36
228 268
231 145
150 35
286 177
135 66
126 39
180 65
95 87
125 165
255 139
86 16
95 203
240 266
205 241
120 266
24 51
218 35
35 181
282 147
251 29
281 144
240 238
93 27
36 271
182 13
61 50
189 202
259 285
165 245
28 267
249 292
86 36
157 78
134 274
58 151
184 280
23 153
247 21
273 119
122 280
193 83
11 27
131 92
12 21
42 225
97 39
92 61
104 71
276 255
176 249
251 125
3 247
234 50
266 46
213 270
165 123
47 142
214 255
43 187
236 243
115 9
65 88
96 220
114 136
23 95
297 123
80 58
172 186
32 35
29 77
242 199
142 27
237 1
209 153
271 143
103 230
193 288
180 43
281 57
263 93
235 168
52 235
298 19
231 176
33 91
246 158
271 40
134 169
290 130
204 116
157 284
185 290
170 245
133 62
14 108
203 262
109 12
248 122
238 20
184 16
115 82
29 174
155 149
54 263
216 146
199 41
79 140
238 17
182 91
50 79
224 197
98 125
118 157
221 293
92 195
151 104
31 154
61 17
162 119
257 81
287 124
121 138
149 154
177 95
164 233
182 232
51 225
274 36
282 63
285 94
60 291
84 156
255 134
267 13
137 116
156 70
199 75
112 157
86 146
89 286
296 109
127 58
128 214
54 124
261 232
153 198
117 281
217 189
245 276
66 81
175 165
131 127
87 8
41 148
3 283
26 110
255 38
82 223
284 286
245 291
17 56
33 77
186 100
278 39
2 226
295 215
120 32
27 232
227 230
151 2
114 60
281 252
75 131
190 258
44 243
63 17
130 158
231 228
33 173
66 193
289 188
202 37
172 131
103 185
164 106
11 242
216 230
18 66
202 259
290 29
245 106
224 213
230 63
231 137
147 281
89 13
227 117
297 36
205 290
186 217
173 158
279 156
184 167
134 253
261 104
69 2
230 210
170 282
55 115
140 175
68 95
273 240
252 267
89 64
144 56
18 148
139 270
278 164
228 141
162 246
62 47
225 114
194 103
93 106
270 287
202 190
26 101
102 134
219 286
130 152
171 131
3 163
159 265
4 232
181 235
153 267
237 101
57 295
192 174
158 143
183 16
227 67
8 118
260 294
63 5
12 192
31 281
188 70
197 147
287 100
211 84
154 223
276 257
235 80
217 23
34 130
147 183
58 96
211 173
205 299
260 116
136 155
287 263
214 192
246 277
109 37
280 186
69 200
195 184
257 172
11 249
210 122
32 242
37 240
74 185
156 42
191 3
40 17
237 34
23 293
299 56
242 95
287 16
294 134
144 139
69 163
292 27
288 36
261 213
287 273
176 260
133 48
270 117
7 154
240 136
77 97
92 135
149 296
132 248
194 135
8 101
78 9
218 292
46 7
15 56
164 101
27 166
61 161
160 55
160 175
137 59
77 160
8 123
78 23
98 115
232 108
43 125
65 265
76 64
30 166
118 0
156 123
193 122
7 129
53 130
283 132
199 285
120 193
129 21
39 81
275 54
250 67
4 124
174 147
157 130
132 134
227 139
258 278
38 238
92 97
45 89
184 285
140 241
101 227
70 80
249 81
270 278
174 274
106 56
160 203
135 156
270 248
289 50
69 5
66 48
7 31
234 183
287 118
173 275
196 103
63 112
267 118
218 135
257 116
32 155
269 20
276 226
69 98
263 103
126 131
166 44
248 21
134 203
269 274
284 250
33 108
106 78
170 190
173 84
266 86
272 35
133 218
278 12
171 89
103 102
103 106
19 153
54 244
50 249
177 125
154 278
113 231
3 59
5 52
58 72
283 197
214 278
151 224
83 221
43 142
85 266
237 3
155 126
262 95
185 61
101 1
45 90
208 290
27 193
45 284
107 220
86 62
53 181
112 251
93 98
148 218
180 115
126 9
134 74
93 135
178 17
191 21
18 141
109 158
98 109
187 270
86 4
280 132
133 252
61 265
271 136
277 221
135 90
202 160
204 66
23 17
96 218
128 114
236 141
93 40
174 253
21 269
32 213
262 149
271 218
228 212
251 135
107 21
1 27
34 169
60 167
99 190
237 213
44 173
121 93
171 0
141 188
14 239
141 5
249 67
149 274
175 245
59 26
294 141
164 284
236 241
52 91
132 88
216 241
17 115
268 136
161 31
159 79
113 85
106 151
76 144
19 203
12 292
162 185
78 194
209 16
179 290
0 116
138 59
41 13
183 13
274 222
47 224
85 101
143 62
183 9
275 298
139 71
145 225
61 106
43 209
273 18
176 133
53 279
176 208
279 112
238 279
279 255
7 295
80 126
24 191
192 68
18 217
24 130
276 275
90 277
168 5
91 245
147 78
269 110
53 66
254 265
248 265
51 262
257 117
260 161
202 176
64 227
198 194
128 222
181 49
267 263
7 254
255 249
248 169
127 0
0 271
137 256
200 103
99 22
192 62
107 207
100 267
69 147
250 221
79 172
110 279
210 79
148 176
184 209
11 57
275 186
207 87
196 287
125 52
289 221
129 119
251 120
15 74
221 186
88 179
212 98
121 3
156 199
158 237
156 291
256 142
156 251
65 196
17 214
83 267
66 260
90 151
12 209
231 140
208 213
226 214
272 141
245 255
279 158
28 84
196 188
52 62
169 234
210 267
275 220
254 154
160 237
40 176
191 299
44 229
1 109
262 109
143 242
114 7
4 47
83 243
48 188
117 188
25 284
181 91
26 179
86 209
287 18
191 225
296 262
173 48
76 84
65 233
83 233
278 99
193 250
282 92
140 269
79 205
149 27
206 180
14 151
70 205
131 227
268 28
151 11
199 60
65 63
33 19
9 136
249 120
165 244
87 229
271 190
26 40
25 238
49 39
39 169
29 15
226 13
41 184
4 224
186 167
73 116
238 168
258 131
35 117
268 181
236 14
40 35
198 298
241 224
135 59
175 44
114 117
163 277
264 262
256 62
46 233
262 288
39 178
233 279
252 118
196 246
68 276
277 6
137 118
153 292
183 146
178 163
51 92
66 143
9 236
63 253
163 0
236 255
226 224
217 26
113 133
96 86
145 96
77 98
0 177
92 295
148 164
11 194
0 79
167 162
71 86
203 99
145 244
124 172
210 55
124 279
121 29
62 19
169 293
128 268
117 49
38 142
23 94
267 89
59 190
148 63
188 78
0 70
204 18
82 234
134 270
228 30
292 84
155 299
135 230
138 90
192 196
27 170
181 111
289 98
204 153
70 58
280 66
214 193
265 62
270 246
125 262
156 97
286 53
135 6
5 66
245 42
272 72
117 287
233 173
296 253
297 61
20 47
38 244
162 136
155 180
260 93
195 263
249 226
211 222
268 296
271 95
280 266
226 125
277 150
210 142
125 225
163 203
134 29
25 134
56 1
285 297
117 297
71 60
275 274
175 56
121 258
113 182
243 223
1 126
269 98
189 193
94 210
296 77
287 289
154 34
154 87
135 128
8 63
21 1
184 33
294 59
270 55
270 44
42 154
68 264
280 160
183 202
127 50
282 56
266 151
190 156
81 56
30 241
114 108
108 169
139 23
299 274
143 209
152 172
36 188
59 252
17 114
193 150
158 253
250 235
211 204
151 226
6 56
19 266
280 216
112 211
200 185
221 69
121 178
116 77
153 93
74 54
152 37
124 280
145 222
269 200
53 251
38 42
146 253
274 12
58 107
194 272
129 289
204 163
73 135
151 187
172 275
226 217
52 53
131 287
245 293
261 8
11 288
60 19
244 87
21 228
244 246
93 188
77 3
84 225
223 267
127 252
26 215
179 207
235 54
189 285
145 248
81 297
135 265
146 228
243 259
147 15
88 299
152 248
34 46
36 56
149 65
256 110
0 280
26 231
286 68
285 158
108 262
61 28
101 217
181 79
244 187
30 149
194 56
198 156
181 260
260 123
16 250
123 118
177 107
118 194
195 39
33 201
153 64
225 120
147 290
6 227
31 213
241 164
178 90
112 273
236 135
23 63
201 297
35 178
101 103
181 184
79 174
122 222
212 147
94 57
79 288
64 108
227 147
135 169
128 1
227 12
151 65
147 284
111 240
21 109
268 32
9 152
14 99
229 183
110 32
32 244
45 241
220 149
248 178
41 146
181 135
230 24
158 153
284 35
36 142
97 2
281 63
87 214
184 138
236 87
20 243
203 52
258 63
222 34
41 253
90 238
87 162
164 99
78 69
4 245
176 42
187 294
201 156
158 81
107 143
184 31
102 185
121 51
18 27
70 236
20 112
212 267
201 37
107 65
145 262
246 25
107 138
130 277
32 46
175 225
39 147
216 291
202 146
23 104
57 296
27 228
275 234
141 109
176 103
135 240
127 256
289 268
242 164
177 132
215 239
264 150
86 28
155 268
11 241
263 204
58 97
39 116
206 100
170 139
145 129
293 91
266 84
83 75
20 204
78 193
0 100
121 123
265 12
165 120
222 149
85 273
167 6
173 27
248 267
209 22
251 31
127 232
44 191
259 176
76 281
1 253
192 247
276 188
286 154
161 247
160 29
260 267
191 57
191 212
26 91
58 117
264 97
230 10
121 32
195 160
124 169
12 66
195 252
220 203
184 44
201 149
272 281
129 191
7 204
77 240
156 158
24 45
203 149
56 141
164 17
241 168
257 234
38 31
1 247
197 156
230 220
89 41
209 152
54 76
106 137
285 209
145 176
36 113
46 209
130 178
105 172
234 167
106 25
143 203
280 169
181 110
132 156
59 262
274 150
31 65
216 17
157 259
69 91
115 12
149 42
212 238
231 241
171 249
201 18
232 267
223 194
96 264
118 15
98 282
124 263
78 187
261 27
79 10
217 110
231 227
12 120
298 98
85 221
280 41
129 252
68 132
136 99
214 22
276 154
174 55
239 116
190 226
126 41
131 178
70 296
3 281
142 224
193 235
240 158
274 230
101 223
120 27
8 215
10 242
182 21
284 209
263 206
41 11
84 237
289 107
54 211
130 293
235 127
77 267
20 107
265 84
185 68
65 144
190 220
91 254
72 203
34 13
269 93
28 6
111 60
73 210
139 11
75 250
246 219
115 238
35 103
275 184
256 166
80 275
150 70
230 2
58 18
106 42
121 273
166 191
277 140
121 171
185 207
178 108
273 4
171 260
127 265
161 265
88 259
60 175
228 234
64 120
82 221
112 108
121 104
64 200
179 277
296 66
78 248
114 158
239 1
16 36
293 178
249 121
105 69
276 274
56 139
161 126
33 26
257 154
22 104
175 35
290 99
19 84
87 61
172 99
172 123
38 37
255 196
19 90
214 132
165 39
235 85
156 170
110 207
4 225
28 190
6 16
234 156
35 53
168 67
290 242
153 34
1 20
191 250
146 181
92 261
30 208
21 120
40 203
277 25
45 161
69 34
208 19
288 191
0 200
167 80
160 204
292 144
55 288
93 228
155 203
184 236
144 163
269 47
218 220
65 248
215 126
46 88
271 58
41 183
279 188
161 5
48 166
6 282
21 83
277 242
105 226
113 82
289 82
181 107
112 57
26 104
167 87
221 68
60 11
90 171
91 256
15 9
93 36
54 193
191 17
171 242
108 264
245 234
221 30
87 24
10 245
214 236
216 133
49 111
136 161
109 57
119 174
188 218
207 137
42 114
54 222
162 257
55 135
36 23
56 214
289 258
132 41
133 269
55 235
15 288
84 213
122 177
163 48
83 125
153 120
208 299
215 254
287 26
71 215
253 246
84 118
6 200
271 38
251 253
129 259
217 135
109 30
256 259
118 4
37 234
116 3
159 228
272 5
45 247
230 126
61 127
120 44
253 129
81 219
178 82
4 213
283 176
257 220
50 12
189 92
289 20
4 170
14 168
173 298
74 57
13 200
244 67
172 198
95 221
153 184
118 51
93 281
44 161
134 145
208 119
51 132
266 299
100 52
9 196
262 71
35 132
109 286
88 186
93 271
122 31
14 214
241 252
248 142
235 236
188 219
80 90
157 114
112 128
73 16
107 164
176 109
290 272
55 133
235 75
47 291
298 148
296 25
53 5
31 284
22 64
77 70
207 187
168 162
168 76
29 205
12 260
108 258
99 209
48 52
36 233
29 186
167 190
105 4
204 258
297 115
242 105
204 37
36 123
178 219
291 188
67 43
172 254
280 265
51 276
42 212
163 194
207 267
293 238
262 162
10 277
138 173
273 40
206 64
221 44
187 214
160 91
192 109
81 281
158 138
194 29
289 28
36 294
275 191
129 193
14 178
188 55
253 210
71 30
31 58
144 128
144 299
54 281
205 188
276 8
167 276
63 188
142 188
244 257
255 224
278 225
225 238
99 276
22 145
245 3
200 110
150 53
143 148
25 2
189 178
229 174
186 82
79 271
176 100
250 246
166 28
43 190
260 178
242 220
243 37
153 188
296 71
251 204
120 5
86 150
231 178
5 174
102 92
141 279
170 214
42 130
242 215
176 29
2 210
49 76
216 186
140 63
223 202
99 37
163 112
76 249
21 160
15 86
275 205
34 215
203 273
122 59
66 206
146 58
250 131
238 35
187 72
146 170
142 239
173 80
52 214
81 215
281 143
161 195
239 184
287 132
152 78
235 144
156 86
157 71
202 184
84 209
168 113
94 211
44 289
134 218
198 137
207 30
193 65
165 259
130 45
39 233
227 5
99 51
263 65
270 200
160 299
35 247
113 8
16 124
66 207
37 1
24 38
253 46
142 167
206 178
16 15
253 98
177 26
66 243
140 152
221 259
127 19
273 24
112 3
79 161
194 233
255 212
248 255
8 127
279 60
0 147
175 134
60 272
68 77
216 263
7 221
229 106
108 193
217 77
295 141
156 89
29 120
276 42
184 141
169 210
229 184
185 268
241 174
142 130
82 70
231 218
20 90
201 79
92 19
226 29
21 258
244 267
256 255
128 104
273 136
143 79
240 250
72 279
18 84
105 195
290 255
288 189
299 104
37 131
42 256
252 280
142 232
148 38
137 266
198 169
237 248
149 95
223 177
113 183
33 81
231 49
122 114
58 196
278 245
101 0
53 33
19 80
83 139
179 219
255 119
165 10
58 43
175 34
232 66
162 24
240 56
297 114
72 12
35 114
68 44
274 202
220 197
83 286
209 175
103 56
35 204
198 128
60 160
23 230
84 106
166 3
254 88
115 91
133 224
190 34
107 26
36 1
50 240
243 135
288 87
31 23
13 114
46 280
201 277
171 200
166 136
9 153
91 152
260 248
219 133
80 95
12 181
239 182
193 60
133 158
273 29
29 50
160 197
145 175
6 64
111 211
87 204
103 287
35 156
195 54
280 82
274 160
50 176
171 61
134 192
252 226
280 3
214 217
210 62
171 229
171 165
295 152
239 237
63 242
36 292
45 96
266 279
6 118
108 177
153 49
125 248
133 52
175 127
12 69
273 265
88 1
95 212
32 215
208 95
151 17
295 236
116 253
229 143
290 134
145 137
186 99
0 204
3 99
17 209
105 183
265 83
83 292
203 96
162 114
144 39
55 70
77 46
121 251
206 240
240 152
0 156
162 3
90 49
199 166
263 52
151 153
121 277
11 230
233 143
69 298
295 156
9 192
67 99
64 273
111 40
195 185
138 111
19 89
118 56
220 278
119 15
110 236
249 167
216 214
72 46
252 155
116 270
212 216
247 222
60 211
281 52
186 175
75 289
55 284
268 109
112 171
262 217
80 59
93 168
249 220
270 218
129 4
280 54
176 180
278 18
138 225
186 22
64 3
273 67
144 107
240 42
71 195
285 264
205 262
201 55
188 80
108 78
87 56
223 212
69 271
227 291
260 198
114 187
158 289
53 25
252 23
252 181
6 287
176 97
14 144
177 277
67 217
249 152
250 65
291 246
288 82
82 284
221 147
174 179
245 295
20 55
68 299
68 153
5 67
172 208
187 250
147 139
290 78
295 123
223 145
171 18
268 52
297 179
138 35
52 170
192 158
61 132
245 194
24 287
91 72
191 196
38 241
97 49
228 137
60 221
193 262
106 242
119 214
291 56
208 194
180 84
43 99
213 281
46 82
293 100
184 51
276 31
54 66
74 207
159 266
13 203
72 105
26 277
148 92
175 46
220 30
23 68
157 213
17 116
299 159
270 3
69 184
217 83
94 133
86 249
138 100
270 147
94 123
236 175
250 6
69 64
260 205
290 268
156 68
148 105
295 98
152 238
222 164
124 65
298 29
193 211
215 156
233 8
40 198
97 223
32 99
163 216
73 88
63 236
129 157
225 95
131 246
198 281
190 27
94 237
265 5
121 145
259 247
90 207
101 284
87 279
216 63
58 132
229 102
195 201
140 262
142 139
51 116
239 67
253 33
194 169
265 148
148 116
116 136
199 50
17 267
150 207
243 4
13 159
267 160
69 297
18 215
185 181
208 11
166 148
255 121
15 238
196 228
60 74
71 12
119 270
173 132
286 47
180 242
174 273
99 277
42 246
97 50
266 245
116 167
31 156
260 6
170 211
260 174
32 142
139 188
133 123
288 125
279 0
103 27
278 135
205 128
227 31
215 37
9 37
112 69
172 73
175 98
290 233
292 190
199 222
243 47
56 280
104 16
221 241
61 247
98 231
22 0
212 131
235 61
127 277
138 177
186 290
170 68
67 220
43 82
32 122
129 284
279 42
241 154
163 167
25 31
259 294
14 203
124 276
264 167
241 214
70 210
263 220
14 173
107 281
100 66
62 48
200 55
163 131
209 156
79 199
46 254
263 194
266 249
194 156
210 149
239 290
277 199
152 254
59 257
8 271
185 275
14 148
214 86
240 190
289 96
15 272
295 58
293 273
0 253
80 214
72 184
225 173
58 47
243 18
289 89
158 70
152 63
291 121
41 288
217 107
94 195
44 286
4 20
93 191
75 69
129 235
178 41
129 165
30 62
146 124
165 287
269 205
69 173
198 10
66 130
164 276
61 293
202 178
108 187
193 285
257 31
202 212
297 275
274 43
49 284
52 168
210 189
185 173
44 125
62 11
120 14
10 259
223 9
104 234
237 79
85 218
119 283
41 214
143 55
192 268
8 62
182 131
51 284
242 78
60 52
53 61
12 150
293 201
296 42
150 85
89 14
155 8
255 242
271 68
279 168
92 160
122 171
79 88
254 208
187 115
141 93
238 83
159 256
220 102
164 65
38 109
151 87
141 87
98 36
43 199
116 246
212 246
117 175
254 228
4 152
33 43
38 204
272 259
35 232
255 54
134 177
32 143
209 21
185 87
37 205
271 85
46 258
5 184
129 128
116 188
75 182
101 286
170 244
188 22
296 143
284 224
143 27
230 290
155 2
71 106
177 85
147 140
281 237
180 136
240 189
53 294
23 71
202 161
227 2
178 267
290 152
15 80
81 154
198 233
33 265
260 292
296 142
5 162
189 117
13 78
105 133
51 122
150 105
163 207
167 210
51 35
229 194
215 6
14 95
295 250
121 174
230 97
167 253
149 41
241 60
189 98
166 67
204 168
41 90
182 34
276 285
201 213
270 101
13 115
87 129
25 257
147 161
293 175
126 204
134 237
286 281
167 166
193 256
117 65
59 127
91 121
262 294
17 188
124 274
176 173
148 158
166 35
109 201
122 202
173 296
147 127
245 226
187 104
140 233
202 72
157 159
2 95
188 136
237 151
145 16
82 240
39 177
77 89
267 291
177 173
44 139
253 147
100 211
271 161
205 252
177 263
3 276
88 71
164 190
31 93
174 278
297 221
47 247
117 228
64 24
260 133
240 93
109 216
279 297
196 234
98 33
143 173
116 272
53 39
180 272
286 178
223 119
158 87
288 127
15 266
17 125
64 67
265 41
162 259
222 69
9 60
61 197
167 36
31 289
80 208
98 102
239 129
126 275
51 135
189 118
225 244
252 278
261 147
85 209
196 263
188 259
217 126
78 99
45 54
200 47
267 265
9 274
247 143
165 134
183 93
271 10
23 156
137 66
127 64
122 70
226 35
142 48
164 243
151 270
298 54
73 262
143 243
219 91
116 252
224 74
106 162
165 298
161 105
171 177
264 164
172 44
48 174
244 177
228 215
221 13
25 143
270 264
166 37
252 289
42 62
33 290
130 298
5 118
176 230
65 231
53 24
246 247
248 181
253 99
189 216
86 131
189 222
164 103
271 11
175 73
141 152
168 182
235 150
109 210
66 163
70 79
15 153
120 270
36 183
191 298
159 281
246 218
12 29
202 0
120 272
228 238
166 291
254 36
91 113
49 218
239 277
192 100
151 171
77 15
57 204
283 229
187 189
210 211
62 141
238 262
150 106
179 49
203 295
63 52
244 129
123 244
249 258
38 36
178 242
276 20
43 136
222 8
143 96
213 174
183 14
232 125
250 79
52 104
194 183
135 180
256 201
51 93
135 221
121 265
30 60
240 109
129 136
75 132
152 0
289 72
85 249
189 23
230 31
235 42
47 188
38 155
152 262
138 26
159 61
126 37
176 233
280 200
74 168
126 124
67 173
209 286
267 274
292 181
201 228
142 23
276 149
50 42
117 101
279 214
47 109
225 298
113 96
33 134
208 2
162 282
251 236
169 228
184 169
157 86
234 264
86 93
104 155
128 252
225 152
188 299
140 138
245 145
93 146
66 104
71 33
99 34
60 10
240 41
156 25
293 278
60 278
156 191
18 48
268 260
12 244
184 279
240 227
47 59
67 120
89 266
112 59
44 200
194 143
23 45
45 187
262 112
212 51
153 222
190 145
200 21
104 184
176 163
168 251
215 21
127 215
142 280
102 129
111 163
224 128
272 277
4 130
68 111
4 277
51 102
261 166
159 124
75 48
183 280
76 143
40 269
67 68
105 290
93 60
24 142
37 13
238 112
292 10
45 291
267 264
73 165
220 234
264 196
232 88
128 63
171 22
277 49
124 260
239 211
109 267
123 247
23 64
129 61
11 133
129 155
273 157
75 24
207 7
59 11
54 210
31 3
40 21
30 77
1 282
217 283
282 152
30 101
70 7
257 46
149 51
291 96
253 9
82 69
238 224
269 210
113 102
115 69
105 16
131 76
13 76
9 106
84 21
153 181
150 232
155 98
6 232
252 287
46 127
159 156
212 46
91 23
180 41
99 149
131 267
222 45
268 66
169 297
113 119
86 108
202 121
204 50
91 119
151 149
38 243
47 114
19 159
65 288
82 262
242 45
162 73
241 299
78 277
280 23
210 153
48 85
191 289
219 190
157 181
269 60
60 246
178 124
274 23
3 49
43 38
130 237
258 95
183 90
100 194
75 205
18 126
45 55
153 170
115 27
279 295
180 70
123 190
215 292
232 251
190 84
153 121
161 84
87 64
95 3
87 20
135 95
201 38
147 267
33 32
27 162
245 111
211 152
114 262
186 70
100 157
23 32
179 211
147 180
38 245
42 126
138 250
133 167
289 234
24 57
126 227
162 31
56 5
25 241
73 185
29 187
105 269
265 289
138 251
245 162
110 145
117 236
144 212
294 272
238 55
136 297
214 114
166 7
59 105
229 285
167 153
79 52
188 140
256 121
54 8
19 112
130 37
1 163
200 67
63 222
228 133
0 46
177 10
125 42
162 180
135 94
33 145
56 269
162 275
148 254
64 286
166 210
292 167
134 91
191 297
279 135
253 66
124 69
237 230
271 127
93 64
198 151
86 27
226 210
206 293
249 32
82 261
115 142
180 203
251 221
101 277
113 2
160 64
61 36
63 1
183 89
58 69
251 39
269 146
5 269
67 216
253 131
262 115
229 64
196 190
171 47
96 241
199 84
59 267
263 80
90 129
40 287
110 173
4 54
227 116
241 157
11 81
96 1
280 240
73 137
259 51
204 269
240 126
159 175
39 160
4 173
176 125
92 138
37 94
61 213
134 159
25 73
235 121
82 66
242 278
12 237
223 258
159 174
238 65
96 216
107 201
189 230
117 278
81 69
173 295
56 268
247 243
129 201
294 45
229 167
55 68
155 117
260 159
178 16
158 63
265 173
47 181
87 3
183 226
177 38
38 274
30 175
138 61
239 139
46 92
26 240
212 287
106 180
159 126
136 27
132 282
235 86
44 213
70 119
38 5
89 271
287 204
109 39
45 143
278 54
4 294
194 97
201 178
208 91
14 34
85 144
82 5
207 120
243 72
216 256
154 28
197 63
29 168
7 11
80 139
178 209
103 223
181 112
21 76
279 50
179 291
121 8
103 258
119 117
103 206
201 32
224 186
111 104
246 175
155 209
289 100
217 159
187 122
217 172
280 8
133 116
182 49
231 291
99 36
59 254
129 54
254 197
180 73
164 18
262 58
169 93
40 268
73 255
154 80
47 93
245 8
147 48
290 30
152 269
145 213
230 195
271 195
22 191
191 282
134 8
157 82
69 119
161 192
164 180
144 121
226 199
193 222
83 258
171 11
30 195
79 106
217 263
0 209
95 92
214 188
294 43
67 157
205 189
226 93
299 90
160 284
145 85
237 164
276 233
152 268
283 85
130 135
222 85
71 127
239 166
28 31
214 292
266 236
256 99
4 260
214 266
213 10
131 254
100 135
216 260
256 218
71 263
103 123
269 291
130 121
172 133
55 82
168 79
180 276
111 21
247 147
64 199
214 273
226 221
128 191
268 191
94 244
181 82
79 124
133 162
106 63
176 48
174 294
185 267
105 130
246 203
90 244
136 76
102 124
65 168
16 144
160 111
209 218
230 281
273 163
275 132
29 139
189 198
282 46
198 224
30 13
259 225
283 26
65 296
105 34
100 22
47 208
109 154
87 144
125 55
95 124
65 163
99 33
289 151
105 86
115 36
237 293
207 257
32 149
260 55
30 12
212 80
16 88
136 6
252 213
87 245
117 259
55 290
286 33
232 282
62 169
46 122
202 42
124 222
269 154
28 105
90 107
173 257
134 67
52 127
170 50
152 87
104 230
274 93
