300 7900
247 112
62 118
43 281
278 149
97 41
120 167
30 243
113 141
108 159
98 78
230 68
21 244
137 63
18 282
267 203
286 185
132 106
6 55
191 256
272 76
235 36
186 191
55 24
242 211
3 272
215 137
132 12
225 6
292 31
295 50
162 223
257 88
142 11
198 260
93 95
158 108
250 133
138 146
131 260
27 17
199 255
0 263
243 257
231 165
37 35
10 17
68 96
104 249
280 227
131 243
170 242
29 45
51 63
167 159
254 82
62 199
10 264
244 188
122 126
84 298
294 296
238 86
147 217
99 132
112 175
276 23
142 181
38 135
267 61
107 204
65 32
242 103
221 130
219 138
135 233
211 55
50 33
235 163
73 219
99 244
289 39
168 47
17 32
196 54
299 81
103 8
70 281
286 149
161 222
299 38
68 199
83 284
291 37
242 97
130 19
126 262
150 216
120 100
84 250
62 3
269 70
182 100
13 171
84 166
232 5
275 241
184 69
284 140
168 287
201 124
81 77
136 39
192 204
182 277
111 144
228 69
142 223
91 122
3 156
14 24
132 76
135 189
275 172
272 46
160 80
52 185
20 27
95 34
22 172
51 38
264 107
81 143
228 12
25 282
165 122
47 27
123 237
114 286
220 96
60 164
154 63
252 297
189 9
287 290
39 266
242 32
234 260
233 5
203 86
201 139
30 71
265 7
87 110
41 166
124 224
264 12
173 16
246 221
196 256
117 16
250 10
195 68
49 190
83 97
169 152
262 230
95 167
100 112
116 287
39 100
45 129
124 208
59 12
283 244
143 97
127 180
13 213
297 141
161 268
201 203
144 8
289 95
228 80
47 192
4 170
72 232
173 148
218 10
141 76
208 91
164 111
117 92
149 55
117 187
121 225
106 130
26 264
255 241
274 68
273 151
131 83
179 200
245 171
72 141
19 238
171 217
67 77
58 4
298 289
23 54
14 199
191 292
96 22
155 211
262 177
123 94
72 288
30 202
161 240
135 228
199 161
67 56
80 203
240 106
118 90
69 153
105 138
238 256
282 202
260 265
107 223
169 254
55 201
54 267
223 234
277 36
133 254
213 181
276 162
138 34
227 87
57 9
135 118
266 286
131 183
159 75
209 160
135 124
281 299
166 264
155 162
209 1
254 100
21 73
289 42
289 239
102 194
266 137
200 295
133 157
108 243
225 131
199 269
96 222
287 241
249 10
139 288
255 113
85 73
274 137
15 165
152 277
287 277
203 159
110 10
70 140
212 213
208 102
286 248
264 34
61 118
191 55
73 150
99 292
5 273
67 230
139 87
43 157
225 149
35 62
61 177
271 178
116 236
198 74
129 125
29 219
236 43
60 59
198 237
133 276
21 293
8 29
153 6
201 204
282 21
98 280
20 136
80 157
147 122
175 227
253 40
21 80
18 261
256 96
6 110
113 298
291 170
106 0
169 171
87 24
147 255
243 230
93 17
112 125
12 277
34 292
136 175
110 192
4 172
71 79
183 247
48 39
274 69
41 177
237 71
26 39
138 43
185 252
212 259
168 24
186 180
282 234
168 63
22 253
211 126
268 46
53 81
299 226
287 179
246 111
141 112
31 3
28 152
166 165
207 135
133 92
154 168
134 252
71 41
156 98
31 216
150 89
271 124
96 257
203 228
221 7
110 129
187 136
47 287
201 14
232 99
261 156
5 147
13 263
42 200
225 167
257 128
94 153
77 68
119 84
245 145
196 77
157 114
246 269
138 128
99 258
273 30
230 84
186 92
76 40
83 281
276 81
153 40
145 294
143 240
276 49
153 256
64 62
117 173
55 240
180 17
164 24
214 252
15 166
144 78
241 100
167 130
281 196
53 165
1 286
208 132
110 196
56 270
49 108
181 111
257 36
198 152
57 31
66 7
73 251
268 285
282 80
102 38
235 194
215 14
37 2
40 11
222 289
293 25
125 200
202 47
18 167
215 120
290 23
208 290
63 118
148 18
148 254
94 167
40 295
258 95
132 117
219 37
288 100
11 2
66 92
187 259
158 191
193 117
64 164
63 10
132 218
104 271
16 254
84 224
170 94
19 287
33 20
297 43
87 226
43 101
149 234
40 233
269 84
151 164
68 173
265 52
195 87
51 105
18 31
162 53
184 2
5 271
125 163
159 178
285 221
164 6
290 139
139 285
22 228
79 227
91 227
46 176
158 104
174 58
256 30
26 18
43 171
86 188
11 57
135 49
38 141
243 56
6 215
244 51
114 57
210 47
14 128
230 215
65 238
89 110
23 234
180 240
116 237
211 256
52 243
70 205
260 191
246 279
201 94
149 279
188 211
108 92
40 37
139 60
139 103
56 216
77 228
57 128
13 218
229 172
186 15
270 41
68 91
66 248
255 270
13 178
236 74
10 199
275 158
43 142
276 240
30 116
271 240
188 219
242 145
119 158
114 287
210 76
132 241
192 85
14 59
5 98
109 101
138 113
3 136
202 2
88 263
19 189
131 289
271 265
7 89
228 120
263 280
174 88
257 280
64 38
172 61
104 272
32 136
125 158
295 239
50 49
216 294
176 220
213 33
44 88
45 179
88 117
151 132
101 17
80 140
115 210
295 244
183 42
217 260
200 278
58 179
246 167
123 270
66 249
138 11
7 102
215 264
167 52
240 133
161 230
292 59
37 65
160 122
122 136
247 211
92 297
287 71
44 255
31 45
245 287
136 33
81 85
118 59
69 252
52 199
272 187
245 10
2 59
172 129
223 80
235 176
173 172
26 138
80 243
193 23
25 205
65 292
60 175
126 57
264 208
81 190
225 10
277 265
19 142
68 9
167 0
281 274
121 31
43 109
275 288
201 128
220 244
217 164
35 263
152 231
143 79
219 273
271 202
173 181
285 297
53 94
171 200
74 194
260 23
106 119
29 288
127 17
210 208
120 41
190 256
117 212
107 212
220 80
144 234
107 71
171 159
41 182
58 177
287 224
268 72
182 211
46 239
190 77
155 177
24 107
172 33
292 13
49 43
197 88
137 286
288 207
199 135
181 145
239 270
217 0
211 24
187 88
263 72
186 284
126 4
74 180
169 173
204 292
107 230
161 65
237 295
50 181
296 241
268 160
45 140
112 13
77 131
185 166
117 134
38 235
38 56
281 138
158 102
274 165
175 281
115 161
236 83
228 289
139 210
26 2
123 279
97 197
253 78
86 187
223 72
174 292
50 58
200 181
32 27
239 86
119 175
186 196
104 74
202 276
136 53
178 221
165 214
194 292
256 92
205 266
16 158
176 17
61 269
82 54
279 175
248 255
70 83
176 241
246 40
299 63
68 281
184 235
135 192
226 16
274 48
97 13
40 169
119 45
288 184
105 231
66 244
102 65
93 174
9 283
64 1
9 225
260 196
211 206
254 294
288 233
234 296
21 63
196 294
80 16
54 124
75 83
202 55
223 45
96 202
11 279
223 158
159 249
51 10
242 113
40 101
90 124
1 201
289 293
220 178
29 152
260 54
12 103
203 172
201 298
121 231
282 239
299 260
123 177
255 295
90 295
245 222
179 31
68 203
163 154
154 202
277 213
282 232
159 46
53 205
202 159
16 76
214 62
244 89
114 45
172 205
244 81
190 19
126 22
19 113
26 146
238 188
241 277
183 168
36 63
207 227
216 254
236 220
267 70
184 200
153 122
50 81
258 212
111 195
267 228
254 146
165 21
122 298
295 78
225 163
273 59
223 19
147 190
237 236
84 55
82 35
58 213
158 211
264 243
9 275
298 273
28 198
94 73
285 53
12 286
187 223
222 283
22 132
70 157
63 185
251 75
200 145
8 188
28 125
168 215
247 178
179 185
170 167
68 129
212 21
92 165
255 127
162 61
243 74
181 277
126 47
116 265
194 50
250 268
279 260
254 215
136 236
270 160
146 67
29 84
254 128
221 113
202 184
221 177
203 294
157 230
159 138
191 189
30 222
143 44
22 47
23 140
277 83
81 165
292 274
188 39
269 214
252 3
74 217
107 242
285 204
77 0
23 197
42 39
118 293
194 172
80 250
3 142
205 34
184 26
135 286
210 60
20 11
297 217
258 237
169 127
56 87
217 12
62 182
62 145
116 218
238 37
74 122
248 268
276 77
133 172
187 15
49 4
230 281
297 20
214 278
190 234
95 60
254 157
266 5
140 202
107 106
49 212
90 80
295 175
244 199
69 52
162 178
87 52
86 28
241 34
142 35
227 284
290 112
127 111
261 37
221 86
278 146
148 61
9 161
81 179
79 46
41 279
145 144
105 54
209 69
36 53
298 140
241 145
235 274
46 245
249 148
166 62
207 292
137 213
28 138
269 32
44 168
178 61
156 213
75 63
24 41
141 128
32 26
48 292
178 12
65 43
207 7
42 215
290 264
188 151
91 179
202 81
254 189
207 174
230 113
209 262
206 23
219 211
295 147
182 58
68 75
192 77
277 192
6 162
239 264
103 275
46 2
159 242
288 163
271 13
291 211
274 202
140 156
92 106
73 173
224 104
162 173
275 47
188 199
242 291
73 28
239 128
154 57
186 223
120 52
150 31
268 10
78 65
21 69
93 239
37 134
91 194
140 12
189 224
293 13
148 166
111 187
137 97
278 102
73 190
222 28
268 238
119 71
151 1
213 81
223 230
216 175
240 138
296 47
213 60
103 269
141 296
299 256
295 170
139 46
237 67
129 95
87 296
232 67
162 33
25 157
253 2
118 114
114 224
86 182
245 249
245 200
157 235
36 0
226 77
147 218
75 116
187 94
254 12
224 167
125 39
287 185
91 284
16 263
172 227
39 68
233 197
126 256
278 180
185 18
73 29
129 266
185 34
291 189
91 33
293 159
60 56
81 93
37 7
166 19
47 269
220 149
106 159
37 234
262 59
165 28
114 269
48 268
259 256
166 221
117 2
58 211
150 131
20 256
102 69
272 195
216 207
39 121
285 278
248 185
204 140
209 234
269 198
285 105
263 94
222 41
230 191
92 145
182 49
243 120
90 266
121 226
273 62
76 160
92 135
44 203
203 50
244 43
238 48
229 123
168 33
295 55
184 222
139 23
57 230
242 84
176 285
262 222
225 39
177 282
11 133
284 105
208 275
98 106
100 56
188 18
285 239
88 299
45 121
168 48
37 245
273 133
158 165
134 95
278 231
32 141
108 83
223 176
18 25
68 238
168 259
218 272
169 174
225 133
31 188
293 172
182 252
143 0
102 116
133 193
107 83
81 245
232 165
183 249
25 83
225 299
83 246
249 22
285 45
52 204
113 57
291 257
247 297
93 249
126 84
5 144
197 109
138 279
119 116
134 295
77 262
81 169
147 283
259 154
147 21
82 229
238 132
241 115
279 211
263 108
68 278
178 294
136 207
139 215
216 90
118 240
251 116
95 116
263 136
86 290
262 92
14 155
184 237
72 109
90 179
259 129
188 82
285 89
191 202
100 34
211 204
110 56
153 22
211 224
227 24
28 16
47 200
33 22
270 212
93 154
111 71
241 194
4 216
234 29
60 128
121 269
237 213
285 40
76 269
48 46
100 105
203 84
11 277
67 160
229 89
132 272
23 51
141 21
230 199
181 216
100 1
34 76
102 110
74 105
254 110
175 249
214 139
103 54
285 95
297 110
118 201
70 284
224 208
0 120
192 178
282 33
68 71
207 213
34 145
34 150
216 210
147 57
222 137
162 13
17 18
204 18
80 122
199 298
288 82
46 199
108 88
295 247
281 40
224 154
153 114
9 130
122 105
96 214
63 17
156 172
184 40
19 50
202 263
65 188
93 264
147 173
48 282
19 233
185 14
10 101
205 123
170 299
73 234
169 14
188 64
235 193
174 160
281 238
73 199
114 170
30 223
286 293
165 152
287 107
42 157
65 12
46 243
271 252
101 193
15 242
162 31
80 5
217 68
271 39
14 275
114 142
241 161
100 260
82 250
112 34
46 191
134 207
224 214
42 100
139 181
105 83
33 293
1 144
204 13
172 28
198 145
271 18
216 266
107 92
57 207
138 118
41 149
77 43
153 164
29 39
250 118
159 142
113 59
160 205
254 134
169 91
193 82
97 121
248 107
198 70
284 134
42 93
245 248
145 140
174 191
220 63
64 147
124 150
88 17
263 59
285 245
119 227
74 31
178 124
279 256
162 77
162 24
257 85
194 96
51 62
3 69
261 62
83 225
182 132
15 196
148 64
290 119
280 222
277 254
276 138
158 290
291 169
126 257
274 288
179 160
10 59
174 216
257 283
105 191
187 34
252 292
119 181
9 114
36 181
174 132
222 120
55 198
52 22
283 248
279 54
253 10
295 250
234 242
92 70
250 230
71 66
230 204
186 56
189 63
132 171
161 123
240 259
276 263
110 231
166 292
11 81
157 269
135 113
159 263
230 265
188 254
220 239
37 208
105 36
168 210
230 233
238 252
81 288
34 83
48 228
45 32
144 183
236 281
54 266
105 66
28 69
262 25
213 236
204 30
12 166
243 283
38 99
116 243
102 190
243 7
144 133
252 139
212 291
154 159
238 233
51 124
239 211
246 5
174 233
224 137
279 87
21 213
131 153
161 92
53 258
7 185
272 170
26 226
135 106
67 284
182 248
122 259
80 185
10 238
194 193
168 39
158 131
82 194
130 256
80 197
49 6
92 298
289 173
143 92
140 120
35 275
206 259
26 290
113 134
81 46
243 20
6 158
49 256
1 293
208 112
27 12
63 112
49 118
200 58
180 104
238 222
2 244
232 182
113 167
297 121
280 264
84 60
40 136
88 4
23 64
61 187
257 132
8 205
35 216
101 132
127 254
96 143
100 217
190 38
154 216
19 131
77 197
133 286
215 211
97 5
276 74
158 123
293 37
94 32
122 232
226 99
288 254
35 103
40 172
201 288
166 244
44 277
212 275
37 172
30 150
233 193
136 250
247 249
239 257
204 116
171 120
48 86
248 127
297 164
43 228
113 5
290 106
145 233
256 178
208 243
88 53
131 224
234 126
182 217
17 9
219 135
140 237
196 12
141 233
77 209
282 108
85 79
170 174
110 207
1 55
291 251
209 20
101 58
198 132
76 90
134 74
118 50
151 55
144 130
180 107
179 239
242 202
116 57
201 254
41 100
125 106
181 23
279 28
71 156
156 68
131 283
276 38
250 143
81 61
174 221
290 220
7 140
259 121
193 10
32 53
240 241
38 63
5 153
27 180
261 19
180 70
93 64
238 186
20 127
0 24
53 216
118 95
276 179
61 213
148 118
299 173
123 120
160 42
163 257
126 178
208 78
150 162
118 296
133 177
136 66
217 78
18 53
5 6
121 246
296 52
70 86
135 76
145 177
257 90
284 156
237 89
107 203
60 1
215 275
283 2
273 242
86 205
201 144
25 212
160 188
28 239
299 189
38 201
235 129
86 103
234 59
131 234
220 158
70 131
275 106
232 219
70 238
211 61
213 75
170 217
119 26
52 155
90 199
146 11
51 21
40 50
82 112
54 178
9 127
241 108
62 194
299 19
41 168
185 260
132 81
130 90
128 235
160 15
297 207
200 22
258 241
50 287
83 160
124 5
268 179
13 124
63 231
261 21
277 5
115 92
8 217
150 235
158 80
14 166
39 222
269 291
167 118
58 19
96 24
217 236
180 154
109 19
89 103
124 157
288 145
194 60
126 176
175 75
66 149
97 189
48 50
149 40
160 295
57 91
139 72
80 168
32 96
26 283
180 111
228 214
206 148
243 190
240 3
104 13
150 88
176 240
36 20
23 272
57 289
162 289
274 88
59 143
268 118
230 115
66 256
269 89
34 25
199 47
18 72
227 104
85 215
220 69
256 213
63 95
110 31
160 109
81 41
152 98
159 116
199 30
277 288
210 212
54 22
260 117
213 257
212 203
243 124
37 295
92 104
179 285
6 174
299 172
135 263
263 85
171 166
215 237
79 249
295 113
227 245
181 170
162 134
55 112
206 232
9 24
197 237
60 292
85 123
141 42
28 118
254 214
171 107
134 128
101 99
207 295
205 117
192 295
182 125
150 228
170 96
125 73
293 19
127 45
249 277
252 110
58 22
46 140
284 177
209 115
140 130
291 68
138 8
217 189
239 165
52 48
178 185
197 94
106 52
211 13
38 265
43 193
202 138
7 41
223 166
22 103
55 132
79 136
201 57
279 218
157 135
123 267
55 29
248 79
165 249
209 10
291 8
122 183
75 114
90 89
116 22
186 203
51 281
66 160
212 19
18 158
168 180
251 109
15 274
211 131
2 151
253 292
4 42
195 59
139 172
255 15
258 208
260 242
25 284
94 237
61 100
97 263
238 199
295 145
200 68
36 229
143 297
263 248
100 8
289 114
141 130
238 108
21 25
111 116
294 166
158 272
258 185
257 124
271 126
66 119
267 169
210 288
278 185
45 30
274 114
204 40
298 204
222 19
51 175
282 101
50 244
280 38
294 14
230 165
105 97
101 203
86 135
18 52
18 246
47 72
192 125
209 92
133 18
258 40
183 32
174 149
230 17
269 1
191 66
3 265
121 28
61 221
111 217
35 296
87 236
271 269
207 62
243 156
17 275
205 238
172 289
260 41
114 185
131 162
49 134
196 198
21 242
42 51
91 42
61 166
20 112
141 61
249 206
250 233
22 214
70 271
39 291
19 197
84 2
230 221
293 8
281 180
122 237
294 64
54 146
95 190
199 162
166 75
134 102
73 285
282 272
38 61
174 101
229 185
218 237
195 7
59 71
299 194
230 29
177 69
226 92
46 190
124 61
171 203
168 132
44 54
296 237
111 204
242 82
141 204
122 218
60 110
152 38
127 96
210 35
81 224
211 229
137 205
49 162
78 58
34 155
2 69
299 1
81 38
283 249
298 147
65 33
286 40
183 81
159 121
297 219
62 177
95 259
45 59
200 211
19 169
185 282
97 19
275 186
143 126
86 102
148 220
82 220
44 131
236 7
167 8
176 247
124 248
124 65
177 272
191 295
232 271
37 15
132 49
217 184
4 120
88 39
215 89
142 148
265 92
185 140
266 116
297 94
268 71
254 85
37 64
258 83
21 228
288 47
72 28
160 151
257 143
36 70
170 241
136 241
126 157
69 270
211 234
29 42
250 145
34 217
261 58
228 179
293 206
169 255
210 52
139 223
26 94
207 231
198 67
197 195
47 12
60 241
188 61
91 10
271 8
270 201
131 12
265 23
200 253
108 149
30 270
218 233
5 165
22 122
32 124
120 279
112 193
81 208
114 192
31 219
235 53
136 267
162 63
123 86
3 51
173 176
140 20
257 130
160 32
102 42
164 121
51 280
24 19
244 194
250 178
32 276
36 213
119 137
73 246
151 276
267 122
198 213
16 162
149 23
93 94
104 254
175 200
278 259
90 46
269 41
256 296
148 153
25 291
97 15
118 93
4 146
99 10
167 158
223 137
136 279
65 237
250 138
174 196
246 93
95 253
130 95
92 7
22 258
168 232
262 289
99 127
226 282
153 282
266 111
208 64
203 287
153 116
70 222
26 3
144 81
76 251
55 8
177 97
121 296
0 193
267 187
53 6
202 62
24 248
245 190
201 176
218 267
135 22
72 191
22 231
178 11
198 287
225 252
179 290
139 83
202 205
296 54
118 196
267 42
81 90
208 45
1 72
75 238
177 242
53 248
129 28
132 38
198 102
97 18
255 136
99 14
118 105
229 295
196 231
295 280
70 262
95 124
96 92
182 48
198 39
289 154
3 100
181 274
299 93
263 180
53 223
217 173
9 298
229 260
143 192
175 276
54 247
33 21
29 211
98 137
253 39
171 73
257 241
124 207
299 48
212 168
68 27
116 180
18 120
43 27
127 276
150 23
129 46
25 14
28 89
35 212
23 76
240 163
177 2
264 99
151 38
214 253
207 51
188 107
64 206
108 201
225 35
274 150
86 294
46 128
162 257
80 174
230 54
84 63
276 208
167 166
285 241
299 190
77 87
16 243
225 177
28 116
70 120
108 294
122 175
4 68
282 160
293 255
119 195
96 12
64 142
76 79
251 262
35 7
11 38
211 255
13 245
118 82
174 130
220 150
145 31
218 278
239 276
119 210
185 72
140 239
73 288
191 53
138 188
12 282
133 291
180 177
13 62
278 52
172 165
183 3
134 23
263 244
38 253
148 250
182 178
38 242
2 45
78 249
178 30
152 30
176 84
252 137
108 221
35 0
260 283
173 110
269 244
197 236
120 101
99 21
89 4
18 294
27 15
165 186
249 114
243 135
153 71
194 180
57 107
27 33
65 132
271 201
12 241
142 193
55 150
57 80
145 199
182 18
124 249
141 59
170 118
229 226
209 232
289 195
98 234
54 49
236 192
3 145
7 242
38 100
237 29
181 131
174 94
136 285
10 270
60 15
118 9
272 42
249 187
146 130
144 208
156 100
137 268
233 232
48 124
37 60
279 56
91 210
227 195
12 243
210 205
92 278
21 119
257 204
154 271
75 277
63 132
18 273
298 31
117 30
289 87
270 281
119 80
260 226
249 292
253 255
141 167
75 156
80 277
116 104
45 181
237 108
74 140
235 81
131 139
93 130
262 147
257 119
239 202
124 22
37 87
145 204
30 108
55 165
125 7
100 223
270 61
129 262
60 137
26 228
239 180
224 184
202 197
268 209
256 128
146 214
163 29
24 254
165 294
164 52
122 277
217 209
229 237
38 166
33 37
25 260
97 132
23 75
97 186
198 189
32 280
25 179
96 204
126 193
177 74
186 232
256 78
109 254
62 70
121 73
27 291
254 6
9 20
119 230
258 51
215 207
99 235
16 14
5 169
6 197
46 40
204 9
88 121
142 8
7 22
271 26
121 215
254 281
179 296
100 220
224 80
138 209
247 180
202 290
182 92
142 277
126 168
37 133
152 4
190 45
241 213
229 282
50 271
25 224
214 256
179 119
248 75
106 171
112 173
5 70
273 38
279 160
210 156
223 182
239 22
292 260
52 74
149 280
60 239
183 193
214 217
158 203
19 260
76 235
97 27
31 163
295 83
269 44
183 222
12 271
226 72
10 47
11 193
201 188
245 108
28 99
222 141
38 252
265 214
252 70
176 124
84 210
292 122
199 196
104 9
230 229
23 22
36 284
138 63
183 288
236 77
209 15
5 117
163 191
285 170
292 295
84 240
194 81
250 207
233 241
95 128
38 16
45 279
74 192
50 212
261 89
184 234
57 185
13 277
23 285
76 144
21 231
209 144
110 165
8 164
183 260
256 35
183 237
187 289
35 16
226 74
153 115
232 172
31 133
141 104
203 292
124 218
158 172
25 20
186 153
202 244
15 104
118 149
73 122
109 133
150 179
268 213
84 3
126 79
201 54
281 49
284 3
32 131
264 247
136 186
47 90
194 131
16 176
2 237
215 41
283 81
92 244
65 53
243 71
199 74
231 31
30 131
156 166
273 19
28 261
280 194
7 169
279 174
57 148
236 176
242 284
122 42
264 110
143 57
194 269
102 262
155 67
24 217
64 115
27 48
226 137
58 135
232 270
267 293
264 176
227 2
23 256
198 169
31 147
157 247
44 29
137 230
8 152
179 282
234 54
71 267
292 37
39 183
36 74
289 135
118 166
21 95
279 74
13 23
196 99
279 285
49 245
107 199
126 67
130 116
79 189
194 90
250 117
101 27
264 202
129 249
283 141
139 165
158 67
5 66
0 184
50 64
43 115
54 172
167 263
57 211
120 19
49 169
282 147
63 281
247 56
267 222
113 297
96 205
5 238
270 138
120 250
238 110
254 217
10 255
299 293
154 296
206 264
271 195
189 94
209 13
12 229
232 11
52 77
17 255
274 166
61 122
122 191
204 262
34 99
282 223
65 116
160 61
155 88
8 181
277 210
36 151
21 220
118 255
253 267
182 25
218 43
0 287
218 211
130 229
124 182
98 124
276 53
12 187
208 146
175 248
249 295
140 250
259 214
83 95
250 261
298 0
160 294
63 77
294 275
149 13
285 254
14 165
7 143
146 48
108 165
278 251
201 29
55 26
103 7
10 155
261 8
8 107
31 34
203 85
92 11
283 159
249 29
295 58
52 244
131 269
240 255
50 112
236 93
168 13
285 140
37 248
80 58
15 234
70 41
13 208
105 255
105 296
119 104
71 72
112 269
120 28
64 229
136 131
12 121
85 48
210 130
74 254
196 55
297 50
104 41
0 247
80 161
166 197
220 186
292 171
227 76
8 39
6 50
206 24
275 44
50 27
69 164
164 131
241 95
21 299
116 41
236 183
271 191
40 164
221 78
127 243
49 88
49 7
272 147
288 247
263 37
256 79
257 70
46 198
41 89
93 11
214 92
1 247
137 212
92 231
81 100
298 210
71 252
152 208
82 132
299 169
204 164
14 173
227 201
146 149
96 161
110 125
178 95
169 209
107 116
202 232
65 235
241 229
127 277
195 263
11 189
110 245
22 105
16 218
196 44
127 171
30 280
186 276
100 145
21 139
222 176
158 291
275 117
299 58
67 141
184 161
224 139
144 63
142 42
40 238
8 34
294 212
28 210
130 236
266 268
100 185
294 226
49 204
76 48
19 256
156 191
185 236
174 112
223 248
282 150
32 107
4 2
258 164
169 138
164 124
101 28
37 36
41 255
225 143
154 12
119 288
163 34
208 296
179 155
130 233
1 131
163 292
61 37
33 252
15 127
274 156
59 29
109 33
124 59
183 123
99 97
286 209
135 132
122 23
265 1
267 147
245 172
61 186
141 13
38 196
66 240
284 101
76 265
0 6
209 21
33 8
282 238
96 53
1 249
215 36
192 6
169 133
208 260
15 285
213 199
245 160
127 77
102 175
291 69
190 236
165 69
179 249
24 143
157 297
54 252
183 166
291 106
39 181
156 8
262 295
79 6
283 269
287 11
273 50
254 243
13 81
274 8
3 275
140 17
40 185
21 217
191 22
75 220
147 77
283 195
171 32
33 178
65 203
119 44
183 48
12 285
186 201
85 83
94 161
40 85
170 222
7 176
227 148
165 240
295 107
96 97
286 254
5 69
154 249
99 221
139 96
249 77
67 279
44 75
185 113
44 211
149 61
116 253
280 174
15 175
61 244
0 78
259 201
267 225
17 271
283 28
32 262
43 31
94 241
178 145
10 153
92 122
209 198
280 43
196 49
275 98
130 284
173 226
78 13
269 128
142 32
117 160
263 234
276 203
49 148
232 299
27 238
295 137
179 207
81 95
223 292
269 100
89 258
174 181
230 38
87 105
151 229
114 122
198 54
88 186
293 257
220 261
245 101
251 196
288 105
176 294
148 160
175 42
243 104
74 107
297 27
14 160
68 92
89 74
212 233
94 79
210 88
52 180
55 156
228 49
146 121
71 176
147 289
55 280
103 219
70 138
66 151
58 250
108 133
58 72
20 159
37 270
288 149
273 231
282 120
135 158
88 189
188 99
107 138
140 194
98 138
167 295
180 196
283 264
146 163
216 291
136 132
88 125
184 37
33 101
279 52
297 26
61 70
52 226
112 272
265 288
254 235
138 224
250 278
202 206
142 119
84 261
221 220
224 29
174 127
216 274
232 230
86 67
54 131
270 222
14 189
278 288
158 276
183 191
222 126
17 148
122 135
257 43
155 59
0 252
215 136
177 168
19 192
112 202
149 205
7 118
144 115
186 6
218 268
279 43
263 116
199 175
92 227
3 63
78 261
199 63
12 18
218 230
104 293
41 9
98 273
62 83
184 17
24 144
230 28
288 261
48 187
198 176
259 230
44 17
266 27
215 133
138 246
85 207
280 133
221 217
88 266
157 110
281 24
92 110
105 147
23 167
81 57
142 278
146 75
201 45
31 215
113 198
119 143
112 14
189 84
157 251
42 285
166 189
49 57
166 13
105 152
42 268
64 20
254 228
132 70
224 260
191 138
71 145
232 216
102 241
167 93
142 105
242 218
31 232
53 267
154 160
16 32
106 137
205 299
152 159
91 271
261 161
102 47
28 265
73 176
63 110
186 10
255 281
186 58
8 298
188 37
284 20
292 76
74 112
295 293
58 210
150 102
203 99
231 36
113 276
112 218
135 112
31 117
219 28
102 51
275 221
275 278
25 170
92 60
114 46
41 187
272 271
47 37
198 161
60 230
155 188
138 112
242 164
142 259
141 221
118 113
225 255
9 172
106 112
149 98
5 280
174 110
269 184
61 130
297 220
3 195
237 174
46 164
138 52
107 4
270 31
10 50
1 173
173 194
139 74
148 13
243 232
202 155
124 276
251 154
123 288
94 266
143 111
102 105
169 229
98 274
205 49
24 59
224 213
2 137
238 253
289 207
109 121
70 90
53 195
216 243
269 49
107 47
273 58
223 131
194 71
74 152
280 2
283 144
15 33
292 276
120 273
111 191
235 47
288 174
89 196
27 284
38 75
206 291
123 22
124 186
257 69
196 41
118 107
12 16
147 23
152 202
123 9
251 185
104 146
136 24
297 249
88 156
228 51
284 184
161 50
142 68
155 219
42 85
226 80
280 82
28 174
88 267
88 250
246 49
161 189
109 154
89 277
0 11
289 257
294 96
273 126
252 80
237 133
180 132
217 206
76 27
165 48
273 99
146 201
155 230
294 40
6 46
53 74
121 23
194 236
57 240
26 296
269 72
218 20
74 117
243 280
215 287
202 208
90 83
282 198
56 255
62 262
111 126
77 186
114 254
97 35
62 265
142 9
40 120
137 103
71 146
127 279
110 229
202 258
33 13
248 159
246 98
63 96
123 244
70 122
86 21
203 240
219 202
229 272
201 163
6 167
135 99
243 253
189 187
152 97
98 134
129 214
61 113
278 7
253 236
211 167
257 188
166 272
230 31
268 240
108 67
271 84
153 166
153 242
109 23
170 42
87 22
137 3
251 104
119 190
278 223
39 286
158 27
103 252
176 41
122 133
43 40
7 13
95 50
3 267
211 266
23 88
236 122
249 67
142 163
266 66
36 123
54 238
111 190
261 11
123 121
178 172
11 83
60 282
166 67
242 200
217 298
246 136
197 50
86 156
157 252
117 210
256 10
146 189
175 98
200 34
46 161
11 239
9 14
88 60
207 139
137 284
156 137
236 16
103 150
276 19
29 22
107 224
88 122
38 52
238 295
178 40
270 86
264 294
127 292
251 119
68 10
211 144
262 221
232 277
282 95
143 62
215 258
265 63
53 287
269 186
131 218
191 71
207 218
253 198
173 223
6 23
193 262
37 269
298 153
256 97
18 248
262 260
6 199
259 34
248 230
52 72
298 274
83 55
114 179
179 115
18 224
55 63
210 64
150 276
168 89
148 209
232 148
275 206
291 278
68 280
116 249
155 284
205 48
262 248
105 56
125 260
212 280
80 289
293 67
284 271
47 267
177 84
237 190
197 5
18 140
224 147
64 198
274 161
131 38
219 107
75 96
185 280
233 147
230 140
148 253
78 272
217 235
250 112
261 174
6 128
125 29
76 256
65 239
141 242
63 83
99 161
43 82
57 291
83 210
178 16
31 258
62 8
231 232
234 203
43 57
206 0
61 234
156 297
16 25
31 249
11 211
289 107
235 251
3 249
120 278
33 130
79 166
120 166
34 94
172 160
225 45
123 103
221 207
103 276
247 230
51 249
179 281
138 67
15 286
19 138
293 115
197 200
49 48
155 28
215 122
235 212
157 204
234 109
268 19
151 172
94 59
46 41
278 126
229 129
228 292
27 179
208 108
291 46
242 22
29 60
18 284
179 109
276 48
188 223
158 179
296 213
161 107
56 88
121 130
227 96
291 92
1 13
253 298
74 10
35 120
231 212
177 79
235 261
83 9
252 201
155 169
137 220
195 184
54 1
189 3
254 290
227 8
289 229
109 90
130 91
25 204
105 218
38 103
38 2
38 263
290 71
275 155
230 292
166 10
79 180
163 188
113 215
226 158
48 40
230 219
264 230
90 212
277 227
262 186
253 220
86 31
77 58
252 62
180 249
217 155
269 241
97 207
287 192
167 231
141 172
286 116
181 5
165 251
157 49
178 84
130 240
95 243
131 186
148 172
212 18
42 113
148 31
174 40
138 273
256 34
8 288
14 192
198 193
71 45
263 17
87 79
96 252
214 277
208 182
105 250
199 273
95 125
227 124
71 249
196 215
213 232
119 207
186 193
230 70
126 86
298 213
13 197
264 238
111 115
69 136
190 206
3 0
287 212
28 5
4 99
133 163
220 32
98 141
151 134
30 58
214 35
12 236
166 169
44 68
119 10
137 251
181 128
188 273
141 144
131 73
38 147
7 151
88 68
15 4
154 162
118 269
1 191
6 60
192 167
60 89
243 83
293 49
174 178
62 58
269 13
67 129
193 12
150 79
293 41
23 209
237 175
142 265
162 25
147 160
203 132
7 154
124 216
109 27
275 273
73 224
166 269
278 107
65 105
61 173
152 252
64 119
257 199
58 76
149 197
165 131
165 229
98 15
244 206
43 168
261 189
200 146
65 117
205 74
77 295
29 263
238 83
142 297
33 169
259 48
287 165
297 155
272 128
280 238
189 265
72 104
294 21
79 297
95 78
140 102
99 136
294 171
169 240
104 37
112 285
260 49
175 191
133 252
130 99
222 282
131 13
156 38
148 275
69 268
219 41
259 147
101 202
28 142
274 41
109 195
243 44
248 27
103 185
152 186
218 48
119 239
165 124
243 76
157 147
103 107
248 299
103 164
5 299
129 30
122 0
125 282
57 248
233 70
112 132
45 83
283 139
192 130
36 120
217 122
255 13
46 273
120 270
280 168
10 55
210 12
291 59
46 160
226 130
197 7
138 236
162 84
284 264
229 38
161 11
247 294
179 10
183 152
282 293
204 137
141 131
224 163
263 77
248 233
277 106
25 286
174 232
78 228
14 142
253 188
230 238
151 189
136 148
186 234
259 196
237 1
247 26
68 12
42 66
111 192
11 170
263 64
209 5
64 277
31 165
117 226
79 163
277 139
245 32
212 54
208 26
32 83
120 129
44 224
258 167
126 203
11 186
104 113
11 31
177 220
126 42
0 43
15 246
87 54
250 181
103 256
6 45
171 153
215 134
64 71
72 122
196 203
244 67
269 290
152 139
233 263
131 60
88 278
277 164
172 294
249 269
254 225
242 157
107 179
128 125
193 243
87 149
233 58
163 97
122 54
167 222
275 77
210 11
58 137
249 7
159 0
103 183
200 51
237 145
9 240
145 168
201 84
93 182
158 97
186 70
233 198
256 288
153 15
62 158
131 226
24 219
200 114
288 263
108 22
51 104
23 201
164 101
137 50
272 8
53 9
176 164
51 216
276 60
36 103
269 196
270 163
34 63
36 21
120 258
276 46
21 8
279 141
170 280
261 29
48 261
234 226
243 229
181 22
133 81
3 180
206 175
165 178
179 32
107 30
15 195
74 183
39 221
56 147
63 262
146 36
6 184
75 266
291 288
55 129
238 261
207 195
20 34
161 76
126 89
187 19
262 169
23 58
166 49
89 86
23 20
69 1
154 130
110 220
111 206
264 246
147 133
24 287
18 105
251 63
9 2
196 134
208 299
236 257
76 229
25 250
102 92
247 273
224 109
297 14
236 264
106 190
217 158
201 168
32 161
47 68
114 36
122 57
274 20
34 178
218 247
72 113
207 235
237 115
166 37
187 79
207 192
233 203
58 34
287 213
84 26
120 178
161 282
23 228
273 254
155 251
40 33
0 182
162 251
71 27
275 196
54 153
272 99
114 40
235 21
20 192
237 288
298 127
272 259
264 266
140 96
209 289
94 42
83 110
58 148
84 51
22 166
26 133
147 265
111 292
279 1
235 46
241 42
44 95
189 128
157 84
63 194
268 177
154 214
96 21
11 225
131 21
135 123
15 272
110 105
131 151
133 182
2 89
239 175
20 232
91 119
160 3
213 222
216 285
245 144
260 194
260 187
118 209
19 115
136 238
23 237
34 177
21 251
33 47
169 84
149 210
196 76
59 225
59 293
182 299
182 54
12 171
273 286
255 246
175 169
112 110
241 284
3 28
173 163
291 227
244 259
167 34
196 60
211 3
55 79
180 276
272 204
44 120
119 86
246 231
47 270
60 181
80 113
202 40
29 289
160 38
55 91
199 40
252 213
257 64
286 239
38 285
140 232
253 19
272 148
190 161
53 201
35 126
68 158
44 16
70 0
117 79
181 294
43 37
294 0
186 118
287 93
131 160
287 169
20 260
36 252
189 111
93 120
190 194
58 86
178 288
62 221
16 62
98 3
47 42
8 283
56 153
208 88
54 64
82 58
287 296
108 156
78 148
112 154
98 110
231 103
185 291
33 187
36 125
61 239
116 144
260 126
46 270
257 152
24 204
182 203
14 150
177 198
299 221
134 164
196 221
143 63
27 5
29 265
161 73
225 70
211 93
158 265
46 146
200 83
266 135
125 89
152 230
293 30
65 274
280 59
142 170
220 113
74 87
104 4
33 184
59 104
38 199
186 40
93 156
72 88
282 233
169 192
9 251
89 114
146 57
20 42
97 167
297 25
258 206
190 257
17 109
56 185
64 289
293 204
126 232
100 96
122 137
299 56
79 130
223 181
132 11
193 271
97 252
23 230
294 27
191 150
260 213
268 117
123 208
39 43
117 127
268 222
89 294
13 9
266 149
117 296
130 123
212 28
233 37
127 164
168 100
85 126
96 74
140 244
122 289
23 266
1 227
98 180
48 239
11 203
173 270
185 91
225 90
135 206
75 164
147 284
33 55
113 225
7 83
100 167
70 273
158 206
183 86
141 292
207 239
8 2
252 23
139 187
76 148
199 121
36 39
81 168
268 67
160 168
215 19
200 53
110 78
125 271
237 177
71 114
216 74
31 189
52 176
256 133
291 17
1 102
279 101
174 62
85 236
170 259
89 12
178 180
169 292
113 30
57 39
77 107
111 154
296 36
73 93
199 193
48 252
249 0
173 23
268 199
185 16
57 278
128 99
178 6
287 154
296 193
115 72
282 208
146 9
31 263
135 120
219 227
16 155
291 54
235 73
201 79
137 133
46 185
67 16
242 178
6 161
22 208
20 119
44 281
205 62
177 191
166 230
85 101
16 102
65 242
89 142
113 229
229 153
164 173
89 281
236 11
162 254
132 20
6 71
246 19
239 287
5 261
299 33
266 61
245 180
251 206
140 249
47 259
87 204
79 246
291 293
94 284
105 164
140 183
47 141
231 34
56 76
177 59
13 262
9 73
97 58
177 197
39 246
223 266
209 248
53 52
219 193
31 156
249 254
104 297
141 199
202 175
82 286
291 164
285 263
195 234
202 218
46 186
84 81
217 259
253 270
121 240
169 103
62 60
187 181
222 127
187 197
149 59
203 117
80 232
157 24
74 67
91 17
35 92
116 23
135 163
175 61
193 225
251 118
95 277
180 242
112 77
150 279
21 85
138 130
163 202
91 226
4 214
0 81
46 169
167 81
199 110
189 197
164 182
201 173
215 256
122 299
115 71
76 30
170 248
204 83
188 111
58 122
3 168
55 297
10 276
113 139
171 234
259 289
145 172
200 159
271 145
38 231
181 12
175 124
68 248
215 216
205 47
270 187
279 130
286 139
115 297
228 244
168 114
139 73
119 25
147 175
252 18
221 259
138 154
66 2
254 9
186 4
278 41
164 16
14 121
159 225
38 272
69 95
96 164
222 177
57 296
248 205
34 211
59 108
24 225
249 289
209 255
175 261
237 68
130 142
146 293
153 270
279 98
294 185
58 27
102 298
186 217
7 289
257 44
217 199
278 24
46 88
299 124
135 143
171 114
266 102
238 180
288 200
197 100
203 166
280 24
107 3
255 180
291 73
153 266
196 187
253 241
172 228
41 130
17 4
121 180
218 12
153 120
74 185
62 126
258 54
283 90
76 297
187 296
52 115
162 10
114 99
229 87
98 55
245 105
32 84
106 246
216 63
52 160
73 33
163 219
220 12
279 24
229 35
203 224
4 64
17 197
185 217
155 87
71 204
131 34
68 296
137 176
184 30
10 248
201 117
247 63
0 212
184 123
159 221
19 269
170 68
134 114
48 216
23 284
4 293
136 145
77 121
27 171
183 146
72 38
173 7
139 24
240 193
115 205
205 51
247 7
239 85
220 165
190 247
88 218
156 29
79 233
26 286
271 197
19 134
296 63
197 298
185 276
158 10
111 27
103 28
274 27
251 45
70 194
196 136
279 135
192 270
77 217
204 124
232 280
10 132
136 1
14 177
76 108
74 33
268 87
236 4
193 121
199 151
52 275
258 191
231 116
287 282
171 42
158 255
57 235
219 18
43 174
283 63
127 179
274 199
130 113
119 221
183 228
288 249
115 274
37 289
27 182
262 148
197 199
122 28
39 16
110 76
288 10
104 219
177 178
78 199
280 148
97 63
76 288
104 124
183 257
268 121
11 91
212 297
277 208
258 263
193 14
141 258
235 58
145 51
102 95
162 96
130 156
128 279
37 5
149 70
107 5
13 84
294 32
71 83
35 94
130 250
241 237
187 244
60 28
180 189
220 51
114 150
198 236
60 288
130 105
163 258
180 150
134 88
132 239
245 216
288 103
225 20
87 101
46 263
259 282
267 244
269 125
67 182
130 6
181 100
249 211
288 49
177 43
12 85
77 39
63 129
289 78
145 220
118 219
179 274
183 267
55 93
162 124
24 112
231 13
53 297
268 224
50 284
221 24
258 4
191 209
199 156
125 143
35 245
282 138
90 97
144 30
245 131
299 6
262 238
149 39
48 263
292 261
65 40
69 71
162 250
160 184
251 54
2 148
234 229
184 271
86 36
171 185
144 113
22 250
7 129
93 14
180 234
84 53
80 134
120 210
1 101
239 281
69 163
110 172
264 257
211 205
223 59
251 233
104 174
10 121
93 58
100 259
67 153
191 293
99 254
297 0
61 183
65 81
116 151
135 180
55 195
168 198
271 37
75 5
184 273
200 216
30 53
280 106
184 53
131 69
243 89
188 269
233 290
198 290
36 87
218 40
148 161
14 84
288 85
173 129
135 51
157 82
43 127
91 128
297 32
214 61
175 92
16 79
27 288
13 35
75 69
216 102
72 212
21 115
251 110
130 224
141 74
263 111
26 200
20 298
263 63
242 248
177 211
42 201
78 32
234 219
209 11
8 98
264 17
52 79
136 117
14 295
0 29
115 166
69 229
19 52
269 192
232 124
98 86
103 293
107 13
24 183
282 3
109 152
284 53
284 45
228 138
231 7
193 124
259 51
288 242
275 234
219 286
44 245
294 45
1 210
195 173
43 29
91 286
269 262
137 242
112 41
132 165
217 13
135 37
202 248
218 121
43 275
176 191
218 18
161 205
237 44
180 203
104 282
175 131
139 157
22 82
66 206
191 15
280 162
149 104
133 234
281 144
73 245
74 218
264 210
120 22
241 214
220 127
251 82
263 80
64 63
131 241
245 27
176 81
142 77
232 113
82 137
285 145
175 145
30 27
74 59
213 238
10 27
253 139
19 72
160 30
4 20
246 290
145 236
139 36
49 126
114 276
180 193
212 253
49 193
49 122
251 129
241 206
36 238
246 100
238 123
289 214
275 154
2 274
86 234
54 119
5 134
231 28
168 59
24 58
210 5
16 13
88 247
88 55
117 211
215 250
195 266
106 3
173 6
97 116
58 26
10 12
24 269
156 51
174 236
56 116
61 257
25 176
168 186
231 214
184 54
122 247
208 270
139 182
137 153
80 256
241 85
102 187
171 170
224 141
106 294
270 142
55 57
34 255
134 139
274 92
170 28
124 70
121 151
9 132
28 84
152 114
4 272
52 260
155 61
276 176
37 277
21 56
143 179
128 281
187 66
95 226
16 133
214 159
59 135
286 104
9 30
176 194
219 49
161 116
29 160
213 100
36 48
6 226
7 287
71 122
12 184
190 215
134 32
241 98
196 266
57 14
192 198
87 64
266 51
156 149
90 250
268 17
75 16
119 47
268 203
200 269
85 279
54 256
98 65
166 193
11 198
41 37
7 55
83 239
165 65
79 80
89 257
231 209
119 192
236 17
12 233
39 215
210 32
219 161
180 83
78 163
149 168
201 149
125 256
75 41
289 250
167 298
181 64
30 81
230 13
132 293
277 84
200 64
293 53
111 3
58 146
197 238
132 277
21 55
182 60
155 50
42 227
62 288
253 26
160 247
279 284
60 249
255 21
145 65
189 155
159 273
243 5
108 91
267 196
285 27
133 56
27 36
289 4
66 1
63 30
42 143
269 82
2 88
278 85
232 287
27 119
125 225
8 254
25 267
107 66
269 284
196 154
99 267
173 230
269 237
32 33
127 106
133 171
78 97
190 26
265 211
227 214
103 267
232 211
81 118
174 129
144 69
169 283
53 19
154 104
83 191
31 7
211 272
98 269
106 148
240 216
174 17
224 83
196 6
295 243
211 262
6 257
237 159
258 108
70 15
248 249
56 218
281 170
123 28
26 86
153 83
65 283
235 294
212 144
76 151
299 89
167 19
197 272
259 160
269 173
109 216
25 9
46 77
182 103
27 209
226 238
250 48
33 123
81 55
213 161
72 131
287 33
80 63
148 33
191 123
0 240
248 11
190 266
13 102
231 194
141 106
121 118
133 239
229 257
64 224
160 207
149 169
295 282
123 16
232 273
151 120
242 123
176 64
143 28
78 230
114 80
21 178
5 202
145 260
90 193
75 118
183 256
234 51
111 244
61 56
285 154
82 60
136 150
55 208
295 99
21 13
213 79
224 61
160 118
287 276
0 198
274 238
298 296
165 82
214 198
108 178
153 283
30 155
68 140
207 271
140 153
130 273
2 233
104 202
52 171
47 51
69 26
9 85
110 182
88 240
61 176
261 299
252 130
73 63
102 18
283 6
34 157
87 211
13 185
55 9
108 31
234 2
138 173
47 69
70 55
135 161
154 164
278 32
231 140
120 174
195 171
128 231
289 216
177 68
36 193
137 44
2 147
18 84
6 124
145 230
183 158
177 118
281 8
156 5
243 35
140 174
51 8
50 92
150 153
32 23
213 29
172 2
206 30
96 43
28 189
248 26
103 119
157 263
180 147
196 56
0 245
144 177
39 17
218 219
48 220
206 119
15 120
184 188
65 286
86 108
108 209
53 69
127 87
187 294
92 288
80 169
253 45
130 222
127 244
295 109
247 203
235 100
170 219
37 124
259 295
288 22
72 247
56 68
249 262
6 29
173 48
249 20
0 147
297 196
113 222
49 253
178 243
24 90
221 248
250 159
83 168
217 60
280 259
237 199
244 156
33 39
282 220
39 268
166 129
123 148
270 154
148 267
212 147
226 189
107 296
145 287
75 129
189 46
112 297
131 159
229 252
162 146
71 186
252 15
71 136
296 181
198 249
8 43
255 9
49 32
78 209
31 203
51 139
153 288
146 87
200 72
184 171
271 121
66 114
187 115
2 263
69 248
293 263
248 134
60 46
175 286
208 228
148 127
228 89
15 290
115 194
220 97
13 227
153 299
270 241
106 252
94 209
181 122
114 65
52 64
137 206
270 167
84 165
58 71
45 143
70 147
65 233
149 73
80 128
239 43
266 160
31 224
202 108
247 196
224 69
72 49
71 169
273 114
1 165
100 208
219 143
53 172
264 159
82 259
141 207
18 13
101 64
6 132
116 226
107 52
210 262
82 293
64 22
92 131
258 199
114 34
3 204
265 171
231 70
47 250
220 216
296 89
26 72
249 81
99 199
62 107
230 200
111 81
85 235
132 102
209 245
155 208
186 273
165 159
165 103
130 114
26 0
175 105
195 192
102 246
18 121
162 156
159 66
202 26
267 290
197 131
292 286
48 197
174 31
12 5
39 126
285 281
156 59
297 137
238 183
234 3
221 173
87 222
294 237
75 217
50 211
226 194
62 298
119 203
6 249
162 101
175 27
19 136
249 146
56 175
107 178
224 265
23 115
170 5
181 72
210 191
274 164
164 276
179 283
233 272
140 279
235 68
3 285
158 233
201 232
245 95
83 6
277 230
165 190
91 176
70 127
290 214
294 82
145 225
39 82
180 290
51 68
159 211
62 109
93 140
179 280
92 246
178 101
285 219
255 274
270 87
208 238
5 159
217 41
221 258
238 88
152 218
15 64
198 141
181 18
168 293
143 60
175 263
283 207
218 169
73 179
298 221
111 58
239 102
197 129
278 133
68 84
58 239
74 266
42 124
149 11
274 208
92 250
204 59
199 201
174 107
7 73
109 262
154 43
145 82
0 83
267 220
201 115
291 152
38 278
258 220
294 51
237 231
173 257
187 208
277 32
281 116
255 238
2 24
127 223
66 124
100 49
193 21
238 170
111 84
158 293
269 299
264 187
27 66
278 190
298 89
186 64
236 37
229 215
179 211
106 116
126 136
228 207
68 255
44 231
12 214
218 193
166 103
220 227
253 52
252 30
132 226
210 213
285 82
264 211
51 203
295 206
250 63
231 205
157 241
101 251
127 83
184 128
260 163
110 47
4 125
7 189
2 7
79 250
150 133
58 36
112 64
248 36
10 118
216 143
261 114
96 246
219 19
29 94
16 229
165 298
223 160
223 197
67 89
269 134
66 270
82 10
101 152
70 48
114 115
2 269
122 274
290 273
192 223
237 37
281 252
74 57
45 50
132 75
186 241
14 164
66 29
124 92
109 147
155 126
298 80
205 37
66 163
282 93
118 152
5 292
9 87
28 140
223 261
145 119
109 139
90 26
171 70
1 44
24 296
73 145
190 259
123 268
105 75
142 205
45 227
23 39
148 292
125 168
176 70
235 154
193 44
127 195
180 69
114 3
113 279
275 33
297 278
9 49
258 138
82 241
62 275
56 108
231 1
258 268
28 281
211 216
277 169
276 0
214 13
102 133
87 55
96 64
139 101
233 64
92 109
120 229
194 268
76 10
168 176
24 86
110 133
84 50
129 117
160 74
264 256
80 118
262 176
226 68
152 142
234 261
24 161
11 147
274 59
92 136
280 35
122 34
201 104
108 60
265 197
184 215
217 17
3 294
285 232
196 75
149 249
232 22
144 232
103 149
8 165
20 296
222 228
218 27
196 97
168 271
1 160
78 53
26 82
94 70
104 122
292 160
168 204
289 34
236 15
171 238
262 100
46 155
162 19
74 143
186 39
147 59
156 24
13 4
170 230
205 24
270 93
158 130
237 100
150 165
126 280
240 191
128 56
92 271
202 259
291 4
65 59
118 104
186 38
159 32
41 45
187 89
125 40
82 119
103 10
146 103
289 16
34 44
157 293
282 34
105 219
3 230
181 58
208 106
295 299
28 185
256 0
108 233
278 294
22 84
162 167
292 82
262 206
197 139
25 216
123 104
136 296
179 243
209 183
196 279
200 10
182 218
102 112
189 156
259 199
263 274
198 13
140 203
100 250
239 95
199 267
162 266
252 215
201 196
163 90
53 11
26 267
231 202
273 127
129 128
268 176
162 105
113 186
269 191
294 38
208 46
173 234
249 76
159 261
219 114
221 239
53 232
222 2
170 76
199 235
241 141
53 259
258 56
214 199
237 222
259 205
260 31
156 259
224 209
261 181
182 187
166 125
77 170
290 17
168 55
90 196
124 197
20 83
71 254
220 183
110 127
276 12
288 37
186 206
134 82
8 35
139 69
96 249
11 139
103 125
94 175
243 242
57 94
184 71
275 151
168 68
17 216
286 172
84 199
175 142
156 184
125 120
290 151
287 150
184 199
184 285
280 28
38 208
167 53
251 150
72 274
281 224
49 131
187 85
237 255
273 132
221 249
249 82
199 224
233 63
263 145
33 51
120 170
121 182
170 287
49 110
113 264
163 171
81 3
137 290
25 251
91 77
181 229
268 9
96 17
44 52
2 39
128 271
228 175
19 230
261 190
273 198
135 72
57 292
247 228
292 289
170 39
212 48
298 105
228 104
247 219
118 230
57 236
159 15
259 197
25 27
74 113
239 277
211 56
30 46
238 251
30 185
171 130
96 213
61 243
138 60
131 43
240 104
15 22
129 299
61 136
106 26
271 274
277 61
111 120
141 17
84 12
154 53
228 33
122 229
208 257
267 192
22 107
161 221
36 276
267 229
157 59
49 59
71 282
77 129
66 50
296 45
4 1
165 211
240 28
223 146
114 159
265 239
127 33
208 122
81 74
191 181
236 82
205 73
109 238
71 90
117 163
169 115
206 152
71 40
82 18
223 267
44 85
10 171
7 223
206 47
175 251
114 78
26 266
0 82
23 45
24 284
102 281
195 160
273 262
86 189
198 144
283 151
124 294
271 43
193 207
77 7
262 58
252 209
280 142
123 125
260 76
64 111
237 121
113 197
211 123
152 7
107 34
148 100
116 146
100 275
136 240
221 47
60 233
111 101
6 141
128 123
100 165
226 63
92 193
40 53
115 250
187 123
31 88
181 228
196 68
13 20
174 254
84 142
258 299
278 196
108 144
93 245
270 206
94 68
274 222
223 275
165 45
150 275
177 196
230 246
299 118
188 94
233 152
160 130
256 119
286 169
213 274
55 109
285 35
46 279
211 225
40 146
8 172
107 152
167 226
182 159
83 257
227 152
265 259
168 137
249 257
221 29
125 87
166 85
220 81
163 211
51 65
291 18
108 105
85 72
57 281
88 225
127 231
192 224
38 256
261 103
23 270
204 98
143 169
79 168
283 46
108 193
209 288
60 176
105 183
250 171
100 142
139 4
78 254
296 217
252 109
167 154
81 7
6 129
221 75
143 152
94 298
189 206
284 19
107 150
186 79
74 79
297 129
297 149
56 213
11 169
230 61
242 86
251 106
272 222
269 71
266 276
269 165
204 199
156 203
235 60
113 2
177 55
154 260
126 188
214 213
250 29
217 118
277 49
42 82
177 154
77 201
255 62
58 95
102 295
150 38
178 191
126 281
161 267
254 58
210 230
281 54
23 175
44 121
263 82
293 166
76 29
59 205
28 133
132 52
295 226
63 146
10 148
132 169
50 51
55 299
61 215
113 98
264 292
169 183
53 215
270 17
275 89
66 276
41 10
189 182
216 212
183 84
178 218
20 150
101 107
127 5
22 272
100 152
141 191
139 274
145 202
23 273
157 250
184 67
154 100
60 183
39 120
15 213
63 224
0 218
91 154
99 133
258 251
46 127
225 105
284 145
210 150
15 185
268 216
13 132
64 241
276 264
134 31
275 120
222 81
257 1
66 148
107 25
140 142
234 198
88 106
119 135
172 30
232 268
236 46
91 120
5 121
178 70
198 126
225 256
292 287
268 154
24 152
178 283
139 26
239 213
76 62
81 242
13 14
279 129
270 159
283 16
214 95
201 154
297 205
95 6
254 223
23 66
64 100
274 155
58 118
235 229
115 185
280 152
72 81
39 129
112 253
95 55
164 192
128 121
127 81
253 175
137 47
239 294
216 39
148 141
211 170
178 146
27 212
124 202
120 163
227 255
241 272
99 284
176 196
0 129
244 122
34 56
210 174
239 96
7 25
253 202
287 272
262 241
233 167
116 3
96 186
239 212
92 189
220 5
232 228
47 196
219 102
228 229
118 234
99 32
27 221
18 287
192 194
50 79
90 157
235 101
110 194
94 228
23 89
86 34
101 35
95 185
220 42
216 130
21 59
31 58
85 117
106 215
264 124
36 247
32 100
299 106
34 179
48 42
105 60
249 112
63 248
0 179
275 170
229 286
164 108
215 75
15 194
221 143
47 38
210 299
177 6
8 289
143 266
189 220
240 77
125 27
174 30
1 298
30 92
4 3
158 30
281 58
146 150
232 293
80 89
124 102
153 111
177 210
159 213
42 264
103 221
288 189
145 7
151 220
211 191
275 11
30 32
145 171
61 297
53 152
46 285
99 19
205 229
72 285
240 269
157 227
195 112
114 194
293 137
28 193
46 265
208 167
164 251
187 39
183 282
272 68
110 48
251 112
227 203
162 176
290 161
53 246
222 4
110 195
41 265
234 123
13 56
78 240
6 295
71 270
166 180
233 287
143 163
47 6
134 41
223 92
84 212
292 270
44 279
113 49
214 205
65 167
278 241
187 0
53 13
241 81
271 218
107 260
2 40
185 59
141 244
4 262
105 90
10 293
210 118
266 8
154 257
283 93
48 134
36 122
120 85
166 94
149 141
221 105
19 177
247 145
51 54
132 258
137 105
257 59
272 220
184 252
120 272
27 105
76 31
184 157
241 153
14 1
232 221
106 150
285 113
26 224
111 224
299 121
101 263
223 296
107 36
129 291
237 61
25 173
159 99
71 159
6 98
77 111
244 215
80 26
260 143
59 230
14 51
210 175
181 164
15 204
183 2
59 85
127 157
216 179
106 93
234 91
54 189
32 198
151 100
115 270
134 8
285 17
256 255
173 127
294 19
248 14
246 216
163 265
46 209
238 195
90 64
83 106
271 62
170 183
157 249
21 125
66 32
18 194
19 38
271 282
275 64
86 116
46 39
96 187
80 155
5 24
240 87
285 225
96 137
71 235
255 188
157 196
1 40
108 26
69 0
299 255
257 295
289 143
220 139
46 170
95 246
56 36
257 203
260 128
75 145
232 125
46 97
93 289
218 70
160 58
7 244
270 191
213 5
97 33
146 268
263 213
114 128
9 135
74 69
226 38
252 219
240 196
96 9
53 277
108 219
212 284
177 259
212 46
55 66
13 283
209 187
199 228
128 65
153 205
88 76
119 49
227 27
38 125
271 34
32 233
264 11
288 33
188 292
8 7
3 262
112 230
71 202
155 206
184 189
280 117
188 97
14 256
49 267
73 136
219 210
57 174
130 208
69 168
16 227
290 138
175 137
134 38
86 141
99 104
199 2
277 125
189 212
134 270
61 109
184 41
35 143
273 175
254 136
89 11
19 85
78 46
178 91
30 48
224 190
54 0
80 71
146 285
285 161
220 154
242 173
138 183
265 88
219 231
271 237
9 138
102 196
212 52
19 125
64 195
263 119
23 47
37 81
135 185
294 228
258 59
258 229
291 6
202 190
176 55
61 263
78 142
67 43
255 91
50 279
162 3
283 49
9 62
48 196
41 40
210 253
147 102
135 264
122 255
89 201
198 171
63 268
178 66
126 146
283 47
122 203
185 255
55 116
46 85
51 108
274 13
165 188
262 255
117 57
218 205
65 7
121 135
190 5
44 104
264 111
67 94
189 263
13 287
186 215
21 227
110 190
28 68
251 42
30 175
232 167
269 287
161 281
65 244
109 74
193 252
242 210
285 10
278 202
100 118
59 188
226 23
8 295
62 26
93 138
104 151
284 82
145 231
205 209
44 276
141 203
148 186
145 243
135 159
80 159
23 165
211 282
50 53
265 43
118 21
81 142
220 105
70 297
235 201
250 188
265 208
282 158
185 295
27 262
206 277
177 72
113 91
33 52
209 267
239 261
280 84
271 59
61 53
28 15
247 87
199 169
242 194
49 141
72 278
29 11
291 168
263 206
90 270
204 184
5 50
268 28
171 244
158 112
23 199
162 112
6 96
297 2
35 19
10 161
28 75
231 141
179 205
101 29
153 101
193 96
271 63
250 281
251 276
146 192
249 13
283 258
166 252
198 295
121 117
96 153
291 226
263 261
236 290
86 168
6 144
156 74
128 252
114 147
72 196
126 172
138 167
61 106
231 215
190 176
175 78
189 215
199 222
134 296
152 298
110 139
112 267
253 122
62 209
250 31
258 0
221 289
137 208
139 153
147 16
141 276
208 142
164 53
184 51
64 281
260 200
51 293
31 95
274 175
74 121
256 140
17 243
222 27
60 248
142 238
200 111
21 162
101 274
14 111
235 180
167 135
3 196
25 258
242 66
5 139
188 103
234 273
163 20
124 291
254 67
195 71
278 127
259 5
48 200
241 297
23 107
277 63
12 1
283 228
97 47
25 178
46 210
108 213
269 226
165 3
257 197
81 82
141 281
182 4
128 157
60 50
233 148
120 132
299 11
35 297
91 265
29 220
184 196
243 192
218 232
147 25
149 198
174 235
11 90
276 47
121 147
250 172
44 97
210 245
273 150
231 126
82 198
38 175
34 230
254 56
269 224
10 239
55 227
179 99
252 253
115 129
49 177
6 149
46 113
154 192
91 206
132 274
208 271
119 93
45 164
158 239
246 94
0 185
245 69
43 28
29 71
41 110
217 196
182 188
185 53
231 181
103 207
194 76
118 122
226 154
54 130
11 85
1 114
145 55
93 228
99 223
87 2
50 43
76 298
257 27
126 236
151 94
203 100
57 275
213 103
198 52
151 207
190 34
289 203
38 191
258 85
117 249
169 234
47 129
265 225
63 298
228 227
28 166
171 291
115 102
286 71
159 173
279 96
137 152
134 39
231 290
287 98
72 282
264 172
49 272
128 8
264 184
190 128
270 43
78 195
87 191
200 2
28 282
34 91
225 53
289 268
41 258
121 137
158 100
287 298
72 259
297 80
246 158
130 107
13 250
260 221
218 235
106 192
102 44
204 31
117 89
59 52
217 190
3 225
239 44
108 136
37 141
265 152
172 247
109 41
203 214
289 211
57 156
219 226
237 272
129 237
54 158
294 2
110 108
93 65
83 113
229 75
31 154
42 76
103 45
77 268
88 43
69 259
113 18
163 199
95 2
33 149
167 63
69 196
246 142
45 152
287 160
14 70
161 33
92 97
143 185
237 152
262 71
270 235
29 20
189 127
12 296
148 12
119 292
189 199
58 276
293 230
226 168
175 68
118 163
80 94
48 19
186 270
188 119
18 255
39 119
20 251
235 182
20 248
21 107
216 132
198 109
273 157
271 27
11 257
44 7
38 44
84 6
198 85
285 210
29 41
169 38
216 273
24 273
166 89
29 79
110 13
274 284
278 189
96 86
10 234
169 202
183 270
22 281
6 24
178 9
263 178
235 283
96 263
157 217
101 57
157 177
59 215
256 149
107 253
281 32
195 294
221 132
89 97
112 1
14 65
7 24
253 211
204 63
275 293
74 40
202 228
225 257
243 85
1 78
24 208
62 171
25 94
76 106
140 190
219 56
111 182
207 181
276 70
297 66
106 15
161 110
96 95
54 115
99 259
55 222
73 25
282 123
4 25
74 253
109 127
79 144
210 30
61 198
220 129
259 232
137 231
22 154
258 30
169 15
254 19
18 122
199 280
121 220
161 193
113 180
91 21
49 44
50 218
82 40
105 291
36 153
296 264
57 97
277 38
69 16
107 284
288 158
263 109
177 164
113 86
11 201
90 224
277 242
130 255
135 25
100 266
183 109
31 299
27 187
59 67
78 154
247 181
209 162
83 219
126 88
85 177
266 296
135 254
69 20
176 242
65 193
122 278
146 47
149 84
137 24
135 165
200 256
15 113
276 132
112 49
270 21
135 125
69 161
94 87
141 39
101 151
26 50
255 109
32 270
36 138
178 230
156 270
201 262
197 192
58 244
66 13
138 73
21 292
49 271
68 242
1 73
266 96
2 41
127 242
17 69
218 166
153 110
66 85
151 213
285 104
85 265
180 18
286 80
36 13
192 36
97 72
232 121
287 135
215 90
286 123
86 235
296 108
17 229
216 205
111 272
175 7
236 171
157 244
87 297
125 198
219 172
198 136
112 298
73 128
112 197
89 9
201 20
228 240
21 185
269 79
212 241
118 220
49 105
221 184
225 91
231 149
123 284
149 241
134 286
252 149
141 299
216 262
175 171
143 101
8 241
102 66
64 47
279 239
19 292
268 141
133 85
269 122
109 265
226 81
47 62
250 219
123 84
246 150
253 271
194 239
152 43
13 115
186 76
109 293
246 260
212 278
34 298
79 182
263 262
46 132
109 134
204 48
168 91
166 298
7 109
132 204
164 37
180 96
188 77
146 93
261 166
23 198
273 164
184 99
63 179
25 108
167 282
128 87
174 114
206 103
3 57
152 175
111 237
246 180
28 42
79 131
61 189
54 28
7 215
235 253
106 144
144 147
38 15
210 167
64 225
96 58
230 24
236 215
195 148
87 117
163 254
14 45
258 289
74 264
132 219
208 218
18 106
74 165
246 1
135 82
137 285
204 255
105 129
80 240
200 116
185 133
34 96
259 171
128 173
16 85
51 75
185 111
90 5
70 191
166 124
168 151
207 162
152 239
167 289
103 67
217 169
216 248
50 240
164 27
154 9
162 188
109 64
156 106
189 104
226 127
58 129
283 160
40 6
226 263
192 88
139 166
223 121
209 151
282 231
30 97
186 228
234 146
135 26
88 77
283 142
90 72
134 126
200 210
6 152
151 73
258 60
169 56
8 123
18 41
245 267
184 190
111 207
110 130
26 66
23 203
145 17
267 275
236 139
244 254
73 23
291 223
230 91
262 49
291 284
287 257
251 245
274 28
222 48
59 148
259 101
162 74
223 167
183 63
277 97
109 282
194 135
245 163
131 177
73 243
11 36
24 34
12 46
198 203
35 65
65 191
57 285
267 74
74 197
278 27
113 293
292 213
57 22
247 286
281 155
43 234
218 111
143 39
81 275
98 284
299 22
56 82
38 118
277 112
288 239
252 9
124 171
282 250
162 189
258 1
65 180
85 210
126 151
160 115
235 24
89 270
40 269
230 53
104 244
271 19
253 282
5 84
134 175
192 40
64 128
298 65
80 103
274 176
66 100
186 60
177 3
50 154
82 89
213 73
119 151
182 28
237 63
50 113
49 17
67 27
213 215
200 168
4 298
283 128
121 132
228 50
7 279
206 26
28 169
80 78
211 35
61 13
255 19
17 35
56 271
114 164
278 64
116 292
242 17
287 36
297 65
31 50
77 115
106 202
294 94
124 49
216 75
25 256
62 57
210 247
172 128
109 159
152 26
118 53
274 55
183 31
104 7
236 165
105 204
218 119
167 98
162 265
151 19
106 182
130 225
154 103
290 3
189 96
134 106
165 151
201 6
128 296
249 259
177 252
260 73
37 68
0 227
52 234
235 273
242 184
249 281
81 141
31 136
101 286
110 44
275 269
197 57
66 268
208 201
130 131
113 14
178 153
90 287
27 63
236 235
86 249
8 127
45 61
176 50
103 44
269 123
185 253
221 13
63 115
89 284
287 176
194 94
196 151
70 154
216 197
139 53
197 9
14 74
265 114
84 263
27 86
53 170
228 37
140 125
20 133
225 23
191 180
13 67
30 218
68 95
263 298
13 289
52 201
62 110
236 226
63 29
90 294
84 233
126 117
222 195
90 195
227 37
175 246
258 115
194 45
172 257
169 261
163 272
18 268
4 122
257 242
51 222
249 286
96 270
198 263
18 101
259 103
140 15
188 231
90 156
243 45
292 41
55 108
25 287
215 179
19 98
15 69
112 259
11 77
105 86
63 16
81 107
207 137
250 150
257 195
171 82
253 224
35 110
132 227
294 113
170 26
100 2
125 98
127 67
271 11
132 8
168 36
36 54
272 289
157 129
258 259
287 248
198 1
20 203
212 88
29 141
71 160
30 84
36 261
8 122
230 203
17 120
157 86
143 299
29 269
232 78
210 159
192 229
142 122
1 159
68 299
235 10
19 108
50 187
292 278
80 3
137 140
101 54
168 118
276 160
181 160
213 230
201 200
214 200
228 205
169 109
32 7
144 150
130 191
284 121
79 158
220 241
172 90
279 243
290 5
177 130
154 221
239 201
290 132
243 199
10 154
224 245
98 221
30 99
91 44
19 132
237 221
158 184
241 40
194 261
70 250
148 200
35 109
12 25
165 281
50 76
226 274
25 180
185 203
118 228
84 40
237 217
169 210
236 282
65 224
91 82
281 74
295 46
247 280
109 250
134 18
191 267
246 174
12 92
214 24
211 251
236 22
260 153
187 153
69 54
192 174
84 196
212 254
175 110
141 186
10 207
101 141
15 241
1 39
50 110
66 127
278 10
270 110
154 165
45 196
257 86
206 235
125 259
8 215
178 152
99 120
245 217
126 124
171 33
78 178
55 164
60 26
184 240
41 287
21 298
202 43
267 93
168 166
158 17
51 282
226 133
5 88
147 203
83 86
48 113
217 224
129 188
214 183
18 22
264 37
169 242
122 68
121 126
101 208
291 181
194 35
45 148
2 76
87 238
96 41
156 194
244 18
89 106
254 105
118 231
35 51
46 171
22 289
229 97
141 162
20 109
123 179
201 82
139 230
191 225
12 199
260 37
107 263
164 201
143 238
185 183
235 42
47 280
17 105
107 157
154 30
44 207
268 124
260 251
267 285
109 99
203 179
257 18
65 21
158 51
204 219
81 71
137 93
26 102
67 275
15 118
266 222
282 290
22 93
199 51
169 273
296 245
35 217
114 239
248 232
237 277
20 131
210 99
120 33
41 286
48 161
33 78
113 219
242 117
278 12
201 39
179 79
272 48
69 83
245 53
173 158
51 186
276 30
36 278
126 116
297 52
244 94
158 50
46 8
232 263
132 125
212 298
133 184
141 78
18 71
54 68
40 19
239 91
126 248
131 200
125 248
87 208
21 262
195 103
12 268
223 37
71 56
282 204
66 18
107 76
30 42
33 266
16 284
261 56
39 261
236 70
93 79
279 189
147 108
224 99
104 177
24 153
51 37
177 261
15 284
117 158
124 221
99 62
179 18
86 178
231 248
164 221
56 137
144 179
187 242
39 178
115 218
24 18
259 76
5 293
122 174
114 248
117 77
127 196
61 232
192 226
87 255
227 115
272 155
209 111
224 171
296 185
113 20
146 270
162 271
240 38
95 70
27 203
29 189
181 87
276 242
231 88
270 291
90 152
163 112
282 75
297 271
172 179
146 5
84 197
78 57
152 140
72 12
282 10
82 102
105 70
93 272
249 37
40 260
113 10
112 17
164 207
198 270
197 263
296 261
97 286
206 76
241 50
250 176
289 52
207 94
14 279
9 119
140 69
69 174
264 67
113 152
24 56
260 123
23 222
114 284
270 278
253 247
123 225
261 130
261 72
232 74
26 204
246 144
221 201
170 162
228 286
116 143
276 189
150 209
30 291
196 292
90 226
72 275
94 44
249 44
3 67
278 89
170 236
189 221
50 117
273 84
290 10
243 41
3 34
245 189
54 139
296 9
50 294
44 125
112 116
101 295
238 193
32 12
125 235
266 63
185 121
140 260
51 58
72 251
33 195
120 179
96 211
142 82
140 57
71 148
209 89
272 140
66 34
69 158
175 238
275 214
169 45
78 263
134 155
86 142
185 44
214 211
193 72
298 19
75 207
128 44
133 230
87 152
14 204
198 199
176 171
219 112
204 88
158 196
58 269
209 220
103 161
240 111
208 269
230 0
219 3
75 100
135 183
189 13
123 261
252 104
243 175
189 10
288 258
200 124
195 159
160 229
246 55
40 78
180 5
218 295
182 172
166 50
75 72
200 237
136 95
5 116
192 73
193 281
34 221
222 197
296 14
29 271
171 31
245 299
271 2
83 231
79 123
140 129
127 90
21 97
98 108
88 297
211 8
239 26
193 217
82 38
183 72
94 144
45 204
193 155
24 70
158 43
5 15
17 256
81 229
165 156
164 72
248 132
100 294
207 214
57 54
246 99
66 44
245 136
255 93
64 269
