300 7700
169 10
127 143
192 21
164 92
31 262
27 52
7 211
129 161
61 78
224 172
294 237
148 200
234 228
79 133
18 104
69 207
50 172
153 198
247 286
119 202
111 74
157 96
228 30
60 200
284 100
158 18
247 148
132 25
236 45
63 139
137 66
211 56
28 214
54 273
14 297
270 226
100 27
133 292
174 288
59 240
132 191
227 201
35 161
115 114
57 268
119 281
158 141
32 168
218 30
262 139
268 37
226 101
19 177
284 190
16 66
213 259
31 22
74 187
189 205
65 4
199 297
82 177
22 14
85 234
223 226
95 297
238 119
161 114
165 220
162 277
69 225
238 18
70 108
238 163
228 57
45 93
242 144
299 178
190 192
218 269
215 140
193 92
17 103
248 235
74 57
51 255
227 222
239 217
120 231
122 179
126 253
164 169
21 78
46 79
161 176
41 276
71 86
111 198
169 5
119 122
218 225
154 67
141 186
231 56
154 216
168 286
224 267
262 187
168 221
10 41
224 90
36 70
141 106
219 95
155 96
119 118
80 97
163 192
281 211
31 130
43 287
274 194
52 53
203 151
93 183
169 261
167 236
32 281
139 228
167 48
241 163
270 279
275 114
9 240
246 107
262 242
94 291
118 8
47 67
65 10
104 5
93 18
51 289
252 42
2 90
163 160
287 4
212 233
160 0
252 129
137 75
266 163
98 40
258 5
270 18
273 26
298 236
119 89
282 250
149 295
39 273
175 21
222 190
285 274
216 253
25 256
145 69
294 181
279 82
62 31
90 172
70 22
252 236
72 12
78 285
102 248
276 244
95 93
106 276
293 61
218 253
171 298
146 49
189 75
73 80
153 103
228 193
166 197
297 192
259 268
254 49
155 95
267 211
98 269
202 83
219 244
189 91
194 262
192 5
107 2
240 281
248 275
127 50
292 239
207 263
246 185
129 41
16 139
273 36
120 159
277 125
81 293
243 27
222 60
207 286
182 112
9 228
33 31
296 280
286 163
275 244
88 244
264 220
70 129
71 106
198 263
162 239
86 162
185 44
166 134
181 297
96 38
152 12
185 168
28 6
264 194
129 43
171 98
106 257
194 41
282 81
47 128
218 257
130 211
166 163
236 102
106 70
242 7
137 70
94 200
28 63
107 105
156 183
20 273
297 18
271 216
238 66
184 78
67 230
122 29
91 267
52 248
271 56
56 41
136 195
97 295
216 266
232 20
114 182
109 176
277 124
248 203
103 70
237 296
92 99
103 58
210 3
258 286
205 214
24 241
225 136
228 176
256 42
255 261
205 147
142 216
186 204
54 251
225 221
205 91
68 199
44 0
85 152
181 275
50 165
16 163
247 156
135 6
47 29
156 60
269 66
292 268
249 94
94 190
257 196
99 102
278 285
270 13
33 119
26 80
39 164
78 134
271 22
153 165
259 267
222 70
297 276
180 59
171 104
275 9
56 27
228 2
2 160
154 18
19 187
254 208
145 196
228 238
7 112
296 52
78 215
140 230
47 187
231 74
104 246
276 7
221 164
132 96
181 58
230 244
30 84
216 128
203 146
215 13
34 231
192 25
190 209
246 216
271 32
27 198
224 256
164 274
91 193
41 16
138 265
155 84
53 193
277 278
39 79
158 13
280 256
31 186
271 237
193 189
222 175
147 61
113 152
141 62
295 44
146 50
280 101
65 92
68 207
233 282
174 94
42 263
228 74
29 244
201 146
129 102
68 243
21 141
99 146
257 126
296 64
74 222
280 283
35 127
240 61
63 218
295 126
17 84
183 151
165 237
295 60
124 12
200 59
62 199
119 17
255 65
135 9
17 271
209 142
243 120
32 112
256 192
273 279
46 218
75 265
158 241
139 244
162 298
217 297
192 280
166 136
173 111
74 24
144 270
87 230
233 211
211 17
290 233
183 144
121 200
244 125
93 248
35 257
164 289
203 199
166 82
178 209
44 175
138 267
45 188
147 57
22 166
196 172
204 115
151 148
142 20
236 264
282 292
289 216
15 51
293 222
24 64
94 59
42 17
75 70
31 294
36 18
289 99
164 109
173 81
171 203
239 243
52 121
164 1
250 101
54 212
11 229
251 263
100 294
160 61
161 75
264 8
26 43
209 295
241 253
40 264
150 133
297 214
178 213
55 136
133 164
244 164
269 245
157 220
102 166
255 143
233 82
60 97
239 255
199 77
267 69
106 107
297 46
197 164
137 45
239 228
68 123
89 186
42 245
174 183
266 235
185 66
259 8
170 66
183 142
186 247
12 144
44 156
277 264
125 71
188 203
177 211
140 236
54 80
122 245
178 10
294 88
123 69
295 84
213 157
251 127
205 112
136 189
8 35
163 8
224 66
281 192
167 172
117 159
172 136
279 107
256 167
183 163
90 43
61 225
248 226
66 75
273 129
99 147
233 122
101 107
34 222
258 283
135 30
171 146
290 127
33 133
207 83
283 89
89 129
101 16
83 278
44 120
271 231
170 7
158 291
94 193
208 22
224 286
53 188
88 273
262 27
130 199
94 231
44 155
227 296
211 191
12 50
237 193
260 146
35 225
207 170
97 54
58 138
3 184
84 161
74 254
5 31
32 190
185 186
20 3
99 55
95 67
114 213
133 218
126 3
10 131
147 276
258 102
18 219
64 13
89 103
134 153
152 269
148 118
246 183
176 172
11 30
80 115
115 195
261 187
106 219
252 260
257 291
30 155
292 238
298 107
2 264
239 42
142 249
35 204
18 121
240 51
141 278
214 189
232 51
27 194
240 233
206 12
152 273
55 40
95 37
267 109
82 212
186 140
135 267
3 28
274 191
77 57
291 64
89 72
173 223
80 155
172 48
223 119
236 40
282 252
127 134
196 13
199 237
68 249
128 68
117 176
103 115
238 155
126 53
219 256
3 140
60 284
34 82
182 41
189 120
190 28
275 79
166 40
97 224
273 283
183 233
135 216
293 179
296 173
161 228
118 30
182 90
0 157
275 285
71 234
239 244
84 31
161 78
271 272
40 153
47 219
187 251
219 174
197 289
289 34
228 166
276 270
73 271
299 202
63 171
274 26
33 293
31 16
222 246
168 149
162 54
57 266
82 163
149 269
111 128
282 267
18 139
78 146
108 79
161 168
2 295
116 83
203 109
226 283
208 85
289 273
186 150
298 296
188 117
40 246
139 260
60 251
197 129
193 282
149 202
194 12
201 137
192 115
142 92
232 158
44 168
195 163
15 2
166 230
0 161
54 195
13 206
5 130
278 276
110 119
58 46
244 126
35 287
0 227
6 232
103 116
108 14
229 122
51 265
26 147
86 6
29 46
74 148
292 266
261 78
264 248
294 187
122 191
247 124
297 129
208 213
44 222
157 242
163 61
193 57
96 75
60 212
261 22
44 76
29 31
8 127
187 281
14 201
231 141
14 66
90 149
246 134
170 95
103 11
31 107
156 15
126 127
244 281
33 299
173 89
51 53
134 55
256 166
176 279
38 42
119 270
148 196
275 6
176 78
59 254
12 269
13 131
222 259
113 273
49 234
176 23
266 174
80 235
291 168
297 140
157 281
297 31
227 94
248 62
98 37
53 17
254 63
281 59
143 249
129 236
158 297
271 210
152 97
238 193
216 50
291 60
190 285
210 229
28 5
135 15
132 150
92 48
53 239
42 262
38 100
246 156
102 54
118 209
136 38
172 85
117 50
160 23
151 97
64 3
200 297
284 14
121 269
10 244
9 86
248 16
274 174
264 74
169 252
244 165
282 27
25 124
87 90
202 241
41 257
134 36
1 208
235 239
140 183
217 21
138 136
45 213
218 1
275 43
63 188
39 211
283 140
232 176
73 89
252 150
99 41
296 178
111 223
255 199
170 47
19 79
249 36
292 192
111 131
9 83
175 132
107 167
154 8
182 155
185 114
249 84
204 128
202 103
150 58
263 154
265 253
228 260
18 298
285 13
57 36
235 55
90 283
115 137
8 225
197 236
139 219
166 247
174 207
265 242
74 137
180 143
176 254
134 237
203 97
299 39
2 292
296 220
177 36
152 279
197 51
233 89
208 158
46 142
148 259
4 10
258 140
111 174
18 229
125 172
37 90
228 29
40 179
134 189
249 287
281 204
45 168
223 153
73 26
20 97
75 197
234 86
158 294
240 128
121 256
130 250
252 270
88 193
154 21
179 178
172 183
67 128
143 297
11 293
125 5
215 66
176 88
127 98
23 82
276 39
64 52
38 99
37 18
85 179
105 1
152 194
291 258
20 231
28 35
95 107
222 178
296 236
52 228
208 160
98 121
173 2
51 219
167 298
136 191
130 22
183 73
114 127
231 250
142 280
52 134
49 113
14 103
31 285
107 71
295 15
295 141
113 12
73 266
85 230
116 17
242 190
126 213
141 134
35 186
103 241
198 294
292 34
43 140
99 125
35 159
298 198
120 27
139 217
147 123
267 122
119 287
7 102
157 129
121 166
82 129
227 141
162 179
271 44
37 10
127 112
106 173
125 249
251 149
126 231
150 182
273 182
44 247
141 64
18 170
145 156
289 264
162 237
168 165
276 192
87 188
146 114
160 148
115 243
143 299
48 224
220 43
161 252
115 59
269 105
206 267
291 165
128 293
231 255
69 29
289 15
2 50
219 82
284 269
210 100
258 235
14 140
201 172
289 179
47 146
180 266
212 77
81 228
14 25
193 285
58 79
129 151
56 277
34 52
180 284
95 187
157 282
117 171
281 115
82 117
204 56
234 124
94 7
29 243
28 261
286 76
268 260
226 141
147 266
261 295
73 235
261 165
156 263
118 7
218 47
143 102
102 267
202 293
171 164
158 19
24 222
279 128
225 120
163 279
219 236
120 10
131 214
225 299
213 131
283 270
60 117
130 78
297 132
78 108
65 204
169 123
50 167
69 1
73 113
220 201
222 196
82 227
92 51
90 290
238 86
226 250
52 165
289 144
87 239
119 85
271 105
6 76
66 142
124 285
108 158
104 21
9 101
16 59
154 66
24 199
212 172
193 224
148 241
61 265
143 196
164 299
246 272
4 173
69 164
268 170
6 40
240 130
156 176
276 261
26 234
278 27
69 165
274 111
128 155
114 191
8 37
182 213
15 246
289 102
34 164
15 19
230 126
290 101
185 187
133 230
64 104
258 227
279 76
109 292
81 106
76 147
125 124
81 43
1 89
69 273
169 142
216 54
164 154
223 0
150 19
268 171
186 123
188 264
52 267
291 200
33 230
293 99
20 256
296 119
132 205
114 253
228 242
97 215
67 109
117 14
186 132
120 83
85 282
195 241
262 216
241 66
233 228
49 158
148 256
12 229
228 18
146 196
176 106
104 101
99 5
177 271
110 208
166 112
240 261
125 283
123 136
231 91
208 155
187 191
29 260
59 214
216 89
132 188
132 40
67 15
51 220
9 120
87 146
69 171
181 123
129 206
2 192
138 123
65 107
60 277
156 192
280 218
107 122
219 63
84 154
47 36
86 1
86 182
136 46
266 161
219 185
293 3
124 47
264 98
13 225
178 92
250 274
232 76
162 257
171 144
292 67
85 192
1 266
96 32
239 233
133 137
25 271
171 246
200 267
108 157
37 128
113 71
33 6
2 88
58 63
255 282
86 41
74 166
80 125
152 31
51 128
46 182
133 75
213 40
285 20
244 35
216 220
89 127
40 12
63 53
136 120
40 288
220 17
206 146
183 178
235 164
75 256
52 125
62 219
190 196
40 103
223 54
27 253
235 230
50 219
299 27
179 259
115 253
47 151
293 13
104 111
32 170
40 183
93 234
15 276
87 61
6 280
170 246
139 243
75 54
22 292
265 280
136 257
46 148
197 39
143 286
156 143
245 228
173 176
68 60
272 140
255 273
231 65
275 198
210 27
61 18
19 295
179 116
158 15
264 156
138 55
248 77
133 73
29 196
212 120
244 289
229 47
194 157
123 148
128 292
275 62
51 150
124 122
165 121
45 80
111 213
199 87
70 180
189 60
247 276
21 20
245 282
68 140
47 62
120 163
106 247
90 38
231 169
206 100
30 207
7 180
230 196
93 174
47 255
94 272
41 290
116 149
222 127
98 256
85 94
246 269
184 190
134 232
113 156
19 202
57 162
15 31
43 151
245 40
40 224
38 161
186 252
229 140
103 83
60 225
215 19
208 151
141 255
27 204
23 142
270 216
266 282
192 140
113 251
230 80
130 280
117 221
27 182
95 229
291 105
271 131
46 94
194 44
222 72
61 125
152 256
249 181
23 181
122 128
173 265
110 64
282 133
177 297
190 36
202 130
258 261
197 78
161 186
212 133
40 234
124 162
91 287
128 288
278 228
106 16
41 83
161 39
107 227
291 283
35 276
139 7
216 286
280 102
20 155
109 226
48 270
156 226
151 120
141 51
213 168
5 155
283 208
258 64
215 107
123 199
138 201
90 122
43 47
87 232
249 248
255 162
195 116
125 275
265 26
191 160
102 36
268 58
169 78
9 162
285 180
125 188
1 64
64 274
136 99
219 122
12 250
145 98
181 3
212 190
259 109
168 229
227 57
227 43
55 53
6 136
252 188
214 32
46 145
163 37
63 5
38 231
58 88
55 27
51 238
253 79
9 17
290 150
199 283
243 208
12 29
38 185
240 18
247 86
259 62
270 258
101 253
227 189
58 84
93 290
54 242
207 73
163 110
258 159
138 130
242 196
200 93
11 297
69 78
295 65
102 47
93 57
287 106
105 160
81 181
108 91
184 5
266 244
166 177
56 247
11 167
193 81
222 92
168 29
224 229
138 19
136 206
16 169
116 186
212 184
110 109
82 21
93 177
53 276
142 28
85 125
179 164
238 107
283 13
135 147
205 192
31 131
45 64
139 281
55 102
20 173
222 281
233 86
92 213
246 144
239 95
189 125
115 169
68 263
167 102
98 79
257 60
70 39
59 284
95 11
114 233
125 114
75 106
207 171
15 166
34 130
42 206
70 34
34 129
59 102
171 11
115 130
114 72
123 266
84 82
185 147
173 274
88 96
15 179
40 256
87 64
62 183
49 207
62 78
161 123
208 238
89 168
277 281
27 67
159 201
93 75
162 11
251 295
48 102
293 100
32 120
134 215
276 74
251 101
284 195
199 133
188 109
60 224
114 266
124 100
200 116
143 267
12 125
182 13
9 174
190 176
16 9
149 286
64 197
132 167
29 115
6 149
109 89
133 77
38 218
30 238
67 261
184 270
220 53
27 193
161 113
80 107
237 153
197 96
250 128
205 180
212 259
281 138
113 57
233 90
261 159
280 90
35 27
249 102
5 8
48 237
272 108
77 61
109 137
137 248
191 195
191 40
148 211
263 115
46 298
173 277
169 187
73 156
225 38
53 198
17 288
245 238
290 62
14 165
135 237
168 256
3 205
295 277
10 7
229 7
64 273
135 42
226 194
145 182
206 271
9 229
119 123
134 165
99 287
22 172
92 4
7 60
176 213
225 209
13 116
123 137
279 148
279 178
187 49
94 102
235 199
81 204
29 68
119 116
23 273
298 79
21 229
286 49
81 57
14 299
18 95
165 200
84 236
1 72
137 291
73 275
180 282
218 68
208 195
203 259
148 278
258 53
181 172
209 251
37 87
275 34
70 13
38 170
130 73
117 247
153 269
176 251
293 41
235 46
80 282
191 268
261 30
176 247
151 217
66 76
18 138
189 132
69 138
95 98
200 25
133 26
7 247
154 145
282 26
50 201
299 25
11 213
55 18
156 122
95 158
136 0
102 33
143 105
233 264
237 248
29 232
18 233
284 10
256 154
218 240
98 271
121 180
281 116
213 112
9 105
81 292
33 55
183 216
207 119
111 158
52 87
182 247
259 57
119 289
111 277
132 90
62 44
122 61
203 18
208 78
47 289
11 208
74 250
274 243
6 101
17 102
23 4
211 296
228 216
68 182
56 194
218 141
100 237
61 175
189 239
100 173
99 196
240 265
171 3
159 221
54 291
189 55
191 36
290 37
227 16
109 253
39 69
84 259
197 278
66 48
94 37
160 16
132 27
76 100
26 180
150 142
230 127
45 46
101 80
162 83
181 93
69 288
111 139
0 20
297 244
221 123
83 170
104 183
58 285
287 147
44 6
184 8
114 201
132 91
77 99
48 30
60 290
125 201
230 54
176 137
1 296
275 230
201 79
202 278
113 151
14 231
9 210
186 15
237 249
267 230
208 56
27 18
54 113
171 123
20 25
16 241
100 57
147 223
224 231
127 252
128 222
177 249
32 78
182 108
69 203
36 155
176 116
7 67
88 16
40 200
40 123
230 146
44 28
155 59
187 228
173 35
47 2
179 245
175 202
284 206
40 259
276 133
117 96
64 181
136 3
267 117
138 195
281 35
259 4
37 58
22 299
91 74
139 259
49 34
8 65
56 11
54 253
112 54
260 48
217 44
40 34
116 215
202 208
261 18
258 254
221 110
171 125
200 22
217 5
245 180
188 182
162 156
262 57
255 125
245 8
154 287
14 197
141 211
57 107
204 132
22 83
63 145
18 220
137 293
94 131
85 102
246 220
158 234
254 179
281 99
16 33
249 192
109 65
118 285
89 32
149 250
228 154
260 258
144 180
154 29
152 173
117 0
152 170
132 84
279 238
80 292
51 47
200 47
78 58
138 232
218 299
17 294
164 99
147 7
299 236
99 72
170 190
198 258
175 119
272 220
98 117
20 107
176 235
128 157
43 261
46 78
71 193
98 189
268 162
275 166
118 86
70 194
170 198
118 211
224 135
207 62
268 220
237 214
122 185
251 215
203 195
183 141
154 106
71 123
24 289
279 113
34 258
227 96
239 99
292 226
19 274
244 65
70 23
204 64
233 147
43 243
98 193
20 188
174 197
50 93
284 148
10 13
193 29
66 85
214 102
252 34
147 131
257 229
280 132
2 3
293 39
0 191
288 231
9 151
32 2
272 247
218 161
193 279
169 246
68 284
150 248
169 272
48 295
111 63
247 206
31 252
260 165
2 255
133 156
266 296
20 10
261 3
241 55
43 297
214 284
146 90
43 171
89 19
228 171
181 283
212 161
49 72
230 178
218 207
82 102
15 122
226 234
124 258
215 40
108 286
288 122
86 68
175 25
160 245
174 158
219 276
292 290
8 273
189 293
126 144
274 204
210 264
195 38
274 161
130 29
220 66
299 174
190 211
185 176
141 268
127 152
27 203
148 25
276 104
39 139
149 2
194 58
232 149
38 20
201 174
176 148
139 191
241 223
41 288
156 25
248 282
186 53
78 164
46 43
267 216
136 116
186 288
88 84
173 242
181 263
206 209
78 98
36 290
254 219
163 246
284 88
178 74
267 177
200 3
118 291
280 215
140 188
294 30
171 134
53 159
252 106
65 44
230 14
189 298
164 188
75 286
281 58
244 250
224 289
80 206
252 124
190 161
110 240
89 9
42 241
66 98
270 209
58 266
35 6
41 272
110 248
184 34
265 140
117 252
215 36
61 296
211 112
4 271
157 190
82 289
26 286
202 131
221 253
260 194
221 152
169 128
132 12
86 206
106 158
163 9
266 260
260 89
165 188
230 256
283 233
288 209
110 249
162 143
4 97
105 83
192 235
181 186
158 133
195 99
121 101
60 219
296 24
83 231
106 118
104 260
19 252
238 144
120 272
68 38
51 142
81 100
56 165
105 175
288 173
220 1
242 291
71 297
124 53
275 197
224 269
110 78
83 196
205 217
291 104
15 172
135 117
129 13
63 88
145 293
41 188
126 41
243 58
117 86
199 148
213 1
224 147
188 154
104 131
20 174
243 271
106 87
267 89
173 286
8 209
109 142
108 40
178 99
277 240
186 182
137 267
18 167
255 217
98 115
276 32
56 233
265 252
94 36
298 234
25 111
142 206
12 238
78 225
209 78
293 112
91 277
16 265
159 196
32 19
77 161
177 4
1 155
234 172
45 282
6 156
15 47
178 255
84 226
172 14
46 119
37 270
152 189
240 126
270 101
197 264
117 261
160 19
141 30
161 244
240 179
185 3
111 42
258 274
289 261
241 261
44 13
155 177
161 131
37 23
102 63
280 44
253 259
78 189
219 159
127 250
178 9
158 154
213 141
190 27
173 287
26 174
191 248
27 202
97 72
207 45
35 267
253 195
264 50
146 183
287 42
120 178
111 188
186 7
298 136
293 98
176 191
270 232
125 47
24 113
229 92
65 240
54 23
146 2
74 94
42 208
105 113
163 89
226 224
65 94
5 53
153 231
35 19
236 43
11 62
177 15
131 15
82 31
39 65
89 117
289 120
11 241
278 65
106 210
117 63
277 153
124 3
36 117
3 248
197 40
98 1
103 74
294 281
250 192
16 70
117 207
12 225
11 92
266 284
291 40
254 273
74 167
96 92
160 193
278 4
208 252
277 46
146 27
112 131
106 197
3 88
224 78
178 80
207 216
32 31
85 109
144 32
114 269
184 177
0 85
26 125
221 86
195 247
113 235
203 143
188 151
87 167
92 208
298 26
149 93
64 242
2 130
294 221
251 90
109 131
2 226
152 259
221 68
172 39
198 65
153 259
177 48
275 282
52 268
292 254
189 25
169 40
108 124
114 57
6 41
294 116
179 131
21 132
210 35
65 41
214 63
194 42
236 256
82 295
62 212
192 172
27 214
128 131
235 272
6 43
273 191
273 122
172 36
65 265
76 53
239 109
221 106
78 54
299 86
175 214
27 148
68 52
235 100
232 12
179 96
118 277
260 93
24 58
171 14
180 17
63 273
130 194
80 297
248 9
108 255
166 255
106 236
163 15
118 45
8 34
58 284
227 64
187 206
173 153
153 184
111 218
102 279
3 87
220 285
102 294
11 168
78 96
80 272
69 5
98 262
173 126
293 176
97 149
49 75
193 216
75 124
182 203
116 51
231 247
20 259
83 190
103 54
208 7
234 207
177 206
122 48
159 6
274 166
138 100
175 298
17 248
15 5
231 52
20 82
233 273
283 156
198 190
119 174
296 253
188 278
203 30
215 95
289 290
5 205
75 156
242 240
292 59
218 271
186 145
222 229
195 154
7 45
234 294
189 246
246 112
50 214
26 220
234 2
79 10
67 78
279 115
64 189
111 79
83 262
113 26
239 299
0 50
98 22
208 229
242 52
180 208
292 206
29 286
67 281
245 53
66 28
127 136
192 80
61 255
249 275
241 207
220 180
133 182
20 192
226 186
272 64
162 95
45 292
193 42
52 287
186 126
242 215
229 255
6 77
95 55
32 293
205 97
58 77
28 34
120 141
218 202
87 249
114 37
141 253
196 282
239 262
35 296
209 106
218 53
123 101
232 243
87 75
116 5
282 4
26 217
126 109
271 148
219 162
235 185
134 48
252 229
37 44
203 104
256 177
15 193
36 248
71 30
206 115
298 252
91 295
102 131
243 227
247 134
191 192
52 169
297 164
9 173
196 19
199 35
270 298
189 208
127 71
89 159
262 101
297 81
193 197
276 170
6 274
118 13
167 119
97 245
205 93
59 108
270 54
271 171
90 192
241 45
276 235
216 296
76 237
82 214
125 74
31 222
256 82
194 290
36 72
41 170
266 264
170 283
291 209
89 138
263 165
165 35
269 267
262 37
259 10
147 278
72 200
249 109
148 262
237 191
141 5
60 119
106 190
90 153
169 297
210 20
39 267
268 179
248 209
200 274
125 248
141 294
73 193
201 141
51 120
65 241
215 65
246 215
184 216
141 185
285 260
94 104
268 107
30 159
145 7
114 165
62 278
158 109
223 268
164 226
258 218
81 85
14 295
6 147
79 255
284 210
74 29
133 296
167 168
91 150
255 131
19 293
124 94
135 19
149 281
1 233
287 164
197 286
102 266
49 297
186 19
226 182
245 186
5 57
218 246
248 84
138 237
224 241
36 7
54 98
280 39
219 297
89 266
58 225
274 23
17 196
64 134
232 238
250 92
82 158
253 1
263 131
230 12
224 259
293 190
255 136
65 17
180 87
182 279
58 203
34 43
55 68
242 125
8 71
253 91
107 99
138 269
279 263
111 141
5 29
8 185
174 4
98 62
18 149
114 149
119 137
189 206
150 49
267 116
194 100
96 153
80 236
56 246
59 256
94 226
79 84
249 74
117 280
194 49
56 226
213 228
95 214
163 76
55 74
253 39
13 203
108 271
85 167
5 101
191 60
71 57
135 97
148 194
272 67
95 200
223 204
6 16
144 203
117 145
158 135
90 226
274 69
163 5
93 126
292 87
261 179
181 259
249 141
15 118
65 228
61 124
84 19
174 269
204 229
5 83
230 86
161 295
24 147
125 11
7 16
271 23
70 32
94 270
138 36
160 42
36 284
46 175
10 239
4 94
186 111
266 262
291 289
251 12
76 200
33 17
48 116
235 294
85 209
93 169
240 238
263 36
24 129
266 186
95 151
68 15
4 26
43 238
246 89
56 25
185 47
232 45
166 210
185 269
101 145
52 255
244 167
280 177
213 296
3 92
101 108
98 148
82 213
168 264
89 275
32 69
132 173
177 294
99 104
100 276
157 212
129 146
191 13
280 223
10 211
159 278
288 206
15 247
289 287
108 170
274 202
249 200
55 230
22 56
167 22
107 148
71 258
195 100
227 84
213 266
269 115
248 146
251 226
299 78
124 147
295 10
251 225
285 170
298 45
188 187
298 193
99 22
144 283
115 104
119 32
194 34
287 37
4 265
46 70
282 162
151 240
91 115
133 269
223 163
60 6
131 141
210 23
243 131
37 292
139 103
245 6
264 17
217 98
186 110
161 213
208 24
223 19
92 258
266 246
196 160
86 296
48 81
73 197
212 39
209 73
10 258
252 144
295 22
109 150
275 162
36 232
183 271
32 203
267 174
4 195
226 144
206 20
260 140
131 86
121 59
261 83
268 75
167 12
269 282
251 39
4 221
163 243
42 196
260 275
104 143
184 129
214 1
64 97
148 19
147 212
32 222
160 284
251 185
238 215
234 149
283 51
37 291
268 207
78 268
150 130
70 182
49 247
85 197
63 94
233 75
298 207
91 284
43 133
281 182
130 102
295 16
190 5
274 112
134 271
165 271
99 273
253 262
287 131
22 129
22 84
186 222
220 233
118 294
55 210
115 188
91 93
268 279
283 9
235 119
132 98
165 166
116 239
22 19
11 153
32 23
237 292
84 15
20 286
281 150
279 114
27 78
198 174
176 102
219 280
20 293
11 144
32 46
73 13
26 100
251 148
8 263
234 13
142 60
143 296
170 267
175 147
136 103
29 103
83 30
12 222
227 26
21 119
39 225
106 228
122 22
254 196
83 18
267 105
148 162
138 122
227 117
208 169
259 223
146 83
279 143
197 272
271 241
59 224
259 282
13 288
206 232
97 59
163 282
265 88
293 57
167 252
141 72
6 143
89 65
271 142
66 12
175 183
42 294
139 261
141 130
281 71
43 202
77 209
209 221
77 262
133 110
152 155
222 267
153 271
163 156
169 259
265 259
117 104
24 22
295 1
66 156
160 117
118 67
199 165
174 206
245 92
35 114
79 235
234 198
295 246
297 266
29 253
99 50
29 238
287 298
215 208
297 215
156 237
159 17
208 227
187 54
224 32
177 128
230 239
28 20
249 225
156 43
126 143
292 30
171 10
280 3
25 31
167 80
275 163
26 9
4 250
73 51
132 126
36 258
126 145
34 111
120 273
108 221
44 87
76 7
74 2
76 114
206 260
21 200
84 46
39 155
86 271
24 78
98 131
85 280
204 150
166 253
43 96
267 90
89 278
5 39
248 96
33 253
58 244
206 290
279 202
291 33
80 93
80 55
51 21
15 279
100 178
12 143
167 154
204 67
241 282
161 66
140 299
70 145
50 238
298 78
194 67
38 252
258 99
36 26
288 265
59 192
275 193
60 264
243 26
246 288
16 117
108 162
98 173
279 47
217 162
116 38
33 282
106 161
113 239
126 190
206 163
105 221
273 201
271 9
91 246
181 266
5 224
145 167
263 25
45 218
196 273
101 103
296 194
69 278
53 25
255 30
195 167
1 215
180 234
108 117
54 179
284 51
116 227
14 240
189 21
102 225
46 240
278 58
108 128
95 44
139 287
179 277
163 38
44 172
106 192
5 85
132 275
288 169
193 141
293 110
276 285
156 241
244 18
70 296
73 277
11 275
176 187
154 156
165 10
220 129
119 29
228 70
247 138
53 140
99 14
101 117
268 116
142 29
77 150
51 146
255 249
254 67
133 207
177 200
71 268
203 160
190 262
1 119
130 103
90 293
129 260
89 231
295 77
249 77
40 185
207 145
97 105
258 151
68 261
89 253
203 169
217 261
54 140
117 285
89 87
279 266
113 126
163 100
256 125
85 240
98 179
204 182
163 60
9 155
82 260
45 294
71 96
249 51
140 67
51 31
299 94
156 174
294 67
200 162
294 113
72 120
150 123
138 220
220 158
122 73
292 213
53 296
34 264
268 284
13 232
58 55
206 205
179 150
53 283
86 195
262 53
40 60
187 211
178 188
188 213
228 214
138 188
194 221
5 276
61 2
126 35
121 167
70 195
138 172
114 246
140 147
245 281
153 245
227 54
91 62
93 110
274 149
10 17
171 251
72 237
239 71
235 175
40 232
56 121
246 194
252 112
24 16
204 254
271 133
274 262
152 193
265 20
214 248
169 32
164 41
294 101
225 28
81 64
39 218
137 143
87 210
103 119
191 27
285 42
292 120
85 250
117 236
75 149
111 57
169 254
4 12
255 154
288 159
136 35
12 70
69 58
148 104
277 20
74 122
289 205
80 285
96 232
122 220
205 269
48 46
293 26
71 18
151 115
247 126
147 96
299 38
193 70
196 177
155 192
184 241
205 250
143 151
155 134
73 121
142 162
99 6
154 81
200 201
43 127
144 65
127 256
259 231
53 54
285 161
201 237
267 183
99 265
265 260
73 55
212 99
248 285
30 1
89 299
213 179
18 9
32 97
193 296
37 11
61 280
65 192
115 88
154 217
133 122
239 43
260 292
50 18
279 228
150 64
288 211
298 122
218 288
182 221
11 17
140 58
240 226
232 244
217 29
24 251
297 235
120 197
289 161
188 202
218 260
82 63
58 109
131 268
186 196
216 103
155 92
158 89
171 59
138 296
222 203
29 144
179 137
231 243
11 55
155 97
297 298
219 15
28 220
250 51
66 274
102 27
175 250
155 264
34 147
90 25
52 221
294 36
289 254
65 55
122 206
223 174
47 153
150 189
57 140
274 131
171 155
56 279
220 222
286 129
224 150
159 259
237 234
62 214
239 68
195 43
32 90
98 267
42 68
299 135
297 109
183 54
243 102
92 171
99 105
255 9
152 4
221 42
150 23
275 164
160 52
156 164
272 127
256 92
218 213
25 129
285 100
185 103
213 260
176 5
116 224
66 30
108 0
124 156
53 237
180 219
61 270
109 31
84 203
260 78
35 131
164 58
226 278
125 202
161 126
280 281
14 87
222 297
68 173
136 173
267 141
8 111
122 55
204 155
266 251
189 38
63 258
57 218
270 189
34 58
271 175
211 23
161 79
92 277
32 153
148 266
203 28
104 102
177 287
248 258
275 145
121 148
92 27
22 43
144 120
220 206
256 90
281 82
92 26
32 173
239 166
216 265
205 260
250 20
254 42
243 141
69 97
200 182
77 256
110 25
123 143
286 145
86 127
126 48
281 20
176 108
192 88
223 129
253 59
38 15
182 241
283 37
169 73
159 70
68 150
298 284
44 228
67 274
164 158
132 80
100 158
255 296
263 193
281 127
18 94
191 25
173 37
86 106
54 266
189 32
95 277
21 148
75 146
241 219
126 215
31 228
89 177
165 198
81 239
245 77
122 144
121 113
50 277
285 269
131 295
46 185
223 122
123 21
267 8
217 235
266 40
184 30
4 153
216 227
37 74
287 77
26 64
152 179
151 110
143 97
107 293
191 108
184 1
181 253
88 262
202 52
255 257
69 270
67 252
232 145
72 38
191 16
103 257
204 28
23 195
123 212
154 266
140 201
65 239
7 206
215 118
46 67
188 0
242 200
105 38
166 183
214 38
138 137
188 62
40 290
262 160
111 269
285 50
9 170
172 274
266 225
158 254
8 96
135 61
298 68
66 19
28 249
167 266
53 127
174 52
187 101
269 296
176 84
219 73
14 157
57 103
270 203
225 42
163 244
222 240
202 122
284 77
77 193
42 143
170 123
12 155
221 283
18 101
25 234
212 34
198 34
19 57
252 55
190 181
220 3
3 287
182 8
182 245
228 217
215 223
36 118
274 169
33 211
61 33
267 53
91 24
128 211
4 276
219 161
130 229
32 296
39 30
81 268
295 75
191 298
221 107
100 54
122 216
14 131
110 149
139 199
123 38
123 81
227 233
60 235
226 81
221 92
16 17
28 184
62 159
48 222
266 45
54 229
160 182
21 202
85 67
216 68
2 171
199 69
52 84
131 291
47 127
212 0
88 160
86 193
112 257
280 209
87 130
158 235
86 42
13 159
252 205
104 232
28 229
113 90
6 141
203 43
182 275
114 33
17 20
63 223
284 145
118 192
260 11
76 28
72 246
261 16
296 118
109 25
167 106
211 186
43 38
177 223
195 102
79 116
100 277
142 190
143 231
185 27
82 189
147 240
220 68
280 286
39 76
101 298
260 122
256 116
28 209
9 184
8 72
4 16
113 245
113 13
191 207
261 26
179 159
17 73
286 112
144 166
47 291
258 152
28 31
37 147
257 295
239 164
14 188
5 191
262 104
195 128
27 24
156 242
132 71
141 68
215 240
78 283
217 105
55 193
126 20
192 30
193 1
50 130
287 85
188 230
239 17
2 266
262 103
44 66
40 242
101 252
237 172
19 269
8 66
66 253
185 129
148 141
43 204
236 87
282 285
104 85
157 221
193 9
53 109
277 265
32 148
195 111
43 163
115 81
2 46
220 276
68 145
241 146
292 40
48 199
198 98
242 96
110 173
64 91
297 260
57 275
27 231
77 17
169 86
190 34
222 253
205 13
80 152
280 95
287 92
175 182
241 250
269 206
244 247
225 125
171 95
245 248
249 76
288 167
244 229
196 108
221 133
190 19
2 147
129 179
93 23
43 87
58 72
136 233
79 55
127 26
240 154
187 266
10 184
47 271
189 233
283 265
278 282
166 93
192 84
285 228
107 193
137 77
147 296
136 249
10 134
73 24
163 115
9 62
19 75
187 224
231 204
237 208
110 283
242 14
74 10
160 235
118 31
80 151
93 188
110 185
150 59
114 83
288 244
33 92
133 167
138 226
62 74
159 223
254 31
47 41
130 58
11 87
184 208
272 29
35 42
108 136
227 150
141 27
107 142
280 105
247 98
116 138
286 167
56 288
253 94
266 210
80 44
261 149
244 67
298 70
16 259
243 249
136 283
94 41
292 0
55 206
71 133
93 72
150 17
294 269
40 272
220 279
171 217
238 106
284 110
92 28
261 38
136 187
171 71
203 273
90 108
246 283
122 46
83 223
298 226
230 138
54 237
261 73
113 98
54 70
100 66
227 262
8 36
10 135
0 124
32 268
111 87
73 23
280 293
22 272
135 41
12 166
217 68
198 94
47 171
6 296
44 258
52 40
264 58
225 68
185 290
25 159
73 258
162 13
272 50
198 93
73 182
213 274
91 233
63 2
204 123
91 265
158 69
228 203
217 127
254 250
195 274
207 38
233 21
79 269
43 240
128 214
152 297
280 168
18 159
33 258
86 268
186 82
239 191
64 21
53 251
273 6
219 268
247 63
146 18
66 133
5 271
79 67
276 68
109 15
76 64
221 50
111 156
226 54
256 185
107 0
165 272
143 74
81 298
120 37
187 35
178 0
36 171
87 181
50 213
281 288
13 244
142 294
150 99
82 1
65 225
168 56
289 185
212 142
129 195
175 76
100 23
290 242
232 205
1 177
64 299
237 92
136 143
157 172
113 237
212 15
90 151
214 70
284 232
206 147
139 144
120 266
24 264
52 249
229 282
105 153
225 232
76 259
230 243
242 98
26 143
175 17
83 168
173 109
164 128
123 139
172 13
53 100
81 211
25 253
36 139
237 91
79 93
64 277
264 144
18 85
255 41
276 178
285 151
276 145
92 139
245 297
243 129
73 82
100 63
76 95
11 222
163 29
98 2
144 232
118 264
203 12
120 216
221 212
268 265
131 57
185 199
54 290
138 196
91 282
147 139
167 10
25 245
271 297
88 204
128 253
203 192
108 51
91 264
64 187
4 207
197 91
149 200
211 83
217 232
193 119
22 154
204 290
5 209
262 255
79 282
234 92
186 30
204 210
159 143
101 60
273 93
205 114
36 32
154 288
218 13
98 25
223 240
8 32
283 121
42 132
211 253
9 208
34 124
277 68
64 156
248 15
11 106
244 20
55 155
169 110
57 159
132 22
221 208
261 110
10 252
116 9
247 10
16 277
41 179
205 179
264 288
95 36
221 289
115 31
7 48
31 72
296 155
229 118
228 91
179 180
219 154
184 166
248 278
76 31
267 41
245 193
41 152
215 214
180 145
198 75
168 257
96 165
170 296
200 98
13 5
265 225
99 223
99 201
279 48
161 279
219 38
193 195
70 237
224 247
202 36
124 186
246 238
275 218
220 289
255 283
118 81
218 82
70 236
106 159
52 22
259 67
79 228
229 278
269 273
297 47
179 80
118 251
62 235
96 57
207 72
272 101
149 213
70 242
211 31
154 203
181 21
253 127
199 180
2 210
32 261
258 61
247 152
40 105
92 90
256 39
83 263
236 68
252 133
201 185
173 142
253 100
203 77
285 286
83 47
35 120
214 190
238 164
136 217
183 81
22 27
196 59
152 212
83 271
22 205
289 5
188 242
64 65
50 6
80 123
3 141
253 278
58 255
115 74
167 274
283 113
275 106
272 83
264 11
8 107
119 159
45 114
192 144
156 272
174 81
31 81
240 30
279 117
154 61
82 176
75 42
177 217
163 91
232 75
82 11
204 145
198 40
270 288
285 49
252 89
130 245
127 67
128 62
85 64
75 58
160 288
22 85
2 143
65 169
41 275
294 129
191 80
14 111
258 196
105 116
230 130
254 215
267 121
165 286
71 55
69 136
97 84
270 290
230 48
202 138
257 66
101 173
18 130
158 39
103 90
2 115
34 20
290 162
240 244
32 180
253 240
136 52
191 64
262 29
292 197
40 177
172 95
45 136
31 202
153 70
174 186
50 206
218 100
228 199
229 221
72 276
217 196
57 172
285 221
267 125
126 254
246 84
32 16
256 296
60 149
200 128
287 12
237 128
160 209
264 26
145 91
33 249
71 224
272 30
199 178
125 136
79 237
209 31
112 174
207 295
269 264
295 279
164 175
183 71
188 108
124 129
187 215
2 202
186 14
39 134
147 122
198 124
14 139
145 285
1 261
0 13
110 274
280 68
7 22
265 239
25 21
194 108
83 1
251 153
280 206
286 82
111 172
3 176
272 225
138 90
113 60
232 63
147 41
61 237
268 294
92 21
81 188
96 255
155 256
144 155
140 270
27 283
93 270
159 225
217 269
218 209
7 91
296 272
35 99
83 296
15 103
93 144
204 246
202 7
163 224
92 262
42 70
31 20
138 168
133 214
297 8
75 0
162 274
57 183
191 29
99 114
167 53
254 146
5 196
278 236
91 70
210 297
232 33
195 17
87 280
92 72
273 213
230 217
20 200
91 227
198 243
68 78
24 136
145 67
227 88
102 287
212 292
94 57
96 104
291 230
275 196
138 197
8 195
284 174
21 118
53 65
10 68
46 195
52 114
218 139
214 71
66 80
208 55
215 110
45 297
65 73
25 136
290 255
72 17
78 81
1 37
261 116
209 198
8 293
56 262
49 157
276 293
99 30
265 298
12 19
260 79
153 130
1 278
134 279
285 272
158 212
107 155
84 86
286 103
235 25
254 200
240 160
282 271
95 299
226 112
75 117
111 205
185 195
238 94
89 0
135 264
85 205
4 132
71 256
191 72
240 246
164 176
263 65
180 268
248 277
41 231
253 167
124 203
53 242
156 155
86 29
146 81
152 29
254 131
129 140
277 223
47 210
251 243
192 117
20 139
55 165
23 272
45 43
84 185
54 79
286 1
92 107
81 47
18 124
248 198
293 239
23 233
83 65
242 152
15 36
162 70
12 8
264 231
146 181
188 101
193 229
219 135
121 290
247 96
101 50
89 166
279 142
153 72
79 285
258 296
168 9
226 236
237 211
220 16
104 249
76 193
81 241
12 15
223 278
61 81
161 70
162 229
60 234
28 213
86 92
244 261
287 2
29 273
156 297
163 79
115 101
0 15
211 197
223 189
297 283
137 15
56 132
277 131
17 194
255 83
85 49
172 235
271 141
219 210
1 46
296 286
203 267
223 290
253 81
38 115
283 85
285 236
279 288
107 150
114 254
290 29
16 269
246 242
177 290
1 0
167 140
295 241
12 272
66 2
171 267
59 50
268 61
126 62
251 0
223 214
128 9
278 78
91 103
57 196
208 253
93 88
250 48
48 168
87 141
93 103
9 65
212 130
273 257
290 111
221 259
169 84
170 129
234 267
76 13
98 153
73 196
133 14
289 241
131 43
156 96
209 271
281 90
108 44
263 44
101 114
209 200
176 236
172 144
179 102
167 226
298 92
211 61
100 41
262 118
123 134
297 231
194 93
88 7
183 3
156 225
89 75
1 122
223 79
255 149
242 216
84 275
245 191
47 163
45 215
65 189
232 150
19 62
119 153
287 48
12 158
59 212
111 7
222 191
120 119
47 234
178 250
83 187
283 209
59 11
41 24
196 220
239 264
19 3
108 284
78 150
95 282
263 239
245 26
152 272
102 213
276 154
68 268
207 115
62 294
111 176
75 55
154 16
146 53
210 291
48 275
136 12
247 73
92 153
96 149
149 134
19 209
228 83
23 275
122 154
224 137
279 122
59 268
217 215
61 40
250 146
15 243
280 89
217 277
30 142
289 127
151 56
98 232
17 245
25 210
284 230
107 261
120 245
250 181
200 293
296 4
183 211
132 26
160 24
55 103
28 105
223 295
216 76
58 119
76 288
44 142
253 19
274 13
58 14
82 181
168 251
38 92
84 53
147 222
191 151
36 221
49 272
245 268
214 269
34 145
43 142
70 191
90 250
145 210
210 208
194 135
164 203
177 185
22 155
238 70
119 243
12 285
250 59
216 35
153 228
290 246
207 92
73 230
215 228
135 204
4 49
180 259
146 128
130 128
12 208
0 298
54 10
131 270
8 64
187 128
278 164
212 19
109 52
96 108
32 201
199 150
189 229
118 220
255 193
162 154
160 133
286 115
259 58
278 171
246 159
58 2
57 237
64 166
6 69
279 180
18 206
14 222
58 168
196 219
266 184
171 82
111 270
282 188
33 177
220 9
132 279
123 2
231 145
35 163
29 73
3 34
18 57
82 105
160 91
59 47
113 227
32 107
199 55
43 101
172 46
128 96
15 221
35 207
238 204
253 289
38 7
194 189
195 47
250 22
39 271
224 188
208 89
4 254
9 61
59 219
18 8
59 117
2 79
100 75
197 145
183 17
181 244
3 297
220 197
156 8
289 232
136 153
141 280
260 4
69 30
75 1
252 230
72 95
273 157
189 218
155 255
28 228
178 72
171 277
155 117
107 180
164 17
13 246
250 189
93 245
162 238
252 113
226 299
227 287
231 168
284 196
175 80
81 131
32 142
128 101
284 23
43 3
24 229
14 164
128 168
202 271
65 211
27 151
122 281
11 147
71 269
249 271
129 256
29 166
212 6
203 263
220 151
166 25
247 147
202 54
99 297
158 209
107 299
156 244
112 222
53 264
177 194
299 112
208 141
227 5
226 162
102 164
8 9
137 44
87 116
285 5
116 110
28 269
235 120
226 159
137 114
113 189
119 224
231 239
266 139
279 92
179 246
194 73
9 269
107 254
202 114
106 249
30 112
116 106
21 74
161 21
0 269
289 55
58 148
68 99
105 200
246 12
222 291
126 281
46 134
16 205
100 113
15 55
104 87
65 196
19 178
198 260
44 102
35 189
126 280
250 2
146 163
277 123
120 69
105 93
59 193
35 261
159 194
214 57
195 7
37 88
4 7
83 144
124 288
176 85
90 230
85 253
35 254
183 94
185 4
215 46
92 74
250 164
154 111
173 27
181 19
118 240
112 262
77 27
287 184
89 81
214 138
74 216
16 126
11 210
106 135
189 130
75 145
92 7
158 169
257 263
154 148
220 58
26 285
64 265
53 277
7 96
102 89
118 188
132 105
56 114
254 68
219 111
83 198
221 185
194 195
203 59
250 18
186 107
106 56
107 127
19 130
237 31
289 200
53 200
74 190
86 149
239 181
26 77
262 162
52 83
22 179
194 213
77 285
229 289
220 132
101 65
15 59
215 160
70 263
243 3
232 235
271 104
155 217
12 28
283 277
223 192
169 289
162 203
205 99
215 60
172 26
299 75
247 94
272 125
167 114
14 18
11 58
149 126
57 208
7 254
169 113
195 152
169 188
83 257
20 196
290 207
251 250
29 22
156 144
97 147
84 1
30 225
291 177
255 171
13 156
117 12
233 145
94 228
31 54
107 277
296 109
85 8
128 88
228 27
66 169
282 132
71 274
261 231
9 287
299 68
251 163
131 47
64 213
89 57
100 73
42 90
271 94
27 75
132 148
166 0
212 2
20 23
39 110
270 82
40 88
179 146
145 235
59 201
121 274
43 291
163 90
33 214
64 59
156 227
2 155
14 276
43 21
240 7
166 188
26 82
230 268
276 146
230 219
238 89
163 202
35 250
52 144
143 176
292 154
59 74
223 284
67 89
200 45
263 88
222 256
62 27
100 97
114 67
229 83
136 234
185 217
59 141
167 188
3 21
164 65
116 225
137 134
63 185
195 66
110 247
152 219
195 205
166 189
195 151
233 144
244 236
183 253
293 154
295 136
191 292
265 256
285 169
106 59
75 152
253 113
150 295
208 187
141 58
121 183
118 236
167 20
256 136
231 222
200 90
295 270
37 174
120 288
17 228
267 212
105 233
76 138
176 131
271 207
154 173
47 92
137 167
237 147
3 113
132 157
30 37
129 262
122 249
104 254
15 277
218 19
44 99
293 244
9 54
10 94
225 240
131 186
46 160
204 17
57 225
140 8
24 195
73 112
219 22
195 79
110 252
207 172
33 107
166 5
27 218
155 6
98 33
170 149
80 71
203 282
255 147
135 248
266 56
278 240
30 288
283 68
293 123
275 245
143 108
152 166
25 34
213 13
247 204
262 48
146 124
24 179
263 214
5 17
136 218
144 146
66 24
282 112
286 107
249 214
148 64
214 7
141 207
240 279
228 184
153 157
41 63
125 236
219 173
83 7
280 187
237 200
37 235
251 68
90 101
27 245
43 175
196 274
262 13
296 252
12 189
27 269
48 44
243 88
191 152
225 261
95 89
23 19
20 253
247 18
203 62
213 199
261 189
137 297
54 32
38 107
253 206
25 103
167 219
31 219
221 227
28 161
192 150
260 9
12 227
195 187
201 203
90 222
23 239
215 112
109 237
100 268
217 248
194 197
266 159
180 22
23 157
285 121
284 18
230 298
108 97
94 284
208 248
128 192
264 28
262 258
254 32
6 258
298 201
8 230
9 286
119 288
236 38
262 84
296 66
228 80
110 77
214 153
200 5
40 38
167 294
296 242
242 289
228 195
101 146
18 255
294 284
147 197
20 113
220 238
84 234
86 139
204 54
207 202
203 155
217 2
107 181
200 30
86 102
126 69
231 295
277 169
60 299
193 49
109 75
20 112
61 159
0 179
289 29
129 244
213 252
293 44
217 247
140 15
213 21
13 47
53 156
110 131
31 134
188 96
236 154
12 266
217 265
6 27
251 107
298 273
66 3
207 178
277 259
172 205
171 213
175 106
60 65
154 39
152 63
190 292
123 296
135 55
132 250
52 200
287 167
121 168
231 29
106 126
290 30
182 280
135 266
4 165
253 170
19 240
88 298
65 120
277 229
257 122
231 63
157 119
137 276
263 85
44 193
251 216
80 162
146 135
175 130
244 12
97 240
242 192
164 243
90 164
149 180
219 294
261 168
57 60
1 57
242 27
248 24
122 183
76 276
172 117
195 125
29 221
110 162
285 200
103 277
242 209
100 80
298 275
232 127
211 41
130 237
85 187
297 41
173 261
153 294
87 284
193 39
16 87
19 197
74 53
67 268
227 259
108 113
296 72
228 167
97 235
135 288
167 229
175 9
80 33
10 238
249 90
40 173
25 120
297 78
0 38
91 43
94 52
113 271
16 47
66 229
91 199
181 102
268 138
166 44
87 294
42 114
76 69
264 272
209 187
52 217
6 272
206 167
1 175
175 174
179 199
219 64
162 48
154 166
80 135
59 10
34 153
202 116
236 272
8 174
18 113
235 132
125 151
30 91
294 247
228 114
31 110
228 252
185 226
8 214
60 143
8 299
101 1
89 269
72 236
181 225
259 176
128 83
45 198
106 95
70 123
135 13
12 68
125 294
225 288
178 14
69 202
74 298
171 248
295 238
39 87
254 97
257 185
127 39
288 20
225 245
266 80
58 113
223 222
75 243
117 215
87 196
158 31
44 31
127 51
33 137
172 168
279 200
253 204
17 272
156 30
277 270
233 184
223 29
167 241
123 92
67 18
149 158
57 290
62 166
190 226
42 161
58 64
297 230
25 229
144 33
28 24
32 181
290 55
274 271
148 37
136 247
80 199
290 202
65 276
156 253
109 36
195 207
145 4
198 6
100 20
134 102
153 106
208 163
82 170
218 195
289 174
98 144
144 265
49 117
31 17
219 41
278 34
159 59
172 74
268 225
158 87
205 29
250 102
274 289
199 108
120 142
283 264
208 100
266 245
144 38
201 189
198 187
104 296
40 281
151 234
95 291
79 252
239 115
136 78
296 209
97 286
186 295
228 212
181 192
181 292
210 111
45 79
4 37
26 57
115 16
262 24
289 104
126 45
105 158
60 82
237 256
69 167
11 63
272 260
48 111
148 115
252 7
23 267
144 190
220 199
65 183
278 213
4 251
58 174
271 69
139 151
176 225
47 261
152 83
124 17
7 161
270 179
111 29
13 121
150 263
148 39
213 165
174 200
34 230
52 184
157 118
172 41
56 19
50 40
165 13
222 54
152 90
183 259
91 120
147 282
257 247
12 102
43 181
243 42
88 48
168 245
164 114
57 247
98 143
295 70
38 67
293 109
116 56
178 49
116 76
269 170
19 230
272 253
156 130
52 159
195 65
63 17
223 16
101 126
83 123
260 127
30 43
116 257
296 77
77 185
114 95
160 278
134 245
257 73
112 126
118 117
91 178
145 65
38 49
231 251
79 16
196 151
72 156
289 123
258 137
45 173
298 41
188 66
29 19
23 85
53 201
237 155
174 146
258 52
78 243
150 285
79 194
268 272
80 283
129 83
68 0
145 53
28 215
105 243
218 131
288 15
267 261
5 135
276 23
226 277
285 44
184 17
21 47
66 135
52 157
51 233
70 167
182 59
61 65
259 66
121 260
87 69
16 251
244 100
196 63
133 123
275 1
154 278
231 285
178 283
144 295
111 264
206 64
195 121
182 184
253 203
259 278
46 268
169 55
262 128
208 104
256 161
190 13
56 185
130 98
182 130
291 21
178 206
201 132
65 104
241 128
173 147
259 47
206 198
7 3
15 203
256 16
251 162
60 3
29 0
7 120
271 296
181 214
182 40
214 218
78 88
50 296
135 236
99 275
59 56
265 80
57 97
24 1
167 32
116 282
55 194
199 181
227 234
24 79
84 233
135 46
51 203
124 202
125 86
139 81
152 50
51 82
137 177
291 238
196 135
50 227
80 19
259 55
15 116
5 257
179 187
158 215
169 23
298 12
90 180
59 151
54 173
95 145
61 206
62 25
223 157
185 232
204 212
56 30
251 5
44 189
160 299
100 232
169 266
299 193
178 170
24 231
130 100
149 66
76 245
190 98
296 25
52 128
74 80
77 220
215 199
86 157
243 152
288 92
120 49
214 156
99 15
202 232
110 246
178 140
46 126
240 107
128 100
129 233
113 89
11 225
143 295
274 73
276 269
198 268
238 34
118 76
30 140
139 136
154 108
246 184
250 168
31 65
83 266
56 187
292 243
97 178
289 268
222 232
269 213
287 243
236 11
213 139
92 238
153 280
269 143
285 126
80 244
158 73
231 180
137 40
278 257
277 1
298 95
142 234
200 41
88 76
94 125
206 43
135 231
6 194
40 104
289 42
248 229
114 100
299 32
225 29
168 91
4 41
191 169
264 116
194 104
177 56
197 171
220 204
239 219
50 56
219 61
114 192
262 213
176 122
20 30
175 239
286 187
53 202
197 277
68 51
257 99
29 101
162 266
82 235
206 46
126 227
260 120
256 104
247 293
280 127
210 182
162 138
214 19
226 33
76 61
258 230
190 167
260 33
55 26
203 73
295 240
200 208
124 126
122 293
12 42
290 248
63 164
159 189
120 113
67 221
79 143
49 256
7 17
234 284
262 269
151 77
293 272
29 235
151 152
276 19
172 64
88 285
150 67
139 25
170 102
195 259
166 4
16 22
56 291
179 192
193 247
284 163
287 1
184 171
78 63
173 83
61 216
298 8
204 51
53 244
66 231
96 29
271 245
239 18
271 270
247 9
170 58
67 263
252 262
272 263
257 262
101 75
29 104
216 123
55 200
27 252
202 121
4 101
83 29
258 0
230 53
49 133
228 211
206 207
81 153
24 11
161 224
193 143
176 22
227 8
16 26
36 173
260 164
90 263
68 18
128 1
88 113
38 44
117 23
163 245
131 228
226 63
131 103
14 237
62 125
205 262
122 177
50 138
41 237
176 95
148 34
270 204
190 112
100 198
157 10
258 104
17 18
91 100
21 27
9 63
8 192
166 291
164 206
120 127
3 154
82 85
152 6
34 16
14 105
6 175
4 108
53 254
230 171
161 276
200 161
12 44
275 38
66 6
73 131
296 62
89 215
281 270
261 220
4 20
36 20
49 89
169 143
143 247
170 109
182 222
175 240
246 139
42 25
143 50
130 228
287 195
260 159
95 42
172 272
10 217
56 206
229 254
34 207
146 22
206 172
173 262
127 110
44 288
17 132
293 230
232 198
182 158
183 96
85 75
180 299
176 73
142 161
289 71
103 168
167 277
218 182
131 175
196 297
69 141
158 166
280 151
261 72
132 33
1 133
129 221
88 13
201 278
145 8
136 174
161 259
55 175
240 239
296 245
185 54
274 54
109 149
107 269
35 284
295 178
105 74
51 276
50 42
199 67
186 54
224 108
253 15
160 53
147 94
219 110
267 16
69 93
54 233
45 53
178 29
121 125
76 38
203 128
204 255
50 104
250 261
233 188
99 135
38 102
28 81
286 62
108 138
74 9
196 259
124 24
178 125
269 14
227 285
249 222
44 230
118 18
293 53
286 57
255 140
101 142
231 13
271 222
25 69
78 180
225 71
46 263
216 148
281 168
119 112
139 268
215 286
160 283
279 153
172 211
60 77
185 125
29 246
162 187
282 160
62 258
54 170
71 49
226 108
156 179
124 106
36 69
290 134
291 188
112 29
291 142
257 139
205 144
131 261
200 281
33 105
269 154
114 153
172 268
45 260
214 183
89 153
122 254
164 182
128 33
57 22
17 254
26 184
25 149
105 146
38 254
150 205
95 154
273 280
102 110
245 135
48 104
259 120
254 274
97 271
130 137
61 103
92 241
70 2
205 35
59 48
198 185
229 177
179 218
212 236
210 74
233 110
64 16
78 16
156 232
295 130
141 286
9 88
140 158
12 274
299 267
75 240
67 185
193 21
137 232
67 226
71 36
13 146
120 149
241 116
215 210
95 109
95 19
272 205
63 184
149 153
124 181
219 42
127 180
50 140
281 159
168 240
275 271
52 124
297 279
21 284
277 279
118 127
14 69
252 225
144 169
139 15
185 163
287 193
284 144
192 34
28 280
262 292
197 284
220 168
180 86
122 33
5 275
139 116
284 29
84 265
51 218
269 280
286 284
262 295
170 114
264 140
292 200
174 140
33 205
58 273
87 137
105 294
98 128
141 146
221 11
267 33
86 28
8 158
37 116
172 248
138 285
165 219
6 267
220 184
136 261
87 105
229 48
122 212
13 27
108 34
137 264
31 288
50 228
29 118
138 78
29 49
266 140
151 207
146 198
206 248
255 173
218 102
145 36
184 135
160 17
98 284
298 178
145 183
79 109
109 104
204 261
16 219
256 120
49 12
194 297
34 113
168 176
88 269
251 17
117 153
238 286
237 40
38 51
168 152
162 14
96 109
141 90
26 294
128 249
20 120
20 269
3 82
37 70
56 160
284 20
27 293
267 14
245 54
262 181
219 44
92 215
8 275
161 23
200 27
184 247
83 287
239 103
237 124
27 240
90 234
259 117
230 287
22 93
31 85
32 102
19 210
189 220
238 169
275 175
158 296
0 295
201 231
215 62
208 271
207 233
46 233
295 245
118 190
169 197
142 241
125 221
251 264
88 178
128 205
167 94
103 76
21 191
148 88
8 226
78 117
191 118
277 152
53 14
215 44
129 60
145 82
183 117
80 261
39 49
51 208
168 198
283 128
257 240
247 225
133 157
21 94
275 28
87 22
138 231
114 244
70 175
229 191
209 292
100 254
186 264
32 178
67 111
214 35
139 137
191 112
29 77
276 113
217 106
284 200
64 131
197 242
63 270
72 6
167 205
122 88
280 186
166 63
196 253
194 117
277 72
48 208
91 78
83 194
64 142
177 135
20 268
190 260
2 299
0 279
260 195
24 247
21 99
102 141
246 126
164 120
57 129
142 148
275 188
192 58
109 57
244 168
193 4
115 79
239 111
290 107
179 229
276 126
109 91
96 290
60 280
154 44
193 99
247 103
26 238
56 36
210 155
141 270
237 137
236 200
241 35
158 290
205 236
129 32
201 39
69 49
169 76
47 8
120 165
247 82
237 158
64 290
258 17
243 83
60 96
199 12
163 199
252 191
7 268
148 105
6 219
136 113
26 218
66 233
145 168
94 108
49 274
272 14
298 25
145 12
72 151
272 189
86 275
105 41
37 20
60 232
71 16
212 10
211 47
12 231
48 280
72 235
265 54
78 156
146 25
263 102
213 241
72 98
249 234
80 137
19 122
116 287
238 158
171 165
215 167
194 198
63 138
57 251
232 199
218 186
102 124
210 188
222 115
254 195
207 23
151 194
264 68
232 64
104 218
172 244
204 26
73 168
80 78
234 110
190 65
294 152
24 21
56 23
273 28
128 10
164 149
243 175
191 205
217 276
7 90
169 234
292 106
125 41
225 20
12 220
247 62
228 231
229 298
97 128
254 198
76 263
264 61
185 32
2 124
179 244
96 161
86 189
68 23
10 115
287 213
32 179
217 283
272 139
153 82
63 286
137 30
246 54
255 123
180 216
259 12
156 29
30 13
237 151
278 179
59 235
109 92
113 144
204 292
132 99
61 55
127 88
266 208
55 139
145 170
102 286
156 191
204 214
42 273
238 282
90 133
275 31
33 208
34 167
31 162
247 46
20 236
255 276
139 152
12 279
163 273
143 187
108 22
8 270
252 65
168 41
82 114
172 154
275 176
30 129
198 261
237 59
204 93
170 20
245 152
269 58
264 207
211 293
163 140
25 240
228 99
70 142
175 39
67 83
197 232
14 65
285 181
291 274
77 104
179 49
168 33
94 43
210 24
279 222
84 299
190 66
125 60
101 215
164 185
229 32
295 43
127 221
224 208
257 251
257 276
266 94
164 87
238 159
153 150
266 267
249 85
238 120
73 76
153 166
139 83
205 19
171 191
213 167
27 192
121 282
4 126
131 199
298 106
146 218
130 54
33 269
82 35
170 208
164 240
2 175
66 21
117 202
136 226
104 286
282 71
204 124
267 245
51 119
184 20
89 228
225 230
283 0
171 161
173 8
169 175
171 185
275 293
202 129
21 172
285 271
220 230
128 99
252 216
221 51
256 277
216 162
6 19
190 131
254 266
227 49
271 7
71 145
80 120
124 1
295 159
230 97
216 191
181 71
10 44
163 117
89 35
253 70
226 35
21 290
254 93
206 99
20 86
246 143
14 9
160 292
256 7
155 120
163 216
59 252
279 10
256 26
234 192
238 299
283 299
240 98
43 49
70 72
132 85
260 234
63 14
67 39
269 52
80 36
192 4
105 111
77 136
24 154
224 7
88 195
80 197
230 11
262 267
95 279
269 130
193 147
99 288
153 23
252 33
71 13
7 44
104 204
59 269
149 236
35 178
154 32
15 242
63 161
51 280
245 129
262 297
226 294
298 35
191 147
137 247
96 1
233 6
141 105
26 150
288 142
118 196
45 190
155 297
211 1
168 27
36 279
158 62
87 207
13 193
28 188
235 91
48 221
68 125
203 291
97 101
182 278
146 17
176 139
51 179
182 261
31 238
220 185
219 206
210 151
18 273
198 202
170 266
245 218
4 186
224 84
15 141
191 22
91 202
158 184
152 234
110 126
243 149
44 173
89 142
204 299
244 220
260 116
229 147
41 155
1 247
95 287
26 162
10 82
150 74
153 238
2 103
166 52
98 146
246 289
238 33
137 221
216 186
152 198
270 245
122 283
191 86
126 166
190 78
110 85
155 31
268 262
249 86
212 187
295 250
87 50
156 28
218 285
249 63
154 80
168 31
180 21
95 15
40 217
105 289
290 128
165 49
30 21
251 291
14 166
109 169
152 261
270 238
39 245
239 178
179 88
37 46
20 194
173 285
83 51
268 269
12 108
126 192
133 213
232 216
102 160
286 32
193 130
158 85
27 81
54 286
294 93
84 291
222 294
56 60
113 43
97 242
65 130
71 101
287 233
285 149
22 189
218 198
88 252
122 91
59 205
0 4
74 17
255 271
207 194
17 96
204 10
249 155
85 233
274 57
23 39
72 167
57 187
276 252
66 45
252 149
146 85
258 42
136 268
122 50
108 241
169 264
250 240
80 62
43 161
81 198
65 220
149 199
294 80
193 165
270 261
198 276
114 63
203 7
24 140
10 273
142 116
183 161
3 49
74 34
77 117
136 20
139 233
87 45
102 137
278 61
295 112
122 236
49 87
201 190
208 142
127 185
278 255
268 55
248 291
153 35
122 239
87 235
268 54
108 151
206 274
173 157
92 202
95 5
99 123
32 163
173 52
128 226
1 114
14 114
1 107
172 61
81 232
98 181
246 241
121 175
28 33
254 47
273 272
248 279
117 109
16 133
14 163
238 157
275 165
73 40
57 95
136 115
2 109
89 195
81 178
253 32
52 156
142 230
205 0
244 222
52 20
104 213
9 259
32 121
283 281
36 237
62 35
53 114
68 111
74 102
258 65
183 68
98 257
17 71
70 229
238 60
205 17
124 123
188 179
72 171
93 211
120 64
264 205
182 236
39 16
18 98
250 89
296 151
183 209
96 123
63 97
97 251
76 68
253 74
198 245
69 113
235 257
110 95
100 216
265 159
92 267
145 80
62 21
31 148
22 174
176 150
98 14
84 6
297 180
180 129
63 77
14 190
195 296
17 260
264 201
151 149
272 3
32 249
43 172
97 34
296 251
226 34
194 142
37 52
295 189
299 58
11 272
72 132
80 128
282 28
261 156
143 266
129 190
18 119
270 47
134 276
224 174
69 50
101 195
2 53
67 113
33 47
55 219
152 291
112 13
194 96
299 262
297 118
3 38
114 267
293 274
146 180
18 211
118 60
157 131
259 187
249 261
85 193
291 27
192 95
239 11
239 282
10 66
270 17
93 230
51 60
153 161
60 214
184 87
31 60
17 249
41 106
23 231
96 129
237 74
257 46
160 89
67 267
99 40
89 157
265 199
220 178
15 264
120 271
62 167
5 177
98 120
231 188
191 142
188 123
270 32
63 137
177 94
59 143
107 188
22 141
252 219
244 103
4 78
178 65
260 88
193 132
230 29
269 96
160 226
73 107
246 280
151 118
8 70
192 89
249 201
241 291
259 77
172 11
185 192
111 263
16 279
268 6
228 55
1 90
102 228
44 255
257 131
96 196
49 168
234 95
98 63
181 173
243 203
83 241
107 206
32 150
114 283
245 274
165 158
57 232
58 151
44 207
208 34
231 19
50 111
89 137
99 121
153 236
121 265
252 92
112 265
18 283
17 133
139 203
46 99
130 168
280 76
39 106
147 0
292 54
65 251
16 50
108 48
251 92
260 98
70 294
184 229
147 220
23 6
140 190
285 17
75 113
257 146
216 134
239 254
141 18
72 224
160 188
16 100
1 92
259 132
198 262
297 154
177 116
125 209
110 258
94 216
8 74
248 47
209 58
173 137
93 109
108 99
76 173
16 118
171 256
255 287
256 36
150 84
90 14
252 22
93 153
278 24
134 1
280 112
3 277
45 291
142 163
177 22
72 263
59 13
163 34
103 87
193 102
232 14
88 44
44 79
75 164
19 136
197 126
268 23
62 64
111 132
205 37
213 216
212 69
190 59
207 113
165 278
71 69
158 54
293 141
205 57
113 193
114 174
136 277
0 10
220 11
94 17
246 53
280 230
225 155
117 189
238 189
27 42
205 285
72 27
216 62
91 147
95 294
230 253
284 63
259 286
229 120
34 117
254 268
181 187
265 104
4 222
10 11
37 175
238 63
245 20
204 193
275 189
131 246
37 106
126 209
287 208
52 59
44 60
242 94
153 124
51 185
43 40
176 38
113 216
209 235
179 44
250 194
272 180
97 91
28 265
149 61
203 227
124 239
154 299
41 122
164 152
150 55
182 192
76 9
22 269
48 232
107 149
72 24
65 115
109 11
278 198
28 32
94 285
222 197
52 30
125 240
149 215
34 159
118 104
104 78
171 187
166 105
139 149
264 76
126 86
156 228
169 278
97 142
146 280
52 118
47 274
86 137
48 217
171 261
8 237
232 165
270 293
43 284
86 18
80 238
214 152
81 227
5 26
68 62
293 37
129 225
171 45
254 28
9 22
92 50
236 262
126 165
34 106
59 80
290 95
200 244
121 221
245 23
284 95
212 227
200 12
134 205
109 165
291 154
297 227
253 214
293 188
141 237
268 286
56 150
31 173
203 174
176 134
34 277
139 201
149 254
138 60
183 98
266 27
240 144
297 189
13 275
88 142
111 16
119 65
64 34
280 150
58 235
134 44
99 277
67 81
258 216
272 211
84 71
63 180
111 163
146 216
212 31
234 6
285 125
220 251
31 283
271 154
287 65
129 27
106 191
244 43
107 59
169 293
298 255
96 67
242 292
224 169
194 141
92 233
98 109
103 180
160 149
155 214
285 233
270 83
282 227
71 180
51 201
145 11
181 66
207 89
129 182
29 172
118 222
186 164
47 0
10 282
136 119
61 25
129 189
147 163
63 203
107 257
132 271
185 86
259 35
156 123
167 84
276 241
208 111
281 131
122 162
186 246
103 240
284 64
147 35
137 37
58 214
216 12
45 197
12 107
114 73
232 2
292 195
11 227
216 217
142 123
218 86
123 286
23 120
75 136
207 258
107 51
132 283
57 142
129 28
66 282
36 133
251 106
47 154
232 52
223 14
250 70
195 242
297 103
167 37
171 9
16 236
262 285
286 178
153 298
136 104
104 43
62 144
288 245
236 56
216 219
204 283
258 280
41 12
142 298
156 193
228 162
277 161
6 122
21 235
294 159
165 182
105 287
136 9
261 61
186 48
232 192
139 182
43 103
264 119
186 253
121 49
238 289
187 39
222 99
277 245
170 31
167 161
132 226
238 226
110 184
156 105
108 187
242 266
69 279
199 142
67 59
169 294
297 133
165 282
62 209
57 87
193 2
162 53
58 261
103 156
127 240
19 92
97 170
140 267
269 250
42 49
228 173
3 177
64 210
260 288
9 245
276 77
7 138
251 214
270 286
124 86
70 223
11 66
0 254
45 101
148 283
0 291
236 85
241 87
118 259
161 89
41 81
59 222
20 14
57 12
123 43
83 247
85 273
131 185
68 154
283 20
237 140
225 238
178 132
181 182
12 267
162 137
247 281
107 274
101 293
266 44
120 175
50 36
279 145
255 234
46 20
299 265
236 17
281 161
24 152
232 297
50 268
14 193
282 128
61 8
168 120
113 254
254 71
271 186
210 285
39 34
234 35
263 145
284 124
215 190
273 17
98 6
142 259
98 263
244 215
74 19
70 187
71 61
77 25
107 162
114 97
45 147
35 188
181 34
13 148
45 143
109 180
191 275
97 195
166 27
256 86
145 238
192 38
211 86
244 155
7 221
3 239
291 128
77 281
48 113
84 41
125 82
145 73
256 128
48 160
72 77
48 18
226 285
138 141
157 181
34 140
85 164
76 235
51 84
164 125
55 128
64 9
173 69
164 192
295 23
269 3
66 36
37 66
258 18
56 85
202 70
69 62
204 215
174 87
80 84
0 142
123 28
51 239
270 190
139 161
224 290
220 5
256 32
101 102
229 185
56 282
113 85
15 199
115 100
173 30
157 26
155 261
260 295
87 152
257 82
62 121
103 26
209 81
57 2
35 143
50 53
182 282
127 167
149 108
245 37
136 294
46 5
251 124
143 189
211 275
130 210
