300 6900
186 166
91 287
215 169
94 227
60 148
182 121
285 44
151 107
59 185
70 159
154 228
16 5
214 229
208 235
202 1
115 262
78 172
259 115
155 101
188 41
192 284
149 195
169 289
297 110
39 19
50 214
30 178
30 42
5 281
269 16
229 265
127 171
91 218
208 141
201 42
204 69
86 163
264 114
43 121
268 175
114 107
192 38
112 232
59 64
257 23
237 216
227 263
196 80
125 246
188 202
121 170
192 28
1 107
16 280
256 266
293 215
123 287
270 180
267 154
267 137
141 111
248 230
240 95
228 198
273 201
116 85
23 77
51 57
187 254
283 92
79 264
253 9
190 293
53 250
47 180
81 282
123 289
281 246
241 182
215 188
94 237
274 110
242 158
207 13
88 147
163 28
113 269
14 256
96 214
90 30
264 172
200 204
134 202
115 238
182 34
31 95
69 106
248 234
168 260
0 139
256 94
176 77
128 46
258 13
44 99
142 183
188 144
84 201
178 0
142 160
267 288
173 114
102 47
292 135
43 35
18 159
242 237
83 184
219 68
171 36
73 41
68 160
59 278
16 38
95 111
45 169
248 144
244 206
277 265
100 262
261 32
295 225
93 192
203 122
116 156
145 297
4 134
102 42
216 235
91 209
87 185
264 16
32 256
210 230
85 222
23 116
103 74
44 283
165 273
81 154
4 258
209 258
299 151
56 215
32 75
106 177
58 84
170 49
207 211
53 55
156 50
88 85
126 104
257 173
286 219
236 194
292 94
109 16
270 117
118 52
244 49
148 224
237 86
25 229
89 152
172 243
239 119
161 127
228 102
163 178
107 136
86 262
210 238
28 110
247 165
268 209
243 240
79 243
5 53
299 45
160 288
36 63
62 108
115 148
137 38
222 62
178 239
253 261
8 32
246 202
79 260
286 281
252 166
236 103
45 278
108 150
195 180
259 178
259 33
286 197
24 142
132 93
36 78
96 287
102 180
70 107
267 102
247 203
195 13
169 141
174 50
24 90
132 296
214 138
72 204
298 129
22 68
27 288
276 47
2 265
111 259
9 57
180 215
234 100
130 117
218 33
85 260
73 58
225 133
15 208
163 158
79 218
285 33
232 204
104 271
185 25
15 156
31 209
218 27
266 223
221 275
100 2
197 168
118 144
184 279
245 106
249 14
97 65
61 24
80 44
292 239
196 139
206 233
132 42
98 185
101 227
149 99
24 32
51 142
191 108
216 227
209 127
159 146
271 273
134 298
69 234
122 67
234 163
243 154
13 40
161 279
215 88
274 149
269 296
60 84
245 63
120 285
233 93
169 241
213 82
53 129
78 211
269 262
227 105
2 31
53 117
32 239
224 182
270 50
189 241
41 256
231 147
26 249
32 160
72 282
158 203
120 14
153 232
263 127
168 154
241 107
217 67
131 155
253 161
134 70
273 103
55 102
131 105
280 166
71 247
36 164
268 174
149 51
221 140
28 135
171 0
138 291
118 153
175 196
144 54
92 98
259 155
241 225
14 194
42 67
15 281
42 84
2 83
190 123
10 262
111 63
281 277
54 276
206 106
218 156
55 271
92 157
189 170
279 216
178 275
59 97
140 253
67 233
279 15
251 262
52 14
193 240
70 192
130 224
98 251
235 162
201 61
0 158
81 253
84 132
76 258
137 245
120 137
278 84
145 162
212 119
107 208
43 123
270 40
82 267
119 87
13 262
45 219
151 44
23 216
245 236
192 110
136 224
220 143
135 156
194 33
61 75
266 85
106 269
261 181
144 109
221 277
37 259
200 183
29 226
138 27
145 164
231 297
134 217
73 248
217 161
59 9
187 173
299 55
222 279
70 145
297 99
190 188
255 147
93 121
223 170
120 24
26 120
138 232
165 186
177 212
243 109
57 201
63 119
260 296
120 268
264 128
149 296
226 195
192 235
219 299
242 252
171 242
77 11
268 65
23 143
30 295
105 282
224 63
196 279
150 21
68 85
68 5
125 219
11 154
280 144
173 176
209 263
205 66
142 5
158 134
69 143
264 85
15 101
87 132
18 117
261 119
272 14
120 0
252 274
277 264
240 231
9 266
174 202
225 222
22 214
255 227
70 137
185 0
158 127
198 229
173 56
138 110
78 187
51 4
45 293
295 144
250 268
82 185
55 236
160 167
227 229
135 98
109 222
175 90
128 74
294 181
213 295
53 79
79 150
260 106
275 28
207 204
109 277
227 295
74 49
165 240
1 281
137 143
79 35
24 198
23 28
87 272
167 285
276 113
51 180
157 115
234 211
210 135
95 54
2 163
294 110
39 216
168 25
161 36
124 228
12 13
235 177
158 252
83 206
135 190
70 79
274 51
211 265
172 235
278 270
270 65
221 99
39 124
126 107
1 125
250 139
209 136
58 10
96 252
29 263
159 269
5 213
96 182
149 281
143 50
231 91
85 226
173 68
196 97
21 193
299 298
185 290
271 127
279 215
55 66
249 77
166 236
215 120
255 18
268 140
167 224
229 244
224 101
182 194
263 291
150 100
199 231
168 24
204 174
231 77
141 188
79 36
146 119
56 279
130 41
196 167
99 106
56 39
38 298
251 136
298 102
40 249
21 45
271 253
25 272
171 298
66 58
160 39
16 14
275 252
92 45
139 290
74 124
250 169
145 204
181 214
24 81
97 260
145 205
267 50
129 24
214 246
87 291
49 224
196 157
142 72
53 179
129 58
155 173
228 279
23 128
204 132
96 12
15 114
145 93
264 105
214 14
15 283
217 251
72 151
274 276
9 128
187 102
292 169
7 252
285 59
100 140
39 20
30 5
5 180
144 80
62 46
35 131
209 97
125 217
148 216
105 21
72 158
79 250
148 261
204 9
186 26
151 109
221 16
25 289
26 240
98 122
209 77
288 204
94 39
135 205
203 252
209 201
245 284
133 200
293 130
261 127
287 115
200 240
33 94
16 60
163 88
60 228
297 3
158 234
250 113
102 120
103 267
70 133
78 296
73 166
224 240
148 31
247 200
142 282
18 235
228 236
63 26
95 276
99 136
228 244
185 137
211 271
246 200
161 136
298 217
172 10
225 50
46 293
140 1
39 207
246 186
11 225
255 212
135 204
229 134
37 0
21 270
76 228
237 261
60 205
87 245
44 209
184 122
146 269
54 10
103 251
247 25
243 295
222 276
68 242
132 38
175 233
166 268
281 112
256 168
186 167
124 253
125 229
181 20
72 122
118 42
205 131
129 65
5 157
79 13
25 116
167 288
240 208
68 265
284 103
117 246
134 124
3 30
22 105
225 254
12 145
21 203
264 189
122 99
98 36
43 112
20 41
268 275
114 156
147 139
6 5
201 149
243 150
231 222
237 274
225 226
197 65
176 283
201 148
293 149
110 99
71 63
46 107
214 180
212 156
1 72
204 236
53 210
210 22
57 144
172 260
278 61
21 67
15 96
276 46
236 248
176 206
218 220
157 145
78 177
94 204
36 146
159 251
178 49
290 114
204 81
77 116
101 193
141 269
40 244
241 178
265 255
218 292
182 39
223 193
286 77
290 158
248 5
31 136
169 63
234 83
180 258
21 239
158 144
91 123
166 142
93 112
265 57
48 258
6 293
292 199
200 11
123 58
51 10
260 63
27 141
117 274
188 193
287 87
277 127
71 187
81 272
271 186
106 159
4 21
93 196
0 298
125 143
110 49
54 174
51 76
179 115
213 0
283 9
298 133
101 98
86 219
226 5
94 267
184 206
103 60
113 126
207 82
155 298
222 128
200 36
114 289
220 257
130 122
248 227
115 296
223 49
285 63
218 165
124 177
221 1
71 36
121 280
74 285
138 79
171 264
6 53
175 109
102 254
14 90
98 148
6 221
293 177
230 165
250 62
202 289
116 289
272 245
118 112
124 55
116 118
56 258
159 82
166 282
86 191
216 11
264 94
66 298
60 268
247 14
12 231
196 250
27 67
235 152
108 210
42 216
235 132
12 250
289 270
244 188
213 140
49 99
222 27
160 118
288 233
204 100
78 183
11 14
73 192
199 108
220 103
99 31
294 251
128 15
98 211
246 113
31 53
198 175
266 214
180 128
192 180
118 227
104 234
89 127
282 202
60 131
229 3
68 222
95 202
69 51
150 283
41 208
243 161
163 221
290 208
60 221
69 121
85 1
215 78
261 29
127 133
252 298
224 293
66 183
169 42
266 8
75 255
155 133
264 270
102 43
286 145
227 240
183 113
37 70
179 292
129 46
42 39
189 289
100 26
25 137
176 256
173 210
284 135
110 179
89 216
59 43
272 267
276 227
76 139
161 289
199 97
126 195
49 23
267 271
182 13
35 38
164 119
123 51
63 206
6 78
257 162
63 254
61 281
200 61
21 199
283 293
200 79
104 186
42 207
81 123
153 220
56 245
156 61
126 135
214 128
6 191
154 144
122 129
224 233
70 211
276 125
157 117
137 239
94 259
288 147
76 223
254 75
157 159
202 190
25 207
209 13
252 86
8 134
87 102
89 168
183 185
201 268
173 137
75 143
161 1
121 293
243 282
107 189
267 152
236 195
186 257
215 221
237 58
133 175
50 219
8 25
281 293
61 0
40 269
94 297
143 298
179 65
128 103
113 10
127 215
43 55
260 112
270 184
196 112
71 239
228 255
60 182
155 208
20 5
219 123
202 133
244 133
55 120
220 250
123 164
234 132
90 207
286 33
254 223
11 84
141 190
16 41
161 259
270 197
239 78
105 82
162 206
42 160
139 75
13 133
188 195
78 223
1 206
36 4
169 13
98 136
9 25
40 41
128 57
125 165
101 256
268 203
69 116
168 173
33 266
234 189
257 151
55 252
85 172
11 135
297 101
235 72
203 178
167 111
84 116
129 28
78 213
272 37
179 226
245 174
257 262
129 119
174 254
299 54
226 142
71 192
203 242
213 41
53 282
11 113
153 269
32 55
282 34
214 239
263 221
195 1
238 211
262 47
133 171
175 75
170 77
83 29
122 64
181 63
152 208
9 176
218 154
190 142
284 44
282 215
154 242
62 55
9 96
49 172
246 220
175 107
61 153
115 101
106 258
240 287
243 115
2 297
44 173
53 180
34 181
119 147
142 274
287 65
213 206
58 216
88 146
205 132
166 214
227 21
182 176
182 86
197 112
153 283
259 177
139 127
107 59
110 257
230 121
12 38
254 121
0 248
117 283
112 21
139 34
177 196
62 30
49 236
160 157
271 115
278 233
295 134
225 187
202 186
93 198
221 242
262 235
252 40
191 39
68 146
122 138
150 110
2 167
68 297
108 61
53 183
230 44
91 121
7 250
59 21
119 265
215 201
27 122
239 255
110 156
163 9
210 179
262 289
151 267
221 260
211 37
262 144
202 29
84 148
30 156
84 205
88 49
77 237
169 72
138 179
273 34
44 36
60 171
19 152
294 86
260 183
222 54
278 41
159 119
223 102
295 139
129 49
104 105
197 11
171 85
139 231
7 164
73 89
56 91
53 47
93 277
138 203
7 211
238 225
156 253
242 99
296 244
40 80
183 86
93 134
118 79
14 131
289 55
243 251
84 85
191 123
78 96
51 6
289 35
86 54
94 221
244 89
22 2
78 28
47 9
199 298
173 118
208 52
159 276
204 101
131 51
115 286
289 24
30 212
152 188
167 61
278 253
57 298
226 224
275 126
135 47
88 34
89 7
7 205
158 145
165 47
222 245
169 180
32 272
133 111
7 91
101 49
51 288
174 152
263 183
202 120
240 205
21 259
206 31
197 102
104 184
151 96
64 58
199 71
244 126
159 174
240 289
172 226
262 188
22 254
164 4
82 255
279 280
289 297
211 122
4 80
189 286
230 141
149 158
177 169
276 68
86 44
201 54
91 22
269 293
281 0
221 41
61 15
275 254
162 1
203 275
126 139
97 228
138 257
207 123
295 148
86 107
299 85
220 245
87 221
245 241
210 44
281 83
152 20
290 171
101 265
243 159
57 78
214 42
82 209
73 277
55 117
39 13
95 159
194 48
115 201
121 133
7 189
295 69
294 280
133 236
195 110
87 270
205 154
255 224
184 176
99 210
104 30
188 212
67 65
240 123
207 205
112 177
299 2
165 106
64 136
196 0
89 52
258 49
2 93
191 213
139 205
80 141
182 230
105 167
59 137
128 137
129 61
37 17
117 169
197 49
21 165
18 94
113 136
62 281
115 108
120 110
228 118
272 259
103 121
59 19
61 16
13 167
298 72
295 17
294 61
187 178
271 110
2 274
24 22
136 234
218 299
139 181
36 182
93 52
48 171
61 298
191 242
166 48
116 216
68 283
47 216
264 22
295 57
119 76
285 135
232 200
124 144
156 25
153 175
85 39
218 90
87 299
110 246
175 161
20 81
235 182
207 119
257 34
249 65
62 111
151 236
146 101
24 264
134 143
137 223
186 295
201 58
143 139
196 256
113 206
97 51
233 145
162 230
296 173
129 160
64 80
289 66
77 177
296 282
3 6
143 195
145 246
260 137
50 45
272 225
45 256
77 35
23 43
97 227
63 48
108 190
8 252
209 138
106 47
251 291
107 276
188 95
280 64
289 222
139 168
80 82
149 232
284 180
248 178
135 286
33 3
86 181
105 212
141 297
275 174
72 246
25 297
286 299
59 149
181 168
226 223
295 64
4 68
132 98
29 102
204 107
60 223
298 31
194 11
180 232
92 285
150 32
112 110
170 133
53 281
228 104
148 53
185 292
84 89
41 123
207 85
117 4
87 227
259 137
162 103
62 146
235 265
117 148
85 119
173 101
299 284
166 28
221 133
201 163
236 70
172 247
35 93
58 235
234 73
159 173
151 77
164 199
291 177
188 125
271 223
0 278
67 279
286 137
22 284
161 35
81 270
202 105
212 113
23 253
210 83
176 133
199 128
179 125
180 7
67 90
281 110
58 181
112 191
198 147
250 204
4 124
257 255
54 21
254 172
177 24
229 178
75 124
222 146
105 130
2 271
248 293
83 192
170 178
180 198
89 119
247 137
8 84
55 174
219 236
101 180
266 171
9 264
86 227
256 227
217 84
202 234
266 62
184 245
35 111
188 298
50 287
160 132
107 67
258 239
164 90
222 272
103 91
201 247
265 154
267 262
118 3
292 236
126 255
130 260
106 150
46 201
100 16
297 69
173 55
123 254
122 63
181 33
275 261
80 251
108 202
206 217
95 32
261 250
141 60
27 205
225 45
295 249
232 190
245 154
237 292
294 276
191 88
10 197
138 17
289 61
283 200
291 182
99 7
81 200
190 114
45 181
145 18
128 224
230 180
127 84
168 101
78 262
33 186
273 179
209 225
261 240
110 204
268 147
44 93
102 134
17 62
28 146
262 226
163 42
261 79
55 115
285 168
10 236
260 276
199 256
292 69
250 34
161 296
2 14
247 255
95 155
279 240
191 223
116 62
233 132
14 200
90 34
78 210
188 29
4 18
152 240
70 127
156 208
248 153
153 10
281 155
64 158
201 144
98 171
35 169
57 200
98 274
193 202
167 88
125 137
206 161
85 138
265 167
80 28
236 51
74 196
65 271
217 218
117 137
139 39
59 67
233 276
242 244
114 220
297 236
116 2
181 99
205 264
113 198
0 168
26 170
261 157
28 171
142 17
8 215
274 91
29 138
259 174
31 44
176 174
247 291
136 174
154 86
142 49
155 150
86 215
175 44
192 286
244 98
11 238
113 80
53 185
53 192
73 284
80 260
226 4
148 85
88 182
137 253
142 21
209 63
47 281
86 103
96 52
251 191
199 109
58 213
195 155
61 238
68 171
80 180
93 295
49 251
51 116
32 76
198 122
37 203
263 278
225 42
36 221
232 41
87 232
166 157
44 207
0 279
15 202
147 3
114 225
33 71
164 0
21 176
149 39
194 114
227 211
274 6
88 156
1 233
172 277
268 55
244 118
180 96
294 92
101 22
277 251
42 171
285 265
297 298
55 191
117 79
37 94
213 242
237 60
177 243
14 36
56 23
100 123
21 244
46 120
148 101
89 288
152 35
55 6
119 242
77 120
250 229
179 148
208 201
231 8
198 200
164 149
213 19
208 72
263 299
35 37
297 8
207 107
298 253
14 292
206 61
58 179
180 217
5 283
202 222
175 149
200 143
38 122
190 127
244 123
220 151
139 135
102 86
155 232
141 120
47 100
219 10
8 122
93 279
35 53
269 199
175 293
249 121
271 114
295 163
95 104
130 178
279 71
61 135
126 15
121 223
174 198
168 16
264 237
178 290
129 263
292 171
229 7
24 269
155 130
20 143
170 69
4 210
128 69
154 123
193 233
203 207
66 237
262 170
83 58
35 91
295 8
272 288
23 266
264 108
174 71
7 118
269 34
58 75
184 222
288 107
287 90
39 72
52 23
50 199
34 42
14 275
54 277
20 235
276 74
209 262
278 271
288 24
162 75
93 80
230 80
13 265
4 296
12 41
19 174
229 179
69 276
232 130
165 228
136 188
216 163
231 267
293 239
272 86
225 67
275 242
141 78
182 126
178 101
150 180
291 281
124 72
6 155
149 207
158 270
92 221
157 62
200 21
167 254
151 165
103 35
111 125
161 69
77 78
130 86
211 161
252 39
149 93
152 74
214 99
59 115
91 205
21 100
251 226
276 140
154 204
83 227
92 24
67 157
100 12
104 55
43 286
181 289
281 96
2 13
217 104
80 66
102 136
249 17
258 200
0 90
172 116
280 120
107 161
74 195
279 46
222 278
31 249
2 34
30 26
250 240
274 210
90 298
138 72
293 118
9 97
25 107
119 166
233 97
90 43
36 207
139 161
144 20
275 246
32 184
166 127
251 171
212 232
155 270
215 274
195 12
29 275
168 190
38 114
147 286
61 165
120 6
244 264
134 183
17 207
2 53
137 54
257 89
10 60
52 262
26 45
17 81
265 23
203 278
287 236
86 136
213 92
170 134
7 54
296 25
11 254
259 266
216 115
34 195
245 210
199 26
85 76
261 201
196 216
223 159
245 163
62 33
75 132
27 293
156 289
62 93
233 47
247 124
29 106
75 92
138 60
175 137
74 199
175 150
1 210
134 172
284 181
21 14
45 185
245 117
3 11
250 235
28 233
272 117
153 45
126 264
76 196
211 248
186 244
83 68
84 126
289 98
82 251
236 142
169 48
135 178
293 51
148 136
29 244
79 222
224 247
297 61
102 170
6 163
229 233
197 90
169 219
3 27
218 15
208 154
107 256
125 250
36 108
204 148
40 183
200 160
287 31
273 35
62 47
195 233
149 269
0 136
52 194
145 103
265 163
35 115
288 16
186 294
179 145
168 14
156 205
169 40
134 94
88 30
243 205
288 185
250 93
124 155
288 175
285 129
92 244
253 110
192 294
42 134
292 82
67 270
238 1
79 253
179 4
224 173
260 179
11 249
114 239
220 110
140 76
230 168
268 93
267 222
192 168
229 283
194 254
50 240
46 41
24 70
218 22
17 47
299 44
96 16
253 188
0 261
6 149
140 196
291 298
121 168
201 260
214 59
258 173
290 107
54 208
165 203
69 298
199 101
36 176
265 172
181 167
95 200
158 78
116 102
128 280
29 47
120 9
121 131
50 268
161 55
178 289
119 167
140 206
212 183
259 45
59 80
205 254
54 81
165 214
258 222
31 162
91 173
198 179
115 21
278 213
131 239
166 163
213 35
264 263
26 121
143 204
197 67
128 185
230 159
295 41
160 9
266 251
221 244
268 42
151 34
169 89
179 120
288 249
26 210
110 34
199 70
142 76
292 256
295 266
247 245
299 119
7 261
165 87
64 216
105 270
107 183
59 62
29 217
290 277
48 17
237 162
145 181
114 275
84 272
224 298
87 57
165 245
185 18
227 195
137 269
63 81
163 122
45 132
294 7
241 130
232 51
145 221
260 12
55 284
164 277
56 109
165 269
172 120
185 259
183 144
108 57
133 95
255 106
1 2
161 91
146 185
191 116
235 221
63 194
236 20
163 291
276 81
177 258
21 263
69 39
189 260
200 76
121 273
58 0
15 62
202 45
11 24
81 216
299 253
99 18
271 83
273 136
102 10
185 31
11 4
135 125
216 87
255 132
199 242
115 93
105 276
2 170
144 93
192 215
112 76
26 252
192 102
32 215
45 123
123 48
69 133
96 208
107 243
24 179
118 141
20 168
55 249
19 298
1 160
15 73
47 298
82 217
138 253
146 224
205 164
136 270
42 131
139 215
255 9
204 50
12 59
136 242
32 191
186 156
92 124
215 75
84 268
7 19
215 82
176 265
226 101
57 245
203 58
299 19
241 135
249 147
180 293
111 24
264 159
26 114
167 223
262 182
195 140
83 15
180 247
241 249
100 18
221 191
219 34
7 268
294 257
91 133
108 213
190 288
122 244
206 32
239 145
239 199
44 203
252 161
11 247
285 122
26 176
241 70
276 280
131 68
31 96
148 160
81 283
220 241
49 290
238 68
45 57
97 231
95 210
18 162
12 188
130 159
220 43
272 261
281 284
184 36
223 201
87 120
157 21
163 169
160 177
187 23
15 104
122 34
257 51
11 253
35 24
259 245
253 27
214 76
257 37
179 178
153 58
254 244
289 196
226 248
113 47
271 286
143 56
92 34
156 5
26 162
257 144
148 7
282 15
217 245
74 90
27 36
256 137
174 226
71 67
220 67
65 5
61 288
115 212
130 133
131 272
227 258
130 242
56 194
201 176
151 221
90 134
48 180
65 253
261 23
151 102
261 179
138 223
153 79
271 190
100 158
51 183
200 83
271 174
274 141
118 34
50 23
242 4
9 223
37 45
239 76
103 228
40 141
296 129
230 268
88 29
226 271
292 13
152 54
51 122
7 14
171 255
34 141
147 172
99 145
121 253
80 256
83 27
295 99
223 286
206 182
74 70
149 248
170 93
138 255
97 165
29 31
160 219
277 81
28 96
296 213
5 178
73 26
208 143
137 45
149 208
124 220
45 263
172 141
160 267
167 229
225 206
252 16
253 290
219 191
104 167
116 21
291 292
1 186
60 3
159 47
230 161
255 240
110 197
257 233
87 235
225 118
259 31
136 22
271 237
170 88
112 38
218 249
272 105
294 105
264 234
228 194
174 30
124 191
210 157
200 293
257 225
282 108
59 218
113 221
58 170
126 279
62 151
226 171
103 272
264 135
145 3
71 297
174 264
151 90
69 0
221 231
146 48
35 244
213 74
19 269
159 78
177 60
105 155
113 125
7 104
163 263
262 214
274 82
215 33
111 137
11 256
295 194
279 213
284 243
180 231
154 19
32 103
108 45
121 33
265 214
166 276
263 54
43 209
184 16
2 282
279 134
266 145
102 104
298 35
198 62
131 197
249 58
143 126
15 164
15 125
44 65
155 249
63 278
283 32
1 51
16 232
199 236
142 53
92 108
47 176
178 195
29 274
118 242
197 249
117 230
56 182
264 49
0 197
235 63
215 23
145 272
75 156
52 248
153 80
118 164
287 187
273 32
204 211
12 157
64 15
191 175
282 118
176 50
71 262
138 34
251 178
137 142
152 153
168 275
219 54
95 22
16 200
10 206
31 163
276 214
79 56
249 71
7 105
6 256
8 189
111 128
276 19
237 166
87 217
293 72
277 123
248 6
242 272
103 192
85 192
214 189
256 83
252 101
186 87
155 170
118 193
299 48
203 173
82 188
271 276
284 297
223 69
207 62
234 185
54 226
55 9
189 117
187 209
72 123
51 285
253 239
143 92
241 201
33 113
30 98
213 203
137 168
223 161
209 41
259 260
278 51
265 32
45 277
198 76
126 61
177 202
253 193
163 137
97 172
261 292
56 90
47 240
159 177
118 209
22 62
171 249
0 29
152 198
3 126
53 49
281 275
100 79
286 86
144 107
227 95
212 91
121 251
232 263
93 178
232 1
127 17
278 143
136 84
247 142
232 265
288 180
179 268
38 46
275 160
2 248
218 290
228 256
181 47
49 36
21 93
225 230
58 195
298 284
168 8
125 118
223 17
43 258
143 63
19 94
173 291
154 215
174 77
277 56
268 294
11 275
283 41
172 222
206 9
173 263
145 48
99 288
77 291
224 76
209 30
99 194
248 119
276 169
188 274
280 235
115 13
128 4
200 265
28 25
210 105
188 55
44 233
107 101
210 24
87 147
46 153
13 221
152 122
269 48
62 218
240 38
55 110
126 268
201 280
97 55
112 151
293 169
49 296
14 48
265 120
211 74
119 100
186 25
96 275
131 216
157 230
186 261
156 31
169 28
134 187
209 33
90 294
191 83
257 293
155 8
31 175
213 244
29 78
94 73
214 5
171 18
55 56
141 259
299 240
30 186
146 168
11 50
7 244
10 252
258 192
203 248
279 232
24 256
166 155
215 15
274 124
174 26
210 223
139 157
205 273
245 59
102 28
24 182
147 153
218 167
82 256
48 28
213 249
78 147
279 205
291 243
112 89
70 245
89 55
121 62
29 2
282 211
169 23
50 31
65 102
47 74
297 133
111 129
263 98
158 51
175 273
55 273
268 21
298 115
259 238
46 34
216 272
27 256
102 83
203 236
130 50
74 191
228 284
91 36
5 185
119 110
129 266
193 138
19 148
107 245
193 162
242 224
135 15
291 37
62 227
14 70
157 133
45 286
75 145
283 175
276 11
148 54
271 162
262 270
103 195
128 208
110 255
29 133
286 80
174 200
11 88
49 116
76 245
297 39
82 132
253 83
31 120
155 97
112 10
283 257
84 267
108 242
194 233
72 143
214 212
23 153
42 283
36 296
75 227
60 204
78 184
79 84
136 60
27 257
248 243
254 165
276 115
73 46
34 18
103 71
88 131
279 194
102 202
245 5
64 1
238 106
101 183
261 82
226 204
32 170
189 134
286 47
220 10
134 88
215 163
151 184
64 218
155 191
93 63
99 277
92 295
236 101
247 104
282 283
86 0
24 130
119 145
288 168
46 27
175 0
225 47
287 68
296 103
204 47
29 241
248 241
210 273
181 127
270 249
216 268
218 222
199 136
268 66
130 294
103 268
142 194
276 142
295 63
101 75
155 162
28 55
44 160
133 44
132 267
207 57
171 47
9 234
232 142
158 99
243 207
167 12
99 177
6 267
60 269
191 174
67 74
39 257
17 2
102 77
68 116
86 92
16 271
124 258
262 134
212 20
191 122
101 125
110 29
231 75
85 52
293 154
132 275
56 292
73 209
14 278
250 160
33 187
230 252
43 79
35 179
259 258
119 33
91 17
294 158
73 186
218 4
23 277
126 83
142 16
198 82
144 135
46 275
10 57
217 35
119 80
283 210
294 8
285 28
73 253
283 75
192 201
47 20
2 90
253 263
190 150
230 51
261 177
232 164
145 160
49 11
215 170
150 282
263 224
205 192
224 48
3 239
45 243
243 110
108 178
90 68
243 247
1 213
203 36
118 101
121 72
276 67
265 83
87 100
193 147
149 135
42 285
127 110
37 250
205 221
280 156
227 242
156 16
289 198
71 267
155 236
30 15
226 153
68 135
34 6
154 257
128 232
231 152
240 178
55 200
5 110
30 77
221 187
231 42
246 215
120 45
221 57
43 280
166 133
92 71
237 239
289 0
279 247
62 113
83 42
219 43
76 113
198 236
45 251
259 193
280 190
17 22
68 151
109 196
202 32
8 290
223 101
294 274
241 45
111 51
94 76
274 53
73 225
267 268
159 26
157 55
41 86
25 194
165 95
261 120
113 112
209 116
183 272
176 136
64 39
182 218
225 208
3 92
139 155
87 33
174 160
282 136
222 219
236 93
275 172
143 290
86 278
295 102
31 93
16 134
162 226
155 234
113 74
144 239
85 274
118 94
49 80
52 49
44 130
251 1
273 209
235 120
135 22
23 246
92 276
292 36
191 134
123 169
186 86
79 238
216 284
82 270
95 178
170 228
213 223
162 196
89 64
16 248
15 201
205 283
111 157
224 104
233 138
252 15
21 198
119 177
97 247
249 248
226 270
267 225
188 151
89 48
290 221
238 258
31 240
294 85
61 247
17 287
244 138
133 8
10 256
194 123
0 48
129 75
123 137
94 129
199 69
28 126
139 183
62 82
154 164
89 46
177 288
294 138
217 237
35 205
96 27
163 57
133 14
24 272
293 189
258 210
144 127
148 25
152 168
41 252
5 252
54 294
85 157
165 66
283 93
168 129
102 259
155 45
196 18
65 92
153 151
85 277
205 22
206 195
123 261
140 24
63 75
228 141
205 30
95 52
227 143
164 46
212 198
21 196
193 247
144 16
208 265
186 13
199 92
267 8
159 183
66 32
85 198
289 75
261 293
265 138
277 158
227 112
38 230
247 119
261 235
202 266
46 212
94 50
30 6
239 35
179 143
238 114
84 182
1 100
53 160
234 166
250 245
249 27
125 232
291 265
189 11
190 161
262 21
27 238
233 83
237 289
133 156
261 117
252 112
270 29
155 260
256 270
6 64
225 106
215 256
161 41
163 63
63 54
27 56
259 273
126 134
52 167
177 210
298 142
220 61
141 186
35 203
145 259
27 234
158 185
52 7
255 274
276 17
266 195
247 74
141 102
18 63
214 121
274 167
9 39
147 295
126 153
156 109
16 189
38 144
161 231
131 285
297 142
47 198
293 39
260 213
4 38
249 6
70 19
241 267
96 167
270 215
158 135
147 68
215 285
20 238
273 79
64 84
111 144
102 17
22 35
32 166
22 239
67 200
171 80
253 201
41 102
73 214
187 138
109 153
272 2
237 202
204 90
216 280
142 271
146 72
77 245
24 137
224 156
20 2
123 119
268 286
266 66
33 256
192 166
60 30
1 117
166 241
157 30
94 171
4 76
4 32
14 152
182 143
193 78
215 122
154 280
76 64
66 105
195 40
70 114
202 68
10 284
132 94
134 218
13 98
211 180
72 109
274 21
62 241
157 35
204 175
256 96
259 226
188 126
1 123
246 78
130 85
18 104
30 244
165 212
228 25
297 63
71 179
230 158
194 174
78 261
74 115
81 236
214 95
122 14
23 247
252 51
294 218
22 102
100 180
105 141
296 33
203 179
109 8
12 223
137 241
134 77
73 93
274 24
282 123
102 185
246 74
81 133
167 92
231 3
227 163
176 199
96 258
144 85
121 64
248 25
209 69
129 99
217 253
223 113
130 96
101 12
146 59
78 14
46 218
44 88
101 81
85 166
244 111
284 38
41 179
113 228
129 121
56 270
133 263
34 5
188 222
146 42
172 169
39 178
72 171
147 235
143 244
118 121
116 264
16 102
260 140
254 256
66 83
283 54
233 129
48 207
250 208
287 228
76 237
117 48
46 225
213 165
67 286
213 230
161 60
163 248
247 263
53 286
284 212
172 250
211 182
95 181
275 295
228 39
80 71
128 70
57 182
79 128
115 62
128 167
154 51
144 113
299 159
258 2
180 291
142 256
85 176
161 248
282 242
162 170
28 77
67 232
218 94
62 226
201 12
67 34
252 258
180 110
77 126
265 54
217 233
160 48
68 293
25 103
51 22
195 171
97 256
237 268
91 132
148 180
147 186
39 221
240 49
6 286
126 237
130 185
150 208
118 44
169 185
70 40
187 175
57 66
61 46
36 129
90 82
36 231
46 37
44 186
190 138
52 285
151 110
74 18
294 55
166 255
56 198
256 134
1 68
207 245
88 237
261 286
101 132
281 111
283 39
54 85
286 126
186 51
279 151
185 100
242 234
267 79
220 14
26 62
23 212
210 13
61 180
186 114
8 187
206 152
123 183
228 111
30 4
174 8
211 43
178 150
119 209
161 54
200 98
244 96
154 165
291 67
282 16
205 215
156 235
141 245
234 171
179 113
77 247
274 194
206 46
162 281
291 207
35 28
50 224
32 223
68 99
18 67
51 114
84 1
226 258
177 170
154 103
215 99
6 242
252 144
205 298
31 87
174 53
175 111
229 150
282 239
88 136
179 19
29 32
24 91
43 193
107 45
95 209
3 199
15 127
86 258
35 31
9 222
186 151
250 244
274 265
254 33
291 232
130 113
65 136
275 32
73 281
157 141
190 134
14 174
169 246
156 184
220 80
151 199
266 255
99 172
146 124
89 131
24 41
177 86
222 209
18 299
197 272
236 40
91 52
200 203
247 182
132 211
101 70
48 1
103 299
248 289
284 75
155 78
227 124
276 161
128 73
289 113
194 20
215 294
240 217
16 206
20 250
263 158
90 210
211 119
195 153
260 164
219 138
121 149
175 99
0 100
245 209
99 263
245 143
82 112
267 86
188 124
196 209
204 257
295 152
93 100
140 203
241 236
145 146
218 122
264 168
138 145
173 268
81 92
123 78
22 16
160 31
81 71
127 150
230 222
79 196
219 70
69 127
264 81
103 289
167 279
4 181
88 230
125 153
36 175
16 210
243 167
279 125
49 91
266 73
35 11
42 35
286 111
106 190
105 108
13 255
47 107
246 296
122 73
2 267
182 119
93 19
235 287
10 145
117 183
165 161
215 281
151 260
145 248
28 31
207 22
111 94
128 235
10 141
64 180
124 224
20 97
188 211
277 98
88 113
71 200
139 257
118 158
293 98
194 173
167 81
294 108
92 270
264 18
255 221
235 130
102 74
14 60
1 225
86 185
297 21
47 28
290 224
151 227
251 279
61 269
36 24
283 265
167 255
19 258
292 172
100 286
123 295
26 22
6 71
174 253
82 246
101 52
99 162
61 154
181 153
124 43
119 260
81 259
79 51
279 27
225 84
237 158
59 75
182 138
233 10
84 108
228 125
154 191
33 284
137 252
195 204
172 128
82 46
178 72
106 256
172 86
246 71
178 118
269 77
17 36
115 239
288 75
16 185
291 44
33 200
106 273
49 120
243 38
219 143
299 176
111 181
246 279
204 46
288 159
256 220
206 179
17 165
123 202
90 40
11 190
104 130
9 198
253 149
39 217
109 150
113 205
131 241
71 99
145 285
131 282
182 150
236 273
13 243
220 272
81 65
211 134
87 289
6 118
97 266
295 268
45 248
46 256
126 220
145 235
81 193
81 155
251 175
117 211
129 13
78 179
129 228
95 34
277 292
220 120
102 64
86 22
25 4
266 166
152 144
245 276
178 97
90 166
225 163
250 295
68 213
296 89
228 229
53 194
233 225
268 19
124 230
195 142
63 68
94 47
233 152
199 51
17 141
265 203
260 200
55 297
256 174
215 190
116 180
75 286
188 278
75 173
35 82
221 138
266 47
29 115
156 202
134 296
275 49
92 175
87 164
122 52
38 183
66 62
242 157
42 55
121 295
279 290
212 220
225 298
18 150
133 235
167 149
238 33
279 24
37 102
228 226
38 245
59 108
129 86
196 82
231 290
253 66
127 143
255 178
72 120
32 102
96 23
1 113
39 264
81 50
56 124
39 195
54 48
115 282
229 111
244 164
132 89
69 32
32 112
130 237
202 175
97 112
124 140
254 263
125 30
244 141
51 120
239 92
200 199
23 176
77 236
219 27
157 128
150 273
263 134
51 167
29 227
253 295
146 272
64 8
220 36
107 27
150 247
73 11
119 75
173 67
8 28
125 282
154 135
238 206
129 67
161 234
183 8
292 7
99 96
271 124
171 110
4 281
114 74
61 29
261 239
193 96
158 251
160 23
198 0
70 140
195 131
146 9
228 209
161 236
216 270
111 219
148 10
205 169
1 242
77 218
151 289
236 6
253 76
9 89
191 250
191 181
178 295
144 34
296 135
144 23
224 200
0 143
19 176
194 36
139 46
78 188
218 50
104 201
43 269
31 208
137 244
30 150
90 141
173 202
62 167
49 163
81 189
85 90
152 297
57 38
185 95
22 133
180 218
88 123
80 39
15 224
139 23
64 46
42 217
121 291
78 227
42 237
180 208
219 268
172 11
278 184
6 210
5 71
180 299
25 267
242 84
257 19
69 21
259 224
116 149
83 282
241 138
208 86
220 169
282 90
297 43
9 161
277 218
17 133
70 87
216 264
268 81
280 0
133 46
113 242
113 123
256 128
159 232
85 272
11 166
86 282
232 288
134 119
80 76
287 118
20 182
142 193
57 180
153 293
54 82
44 154
172 223
282 183
77 10
294 163
56 184
141 108
4 187
151 78
146 293
195 102
295 127
89 275
252 98
22 197
47 125
273 67
203 38
90 94
232 65
149 171
92 6
227 246
163 177
166 50
212 60
96 228
202 215
140 220
80 168
269 289
63 70
118 147
210 169
136 41
61 299
163 72
214 132
237 221
256 192
290 39
277 84
82 224
73 64
263 7
159 201
146 274
102 283
209 112
65 234
113 240
186 227
46 138
204 121
76 178
95 1
276 38
7 61
48 91
221 174
61 185
166 233
228 234
78 24
69 88
118 200
77 81
231 70
52 276
61 116
188 109
121 21
19 57
147 174
113 115
141 142
99 84
17 260
153 179
22 104
223 88
91 55
226 241
233 120
41 178
252 198
123 2
180 44
270 55
126 45
12 270
126 8
24 240
82 245
196 280
1 214
191 5
75 149
79 157
25 124
172 110
107 261
270 288
156 6
175 138
286 25
67 41
114 236
207 136
194 192
96 278
231 200
78 258
58 24
122 54
29 190
134 132
135 2
263 198
73 21
42 259
117 285
71 152
80 83
173 141
278 181
268 288
150 134
283 11
272 5
204 214
196 66
55 158
279 123
67 6
6 253
4 252
244 41
107 201
70 12
163 139
243 166
63 225
45 275
93 69
219 164
237 73
121 90
84 281
65 157
39 167
31 273
51 224
251 151
26 52
178 83
61 49
139 84
185 129
248 84
146 47
229 222
270 49
84 23
83 296
5 85
89 16
259 110
242 208
161 3
221 185
31 191
219 227
270 162
287 218
46 7
68 57
190 218
96 222
249 122
34 128
208 218
101 162
262 108
151 67
183 45
163 84
136 82
200 117
109 177
257 102
50 18
219 88
122 25
63 292
217 258
272 12
172 95
161 80
271 8
162 63
222 134
44 96
15 145
251 38
239 273
235 84
171 78
147 257
267 263
204 213
161 45
296 32
155 135
289 163
106 284
273 289
224 232
292 181
158 178
52 148
200 5
291 206
228 12
5 43
285 97
85 59
238 15
152 220
292 187
158 106
78 169
52 87
178 31
177 147
228 122
4 232
228 152
299 187
94 160
196 257
282 208
232 295
173 188
223 151
177 180
224 248
135 0
172 269
82 294
100 15
43 12
216 91
137 55
266 106
273 206
243 255
234 3
244 149
299 229
171 131
203 228
30 226
279 69
6 235
66 170
297 17
140 19
167 112
177 158
185 27
75 6
234 135
172 191
96 63
4 82
134 112
259 134
254 66
272 279
48 195
162 218
230 169
237 161
213 148
89 86
150 185
10 195
210 28
161 238
62 172
5 270
225 200
239 247
44 212
214 120
51 65
41 33
89 170
171 135
284 17
20 136
9 208
73 291
206 188
238 138
201 180
287 20
81 299
179 213
190 199
190 53
12 149
2 201
239 110
65 96
99 200
79 80
249 110
222 64
237 95
145 68
172 229
27 126
78 12
81 112
23 243
1 142
251 47
42 96
242 122
125 170
96 17
267 238
176 13
109 291
168 69
256 75
126 266
214 19
63 127
221 30
105 12
111 131
142 148
12 34
215 187
274 131
226 217
73 125
31 277
289 276
5 165
238 145
99 212
156 255
241 218
74 53
139 247
231 31
247 134
154 33
12 83
127 241
122 127
151 32
157 63
46 260
166 66
115 11
142 255
269 76
163 167
41 201
259 237
259 256
116 137
160 233
95 91
110 267
32 280
3 254
176 2
194 218
46 26
3 158
81 186
120 105
211 112
48 288
83 169
231 227
4 249
186 159
223 133
23 250
103 283
119 202
73 227
32 68
90 295
183 50
53 233
242 278
225 182
1 286
0 210
122 39
197 145
102 72
120 292
34 159
176 210
274 97
226 160
38 273
118 171
219 107
230 283
52 59
276 72
36 31
113 149
152 175
5 197
34 232
256 8
122 109
53 246
224 118
298 25
112 137
260 158
12 296
104 121
290 266
257 163
217 175
13 51
193 15
274 58
50 207
244 299
108 5
101 218
123 204
123 227
130 298
124 136
181 160
127 159
225 77
134 2
244 51
209 68
287 226
150 39
288 188
184 191
54 125
105 70
43 185
142 164
119 103
274 57
262 172
145 131
145 120
160 230
67 104
269 234
178 253
14 92
203 26
102 133
232 37
270 157
202 5
220 81
151 80
47 234
219 96
230 114
85 227
56 74
101 149
26 70
166 259
162 129
268 124
12 146
153 298
172 94
184 40
89 102
183 147
12 185
95 221
95 190
190 174
299 106
35 33
134 103
21 64
20 198
164 49
13 53
116 237
294 46
98 123
6 21
42 12
174 70
191 198
188 201
261 249
55 19
175 206
19 172
184 6
222 45
48 291
0 121
121 6
286 292
72 106
155 29
120 123
290 44
72 111
246 7
200 236
244 179
265 212
87 224
143 18
16 193
16 218
230 105
18 207
14 141
33 174
170 84
58 290
88 128
213 175
52 3
66 115
290 92
243 217
269 202
181 109
177 231
199 98
249 277
33 224
272 239
43 201
101 20
223 208
56 260
44 217
58 39
49 204
121 94
41 186
37 124
166 67
207 215
33 12
254 112
279 223
198 249
137 214
179 20
150 254
115 247
259 242
64 75
212 223
197 153
80 2
60 122
299 144
225 197
143 279
122 155
128 150
17 189
108 53
97 153
218 74
103 223
249 141
101 27
11 6
196 150
150 193
27 145
68 104
133 40
105 205
110 158
236 231
91 214
182 161
212 160
89 204
97 100
24 172
77 224
179 269
19 18
35 110
206 79
293 17
181 14
25 271
216 239
215 286
126 213
39 282
40 45
209 226
12 211
9 87
153 124
239 231
141 262
124 102
40 268
165 120
117 49
154 197
54 128
92 191
120 277
52 292
82 25
12 233
190 250
53 85
285 268
224 113
70 142
175 68
212 182
160 78
225 293
58 28
67 207
45 27
270 154
293 141
218 141
12 128
33 226
132 86
99 223
1 297
212 213
58 247
267 49
55 73
216 136
110 106
85 179
222 140
66 11
54 282
269 255
225 287
299 259
125 5
94 206
240 83
148 182
121 109
36 264
134 29
35 233
154 16
11 185
85 66
56 32
150 186
164 197
80 239
33 45
64 267
188 58
42 98
238 17
129 148
40 247
261 172
26 289
17 156
298 181
125 142
134 22
113 260
73 42
17 112
202 263
31 27
135 86
221 67
120 205
120 10
88 233
140 182
129 123
289 193
167 278
274 193
110 109
177 145
77 4
164 24
132 218
93 224
212 191
39 251
171 53
121 264
255 45
267 65
139 65
8 263
247 130
132 278
149 279
3 106
83 179
85 82
291 280
199 22
242 215
183 64
197 9
41 95
5 190
220 203
254 219
66 21
0 52
67 99
56 139
295 224
242 24
46 148
3 149
160 80
192 4
233 124
194 149
164 278
214 11
256 73
269 123
41 255
82 223
215 102
274 248
245 150
174 231
117 226
131 168
26 178
297 191
183 287
46 296
109 200
262 181
175 103
140 239
190 1
241 148
209 266
248 66
235 42
287 191
197 230
30 296
117 7
67 283
208 63
186 32
110 63
48 5
89 100
14 13
276 298
53 273
253 213
36 180
163 262
9 110
279 117
10 133
152 98
90 106
88 112
107 239
32 271
284 115
135 252
277 236
234 299
248 292
74 197
180 294
283 50
156 200
255 184
182 295
246 153
274 190
203 120
181 257
179 188
125 161
94 95
39 84
164 98
140 157
186 229
34 231
26 129
58 133
264 180
158 31
25 177
106 222
209 3
62 224
209 256
20 114
226 169
118 67
281 99
130 263
145 292
257 290
213 57
247 0
269 195
139 130
15 131
116 298
299 161
235 188
289 9
107 283
136 231
220 210
119 254
150 170
177 254
250 78
36 57
223 269
250 224
65 218
221 144
161 24
286 184
293 75
238 140
276 27
249 2
57 283
109 296
213 189
260 92
277 96
214 119
195 299
238 292
124 149
235 196
197 151
193 232
258 293
243 75
266 56
197 166
184 90
85 287
53 115
52 198
0 19
148 209
87 101
264 42
141 187
121 68
282 45
6 22
186 54
187 230
43 65
299 20
71 183
52 48
277 149
210 102
40 230
298 122
149 72
184 228
239 235
95 24
42 142
69 91
162 280
174 179
46 255
129 179
220 234
108 155
165 59
198 248
202 294
129 238
169 32
190 206
94 11
155 254
65 98
272 244
140 168
112 83
217 156
239 241
299 40
101 264
136 35
221 292
58 82
152 184
204 83
58 244
160 268
179 114
213 36
34 84
105 29
120 28
190 282
24 20
246 176
117 214
111 83
210 119
289 184
213 84
119 223
286 34
209 282
119 66
43 0
78 230
36 232
36 45
222 235
172 270
57 121
77 103
287 271
185 2
240 180
147 138
188 15
103 275
242 121
197 226
186 35
173 189
229 278
158 169
133 262
250 96
39 196
285 159
178 116
99 126
211 120
187 0
32 247
192 98
173 211
224 278
293 168
165 27
266 190
36 152
23 180
173 262
151 91
80 72
7 48
8 97
212 190
82 253
188 293
123 216
244 119
69 235
165 60
253 183
172 18
55 262
199 249
50 46
287 244
243 219
147 8
88 271
70 122
208 264
189 261
282 259
295 21
249 184
100 3
146 26
84 184
299 241
164 283
298 228
255 22
15 111
239 232
231 96
146 87
189 158
122 280
51 219
79 246
119 227
16 118
76 33
123 143
204 244
208 295
161 150
128 95
81 182
148 249
52 124
133 41
107 109
257 77
111 40
168 175
214 57
12 293
286 63
299 155
261 8
1 103
194 41
40 260
85 257
146 131
281 32
214 199
135 5
181 185
246 143
85 33
208 221
109 287
19 102
98 206
110 290
294 248
59 215
197 182
199 250
14 237
42 189
60 18
120 3
267 258
77 295
177 6
143 287
241 112
77 71
20 128
260 22
201 9
264 207
196 245
265 164
149 79
213 254
196 108
249 47
184 218
34 220
2 131
22 84
39 222
189 13
218 1
3 13
225 58
120 85
245 71
57 74
43 178
92 214
237 223
120 230
51 287
87 226
126 258
257 18
287 238
228 93
253 127
101 116
137 118
17 184
297 253
238 21
159 148
278 22
75 160
70 290
193 143
252 69
228 47
235 234
275 121
24 234
198 17
42 88
232 227
222 89
152 73
75 167
92 266
149 30
113 197
63 17
10 22
156 48
17 190
196 7
14 134
179 134
165 146
108 201
106 204
58 296
236 289
3 235
208 254
169 57
101 189
226 60
297 138
272 167
207 234
230 2
253 269
67 83
184 124
232 131
162 73
209 26
72 214
131 113
2 98
37 11
25 10
88 243
111 99
170 52
18 164
97 282
63 198
234 130
253 206
98 41
13 161
220 18
89 94
77 40
279 88
72 115
194 96
297 84
48 34
242 45
32 143
92 164
276 254
39 125
126 43
244 257
168 109
278 239
160 138
216 144
61 132
265 50
125 41
275 133
112 165
41 204
241 4
106 267
240 244
20 271
295 85
104 249
151 26
236 263
118 271
92 54
286 176
197 263
194 138
72 110
113 91
219 228
66 180
12 165
118 35
142 0
173 241
257 168
207 190
237 114
95 183
141 156
83 263
140 156
266 241
29 262
142 122
246 98
296 193
206 174
104 45
36 69
182 122
229 31
75 264
131 4
174 16
12 176
131 218
218 126
213 118
144 285
293 113
169 164
71 253
267 73
47 285
52 136
5 183
3 201
188 67
277 274
145 172
154 284
264 161
49 177
292 124
100 278
70 32
196 78
47 36
18 48
186 223
259 135
154 24
235 264
37 109
232 129
203 13
237 82
20 222
248 186
248 64
29 124
213 235
155 54
47 1
53 164
134 260
48 25
151 264
201 274
30 159
136 287
219 168
286 256
130 27
199 167
123 163
235 260
96 223
273 173
46 179
219 102
278 287
283 144
93 5
121 52
150 104
87 184
245 52
229 297
270 72
206 80
7 192
256 224
260 234
17 237
129 187
214 127
4 93
29 254
213 12
193 167
144 69
8 124
243 5
237 218
31 290
75 150
260 107
168 196
142 275
222 148
224 189
249 170
95 226
126 212
123 77
266 260
11 40
234 213
194 141
48 200
280 137
73 106
199 72
205 87
205 212
186 250
6 254
83 182
275 171
297 171
92 275
88 296
102 162
284 197
109 275
264 226
228 89
241 203
54 61
163 224
280 211
118 299
250 297
158 60
131 221
159 293
278 44
213 270
15 47
250 101
77 0
42 295
211 223
96 292
198 262
190 299
15 109
188 26
179 270
162 216
119 270
109 293
217 58
192 81
223 57
200 243
256 237
163 54
256 278
58 294
285 272
73 151
191 273
35 236
228 29
211 87
145 252
238 173
237 204
287 178
23 291
291 129
194 287
3 66
102 201
212 291
144 90
122 170
33 53
54 9
201 64
159 245
74 92
162 262
253 107
214 237
185 203
226 32
26 253
274 220
93 43
134 118
89 33
26 21
35 207
121 271
55 194
252 20
11 39
106 62
26 37
216 34
207 166
206 17
140 21
152 205
8 4
207 197
224 20
123 161
133 80
25 199
127 298
177 94
3 186
176 291
263 184
258 190
191 190
19 224
69 215
177 166
45 22
40 100
222 102
103 295
117 278
211 25
4 170
177 63
24 110
211 221
182 90
64 293
213 4
125 266
37 271
227 131
94 276
201 136
70 234
213 111
151 269
160 64
42 40
93 158
299 292
169 12
228 35
207 213
196 146
191 120
141 213
172 45
100 296
200 219
143 68
258 57
94 207
101 21
178 79
104 253
167 165
298 18
48 205
221 2
48 177
121 36
135 289
125 100
119 291
108 174
77 79
212 109
136 193
153 244
228 235
8 206
153 107
168 44
175 263
199 29
257 182
15 275
15 105
157 74
290 99
100 191
111 263
75 218
64 54
22 83
49 192
259 52
61 218
91 9
267 143
190 176
220 78
158 67
43 155
236 98
45 273
64 184
144 273
128 161
69 120
162 5
68 128
294 285
59 157
136 71
35 15
252 150
110 97
190 292
7 77
189 132
175 223
174 297
61 66
61 217
114 259
28 50
34 135
35 142
237 134
115 9
181 194
242 9
100 280
106 116
16 181
102 234
11 274
6 20
179 60
146 23
138 154
17 67
65 33
283 130
89 76
254 111
133 270
61 211
221 261
100 282
282 128
3 0
51 171
12 263
44 254
5 46
143 16
96 89
155 164
89 223
283 80
67 223
152 111
297 196
290 184
131 172
208 10
289 118
258 176
25 130
56 2
258 168
122 264
127 13
131 229
257 52
113 30
265 104
67 219
62 238
87 175
165 121
83 261
46 213
274 250
50 187
244 145
246 154
275 181
129 223
299 135
189 221
130 166
226 298
140 80
48 215
237 25
173 58
235 126
177 55
75 234
75 96
75 17
60 49
7 67
298 119
22 282
17 89
38 96
41 191
234 277
108 266
280 126
238 127
285 36
16 67
45 83
52 15
297 24
5 137
85 109
257 6
123 209
15 5
59 267
208 99
88 229
297 96
13 266
33 32
71 154
1 124
51 261
83 167
14 294
188 60
117 146
26 282
193 99
298 149
58 172
46 115
211 283
89 65
27 154
36 269
141 119
279 18
143 249
258 296
107 244
114 1
262 57
7 202
187 42
253 200
97 177
42 81
273 115
40 120
26 66
203 136
211 285
94 239
117 119
37 90
52 66
152 123
64 235
156 292
113 165
266 296
91 2
269 1
83 250
142 265
29 76
280 199
203 31
95 261
155 13
243 140
141 81
22 67
160 213
41 117
276 164
111 169
125 221
244 129
161 109
110 266
56 149
218 133
115 291
185 237
66 160
216 160
164 254
157 288
292 266
290 112
20 239
124 207
150 94
160 266
278 48
296 299
232 6
11 208
198 294
137 39
284 114
184 204
103 95
142 284
29 112
79 188
209 158
67 245
97 206
181 129
11 15
241 14
89 114
172 119
107 274
78 285
63 50
277 214
49 103
51 246
167 246
15 49
264 5
217 65
115 245
154 125
114 124
123 86
79 93
25 244
285 174
178 19
44 188
240 226
94 99
272 101
199 104
262 244
82 91
273 109
78 142
28 211
82 55
227 202
143 66
121 56
246 141
85 185
2 195
279 183
119 292
213 277
154 89
197 87
72 103
14 173
78 54
141 68
4 171
20 135
142 261
9 33
67 182
70 169
48 68
49 56
142 280
45 99
19 215
43 101
162 245
176 277
238 144
237 5
118 157
52 140
213 96
288 265
165 257
110 252
295 207
75 276
32 65
128 56
193 19
141 24
123 33
55 256
160 47
299 205
46 132
31 296
48 270
53 294
247 216
155 21
232 30
231 154
0 188
108 111
60 159
200 297
68 236
229 30
10 258
293 117
180 0
115 166
44 232
52 2
38 280
158 280
161 270
234 215
149 173
136 5
46 78
208 226
80 212
140 280
78 190
96 296
101 234
136 175
175 76
78 104
169 274
72 238
140 273
154 132
104 151
212 129
182 92
269 248
239 175
88 294
202 276
268 85
44 253
65 78
272 147
66 226
190 15
0 267
75 198
98 150
185 258
67 114
273 128
120 71
222 282
218 51
212 185
219 129
197 277
120 186
208 120
290 121
85 19
148 212
297 206
275 67
89 209
268 37
226 24
177 276
275 225
209 175
230 212
203 16
99 222
2 79
23 165
261 168
23 91
160 111
119 93
199 254
106 117
69 145
192 177
2 142
134 74
260 45
14 226
222 70
189 163
142 253
155 1
236 8
31 140
92 136
269 250
173 147
64 232
71 7
81 15
243 130
87 174
2 211
282 176
274 236
184 71
93 129
46 130
213 80
0 160
110 140
172 20
199 156
141 77
139 197
289 263
102 84
76 116
232 53
280 77
4 121
36 126
287 46
127 179
15 26
259 283
43 292
227 167
49 143
93 101
233 243
197 175
132 95
207 27
133 248
243 17
62 61
277 219
42 41
29 193
241 242
106 127
137 17
18 193
122 295
96 295
119 130
37 103
79 249
170 194
189 288
235 171
93 152
57 56
215 35
47 76
87 118
23 206
62 124
75 172
50 134
73 114
38 87
208 137
296 98
200 114
164 135
202 274
69 33
244 125
89 139
73 154
102 212
244 31
2 252
39 0
146 259
157 198
108 99
145 22
76 294
128 17
69 34
141 101
13 0
209 166
48 240
144 224
188 36
92 61
142 264
12 23
46 165
115 144
167 69
93 139
267 95
113 105
30 248
234 116
205 158
203 69
229 129
174 117
171 167
106 207
212 7
226 81
83 86
40 98
5 82
52 169
65 84
205 259
91 265
183 17
202 242
272 157
203 244
104 115
205 0
72 216
193 198
21 202
122 253
272 126
54 25
7 260
188 266
234 291
164 25
165 206
150 36
188 258
126 125
228 37
24 49
272 268
90 15
157 182
176 205
154 188
113 133
284 24
241 18
3 153
99 61
56 159
274 239
118 48
284 141
142 295
63 83
162 50
284 253
142 222
117 0
75 66
151 259
44 128
29 295
133 168
192 153
223 28
10 18
230 200
146 108
168 47
78 277
85 182
207 2
279 221
229 100
127 107
25 198
130 48
142 71
153 139
213 145
193 113
202 240
296 298
268 76
294 99
209 27
201 202
44 100
31 237
226 154
194 128
224 223
15 274
55 103
274 30
233 178
197 203
164 178
251 218
167 293
229 61
228 177
23 232
204 170
74 219
2 253
95 35
138 201
274 295
186 7
79 113
111 276
265 5
273 57
211 232
128 156
3 16
204 116
168 202
63 44
220 170
194 15
236 269
1 8
255 299
226 187
47 288
93 71
109 211
56 226
112 23
209 137
207 38
133 47
289 100
52 288
196 138
282 46
281 188
264 246
23 210
190 178
23 151
149 110
236 284
161 0
34 77
256 13
108 33
181 59
286 235
143 180
72 268
194 211
289 52
24 156
39 197
43 68
267 145
43 140
171 1
194 171
79 207
286 73
174 141
112 246
47 0
110 214
100 221
139 226
1 169
31 289
219 203
6 47
275 235
203 59
47 64
298 11
259 227
42 110
186 298
243 14
42 190
273 142
222 131
201 191
67 147
203 209
32 98
290 191
43 202
224 89
54 31
58 88
85 149
59 16
73 249
44 184
111 119
182 135
64 66
153 294
208 85
24 259
101 182
31 17
143 207
284 254
31 118
223 135
88 83
283 145
143 277
185 230
153 184
31 68
297 113
143 148
100 133
168 215
209 195
105 65
150 291
274 160
216 288
88 5
295 78
198 146
200 53
284 227
219 80
27 264
228 101
16 296
43 11
116 268
70 64
268 2
265 114
272 38
13 294
244 130
228 38
94 1
33 107
200 241
251 248
187 239
233 291
155 121
294 104
139 259
31 197
228 230
164 132
43 146
63 8
104 77
132 230
226 10
71 11
128 226
221 71
23 193
147 1
177 238
267 192
114 145
276 224
70 147
23 213
63 113
40 280
205 3
130 175
193 120
295 151
89 249
181 123
241 40
277 275
9 237
203 134
147 294
126 129
124 6
252 54
182 167
64 100
157 223
76 58
220 35
203 49
255 72
153 31
112 184
25 86
293 176
118 95
102 209
129 173
109 28
133 39
254 181
218 195
142 220
224 251
150 121
290 0
252 117
17 196
163 275
194 39
180 222
184 15
157 184
290 66
99 278
148 12
46 21
80 236
252 235
104 34
215 241
113 12
246 139
158 195
86 205
183 126
193 33
282 173
93 160
139 110
1 54
156 152
67 92
113 187
107 12
118 54
199 270
141 131
107 238
137 218
169 214
220 211
199 16
182 192
220 105
193 163
119 192
9 217
193 245
21 171
105 287
194 132
97 203
202 218
23 37
129 142
297 159
91 110
162 94
103 161
289 279
7 72
196 143
290 248
116 33
122 200
88 63
53 72
125 207
169 55
85 83
208 2
219 38
105 261
271 275
129 256
163 50
174 215
291 135
140 285
80 63
73 104
109 51
258 164
108 258
163 196
170 294
30 200
171 140
150 123
60 108
234 245
14 46
291 283
171 229
54 257
227 279
53 177
49 66
131 0
279 225
231 81
95 158
88 1
210 84
286 193
193 263
143 59
247 197
167 3
161 68
166 169
0 181
53 193
234 142
69 262
221 252
61 39
149 226
57 110
157 48
296 295
181 135
299 154
225 245
292 20
81 278
189 233
271 243
164 289
237 37
192 149
145 161
163 91
296 249
22 33
172 205
33 229
235 116
108 299
31 130
54 273
153 98
65 87
97 149
240 61
131 251
77 75
223 64
45 82
292 105
89 202
62 258
65 296
277 57
282 238
26 267
44 11
1 19
99 274
167 68
1 29
120 255
41 275
79 110
161 58
228 272
82 107
45 95
87 115
181 106
24 89
41 222
81 230
195 33
199 277
260 126
195 26
286 96
151 76
287 94
223 242
174 241
116 125
71 3
132 260
169 299
118 214
245 22
50 209
29 108
169 80
166 42
112 31
9 257
87 255
197 240
182 104
214 66
170 197
158 173
182 290
46 20
40 58
32 158
203 139
150 168
229 141
211 144
234 212
266 250
214 141
20 196
292 188
122 162
72 27
249 233
15 121
158 23
213 184
106 31
60 258
71 281
278 243
3 43
176 96
107 237
208 92
47 67
239 248
174 247
192 253
268 101
228 156
231 50
217 256
100 248
231 216
257 68
45 180
105 162
18 252
199 278
187 185
167 221
55 155
154 264
247 96
199 63
289 292
61 87
211 41
296 254
3 93
85 2
187 27
298 50
186 274
264 7
210 197
75 204
268 243
32 221
51 156
273 138
252 170
102 155
168 162
33 95
68 227
50 155
255 151
193 222
40 250
0 232
142 242
183 226
268 121
12 298
100 207
278 247
152 196
273 152
233 107
4 206
236 266
5 236
44 29
1 222
57 35
289 295
246 48
201 245
286 35
263 256
132 243
287 48
123 267
268 43
283 264
57 83
289 71
137 190
215 206
261 67
89 11
204 87
131 65
270 142
205 223
82 23
63 186
189 265
90 253
112 101
81 274
65 118
274 223
88 154
135 117
42 274
21 283
242 110
41 47
254 31
100 58
228 147
29 246
270 98
129 184
206 218
172 245
106 5
186 126
132 111
51 233
141 148
55 151
74 125
187 9
11 140
190 294
98 170
156 131
169 257
230 67
0 287
231 6
102 231
226 194
69 255
41 56
143 237
73 208
110 190
202 79
244 251
20 251
17 131
284 143
0 18
175 208
284 45
168 57
283 260
72 35
225 258
100 220
219 280
248 142
25 184
49 13
30 197
248 86
93 84
260 42
216 164
168 274
86 293
246 254
276 39
85 0
280 173
82 263
172 156
256 236
227 162
190 30
224 292
265 282
292 61
217 23
154 6
10 42
240 167
285 178
200 177
146 33
145 1
25 52
92 212
28 170
42 243
225 181
248 208
98 158
152 30
172 149
220 85
123 268
140 51
224 29
280 151
174 20
12 27
20 103
49 22
81 30
64 68
135 1
38 97
11 262
217 57
119 2
239 73
78 226
85 196
9 167
41 181
246 150
234 150
202 197
168 209
247 128
278 264
111 202
136 114
240 195
210 236
264 250
117 92
246 129
60 242
202 148
189 137
240 55
284 137
28 148
32 30
211 4
156 67
276 253
134 228
48 135
6 103
103 292
257 8
124 277
28 245
166 126
295 156
29 179
258 29
55 181
131 211
80 38
97 61
50 234
37 44
275 273
187 180
246 55
286 36
164 251
207 287
259 120
265 296
295 106
145 21
161 33
144 146
211 168
138 146
227 106
250 36
182 133
172 174
155 44
158 278
167 168
147 206
297 175
44 273
103 105
42 28
45 159
182 134
162 14
235 94
193 141
242 91
153 73
285 237
240 241
247 4
278 134
219 97
294 107
248 179
296 181
170 80
131 225
230 22
1 237
255 165
32 138
38 169
207 142
17 176
187 246
83 100
17 228
196 298
214 248
248 210
133 94
16 240
41 214
140 275
200 165
166 49
131 5
47 187
222 299
57 101
163 38
