300 2200
254 196
129 253
60 30
125 139
266 34
5 152
9 138
67 182
161 282
180 103
281 288
194 104
9 124
71 179
204 12
232 223
113 267
107 6
12 125
259 141
203 216
79 188
232 8
167 139
194 80
53 151
204 258
147 88
291 198
126 188
189 74
76 0
51 138
74 115
50 15
263 109
13 46
158 270
6 152
9 268
211 161
167 203
172 282
49 206
30 154
181 163
16 236
51 5
249 11
264 168
54 119
14 229
141 235
103 50
107 70
294 229
28 22
203 150
34 235
17 155
9 15
180 281
58 131
39 148
61 108
18 47
234 75
129 105
164 130
227 118
66 39
272 54
75 172
69 133
72 49
118 12
269 68
175 224
225 199
169 240
201 105
125 210
82 23
68 281
95 27
180 269
66 276
297 52
165 206
178 291
209 9
291 123
244 78
111 117
58 185
167 278
258 260
3 209
252 39
277 82
101 293
135 20
195 219
271 98
287 239
177 165
99 59
74 226
153 97
138 143
102 8
2 278
215 197
269 195
107 272
266 50
264 13
57 207
283 13
172 178
263 190
167 50
185 60
237 282
35 142
161 266
14 219
114 109
116 118
30 37
51 41
133 187
26 87
156 272
74 86
220 17
48 260
205 160
50 222
9 248
262 237
33 245
86 91
184 228
283 152
6 263
82 58
131 246
149 59
287 58
237 271
226 199
261 196
165 138
253 94
114 80
20 280
62 285
103 142
102 234
136 150
147 85
200 101
238 280
29 26
235 231
93 196
186 95
6 24
153 133
148 269
131 258
164 190
44 12
296 236
239 20
123 79
240 260
99 90
88 256
133 54
11 83
135 224
120 9
251 37
164 170
161 280
138 118
234 2
177 156
295 95
159 13
41 291
215 285
212 200
1 225
51 165
232 219
205 32
54 296
11 262
287 213
41 259
186 127
180 192
93 12
210 56
172 225
81 200
247 55
106 156
140 36
1 279
100 133
131 239
251 147
44 115
103 69
174 298
136 142
274 173
287 268
297 254
168 261
270 4
70 158
219 282
260 32
129 249
289 231
110 45
111 239
210 122
141 281
262 44
205 39
252 298
222 28
84 262
240 226
178 3
148 158
53 44
280 230
247 268
44 92
12 294
122 6
200 137
242 30
84 10
39 173
132 299
170 145
108 280
261 9
231 101
171 160
97 210
99 21
229 267
122 119
253 48
54 50
100 290
54 173
288 9
29 187
282 184
259 156
172 71
15 134
30 102
270 143
297 220
64 57
26 184
140 206
12 106
137 65
253 109
89 186
64 156
261 297
234 42
121 158
248 110
75 106
93 168
61 62
287 203
239 172
183 196
149 214
159 111
159 259
256 26
222 210
240 159
232 288
23 162
140 97
246 5
156 172
67 267
0 181
135 213
165 12
216 10
267 258
155 38
268 20
225 194
253 270
240 254
165 230
297 278
191 144
99 260
142 273
11 72
135 261
291 190
284 210
278 100
233 225
153 284
93 230
171 50
294 159
43 204
19 29
0 182
79 244
132 269
16 237
231 173
259 155
161 106
26 208
36 162
64 77
162 69
96 173
112 200
166 296
212 127
24 5
89 269
89 150
113 225
134 273
292 162
106 236
213 289
167 30
91 196
283 53
241 40
103 156
128 5
148 167
48 144
193 92
182 129
139 121
30 132
194 92
82 47
183 87
81 57
114 9
34 280
186 290
82 208
204 243
289 137
74 85
130 294
176 161
6 286
14 77
264 206
102 285
260 282
106 197
174 33
227 1
32 224
256 172
141 7
77 82
197 120
76 222
55 92
153 299
13 242
156 137
226 136
59 262
170 296
10 164
191 45
139 143
296 143
265 63
130 138
34 29
27 101
193 241
40 16
269 98
136 34
267 95
50 133
143 271
43 120
169 74
32 113
127 0
138 89
222 14
270 134
29 15
258 147
296 16
227 177
87 148
2 256
20 126
54 2
207 48
9 68
233 61
241 158
290 205
165 93
268 69
135 5
283 75
230 265
181 68
187 163
288 76
218 15
118 152
184 27
295 255
129 159
176 190
263 125
20 218
89 68
272 119
184 51
251 91
87 106
142 148
167 172
130 107
87 8
156 256
175 82
128 169
58 95
178 77
20 68
99 178
55 272
203 175
34 121
157 210
30 134
52 149
212 135
171 216
266 279
81 60
82 204
88 33
184 238
271 76
143 276
93 128
160 140
85 80
215 268
123 65
213 134
296 87
276 122
254 91
112 269
106 131
127 20
35 287
30 282
288 197
50 46
34 66
130 47
171 63
1 138
21 129
207 144
152 281
89 5
63 47
93 273
52 264
115 281
275 159
51 296
120 267
13 224
100 223
150 139
134 93
279 170
150 11
81 131
294 31
80 204
214 73
118 158
252 297
276 281
31 110
83 198
272 214
299 120
213 255
6 173
22 136
266 276
59 188
216 134
25 87
77 230
112 147
199 11
54 137
143 161
180 238
73 258
139 69
49 150
260 263
166 79
11 25
272 159
274 61
276 287
249 98
179 19
277 267
159 299
67 80
31 7
288 207
237 200
263 243
99 161
80 180
63 268
103 105
137 112
26 292
19 114
268 129
70 202
146 103
183 218
145 51
102 122
171 133
124 152
127 234
27 209
189 56
239 195
209 238
50 194
249 38
209 55
102 58
229 7
279 123
48 136
175 265
274 258
158 238
213 136
299 194
223 130
3 106
200 133
207 112
228 53
25 16
69 54
213 178
282 203
37 279
285 75
44 172
111 297
79 51
286 297
153 223
147 277
7 168
277 299
2 291
44 242
73 103
156 298
85 98
257 256
152 143
290 29
2 151
156 194
8 60
154 165
24 74
172 67
64 79
93 38
147 100
270 74
158 212
291 6
19 163
229 126
11 194
298 209
62 172
147 239
209 79
25 32
254 238
232 109
236 112
109 157
253 124
91 288
270 123
10 280
61 111
197 63
247 120
60 190
241 15
160 11
158 186
112 76
212 129
197 249
272 31
48 138
126 289
258 279
280 253
146 59
223 182
137 265
45 87
19 175
54 221
269 53
86 13
133 46
235 17
232 275
86 183
151 198
6 111
103 93
185 274
242 237
201 254
110 259
252 169
86 296
165 276
19 23
103 109
105 68
87 200
271 84
262 188
174 80
182 58
70 217
295 270
103 96
155 64
209 25
188 135
39 23
27 140
71 281
135 273
158 161
195 282
199 16
130 34
229 141
288 269
103 202
251 64
70 229
206 141
21 230
96 114
207 211
222 114
108 93
290 23
15 139
111 71
43 147
104 280
25 231
168 150
19 265
185 71
67 16
144 274
194 32
204 187
154 224
159 186
194 35
40 33
299 131
61 95
27 16
284 181
251 162
47 266
283 183
261 140
147 286
197 138
7 296
157 214
176 56
222 206
256 190
98 258
180 121
36 231
173 228
41 67
290 7
156 121
57 32
239 99
15 74
81 161
297 260
294 239
47 208
102 194
125 25
197 3
165 104
223 2
18 190
234 60
151 139
230 80
50 36
158 12
70 159
155 253
20 42
26 234
226 68
11 243
149 235
257 147
159 119
91 118
172 93
81 210
56 265
273 19
235 162
156 179
211 253
142 22
138 149
98 78
99 179
223 23
229 21
65 248
227 76
17 258
287 85
207 266
89 3
190 51
51 231
230 44
255 276
117 181
206 250
100 155
173 297
37 145
183 83
162 260
102 241
268 188
84 106
98 156
117 245
255 188
163 59
62 289
92 134
25 121
222 295
253 138
164 118
105 152
56 45
125 254
233 229
100 92
241 26
218 127
56 204
71 104
180 56
189 295
57 134
191 211
73 195
20 247
20 238
187 60
51 192
39 278
65 213
176 288
79 75
282 289
263 90
257 218
71 129
21 63
211 162
182 194
35 95
100 265
227 296
65 262
161 249
53 204
297 60
189 209
67 71
83 254
87 143
41 118
216 160
145 49
124 134
17 10
177 91
105 295
103 126
72 122
112 181
19 21
261 284
81 224
223 143
69 256
120 218
213 121
135 175
122 28
157 142
46 202
66 178
290 55
170 116
42 192
24 76
36 183
115 177
53 100
215 90
290 228
298 9
49 96
34 78
68 29
33 181
257 78
39 2
43 228
0 144
199 140
28 0
144 38
52 176
77 207
18 241
21 58
263 179
290 60
122 250
4 298
136 239
175 163
191 185
56 54
255 253
231 174
125 29
239 157
91 77
10 54
225 45
115 58
14 204
138 201
47 249
16 50
293 182
7 132
226 208
272 216
93 150
62 120
139 237
209 170
161 148
217 117
196 58
7 13
227 254
100 241
38 134
64 69
81 291
288 154
180 12
42 4
136 233
107 84
99 151
143 285
58 222
129 26
79 82
184 146
78 150
24 53
89 56
273 294
180 228
269 61
106 25
200 206
27 6
36 169
276 16
68 207
80 153
80 296
89 112
16 141
107 255
145 296
238 191
160 256
152 286
133 75
51 177
54 200
29 179
104 117
8 2
109 76
115 1
194 8
174 68
272 269
113 30
4 293
140 296
196 79
213 23
219 174
64 97
119 33
40 185
23 20
95 11
285 204
225 212
172 180
158 18
225 276
80 129
53 207
55 208
62 143
126 128
137 219
186 133
182 7
176 213
245 144
166 16
77 12
51 23
23 215
29 137
276 169
294 190
258 0
145 172
111 260
29 95
144 26
208 259
46 132
248 256
161 197
252 83
129 112
137 208
104 57
277 259
164 225
106 274
5 139
56 254
107 216
196 69
274 195
254 250
260 60
33 5
36 66
234 157
72 155
74 37
177 270
124 239
85 179
94 277
168 243
82 86
271 152
22 264
246 253
117 202
137 229
183 184
17 153
257 107
46 251
274 19
43 187
223 197
51 257
48 13
166 99
239 141
283 200
73 72
83 141
190 258
62 13
174 4
89 16
111 187
36 116
56 216
26 1
40 39
278 159
70 62
105 63
197 270
152 268
255 64
281 190
205 270
253 185
206 94
80 240
23 46
245 95
103 143
283 239
182 71
177 137
178 36
147 97
10 187
128 17
154 215
199 230
139 192
253 120
185 2
237 289
72 249
273 297
224 266
70 84
139 190
230 75
65 172
159 165
5 82
13 210
211 277
268 283
81 68
223 276
28 165
31 50
3 282
143 49
46 64
101 3
283 133
223 286
110 173
210 149
26 223
182 53
284 283
117 256
209 64
281 236
251 218
86 152
90 107
76 137
103 223
126 163
207 131
196 65
237 277
87 118
186 256
55 88
210 201
42 253
47 192
201 18
159 54
21 277
131 253
36 119
73 40
120 16
229 118
125 248
90 188
14 30
230 18
170 213
156 131
260 281
218 216
239 90
47 237
167 225
158 162
224 122
194 293
224 216
276 142
284 8
34 195
168 146
109 78
196 208
109 270
118 92
91 65
281 169
297 157
89 224
96 105
99 135
87 11
158 54
102 7
196 240
85 296
210 88
173 49
175 167
202 106
229 170
138 28
43 143
243 149
60 213
160 80
85 105
163 299
120 202
194 227
71 138
157 240
90 138
139 234
296 226
9 25
38 273
246 48
189 19
298 107
208 112
268 58
210 17
263 138
294 297
118 267
180 61
275 286
10 159
14 41
42 195
0 213
119 123
274 162
25 229
157 100
69 95
223 7
270 178
99 66
137 51
8 198
243 285
299 18
181 237
231 175
40 65
226 227
134 281
41 53
192 240
266 167
230 228
230 196
69 33
27 206
228 182
83 51
299 272
170 257
275 217
46 151
176 104
217 264
48 93
256 203
206 191
262 21
217 107
6 105
131 188
156 70
253 128
41 47
99 92
211 296
100 187
265 115
216 0
117 296
249 18
141 28
181 223
119 266
131 144
92 236
72 27
189 132
137 223
270 215
189 68
143 84
195 151
116 12
268 88
295 226
243 75
67 258
145 120
297 8
224 163
169 298
195 192
198 258
139 100
199 271
181 281
119 222
88 51
238 214
116 31
218 223
10 273
97 135
51 48
96 71
71 59
183 188
295 193
91 111
145 247
17 291
165 19
255 157
179 280
38 99
171 167
223 280
75 202
11 148
30 280
149 92
133 257
21 25
102 46
263 262
93 81
81 88
149 195
18 61
55 126
217 109
170 70
162 203
148 83
253 182
269 66
62 298
153 151
137 155
143 67
266 296
193 269
125 205
67 246
199 227
182 130
117 297
49 205
24 284
255 48
234 128
147 176
227 140
206 2
217 218
243 10
273 181
81 278
125 246
121 159
146 214
289 23
249 122
128 57
78 58
101 268
290 265
102 20
227 164
73 204
3 225
188 194
212 239
247 159
186 258
94 208
182 44
215 174
60 25
194 172
129 122
10 27
236 199
236 68
226 220
184 264
193 93
197 296
113 4
292 189
143 109
292 133
224 245
151 24
272 49
156 290
84 110
67 179
97 229
124 132
110 129
180 146
230 266
168 194
183 228
35 225
56 269
6 292
222 187
213 171
137 193
44 143
286 282
243 176
281 4
128 185
99 128
278 287
43 23
11 173
144 21
34 102
269 229
228 224
275 147
248 80
204 94
239 275
221 277
8 270
79 97
241 133
87 230
234 293
149 32
133 159
245 272
277 121
167 253
239 164
254 241
263 95
66 84
99 102
167 279
210 18
60 99
230 134
238 12
43 181
185 63
21 260
45 113
86 72
117 209
141 199
80 159
185 51
168 278
13 290
67 58
150 281
115 194
132 114
206 229
213 151
10 22
207 177
72 291
294 103
37 265
212 78
211 172
56 115
54 234
219 15
199 69
75 116
174 206
246 210
87 144
165 237
164 1
229 109
127 21
196 258
189 149
0 126
287 149
33 271
70 179
232 296
49 110
260 49
236 80
125 172
85 229
263 208
97 247
253 61
38 215
257 2
3 35
167 198
19 95
139 206
73 3
142 37
170 1
297 266
75 63
243 68
172 204
219 70
101 175
140 165
225 88
256 110
172 142
201 250
157 154
206 172
29 285
113 0
39 282
146 41
62 124
4 78
204 50
20 60
70 44
140 103
193 276
3 93
222 198
120 107
24 223
42 239
180 69
277 201
110 42
270 232
83 281
74 55
230 55
290 203
187 283
279 197
234 3
128 183
62 142
276 110
28 189
149 191
148 19
220 281
199 144
225 63
218 42
157 204
163 169
265 288
250 230
67 86
254 294
175 100
91 281
262 247
144 290
3 121
97 232
98 76
51 113
260 144
174 40
148 171
217 99
122 172
275 265
172 140
59 208
113 24
20 3
13 229
93 14
124 2
147 183
191 234
245 87
246 252
55 224
170 110
275 288
111 1
32 45
79 115
229 65
189 20
35 136
232 268
42 209
98 140
94 26
282 164
270 289
243 228
10 268
197 129
29 115
236 108
293 137
85 78
273 241
244 248
119 238
170 148
21 190
86 146
244 175
25 213
73 108
178 286
94 211
156 12
42 117
227 228
192 208
169 206
126 143
71 148
128 3
178 53
36 204
101 6
15 203
190 194
109 199
252 198
35 299
277 108
108 78
226 153
75 104
240 283
202 188
176 13
87 223
158 25
102 261
53 158
228 277
144 213
240 60
268 180
93 169
30 46
275 134
85 157
70 51
43 151
136 185
164 21
38 240
231 75
132 51
186 299
5 235
117 279
40 72
52 6
297 146
119 51
102 90
15 41
298 32
280 163
298 204
62 271
295 147
212 250
189 88
171 105
118 68
163 226
265 114
253 106
241 209
292 192
243 184
152 217
70 244
264 236
299 26
266 147
38 42
288 79
225 127
251 104
133 23
76 21
216 73
277 29
226 109
48 292
167 264
272 99
205 123
221 224
99 168
167 231
7 125
103 15
269 163
293 77
108 7
296 208
221 98
4 152
204 31
145 81
120 49
192 191
108 92
291 193
195 11
73 207
0 84
183 84
5 177
273 73
86 11
149 293
128 13
244 290
192 32
85 95
83 162
160 257
40 4
5 252
153 270
241 55
125 120
200 16
218 186
54 245
179 269
269 248
252 107
44 234
276 203
101 97
63 167
146 104
23 260
155 90
288 29
20 122
55 87
160 188
205 108
120 98
207 11
42 222
296 68
85 165
110 240
153 129
288 244
299 59
81 55
247 45
177 18
151 10
101 160
45 134
27 264
9 283
28 35
206 72
201 193
150 119
208 29
81 261
170 115
214 286
118 182
96 89
143 82
286 190
56 179
25 15
241 10
152 110
114 179
53 117
238 268
87 262
117 74
109 238
296 157
163 242
132 17
83 299
26 192
252 265
255 12
281 7
11 56
150 148
287 66
85 246
45 270
81 73
235 56
201 39
52 139
11 121
79 264
270 234
157 247
243 69
211 235
84 153
82 274
270 284
19 284
298 293
245 257
15 177
144 73
168 81
285 32
292 31
168 171
89 146
172 104
94 16
17 294
36 117
100 141
5 240
75 210
53 135
176 278
6 81
105 206
266 53
57 7
180 276
253 36
265 47
30 57
216 222
141 158
242 259
197 16
14 274
148 291
266 229
166 285
122 235
100 138
233 158
262 94
243 25
226 105
216 208
194 98
101 226
171 19
100 249
283 34
180 210
260 52
144 58
206 38
61 58
214 137
133 195
104 248
25 286
123 195
140 203
243 276
270 241
34 202
128 69
156 116
216 139
293 212
10 117
270 220
144 72
49 137
232 32
261 6
61 125
13 27
26 175
208 173
8 189
82 240
209 258
289 116
86 14
226 182
86 239
136 62
205 220
36 163
138 38
191 216
225 148
127 160
103 43
170 43
184 223
169 190
59 230
279 193
55 200
154 83
75 31
261 212
96 238
285 264
90 222
35 259
126 154
265 83
233 269
147 87
159 118
122 219
205 121
186 207
87 252
28 238
181 1
74 12
16 30
232 31
139 175
166 149
193 35
221 195
172 102
222 4
246 194
34 255
299 200
244 269
118 167
211 252
282 239
281 8
105 279
193 89
174 253
42 245
143 262
124 229
193 6
284 107
1 7
265 198
282 277
17 281
29 44
40 215
263 261
9 121
71 294
262 40
68 11
190 93
282 9
71 186
46 18
169 113
132 218
32 203
129 53
55 8
233 39
246 45
271 145
265 40
86 205
246 258
175 189
111 235
237 188
62 299
240 247
174 180
100 227
213 180
101 238
75 107
228 22
18 54
283 118
146 177
165 148
219 196
120 135
8 294
192 212
74 142
135 48
273 30
256 279
223 58
97 252
69 240
196 218
276 118
171 128
43 79
89 25
13 237
96 11
19 169
262 146
227 287
133 266
88 131
209 76
207 88
65 264
259 51
206 197
254 95
293 250
217 42
136 97
169 236
201 40
268 6
158 252
58 73
189 216
27 261
101 221
185 193
240 295
269 241
220 218
240 279
82 218
289 251
261 260
61 235
246 66
65 175
202 221
96 195
137 232
41 284
63 5
169 290
139 149
59 238
205 15
70 273
252 236
24 29
273 101
91 289
3 26
76 77
132 57
90 115
152 179
51 124
106 83
101 114
126 110
184 139
290 257
93 209
107 65
55 219
229 78
252 229
236 194
119 87
120 288
61 91
152 236
48 83
118 74
299 73
121 49
148 179
86 295
186 72
24 237
299 243
25 273
252 292
256 224
185 116
130 220
113 120
9 69
274 29
15 16
187 61
131 185
75 168
158 273
58 206
95 151
105 91
133 173
151 93
276 298
257 0
259 144
139 127
147 25
196 23
255 70
220 285
218 133
18 237
7 246
91 285
11 70
140 154
55 248
210 272
31 51
241 6
78 154
39 195
3 126
57 99
6 221
178 125
94 169
133 7
237 299
293 40
26 233
230 51
246 245
142 78
75 290
274 220
62 281
125 289
113 46
84 30
118 124
205 282
240 26
243 195
216 112
195 26
6 116
10 184
156 133
135 84
276 224
223 92
97 149
13 177
95 231
163 2
131 28
55 263
30 129
155 91
69 233
120 138
276 61
