300 3200
128 271
218 2
51 290
290 245
152 50
175 131
146 283
175 40
109 92
87 213
16 262
291 89
289 147
73 185
229 60
107 279
271 104
290 156
197 117
79 93
48 244
134 207
26 270
256 252
104 158
14 137
222 48
63 192
248 210
14 232
209 149
208 229
253 191
212 167
176 206
60 155
254 147
208 87
64 113
160 266
74 210
273 259
106 179
43 161
54 268
279 161
198 108
195 256
146 159
221 14
287 170
41 136
58 75
227 124
95 296
267 251
197 74
195 37
286 62
282 58
208 294
32 277
69 186
236 293
130 191
80 115
15 232
95 153
0 122
187 78
7 145
12 128
111 181
165 163
236 81
296 176
117 264
88 36
158 136
70 289
277 27
33 69
173 192
237 44
214 267
215 81
32 112
123 230
81 259
262 33
45 196
31 225
153 43
250 133
18 157
133 46
234 17
295 76
226 264
223 262
64 212
200 227
298 10
73 270
231 52
44 11
135 189
122 17
179 257
70 299
48 46
242 21
99 92
112 109
235 202
155 30
26 207
197 89
276 135
169 143
219 183
266 17
203 75
73 225
167 157
4 87
38 106
169 147
178 110
267 8
55 213
207 227
203 70
261 1
63 294
15 299
285 232
146 165
156 267
59 163
136 275
89 169
268 94
20 29
123 105
224 91
97 74
175 0
123 260
144 216
46 288
31 262
193 124
40 248
235 12
246 40
79 199
115 131
93 284
208 157
220 3
133 99
293 242
214 79
142 178
115 257
22 130
143 101
180 183
122 161
169 9
102 175
130 122
37 283
6 163
121 197
57 215
241 65
78 52
21 275
62 22
225 52
288 87
220 268
4 85
179 137
117 114
84 267
4 77
202 130
264 73
291 67
241 129
121 101
218 140
82 179
196 222
68 170
291 87
199 239
103 147
221 91
22 41
52 296
81 222
11 169
240 226
102 251
257 154
177 36
129 111
254 169
175 80
208 95
59 259
143 248
269 261
43 127
292 216
186 212
180 209
175 58
93 94
230 19
264 93
34 241
298 48
103 184
243 215
51 69
12 45
29 260
177 13
18 29
185 109
19 138
54 3
224 119
270 216
82 96
228 213
253 65
174 270
120 92
233 161
189 75
6 254
237 55
107 226
185 63
82 15
186 201
155 238
232 296
59 42
216 84
129 25
169 29
98 268
141 232
266 288
63 271
22 20
95 253
105 84
204 61
164 222
193 181
7 256
23 133
279 105
203 105
81 196
149 247
131 259
41 239
38 24
12 248
139 34
207 209
77 214
77 257
220 17
125 139
92 117
152 59
38 293
227 278
62 174
74 276
278 52
297 229
83 256
37 79
47 65
83 293
5 74
30 179
111 23
242 153
171 11
198 296
256 196
276 14
82 129
168 67
8 204
46 120
53 81
16 101
285 126
197 192
273 165
234 27
289 161
15 18
54 23
84 120
184 285
248 212
155 237
205 292
122 30
21 138
119 42
106 160
77 40
236 20
111 93
77 285
292 268
157 193
51 206
106 287
4 296
186 241
25 287
78 106
292 116
197 22
226 156
12 182
122 102
93 2
101 299
41 134
198 258
138 290
147 179
82 58
125 239
288 209
145 102
41 98
10 134
249 179
153 89
166 29
55 260
173 39
101 235
82 148
250 40
279 42
19 179
140 239
234 153
220 227
252 119
241 91
71 47
90 119
162 263
203 276
241 187
259 195
294 249
99 37
39 158
62 252
68 157
213 263
220 297
289 53
166 69
188 263
265 200
249 5
238 106
192 266
179 202
50 274
128 52
208 247
219 33
91 176
177 134
82 175
212 166
176 196
272 157
16 183
88 9
195 172
109 94
73 252
119 31
44 131
153 166
87 78
299 205
82 136
253 81
82 119
251 289
13 142
87 16
60 169
280 138
291 24
127 68
180 256
199 31
223 191
54 149
265 182
229 271
9 60
294 92
91 164
51 189
284 219
152 33
69 196
217 205
7 109
138 284
265 289
204 264
210 287
281 295
16 1
255 2
138 24
101 14
131 201
98 229
31 88
79 19
104 157
284 42
56 120
164 52
253 52
30 120
11 82
22 43
102 262
64 216
51 40
284 173
96 109
189 70
99 83
125 48
193 226
76 206
281 254
64 279
57 118
167 40
27 44
10 28
92 236
263 125
150 192
227 20
139 133
284 295
128 227
187 155
292 90
222 279
148 97
82 197
299 186
254 83
210 138
160 39
178 95
175 151
204 71
70 132
144 155
21 116
61 291
265 143
30 230
148 135
264 16
58 115
184 225
255 187
86 5
193 128
123 180
285 136
260 287
128 6
97 2
210 174
196 233
68 290
287 128
256 168
193 50
210 291
62 173
271 129
8 25
292 19
226 204
208 140
15 247
241 49
184 258
103 248
248 121
63 101
152 66
163 19
140 114
69 68
47 222
290 292
287 159
265 83
118 98
76 77
97 46
262 87
60 269
3 60
275 12
211 130
213 196
236 137
49 97
265 212
272 284
149 30
161 117
290 88
274 162
31 149
283 81
141 247
124 123
278 4
212 211
127 192
138 220
121 156
135 36
124 264
69 181
106 260
165 156
16 241
262 97
131 90
270 38
41 91
173 247
251 213
56 59
277 289
26 117
191 1
175 193
145 291
145 235
35 2
84 130
157 216
101 30
183 58
227 132
144 283
293 247
124 135
234 243
23 167
134 213
30 264
97 208
50 234
202 277
196 30
29 290
282 108
293 141
82 86
134 224
287 188
283 214
176 156
149 251
17 262
136 161
3 106
212 169
248 178
202 58
136 102
6 267
132 71
164 33
112 164
218 238
5 191
255 105
180 243
16 188
1 210
11 115
57 253
89 58
191 62
132 17
146 231
183 138
219 201
191 65
79 284
13 261
185 80
276 168
289 42
156 127
284 121
44 99
214 176
125 148
5 165
60 141
286 222
191 23
152 104
238 96
70 297
213 47
118 169
267 166
228 156
60 48
144 130
130 190
70 137
221 105
281 242
212 76
111 275
159 244
284 69
19 18
85 298
269 264
95 44
12 227
275 210
290 76
190 103
177 157
142 176
178 82
261 100
115 103
296 206
101 25
274 217
231 266
92 64
70 76
29 48
210 141
187 86
75 166
173 282
216 239
127 158
8 106
30 67
127 285
253 119
213 191
220 12
88 207
292 221
31 115
99 142
291 20
100 186
43 88
1 118
299 238
99 39
41 249
198 112
37 61
154 142
98 183
215 11
51 229
168 180
129 282
250 83
48 150
299 298
195 299
125 75
158 283
189 78
146 222
203 155
15 296
185 127
177 19
70 204
22 136
218 84
177 269
151 257
105 37
113 90
289 160
0 210
60 109
21 262
76 21
166 14
119 200
196 193
278 29
141 165
266 129
139 131
37 33
204 220
225 105
179 204
63 189
299 82
32 198
110 74
206 136
298 237
134 242
234 16
105 149
149 165
273 125
101 273
246 175
178 77
33 136
107 157
163 142
91 111
47 191
87 155
75 26
272 176
252 2
154 110
248 138
243 278
101 20
191 193
268 170
18 128
20 61
99 156
82 97
171 259
103 245
26 229
74 18
299 73
154 143
130 228
217 168
117 42
207 91
0 282
204 182
28 168
176 59
90 225
9 90
9 257
82 298
299 253
18 290
148 211
138 223
273 12
264 37
84 134
212 57
281 91
159 206
240 134
190 97
277 169
269 173
232 256
256 38
166 89
69 168
113 170
94 282
64 84
169 69
147 3
129 262
217 66
253 240
72 155
95 81
179 132
233 188
179 195
55 96
290 34
131 296
34 162
0 39
192 198
117 163
65 8
70 154
100 192
287 245
224 120
130 147
144 145
217 234
102 207
58 110
194 296
267 169
193 158
118 215
172 212
181 52
8 194
24 42
57 46
124 208
68 167
37 179
180 239
10 64
120 260
278 237
130 296
275 154
190 30
152 78
182 72
53 204
32 288
261 145
4 252
234 57
42 122
46 249
192 40
232 12
51 186
90 169
204 269
35 208
181 162
148 66
136 173
294 130
116 190
112 165
114 236
258 32
97 68
107 257
196 255
279 55
116 29
36 259
219 180
102 9
63 7
44 115
148 6
30 212
204 80
120 236
299 143
233 0
193 88
35 156
285 84
33 217
158 54
91 50
117 119
180 261
285 218
71 103
82 208
74 66
52 149
197 65
184 74
264 115
235 183
273 196
10 61
153 13
23 142
159 143
94 269
238 204
14 201
134 127
81 136
149 144
170 107
175 223
77 215
140 57
84 141
4 146
238 182
51 58
183 100
221 56
216 271
15 197
100 46
84 204
46 179
259 26
245 184
77 196
116 230
122 126
139 281
131 84
39 144
12 176
132 211
120 104
280 72
276 11
107 92
68 249
77 30
37 92
275 205
98 35
215 274
139 200
244 169
21 251
79 91
290 277
243 206
258 104
259 51
68 262
30 157
276 6
142 184
201 9
154 133
214 164
1 112
259 33
181 76
290 164
272 6
37 270
185 67
126 276
184 15
110 96
2 80
165 268
203 194
233 257
264 141
12 241
210 257
195 209
161 87
155 13
284 231
131 142
172 62
176 155
123 256
163 194
56 259
195 283
199 197
128 149
53 59
245 172
175 173
17 31
78 284
170 51
295 280
254 158
245 88
247 36
298 12
231 298
32 186
173 72
274 72
58 243
137 126
292 187
258 289
279 48
27 0
237 92
287 147
120 241
129 239
20 145
143 220
24 112
82 271
184 37
219 53
221 212
61 217
225 85
185 217
98 248
51 193
274 201
76 16
210 241
97 141
52 152
290 57
113 101
74 24
2 119
214 205
26 56
42 32
147 252
221 253
156 63
22 124
245 177
228 147
240 199
281 37
163 147
294 224
100 280
161 218
224 234
95 232
294 225
206 286
192 62
58 267
141 211
269 133
2 152
116 228
271 187
12 61
98 21
17 283
76 86
217 10
105 60
15 155
147 195
215 113
103 48
165 231
276 184
220 48
81 265
80 297
204 100
251 217
67 73
212 292
120 51
125 32
88 82
271 124
215 172
191 57
111 106
102 140
240 164
27 131
123 102
211 168
5 27
142 54
55 9
45 183
232 34
113 20
23 62
173 53
152 60
188 134
18 50
129 63
49 291
258 132
100 263
158 34
217 2
222 186
232 189
252 127
171 217
219 215
253 188
127 25
290 184
129 234
296 23
224 271
257 126
223 264
277 257
206 298
98 200
103 274
92 62
132 133
32 78
148 192
93 227
229 39
233 18
246 41
35 203
168 281
240 45
39 292
298 32
214 11
54 109
22 186
114 299
190 111
144 279
34 170
128 229
88 75
88 261
49 108
13 188
70 96
229 101
292 81
277 66
2 47
222 40
19 289
275 194
50 116
122 107
185 172
19 15
252 211
127 169
147 250
138 161
91 238
295 199
147 8
229 48
271 287
160 223
152 22
100 125
128 142
290 89
24 36
178 246
82 291
208 220
45 68
138 117
110 109
63 8
70 191
134 168
255 233
39 110
253 213
188 249
285 167
139 297
174 223
69 276
75 17
92 183
175 199
277 103
81 45
243 163
93 104
74 198
289 110
270 34
118 78
1 113
197 77
198 81
223 30
94 38
188 187
238 64
6 94
278 248
267 258
176 140
282 87
141 134
17 168
258 286
20 75
146 19
107 164
18 142
174 220
215 7
194 258
54 148
31 294
8 268
12 109
277 115
249 93
247 113
201 66
71 189
61 163
51 192
53 164
129 29
220 68
94 85
80 294
153 115
73 177
29 186
156 159
218 258
163 14
139 155
284 143
144 152
280 177
35 263
221 83
233 191
268 143
280 284
173 295
282 26
94 164
93 143
48 18
243 92
195 249
70 113
83 276
126 179
177 61
170 259
143 215
163 16
31 291
287 132
255 113
93 130
185 34
21 201
74 202
191 158
87 97
96 8
157 76
62 154
33 237
16 293
77 283
279 121
70 169
38 11
68 243
126 280
88 102
164 17
244 36
226 268
136 3
111 213
37 230
267 146
264 13
161 155
93 294
116 132
236 34
188 257
211 270
74 89
183 298
54 111
28 194
166 296
97 22
230 129
51 238
16 129
135 202
56 166
209 134
293 178
208 113
58 126
136 150
79 99
221 192
130 268
135 282
37 62
128 61
99 193
16 164
215 92
183 226
51 138
294 229
276 282
8 89
241 194
289 219
82 16
60 133
177 84
32 167
12 160
129 220
131 100
263 193
31 145
33 170
292 128
201 4
60 164
8 142
152 0
219 65
258 124
239 69
21 269
40 240
30 62
217 223
232 52
229 36
184 116
114 220
220 57
24 237
210 155
152 14
69 59
103 258
204 149
119 214
193 239
266 294
12 156
84 222
235 103
228 3
0 90
253 201
151 209
116 92
275 80
208 282
212 95
258 2
254 28
185 138
84 263
45 296
123 90
29 285
111 16
162 125
296 200
21 247
197 55
236 199
215 253
290 45
131 22
156 177
214 258
6 211
163 134
172 110
186 267
126 83
286 22
244 56
87 299
100 8
203 167
154 136
56 197
202 216
267 92
253 94
44 90
211 138
233 17
52 274
153 52
232 123
169 216
245 112
131 188
167 275
54 297
234 165
250 22
43 214
77 29
122 81
187 1
87 224
84 275
11 283
62 0
127 291
192 255
104 268
135 33
203 79
1 282
209 218
226 273
189 195
220 40
201 209
89 99
204 161
77 206
102 112
50 82
220 278
197 287
147 59
74 206
175 138
231 26
105 273
246 70
233 284
78 245
136 282
137 129
128 150
41 230
93 90
91 167
9 130
76 281
285 234
1 29
46 171
166 150
88 182
220 96
27 211
227 7
196 246
197 144
23 17
251 192
108 189
271 276
164 219
282 15
130 145
200 75
152 128
6 32
141 92
88 155
226 208
278 127
263 46
196 237
11 89
280 83
224 243
250 26
194 176
175 34
149 187
199 247
266 152
207 51
289 81
211 209
246 182
123 58
228 132
19 196
80 60
210 181
16 18
57 244
196 184
64 231
98 152
269 265
39 140
210 28
295 75
127 292
158 255
169 3
40 122
180 36
255 25
38 273
189 59
168 84
234 152
65 154
85 48
68 2
22 205
244 181
114 128
152 172
26 126
35 57
225 288
189 202
32 155
165 219
292 164
128 79
286 156
69 264
127 88
32 266
141 290
63 159
283 107
67 238
87 148
128 157
244 294
180 275
190 210
138 221
105 174
150 53
22 29
119 289
98 285
17 104
84 56
182 91
286 40
202 191
299 166
53 259
223 56
43 268
281 212
252 213
246 149
150 139
138 192
14 43
45 211
240 172
143 95
101 122
284 186
57 147
148 267
148 264
131 82
81 235
8 113
232 193
22 64
72 171
168 83
108 51
208 98
32 139
118 153
98 144
263 195
64 85
54 139
143 194
167 183
45 57
207 148
93 245
294 200
97 35
261 132
1 101
181 110
143 109
61 123
3 85
32 71
20 185
129 91
249 62
111 171
232 58
228 88
45 218
171 269
258 265
248 97
99 268
229 171
198 241
142 243
241 68
219 8
69 126
49 101
99 190
57 27
48 276
287 144
88 103
195 194
258 159
53 28
216 26
170 60
196 53
169 92
250 131
145 17
236 295
261 58
157 24
189 43
113 45
130 55
43 65
148 26
221 116
80 87
108 28
235 49
171 198
91 7
33 176
176 135
52 119
47 64
260 225
53 177
160 75
25 235
183 169
171 53
148 32
183 222
251 221
272 9
15 28
73 202
251 122
118 175
103 163
83 230
104 182
139 187
237 236
139 225
48 141
209 26
224 22
189 95
216 275
86 147
149 217
40 227
194 222
131 52
80 213
249 214
90 65
113 67
66 215
92 219
88 115
144 222
172 137
111 131
175 30
82 0
235 142
272 258
6 238
296 216
30 268
107 192
136 103
270 64
151 8
52 159
150 170
75 136
222 45
242 267
36 82
131 199
292 17
214 287
71 213
228 197
250 218
148 256
64 282
96 85
139 184
118 25
228 286
258 99
236 127
33 181
157 280
132 188
192 175
260 45
179 275
61 236
272 81
197 164
256 46
3 229
140 19
129 221
9 89
109 4
160 94
205 112
182 119
132 126
158 42
23 176
18 267
175 22
167 219
56 21
170 208
19 200
170 202
31 141
198 259
108 199
276 87
183 162
207 41
125 146
21 152
30 231
86 3
169 50
282 28
47 46
123 133
105 42
143 153
198 170
148 175
137 59
265 234
100 65
129 18
130 293
115 159
43 294
55 280
170 296
266 206
256 132
289 71
54 235
41 235
183 47
63 56
144 139
246 292
41 183
186 204
177 68
80 196
121 61
143 170
199 138
83 85
279 62
271 94
192 162
116 38
18 59
66 31
132 115
169 163
254 120
286 277
2 182
237 248
168 299
98 95
54 299
137 196
152 57
184 134
20 214
62 15
206 47
68 85
146 54
0 120
80 273
10 268
131 12
33 45
293 208
244 22
164 63
43 37
196 170
232 190
95 271
246 135
38 276
114 179
185 152
298 209
31 200
298 176
202 169
235 160
1 0
8 244
73 243
41 11
241 242
221 106
138 153
93 133
96 127
120 9
123 210
21 108
232 23
138 63
114 287
39 136
147 101
281 58
19 116
218 59
59 221
223 195
171 107
255 19
176 40
253 149
58 141
223 12
21 277
279 143
129 114
96 12
84 227
192 278
137 62
111 59
281 11
97 204
282 298
227 25
153 260
133 211
73 235
154 67
125 159
105 223
184 252
30 173
246 203
228 215
77 281
58 228
172 221
14 51
143 87
81 295
206 132
232 129
154 224
1 256
298 230
10 229
74 82
52 87
33 192
258 232
9 202
168 255
215 1
266 79
25 94
115 252
172 43
42 225
6 109
219 266
56 279
174 12
200 195
298 170
111 49
204 29
29 212
143 186
243 230
203 286
97 158
287 218
100 197
234 5
294 25
270 63
178 83
3 207
251 290
81 89
158 25
228 124
47 159
253 187
95 70
43 238
61 54
194 206
290 265
207 4
4 139
78 280
170 118
257 38
6 188
249 258
222 246
50 143
215 121
36 204
74 4
256 239
35 277
284 166
207 137
152 53
74 56
229 33
293 108
17 44
25 73
261 277
161 269
264 216
136 16
6 116
287 157
205 49
63 249
162 131
145 3
14 10
247 225
280 93
258 79
29 99
50 159
159 17
24 144
233 228
137 275
166 113
127 171
48 72
253 236
61 237
139 282
15 139
99 52
64 71
60 217
249 73
247 4
278 67
183 204
250 59
44 181
10 250
33 82
295 37
265 280
88 4
62 189
298 260
256 105
242 26
196 116
79 34
2 71
139 7
179 48
276 237
239 283
28 264
26 179
114 5
1 206
243 265
24 61
228 224
36 184
265 63
227 57
50 19
135 219
98 48
260 60
23 84
208 146
163 120
97 53
209 233
221 104
187 167
2 83
28 248
273 59
165 133
111 114
285 90
298 253
147 197
50 263
110 134
40 265
178 40
217 222
282 233
1 95
89 19
140 270
205 42
116 265
86 267
256 119
43 193
97 258
281 218
197 246
192 154
81 87
194 242
235 281
147 284
160 210
137 58
52 217
36 15
27 232
137 182
90 78
282 176
287 230
184 227
106 77
85 234
50 289
278 279
255 159
64 16
63 176
34 38
50 122
191 274
196 165
213 279
255 164
150 41
254 155
168 38
35 267
124 132
139 191
97 38
45 154
227 171
121 200
129 64
28 5
262 105
123 258
191 243
1 269
2 59
225 248
132 128
86 145
297 193
230 122
197 125
283 243
100 123
82 10
211 233
234 55
142 115
59 131
1 33
213 247
254 121
74 32
265 16
185 223
127 21
148 283
44 199
115 50
160 186
145 251
87 23
31 237
165 250
231 195
251 187
75 141
227 83
107 49
65 267
19 35
241 59
74 265
176 125
61 16
48 161
272 94
261 295
162 225
245 30
122 227
141 101
173 216
200 276
52 263
211 248
129 112
291 271
291 115
160 98
240 152
24 152
46 153
277 191
243 231
76 153
29 215
251 283
177 79
154 278
86 33
16 203
245 186
222 185
160 56
78 267
129 0
9 154
35 8
65 217
165 85
194 183
204 106
11 233
13 168
40 85
274 166
67 221
101 260
143 130
247 29
89 238
34 83
124 118
25 151
12 164
82 199
97 98
106 93
71 125
135 179
229 290
144 241
136 288
222 57
141 273
105 240
196 191
86 295
54 20
134 215
173 260
257 85
196 284
170 230
76 109
186 248
147 109
258 251
238 193
29 231
128 225
108 140
126 181
253 54
193 57
34 279
15 225
142 100
91 46
155 108
146 252
128 183
58 225
36 186
52 29
235 262
259 153
179 292
45 226
134 118
89 29
268 161
60 213
257 69
179 165
56 99
76 207
234 134
65 176
93 204
202 268
224 233
136 122
234 254
290 14
90 164
192 50
145 260
70 33
251 190
96 83
43 4
62 290
98 299
99 171
121 232
242 192
124 5
66 209
6 134
54 51
186 59
10 98
276 101
93 98
120 240
11 32
117 178
100 9
147 16
232 139
176 134
128 94
65 3
20 240
76 217
10 137
291 201
161 281
245 240
288 283
274 132
279 187
255 21
265 132
117 107
123 189
280 134
120 4
12 274
32 231
298 174
11 7
118 58
159 286
116 113
26 49
156 23
190 79
148 176
53 274
234 80
172 201
156 167
18 123
276 86
64 148
39 19
25 247
115 272
49 290
278 251
15 236
100 231
213 157
171 161
51 244
280 262
275 276
229 124
31 142
130 53
80 176
51 13
6 289
267 291
263 272
293 100
138 297
271 188
95 110
159 88
66 253
188 250
217 242
185 110
225 271
163 135
299 291
207 242
50 25
238 156
69 100
112 43
85 246
152 209
287 119
88 149
72 84
230 110
2 244
85 176
230 292
243 251
132 68
32 250
33 255
95 65
21 103
201 85
61 51
217 118
199 6
199 34
148 246
13 239
44 159
27 73
278 214
296 92
218 63
13 219
232 77
286 227
216 256
185 86
176 236
192 267
65 227
242 260
201 196
146 121
172 250
173 134
234 21
39 284
63 236
213 174
41 281
172 283
23 86
48 136
60 107
256 266
183 93
145 201
53 202
136 9
196 296
174 107
288 155
289 124
296 124
181 265
250 227
181 251
209 261
180 9
73 291
227 150
43 287
72 76
114 105
70 102
7 146
82 163
38 42
59 88
100 241
206 21
169 21
190 9
85 162
256 43
140 110
291 102
297 34
121 235
62 116
52 83
202 275
204 176
81 32
284 205
285 100
257 280
139 146
19 24
208 116
209 206
5 30
27 34
42 291
59 84
106 231
16 85
273 22
226 274
256 223
232 162
183 40
194 109
116 188
24 23
34 231
238 161
274 118
276 12
289 140
92 148
280 114
201 263
298 144
256 87
39 220
262 194
8 109
145 299
90 84
37 131
9 236
193 123
166 60
110 216
177 155
200 59
27 127
180 69
173 168
297 40
104 252
173 219
75 32
296 140
101 111
252 76
188 63
138 55
155 56
106 131
29 118
282 159
38 279
55 64
113 47
209 72
265 176
55 183
5 136
234 192
281 159
15 179
284 246
159 185
170 10
22 25
252 238
270 130
140 161
250 221
108 12
112 279
204 203
23 41
67 120
209 267
188 71
191 96
141 1
272 149
59 61
38 214
253 0
1 169
210 184
13 224
243 194
228 59
45 182
299 12
112 57
137 42
172 88
250 113
112 289
240 65
137 112
156 10
219 264
43 38
165 247
173 272
25 169
124 7
284 9
18 234
193 136
76 37
124 237
277 285
13 127
122 28
274 34
109 52
182 294
113 40
177 39
213 9
16 139
108 165
3 93
298 197
13 236
143 86
257 206
162 41
6 56
255 17
159 74
233 134
0 118
211 261
278 275
225 61
29 132
39 238
55 178
132 253
268 287
282 228
270 105
68 258
277 184
295 288
16 42
233 5
145 40
54 275
263 151
215 41
128 205
19 258
40 6
1 213
157 201
91 242
240 299
151 279
82 80
32 47
81 146
26 167
121 273
72 131
2 16
170 27
190 33
282 91
88 230
34 150
5 283
67 294
238 265
281 140
172 289
257 121
182 132
149 78
87 192
295 123
270 23
159 6
256 268
130 204
171 137
190 140
90 170
127 92
250 84
268 291
136 121
155 157
189 96
47 37
140 191
246 23
257 299
65 2
299 286
27 225
286 244
181 281
143 34
97 117
213 146
109 172
34 285
281 154
235 213
266 122
55 249
153 103
15 74
207 81
153 30
111 183
222 136
141 128
258 280
20 70
18 6
20 296
164 139
241 288
145 207
149 248
144 184
183 17
186 128
93 53
22 225
179 150
289 4
66 214
26 6
3 0
243 24
51 152
297 30
0 198
56 180
158 130
97 11
271 160
242 233
74 126
200 268
102 181
193 1
147 73
283 35
273 272
272 293
190 216
255 88
227 244
173 36
280 80
147 176
247 6
144 253
170 278
297 31
251 90
293 173
38 19
178 54
33 132
280 65
75 82
189 282
272 103
52 145
257 158
195 166
168 21
225 130
230 60
64 128
161 55
135 167
291 148
34 292
287 201
86 183
121 245
168 163
285 255
239 187
115 59
77 15
287 27
195 66
93 57
219 217
105 78
11 216
167 19
165 70
148 130
183 240
50 123
185 19
96 205
272 65
297 242
266 249
142 281
173 229
56 22
156 103
138 96
157 253
58 252
131 80
25 211
57 201
112 118
114 210
73 68
152 237
117 54
260 170
167 70
126 224
155 113
274 273
133 280
141 243
229 67
20 178
122 294
56 211
169 124
70 255
2 162
259 185
131 195
199 48
148 242
203 27
277 152
70 185
11 247
44 179
62 232
259 272
145 188
196 59
268 142
151 24
261 38
216 34
284 135
221 120
32 201
256 230
159 124
231 54
132 269
209 27
259 205
243 26
40 144
37 186
242 299
141 166
137 267
46 122
62 215
248 108
184 105
155 193
121 158
290 246
166 188
282 140
207 269
68 242
260 17
194 130
269 67
129 225
172 164
228 237
115 246
161 5
77 172
95 279
15 210
23 253
84 139
130 287
279 141
247 48
168 119
245 67
166 272
63 94
87 292
269 219
177 264
291 165
226 159
133 298
224 284
78 195
166 16
149 297
193 200
171 26
251 189
45 272
217 184
106 26
273 256
151 225
226 18
289 103
193 135
147 65
251 252
66 197
27 269
260 132
221 276
269 131
294 219
126 291
285 54
86 111
109 36
47 260
195 121
2 205
297 271
290 118
48 99
186 207
182 111
166 135
36 178
251 109
141 177
293 194
175 93
98 129
222 270
209 60
108 27
190 290
76 255
150 137
232 46
221 94
158 223
189 139
245 61
19 155
89 237
117 21
113 296
239 94
97 281
80 285
226 237
73 276
179 74
225 249
269 46
215 201
37 289
37 120
299 76
295 0
287 202
29 81
224 193
53 165
283 269
14 247
52 47
85 26
131 24
129 226
134 178
194 2
123 204
243 289
18 214
247 186
150 68
286 271
30 274
5 295
45 108
211 108
110 29
198 297
178 169
211 139
159 132
204 201
26 219
219 89
132 74
214 143
162 8
27 185
103 299
139 21
101 134
190 180
196 263
127 269
145 178
266 50
110 27
48 154
89 67
261 162
59 285
113 26
74 45
271 279
35 39
17 124
45 198
228 288
99 106
104 254
176 151
66 170
192 93
232 32
118 99
246 171
83 26
151 169
114 242
203 210
171 95
50 287
134 249
169 102
282 268
153 182
24 29
99 149
252 109
65 177
195 260
233 8
168 8
43 78
285 6
13 100
231 170
121 189
29 281
3 211
154 207
250 272
55 22
170 187
98 187
199 122
294 135
252 32
180 286
9 124
238 1
121 202
230 183
32 280
230 26
250 233
264 265
196 231
51 261
162 139
184 250
214 215
93 207
87 212
12 74
139 274
141 151
164 223
294 101
267 266
265 17
158 218
11 231
24 34
248 185
165 237
139 237
149 202
138 243
164 241
190 158
280 108
15 205
48 172
289 225
121 157
71 228
113 261
144 162
9 259
117 53
189 225
251 30
183 105
37 129
102 84
158 92
1 294
40 3
141 162
152 41
285 61
67 65
252 84
277 165
56 228
146 241
99 134
62 16
40 244
278 83
90 52
224 172
219 202
49 256
147 240
109 293
124 298
269 93
16 33
198 98
72 122
133 245
74 129
74 8
76 158
112 30
107 30
217 19
18 54
60 298
85 140
188 169
267 37
1 30
3 144
202 242
18 253
109 98
249 149
156 172
105 118
200 37
59 101
128 4
9 23
31 215
200 151
278 43
257 34
23 85
93 63
11 34
160 13
227 162
231 137
36 67
100 207
136 108
25 62
260 63
283 86
48 258
19 235
112 95
21 40
176 258
279 8
10 210
284 292
126 3
89 167
72 125
45 32
130 196
293 285
