300 4100
65 22
101 257
284 265
180 64
215 275
67 192
111 286
211 10
21 194
18 40
281 67
293 263
163 198
4 270
45 83
2 248
15 75
259 191
154 160
98 299
103 275
246 191
25 148
245 13
27 153
5 67
80 26
184 112
252 31
176 13
4 289
248 171
90 267
248 251
7 280
206 194
80 103
85 2
291 21
235 282
94 180
26 4
137 21
17 112
87 264
165 84
101 51
89 166
146 52
58 179
26 298
111 114
184 278
142 107
4 181
123 103
274 282
157 195
45 141
226 121
38 63
76 188
94 119
66 14
248 228
78 153
163 91
243 198
149 152
114 45
62 135
243 94
249 71
260 50
28 210
47 46
54 189
118 74
210 288
61 100
235 0
121 33
114 20
19 197
156 197
12 241
225 190
260 127
84 25
23 120
226 127
277 52
40 294
20 160
261 135
54 136
213 144
101 4
53 59
127 126
84 26
20 196
80 119
106 46
129 282
195 201
91 27
262 45
246 292
205 73
179 247
66 26
114 41
34 176
250 226
255 84
253 212
41 244
265 92
90 97
4 290
56 98
12 152
32 204
250 84
219 12
236 175
184 224
157 212
175 1
275 195
217 9
142 72
220 232
103 182
1 154
249 151
209 113
267 49
145 32
120 53
175 138
204 44
171 159
110 91
49 129
57 282
133 77
25 72
9 58
230 4
291 177
171 189
47 188
258 187
50 148
229 127
13 147
120 251
204 57
228 104
46 268
175 146
188 244
51 225
251 226
83 44
156 36
44 228
255 51
113 180
156 219
211 258
95 41
298 1
18 98
150 75
16 275
188 110
116 107
149 154
251 97
100 29
125 9
197 240
296 240
10 275
24 89
92 275
163 196
269 233
79 100
289 187
198 112
151 43
271 297
17 272
229 132
143 84
39 28
18 140
2 43
105 16
113 181
258 39
239 139
125 176
243 284
213 38
191 288
137 10
40 106
163 132
83 19
143 111
44 114
3 41
16 80
2 128
63 275
23 148
239 256
217 239
275 108
217 41
76 204
66 137
191 195
106 296
152 31
292 64
22 166
121 143
282 238
230 263
278 77
287 55
256 277
98 207
261 239
178 287
11 169
61 115
48 106
159 276
61 53
16 63
159 86
138 85
138 128
25 103
230 50
157 147
274 90
220 152
248 76
299 110
134 163
174 47
201 252
54 66
113 63
191 22
149 34
166 200
20 250
135 42
248 73
288 88
97 149
8 15
90 103
142 94
92 262
188 89
109 31
32 123
229 243
36 175
91 40
87 182
294 147
234 193
48 231
190 105
162 91
225 157
131 134
115 39
49 70
207 214
195 192
154 244
271 290
88 45
81 293
229 185
235 104
30 241
214 48
233 259
100 3
21 184
290 106
161 112
72 58
263 271
74 8
6 261
98 282
201 230
117 269
191 93
36 280
274 75
24 119
259 60
73 65
202 13
92 117
67 37
85 264
52 86
208 139
125 230
119 128
189 91
242 143
164 222
6 106
62 73
218 159
87 121
247 250
242 268
161 95
170 111
167 255
43 156
219 67
10 224
179 3
164 166
197 235
223 134
256 119
5 84
63 191
153 48
243 61
64 244
47 266
36 158
200 230
66 228
215 7
289 259
268 8
67 76
248 196
83 95
131 236
52 189
156 250
71 77
141 217
144 220
99 84
42 7
140 202
121 139
39 80
201 163
57 45
114 255
297 280
220 202
247 41
40 196
269 247
185 203
208 274
293 21
36 170
58 295
35 0
155 150
24 147
169 167
184 155
297 28
73 2
80 204
181 226
183 136
266 243
296 145
80 246
177 225
3 35
125 10
281 94
121 205
53 110
23 269
148 150
12 228
281 7
73 96
262 33
61 154
146 40
270 230
255 38
48 87
21 266
276 104
101 34
247 201
24 163
90 53
28 138
154 250
92 50
252 89
200 191
147 25
62 218
130 152
262 188
158 287
128 35
34 147
239 48
49 222
236 76
179 241
49 180
52 215
255 60
264 131
16 116
254 197
70 153
62 132
186 161
71 222
33 294
241 219
162 192
166 88
40 158
114 50
246 53
31 295
107 220
7 116
283 176
161 94
271 60
226 290
45 233
188 272
75 287
90 140
287 58
192 102
166 58
91 76
19 92
80 147
9 80
174 199
225 22
16 263
42 101
60 192
134 26
49 248
212 97
228 24
50 6
68 228
78 239
131 100
42 5
224 36
196 123
116 229
6 217
24 100
241 140
216 65
61 205
151 78
46 1
19 118
94 105
67 132
123 90
175 111
142 6
250 186
90 141
50 75
109 298
41 119
27 133
8 218
214 162
22 5
88 126
124 176
156 67
52 135
133 110
9 230
154 8
109 131
200 190
268 151
185 152
257 178
203 136
134 12
102 63
292 109
64 186
68 212
257 0
24 79
24 239
46 44
155 25
211 288
279 244
200 112
233 63
104 233
280 76
275 278
235 251
271 241
48 100
92 42
33 109
258 249
191 243
168 203
286 282
178 249
248 215
113 68
201 260
226 155
127 262
247 33
76 65
58 77
180 236
273 164
98 294
32 54
244 236
219 59
20 223
46 32
19 57
226 204
18 48
220 182
237 203
225 151
244 162
176 3
215 98
100 290
243 1
96 183
216 45
113 157
84 242
9 145
15 30
163 236
113 50
51 184
17 282
68 227
172 238
148 191
288 163
266 141
133 248
108 257
168 71
259 234
185 155
189 79
139 299
139 51
49 217
10 147
194 221
154 116
264 267
48 79
292 88
179 268
76 176
193 54
260 289
110 175
127 272
209 45
236 56
269 156
283 67
85 262
111 159
50 74
87 130
293 125
61 67
96 49
295 251
57 95
159 85
146 20
70 58
30 283
221 72
94 130
2 32
283 170
45 140
74 275
191 286
282 197
298 167
298 191
79 183
132 21
63 215
92 287
236 151
101 110
25 286
21 263
42 34
181 59
139 290
131 37
40 288
205 131
203 248
258 49
218 281
162 75
54 51
151 5
130 39
190 25
9 208
240 223
27 250
71 35
298 228
91 182
35 212
270 8
239 70
257 215
27 151
179 173
170 44
138 284
102 234
299 275
11 81
221 104
252 130
242 79
157 40
48 215
67 152
83 9
155 180
102 39
190 238
149 273
272 94
247 259
150 229
247 167
184 151
161 293
143 192
160 233
4 127
92 104
193 2
173 172
132 225
115 17
120 90
176 137
214 106
114 267
66 71
266 88
214 187
42 127
264 96
24 280
46 88
273 18
155 211
52 30
2 282
288 197
193 47
143 152
34 103
266 101
61 77
218 70
84 296
113 33
160 97
108 103
247 191
279 186
216 144
205 59
3 154
110 230
269 194
257 142
176 120
219 188
224 228
231 275
218 77
226 179
294 278
99 207
281 257
190 60
145 13
231 144
11 5
220 70
95 119
255 181
156 46
92 177
245 164
276 207
283 168
255 230
281 116
224 140
127 223
296 39
21 20
8 21
2 225
61 192
209 288
4 170
244 195
60 290
112 243
87 197
299 199
154 192
268 132
187 77
199 283
241 159
122 77
158 269
234 110
225 261
95 130
79 208
8 215
129 24
115 16
130 262
236 33
156 287
207 179
65 190
64 82
105 193
250 34
119 293
276 130
97 92
27 37
82 259
62 156
238 156
295 114
162 108
72 218
261 272
212 288
269 59
91 100
28 6
256 24
214 282
129 118
89 230
28 130
158 12
6 253
248 110
132 28
161 272
204 183
202 14
26 40
54 223
6 88
197 234
136 37
290 209
265 74
108 293
66 120
39 236
190 208
124 283
53 94
172 58
20 64
19 47
103 249
219 252
72 238
254 139
248 237
53 267
271 196
273 232
220 164
187 285
239 165
144 14
30 58
223 19
185 0
220 268
124 268
0 151
209 205
265 80
1 117
56 17
107 61
134 84
107 246
83 68
115 242
59 190
0 48
213 27
34 118
198 259
288 238
66 241
113 82
269 243
10 16
13 299
126 28
239 250
173 256
31 116
171 134
115 100
91 44
134 297
95 282
260 60
215 40
99 147
190 36
287 61
253 160
18 143
253 67
287 240
285 270
90 102
206 212
288 232
62 220
0 249
232 77
6 42
137 202
195 133
270 248
179 208
145 291
62 187
136 58
200 249
177 48
7 22
28 250
161 289
238 55
60 91
21 69
100 288
25 198
285 92
40 147
256 199
248 74
240 18
288 261
278 38
124 189
78 29
153 109
29 72
298 16
77 255
225 75
229 176
46 222
227 279
262 164
156 295
229 120
219 6
162 87
171 261
20 11
32 26
70 96
180 188
155 30
48 235
209 189
267 54
292 124
47 122
97 272
265 18
34 175
215 180
237 227
162 55
137 71
85 291
2 250
261 284
68 34
201 46
72 57
259 48
191 177
56 19
73 82
125 198
114 120
288 102
195 228
195 144
212 151
293 296
7 234
195 116
26 138
112 153
105 289
122 276
39 154
255 5
105 215
254 17
62 127
165 264
181 30
185 252
33 151
271 59
201 182
125 264
86 239
67 102
40 168
183 160
39 73
142 152
236 72
252 221
141 151
177 250
250 57
6 233
99 164
181 228
260 231
151 60
194 266
33 229
13 65
200 268
62 23
197 191
114 287
214 228
187 212
48 203
160 162
4 179
56 64
182 203
134 137
96 31
273 264
113 42
297 58
31 160
52 82
66 49
166 185
130 85
17 213
116 161
58 154
237 177
43 39
32 45
17 104
129 207
250 206
223 124
239 283
226 150
66 117
58 129
260 244
233 179
31 243
190 141
291 167
160 77
250 63
290 239
47 66
192 51
12 148
41 130
198 23
110 149
214 108
37 261
4 297
82 206
179 251
22 271
221 142
185 222
175 104
243 183
112 237
284 59
136 230
164 145
150 274
276 131
252 202
200 297
12 229
12 257
40 209
230 296
255 275
173 279
72 168
41 55
178 272
176 115
290 279
261 62
275 150
21 150
183 80
116 174
62 30
95 52
287 102
136 35
57 65
270 122
163 272
42 27
171 255
124 267
236 203
256 96
12 114
38 81
71 99
125 117
228 218
241 57
211 129
272 88
84 95
283 189
181 138
72 69
200 184
268 202
98 30
150 72
244 94
297 224
43 144
46 94
183 270
187 30
231 209
200 251
164 51
216 133
263 247
154 113
224 191
217 278
279 278
265 25
1 24
122 171
100 66
146 6
235 184
5 263
230 274
157 153
263 76
61 266
10 17
146 126
140 298
150 43
90 137
183 295
221 292
174 84
182 179
287 206
154 157
185 14
4 13
122 80
84 193
49 173
151 42
285 297
146 262
158 86
279 191
151 137
180 148
294 271
93 252
95 217
130 248
156 56
265 189
283 22
86 113
189 257
58 91
20 62
189 195
213 133
269 208
135 225
285 120
275 291
38 97
131 154
269 183
6 290
217 221
41 281
256 101
193 214
32 165
211 226
65 99
219 22
171 164
176 269
272 201
242 60
219 159
145 135
48 30
195 100
267 120
99 95
82 129
47 148
181 80
110 227
226 229
132 218
189 67
289 120
165 57
259 189
53 104
69 70
20 84
167 183
157 218
292 79
204 95
76 238
165 59
251 125
0 49
256 21
275 71
213 139
10 260
129 0
93 204
226 200
210 221
249 239
49 20
170 160
200 106
219 236
113 221
295 60
92 106
125 234
296 295
134 77
144 36
6 40
2 103
92 89
247 2
206 90
14 41
84 7
168 139
220 270
40 228
277 177
53 43
221 126
200 285
285 22
237 261
168 164
174 152
64 169
19 280
134 51
232 213
9 176
173 35
209 166
251 207
197 198
206 177
82 276
112 44
47 51
107 241
294 42
28 53
119 77
140 4
140 187
150 14
284 292
294 241
270 265
283 113
58 181
291 156
186 38
262 142
151 123
8 272
149 129
124 281
172 107
245 191
137 271
254 149
210 104
157 267
74 129
214 130
200 121
39 227
197 193
116 147
51 13
231 268
206 220
251 65
197 135
197 250
165 26
294 194
192 228
26 145
47 236
193 256
138 286
73 254
254 280
102 184
93 162
218 126
135 164
253 12
104 277
25 161
238 120
245 62
61 145
39 218
23 143
217 132
111 267
230 97
24 219
47 129
56 198
31 256
254 106
252 235
56 159
98 103
154 86
63 54
201 146
60 4
190 71
200 199
246 217
247 98
46 287
142 243
240 183
223 211
152 41
224 116
121 221
250 183
126 45
216 181
119 254
52 58
58 68
221 276
92 135
241 32
78 77
108 27
132 100
275 268
264 284
268 10
166 118
56 13
235 239
88 284
56 182
26 283
103 230
132 242
138 67
236 259
6 18
47 5
10 124
285 233
115 113
168 42
122 263
293 172
90 172
199 183
293 97
88 159
217 88
200 80
296 55
196 276
82 83
115 14
209 163
62 296
281 290
271 79
289 29
192 36
206 199
27 119
55 242
200 293
242 108
101 252
174 196
65 28
257 64
95 239
108 138
70 26
260 38
23 232
15 73
289 19
16 274
44 39
69 260
273 208
248 78
243 132
197 127
163 192
121 231
289 144
121 299
263 22
171 182
41 107
193 161
24 251
268 128
44 82
218 37
289 273
1 29
41 25
217 103
110 151
187 91
182 136
150 22
247 81
87 233
169 50
45 69
133 36
32 234
27 253
30 56
176 27
144 119
124 159
203 276
255 44
80 233
260 81
21 198
20 227
86 152
96 199
151 226
0 189
224 262
282 275
132 284
295 257
258 139
276 85
276 234
184 214
10 199
189 112
295 7
299 257
150 27
181 191
298 192
204 1
193 0
48 182
27 21
100 173
45 234
208 59
33 152
11 21
85 193
264 261
228 291
107 284
81 98
156 210
60 195
107 98
115 55
253 232
298 299
139 295
92 282
4 116
97 162
180 190
257 41
75 147
12 197
25 242
137 15
17 33
194 110
268 83
51 215
207 267
162 29
141 246
8 47
39 1
16 61
220 115
71 262
92 127
234 299
106 194
183 145
282 85
137 84
19 112
177 228
64 91
180 53
171 207
137 253
199 271
169 226
280 144
79 89
125 238
283 273
169 245
104 59
9 3
37 193
265 202
88 155
172 250
164 9
99 144
193 288
8 35
58 162
172 235
77 26
205 178
233 70
139 230
95 117
247 239
257 46
257 30
44 178
259 89
22 234
260 39
238 135
25 13
209 236
186 95
270 41
73 169
240 279
5 192
148 224
53 24
41 112
69 33
122 5
290 224
283 224
141 197
1 219
156 47
256 292
249 281
165 2
32 179
234 112
107 249
95 218
272 217
185 13
147 243
25 231
135 241
190 33
92 216
109 54
186 63
80 238
9 219
81 191
14 252
172 64
223 258
213 240
35 16
48 183
89 187
41 253
282 18
196 205
164 202
120 155
275 99
161 50
137 263
230 126
171 47
7 189
189 97
180 111
66 112
68 185
83 22
263 125
59 231
269 12
262 153
214 120
60 85
218 82
151 291
270 282
9 200
249 211
69 225
228 257
110 128
144 54
276 73
290 23
219 295
242 163
157 244
221 169
254 24
29 241
64 71
222 64
266 216
241 105
107 89
292 211
210 59
114 159
129 13
97 61
245 205
168 145
148 296
81 74
252 154
196 15
243 248
0 240
276 98
47 155
119 261
73 11
19 188
211 177
234 91
154 245
9 248
168 97
284 61
179 122
250 148
99 127
218 173
220 86
216 145
118 52
84 290
218 162
95 109
235 250
272 25
222 16
268 106
222 2
137 244
125 105
5 278
232 30
221 178
40 28
298 287
276 133
36 106
63 168
258 25
222 246
165 80
138 63
216 242
41 99
27 77
105 280
203 54
126 266
46 45
189 178
42 139
270 59
219 26
69 230
70 118
248 247
42 267
101 299
121 196
274 200
170 66
15 211
93 110
60 152
292 267
298 220
116 159
168 70
133 137
84 215
78 271
190 178
12 289
273 171
212 133
223 13
228 151
135 107
106 240
37 203
25 211
226 40
108 234
89 264
55 105
113 282
262 287
134 7
280 86
270 109
40 289
187 117
296 41
136 261
134 179
279 277
25 213
283 187
169 220
121 65
42 54
33 21
10 148
30 18
68 106
126 49
57 55
248 263
93 276
6 162
236 61
17 267
96 218
142 288
204 46
51 201
82 177
32 244
182 83
268 61
110 168
116 189
246 175
42 25
141 261
4 288
143 54
261 168
3 284
211 186
155 170
72 47
178 201
100 171
75 268
286 276
136 262
267 263
282 50
264 268
187 142
13 26
217 274
50 105
215 108
273 4
188 98
269 271
215 249
180 186
18 101
198 260
292 220
22 4
140 60
212 20
103 0
82 37
20 18
129 175
289 293
181 180
133 184
82 262
88 201
64 175
218 15
203 189
79 135
246 73
93 79
262 40
196 133
18 233
91 168
157 123
267 159
128 47
102 289
164 112
205 221
18 235
51 234
31 290
116 142
80 116
271 230
163 241
294 145
116 251
112 144
208 279
173 116
298 11
254 7
81 35
102 121
129 72
299 241
151 183
189 35
93 171
144 52
85 82
189 63
256 141
56 258
229 104
296 93
97 84
234 23
84 92
90 179
185 78
10 239
193 20
139 97
135 205
81 283
231 199
135 170
62 1
109 228
190 28
262 144
82 280
110 31
159 223
101 290
145 40
106 265
125 243
246 263
101 37
136 179
62 17
271 82
4 153
267 187
101 198
40 184
236 299
74 242
217 155
119 138
95 126
38 252
17 111
57 194
211 174
14 148
104 227
61 283
90 117
211 173
194 141
40 73
42 249
223 141
20 71
82 19
34 246
199 281
176 185
155 42
147 180
150 204
130 10
100 176
80 18
2 57
44 171
212 58
291 226
288 236
106 131
95 180
269 98
161 241
249 60
206 207
0 258
186 83
71 90
52 11
33 237
27 298
98 172
298 284
262 27
83 122
74 19
155 10
265 65
123 71
6 14
74 254
238 48
140 7
68 242
201 86
61 117
26 250
2 34
10 208
294 18
144 76
42 229
51 41
259 26
34 124
288 111
34 137
198 80
186 84
244 261
52 108
29 167
204 48
79 226
201 244
220 143
91 170
156 183
11 124
297 116
85 89
7 242
176 129
243 15
236 161
47 124
176 160
219 249
76 148
182 27
63 264
205 129
115 284
1 272
123 156
118 271
202 295
125 255
216 291
105 245
37 162
124 5
63 53
157 149
142 56
232 165
210 295
80 145
62 213
107 271
187 275
160 207
195 90
248 31
2 223
91 231
73 122
61 261
123 243
36 98
189 183
152 6
128 141
169 299
269 24
119 248
24 15
254 153
126 111
162 158
255 274
143 181
123 282
72 86
150 89
247 27
276 23
268 257
123 202
84 213
59 112
257 181
218 198
36 125
96 250
51 149
73 32
51 60
51 214
144 3
25 39
155 87
41 169
110 295
125 278
190 194
201 99
101 38
48 116
65 4
17 222
68 153
15 122
52 291
108 87
52 105
26 223
81 31
251 17
140 144
125 162
78 159
90 113
111 238
107 238
265 217
219 261
214 69
125 29
232 89
60 83
177 63
246 223
98 243
242 246
265 142
135 95
90 208
299 156
106 89
13 108
252 128
174 294
130 108
178 82
295 299
14 134
118 288
216 4
273 270
147 163
292 269
71 263
268 129
42 285
69 5
171 73
133 84
240 204
46 225
137 211
294 204
198 46
189 233
202 185
115 168
83 1
142 122
142 65
32 51
235 20
62 111
268 19
298 256
32 139
203 105
49 10
8 80
57 127
286 290
89 246
208 166
161 78
240 219
257 279
290 117
64 194
273 195
129 46
106 102
50 275
32 47
271 181
290 110
141 36
44 63
292 55
193 290
201 15
196 195
164 221
93 107
76 206
263 58
206 180
148 116
201 85
23 211
203 111
86 96
128 241
159 40
282 77
89 55
162 79
149 96
189 193
204 131
98 108
117 106
219 278
111 139
13 87
287 190
127 207
30 16
28 4
237 271
126 64
102 128
23 139
76 42
285 56
162 30
175 258
283 144
249 296
117 239
115 90
163 23
161 31
94 3
152 275
166 147
151 296
139 75
273 272
26 288
229 154
110 198
182 285
208 167
160 95
109 290
179 48
156 14
33 155
140 265
234 203
280 131
7 278
208 76
59 93
232 44
189 9
20 14
80 190
49 145
144 209
109 246
47 113
228 0
9 203
104 161
89 36
282 198
159 151
93 140
73 43
99 193
230 267
216 3
29 76
154 137
295 35
166 170
83 218
255 20
146 242
242 156
156 97
0 124
246 132
4 131
88 19
74 111
128 260
136 118
167 102
186 111
82 291
231 244
66 230
69 272
95 105
224 78
128 52
198 150
216 0
184 4
234 240
215 270
14 147
5 190
209 249
195 210
36 160
286 198
147 136
149 190
113 285
65 231
106 236
53 48
213 4
10 179
284 55
6 234
94 7
23 9
168 13
233 108
188 276
124 299
231 122
222 282
12 251
69 274
295 11
119 201
268 253
124 130
54 18
28 254
67 151
207 134
173 168
59 35
60 240
194 286
143 55
127 281
11 190
57 53
220 280
202 129
75 113
192 191
218 167
14 268
12 6
125 270
292 275
290 171
145 225
189 214
58 157
73 225
236 114
161 4
207 73
91 39
165 162
126 154
275 283
54 14
82 163
289 133
51 211
293 52
153 92
85 71
19 63
79 160
69 9
128 113
113 94
61 42
166 60
247 195
34 252
187 4
107 290
43 203
53 66
203 298
133 16
283 225
30 265
188 103
60 278
221 263
210 57
285 191
207 83
298 32
25 297
20 200
37 242
207 261
77 194
22 93
49 287
137 19
197 202
164 211
24 66
52 292
280 204
287 161
95 286
117 174
53 159
226 233
20 56
178 84
204 235
296 190
177 69
19 178
284 283
57 119
129 194
289 21
71 255
156 41
133 129
91 138
294 171
228 203
262 203
118 214
112 88
207 56
290 233
37 259
204 78
276 4
290 48
80 245
97 169
293 299
31 292
102 276
200 11
193 142
134 119
108 260
26 6
100 47
249 37
21 230
53 8
48 54
291 280
39 239
183 234
10 156
201 113
281 191
201 37
176 163
149 47
132 138
275 158
287 261
230 286
29 257
274 87
70 283
242 188
152 232
136 233
26 53
254 104
38 277
126 102
131 282
93 28
218 230
117 191
30 230
283 184
225 275
284 17
242 251
233 252
43 222
57 176
90 142
91 15
172 146
211 246
283 280
164 173
62 104
79 157
201 274
208 26
131 120
39 55
30 95
212 298
279 40
296 203
135 32
33 280
57 140
156 215
167 232
214 144
249 62
56 267
46 292
114 16
286 114
34 182
280 51
117 104
229 26
10 214
219 63
109 174
251 237
21 199
82 229
48 287
2 9
211 91
151 222
99 130
153 285
198 138
121 254
225 31
10 43
235 183
44 271
23 194
22 113
213 203
102 4
135 191
190 13
25 186
171 88
13 24
264 232
280 123
56 8
232 21
139 136
259 260
279 27
7 103
47 136
212 247
212 229
275 288
177 282
224 94
147 32
107 259
251 87
269 204
117 19
17 216
222 184
104 266
117 250
150 170
77 264
209 233
92 193
8 19
286 246
268 29
294 249
286 9
124 6
243 117
277 285
172 176
267 251
85 143
212 88
296 195
26 12
207 178
132 35
86 144
92 46
199 153
202 134
91 286
50 2
66 167
166 211
292 238
182 31
193 32
218 202
92 173
68 49
188 78
1 189
188 274
242 28
266 108
78 89
255 288
196 150
60 299
175 44
290 203
18 253
207 119
234 250
105 156
1 10
110 216
163 121
52 190
164 199
285 238
92 139
138 23
235 132
54 275
17 246
149 46
82 154
58 276
299 26
0 127
260 152
153 108
297 38
54 244
111 67
19 235
71 170
64 245
242 140
30 220
79 155
120 190
34 0
250 215
112 159
274 240
64 108
6 161
132 19
58 33
142 268
263 72
147 247
186 194
5 113
7 35
103 70
158 184
120 37
95 269
20 154
103 106
238 216
10 136
241 0
40 297
39 265
12 184
135 50
91 146
169 130
229 14
59 124
189 144
134 153
67 105
271 108
23 68
74 70
197 86
294 240
289 26
101 271
43 288
131 195
159 244
21 216
60 237
22 223
106 293
248 97
34 242
265 67
247 127
241 124
132 43
294 181
26 170
270 187
71 264
274 73
40 33
243 162
4 206
98 184
44 208
46 141
162 163
184 181
194 219
297 190
259 117
134 126
38 102
22 268
43 17
159 212
273 157
298 277
122 42
269 57
206 1
161 23
289 240
194 33
30 208
255 264
35 49
90 49
20 0
254 61
119 9
279 24
31 226
32 52
192 227
33 122
173 245
83 81
101 0
61 206
26 22
207 113
198 278
65 79
90 148
107 291
28 61
86 97
28 259
223 208
6 69
24 198
24 261
63 42
98 225
10 29
48 76
71 283
255 289
264 192
80 263
274 223
16 47
82 286
256 63
82 298
164 240
23 59
61 181
101 196
208 3
41 86
86 271
164 25
197 3
126 260
37 292
76 24
281 195
171 279
107 289
251 165
9 281
273 275
155 230
88 110
88 7
231 272
15 225
257 188
222 115
106 127
173 81
275 33
71 187
162 54
125 7
123 60
247 3
59 71
20 153
118 38
4 159
249 82
104 215
254 264
109 18
41 150
276 27
99 161
264 272
293 226
104 148
204 74
281 91
46 120
268 249
56 208
161 66
29 295
128 40
152 209
268 277
58 227
107 19
47 137
90 192
112 83
8 281
128 155
224 160
46 101
273 215
40 97
150 151
264 106
83 64
141 22
169 239
224 163
282 223
209 284
85 48
36 43
147 56
38 23
28 287
26 191
34 56
112 47
260 30
279 101
269 193
214 56
88 32
75 263
237 17
106 81
39 199
117 202
218 224
87 9
227 243
213 126
82 251
162 142
293 235
252 15
83 240
194 270
133 252
229 111
291 277
89 196
109 210
49 185
90 54
235 279
278 284
0 288
25 17
64 5
144 204
186 271
234 248
147 142
238 105
140 70
129 223
207 55
267 212
196 220
217 283
137 155
172 167
10 103
40 126
40 232
226 74
169 270
1 263
1 211
122 81
282 104
264 49
175 94
113 197
196 5
97 94
77 132
272 197
231 56
17 49
293 247
221 172
266 4
151 253
56 187
27 75
138 272
14 169
109 154
160 264
43 235
25 260
154 35
128 135
261 137
36 229
68 246
257 144
80 182
96 0
106 51
65 119
70 19
7 44
41 222
260 141
31 22
37 250
236 6
24 25
262 248
144 258
178 11
15 235
75 130
189 173
88 257
236 239
0 55
175 60
257 1
142 40
57 51
289 155
264 292
252 256
265 289
25 151
96 43
268 116
165 272
262 46
242 102
226 15
156 50
228 188
15 254
176 85
167 46
290 146
8 46
88 254
287 90
228 135
29 60
124 186
14 211
242 187
30 102
198 120
108 56
68 297
294 82
74 0
189 207
270 48
109 216
66 38
227 277
62 208
72 208
11 38
147 100
80 6
64 219
102 41
103 237
56 210
62 71
88 54
158 271
162 38
155 242
51 289
112 236
60 181
139 89
227 293
115 158
293 155
221 277
184 234
55 203
160 172
237 185
23 179
1 33
238 8
207 8
157 179
55 179
137 209
133 259
80 176
271 33
61 195
46 244
119 187
130 163
299 4
99 137
87 253
3 2
9 268
117 253
277 260
146 236
7 291
30 251
65 150
196 200
150 70
48 56
283 72
274 27
122 181
244 158
5 98
289 232
103 243
113 61
35 267
247 146
110 176
30 254
176 250
132 219
269 206
190 235
159 271
153 10
16 234
75 171
45 274
95 97
141 8
190 115
101 123
20 267
85 75
46 28
216 89
103 157
8 115
63 128
108 262
128 196
286 144
79 225
198 71
88 27
77 40
1 85
154 295
167 262
270 225
229 98
279 116
95 91
263 40
255 127
212 106
278 130
59 21
255 283
184 139
182 54
67 71
174 163
1 17
258 43
22 241
256 43
78 60
100 187
197 69
297 112
99 210
31 278
47 80
157 166
278 99
127 73
10 269
159 182
214 67
220 1
106 82
206 124
249 142
14 195
32 262
32 136
275 236
57 130
212 62
192 35
87 212
230 161
120 49
231 194
251 15
26 3
203 124
189 169
224 153
90 201
195 249
159 281
219 116
42 281
206 219
170 209
5 208
204 55
130 239
142 118
293 120
144 12
299 266
298 202
225 50
69 283
249 206
291 94
196 148
166 263
192 288
152 205
166 140
218 119
140 100
45 13
93 243
66 104
132 109
201 275
252 242
177 212
176 175
31 129
268 53
190 237
7 30
58 66
129 68
149 72
281 237
59 227
62 110
207 79
270 279
222 251
156 229
155 93
26 228
128 82
247 253
216 76
254 186
154 287
156 166
21 31
256 82
38 119
209 29
77 188
205 231
106 151
192 164
242 176
193 291
180 171
207 175
171 22
65 130
158 81
299 195
174 46
7 248
101 87
184 256
100 291
80 217
259 102
173 119
273 70
154 155
177 275
184 226
27 191
119 229
159 226
13 3
165 140
42 77
43 167
54 177
163 105
89 128
280 234
221 149
275 266
297 231
53 277
112 274
214 194
66 43
22 203
284 180
85 181
39 180
95 259
231 240
93 102
28 253
50 44
138 271
202 45
13 138
152 168
15 127
192 223
177 255
68 87
292 229
8 278
201 76
174 239
95 127
272 124
224 39
144 66
32 214
72 41
124 227
219 104
93 256
66 226
72 234
115 135
37 274
231 38
297 64
285 235
106 42
266 40
0 70
17 42
37 196
192 261
93 74
193 129
221 243
171 94
139 173
266 207
128 97
296 187
285 247
111 75
296 161
275 57
32 79
34 127
75 218
59 167
171 38
274 157
211 209
51 113
46 255
175 269
41 110
119 13
258 135
107 159
47 150
152 133
229 38
235 164
56 171
203 38
105 293
79 59
246 248
298 170
143 62
102 33
15 88
103 193
274 103
43 78
107 240
134 97
11 131
125 193
158 2
255 104
200 171
189 88
22 244
216 42
121 223
199 289
165 66
264 167
186 58
283 291
117 43
33 24
92 90
46 102
290 120
154 212
183 287
5 271
24 9
116 132
236 262
51 52
267 0
281 216
86 148
184 258
72 91
98 250
54 269
146 189
163 267
189 196
184 53
186 121
125 74
286 274
297 113
118 186
154 174
237 49
54 281
188 81
105 57
184 29
6 297
57 256
101 298
223 88
155 5
141 56
177 74
153 128
243 193
27 186
20 54
184 149
187 220
98 51
146 258
4 103
102 281
32 42
122 210
141 130
185 9
169 156
177 102
104 224
157 84
90 199
130 194
8 298
73 117
144 121
206 137
128 103
230 189
213 216
120 70
135 169
229 167
161 14
245 246
242 16
24 276
86 140
143 150
291 166
213 253
191 108
32 29
38 287
217 2
221 201
226 234
120 143
292 180
92 160
68 196
263 27
4 169
61 94
198 54
150 19
287 37
51 298
126 238
131 60
98 133
158 147
101 289
132 142
216 63
260 49
270 240
268 289
28 272
127 46
61 112
264 153
213 76
17 26
294 84
145 71
8 166
11 228
292 244
221 84
50 26
178 147
54 166
120 51
192 75
188 31
178 206
0 179
242 120
120 252
173 213
80 22
295 111
182 73
150 215
252 173
66 92
172 102
190 38
202 82
189 188
102 284
86 162
72 249
239 76
293 104
23 94
64 239
284 116
235 133
223 188
214 279
264 251
194 192
15 227
239 65
133 83
294 134
139 50
75 55
72 144
256 73
275 137
195 55
174 97
47 199
30 109
27 215
26 43
92 44
39 220
238 23
184 118
196 70
136 120
241 242
39 97
296 236
188 40
37 17
180 72
131 125
160 289
225 110
104 182
87 8
45 241
244 287
273 213
224 155
83 156
37 295
170 22
8 86
152 153
2 124
210 87
221 299
224 189
118 27
113 118
285 146
296 89
126 91
115 267
57 164
118 20
7 59
79 13
161 68
225 217
202 277
10 202
143 250
274 137
293 237
220 58
257 202
225 119
105 282
199 77
97 232
104 171
221 63
93 182
128 161
108 226
115 253
155 251
167 174
282 207
107 202
162 277
90 56
10 187
101 192
226 252
299 185
298 266
194 167
217 136
112 36
124 63
260 91
54 132
3 42
246 187
248 268
184 56
217 33
219 108
298 120
193 12
0 106
192 49
77 285
281 60
295 181
221 11
199 86
254 89
161 244
253 73
281 112
136 169
100 84
98 38
192 103
46 164
115 296
243 299
294 280
295 131
115 231
290 273
20 289
162 47
235 78
206 188
186 103
178 224
157 3
138 268
256 225
86 202
80 153
153 190
157 62
264 259
165 106
23 285
285 112
24 84
165 0
47 44
21 134
217 234
272 133
41 174
80 115
155 39
30 285
198 6
101 211
2 262
147 214
74 11
242 159
132 83
223 105
246 289
78 213
244 108
292 162
59 126
52 63
70 242
265 100
202 81
107 167
276 60
180 231
67 58
265 41
115 213
95 283
135 99
89 197
74 247
116 290
89 265
197 166
62 164
191 156
103 159
163 149
5 275
249 180
254 110
139 215
149 119
105 24
223 179
125 124
198 40
21 125
264 78
262 206
122 56
25 77
30 11
7 258
249 185
132 271
231 138
244 120
131 237
38 14
37 3
199 235
213 110
92 24
24 287
88 105
118 183
222 137
229 64
250 78
42 79
224 152
234 236
93 186
4 126
274 3
239 43
126 123
225 99
85 109
154 108
148 68
209 49
231 172
93 158
99 292
221 66
165 226
287 18
207 115
17 74
120 6
148 193
119 51
191 49
272 187
260 94
283 229
233 116
275 197
4 54
84 86
7 199
238 261
32 160
187 162
115 121
163 2
238 117
172 44
247 101
125 134
44 58
7 118
261 118
45 81
225 27
87 201
159 143
44 84
273 187
79 219
124 250
293 194
21 147
137 128
110 90
242 131
12 249
26 168
230 199
291 172
259 92
237 43
61 191
187 78
38 13
223 243
284 297
226 122
222 230
50 122
25 289
104 253
154 158
136 290
34 266
90 252
235 76
97 124
29 95
204 263
175 186
186 42
193 151
69 165
186 283
227 261
142 179
52 153
207 192
259 169
98 111
215 54
8 159
149 275
237 57
104 75
172 118
87 137
18 296
224 124
214 205
78 95
224 119
165 19
51 159
186 207
108 105
158 268
14 246
201 265
200 243
51 245
223 42
126 47
127 111
258 3
80 142
101 259
40 244
83 77
295 208
36 226
143 52
128 162
276 266
276 125
113 194
36 154
243 11
202 290
212 223
247 261
232 80
4 243
284 119
198 113
258 41
93 241
64 85
134 128
220 244
267 158
290 160
216 199
76 268
171 151
281 201
30 141
241 142
28 134
267 202
162 74
176 55
70 41
244 280
263 253
196 81
296 71
270 2
110 81
69 275
34 84
38 256
100 114
242 240
127 19
188 147
174 36
116 56
215 112
228 62
28 271
169 196
121 111
47 170
157 24
90 228
161 160
111 202
21 233
9 173
182 169
267 143
212 94
19 295
217 74
111 13
64 282
167 146
115 293
100 0
34 45
124 158
297 298
51 171
58 160
202 198
35 26
254 112
164 238
64 10
125 43
91 250
143 246
294 135
277 110
132 230
144 266
154 140
262 158
289 194
80 179
14 140
69 73
31 235
114 198
133 53
23 71
80 169
107 237
7 39
58 6
205 58
92 292
25 142
82 159
21 149
109 126
195 5
275 243
31 119
262 179
268 197
245 262
274 128
156 5
44 262
161 35
261 78
46 193
270 149
225 124
76 277
64 193
24 87
54 186
294 128
176 293
281 215
55 185
136 283
180 183
165 219
62 297
155 50
9 14
274 36
14 119
31 106
46 291
287 180
60 54
250 45
187 266
207 33
136 254
224 185
10 88
180 189
169 212
87 247
110 29
215 106
178 5
209 17
246 78
41 298
187 229
81 32
284 170
139 200
45 29
174 69
208 174
180 296
149 159
253 124
275 251
101 24
212 86
258 284
260 276
34 212
256 68
257 69
279 272
230 288
117 213
45 287
94 248
32 0
20 47
144 224
181 92
176 296
229 71
15 118
7 43
2 244
78 27
239 15
171 152
113 191
178 75
224 99
99 16
251 134
177 200
25 99
58 79
88 214
60 258
192 282
27 202
282 260
166 198
223 91
168 101
246 29
67 251
146 16
161 212
290 157
91 197
69 101
227 290
67 243
149 64
181 93
51 7
27 144
131 199
88 4
70 201
212 248
142 157
294 17
35 201
204 236
135 93
179 2
250 18
171 146
208 94
157 59
56 275
177 248
2 219
190 191
44 198
292 147
57 233
111 68
244 81
31 62
152 215
199 259
261 22
179 41
260 136
157 2
297 201
164 197
228 95
108 188
143 226
175 31
72 237
20 291
10 51
59 176
161 67
27 283
111 109
29 19
171 271
13 219
122 36
278 272
184 60
248 223
222 288
264 11
206 210
229 97
