300 1600
255 117
205 95
149 225
164 161
3 166
162 88
121 183
272 165
285 29
150 177
274 133
34 131
128 129
99 61
122 131
155 195
49 188
121 88
224 116
292 243
237 41
179 144
245 28
177 274
89 134
183 29
78 268
223 293
158 274
221 243
79 10
72 231
142 284
69 261
257 161
1 92
34 184
232 147
74 99
8 89
190 290
210 136
182 4
19 93
291 153
142 29
75 115
14 77
274 120
184 161
36 215
35 92
193 208
142 70
111 158
237 39
143 153
156 110
289 133
255 23
179 104
228 46
103 177
76 41
165 162
131 210
2 164
136 114
188 137
137 203
19 248
21 153
22 181
91 210
51 119
117 100
83 148
232 6
63 169
42 275
224 166
146 223
76 271
273 150
46 2
242 154
148 76
234 30
139 189
138 145
42 151
47 106
184 32
77 99
126 172
246 112
230 171
242 0
236 35
104 297
247 97
230 91
210 189
276 57
81 0
41 110
37 26
72 271
266 286
121 6
180 34
289 276
271 31
44 8
65 260
261 260
152 60
247 203
285 32
98 5
229 267
181 85
147 35
99 223
145 9
118 238
277 58
70 176
32 214
291 271
177 211
75 293
195 4
289 14
152 183
299 192
213 23
277 176
45 29
253 43
241 142
159 234
214 48
257 39
155 103
200 109
98 271
279 165
158 237
166 47
74 143
124 5
36 34
157 166
269 175
280 115
150 87
270 245
36 146
22 36
36 130
106 72
220 293
62 85
179 173
6 62
110 16
82 39
11 17
133 57
183 37
128 124
106 284
102 251
98 281
151 241
241 39
161 134
130 165
177 90
214 174
145 216
24 146
23 38
298 25
214 295
156 129
18 217
227 72
144 67
199 7
198 272
1 16
233 275
112 101
129 126
263 230
286 70
182 81
77 117
168 35
110 114
106 67
26 42
52 4
51 35
13 268
92 73
169 90
216 191
141 229
113 74
118 52
262 196
145 118
177 72
207 103
120 230
179 65
208 220
70 288
192 188
32 12
82 95
72 160
223 190
187 240
249 9
214 57
92 258
112 259
179 137
55 245
38 92
15 19
94 232
178 3
62 192
222 271
150 7
259 108
202 97
259 115
54 57
176 35
25 193
117 53
1 32
294 13
30 85
265 51
58 210
68 73
121 205
133 214
62 162
52 252
228 166
291 212
219 152
62 284
298 192
182 103
152 61
232 227
34 90
41 272
289 271
268 220
237 242
72 162
29 98
267 45
288 249
270 38
249 195
271 73
97 280
167 11
275 256
111 224
3 204
284 17
292 215
139 87
161 203
157 179
99 208
170 108
145 132
175 278
135 120
193 138
150 71
224 31
246 51
230 38
91 89
94 247
6 254
257 240
161 146
167 96
70 161
104 59
231 101
192 36
164 277
160 228
95 4
47 45
124 187
195 139
165 122
37 25
77 129
291 283
157 9
190 67
86 69
233 272
227 183
69 68
79 178
17 270
25 182
50 171
101 154
299 138
295 270
0 139
157 53
131 253
148 225
174 251
99 177
206 122
149 101
93 267
293 153
90 202
53 125
216 2
119 61
168 259
40 159
276 14
167 17
185 227
28 43
159 51
206 167
296 150
53 66
78 132
110 265
236 53
268 8
25 250
111 70
40 116
123 59
282 58
257 197
38 52
150 138
177 61
203 210
246 229
112 237
58 52
72 85
227 45
234 102
175 83
168 89
63 196
31 292
21 78
64 253
282 168
105 45
51 282
0 173
280 110
162 239
90 135
76 294
281 109
162 257
51 39
22 60
24 135
2 112
26 48
142 256
174 268
236 2
282 211
56 201
219 57
209 235
258 100
90 299
133 54
147 75
225 211
136 276
225 169
71 213
59 103
106 28
156 43
172 133
199 151
232 138
1 74
6 88
88 127
82 164
114 108
15 212
9 173
258 110
218 258
29 214
163 12
294 203
296 141
18 153
193 109
100 143
192 84
226 113
87 30
242 261
252 282
285 74
186 42
198 53
279 31
70 186
99 57
205 229
164 227
77 57
189 70
274 294
37 196
115 15
115 118
62 72
11 258
110 106
188 262
183 28
177 176
136 129
269 76
194 298
23 190
22 208
262 165
81 127
171 45
105 48
137 294
126 115
73 204
86 119
280 136
33 183
180 50
282 173
173 102
154 186
202 230
249 84
45 76
67 22
135 89
59 165
250 69
107 215
27 238
104 263
193 82
118 17
175 147
49 128
95 75
139 273
132 125
107 14
161 176
204 127
205 158
218 147
21 258
247 245
121 238
230 274
65 160
222 257
75 265
88 104
255 73
267 131
249 78
208 207
56 148
136 171
53 48
283 159
12 229
23 186
4 243
212 194
124 222
228 191
269 282
272 27
210 98
47 234
297 26
15 243
37 117
258 75
88 152
57 174
285 145
34 62
202 248
270 230
111 148
153 224
253 181
32 241
293 97
190 48
83 111
124 293
122 231
3 19
1 160
19 151
222 278
74 185
85 65
55 281
260 161
215 108
213 246
175 103
192 286
256 150
274 280
203 271
70 96
66 189
72 284
281 103
186 29
109 168
66 196
6 271
185 243
91 60
15 280
223 22
11 148
86 252
59 113
109 145
207 69
188 11
179 247
245 147
81 82
85 230
282 1
128 298
24 69
157 122
209 180
3 191
249 146
108 34
86 82
7 294
263 56
56 193
120 270
94 42
234 36
151 112
193 243
282 112
197 139
273 255
80 160
66 132
89 180
222 59
105 64
71 191
71 245
271 254
116 278
226 77
108 87
120 183
68 249
71 272
89 291
54 90
26 19
249 229
180 6
195 178
77 72
53 33
142 249
250 280
55 91
191 59
29 223
232 281
96 122
169 180
251 184
147 291
68 142
257 14
25 252
217 250
108 140
46 243
295 68
139 29
207 264
164 36
244 297
42 192
89 139
43 238
38 290
269 147
111 13
174 93
270 229
296 152
117 126
18 250
281 16
242 170
104 83
7 183
128 243
116 270
68 44
119 273
14 296
170 253
216 95
93 62
131 184
53 195
284 113
269 194
103 196
118 170
70 167
56 168
60 37
275 50
238 150
74 260
57 140
172 278
107 155
24 38
1 278
265 227
279 99
5 171
286 35
224 298
224 123
290 212
69 167
171 19
247 261
212 242
238 201
59 112
117 95
35 266
117 280
234 105
26 157
234 228
41 282
217 14
230 250
134 139
252 124
17 124
217 76
63 38
194 167
263 108
113 238
84 79
108 210
32 282
120 224
64 113
248 46
30 73
53 238
128 262
61 133
230 170
80 209
220 35
23 243
285 146
148 62
277 100
34 274
101 11
251 258
265 31
76 84
80 278
169 283
275 98
36 30
28 59
153 278
184 169
241 1
92 63
98 252
55 31
215 44
108 75
19 205
73 202
232 157
43 108
134 183
54 78
256 171
246 196
257 273
140 216
279 229
195 131
175 102
192 109
125 207
34 112
224 264
160 26
37 205
39 175
20 59
164 195
39 93
282 95
189 98
35 31
67 79
167 176
213 58
197 122
97 194
268 19
263 258
138 186
177 242
180 103
83 211
135 136
295 50
158 101
288 102
268 76
241 11
164 7
230 204
118 83
232 256
119 254
249 57
147 299
239 283
298 30
95 223
286 179
161 151
285 22
279 274
114 111
286 264
271 170
9 185
68 268
297 252
80 108
92 16
226 245
123 264
201 81
17 132
269 132
274 258
98 73
145 258
243 64
180 263
45 191
287 258
273 294
129 142
68 294
226 64
286 104
147 142
246 153
9 273
130 39
151 14
241 230
16 122
214 124
40 141
204 229
235 82
127 121
254 199
255 198
289 38
57 203
70 113
249 22
248 188
136 112
184 114
280 76
81 33
178 88
286 187
4 44
100 126
245 103
54 234
159 133
104 21
286 110
91 121
110 266
115 74
155 202
87 172
182 130
290 37
288 218
249 246
256 156
178 77
294 234
77 174
219 3
150 5
183 25
196 266
184 229
44 76
259 36
171 201
246 67
138 203
156 77
145 221
299 141
264 281
43 102
261 199
260 69
275 40
1 255
271 273
89 107
236 77
297 159
254 126
189 16
179 136
98 282
18 31
53 34
252 176
186 276
291 5
249 104
10 150
94 211
26 140
118 277
108 62
73 74
278 164
61 186
117 190
246 34
141 98
36 61
261 145
252 289
253 236
249 34
13 255
18 276
1 86
194 56
84 155
197 204
227 248
89 87
7 244
162 199
173 262
286 199
299 75
17 96
197 6
22 47
211 294
183 145
247 200
170 110
35 46
8 114
36 209
108 282
286 23
290 144
288 168
10 105
257 50
86 297
147 80
228 33
294 236
242 99
242 17
24 34
197 256
173 191
10 275
40 157
21 295
230 286
42 164
262 293
260 176
36 265
163 30
260 205
30 144
97 45
246 107
150 167
6 236
76 156
42 14
200 120
136 43
176 175
53 25
261 263
131 119
139 100
46 101
108 134
55 174
187 241
80 221
87 294
250 193
267 254
103 194
216 156
19 294
178 221
15 249
257 66
148 191
177 294
156 234
269 21
11 65
71 279
146 194
31 263
216 99
282 122
246 292
221 113
136 49
126 154
31 156
217 282
95 62
209 108
230 34
135 96
270 243
180 73
65 273
271 231
109 245
272 74
88 10
267 42
282 229
7 67
83 149
129 285
178 142
78 235
66 208
249 218
223 275
118 156
166 132
263 175
73 233
160 183
107 64
254 289
47 221
95 210
250 223
148 235
166 124
111 201
105 75
112 163
90 24
198 174
9 132
18 46
225 59
3 66
292 267
14 22
180 23
202 23
262 71
79 183
286 129
190 29
83 251
138 59
18 164
16 222
195 151
157 213
9 268
6 72
267 11
45 59
280 180
136 295
54 106
128 112
275 136
75 36
117 49
21 250
7 114
131 78
37 16
5 76
179 43
71 140
189 169
226 48
251 235
135 34
76 53
203 225
176 117
108 20
229 209
258 45
180 239
139 251
184 268
57 123
212 51
5 155
83 30
6 226
87 81
22 162
36 159
227 143
171 124
68 227
204 166
145 43
217 36
264 158
37 81
4 158
0 165
78 280
85 16
198 154
54 42
196 289
252 224
127 292
74 242
33 155
2 186
83 129
225 191
171 195
191 183
133 0
209 106
205 87
202 232
261 291
105 282
216 132
36 279
175 78
83 177
275 106
179 60
252 141
70 206
11 170
89 187
52 128
171 224
70 7
107 5
34 26
261 173
155 293
186 47
115 252
171 11
204 219
247 125
185 102
285 293
145 232
254 56
243 149
194 73
2 4
197 186
291 280
241 134
96 102
282 15
105 68
265 235
134 213
117 184
48 39
94 290
14 155
143 13
271 296
262 271
87 215
139 94
178 145
144 27
131 207
110 56
26 210
169 116
61 151
100 293
194 122
150 160
141 136
156 180
127 261
92 141
101 91
224 250
285 228
280 102
18 251
57 5
141 128
239 241
269 144
119 283
6 252
285 46
24 256
30 278
199 106
185 55
276 9
158 43
108 101
27 150
158 117
75 131
160 41
87 51
280 283
99 151
98 295
284 11
42 273
274 48
95 182
278 141
285 253
121 169
299 21
188 284
281 246
2 94
226 142
227 148
275 65
173 194
188 132
68 152
141 107
267 133
62 272
296 292
257 52
86 169
111 173
276 152
247 142
51 46
39 14
99 269
121 83
155 116
47 287
9 48
270 275
188 242
106 114
224 174
290 92
126 6
205 69
219 8
58 68
289 28
142 185
257 111
173 243
209 136
102 241
216 247
290 256
8 99
248 209
195 30
223 276
157 167
261 121
19 245
212 295
54 126
225 271
183 19
163 172
273 15
69 2
223 121
132 156
27 261
186 83
150 56
197 162
143 239
81 126
162 171
280 265
29 163
4 55
166 235
12 100
74 220
281 11
268 52
190 173
144 151
206 21
141 293
143 135
282 64
105 201
79 124
151 255
168 63
67 292
182 66
233 101
66 32
50 5
33 65
90 52
93 217
77 63
38 296
185 273
73 118
236 129
177 157
274 219
211 185
144 192
147 246
16 137
18 65
89 237
123 119
178 4
128 155
198 282
164 288
192 24
220 151
37 112
73 0
61 86
85 69
7 65
225 79
242 215
117 57
205 105
36 182
228 288
84 144
68 25
138 160
72 191
117 229
3 70
204 214
112 283
295 1
280 39
132 277
198 47
243 108
197 165
246 84
68 200
125 100
253 134
112 7
54 272
104 265
32 174
110 131
84 218
243 31
76 48
179 28
206 268
134 212
153 86
14 175
84 34
1 248
118 92
294 298
150 2
71 2
62 5
245 191
132 246
54 48
199 207
87 144
161 270
38 39
35 278
214 21
114 158
17 117
85 120
204 103
44 213
279 161
253 1
32 211
183 271
227 145
297 202
152 184
273 206
162 40
156 236
244 99
14 278
180 38
121 236
228 85
252 132
148 118
56 95
249 261
163 267
294 200
7 262
91 80
139 256
292 36
28 174
88 75
171 0
115 230
53 52
111 99
275 236
219 74
16 103
190 110
273 298
145 277
204 138
255 220
31 21
132 119
215 274
1 223
37 123
12 119
67 176
286 11
1 136
247 293
260 224
78 27
122 263
260 57
121 155
158 280
299 10
36 122
147 169
110 180
228 246
156 269
137 254
221 109
260 172
170 148
82 160
22 23
77 291
20 217
282 90
0 114
284 229
130 201
42 232
197 58
40 262
78 260
4 179
174 118
27 229
142 58
46 234
239 187
131 120
69 238
115 79
170 291
171 86
242 286
107 193
22 277
168 126
56 88
139 183
268 238
45 17
245 182
131 77
124 256
90 84
195 277
89 245
64 19
230 268
71 288
47 267
176 249
198 69
213 238
77 151
28 90
125 195
12 10
212 227
175 92
290 100
39 134
187 163
108 193
22 247
102 61
89 231
55 166
288 167
288 110
281 136
99 129
16 76
172 102
29 99
202 13
186 295
186 94
154 134
265 155
158 245
7 252
239 238
268 83
280 58
60 272
231 112
229 67
74 55
246 128
45 68
56 157
284 260
106 178
23 206
170 79
32 186
119 243
141 208
127 97
276 71
25 142
225 187
129 137
64 13
223 151
194 38
249 77
241 216
114 164
75 198
174 22
35 200
263 174
209 133
73 110
106 200
74 231
65 156
24 108
84 177
129 201
58 272
145 288
139 122
141 103
165 21
161 25
118 179
43 124
55 230
276 242
59 161
191 150
3 142
