300 4900
56 64
82 113
129 201
6 198
294 45
196 293
53 76
168 31
182 4
134 54
269 204
191 284
111 9
129 258
42 271
173 43
18 132
257 27
26 201
7 148
22 206
276 251
147 275
230 208
48 254
48 193
63 95
186 111
282 39
55 66
102 168
134 251
15 3
274 271
206 249
132 210
86 257
259 42
292 90
175 72
92 255
237 79
125 176
27 115
140 168
64 67
295 117
71 262
238 281
70 139
74 39
70 32
52 48
6 13
32 189
292 194
256 52
198 204
47 116
189 247
225 205
140 62
26 288
96 0
164 0
293 105
89 146
177 3
96 22
29 205
227 273
135 149
185 226
174 80
183 184
29 195
291 147
177 248
94 131
241 119
164 271
86 13
238 177
262 28
33 95
177 169
3 261
130 197
183 158
262 141
200 50
223 14
183 26
70 104
208 172
158 101
166 52
42 262
2 233
83 169
54 178
115 71
208 106
242 161
178 247
278 250
143 91
299 126
293 163
122 279
289 158
50 207
92 90
202 193
272 119
82 156
263 180
287 244
110 151
54 146
179 37
77 192
269 232
244 38
255 175
97 63
156 177
151 162
9 295
66 18
11 83
81 44
255 239
285 37
25 191
288 65
95 31
127 94
285 21
187 121
189 242
256 160
42 11
56 293
87 288
293 121
209 170
250 45
110 62
275 191
183 255
249 45
167 197
224 172
225 154
280 191
100 117
257 276
37 104
50 88
80 106
39 54
270 151
260 233
143 93
249 67
200 250
51 243
103 222
185 224
20 172
188 115
22 113
28 199
25 95
14 101
42 284
207 160
297 183
124 188
217 228
142 65
73 64
28 169
130 258
112 64
41 6
226 290
200 163
236 228
197 160
29 216
225 158
72 258
265 239
191 84
177 98
156 19
72 0
37 146
121 265
275 94
87 224
141 190
44 54
295 54
39 123
227 151
41 228
86 298
260 230
108 223
290 76
152 81
106 161
261 282
110 122
12 118
206 224
45 297
59 170
0 136
297 131
93 147
6 147
83 212
30 128
269 65
291 157
179 101
265 105
183 198
14 176
246 70
231 203
68 55
22 181
247 233
232 5
233 264
294 188
176 47
24 131
192 214
258 84
8 17
237 189
244 88
244 179
175 17
38 226
248 62
82 214
2 117
288 215
56 244
170 158
195 216
80 99
216 4
100 130
184 180
227 72
120 63
172 64
75 143
109 50
262 255
167 40
54 284
29 34
64 275
53 64
161 120
255 197
68 256
292 21
165 237
4 176
106 44
65 19
22 238
178 189
138 227
285 250
175 242
39 214
232 143
131 178
156 14
150 231
171 2
33 38
122 182
130 260
271 150
36 64
86 276
1 11
152 226
218 209
33 292
275 216
207 26
227 184
101 124
87 296
201 176
150 42
8 59
39 107
261 64
184 121
124 195
162 175
285 167
77 230
256 137
3 249
232 39
53 242
32 39
241 287
80 144
116 1
181 159
234 53
24 247
175 37
277 62
37 243
88 67
23 76
61 5
83 121
208 133
152 233
181 34
276 295
49 179
27 292
84 286
298 203
32 240
224 270
232 40
261 174
272 17
47 263
295 245
229 291
204 209
43 53
238 89
6 86
156 289
72 233
277 209
265 8
93 215
55 299
250 137
46 116
136 62
114 34
266 92
294 121
237 124
42 258
83 20
114 8
92 135
10 176
39 179
98 124
281 111
227 169
79 67
128 193
200 13
111 138
111 13
221 107
104 62
249 256
123 214
34 17
154 76
247 123
177 56
228 107
136 26
200 276
81 183
230 133
63 70
257 248
8 281
193 13
297 90
156 10
217 251
55 192
249 294
7 163
172 171
217 212
282 145
167 271
31 294
21 91
103 135
114 57
117 25
277 255
20 272
57 205
132 255
159 274
205 56
226 4
90 6
257 19
260 116
47 142
131 153
133 258
104 49
279 231
285 221
198 54
210 251
254 267
130 296
66 39
202 288
202 240
4 139
95 40
124 280
162 199
204 59
238 81
292 217
250 41
294 4
118 32
235 20
259 93
147 174
95 51
218 91
271 200
96 150
238 260
101 136
254 216
103 172
73 101
230 26
24 254
199 189
191 30
171 207
32 294
7 60
173 284
33 291
6 0
21 69
263 109
31 284
47 168
111 149
210 237
207 31
243 130
272 25
79 191
150 207
232 142
176 184
48 88
80 101
291 267
119 156
274 163
181 8
193 2
79 85
236 272
89 6
144 237
252 6
294 155
11 39
73 28
10 82
202 195
284 48
173 24
112 194
8 78
145 16
156 291
66 141
38 19
220 274
144 162
121 235
175 143
114 201
199 230
264 42
63 194
225 282
282 180
131 234
121 156
140 237
111 218
116 113
172 105
48 89
170 42
261 189
226 284
87 201
33 163
1 281
88 24
35 242
252 58
73 247
128 236
180 256
2 231
94 210
111 261
286 138
11 192
276 107
156 193
218 33
10 109
141 241
237 204
256 55
100 242
241 8
207 290
238 48
129 54
69 198
122 16
156 137
245 101
124 111
99 221
19 147
55 54
239 67
212 141
289 183
268 286
34 157
226 124
171 86
133 209
154 133
90 189
52 14
161 74
150 0
140 266
141 276
185 204
177 62
117 156
27 229
211 57
79 171
85 154
30 103
204 79
63 58
62 190
133 64
101 184
191 180
288 13
107 172
77 118
120 180
23 146
77 115
12 298
254 274
265 266
210 130
43 154
32 255
222 169
108 45
73 62
120 270
83 261
10 119
265 278
59 142
17 289
185 203
24 260
257 46
144 255
242 219
50 273
50 28
107 194
141 263
214 265
228 223
157 129
78 160
240 18
217 131
299 91
293 186
163 157
133 87
292 243
81 102
38 111
180 277
293 129
281 37
204 34
291 155
92 76
134 73
213 51
248 295
51 163
92 273
282 248
152 8
108 155
78 272
74 72
227 93
191 297
152 59
261 207
282 171
185 21
114 28
144 120
2 266
232 25
6 25
277 154
42 276
229 252
279 200
83 282
188 296
121 14
81 125
122 219
185 214
261 264
264 243
202 72
253 105
279 63
176 72
159 45
29 224
42 15
247 54
158 103
36 19
68 81
25 98
224 91
155 175
26 106
295 27
244 29
44 105
162 54
82 198
15 221
192 4
269 148
103 77
120 256
117 86
231 172
75 275
7 299
205 10
290 253
174 272
108 266
58 120
277 96
230 261
201 111
69 281
240 98
196 266
48 232
211 55
94 243
283 67
172 167
37 257
23 269
282 202
53 21
266 153
237 47
160 50
166 181
229 129
104 155
97 183
236 231
266 91
170 37
128 156
126 140
6 30
250 81
220 130
72 292
45 212
290 158
229 284
25 183
115 237
196 241
27 94
238 94
164 249
180 151
4 287
156 214
259 115
256 1
179 266
286 28
73 273
71 268
166 7
29 264
19 264
224 105
122 54
193 208
46 226
139 253
224 106
100 168
179 31
54 106
207 154
162 213
73 261
216 9
118 283
144 163
128 11
83 22
106 10
12 273
27 95
244 91
77 129
241 21
214 236
9 121
93 91
46 13
195 34
223 201
141 123
53 226
280 90
276 11
34 71
211 293
31 127
93 151
249 54
134 245
190 286
57 282
123 1
167 292
258 101
226 173
4 100
156 277
118 19
142 33
251 204
87 112
141 187
195 104
247 221
8 270
237 97
87 209
9 6
22 159
26 42
39 188
157 293
244 220
97 241
46 23
164 118
190 256
211 56
298 138
265 82
276 237
56 192
241 255
120 60
293 123
199 91
277 272
224 34
27 51
216 192
155 184
224 157
40 268
277 82
272 35
34 149
241 60
248 95
126 86
165 140
282 96
2 148
147 286
72 231
197 25
187 212
282 130
252 230
217 65
143 82
207 259
147 242
261 289
108 147
93 105
298 105
82 73
69 210
47 255
112 24
184 110
235 14
283 207
191 282
251 156
250 162
99 236
219 37
258 19
222 72
220 5
172 97
220 224
49 202
29 54
58 161
18 193
33 77
249 143
4 270
22 124
205 13
295 194
104 191
276 259
242 97
252 222
244 253
132 16
282 299
249 50
200 145
275 123
247 36
287 179
216 245
7 83
85 266
72 86
131 43
188 20
142 93
113 32
255 63
4 118
29 202
287 8
19 78
150 4
4 236
158 221
108 247
134 4
103 102
243 119
98 198
72 287
70 147
187 140
24 85
247 274
211 136
281 142
27 283
192 229
159 62
228 65
229 281
39 53
82 36
244 7
216 289
15 52
222 115
91 36
267 280
263 139
25 104
258 216
156 222
30 171
195 56
148 196
119 59
220 205
92 250
1 151
149 278
292 0
58 112
194 2
21 72
116 61
185 91
68 128
82 5
77 276
206 102
156 234
187 74
227 208
130 41
235 293
180 126
272 161
196 128
243 218
168 41
103 73
52 67
21 218
264 122
102 161
199 10
24 162
162 270
147 116
218 81
2 169
76 230
31 249
142 12
43 227
271 199
113 98
2 209
119 78
82 11
226 127
281 71
76 248
225 208
70 61
148 0
252 195
243 155
216 211
111 221
229 51
48 81
297 199
78 44
120 49
53 185
288 237
106 239
288 290
56 270
246 24
275 264
273 127
212 124
294 108
229 260
284 246
257 187
233 284
212 279
73 96
173 231
200 210
271 253
185 84
22 262
94 43
222 221
87 276
203 205
259 233
184 189
180 222
270 262
63 35
291 286
206 130
279 130
110 119
87 89
203 6
188 49
149 220
215 216
289 38
233 270
136 95
132 111
238 95
76 50
222 282
271 235
138 248
88 32
282 156
103 178
190 269
247 74
21 280
195 42
139 137
225 38
227 75
244 256
167 28
9 242
264 169
123 193
287 225
251 263
63 287
168 59
225 113
236 226
26 27
237 202
69 234
165 14
282 199
205 45
155 9
222 4
114 109
208 247
44 270
248 89
191 127
288 1
141 234
254 175
102 256
211 67
12 224
175 268
159 14
259 12
24 183
108 74
33 10
97 190
96 28
34 168
217 97
49 28
20 9
80 109
171 136
251 171
212 296
255 214
154 116
71 143
294 208
99 52
97 270
82 49
248 298
47 229
64 265
184 111
241 158
67 233
23 242
161 145
284 160
68 47
268 177
280 11
159 185
88 133
230 209
51 272
265 216
249 200
262 11
295 181
293 236
232 201
250 70
30 41
147 245
228 253
234 145
187 59
230 74
183 145
111 109
211 98
199 98
132 1
186 289
80 2
40 144
22 249
210 173
56 136
208 296
207 76
138 185
186 217
236 120
172 267
8 103
201 271
214 299
165 242
0 281
217 285
121 78
11 124
252 21
132 98
10 19
55 91
163 229
97 58
48 6
237 188
59 154
182 117
106 275
23 222
199 93
251 42
155 222
74 181
173 58
0 254
139 37
222 281
82 90
43 258
12 65
32 271
264 155
120 113
89 200
249 231
116 276
119 3
171 48
217 263
226 42
215 117
142 35
287 177
241 103
30 5
120 243
186 177
289 37
49 184
212 242
41 106
154 258
118 244
234 9
22 23
68 244
231 127
120 214
11 279
29 251
259 146
78 165
245 131
26 119
290 197
93 132
232 171
182 252
187 275
251 39
73 170
45 195
92 252
89 40
215 22
33 136
225 94
176 246
147 255
53 170
65 120
82 220
220 3
162 294
295 291
188 266
253 43
283 149
24 147
13 283
60 15
116 43
81 79
69 190
262 275
211 163
165 278
193 122
247 170
11 218
25 78
183 278
76 87
43 165
239 293
136 271
146 99
21 131
210 201
261 259
195 60
57 150
63 204
216 42
4 19
242 21
110 156
255 258
85 218
267 28
55 88
126 158
82 4
194 154
236 50
260 152
58 149
187 117
178 268
33 239
17 283
188 51
43 139
201 72
102 58
137 79
204 255
270 33
30 216
261 235
167 194
261 201
224 30
287 226
293 136
215 246
258 94
153 56
103 110
59 111
264 36
192 259
50 63
226 244
59 138
268 85
123 3
141 165
224 6
262 178
275 221
237 287
221 104
194 94
120 224
288 85
270 258
50 82
289 296
193 235
96 206
78 79
268 230
201 255
54 138
192 87
102 105
96 133
225 250
159 51
80 162
220 85
263 9
5 180
148 127
193 244
215 80
51 157
298 267
223 260
18 28
8 169
96 225
205 61
187 280
50 18
184 239
128 203
217 124
270 299
207 220
232 165
221 118
200 2
178 290
112 248
102 194
246 287
70 89
174 103
89 182
200 32
197 249
63 108
94 109
238 131
25 259
196 9
47 48
36 297
142 8
227 15
131 78
101 22
224 68
166 105
298 79
163 185
87 170
234 91
197 44
14 173
178 24
267 242
256 116
288 223
192 57
293 67
171 192
115 70
184 34
180 187
97 33
250 87
116 198
253 8
230 238
175 21
78 298
89 17
136 132
32 198
124 296
50 9
115 141
231 105
277 1
248 192
169 286
116 110
29 17
131 83
280 266
96 75
52 135
238 246
237 234
223 179
162 36
42 250
37 88
49 203
196 162
213 258
256 53
77 142
117 278
171 91
113 41
283 211
86 252
143 97
50 227
206 220
115 178
226 111
286 146
175 94
102 272
40 21
109 255
293 201
70 218
47 143
36 144
166 257
76 60
267 8
223 208
159 87
151 44
235 296
278 233
12 39
110 171
104 13
215 190
1 284
56 9
71 286
261 110
297 220
89 232
113 85
20 160
61 55
29 11
226 216
105 215
189 151
122 103
4 21
292 196
18 134
292 85
231 222
18 154
192 230
147 201
124 108
237 178
3 165
135 147
27 82
14 199
115 224
284 240
182 269
83 85
105 170
253 27
257 284
269 243
159 164
134 97
13 90
191 149
239 235
162 249
20 236
138 251
111 43
216 161
127 252
71 257
173 99
213 133
129 91
257 2
212 18
22 232
259 71
44 179
106 235
52 8
141 31
210 29
3 170
111 223
116 179
202 243
29 287
253 219
79 179
58 113
166 98
241 30
57 130
169 218
91 150
9 84
47 217
85 97
233 248
12 294
180 56
272 149
209 217
237 245
200 28
22 59
291 269
149 94
202 173
237 93
136 268
49 91
59 146
125 268
62 28
25 80
246 295
102 13
173 181
210 64
288 226
117 194
208 105
79 98
195 113
112 152
101 54
159 267
164 260
86 38
229 205
59 199
75 101
36 72
84 228
9 68
65 66
153 207
79 253
222 83
23 133
116 167
286 189
75 209
168 278
164 142
298 182
95 73
38 7
219 43
166 82
44 175
145 286
158 122
7 242
262 235
33 103
123 16
148 229
132 236
259 5
196 283
54 182
111 273
210 121
204 273
288 125
205 107
208 51
24 179
37 42
129 43
136 46
130 121
53 133
279 290
104 188
276 245
182 38
184 171
147 118
181 196
177 129
78 138
197 179
120 91
13 251
261 149
63 229
67 86
177 101
166 165
35 225
47 59
122 136
204 275
185 215
183 187
297 113
3 251
152 181
124 181
152 279
193 133
297 85
192 258
95 120
263 268
263 37
73 280
189 146
156 81
185 105
84 179
103 223
173 276
162 241
210 146
11 238
1 249
25 40
289 132
157 281
295 277
152 17
167 270
266 233
281 267
201 21
116 119
274 85
252 218
294 89
210 135
4 156
157 151
198 196
250 299
215 46
204 161
251 136
220 89
268 226
205 18
264 216
177 45
72 43
1 270
181 265
5 171
82 81
78 159
4 85
182 40
108 43
274 248
269 210
101 17
123 131
184 7
12 215
37 207
93 24
189 205
194 190
118 106
207 157
151 112
12 60
197 198
11 165
174 232
76 264
248 163
252 97
152 39
25 291
129 128
272 235
84 50
47 49
66 260
7 19
253 74
96 222
185 228
214 67
24 139
149 112
135 171
46 54
205 279
157 211
17 288
115 120
229 120
98 56
152 169
151 4
210 265
122 218
108 64
271 289
30 9
213 252
162 251
244 85
213 299
74 172
151 131
83 288
152 98
102 147
83 25
123 128
95 121
91 177
20 199
95 126
35 189
279 100
116 85
288 268
245 164
62 120
160 291
60 80
114 168
224 256
31 54
262 47
104 206
210 221
105 196
288 174
234 126
284 187
193 9
292 54
158 294
95 16
194 278
48 159
237 172
26 58
189 174
267 189
101 205
131 140
226 106
246 23
298 97
279 50
33 186
224 82
189 268
177 85
64 235
108 239
105 88
64 61
208 221
116 111
200 262
127 224
138 216
98 195
238 163
4 77
205 180
280 99
33 71
206 292
238 115
112 36
24 105
64 126
28 99
228 31
2 172
152 278
267 35
243 253
258 223
104 277
269 57
220 32
44 217
21 221
112 252
144 221
250 136
257 173
37 58
144 111
249 187
242 38
54 131
168 2
162 58
133 89
142 176
35 284
11 21
208 170
221 241
295 174
242 166
61 214
22 111
114 293
18 271
22 208
247 45
37 278
235 39
270 85
284 297
119 198
35 291
126 193
119 164
170 79
33 37
33 262
95 108
143 272
200 127
287 48
189 60
99 120
240 110
35 114
169 77
295 263
246 133
173 27
9 117
32 190
126 247
205 181
184 139
200 36
55 187
105 121
284 101
170 254
122 159
209 46
47 85
27 109
213 128
176 189
281 40
170 143
146 281
82 148
41 227
271 254
274 32
6 221
109 137
4 25
253 81
76 84
244 192
276 106
160 0
299 76
18 72
159 25
146 187
98 178
231 100
263 82
152 284
205 141
100 245
289 286
288 91
230 67
53 254
47 37
218 173
1 195
205 145
145 156
268 78
275 19
281 250
184 209
65 29
73 39
67 151
227 203
107 45
125 9
285 89
143 242
201 193
85 7
121 202
126 197
23 293
140 144
231 153
284 281
150 254
11 275
275 237
192 138
194 175
40 142
267 82
42 48
67 236
7 293
29 93
51 255
102 19
169 200
111 129
140 252
94 249
95 149
268 133
112 55
188 151
129 118
33 181
190 238
259 292
59 10
266 270
105 57
156 183
124 171
148 223
144 103
266 141
106 169
224 247
273 243
39 215
212 283
131 296
241 225
64 13
98 275
23 231
121 140
32 61
180 46
291 137
171 94
20 284
247 128
123 81
200 106
198 225
100 86
43 297
174 144
218 214
63 272
295 7
111 44
21 15
267 55
143 66
36 161
151 236
148 92
250 203
273 32
231 77
164 18
130 216
16 62
94 73
170 9
77 127
103 66
32 119
61 238
219 125
251 12
143 121
283 240
256 212
80 49
240 121
213 152
57 237
199 145
34 124
192 204
211 60
90 254
173 157
23 25
214 266
137 69
128 81
112 80
18 201
222 5
284 267
134 81
155 194
28 282
245 224
269 83
191 27
108 259
154 162
138 152
293 99
80 297
186 157
264 58
243 36
215 148
251 234
44 161
283 54
169 80
122 75
128 125
277 204
105 209
141 1
143 27
128 62
282 290
67 134
23 1
35 197
233 175
118 38
22 196
33 299
238 298
275 177
291 145
242 172
48 242
125 265
156 243
147 112
55 233
182 176
25 58
138 220
155 79
119 278
89 192
21 229
193 67
222 135
149 26
119 11
269 97
249 173
215 128
258 171
295 17
228 270
223 122
154 16
50 291
222 68
157 100
251 62
181 259
0 271
37 237
14 291
111 168
54 133
51 291
259 247
55 235
24 65
127 36
200 51
168 132
277 202
229 234
18 170
115 93
141 218
108 279
93 13
86 264
59 7
18 243
123 276
145 79
24 95
1 17
215 16
237 182
227 217
152 289
91 226
39 142
171 237
263 206
46 280
114 89
274 110
93 295
119 69
184 163
69 123
33 233
288 154
159 245
260 6
173 116
57 210
99 59
299 50
171 63
206 143
297 81
143 140
123 121
242 93
80 258
237 96
5 120
214 180
259 110
214 177
149 271
41 94
290 194
263 43
180 219
18 21
14 23
182 293
39 258
217 274
13 210
104 53
25 192
136 198
86 216
94 216
277 201
168 144
78 125
16 121
60 161
193 240
231 202
41 84
192 133
40 208
205 17
175 63
213 3
127 297
266 150
32 74
222 62
33 125
101 78
294 142
190 272
126 194
98 162
12 129
49 296
53 295
33 138
294 214
121 204
7 120
160 192
220 62
203 117
218 22
211 71
200 217
15 277
154 262
103 36
276 294
31 111
297 99
157 250
167 204
152 115
169 115
109 78
89 53
209 290
208 104
220 253
234 61
66 213
93 159
250 206
10 100
181 287
188 82
73 268
287 114
129 173
225 276
73 0
19 103
257 254
164 92
96 71
192 297
253 167
162 32
148 131
162 57
20 292
177 93
249 57
264 100
135 49
83 291
72 265
121 63
290 134
17 37
97 202
139 292
179 18
175 284
161 116
295 99
252 35
206 82
89 100
247 162
32 87
221 136
76 12
257 287
228 60
267 297
178 28
256 157
12 241
19 61
54 168
243 44
31 64
46 287
183 129
123 271
116 126
36 293
62 53
173 264
91 186
238 126
153 119
189 293
257 222
9 191
292 266
249 270
28 61
25 109
143 26
57 1
124 27
16 283
75 193
242 198
176 297
40 288
173 180
83 241
66 178
216 64
84 230
239 195
226 28
0 294
10 213
151 63
45 141
100 169
11 283
127 151
219 136
36 280
148 67
78 115
115 252
148 263
19 31
184 229
153 129
97 204
124 210
134 56
210 141
139 58
130 8
71 149
167 145
249 242
133 127
141 83
73 50
106 292
112 166
121 53
16 158
121 32
31 245
7 17
126 89
290 39
225 295
257 150
226 26
66 58
2 276
202 155
249 2
243 162
287 270
153 87
73 142
223 68
75 131
148 16
281 182
134 44
45 70
119 250
171 11
189 23
258 28
24 265
55 264
116 272
19 210
240 171
150 124
178 22
155 223
196 121
181 56
141 60
180 60
96 65
3 246
250 150
190 117
84 110
194 135
238 116
253 185
146 123
171 56
208 155
85 178
109 12
168 255
191 173
20 122
54 217
108 58
80 105
147 60
166 48
233 215
283 104
105 23
68 234
132 66
158 178
113 235
240 63
52 127
158 192
165 149
55 207
249 184
191 228
137 226
255 68
10 209
277 91
0 128
124 293
299 192
185 176
69 284
244 230
65 258
295 106
194 165
248 291
140 186
10 157
276 14
151 92
142 275
53 68
17 227
40 79
262 17
38 198
160 132
291 220
30 164
12 285
183 70
252 244
154 52
1 257
229 167
297 13
3 179
194 28
103 57
84 236
261 9
157 164
288 172
239 291
41 255
34 256
195 59
75 213
133 165
230 285
39 217
112 74
235 61
183 287
102 37
290 20
125 45
77 185
4 31
221 130
208 3
208 92
154 65
215 7
143 50
1 99
142 114
268 279
250 82
223 129
208 137
130 298
146 95
147 71
130 163
65 226
44 50
54 156
137 176
185 3
40 165
227 251
126 161
210 160
71 283
27 11
166 156
75 87
188 105
58 231
72 291
228 40
124 141
240 119
42 171
104 18
8 285
230 251
130 273
289 50
195 73
21 36
118 239
36 146
218 123
278 176
63 252
239 129
55 165
113 94
125 16
115 251
280 224
264 18
101 285
2 217
265 249
47 51
245 10
142 36
172 101
161 134
249 147
229 275
110 40
9 220
101 168
157 49
159 154
185 80
223 156
165 188
117 12
72 149
234 92
290 138
115 22
119 196
94 115
3 250
267 70
235 97
156 264
82 40
123 53
278 169
274 136
96 6
137 118
274 98
38 184
53 262
172 253
209 1
33 213
295 85
2 111
128 298
243 43
294 78
269 217
89 279
4 211
41 297
15 226
264 94
64 202
275 283
43 261
10 294
201 297
49 288
139 204
79 72
209 48
99 253
120 233
256 113
14 178
194 60
213 26
106 57
296 191
163 253
248 183
233 268
86 144
36 258
178 70
115 184
267 176
154 128
291 290
188 68
206 202
23 212
164 172
22 263
43 74
103 260
84 144
109 164
114 274
135 274
195 46
127 158
273 86
131 235
218 263
288 82
180 225
183 53
35 105
135 273
172 95
153 67
51 177
100 230
117 172
250 251
21 276
150 251
236 268
35 185
222 146
136 201
216 180
208 299
197 200
87 264
278 101
35 212
56 103
242 272
183 32
48 124
166 147
206 163
276 236
234 24
28 33
69 204
168 150
265 33
266 158
84 142
72 126
216 117
57 267
261 297
60 220
54 1
253 203
84 195
266 202
250 247
165 233
236 170
74 281
62 227
109 7
25 69
162 20
178 286
53 197
263 97
250 202
113 20
137 5
9 182
192 69
278 71
280 103
77 71
10 188
228 99
51 216
153 132
103 126
212 272
295 90
183 207
164 148
131 212
69 188
1 107
115 277
198 149
47 290
181 203
155 292
253 169
119 37
123 64
43 30
239 120
239 248
154 7
203 235
131 86
15 99
123 208
49 284
193 140
14 151
162 178
280 148
226 190
49 62
58 105
223 93
256 130
242 279
140 51
264 5
96 127
54 25
175 1
283 93
89 180
266 219
76 220
51 263
121 167
151 277
13 117
104 103
171 216
136 91
253 23
42 152
164 46
241 124
209 65
203 104
174 134
192 274
294 195
251 132
189 264
236 283
151 101
217 73
264 75
35 261
187 262
13 115
92 91
54 77
220 84
193 104
169 244
16 274
146 206
160 263
211 190
132 257
203 94
35 8
166 66
15 234
116 225
120 213
63 270
271 87
261 95
203 180
171 168
47 208
223 135
32 115
75 145
69 77
170 56
78 207
51 41
208 250
76 120
208 242
42 134
158 157
288 285
57 39
163 77
165 248
2 99
188 63
58 291
3 116
65 14
80 161
27 204
71 221
9 230
200 128
57 108
254 283
96 294
271 247
248 178
55 269
186 5
290 78
217 5
72 242
272 183
57 60
21 64
96 236
28 64
293 275
289 276
154 195
253 71
102 32
97 195
135 292
133 32
283 268
100 220
255 264
10 34
284 21
207 8
179 28
63 30
59 86
40 278
90 251
0 162
134 264
77 229
130 81
269 175
44 36
33 101
22 248
131 127
233 78
70 292
144 114
231 91
253 84
199 234
74 87
178 157
6 245
93 191
92 172
168 96
114 73
105 99
7 195
286 194
12 220
191 129
274 185
294 97
285 123
16 129
262 244
283 96
212 194
142 155
206 50
137 112
103 177
55 67
241 163
51 156
66 278
296 95
133 298
181 67
112 226
166 131
103 37
120 237
260 275
192 15
167 255
50 77
200 45
150 296
200 220
198 23
19 47
12 70
213 179
294 74
136 37
192 105
128 245
281 39
41 194
296 285
53 146
66 214
181 94
122 211
286 263
244 160
136 220
227 119
122 208
22 211
236 81
10 211
62 56
13 299
190 224
247 130
202 297
86 158
265 202
195 125
164 137
103 71
155 199
80 206
121 30
278 274
113 217
132 189
252 260
131 185
207 245
226 57
103 125
35 69
127 128
153 269
41 220
201 69
72 109
296 171
144 50
136 162
93 116
209 95
23 99
147 82
206 81
121 234
291 255
68 147
126 3
46 230
205 160
27 101
140 123
185 143
172 168
92 204
293 291
80 33
265 73
282 42
289 187
188 50
135 3
88 103
110 79
105 120
122 129
296 234
80 52
202 58
167 15
19 30
148 297
152 224
141 8
102 226
252 25
163 56
282 167
94 86
127 113
172 229
284 92
75 243
10 79
232 152
179 150
117 95
90 192
87 203
267 93
230 80
23 77
129 107
235 192
69 212
281 88
233 154
261 163
158 13
224 151
153 208
191 242
196 142
203 126
84 278
141 147
92 209
250 184
36 85
171 65
75 289
178 140
252 106
245 291
119 21
209 106
137 128
141 3
140 235
118 286
100 36
254 285
152 57
132 259
151 121
56 161
67 228
13 36
126 206
31 52
281 6
94 172
87 189
132 57
75 78
103 248
202 105
266 192
18 237
102 209
26 59
90 10
145 62
251 145
23 192
111 78
108 93
107 24
71 93
298 265
225 89
67 99
225 191
246 236
224 90
209 73
118 228
202 230
192 64
151 76
109 42
69 261
37 63
175 3
280 35
217 260
126 155
273 87
181 189
63 112
13 263
20 286
259 212
196 229
124 47
198 120
36 268
292 13
54 223
22 16
282 55
139 38
128 163
75 210
279 119
96 231
126 45
186 178
135 185
14 140
243 245
125 39
257 88
282 188
192 28
68 110
105 71
7 243
149 97
47 295
66 26
144 214
22 256
82 57
200 155
179 283
120 127
89 12
156 167
5 287
98 58
186 299
154 69
37 3
82 217
113 112
217 163
60 55
119 188
176 78
132 228
79 106
166 271
177 78
258 285
284 192
159 50
174 254
243 152
276 134
202 113
273 248
115 200
143 264
161 179
270 118
6 101
9 197
89 116
102 214
288 66
138 137
150 165
166 225
129 197
126 134
52 38
9 292
211 270
210 111
103 297
271 189
149 280
266 62
262 73
261 105
212 30
27 7
61 270
274 138
161 189
131 267
284 181
113 7
2 286
63 64
127 86
162 218
41 210
59 30
105 127
50 237
278 67
261 7
194 183
144 280
197 204
12 126
254 149
100 3
259 95
10 171
294 42
235 40
212 34
49 159
135 153
26 86
90 279
80 139
108 154
190 213
257 79
67 285
178 74
89 75
31 58
138 6
70 203
187 168
239 243
211 184
45 299
36 34
137 106
265 58
111 29
11 87
107 280
52 30
291 88
96 193
133 136
87 119
116 166
205 108
208 55
12 15
200 186
112 253
129 18
10 265
74 142
226 68
89 0
181 201
1 164
132 87
256 231
245 228
134 110
229 46
292 211
117 4
214 233
95 153
225 211
170 12
177 223
152 31
156 69
5 122
234 110
269 171
275 73
255 33
30 51
123 91
22 145
14 17
217 110
63 185
57 235
132 144
149 144
262 161
290 111
86 263
35 257
32 229
293 226
49 216
262 213
249 142
252 141
299 79
240 195
112 175
160 111
84 39
115 56
149 79
88 239
184 218
235 267
20 191
192 154
174 31
134 292
233 27
298 0
233 123
183 229
195 39
138 229
135 230
235 213
203 118
200 290
267 234
104 299
202 189
242 236
253 96
233 191
63 288
81 228
276 184
77 274
236 104
295 50
217 218
3 236
21 236
158 202
222 69
63 232
285 150
65 232
238 252
147 200
76 85
168 11
271 210
184 248
86 194
264 242
239 29
178 127
60 86
45 231
240 73
124 182
190 241
166 114
215 61
0 188
138 55
145 149
270 252
117 126
256 131
130 181
48 87
239 221
145 112
39 229
225 39
77 58
45 248
15 100
282 2
78 164
133 275
106 50
11 47
138 131
75 138
243 228
268 5
140 7
213 167
235 180
224 288
33 143
215 281
32 202
109 66
248 189
265 255
182 134
81 71
240 34
48 0
160 175
22 164
210 174
218 261
9 274
296 25
105 184
63 246
197 15
152 245
45 251
32 256
141 238
238 18
81 12
66 210
120 171
253 127
248 94
295 135
240 271
121 267
36 24
199 190
80 266
171 290
65 155
41 80
61 142
73 115
124 170
170 259
241 88
252 216
247 61
191 100
243 223
40 96
4 242
47 129
18 121
225 59
237 40
60 137
49 260
246 124
39 106
106 130
290 222
89 147
16 209
273 103
112 215
174 165
213 158
52 285
274 177
231 25
171 22
271 48
257 251
154 90
269 122
21 256
214 30
59 88
299 25
13 204
90 136
157 237
23 167
157 14
230 37
28 287
260 253
249 226
25 240
75 173
289 157
112 6
37 276
170 286
115 154
265 163
113 40
229 123
168 198
13 73
227 32
228 246
208 130
120 183
214 234
79 269
75 204
81 277
151 129
9 70
290 167
211 171
225 177
142 277
97 296
58 75
197 19
28 24
122 28
295 206
95 208
299 268
54 117
8 122
188 216
176 110
165 207
183 15
46 158
30 270
117 96
3 290
91 238
41 5
44 176
168 235
94 13
147 260
140 26
50 8
80 271
242 158
290 32
283 74
202 57
106 61
183 1
196 7
115 258
272 142
233 15
202 25
278 284
218 0
206 271
208 60
7 121
298 60
188 292
217 50
82 87
168 237
194 281
202 159
91 144
105 150
63 144
79 248
224 97
130 231
63 66
275 224
1 182
238 186
228 284
9 267
280 1
22 235
21 138
150 81
76 55
44 97
4 274
267 231
285 164
252 262
140 25
142 139
141 131
76 86
185 249
144 70
190 191
189 116
198 208
155 36
81 2
139 283
13 30
163 246
98 251
190 128
190 98
257 210
199 121
148 146
177 164
281 104
241 165
265 199
158 100
34 112
213 202
40 80
246 250
29 126
110 112
121 97
34 248
144 151
77 257
25 97
175 77
159 238
55 213
21 193
86 146
166 103
265 191
144 175
103 165
12 4
251 247
53 206
253 17
193 119
283 165
255 250
297 102
262 45
102 65
251 288
130 152
274 232
210 243
235 196
221 51
178 252
223 289
129 146
124 38
111 17
237 246
142 244
6 22
51 158
232 125
11 149
62 170
258 22
246 213
206 78
270 187
139 89
282 26
30 177
22 98
4 26
60 11
109 209
137 170
75 153
59 112
152 174
289 16
285 144
1 177
237 75
155 41
104 258
243 183
284 28
37 164
193 61
287 235
230 134
159 32
240 174
228 248
249 42
5 157
242 291
260 22
62 93
21 269
289 0
129 182
249 276
249 211
274 292
89 35
281 82
45 95
255 89
54 7
241 19
211 256
200 59
32 225
43 137
176 88
132 254
244 74
9 92
109 211
24 10
143 282
226 291
3 88
255 36
230 14
15 85
110 167
187 89
155 182
48 256
125 112
34 84
31 277
77 83
271 132
38 210
247 158
299 145
270 75
261 257
87 40
278 279
184 62
276 153
191 57
26 220
229 88
176 275
95 140
135 226
87 70
31 43
200 219
139 294
156 293
298 272
20 91
130 295
31 74
40 90
58 294
60 20
25 287
170 166
270 138
151 111
183 72
174 198
180 82
97 39
255 123
277 74
7 114
109 17
105 278
15 145
137 94
62 111
167 257
56 174
281 92
270 54
130 116
79 222
171 241
198 14
170 270
284 189
38 188
58 72
108 186
29 125
5 183
202 268
212 5
65 280
58 157
166 124
230 142
137 115
131 47
43 179
232 135
68 109
185 247
99 75
1 74
235 148
73 121
74 246
57 45
95 107
273 247
255 10
172 275
258 12
17 124
252 154
202 7
79 107
291 279
96 119
114 80
294 118
129 143
83 250
238 156
296 282
23 29
266 208
76 240
18 26
176 214
286 133
67 144
161 299
58 60
269 139
256 135
118 86
172 282
77 296
2 72
249 152
11 222
24 138
268 41
197 283
210 234
234 228
84 291
12 236
160 259
132 38
179 162
142 199
103 138
82 92
122 217
127 227
52 12
232 173
290 93
122 244
133 234
254 204
209 99
190 260
179 1
279 247
297 104
275 67
227 115
33 212
140 164
253 135
116 11
187 248
15 139
262 180
135 255
279 34
140 262
183 152
208 8
211 118
32 62
190 186
14 249
3 198
151 90
217 271
168 194
163 203
6 222
230 70
153 12
227 229
136 153
211 245
61 126
172 290
12 185
151 197
258 30
140 216
114 107
208 129
189 43
10 217
287 184
100 266
9 123
37 267
181 38
290 191
264 142
31 221
24 76
238 44
38 46
116 123
85 262
30 65
146 230
164 214
237 68
78 289
65 33
64 29
252 284
285 126
229 50
7 41
4 44
253 114
89 107
98 252
21 156
225 75
26 197
211 222
62 157
115 48
89 184
145 154
179 258
132 288
14 15
260 97
123 217
149 60
24 130
85 12
32 16
162 258
37 252
236 172
150 280
213 232
19 292
99 231
240 154
232 60
148 118
89 292
230 65
265 9
286 111
119 171
81 280
202 75
200 261
250 176
201 45
105 173
123 223
187 215
12 174
244 182
125 234
117 62
90 261
182 292
257 99
148 271
290 99
224 176
222 188
228 271
245 1
88 250
99 78
85 81
118 39
238 193
48 203
224 111
42 191
173 221
110 166
160 76
165 260
84 251
268 19
181 294
97 173
79 178
141 28
156 196
167 243
188 199
108 101
263 91
50 280
132 240
86 195
54 258
191 212
218 296
111 198
238 132
203 28
144 258
286 121
248 264
35 109
2 95
177 185
111 216
127 33
54 274
166 150
294 88
285 203
189 252
101 150
116 291
280 76
228 88
26 202
203 95
16 75
222 30
103 69
25 285
9 57
155 80
5 7
256 71
140 260
77 57
256 220
281 274
222 117
122 284
253 165
132 196
49 208
264 256
221 296
114 219
243 114
263 17
259 240
137 104
67 161
164 223
87 135
6 40
266 189
39 223
49 190
282 79
158 283
89 259
225 90
127 115
10 273
163 195
72 157
70 188
282 133
187 50
167 231
116 209
3 132
147 243
132 107
215 47
284 261
278 186
230 197
19 46
2 178
197 72
13 145
67 150
142 27
236 116
187 267
31 210
272 98
204 14
187 47
293 230
49 162
10 187
267 223
27 176
109 105
229 147
26 22
78 3
212 44
234 25
276 27
219 292
275 116
147 26
107 227
135 10
26 23
270 209
184 31
244 146
266 267
146 185
208 156
146 127
268 274
39 263
185 288
82 194
36 45
103 2
176 128
262 233
28 263
121 230
35 269
261 167
101 26
235 289
196 275
53 57
62 294
118 30
282 279
67 244
98 255
103 68
30 205
224 211
295 98
94 282
294 252
150 122
229 243
47 77
72 6
96 273
124 31
55 263
182 13
45 264
224 167
285 266
228 199
108 69
294 73
157 234
105 9
66 266
119 277
131 114
165 261
244 138
166 152
211 155
100 78
32 219
280 165
264 227
85 49
157 90
124 73
33 145
63 237
271 178
103 216
102 21
210 8
131 194
116 34
280 41
212 140
215 252
231 89
148 66
228 260
137 245
120 67
219 62
80 216
244 188
94 8
110 61
117 296
29 88
78 251
182 285
260 291
196 264
9 221
154 292
161 224
23 75
86 183
75 167
20 28
225 76
287 202
255 292
51 185
140 230
294 242
25 280
156 232
39 269
119 45
149 32
24 71
59 174
222 124
159 145
4 258
219 210
35 36
77 242
135 18
275 101
36 37
23 86
75 239
176 243
84 0
138 159
95 79
77 130
178 1
16 232
130 39
107 291
161 54
111 242
45 230
10 26
61 135
290 59
115 298
220 90
241 17
170 16
146 51
91 14
65 231
219 11
210 123
80 130
291 276
71 152
228 42
6 141
256 86
241 2
158 37
114 101
101 260
144 118
241 53
268 256
293 289
107 70
120 100
296 112
35 283
227 60
121 36
147 127
157 69
226 165
244 238
113 159
223 175
178 77
259 244
103 295
83 1
231 64
13 272
0 63
266 238
1 126
246 158
87 126
280 208
171 84
241 106
79 94
284 137
158 120
152 46
203 155
144 260
278 129
26 121
131 269
262 122
123 6
256 74
135 242
121 85
151 11
52 124
39 219
106 115
191 230
210 192
27 60
58 196
186 234
145 195
236 229
57 59
193 55
208 24
241 205
175 297
89 92
68 54
128 178
3 139
146 216
206 73
15 182
46 143
72 223
20 281
147 56
278 50
199 115
208 41
178 264
170 140
95 168
2 137
145 219
28 175
243 254
101 190
263 99
8 117
187 6
220 54
264 208
42 274
182 243
265 159
288 242
270 136
227 66
209 96
43 254
198 49
252 104
275 114
178 0
254 264
141 22
92 2
211 132
264 49
289 46
68 269
153 4
232 183
86 141
168 263
237 167
181 228
175 147
27 96
65 213
276 179
156 42
247 153
199 61
46 139
193 53
27 57
295 274
164 191
152 255
86 137
268 38
183 181
272 175
298 249
140 284
50 36
165 190
256 253
296 261
232 44
164 259
94 31
135 299
65 63
48 73
76 258
10 67
146 76
94 150
194 34
100 206
30 80
150 227
236 140
288 193
264 226
45 38
34 192
62 265
181 133
278 282
30 71
138 150
281 181
134 30
298 283
33 254
135 62
187 244
97 45
99 238
99 115
122 36
209 30
253 20
149 81
244 61
13 151
31 190
71 99
238 92
101 280
93 207
54 174
119 81
115 6
109 38
215 78
170 263
246 57
56 63
287 32
191 271
232 235
104 261
136 79
227 145
78 140
123 252
288 200
289 197
279 230
13 89
255 163
33 118
97 53
111 27
206 291
250 199
27 171
268 94
12 243
34 150
45 8
6 133
106 270
30 136
70 231
42 66
205 266
77 144
3 137
267 36
197 291
28 70
45 206
211 162
32 158
298 213
108 135
271 255
66 119
282 45
121 297
176 256
158 31
75 130
95 35
141 27
148 292
30 273
218 80
205 157
176 295
46 79
25 45
251 55
233 88
81 216
17 66
79 158
11 52
156 227
161 23
87 25
57 141
167 8
30 231
291 205
68 8
208 161
191 154
125 131
293 147
142 100
164 217
1 134
238 45
141 76
112 266
278 178
221 2
63 196
226 257
0 62
33 31
255 245
35 165
119 233
42 161
180 94
87 41
135 21
186 30
296 76
17 28
91 152
169 91
210 50
292 264
235 85
154 155
218 17
289 185
118 269
136 117
27 218
254 133
83 116
52 131
59 80
64 97
178 17
94 251
60 131
88 76
168 26
121 27
98 15
157 102
83 223
170 291
135 282
274 87
283 19
102 179
157 171
226 30
235 220
151 283
148 112
139 105
17 54
289 76
193 227
212 158
248 21
147 96
11 152
26 175
232 137
26 273
181 100
287 116
184 91
220 97
169 6
196 206
133 134
210 179
61 99
67 37
91 114
218 297
29 134
19 236
46 88
16 229
44 20
189 118
179 130
54 115
160 72
250 144
285 73
214 58
36 55
267 84
232 82
209 22
285 158
59 224
289 98
124 264
170 102
64 6
247 82
272 19
14 34
259 143
297 142
139 181
267 72
137 231
41 42
246 85
239 170
216 108
173 169
86 120
61 72
276 90
157 267
16 179
4 64
276 277
78 260
213 93
249 235
134 138
285 24
17 98
83 275
289 192
136 209
101 56
212 117
144 196
271 99
281 62
167 280
270 279
181 40
141 98
169 21
219 215
16 198
148 205
82 242
214 225
29 72
223 259
99 92
78 218
216 18
76 210
257 103
54 233
208 64
122 33
68 49
63 98
259 228
147 8
196 253
23 32
85 100
182 154
180 224
59 84
129 79
158 227
185 299
63 278
179 153
153 96
218 58
55 122
107 148
70 13
68 107
82 222
253 183
204 99
218 268
56 252
277 103
256 248
170 274
150 236
298 157
136 78
117 254
79 190
284 18
34 183
43 293
130 31
124 275
273 59
142 217
129 214
79 86
220 293
234 178
265 192
286 50
66 97
86 281
106 3
3 73
262 221
22 176
275 17
197 159
6 24
185 62
40 250
80 277
213 54
144 97
216 238
129 285
65 219
292 86
50 225
156 292
228 89
261 41
294 86
160 65
234 211
143 280
25 65
150 20
123 115
129 236
6 38
272 211
295 177
23 203
106 173
232 250
109 189
216 201
79 174
260 244
90 11
280 30
243 186
85 191
73 141
261 198
297 155
127 110
94 274
267 113
83 232
75 21
94 141
128 44
208 96
68 288
241 172
271 280
88 69
192 263
265 27
204 55
113 54
149 75
276 132
98 138
159 6
58 5
73 9
163 270
267 23
106 221
64 174
156 7
53 177
203 254
92 268
149 16
76 245
57 184
17 155
288 119
240 149
268 190
183 122
244 246
257 108
277 264
230 35
239 58
108 165
280 169
114 146
196 70
295 249
268 278
95 83
112 124
277 69
235 35
64 281
111 288
219 2
275 212
75 133
46 160
90 110
218 14
193 203
284 162
30 17
230 6
228 114
173 247
59 135
201 197
23 55
25 258
121 127
209 13
154 71
20 266
42 184
37 172
130 71
111 83
172 43
238 111
141 253
13 165
290 112
285 120
57 195
103 183
90 233
84 72
246 159
135 131
298 285
234 35
88 64
130 117
178 10
180 166
69 237
6 98
4 207
102 188
241 102
22 204
210 145
197 115
111 246
79 283
102 231
102 51
146 176
18 84
45 183
244 181
75 42
46 150
119 5
142 292
55 209
