2540 100
1497 2341
1006 2481
989 1596
140 265
1521 922
748 1406
1142 914
1380 723
1284 1923
25 655
1628 1357
20 1800
1997 1583
834 2134
1514 2026
2153 2074
1765 1261
609 1647
852 1701
862 2061
242 1235
1724 2393
888 794
296 1807
1332 278
2008 239
1354 1788
1542 1302
1126 911
1512 172
1462 720
736 2231
637 308
1051 2494
597 55
1898 2369
2421 2253
96 1824
254 590
868 532
975 316
1803 1137
2303 885
2453 2298
2534 230
438 1512
1211 1959
2535 739
2469 2394
99 670
562 349
2088 925
743 366
502 1501
2487 405
2073 841
2123 1536
1891 1344
1331 1831
1098 97
315 1876
1986 1502
2438 1451
2536 1427
2043 546
1763 1112
1882 618
1739 141
1935 2411
391 498
311 1411
2465 389
1260 1073
1501 406
1585 926
1371 862
116 1258
1519 469
1972 688
33 1398
2487 83
879 2436
412 592
1405 1483
1493 2137
1627 190
1904 174
1316 1408
2393 608
466 1899
132 1024
2529 117
2293 1774
293 1973
2390 1184
1754 1556
29 2210
540 2194
880 580
2499 576
