910 500
584 653
147 392
551 201
479 354
488 611
717 399
713 196
488 274
313 413
889 467
669 738
404 108
56 677
240 590
346 524
868 380
67 456
466 295
41 321
488 138
680 527
202 811
270 484
256 830
769 298
497 257
419 92
57 498
506 96
556 800
296 545
646 139
154 81
422 230
767 221
120 671
208 799
879 229
329 320
803 881
692 647
302 616
502 138
10 195
230 490
134 629
6 38
648 179
547 893
107 809
25 399
333 88
542 304
691 597
102 282
344 511
448 832
355 15
785 620
746 197
753 33
785 390
574 667
732 349
817 781
578 272
111 548
253 500
213 364
567 823
685 266
540 124
631 79
541 519
420 345
176 448
790 624
874 864
243 468
585 324
764 775
628 843
738 246
263 767
660 230
477 106
227 273
193 143
627 640
44 557
624 151
205 62
405 713
71 352
135 243
616 406
308 572
574 387
276 247
528 802
173 86
851 193
37 753
825 903
190 402
418 482
592 8
644 256
780 358
847 417
712 796
255 142
309 64
479 648
54 121
141 198
815 511
463 347
493 801
395 266
355 428
403 692
159 843
185 839
414 209
164 556
216 261
612 729
189 566
699 716
553 235
61 625
218 882
89 559
714 156
400 396
458 865
193 120
214 700
529 231
668 214
80 596
743 179
410 908
673 605
383 814
28 517
250 169
128 358
519 272
55 434
17 797
724 514
265 896
96 872
576 99
872 566
232 748
723 16
696 386
879 871
427 218
849 36
373 727
562 887
8 298
839 117
653 64
397 732
507 124
691 505
204 814
246 611
100 255
691 891
781 297
455 443
726 664
261 122
777 909
698 101
132 694
888 772
498 843
381 707
141 114
379 718
814 321
788 384
60 127
402 183
39 413
526 229
637 494
96 702
299 86
881 632
44 716
451 90
412 624
333 91
14 492
713 876
625 169
552 319
306 154
65 246
672 89
791 144
663 271
125 83
253 79
22 180
299 481
368 175
212 302
604 601
874 73
750 74
26 296
395 825
153 140
643 184
335 482
721 498
838 675
202 96
638 113
841 362
612 250
378 3
435 791
607 892
900 485
302 845
734 640
450 244
388 302
860 310
763 581
528 255
110 422
237 477
574 835
410 524
597 793
854 840
327 235
290 160
572 724
863 321
822 752
648 874
188 462
438 612
475 419
353 407
608 61
572 265
69 812
751 276
550 361
640 646
630 161
716 23
243 737
500 326
845 89
892 673
687 6
372 183
714 109
447 781
791 116
751 208
601 36
834 279
785 124
185 326
77 334
640 368
164 795
852 750
214 715
471 203
1 312
162 143
49 764
7 391
198 659
336 498
281 105
96 518
105 560
698 77
635 895
390 625
360 458
283 731
761 873
460 853
835 176
579 68
193 363
827 788
553 717
176 345
25 167
470 74
652 693
717 595
750 764
64 284
893 237
248 550
207 886
246 542
421 63
376 526
601 360
310 302
33 638
706 850
468 453
716 739
598 108
65 113
319 25
150 888
848 401
543 234
664 343
898 397
753 312
507 209
374 824
402 341
285 121
513 449
443 822
665 690
844 162
105 349
160 354
221 620
254 803
605 512
590 535
611 5
333 218
193 629
108 300
398 873
713 516
640 499
781 549
768 584
677 40
880 393
886 542
445 309
901 481
261 391
369 597
577 841
40 97
791 295
359 536
121 211
629 637
36 491
199 632
568 541
646 62
151 856
531 639
729 891
701 607
44 18
573 314
69 721
660 868
375 391
384 903
302 781
875 764
444 429
608 310
338 690
292 903
708 549
794 662
641 443
194 401
892 672
174 151
699 373
307 700
685 770
52 169
434 281
357 65
153 262
248 520
171 720
237 274
156 324
381 228
822 629
8 838
806 229
739 190
658 605
727 634
739 126
134 679
511 459
219 704
385 226
626 733
761 5
650 565
243 316
640 486
434 211
280 35
726 733
411 576
279 210
524 359
403 81
261 423
803 599
501 579
732 534
605 892
630 679
815 318
190 567
782 715
47 474
338 644
275 771
364 308
60 194
287 501
190 231
23 680
27 299
253 738
514 800
679 640
635 364
119 369
415 283
605 342
648 456
9 1
322 117
817 211
557 632
492 842
103 284
135 759
706 563
74 422
751 201
888 859
410 675
331 194
183 12
89 908
117 820
827 828
188 514
901 826
255 47
24 439
299 527
829 890
878 707
655 223
397 263
709 883
583 308
485 571
763 191
732 711
616 77
404 413
239 849
352 479
563 877
20 787
60 176
375 738
153 110
5 374
251 416
252 40
