500 4000
156 252
292 364
396 429
258 381
290 277
420 122
61 307
232 51
266 323
472 30
486 281
304 256
304 300
276 131
447 465
336 22
456 214
441 457
295 429
437 0
413 77
437 127
33 421
467 292
289 167
72 175
332 289
303 327
32 104
304 198
315 295
423 49
465 232
179 134
406 121
228 403
267 240
331 341
158 28
317 166
217 455
417 190
362 61
476 242
30 393
157 130
318 40
340 403
213 8
96 87
342 185
142 424
134 494
392 335
31 375
272 432
155 70
446 394
0 224
493 312
110 191
168 279
264 120
401 153
440 445
102 286
94 16
189 147
455 137
340 477
4 76
237 123
276 112
212 318
345 389
80 294
251 323
229 305
203 230
324 53
27 318
344 13
90 38
313 261
120 207
236 204
259 226
203 403
285 324
469 352
335 486
164 408
220 303
319 199
498 138
441 82
261 423
153 159
20 423
354 491
129 461
416 115
426 486
56 218
395 413
345 251
402 367
445 50
47 359
339 172
173 486
31 380
30 422
293 55
99 245
62 346
284 269
323 441
375 424
158 29
7 14
350 435
200 17
313 344
37 211
15 158
423 326
234 67
160 451
267 283
350 19
4 265
107 74
293 198
40 71
474 342
209 477
87 235
471 264
23 115
381 305
342 346
333 80
27 371
124 66
407 454
450 216
87 79
19 46
386 2
438 198
302 243
193 284
141 148
322 461
329 412
9 348
279 288
419 261
118 133
333 448
458 261
131 479
300 97
184 341
338 335
314 112
320 220
392 454
347 138
220 414
184 204
456 188
32 34
294 257
195 209
181 343
173 24
408 458
326 469
5 167
412 447
478 135
468 176
341 85
398 144
175 388
435 221
351 195
286 429
274 415
249 266
99 21
166 29
352 488
191 471
79 161
282 229
284 60
71 14
30 69
288 52
34 269
431 207
385 438
454 294
6 480
455 183
155 150
263 262
454 214
480 248
445 423
84 6
190 254
93 388
316 112
73 436
149 372
211 487
210 99
174 169
295 168
327 413
56 63
298 302
98 148
252 21
208 0
285 415
344 12
102 67
227 308
152 88
387 118
308 78
183 86
221 7
130 408
258 390
399 113
179 118
298 122
388 415
447 410
111 304
257 324
38 167
149 292
331 456
369 221
258 410
15 179
109 318
12 87
283 146
316 400
424 487
15 43
280 480
118 252
249 428
254 315
389 135
5 220
353 405
25 407
202 246
73 239
140 275
30 60
252 483
380 116
387 280
384 498
27 82
135 118
119 456
392 342
298 357
205 145
227 493
283 474
46 235
381 69
490 278
26 206
184 238
62 170
396 357
46 413
4 331
468 125
64 183
179 46
113 328
246 174
202 226
6 188
396 427
24 296
184 143
197 325
429 102
10 390
17 487
391 471
38 160
160 391
376 335
334 117
492 296
474 108
153 101
218 261
437 277
81 481
236 217
9 13
321 416
104 371
56 222
329 23
359 11
334 283
496 272
498 186
392 257
136 15
42 73
7 224
130 204
264 222
270 238
272 77
261 496
211 130
220 329
189 253
56 40
110 367
52 238
71 55
287 251
315 10
229 71
439 256
42 319
430 100
306 220
87 482
389 469
24 223
268 485
376 98
117 469
144 204
51 427
168 169
357 269
437 44
357 148
93 458
81 182
10 367
391 217
98 126
288 176
161 284
43 438
324 470
199 360
426 131
77 72
254 105
88 265
275 126
182 196
27 205
121 439
127 110
405 339
141 231
123 233
219 410
153 111
137 404
19 310
375 215
101 330
427 209
82 486
141 373
216 218
311 251
213 233
125 320
72 400
199 305
153 486
123 356
123 180
381 216
216 36
21 167
129 405
457 99
444 92
253 105
70 195
319 158
51 25
317 267
39 466
14 114
440 353
245 94
313 95
423 293
392 86
88 226
480 8
190 133
491 92
120 223
11 78
452 164
385 486
417 152
39 101
224 214
150 303
389 333
196 480
107 395
333 60
337 17
318 483
118 109
311 255
454 400
420 362
242 333
107 273
297 390
241 385
290 158
237 119
120 108
257 338
416 41
415 348
469 493
34 225
168 338
452 53
209 190
95 417
1 319
341 322
331 388
394 255
484 331
338 396
409 245
13 226
351 454
408 1
467 118
384 494
273 456
383 493
136 448
198 395
93 481
388 370
216 176
396 220
451 14
454 383
385 419
229 420
93 413
499 20
214 412
215 53
421 383
80 480
394 336
411 112
99 26
294 333
129 226
159 422
252 199
356 158
38 477
265 463
218 136
415 198
190 427
220 260
292 439
462 360
428 409
282 283
320 374
427 435
88 486
1 153
397 80
189 18
277 108
43 385
111 300
345 184
32 301
196 479
226 480
42 350
307 256
388 457
365 36
382 344
469 63
110 475
294 53
390 330
106 218
448 444
340 181
365 271
17 320
257 323
433 303
307 323
388 27
146 69
321 248
286 112
385 471
400 39
304 236
482 194
232 94
57 76
54 21
246 420
279 260
273 229
351 61
2 168
494 91
335 9
155 486
458 201
279 221
302 286
34 141
167 43
497 17
181 480
491 381
178 215
107 417
242 415
238 388
456 308
333 436
73 357
326 381
68 118
470 96
119 98
182 455
153 140
349 150
499 497
150 20
372 36
331 39
79 94
286 266
425 46
452 254
360 98
56 312
34 195
59 205
258 14
97 371
1 269
273 36
426 458
130 29
383 115
13 287
106 187
457 77
137 234
9 82
439 68
309 412
122 75
313 177
60 27
317 422
188 277
9 337
72 484
134 407
146 7
103 59
116 84
254 474
453 190
370 305
101 125
132 240
47 427
17 473
366 432
315 23
72 314
242 323
414 365
357 369
454 486
45 221
439 93
56 414
158 438
52 42
462 364
445 372
237 494
214 60
131 284
414 380
19 77
73 471
284 120
230 472
149 177
227 184
367 346
240 456
399 257
45 35
133 261
304 371
403 377
276 451
358 370
476 414
421 487
373 388
256 331
222 431
450 411
218 53
177 384
154 223
341 444
65 395
213 426
134 488
496 441
223 379
445 309
341 462
273 350
353 349
102 223
60 317
328 38
403 298
32 71
132 128
104 0
26 287
103 298
303 17
251 208
192 420
28 314
33 301
483 171
47 144
364 87
95 400
495 494
429 357
88 71
350 488
31 181
214 42
172 272
353 490
32 105
136 135
279 45
466 17
199 145
357 48
172 419
380 20
200 392
234 132
421 167
411 15
135 241
76 41
336 256
399 180
96 354
440 103
412 9
439 472
115 68
209 198
289 131
164 218
194 296
258 149
8 102
327 200
418 323
89 45
61 239
469 179
162 302
358 4
202 208
494 88
462 92
421 90
358 273
198 374
51 26
205 210
212 17
54 180
225 167
381 60
410 15
258 492
319 175
119 349
432 372
109 284
289 194
315 395
491 451
241 262
246 455
119 227
28 310
348 174
228 115
123 328
354 379
420 379
201 460
300 209
40 34
10 363
229 174
433 90
235 272
440 145
393 472
285 297
266 209
138 350
64 57
78 156
2 451
320 318
436 493
277 3
144 231
92 182
327 210
218 234
96 438
411 18
321 356
5 261
186 81
380 466
406 10
84 60
187 328
161 373
292 490
0 142
85 428
423 155
288 121
86 246
273 12
23 307
389 271
417 328
356 394
150 156
180 132
311 190
313 368
129 67
39 259
385 400
103 299
157 52
422 300
219 11
140 376
54 428
292 91
293 491
328 46
161 381
102 377
351 306
107 498
268 34
325 387
452 40
423 489
294 37
468 150
152 392
328 219
305 14
386 332
77 34
177 417
270 487
301 209
121 390
234 442
368 456
131 488
398 233
312 385
217 213
109 98
411 493
112 366
375 216
374 155
270 119
479 365
409 417
321 189
42 146
467 39
207 470
368 82
258 365
392 328
180 57
344 0
56 334
443 439
437 454
111 249
97 409
477 356
473 294
261 171
486 4
2 195
325 84
123 121
223 428
236 402
34 163
266 192
59 175
61 195
193 316
355 199
345 401
482 341
127 410
111 13
103 317
448 280
377 301
232 466
284 160
479 15
68 166
275 378
424 286
322 230
145 17
326 366
120 288
64 50
67 463
202 300
119 492
163 484
212 289
316 12
44 408
261 349
48 424
363 95
298 240
416 273
409 148
338 50
230 337
87 423
450 243
69 94
319 12
84 476
491 206
339 386
95 64
317 254
39 247
286 13
201 193
264 37
14 441
266 334
233 27
277 107
431 258
7 191
402 305
299 495
479 57
248 358
318 459
180 315
140 42
468 444
37 192
452 52
158 360
113 240
219 150
350 286
352 436
180 393
218 295
340 29
203 112
486 307
99 38
383 62
340 139
13 257
56 197
142 251
370 292
454 163
487 133
135 51
264 104
271 206
281 420
66 430
222 398
431 295
416 60
22 307
348 246
228 369
428 308
460 415
252 329
437 494
344 141
9 150
279 228
272 171
388 367
154 257
483 197
420 369
347 448
16 312
291 471
433 289
280 358
448 322
479 16
361 76
34 126
287 85
333 497
472 366
396 205
328 114
103 344
273 165
27 321
320 343
183 189
374 494
444 205
479 185
54 456
133 149
107 427
101 326
67 159
174 81
405 320
186 441
247 201
49 93
183 205
431 102
94 481
210 2
264 203
449 273
47 445
129 355
99 327
204 63
225 474
153 287
73 296
190 92
407 46
483 251
357 304
427 25
166 281
498 94
449 96
309 75
256 324
158 33
199 78
119 476
458 174
33 190
21 91
185 291
13 123
251 83
285 469
54 190
189 485
250 493
145 25
337 71
386 25
471 496
406 426
142 149
172 278
439 405
473 22
153 13
405 204
187 353
229 225
373 467
103 36
483 398
311 398
103 364
461 55
365 152
103 118
151 164
64 80
175 488
107 240
480 378
179 305
251 416
265 423
315 156
241 458
491 421
348 19
454 77
282 391
417 311
25 402
215 76
37 378
70 350
464 179
403 321
123 188
70 163
74 85
432 22
432 225
72 197
445 134
284 103
372 373
377 146
413 296
441 249
404 398
473 173
208 494
380 452
347 490
439 428
82 282
418 219
399 208
1 460
276 273
368 362
164 55
366 101
53 133
307 220
341 155
34 193
350 375
426 331
372 81
493 228
221 82
10 491
482 474
373 282
281 20
428 103
171 346
495 8
400 96
392 170
499 121
45 133
33 387
490 243
385 182
273 143
9 204
78 293
203 18
136 321
277 246
119 425
368 360
255 329
201 362
175 413
375 267
443 84
295 342
357 174
456 218
233 170
255 0
420 370
60 232
173 360
70 91
317 101
339 217
388 391
405 198
133 140
357 267
246 401
280 209
449 281
455 411
348 446
81 67
498 264
14 353
498 208
291 27
442 358
137 199
291 337
373 377
104 465
75 211
20 401
104 415
369 20
453 472
332 116
492 164
141 33
155 115
460 462
184 372
332 484
251 369
339 171
289 472
208 139
486 207
384 493
342 138
41 463
145 51
23 261
15 346
224 183
33 434
36 279
22 454
76 141
177 410
63 160
488 315
1 296
146 15
409 386
456 354
154 312
71 174
250 329
195 121
486 41
462 177
381 67
389 428
422 334
189 371
0 318
316 158
210 463
335 428
242 346
305 64
230 11
422 369
308 98
416 31
192 497
85 292
133 277
32 386
448 190
307 122
14 296
359 269
480 99
185 441
379 355
164 37
384 110
338 39
25 91
386 490
61 22
58 272
309 457
119 37
467 447
282 314
184 93
354 245
290 59
170 31
220 348
203 88
345 484
391 46
142 470
43 258
34 430
350 361
427 113
455 81
111 410
294 389
267 185
350 388
282 479
54 375
30 164
63 278
82 19
279 388
21 111
494 30
444 138
458 413
470 75
23 487
27 256
2 454
165 472
98 373
414 425
111 353
106 24
191 328
345 392
224 129
345 277
96 244
323 405
435 162
201 483
225 156
138 443
85 123
486 258
154 360
103 72
69 215
105 472
127 278
292 150
379 283
481 268
466 315
448 146
204 478
228 16
226 427
230 396
298 488
50 190
74 274
275 252
2 466
261 388
2 434
276 33
388 404
212 253
163 256
104 302
468 119
76 447
449 105
497 127
214 136
196 294
425 60
442 40
147 14
102 58
390 61
113 414
30 24
302 407
285 303
99 230
339 114
84 216
66 487
458 131
11 252
400 378
109 67
152 421
372 23
286 120
396 170
492 458
210 496
425 263
228 138
284 347
394 225
378 406
365 42
181 379
198 224
440 42
257 111
442 329
370 330
348 234
340 117
169 44
33 408
106 288
222 374
397 495
498 221
197 454
377 356
297 37
3 5
189 47
476 97
465 413
87 103
238 420
99 132
252 352
199 75
230 180
215 77
158 332
267 222
97 187
499 16
148 176
339 490
361 229
291 378
114 391
447 406
276 331
234 341
222 132
163 137
8 312
476 284
467 9
446 325
416 433
441 330
457 65
199 367
319 327
441 446
276 380
243 208
416 85
363 300
277 340
399 184
277 332
269 189
480 57
8 463
85 271
282 168
219 257
164 396
144 491
19 33
199 69
169 10
269 4
375 453
268 317
66 441
199 107
373 392
165 294
252 410
214 158
383 227
281 256
240 165
146 86
235 499
398 241
212 136
410 69
131 394
369 368
382 496
253 499
247 445
14 239
242 447
439 21
145 412
47 436
315 52
466 367
495 403
61 154
487 360
302 304
239 465
456 151
207 46
320 74
22 2
288 180
250 186
476 411
124 338
363 485
199 117
319 275
483 347
102 300
138 416
125 42
167 258
240 189
284 395
48 189
73 130
259 277
347 112
116 190
40 429
114 407
431 160
282 234
72 235
380 268
41 322
55 385
18 38
239 106
256 120
218 422
65 432
89 477
263 59
462 326
380 426
273 304
298 96
215 192
359 378
272 23
331 451
126 35
93 345
227 44
194 339
121 318
115 407
229 292
135 379
103 323
150 320
340 456
20 375
73 183
4 25
151 407
196 458
111 476
131 443
298 361
261 339
451 281
497 163
123 167
435 77
22 78
6 57
85 324
441 290
353 120
329 240
103 252
301 31
161 222
186 181
380 427
409 418
133 476
238 80
214 78
457 231
69 455
113 476
452 376
204 366
373 448
465 147
279 28
389 424
139 30
252 128
408 29
488 160
444 441
22 119
353 311
31 476
281 443
283 167
483 480
178 12
201 423
234 258
110 56
99 413
230 227
445 90
347 317
180 40
15 77
376 450
143 233
157 416
313 220
252 242
344 465
56 94
111 483
34 441
147 416
419 292
216 225
130 445
378 301
274 126
434 98
343 93
263 161
332 5
17 189
281 246
209 217
110 57
96 265
495 220
263 295
199 430
413 222
393 101
375 476
464 36
482 480
317 206
225 337
327 309
451 6
154 129
98 66
474 122
423 121
214 61
3 287
76 370
68 51
415 87
485 59
211 145
123 235
209 348
380 297
68 247
170 208
405 199
474 281
395 211
260 153
133 481
144 411
111 450
498 324
131 120
7 18
332 265
37 177
332 402
167 70
422 493
323 238
82 164
51 231
355 277
109 489
360 350
443 330
167 344
68 418
18 401
319 196
163 339
100 432
144 448
467 105
404 303
230 266
148 415
335 54
64 493
100 144
238 64
323 143
498 321
412 445
361 118
23 490
357 399
237 463
41 244
162 230
254 480
385 416
410 166
12 35
248 313
318 326
359 19
27 414
30 71
195 437
277 339
95 31
434 94
110 477
368 233
147 325
216 285
362 485
478 336
489 214
240 250
175 171
211 400
5 390
263 414
458 417
85 294
110 289
130 155
110 42
214 119
93 309
85 353
194 229
46 219
288 478
335 77
64 167
289 108
180 372
138 482
436 67
437 377
143 16
191 297
109 131
211 180
49 215
460 9
16 276
57 197
141 17
474 134
67 168
388 45
107 312
33 417
487 340
490 97
372 70
36 305
107 32
379 198
194 366
234 26
100 420
105 398
233 242
391 94
93 286
0 96
230 277
18 482
471 416
377 304
319 394
128 182
151 212
53 483
74 220
377 491
249 103
98 200
377 320
420 243
458 254
225 68
388 407
164 389
149 128
43 406
31 346
6 245
443 168
312 338
321 41
449 145
338 388
7 67
33 52
144 244
143 444
228 145
225 150
427 446
480 424
366 234
297 217
33 395
76 192
46 200
495 271
376 109
180 60
366 244
306 216
15 74
284 165
136 443
212 235
311 303
232 451
114 367
383 264
452 487
136 445
14 62
458 7
391 453
160 432
470 304
472 195
474 425
177 322
223 366
302 368
142 195
457 85
339 20
467 115
141 35
126 443
229 257
458 278
298 477
314 272
382 197
148 321
201 243
475 265
259 80
435 7
139 214
185 446
7 303
442 355
129 158
230 71
332 318
304 243
445 495
24 440
320 11
85 242
292 54
332 358
386 275
149 430
456 493
443 473
97 499
250 215
229 102
87 468
66 33
323 12
281 333
267 80
109 179
178 154
396 233
447 183
305 189
11 390
300 340
293 429
394 199
461 78
388 104
481 420
3 43
433 320
478 215
408 473
328 333
486 25
162 358
226 23
64 128
33 467
475 378
283 190
44 11
211 335
452 375
177 86
394 87
230 401
429 272
193 261
218 23
493 364
453 218
426 488
414 326
470 12
342 384
317 110
20 253
229 284
205 238
187 371
353 457
34 205
250 207
222 221
19 303
430 243
420 403
61 103
330 111
185 10
326 206
430 381
118 334
372 295
124 386
321 14
341 273
270 72
223 191
352 259
243 377
115 360
50 334
49 141
160 302
443 142
34 435
78 224
52 213
381 365
331 77
235 469
380 286
224 108
369 346
246 211
259 88
460 78
315 403
405 431
346 28
248 123
333 457
210 81
384 90
74 46
495 240
106 173
225 38
235 276
248 344
462 40
25 210
135 338
89 70
115 476
221 187
399 402
321 141
251 252
359 140
459 114
284 82
97 433
407 202
313 399
242 456
140 438
172 471
412 407
411 249
416 231
419 96
33 466
271 451
299 189
284 428
40 428
86 463
79 464
324 146
291 335
248 272
266 498
166 282
316 413
126 177
422 444
269 279
313 292
324 250
443 61
202 285
322 280
5 29
38 416
241 419
414 194
390 373
448 366
491 376
95 92
38 379
479 296
483 357
317 480
120 402
449 468
181 425
472 221
92 48
218 233
259 490
229 403
420 48
164 382
239 301
341 38
82 46
86 66
261 462
328 307
371 367
142 480
268 367
157 184
221 407
313 55
244 117
50 375
224 310
113 486
154 340
184 210
304 182
422 259
453 0
488 464
258 446
315 284
182 435
386 259
308 298
147 441
52 406
126 190
299 148
96 394
252 249
225 181
76 209
173 121
393 340
380 314
372 449
250 310
208 247
423 73
58 359
23 161
242 144
157 311
396 73
163 374
450 449
281 342
243 415
367 64
438 225
319 64
215 388
190 476
196 106
302 352
354 498
432 337
304 173
451 234
245 42
128 203
412 333
359 134
424 129
26 38
342 32
310 386
326 112
284 356
231 376
230 422
245 452
368 34
15 199
304 254
490 343
105 188
340 467
203 327
220 460
69 91
46 419
327 168
360 481
303 416
212 9
201 329
367 447
111 442
175 389
326 228
352 52
136 258
446 470
345 80
236 213
298 60
82 474
207 175
136 226
439 16
61 131
367 172
103 157
360 377
430 46
378 51
84 134
317 257
298 282
27 325
444 194
34 336
111 97
80 462
327 190
467 17
362 293
254 11
494 68
159 290
109 71
144 454
498 278
242 363
227 442
252 112
219 183
103 430
185 105
370 354
425 13
228 71
431 428
458 354
281 74
44 253
237 272
292 146
142 359
389 178
213 55
112 10
424 160
215 45
406 499
210 309
442 454
220 172
28 71
328 319
200 247
103 269
181 361
224 150
448 52
477 16
310 497
456 428
467 461
406 296
349 479
425 143
99 248
148 137
388 284
319 16
16 195
345 494
167 459
479 375
269 217
291 138
455 53
254 296
246 64
108 354
139 471
366 337
58 227
443 189
241 33
233 404
245 260
340 485
145 100
90 210
382 187
33 32
89 333
442 276
333 286
490 90
132 414
35 202
69 328
470 476
111 73
339 205
118 327
399 155
83 270
417 141
295 32
229 340
112 446
8 109
175 270
409 353
169 100
368 395
366 77
23 295
189 141
285 1
494 343
440 305
44 274
159 40
390 411
350 408
176 482
96 491
210 321
308 387
452 402
111 417
466 13
410 438
378 106
186 137
83 72
237 124
253 443
382 59
364 175
86 348
301 417
411 241
53 107
259 119
48 304
275 482
200 125
224 311
267 187
244 448
205 425
227 475
358 469
146 445
319 407
217 125
235 225
479 9
492 362
296 108
260 222
62 322
15 141
243 158
437 291
488 427
484 15
395 408
257 475
179 121
399 78
311 47
176 11
67 384
321 341
255 342
277 442
444 239
94 338
30 443
102 415
20 246
145 468
87 331
318 135
36 242
332 180
156 410
495 464
355 51
105 382
208 368
329 398
173 182
179 285
371 140
130 464
273 352
66 377
187 274
224 410
267 203
129 367
165 47
467 160
68 30
3 388
242 423
195 84
61 288
287 82
28 240
77 37
73 444
93 255
0 454
425 480
408 434
304 494
255 247
251 209
141 228
351 167
94 190
468 480
236 417
448 213
115 209
395 370
217 411
93 262
332 41
194 191
442 380
155 464
467 449
474 305
292 170
333 83
237 82
89 180
402 208
23 94
161 410
115 387
237 456
26 131
222 178
228 91
33 31
191 225
147 417
385 433
70 323
446 49
188 445
381 66
283 403
460 123
344 174
178 278
297 432
51 142
87 432
480 239
321 31
314 386
247 257
443 71
348 2
260 63
216 330
433 72
470 297
308 21
200 115
484 474
304 102
268 368
171 69
22 329
91 152
338 115
34 477
272 378
246 177
47 74
492 116
105 212
462 69
335 476
135 159
205 323
463 242
18 258
443 276
392 271
243 107
90 288
250 188
5 51
390 331
306 143
431 109
424 485
403 43
40 234
219 254
292 382
418 251
41 318
142 124
493 198
348 148
479 164
215 48
437 341
150 435
190 27
135 257
499 100
325 117
163 402
4 13
139 217
404 84
209 256
65 237
87 427
442 424
200 264
75 220
399 281
150 348
340 37
297 293
259 286
480 250
269 209
113 337
68 379
321 385
234 300
50 441
311 334
138 137
11 74
433 165
324 200
342 79
291 371
232 446
14 387
245 76
398 227
68 388
321 114
334 236
1 84
256 73
178 429
187 346
484 369
148 114
12 75
70 265
490 467
495 266
282 405
129 363
3 119
160 209
418 415
199 3
474 9
10 452
487 91
15 367
353 107
181 92
385 492
59 403
452 405
26 255
133 231
240 385
177 6
421 207
363 232
26 451
400 345
365 141
388 181
363 0
352 14
423 468
383 3
49 161
304 361
73 116
19 234
68 446
410 227
236 129
497 227
169 475
426 362
217 277
478 10
27 50
115 106
435 403
62 435
459 175
356 153
288 76
139 143
131 445
60 44
216 407
459 222
375 167
20 321
221 71
237 157
111 385
24 374
304 180
291 195
452 28
79 164
454 417
362 499
270 82
417 381
455 407
148 128
234 34
392 171
425 235
496 48
436 467
232 309
325 89
477 197
297 271
211 98
34 143
453 384
475 380
281 414
345 303
394 65
107 334
54 111
24 131
230 482
52 297
248 163
227 478
352 76
180 381
394 90
11 98
477 374
318 155
149 252
41 140
292 208
65 15
349 290
150 270
93 423
366 89
326 86
189 126
76 368
247 287
26 78
426 352
342 286
327 349
190 40
261 337
445 384
255 203
309 396
446 445
401 199
35 288
223 10
200 406
368 413
197 292
32 204
188 225
76 410
261 241
202 103
252 384
342 42
183 180
422 147
297 283
313 104
456 195
54 11
190 64
89 106
495 189
113 261
337 183
496 333
297 418
81 442
418 61
152 155
91 452
208 3
36 445
241 431
277 139
76 16
237 248
142 196
368 56
177 47
394 453
263 376
345 357
163 499
17 495
378 277
227 389
210 183
461 320
381 16
94 49
498 81
325 351
114 174
30 362
215 169
172 301
237 134
23 294
238 405
125 141
173 313
431 176
361 41
383 145
132 454
101 44
199 380
159 478
46 35
6 156
75 403
478 141
34 31
258 391
35 487
317 445
243 299
263 415
268 18
289 9
311 128
94 237
0 317
53 132
434 370
32 382
182 94
99 418
170 10
98 313
399 381
398 6
380 382
201 376
107 339
254 400
126 69
421 112
317 139
87 326
20 219
296 295
429 13
423 71
491 195
242 459
81 219
0 70
264 296
123 193
116 39
451 434
157 487
353 59
403 381
419 270
311 464
11 483
229 329
212 483
424 398
346 301
195 15
44 81
255 362
42 122
91 294
267 376
85 151
213 11
264 345
4 205
243 368
18 44
353 212
107 274
421 325
345 85
152 438
68 280
303 407
193 312
461 351
98 50
185 194
254 409
300 208
433 47
359 132
380 9
131 228
383 6
249 182
292 433
5 294
117 364
331 194
5 369
357 478
83 392
378 466
404 461
115 497
51 414
131 456
16 200
300 51
25 370
154 56
141 41
194 421
351 460
165 122
116 452
325 453
120 94
249 161
458 139
406 162
242 377
459 404
437 286
228 263
285 235
232 226
288 189
264 39
110 379
83 423
353 351
364 169
275 485
394 224
296 179
83 111
315 291
497 306
57 275
319 290
59 73
80 271
445 281
299 373
34 315
243 14
376 340
260 321
261 484
77 464
196 138
434 97
109 493
69 423
81 90
87 251
16 405
209 450
0 280
324 95
261 453
341 292
164 345
411 269
198 188
91 352
156 446
233 165
298 416
440 52
16 182
163 253
304 360
196 388
63 84
468 411
174 302
321 39
486 289
105 425
152 334
392 352
16 105
345 432
28 94
211 458
266 116
65 13
323 150
110 198
61 355
32 432
97 419
53 145
440 463
293 279
410 174
194 201
496 263
262 188
88 43
123 382
1 387
167 69
338 123
117 184
96 129
167 107
143 280
493 450
329 420
475 396
23 349
83 87
124 476
41 160
362 252
152 207
9 293
202 144
11 226
331 174
234 357
341 95
8 333
103 229
317 464
314 217
269 262
4 224
383 56
160 253
382 39
330 396
357 14
301 4
434 295
380 212
37 109
299 211
366 49
194 419
398 244
94 312
307 333
74 52
283 177
143 431
460 445
267 494
408 244
85 189
163 120
94 225
17 100
227 241
489 93
7 328
45 2
127 156
195 12
462 424
273 395
145 117
235 162
183 432
177 321
102 296
484 427
323 366
124 35
471 254
237 435
47 25
79 483
37 107
465 26
497 264
43 133
199 350
174 301
73 381
468 389
394 7
497 157
393 489
494 455
85 272
493 323
343 478
66 154
412 174
318 108
238 112
16 13
304 359
332 403
159 128
415 482
197 327
83 60
277 415
129 452
193 22
44 168
341 222
149 249
212 180
37 57
314 60
431 441
454 102
418 467
404 163
456 197
131 164
119 232
220 1
385 218
315 123
327 436
86 142
373 176
491 349
132 185
366 41
310 80
483 208
404 113
80 351
154 249
387 339
259 65
348 375
9 133
232 88
3 339
179 458
123 493
319 247
445 1
211 193
240 146
252 85
121 141
402 233
300 121
176 193
344 318
408 0
395 462
486 73
340 99
139 45
473 143
285 184
312 5
135 498
488 334
440 451
295 61
380 8
198 287
316 101
403 108
29 120
104 243
222 297
237 439
359 440
58 284
472 291
261 199
323 97
355 456
74 451
32 284
261 138
328 334
396 150
272 355
230 222
467 372
256 214
437 258
365 13
236 465
13 113
343 483
420 335
442 29
441 122
19 27
106 488
126 330
32 18
48 282
280 402
424 169
14 381
332 242
268 478
43 299
162 270
167 307
305 119
428 149
89 489
488 161
197 187
348 117
143 301
269 344
491 6
189 346
453 275
44 301
94 438
15 450
477 291
366 139
96 207
322 272
211 366
53 401
439 362
348 123
339 13
326 284
9 126
450 24
220 19
325 452
155 410
473 52
222 31
6 377
392 104
429 93
194 408
341 288
274 261
408 225
368 439
9 420
447 25
430 331
130 287
339 162
180 328
266 298
395 453
260 420
266 186
304 86
87 208
440 197
286 58
483 220
18 202
200 408
246 33
72 90
209 137
234 11
358 353
277 499
94 255
140 152
218 179
174 47
279 276
151 185
285 166
191 86
377 156
390 181
154 324
360 153
455 39
452 161
496 464
283 302
465 66
165 364
23 148
398 258
321 66
454 62
348 361
227 122
461 311
259 124
424 334
425 234
247 216
326 26
97 226
58 173
301 345
250 285
162 487
295 71
149 126
49 271
324 29
75 449
416 468
463 148
278 330
439 127
138 408
169 175
486 462
193 370
54 212
460 414
164 462
106 3
129 422
314 328
379 94
494 295
209 35
181 32
300 264
246 34
292 355
396 13
213 427
192 469
290 346
153 339
29 18
88 432
37 213
391 91
4 201
88 108
260 466
389 176
342 188
480 154
340 24
218 205
121 75
257 202
53 264
124 329
434 421
462 443
365 300
373 483
276 151
291 439
10 465
52 426
340 334
198 412
169 360
400 479
451 343
73 316
145 226
403 319
316 384
193 71
52 321
145 323
9 37
393 425
52 374
378 228
35 327
193 317
41 445
301 435
377 378
92 318
260 194
128 89
495 384
131 233
163 324
88 487
451 227
447 354
476 271
478 313
111 467
380 410
322 120
149 480
374 73
344 436
446 383
391 402
113 357
380 220
116 240
322 234
346 388
375 400
270 237
146 60
464 401
252 38
71 1
492 303
109 221
343 187
215 36
137 267
82 313
230 60
206 198
471 133
48 407
310 484
202 221
197 213
157 56
79 488
259 199
429 448
312 270
83 491
320 327
131 39
220 395
479 321
377 357
482 398
158 430
301 46
226 434
197 172
438 404
489 171
465 326
285 447
54 274
53 146
254 37
194 429
89 157
282 54
24 126
120 23
258 330
28 160
280 394
220 284
274 98
480 114
498 392
152 267
159 260
277 492
265 171
432 41
234 98
207 123
70 102
238 337
389 24
460 133
133 355
469 8
341 72
147 86
483 136
195 30
339 72
475 45
256 100
224 387
146 164
38 264
454 287
259 419
172 158
109 86
472 300
220 353
68 341
148 392
378 235
493 53
220 36
317 410
340 137
174 186
167 248
0 265
482 157
353 202
183 397
378 0
132 308
193 234
33 401
346 323
180 113
245 69
413 195
80 120
64 470
286 393
318 95
74 431
128 449
344 317
13 197
271 226
292 34
347 230
189 118
82 156
316 102
137 477
312 268
267 115
473 303
191 221
449 387
187 253
293 422
334 303
342 141
279 163
111 205
144 97
171 248
305 493
89 212
100 202
176 206
190 391
102 258
339 44
474 427
160 210
211 114
403 293
460 211
69 316
130 216
422 41
59 300
213 74
43 362
91 137
252 496
342 426
341 261
464 490
132 328
344 130
247 476
440 414
15 294
158 57
102 152
93 31
338 422
297 484
212 344
483 362
383 482
50 433
234 247
297 130
286 310
476 214
205 167
241 1
283 34
260 398
470 243
27 146
281 334
7 290
28 444
453 431
304 379
303 228
424 158
114 184
408 176
242 437
489 372
111 429
190 154
381 113
265 286
114 239
374 98
285 221
76 341
410 151
356 72
451 56
359 61
282 211
473 306
400 22
424 116
75 37
0 400
486 293
228 48
257 274
244 374
14 202
430 284
361 157
431 192
191 65
89 88
44 229
81 495
407 60
9 299
355 447
169 199
282 66
17 13
491 63
259 494
487 97
424 488
3 2
242 90
406 449
103 96
373 451
418 408
97 213
69 499
162 454
241 391
220 488
141 388
7 424
117 402
70 38
166 438
110 408
479 498
362 120
265 433
212 124
17 126
263 7
191 121
318 102
334 420
64 204
23 473
127 288
460 56
130 28
358 433
386 179
229 210
413 314
126 44
314 150
433 172
25 11
315 266
210 63
394 70
444 193
251 102
36 107
490 391
360 185
33 196
157 209
260 9
140 224
47 319
420 456
481 231
260 361
220 412
227 36
434 6
30 79
113 460
307 468
435 303
305 180
257 165
308 305
441 0
72 36
494 209
107 385
134 42
84 101
332 125
371 285
369 222
163 54
408 427
70 207
284 473
389 55
351 437
402 267
184 242
268 1
402 458
18 454
273 275
465 399
431 306
295 135
399 431
1 497
62 405
193 31
66 474
227 288
104 436
295 322
181 349
296 70
497 371
128 282
128 16
231 365
367 223
395 9
55 355
134 205
92 385
76 126
315 239
453 478
381 13
441 109
482 248
149 492
396 12
204 111
474 473
225 58
493 179
253 15
209 85
378 454
14 27
436 16
54 50
359 141
108 298
148 369
453 84
317 98
460 248
286 1
312 404
404 214
344 155
329 111
256 330
356 313
188 194
418 268
105 303
121 453
226 52
1 201
300 123
259 98
355 56
389 68
9 7
309 343
350 365
484 355
238 156
187 220
460 402
25 6
437 11
236 487
240 43
300 108
163 7
216 173
214 478
342 479
261 57
414 407
34 364
282 10
157 206
33 172
353 395
132 274
341 432
492 37
412 427
52 275
46 273
80 202
233 91
331 294
478 223
473 71
24 194
5 199
55 348
134 23
30 185
286 251
347 68
453 441
37 462
49 196
283 125
218 67
130 314
223 439
337 452
442 151
47 330
293 469
90 289
37 397
58 261
55 1
171 306
34 402
246 27
358 66
445 163
416 29
427 260
394 94
282 499
75 218
151 130
306 434
83 450
127 451
262 256
220 465
179 332
95 8
159 108
165 437
103 486
8 71
279 161
423 196
269 62
82 271
201 72
325 441
84 315
444 77
456 89
349 485
105 123
483 257
98 77
165 0
112 193
356 256
43 80
311 470
36 286
250 79
283 244
287 418
365 283
119 228
457 181
73 178
77 188
491 197
390 250
449 108
180 48
14 390
385 345
270 8
351 269
282 160
402 118
110 107
442 229
129 389
499 254
364 136
450 480
19 112
308 445
341 177
494 229
174 427
290 96
7 275
379 383
215 159
286 369
133 384
375 491
127 202
71 416
281 377
199 9
103 346
154 51
46 281
439 384
22 443
183 473
430 399
109 211
418 134
186 456
50 422
485 244
458 460
498 235
271 487
143 426
484 187
447 445
301 324
262 429
478 149
463 4
7 183
170 308
415 483
128 164
54 115
221 116
92 389
303 453
244 31
254 398
74 145
404 317
497 141
67 430
356 44
330 225
299 323
358 324
429 167
261 96
2 373
272 489
311 355
461 496
52 412
247 6
400 53
418 126
14 475
158 177
41 347
495 351
298 281
9 493
157 365
152 362
469 313
469 327
285 248
496 61
213 421
258 378
157 445
312 117
56 354
97 440
2 90
484 365
422 42
303 38
154 149
166 95
137 41
18 212
133 30
487 278
430 159
143 395
359 315
376 428
95 330
351 418
471 400
19 230
308 397
115 97
357 394
36 206
71 26
207 64
234 107
348 87
341 489
201 313
479 115
295 93
447 91
490 306
394 220
220 311
147 308
214 424
249 189
47 68
24 40
436 345
458 309
358 95
25 376
432 123
339 99
275 58
280 253
358 427
122 278
130 468
105 187
209 469
120 72
160 281
481 314
481 11
241 273
342 146
412 362
2 176
490 417
232 214
165 230
133 13
38 256
387 198
179 302
429 175
258 445
300 361
120 425
397 67
481 194
432 266
148 378
437 470
309 306
155 451
380 225
153 352
251 450
185 109
289 432
485 93
47 79
213 485
79 168
346 124
21 453
229 296
193 339
76 211
192 292
53 11
466 295
66 436
138 170
64 214
64 100
377 185
99 113
151 150
259 239
161 304
90 315
300 427
497 23
372 466
59 417
252 388
340 394
380 174
323 264
356 350
348 357
127 388
18 30
403 134
183 168
241 157
391 413
110 409
67 111
417 258
398 112
389 382
407 58
170 68
482 251
398 181
233 374
281 320
416 91
16 186
249 248
