100 700
19 23
11 36
91 90
72 34
12 7
34 22
76 74
27 77
26 31
27 25
8 62
27 38
65 64
11 18
56 8
88 93
52 23
88 79
52 10
91 51
97 45
40 57
63 24
31 94
23 55
52 37
54 44
39 5
37 73
13 88
80 74
46 37
16 96
40 8
71 96
47 81
37 67
45 7
77 2
98 51
10 71
17 54
47 23
25 89
47 8
71 78
21 36
2 51
19 2
11 73
34 55
50 43
89 82
72 40
78 10
93 50
10 63
91 42
50 40
87 8
63 34
17 75
1 27
6 84
70 28
30 3
91 68
59 32
45 55
21 50
22 85
52 17
90 75
46 52
16 14
56 68
56 23
57 89
38 44
56 43
67 84
48 95
11 15
92 9
7 16
1 21
5 17
0 37
46 55
1 51
16 17
69 44
85 62
53 19
30 24
59 23
64 71
15 7
63 92
30 48
39 95
60 75
62 7
45 96
4 50
66 34
70 39
37 78
78 1
48 46
72 47
92 45
30 2
20 16
41 89
69 25
40 90
25 42
42 44
24 41
37 65
24 53
64 28
51 69
94 23
7 4
40 46
48 27
60 49
95 83
71 8
43 57
98 66
35 70
32 13
27 40
12 99
10 46
58 47
47 20
10 22
38 67
61 41
86 30
42 33
63 32
15 86
35 78
38 42
96 62
92 40
54 26
21 43
44 21
69 4
93 64
66 99
52 36
85 53
41 98
51 20
19 90
37 84
72 3
18 7
37 47
56 95
63 87
4 1
75 47
95 8
28 95
45 25
77 6
86 96
11 4
61 85
34 6
33 64
97 17
45 33
84 59
12 85
38 72
65 52
66 67
57 78
80 54
83 59
4 74
66 78
73 8
64 61
25 57
62 45
62 74
27 62
67 87
95 51
19 72
93 57
32 28
45 6
87 14
94 25
36 33
72 76
29 10
87 92
78 56
36 66
49 23
60 81
7 31
32 29
69 73
93 32
91 11
0 6
36 31
66 3
93 36
9 98
28 54
68 81
82 49
20 11
63 51
23 16
92 26
64 27
37 61
45 69
73 31
78 15
54 10
23 13
7 39
17 68
39 76
59 46
29 40
25 31
50 27
40 58
89 42
41 19
5 4
6 12
76 80
93 39
91 45
94 91
43 4
98 88
38 6
1 32
60 93
64 5
41 21
24 38
5 87
90 69
97 58
99 75
74 41
67 34
64 94
49 35
75 53
60 62
53 30
33 52
77 42
99 94
69 86
81 12
26 73
34 14
11 99
78 80
99 79
30 58
88 25
51 23
17 48
58 17
47 73
1 86
16 78
90 87
23 91
15 64
21 67
19 0
36 56
52 66
90 65
52 3
2 95
61 53
13 72
45 8
71 29
80 28
0 47
90 88
20 62
68 41
90 37
1 66
36 26
96 64
20 54
51 47
79 18
52 97
22 32
4 37
3 65
26 28
50 41
86 26
13 14
17 36
28 42
11 51
99 96
19 36
17 23
33 5
65 32
26 88
11 14
36 35
47 93
82 70
95 68
31 37
1 36
97 50
69 38
80 97
67 31
9 31
66 84
73 42
93 10
72 5
40 89
79 25
48 19
60 27
55 67
27 36
95 79
7 93
54 89
98 79
61 76
75 22
92 70
29 85
93 34
49 10
76 0
68 48
76 93
21 64
44 65
66 9
62 81
3 62
77 56
83 9
55 86
12 21
97 20
8 99
65 96
42 8
5 78
25 99
96 14
73 20
47 1
41 40
84 38
55 31
19 46
93 49
62 32
14 17
15 10
79 6
82 93
32 3
11 68
45 58
49 4
65 16
22 70
77 20
5 51
83 41
54 11
63 35
68 45
75 15
20 41
66 97
48 98
94 61
81 9
75 51
88 83
94 71
76 79
85 97
66 25
79 42
81 35
45 67
81 54
0 59
36 98
6 7
16 31
64 75
18 38
11 47
76 16
33 57
4 35
82 84
35 65
94 1
95 77
52 78
33 13
94 8
5 41
86 4
65 11
71 86
40 84
99 81
54 53
34 18
55 57
23 41
87 83
36 81
18 31
49 26
79 75
10 40
92 10
33 8
22 4
13 67
15 97
46 15
43 12
85 3
60 0
41 34
86 42
34 23
68 58
27 55
69 97
84 45
4 94
7 47
28 38
1 81
33 59
59 64
49 14
82 95
21 59
8 59
87 41
16 52
66 95
95 44
71 56
44 78
95 84
60 29
22 67
52 51
11 10
90 10
16 15
75 87
39 30
41 60
8 92
68 70
93 86
40 95
69 29
26 61
25 8
3 6
52 74
64 57
6 44
35 52
98 47
54 25
67 78
77 16
21 87
66 8
75 92
25 20
3 94
80 88
40 9
27 10
31 56
84 98
65 5
30 65
86 51
68 31
63 47
62 28
44 88
92 1
68 71
47 77
19 87
91 69
78 31
15 45
8 61
22 65
29 23
96 92
15 85
83 74
82 37
42 12
40 87
39 55
77 93
54 52
39 63
16 90
55 43
12 74
98 6
57 2
52 32
67 96
72 33
12 52
43 10
30 34
62 44
33 51
24 36
46 90
22 21
16 30
89 1
99 54
65 20
18 81
0 41
28 12
31 75
32 97
41 33
0 33
11 6
36 78
64 29
92 41
24 18
28 91
64 11
72 16
55 4
57 30
71 61
63 13
51 92
72 7
91 50
62 95
72 50
11 90
97 41
98 50
60 59
2 26
20 30
92 23
15 24
43 41
20 71
63 30
83 0
22 53
51 13
26 50
49 52
78 40
0 87
83 71
44 71
99 71
99 46
81 64
53 56
83 94
89 69
90 7
59 86
2 1
34 17
37 79
20 39
14 89
78 84
45 82
4 23
5 9
71 14
41 54
9 22
98 7
80 24
41 16
95 24
42 61
7 58
24 76
41 66
48 52
44 39
52 80
8 55
74 36
89 4
34 47
24 84
6 76
65 67
52 90
37 93
38 4
18 80
44 31
47 57
2 48
58 46
55 42
48 99
2 90
86 91
82 97
57 11
54 82
14 82
57 27
85 75
3 88
89 5
81 91
60 21
28 24
94 42
83 22
57 48
8 41
75 48
26 30
69 5
0 66
55 80
68 83
16 67
61 65
27 37
42 60
26 77
31 0
22 8
58 21
5 26
58 65
77 98
33 73
23 75
