50 700
42 28
17 9
36 41
38 26
47 9
7 11
17 5
49 3
43 40
43 24
24 33
9 10
1 48
25 34
45 7
43 48
27 33
12 14
39 8
26 8
33 10
25 37
28 13
29 30
48 47
5 30
6 31
39 24
36 5
49 35
45 41
25 23
20 10
7 21
28 18
31 38
49 6
31 13
46 28
47 25
11 19
40 46
21 44
24 38
32 42
27 31
24 30
0 22
21 47
6 44
5 27
38 35
42 9
11 36
0 41
44 46
7 24
39 15
22 5
18 19
16 5
1 6
30 9
32 34
6 26
46 35
20 12
16 47
36 30
45 9
44 37
8 43
25 32
17 27
36 49
4 12
15 30
20 25
19 28
45 21
24 49
32 36
21 18
17 46
44 17
34 31
32 11
26 15
40 31
12 17
46 0
27 28
3 34
14 7
25 19
45 33
5 49
8 40
38 28
18 17
16 42
31 43
8 9
31 33
22 16
10 35
3 43
42 5
28 47
26 20
32 12
10 46
32 4
7 36
15 2
6 32
30 22
13 27
23 12
1 49
33 35
9 48
5 0
15 6
26 5
6 33
23 13
10 37
30 45
42 23
10 2
27 29
15 36
40 44
41 43
7 9
0 33
19 30
12 13
40 5
12 43
41 23
10 47
34 29
10 11
19 48
1 27
34 14
13 47
33 18
23 36
8 33
43 46
47 7
21 35
14 9
36 25
29 3
49 46
48 23
15 46
1 7
40 22
23 19
46 13
30 39
47 39
49 41
36 38
31 44
12 46
5 12
19 22
20 24
15 21
4 9
2 4
33 13
8 15
5 1
41 10
48 33
5 2
28 15
12 37
8 10
48 45
0 6
39 48
37 9
14 1
37 28
8 31
48 24
19 8
2 43
3 38
29 10
14 2
18 30
12 24
0 31
46 1
8 47
7 38
28 14
29 43
30 2
32 47
6 47
27 21
34 40
43 38
4 49
7 46
34 26
16 27
15 3
44 35
7 19
27 12
47 46
31 49
39 40
37 15
23 29
6 34
35 48
24 5
49 17
18 23
27 37
42 7
38 2
30 37
7 29
11 0
3 31
49 2
40 38
11 46
12 26
7 39
24 36
26 49
41 5
11 38
14 40
20 27
44 18
4 41
40 28
48 41
48 4
19 40
47 24
37 11
48 30
30 23
20 19
23 11
31 14
34 42
45 19
35 1
44 38
39 23
5 33
40 24
17 28
13 41
16 45
13 0
30 42
47 37
49 15
1 22
13 7
0 4
34 39
2 32
34 4
35 13
15 17
46 19
27 22
31 26
37 20
24 32
16 41
32 19
17 38
4 5
4 7
14 4
39 35
22 17
22 26
43 0
38 13
5 35
37 32
19 6
5 25
15 43
10 18
24 8
8 27
27 49
2 33
10 21
41 26
18 48
21 13
36 26
4 31
48 13
8 1
7 40
47 41
21 48
21 4
43 30
3 12
44 2
29 24
25 43
34 13
9 29
31 29
40 0
22 43
11 45
3 7
46 36
27 41
43 19
20 8
37 49
41 22
9 21
8 23
4 23
12 42
6 36
33 49
29 33
45 4
13 14
2 48
48 17
2 7
49 12
2 20
10 25
12 6
46 27
42 21
11 16
10 28
43 49
22 20
10 1
44 12
2 29
18 34
33 32
45 34
10 32
0 2
1 21
33 36
39 31
37 31
14 18
31 20
43 4
42 3
6 18
46 21
27 18
49 9
44 28
20 43
6 39
24 37
22 46
39 4
47 2
19 34
30 44
45 26
45 39
29 13
31 42
11 3
41 14
24 13
29 44
17 20
41 15
14 32
16 36
40 17
46 26
10 0
4 29
25 7
15 19
12 34
5 8
6 4
2 26
3 33
19 37
10 24
46 16
15 14
34 44
7 5
14 16
29 28
15 45
23 32
36 27
21 26
44 9
24 0
22 28
42 38
11 30
8 4
35 3
20 0
21 16
20 49
29 35
8 21
5 38
2 18
28 34
41 46
18 35
12 30
36 3
10 22
6 42
33 43
34 27
44 23
6 13
41 3
11 24
22 14
26 27
38 34
42 17
32 26
15 35
20 18
6 28
25 40
26 39
6 22
34 35
12 16
11 34
35 36
32 40
20 4
21 43
10 49
29 45
14 29
22 29
25 11
46 14
45 18
35 26
16 13
4 24
35 32
23 0
40 11
28 36
21 49
14 24
19 9
14 37
36 14
23 3
46 2
36 19
23 6
10 43
28 41
8 34
23 27
20 44
2 1
35 19
18 4
13 3
49 14
42 48
14 0
12 11
39 14
20 41
31 47
33 20
21 38
26 1
39 1
9 34
47 15
38 32
3 6
3 46
24 1
33 47
1 32
4 35
22 35
38 49
6 10
13 42
28 20
39 32
24 44
46 4
26 25
29 42
13 20
3 5
16 26
25 22
11 39
1 25
13 4
32 41
13 5
3 44
11 29
40 16
22 9
41 12
45 35
13 17
0 49
8 48
11 22
23 38
31 9
35 41
28 39
22 3
3 40
8 28
46 42
9 16
4 22
33 15
31 45
22 45
18 39
22 38
42 25
28 30
45 8
7 34
3 47
13 9
7 17
18 24
44 32
23 33
32 31
1 20
14 44
33 9
45 1
27 15
38 4
42 0
23 47
43 36
8 6
18 43
36 18
5 9
17 31
38 1
30 49
44 16
0 19
28 0
44 22
26 23
49 29
24 21
36 45
3 2
8 17
14 10
2 42
9 1
18 49
8 29
37 29
35 6
12 40
29 39
5 23
33 12
42 14
19 29
32 20
10 44
5 19
39 20
0 48
41 30
33 39
2 13
29 48
5 29
6 7
30 7
23 31
40 41
15 9
8 12
46 18
10 23
7 43
14 38
7 48
25 12
34 48
22 48
44 49
10 45
23 46
34 46
0 32
25 13
29 6
7 10
43 14
13 10
9 32
42 8
40 35
47 35
47 44
2 16
10 27
18 11
5 37
15 40
42 43
25 41
17 47
34 24
26 40
36 47
3 21
44 0
19 2
27 42
6 38
45 37
36 40
9 11
38 41
37 35
11 48
39 10
46 37
29 17
47 14
31 36
29 12
44 7
22 8
26 0
0 37
47 29
11 14
23 9
14 6
2 9
0 7
30 10
46 9
30 47
0 47
32 30
26 30
