230 500
216 13
120 100
16 120
134 185
214 101
74 195
169 65
23 124
179 135
114 110
118 71
199 99
201 158
147 108
138 212
163 206
22 202
165 33
10 164
77 152
88 197
16 17
16 101
141 221
118 70
207 105
18 94
65 84
76 40
199 208
67 74
200 90
116 96
40 69
24 227
113 13
170 129
123 56
184 144
49 15
60 133
173 207
162 28
217 16
11 139
157 96
167 93
12 89
219 126
181 99
126 189
150 18
125 79
120 118
130 186
135 90
150 192
180 86
120 9
216 71
11 188
72 169
8 45
11 224
165 168
173 177
29 225
227 214
146 129
12 42
86 185
185 111
187 50
32 130
121 36
113 108
140 165
10 224
30 151
57 162
227 172
102 140
46 67
101 30
71 128
4 207
55 163
221 57
30 16
87 144
200 137
79 22
54 207
20 205
80 81
42 143
212 65
62 159
207 156
7 203
107 72
210 0
25 128
29 89
44 193
84 202
96 108
22 68
163 167
1 21
23 154
114 145
54 141
132 14
130 189
146 163
14 2
122 39
185 47
224 77
37 206
179 35
109 59
81 0
162 4
189 47
50 12
222 174
226 141
131 179
110 222
85 17
142 60
5 111
146 128
15 97
197 173
128 38
195 73
127 82
0 129
215 20
133 45
0 85
44 31
117 143
185 179
36 200
213 35
212 180
100 125
207 13
142 26
142 185
223 83
110 193
90 228
51 69
123 48
139 34
120 21
102 42
50 98
133 210
60 91
87 74
175 119
160 23
97 207
113 183
186 97
176 106
38 145
14 95
172 47
5 106
109 151
46 73
198 202
48 95
121 172
202 107
225 66
212 96
3 74
188 134
141 164
15 178
90 5
211 29
80 90
0 118
3 185
61 122
69 43
199 51
149 209
114 152
166 23
104 174
58 151
41 151
177 130
220 92
173 184
103 118
46 122
92 225
69 60
56 185
217 153
87 136
91 152
55 125
157 171
157 190
167 223
62 75
225 11
173 106
152 21
100 191
66 101
158 65
221 212
211 177
88 44
176 185
61 16
61 197
218 108
124 83
148 176
208 215
189 65
110 201
84 177
88 205
107 140
6 38
141 121
83 20
12 178
89 34
43 132
58 221
195 204
179 143
104 4
127 200
85 164
206 7
18 197
214 57
136 219
72 49
71 59
198 132
166 95
140 42
131 117
56 219
177 67
216 133
84 17
187 213
189 82
18 158
181 28
215 149
75 166
147 38
226 127
55 171
176 209
4 96
94 107
210 125
61 36
81 112
102 23
67 35
186 47
15 44
13 123
51 222
86 23
23 50
104 117
224 38
127 44
77 55
120 209
13 109
155 91
6 126
133 169
85 94
203 24
24 56
5 52
228 207
220 169
61 114
186 21
197 100
58 143
99 116
36 169
214 186
19 217
132 80
120 191
56 59
5 169
208 50
167 169
195 52
221 213
227 218
1 30
60 29
57 43
46 197
38 99
7 73
105 217
87 1
45 192
3 138
25 20
28 224
7 143
162 172
59 210
127 170
177 131
62 53
196 181
152 16
65 55
170 144
135 178
91 58
46 152
109 3
77 72
215 93
161 106
225 222
49 138
40 74
174 173
29 114
45 69
24 154
50 204
194 121
146 155
50 141
113 197
173 49
21 177
88 104
8 102
45 52
73 118
87 37
227 157
188 148
219 120
16 71
81 88
108 57
211 9
140 211
227 221
67 16
151 98
127 95
159 33
208 35
136 151
137 109
67 192
5 215
90 60
190 159
185 171
211 206
220 7
3 32
40 48
44 128
84 166
102 139
186 135
90 160
220 18
97 129
109 140
2 86
134 118
53 23
138 123
183 16
115 195
204 7
168 183
66 97
129 136
3 22
185 97
166 138
157 206
132 195
226 116
38 11
176 223
75 181
47 122
134 43
193 176
167 217
31 120
142 43
21 182
57 134
159 41
63 211
218 156
127 121
80 15
159 83
205 198
190 119
180 76
101 15
45 62
195 163
138 159
10 33
186 200
210 67
25 112
144 86
165 172
138 65
37 214
172 151
99 64
85 90
146 54
99 213
65 183
170 122
83 9
188 71
32 97
165 228
150 214
35 167
83 41
175 108
6 106
111 33
97 118
151 214
47 135
175 160
134 174
100 17
0 225
137 4
203 32
47 68
75 116
62 32
120 123
132 23
30 175
131 191
135 126
187 87
131 153
145 142
126 104
30 158
105 80
211 133
198 144
190 109
100 47
94 91
0 82
46 54
113 190
125 104
122 124
117 63
