1500
55 470 504
5 108 893
27 393 954
47 473 520
76 495 506
59 263 384
98 39 608
17 172 472
50 515 948
80 230 490
100 757 888
69 471 740
62 284 523
80 554 706
23 260 387
74 43 630
37 46 357
56 155 453
65 761 834
53 632 739
57 99 777
74 54 321
70 217 470
26 8 843
10 261 948
57 631 718
15 315 377
62 118 335
16 172 793
76 155 867
48 665 776
72 101 213
77 380 477
35 790 878
58 273 386
21 145 562
10 505 947
52 158 309
16 124 465
34 347 838
62 319 612
31 592 833
55 462 992
50 331 499
98 292 401
39 118 318
17 442 596
78 29 868
42 910 974
3 504 570
49 368 884
32 231 403
88 568 682
28 688 867
41 246 478
40 239 672
27 116 593
41 406 658
53 172 581
15 531 676
80 378 791
90 587 605
45 632 745
5 611 719
53 260 928
65 120 480
92 301 397
87 459 831
50 807 850
7 161 273
73 55 334
45 230 472
25 242 560
30 367 689
14 271 686
79 262 861
87 163 983
85 879 980
79 539 888
26 541 784
70 267 634
76 318 558
76 54 136
37 594 844
79 467 952
61 95 938
23 98 513
57 696 818
60 238 293
58 297 614
96 390 629
52 745 787
54 183 570
60 293 394
14 215 528
42 195 706
68 12 914
27 204 665
8 382 763
80 49 910
53 512 625
76 128 236
89 241 863
78 578 818
17 101 143
19 477 559
23 431 936
74 296 538
69 923 928
52 212 755
14 254 294
10 529 786
40 1 556
27 271 453
83 632 641
46 41 987
49 249 540
81 313 797
91 53 732
50 465 558
7 171 557
97 183 302
62 100 333
56 76 332
98 27 51
27 739 802
29 442 844
47 696 919
23 364 629
67 89 855
28 570 980
60 578 680
62 116 403
62 724 873
57 154 324
91 198 396
64 412 909
55 666 782
71 611 829
87 706 966
45 716 770
53 685 806
87 146 841
25 286 901
60 634 995
48 282 349
54 257 911
65 902 983
85 636 861
50 138 528
61 234 769
56 172 604
56 12 880
27 513 594
25 162 235
57 907 927
40 189 444
28 485 720
73 94 436
94 95 583
80 6 628
36 590 687
37 238 851
74 579 957
54 43 404
38 226 812
34 17 596
52 7 805
88 336 642
92 314 326
46 313 619
75 340 397
78 95 847
76 523 912
19 359 456
82 871 991
35 328 414
20 473 897
8 242 642
91 214 526
58 696 930
52 595 994
9 188 641
31 42 126
10 1 861
59 622 693
43 118 718
1 894 944
34 12 926
91 749 979
22 445 893
49 354 624
17 347 548
18 62 905
37 572 887
43 57 300
12 268 752
100 167 992
61 94 847
56 422 913
100 300 445
1 202 329
96 105 769
74 297 642
51 245 721
42 220 626
10 175 985
56 15 150
39 33 504
14 538 815
81 220 652
50 684 918
2 253 585
51 249 270
17 398 425
39 28 149
77 272 383
96 878 894
4 105 485
14 496 812
81 799 893
71 300 891
9 75 550
38 174 315
31 219 866
67 239 912
21 464 509
0 89 246
70 107 921
81 369 422
7 158 648
33 123 239
48 707 907
89 157 346
29 119 924
38 98 837
87 407 511
58 652 881
69 742 744
34 579 950
91 515 786
36 205 625
76 228 918
50 103 287
76 699 980
100 490 759
57 411 776
63 90 297
32 113 123
5 673 837
97 554 977
65 86 653
34 398 752
14 436 694
23 717 917
78 126 512
21 297 940
30 57 827
75 589 759
2 109 587
83 629 980
81 281 550
14 63 129
23 678 720
3 48 786
1 407 685
37 710 770
80 422 946
32 17 861
34 191 336
21 6 50
8 389 676
13 131 378
5 483 556
3 1 755
87 216 489
90 311 941
24 708 998
71 238 305
82 500 793
20 613 683
55 130 352
68 34 601
49 684 858
80 711 969
95 642 733
14 500 685
78 584 870
67 641 693
68 13 811
63 664 836
10 678 898
47 135 554
40 287 879
71 76 735
98 713 985
21 505 793
37 56 914
58 85 474
21 54 123
5 751 823
26 7 918
83 198 506
47 358 600
10 899 986
35 85 593
40 856 997
83 339 343
86 743 796
40 507 768
3 506 794
7 610 925
58 240 466
47 210 493
36 37 176
33 619 648
66 713 728
20 842 910
31 35 91
37 287 524
62 345 737
19 417 894
30 845 972
52 201 286
46 286 326
49 7 669
33 9 542
23 537 981
9 385 471
63 329 937
43 524 701
3 41 412
48 484 505
51 142 671
38 89 507
26 108 267
100 200 679
49 156 192
1 833 859
88 291 918
28 235 708
67 403 463
58 96 427
0 315 351
41 280 777
67 302 880
56 165 677
85 39 571
72 145 562
1 201 644
40 62 648
81 291 809
80 619 980
7 8 285
4 676 978
29 372 710
59 337 340
99 35 502
50 359 437
88 505 898
51 106 203
26 33 66
93 482 580
34 728 772
3 141 383
71 320 489
34 260 514
45 272 284
21 13 39
53 502 760
80 60 734
40 596 650
40 417 542
25 53 566
95 139 311
60 56 788
55 223 440
70 649 805
59 369 442
85 669 975
87 138 634
9 19 746
8 253 975
38 525 957
98 145 582
21 297 335
59 28 206
99 292 642
32 192 472
98 218 701
97 625 944
96 158 506
91 276 667
29 633 790
87 4 146
22 327 902
65 185 650
50 347 406
15 337 971
48 324 794
78 857 897
79 693 777
6 291 796
15 316 351
37 362 761
86 535 730
91 83 807
17 585 791
3 67 183
88 389 426
72 451 611
85 194 622
71 594 755
48 281 639
18 346 421
16 697 866
28 391 633
90 184 840
81 130 754
74 601 614
71 146 862
30 319 964
36 555 908
65 212 618
78 265 967
38 699 943
29 156 588
6 159 465
26 511 947
58 166 381
88 298 541
63 195 465
60 271 716
82 107 207
93 697 834
79 416 646
77 355 449
73 80 989
61 593 598
78 510 653
71 123 659
94 998 1000
81 121 321
19 913 985
97 486 954
36 200 568
67 170 845
88 109 880
37 260 707
13 27 76
25 608 775
56 129 547
14 482 715
50 169 339
6 505 794
95 218 698
98 344 642
75 98 680
31 556 634
35 253 931
7 280 489
24 73 755
58 416 702
7 232 481
78 261 515
50 658 991
46 448 982
91 71 619
78 62 220
97 834 991
87 303 564
98 722 929
52 448 946
25 223 687
37 578 845
99 241 548
81 465 724
36 169 654
52 256 467
10 513 657
86 143 202
66 507 703
79 24 271
52 251 476
10 196 851
34 102 521
84 799 893
62 246 785
67 344 463
78 860 872
78 173 833
100 89 684
98 517 977
17 40 284
74 147 998
12 676 918
95 21 31
70 390 736
72 74 481
71 382 787
71 346 523
72 86 714
29 736 884
65 97 649
65 522 753
69 637 983
12 237 920
27 66 279
57 387 497
3 548 977
1 203 246
36 540 565
47 258 371
3 360 655
71 299 392
23 511 592
11 34 676
16 500 776
35 257 377
72 87 704
60 516 543
63 457 567
46 199 438
1 86 365
52 341 909
47 155 815
34 339 753
20 526 631
60 80 180
31 518 839
38 146 992
50 309 840
1 474 763
47 148 971
86 509 709
50 67 430
15 664 772
87 260 632
39 515 967
31 169 171
80 656 851
11 279 937
14 314 428
49 328 372
4 174 462
36 103 588
6 154 464
68 496 596
24 371 407
23 306 497
88 224 853
2 127 520
16 466 586
61 108 445
0 88 100
56 597 716
79 493 754
76 591 960
25 810 887
7 20 687
57 314 436
18 102 469
43 457 732
3 75 396
38 275 317
76 512 586
66 58 972
56 39 175
62 296 659
68 232 984
11 233 301
36 409 481
52 703 859
21 558 562
82 29 657
59 93 333
12 321 468
86 75 988
4 365 984
95 715 747
49 256 426
33 468 793
91 620 881
72 129 949
74 80 92
29 588 809
6 160 826
45 36 221
4 148 457
68 135 361
44 209 479
74 525 590
98 91 695
90 373 420
1 703 845
20 540 610
10 187 638
45 170 828
49 515 900
12 437 645
35 379 677
82 847 953
69 916 989
73 289 383
97 334 916
47 63 657
21 130 525
71 873 985
80 27 397
98 203 776
63 553 666
74 418 756
18 444 555
57 423 1000
20 414 734
20 794 874
41 75 176
26 502 623
78 27 396
56 292 989
21 73 978
93 9 255
13 138 877
11 91 804
34 254 290
83 300 323
76 370 603
51 730 735
15 227 275
0 135 973
7 454 504
85 334 519
66 180 696
55 145 660
53 577 908
39 593 646
45 197 629
44 536 836
17 533 717
9 159 750
77 297 725
91 407 527
95 446 575
77 539 589
60 105 878
52 5 943
20 626 853
37 725 843
41 136 591
46 329 856
29 742 910
90 103 780
84 533 693
41 100 162
38 291 406
96 629 960
20 229 581
50 441 779
74 149 445
0 126 211
52 181 617
70 65 227
81 480 594
61 6 537
82 106 588
28 166 639
54 400 519
83 509 897
5 639 979
64 60 170
37 363 770
40 468 519
54 62 144
50 187 191
14 5 604
90 424 769
37 397 567
81 153 666
84 174 618
82 598 669
67 225 729
0 159 426
37 313 735
48 170 563
55 212 236
22 65 712
3 546 961
21 755 788
36 566 943
68 274 816
6 389 838
79 831 887
2 322 641
38 627 882
92 412 455
37 358 985
72 337 830
92 406 458
63 50 335
5 271 593
21 18 314
2 118 978
71 154 506
48 563 577
6 73 135
89 51 194
28 748 853
100 62 345
59 367 886
97 108 719
16 51 555
59 21 800
70 99 793
78 30 183
66 60 759
38 136 400
75 71 272
21 781 878
5 296 687
80 253 719
7 286 429
13 102 961
42 365 386
53 158 738
94 594 939
27 34 494
74 874 936
20 97 382
48 585 740
67 500 732
32 443 607
83 41 288
44 224 589
4 84 401
48 607 939
71 367 921
2 24 686
29 299 357
16 176 197
67 620 989
17 191 276
45 342 520
38 546 655
88 59 795
56 342 838
14 233 676
41 439 959
78 14 86
32 254 728
86 427 671
93 282 371
85 78 349
40 574 836
59 352 732
44 234 572
5 530 732
35 343 468
3 529 917
9 758 1000
51 582 624
84 132 750
27 300 576
59 246 364
81 202 425
45 390 736
6 746 896
9 484 718
11 325 753
78 256 741
24 71 844
31 757 766
84 459 981
36 9 125
61 668 718
71 100 591
35 871 991
61 1 65
96 85 683
34 107 869
59 437 827
95 593 989
52 213 866
10 447 660
42 257 772
0 58 667
91 146 671
87 149 875
19 44 430
82 17 764
42 302 935
41 656 816
65 140 583
63 25 901
60 338 377
89 425 865
34 526 696
45 789 852
90 707 745
76 72 491
69 820 980
26 159 808
37 375 439
47 433 821
70 223 958
48 272 956
97 30 626
98 40 528
93 491 649
77 193 518
8 149 619
18 283 991
49 302 440
81 270 928
93 34 432
57 27 136
85 81 617
12 718 908
62 167 246
23 7 783
27 616 871
76 144 764
25 593 936
27 413 882
34 722 953
51 231 829
25 425 700
13 152 795
92 265 384
34 145 389
38 203 214
73 203 754
29 59 576
10 639 824
85 206 702
44 124 288
31 27 531
48 821 936
74 532 675
64 72 101
90 10 431
69 623 737
22 16 453
90 783 934
39 856 961
68 543 924
14 488 944
96 390 585
55 199 789
59 480 708
96 448 861
51 183 272
22 143 449
83 354 550
51 824 826
60 191 640
29 363 776
50 79 986
3 378 782
90 49 171
11 217 730
32 39 916
89 353 863
58 129 668
53 260 330
44 390 987
7 141 736
82 486 633
66 4 162
79 142 151
51 362 873
23 166 314
92 121 811
10 622 971
61 5 515
94 211 270
59 236 472
83 383 831
92 152 396
62 84 711
94 296 373
29 15 453
84 813 906
44 342 576
70 526 612
48 784 983
56 51 794
85 269 275
79 336 630
37 106 512
45 551 825
47 61 802
55 310 924
67 226 301
75 49 141
42 450 808
7 383 761
89 220 271
85 520 726
62 632 702
42 726 808
81 284 970
65 165 964
86 535 771
23 725 998
19 68 266
34 380 956
70 433 662
47 140 161
43 49 238
2 49 405
12 134 222
45 242 515
27 363 955
83 455 659
4 689 785
63 117 857
82 430 538
95 390 844
35 102 385
93 137 988
65 529 583
3 194 473
92 180 984
28 398 824
87 595 902
79 504 521
39 21 933
4 34 825
60 666 733
59 168 967
36 869 927
2 145 480
9 450 834
85 241 911
19 528 611
31 188 394
86 566 962
16 252 319
62 104 559
96 179 239
92 458 573
50 757 923
60 261 299
93 235 842
82 63 353
28 794 812
33 652 882
5 272 899
86 85 695
22 501 956
47 324 651
22 11 940
60 933 949
1 420 496
3 172 190
95 224 696
1 650 801
66 135 885
7 642 813
54 163 497
13 552 852
5 566 939
74 195 229
83 179 746
60 150 206
6 313 402
50 693 728
32 543 796
44 150 377
14 743 749
5 48 816
64 750 966
36 170 332
92 54 769
75 157 179
34 587 696
92 279 732
83 90 753
42 55 239
96 209 657
32 148 504
18 175 820
49 206 600
81 46 262
94 493 733
79 404 668
86 55 900
67 115 213
31 794 978
59 13 832
42 327 648
88 490 675
81 388 613
39 492 504
79 28 830
29 497 953
91 184 598
40 33 103
87 225 477
92 196 624
59 344 603
17 283 990
95 36 600
48 653 655
68 133 351
59 294 872
23 205 591
59 320 706
3 229 529
66 669 786
39 185 652
98 38 916
39 75 682
23 547 851
71 234 428
28 162 819
52 264 351
99 459 847
100 372 946
69 247 421
4 761 954
51 420 736
52 114 336
9 19 266
78 337 526
20 513 645
91 106 816
72 202 774
56 81 594
53 215 592
92 701 858
63 286 323
96 269 703
63 153 849
46 639 763
58 273 793
80 344 520
7 371 992
57 715 985
17 80 400
21 120 387
24 186 194
64 609 889
5 426 897
95 332 815
89 538 971
24 78 399
71 54 464
71 268 742
68 82 656
100 619 873
46 539 671
51 446 524
62 366 719
66 600 938
88 193 555
35 32 67
68 557 723
82 693 876
73 133 362
33 150 523
7 349 827
66 339 778
25 126 945
38 341 822
4 82 967
68 548 952
80 111 552
93 10 78
100 541 577
66 455 575
66 486 907
52 49 931
68 659 817
97 32 374
81 784 792
71 11 988
44 569 995
74 24 710
44 142 286
94 24 273
41 436 550
94 10 744
62 266 591
64 370 539
29 213 777
83 410 694
5 198 663
80 101 760
35 90 441
2 621 643
74 147 965
73 272 944
73 446 475
72 350 828
48 282 505
5 286 758
55 351 833
39 313 944
0 240 884
92 590 684
48 796 988
14 640 913
29 249 480
77 231 955
7 44 941
23 378 413
60 473 984
47 687 721
97 440 703
1 277 925
47 36 38
83 317 891
35 222 607
98 521 793
22 259 548
10 532 830
68 163 706
34 871 924
92 197 283
60 73 970
30 52 737
39 175 478
43 730 883
95 238 770
21 605 677
5 162 198
10 126 486
13 230 561
42 74 80
23 225 663
60 476 683
30 344 447
60 569 685
18 287 473
85 90 152
59 234 595
87 599 605
0 185 469
6 617 965
5 67 997
6 149 511
94 792 942
100 21 590
24 252 949
31 272 826
37 174 455
7 239 431
53 740 854
46 55 568
82 198 491
68 590 774
97 430 537
61 540 586
25 168 521
46 48 582
82 607 990
19 404 961
50 393 733
78 64 924
67 693 741
21 271 920
64 113 577
28 487 557
20 365 499
84 339 879
57 6 412
52 118 944
15 291 515
14 340 802
81 13 237
13 434 741
60 136 184
83 438 634
16 578 672
36 264 660
98 283 369
30 291 367
96 72 459
8 2 306
83 556 771
23 300 731
35 440 804
35 489 665
9 49 359
58 488 765
79 14 453
91 767 979
79 417 650
75 538 838
67 433 956
87 527 938
53 156 915
100 183 447
41 94 937
90 239 457
62 600 715
44 75 926
2 345 864
13 277 598
93 427 648
45 245 593
77 176 270
31 482 697
28 269 714
93 31 807
41 60 291
71 547 760
96 392 607
73 197 584
73 436 558
12 668 870
65 904 974
16 150 517
71 119 244
55 498 712
82 564 875
35 8 371
72 659 728
96 222 276
62 800 920
0 612 713
10 264 636
54 337 515
26 33 989
6 671 706
83 392 869
52 538 986
60 125 998
62 495 704
60 555 866
96 303 715
16 27 795
61 529 749
25 200 352
3 281 443
17 99 291
61 554 731
59 263 445
35 56 486
48 859 890
79 130 641
93 47 628
95 423 937
100 155 334
70 52 392
71 323 932
11 177 203
67 270 389
96 3 886
37 275 328
3 43 100
25 66 394
80 285 573
81 524 799
42 89 588
78 176 653
96 456 679
87 407 631
37 166 490
77 128 965
36 114 390
86 489 764
20 189 822
94 4 755
77 317 855
21 426 525
62 121 303
36 489 683
60 501 575
13 223 755
37 517 851
96 487 603
61 750 902
9 103 266
65 711 844
65 490 859
84 107 122
21 372 988
69 519 973
53 282 354
36 214 997
58 116 805
90 334 565
0 454 838
48 334 973
55 371 545
26 89 130
97 341 924
25 344 877
14 501 649
79 254 312
98 333 452
97 217 600
83 835 850
33 142 913
80 181 451
96 536 563
34 112 818
2 322 764
84 346 444
53 594 665
100 445 834
32 26 503
87 8 954
17 130 544
24 71 396
18 60 542
89 716 945
59 385 659
62 384 639
0 31 636
87 81 316
1 426 753
13 413 447
76 46 826
32 550 995
45 10 133
96 430 762
43 747 931
78 284 874
38 836 881
40 571 590
54 522 561
93 164 190
43 622 706
88 335 714
31 138 616
24 59 512
0 847 944
13 656 832
30 291 352
94 296 421
23 361 768
22 35 134
42 302 379
36 501 880
50 73 710
13 953 971
98 65 538
32 611 792
50 162 444
74 299 719
33 696 934
64 73 469
17 846 865
31 51 647
34 156 445
98 769 886
1 769 848
84 188 536
7 365 634
60 141 626
10 201 347
32 32 222
86 585 625
69 345 353
0 71 368
31 175 488
61 346 717
67 163 700
71 116 322
38 542 805
20 453 734
34 225 230
40 666 984
7 827 951
6 214 898
50 663 987
40 585 907
65 623 720
73 219 992
53 104 567
49 499 868
34 104 431
23 26 535
64 236 834
86 394 828
15 625 693
0 245 801
68 87 696
95 598 754
63 122 820
19 23 72
58 53 992
100 524 966
9 62 981
84 301 524
73 236 954
69 683 877
97 290 293
49 462 777
36 132 661
14 81 639
77 546 930
70 142 763
28 271 634
54 1 561
51 100 142
74 666 834
42 255 828
20 320 985
42 169 418
6 126 407
98 49 464
44 345 970
16 156 644
41 538 559
36 415 912
50 130 294
24 81 86
78 77 235
77 119 385
1 548 649
0 782 833
32 428 897
1 325 800
99 702 842
61 216 730
63 533 651
53 297 720
98 239 779
90 7 804
97 671 850
15 79 525
71 630 985
38 899 974
14 3 816
3 64 486
92 67 828
89 566 931
63 832 983
56 291 813
24 449 803
49 127 498
97 216 294
92 419 438
77 71 425
73 329 346
1 222 484
13 350 561
15 884 906
91 314 787
17 235 410
77 840 971
48 669 857
41 23 593
87 384 736
30 62 500
72 101 136
67 574 907
17 210 246
81 940 982
3 102 408
97 85 220
14 356 561
14 453 801
98 399 689
7 305 570
22 558 844
80 320 876
10 191 947
92 347 468
6 81 480
2 208 720
20 426 700
65 15 511
33 233 766
34 238 721
85 704 710
22 51 542
59 345 428
83 697 911
78 99 684
35 132 571
19 536 904
53 415 610
75 631 918
68 414 433
52 133 462
70 518 646
29 806 819
91 247 722
21 395 789
1 228 836
74 206 676
52 255 643
18 391 725
70 366 755
40 23 845
97 411 510
55 553 875
9 371 698
43 268 342
11 66 969
51 656 728
48 138 284
64 163 550
55 36 593
87 535 931
