700 200
330 441
480 399
247 549
561 485
129 86
679 296
42 278
144 11
71 615
37 603
609 315
522 354
400 339
391 396
324 370
478 698
32 400
661 131
245 657
134 318
21 676
476 693
271 561
296 286
78 504
615 470
43 427
41 688
141 461
16 68
396 585
129 386
231 585
396 511
371 36
451 74
407 16
134 250
2 361
378 440
184 74
653 173
391 333
326 614
430 536
345 211
292 187
47 57
33 221
196 124
302 91
402 597
126 462
583 247
321 486
355 498
419 389
673 614
460 631
578 481
432 398
38 647
45 57
266 321
677 376
207 200
97 427
437 572
584 658
292 354
210 221
472 639
328 327
6 650
439 349
273 445
126 337
161 210
266 2
613 410
175 24
283 376
528 602
27 538
31 128
6 364
120 440
588 545
587 53
559 243
161 308
299 581
329 185
323 527
396 596
306 348
185 588
418 2
60 461
580 176
521 637
53 456
556 264
686 579
599 118
482 70
135 684
635 348
146 520
187 631
128 265
30 319
163 432
528 139
18 202
88 653
670 295
426 409
544 454
283 185
591 273
365 51
147 505
63 414
140 564
637 479
54 366
456 159
491 684
307 214
481 190
219 636
469 357
23 617
28 75
212 89
279 118
121 99
237 368
261 470
453 24
198 560
170 64
637 394
191 591
117 81
221 209
90 483
229 571
671 328
53 61
26 275
564 344
362 85
541 387
568 233
617 622
412 482
121 499
387 50
91 689
373 57
267 663
172 151
696 94
294 143
592 615
689 683
691 528
433 250
584 590
642 92
387 296
70 347
81 391
57 568
339 512
383 293
77 361
195 538
118 534
273 223
519 204
287 580
171 1
228 629
313 593
426 209
13 452
58 602
8 607
233 580
368 269
437 91
693 482
193 17
99 408
24 42
549 623
382 586
