550 200
79 99
383 250
92 480
107 342
0 306
185 365
417 102
73 509
150 212
267 133
177 411
281 105
278 252
285 251
38 432
195 194
335 287
420 429
305 548
395 487
380 137
451 199
62 40
207 92
354 541
97 223
210 357
86 393
237 192
75 367
455 473
454 137
53 39
184 353
203 155
165 50
478 184
422 148
48 389
152 534
223 506
14 125
74 111
81 17
336 494
355 73
536 445
402 548
347 92
291 332
469 2
52 205
320 357
317 241
388 60
177 91
342 508
282 419
471 65
504 516
57 288
391 182
437 378
302 522
138 407
524 370
487 366
202 31
238 220
190 405
135 348
154 468
359 251
198 461
393 152
434 347
404 464
500 364
194 72
303 210
509 63
152 325
446 8
345 377
236 158
239 430
369 420
307 65
328 137
511 548
184 214
548 103
220 358
208 397
227 154
466 168
309 476
357 349
272 370
57 175
66 157
213 310
187 223
381 95
417 54
289 465
448 245
99 158
498 435
63 161
206 251
465 481
503 120
38 342
106 156
490 246
246 164
239 22
181 451
177 378
368 123
118 377
27 75
202 69
471 370
544 533
302 55
506 456
79 154
122 479
386 373
166 233
412 399
385 414
8 363
305 179
22 226
413 517
253 328
125 296
281 394
107 41
68 93
480 464
111 92
398 162
388 406
91 239
415 348
38 2
142 537
188 271
128 379
348 353
417 31
531 17
397 323
53 500
363 339
215 360
118 215
242 112
290 130
426 330
275 110
355 322
458 316
224 452
530 346
272 267
6 420
66 521
242 125
95 484
110 161
546 138
372 193
3 88
23 110
48 303
484 398
146 359
535 355
207 83
385 509
99 160
47 324
220 442
392 238
251 444
406 125
482 104
64 272
34 230
441 295
534 28
116 127
98 81
548 163
369 424
