150 200
27 141
41 66
66 44
18 68
133 117
126 79
42 46
131 57
142 126
112 75
131 10
122 24
56 110
43 61
115 123
96 31
116 6
124 71
100 50
55 110
91 33
96 25
0 49
65 23
95 74
17 8
135 53
90 124
133 67
137 28
48 110
81 95
47 22
143 83
67 74
90 109
85 89
98 54
139 108
36 145
147 145
16 97
119 115
111 100
68 119
9 18
46 133
4 8
61 148
2 53
23 96
42 87
2 22
65 105
65 1
134 66
126 6
49 40
147 78
104 65
108 12
143 147
71 143
142 79
52 22
49 112
106 80
68 110
131 15
49 78
61 103
142 148
102 120
72 138
117 140
23 81
101 10
0 30
66 13
51 145
37 67
10 114
130 30
98 143
98 70
140 36
48 15
70 28
54 30
68 100
65 137
140 44
35 66
27 20
128 144
82 21
0 138
24 16
67 4
6 27
39 126
83 31
41 81
112 10
84 138
105 54
120 93
121 47
127 26
133 129
71 23
16 77
53 112
94 66
63 61
122 67
137 87
3 144
47 146
112 63
115 74
121 71
95 9
43 27
107 4
51 10
112 121
44 128
79 115
52 61
73 146
95 120
1 111
11 44
126 64
37 141
130 13
44 36
116 139
60 9
97 149
42 92
139 37
35 2
12 53
88 64
24 77
3 141
13 95
52 121
5 117
28 58
25 52
38 71
21 61
111 130
52 80
105 5
58 33
64 50
108 48
127 122
119 58
76 135
125 89
145 34
131 126
126 117
35 20
96 63
38 45
104 75
5 109
121 24
18 72
114 113
100 47
24 81
147 117
87 119
65 138
107 129
107 59
3 103
110 50
40 79
26 106
85 99
92 77
85 76
73 61
63 73
141 111
147 14
27 138
1 116
57 46
13 80
108 97
41 1
