600 5000
190 498
477 387
234 429
120 360
275 239
309 26
482 521
211 15
179 333
426 118
130 151
11 198
64 165
123 551
536 213
371 540
398 16
472 293
586 404
440 549
21 312
247 180
7 348
258 160
406 307
0 530
245 413
246 136
507 319
386 362
428 341
346 573
305 579
169 466
473 364
343 21
92 348
386 161
393 87
7 507
305 27
421 436
177 200
148 284
345 310
516 289
396 120
133 422
146 282
54 216
132 375
534 588
123 268
451 254
358 125
9 459
301 520
360 157
230 199
95 434
88 380
61 317
350 345
589 187
46 596
466 389
27 243
440 531
112 482
43 398
531 406
67 91
250 61
573 322
443 46
192 459
412 471
389 505
443 82
220 525
74 1
248 347
159 456
467 148
59 533
386 391
43 21
487 439
55 513
222 18
514 539
586 414
85 141
41 47
315 44
385 25
418 575
351 341
49 381
201 17
212 90
553 465
537 267
209 461
597 299
210 109
190 402
412 584
395 92
222 594
362 310
559 482
271 437
198 142
124 266
445 291
545 58
539 551
451 532
285 401
249 42
208 551
33 491
309 40
112 20
186 529
407 518
73 574
150 486
481 510
183 52
361 57
527 548
251 492
312 318
230 526
544 120
269 258
431 476
461 314
456 382
4 381
169 538
435 449
386 164
172 14
145 260
156 401
237 217
457 57
136 396
298 204
325 314
590 22
471 36
130 39
249 497
363 541
539 291
133 82
8 314
263 446
448 214
22 426
568 521
528 564
422 516
515 285
217 42
135 298
419 266
134 585
59 273
376 79
369 57
389 446
408 76
112 502
456 423
221 272
457 541
9 419
195 251
176 428
452 88
12 106
460 479
485 324
139 562
270 65
86 55
487 481
187 54
538 360
129 212
524 214
39 407
427 385
543 508
465 133
513 328
552 473
140 342
405 8
408 267
380 94
426 23
12 93
532 244
569 364
1 308
126 223
132 545
330 422
310 281
424 321
588 356
193 548
97 67
577 271
55 294
526 263
243 498
367 290
326 46
147 172
444 365
507 224
589 74
582 346
155 113
421 363
182 406
29 208
186 425
278 577
204 3
356 423
444 156
271 30
241 543
383 29
206 344
546 233
409 321
59 513
409 463
390 176
553 451
546 535
454 437
151 544
18 456
418 312
475 457
322 192
434 346
299 201
516 212
510 407
300 108
447 75
133 169
87 559
353 562
222 440
236 447
394 316
124 550
115 496
439 260
68 427
263 171
355 446
395 25
382 214
65 566
73 498
365 166
420 161
181 197
480 451
204 492
124 186
167 452
73 153
166 563
489 118
439 420
443 64
185 335
506 78
84 16
381 183
536 138
317 165
108 566
371 156
107 448
284 189
219 313
131 227
79 569
15 550
438 81
359 494
372 278
594 476
330 398
101 438
195 273
476 193
482 489
93 147
242 270
380 471
135 502
161 181
315 446
149 62
513 533
120 413
491 358
294 526
208 273
288 418
217 456
524 22
584 388
22 129
163 335
119 103
178 580
436 460
288 564
249 579
429 270
470 425
130 131
109 256
260 586
595 336
33 589
337 287
61 236
587 424
302 313
231 281
204 119
117 526
546 312
427 569
413 543
148 474
89 362
364 382
82 588
23 227
22 205
105 414
36 353
234 458
32 420
211 561
209 72
540 372
501 480
480 475
178 365
162 392
461 96
178 422
379 131
519 517
132 228
553 111
407 521
264 83
217 23
582 425
409 8
527 416
599 332
276 385
398 138
466 279
517 182
210 556
281 6
353 386
585 422
141 213
98 288
195 190
92 585
256 120
279 578
429 294
467 247
234 462
329 193
386 36
187 114
486 558
314 308
436 151
41 325
500 538
205 568
68 301
441 527
521 56
291 253
395 301
54 462
368 313
590 185
347 49
120 414
496 245
571 469
199 29
281 84
81 94
363 271
408 250
528 4
426 254
18 415
136 349
105 522
509 349
248 361
101 532
379 437
61 261
138 10
552 596
342 263
358 248
285 82
280 18
209 138
146 329
450 37
165 251
116 375
289 452
486 332
253 570
240 270
406 500
513 62
0 69
502 403
556 448
28 511
441 374
191 238
111 108
346 452
577 299
583 199
483 366
220 593
357 82
242 51
333 196
246 242
520 555
116 89
32 153
359 109
85 236
80 265
333 271
493 344
120 430
39 176
2 558
122 182
427 225
80 28
452 226
508 379
18 543
432 459
308 519
399 353
531 381
528 576
489 323
397 122
471 9
87 322
427 431
70 327
269 164
139 96
565 468
518 504
366 577
264 206
566 246
149 506
559 579
583 11
557 8
117 105
376 181
145 257
205 23
368 413
121 334
369 471
407 36
593 110
488 182
128 260
496 131
591 115
105 246
122 567
545 254
89 525
378 129
389 273
394 431
577 10
405 355
107 255
556 279
549 485
244 465
420 109
557 4
318 61
58 535
226 154
193 212
305 493
372 298
189 132
325 579
457 0
293 1
460 57
561 309
388 442
448 53
83 240
435 124
25 114
533 405
133 440
14 67
301 194
591 435
435 61
533 469
35 581
180 532
104 63
300 252
118 204
78 100
245 278
579 463
298 146
298 214
144 255
399 150
126 269
312 170
238 109
187 236
9 157
89 176
98 269
229 440
536 522
9 261
249 230
432 108
566 262
308 503
250 173
88 86
308 75
421 53
223 9
381 250
352 188
343 39
179 503
397 155
572 448
295 16
38 169
394 138
41 441
380 584
42 214
318 558
393 481
119 167
84 229
146 434
402 439
208 301
518 498
174 334
587 568
79 425
346 586
268 309
330 288
162 541
529 280
238 392
142 413
441 499
526 293
263 34
362 150
187 155
378 11
409 159
488 23
222 249
390 257
50 311
220 291
488 187
141 543
170 113
273 564
276 208
290 194
31 207
134 77
57 121
583 356
329 488
406 84
529 272
572 193
468 147
271 173
305 189
537 99
9 259
184 423
122 391
421 397
574 325
273 266
353 299
291 126
389 66
543 565
321 573
482 342
254 500
130 546
351 188
141 27
288 499
499 385
454 460
507 90
542 389
64 501
356 54
327 381
320 513
199 366
254 117
563 32
368 106
31 499
202 161
452 60
25 181
537 394
48 159
553 450
121 525
244 487
254 181
333 241
259 306
317 544
488 2
522 77
144 123
524 537
260 552
100 382
137 105
251 78
101 206
129 456
517 398
254 272
224 5
562 112
543 363
148 506
368 310
73 301
513 71
345 439
454 178
259 340
531 325
372 364
165 391
470 298
556 77
516 38
167 566
307 91
295 560
280 427
245 581
494 338
246 522
588 562
221 456
8 427
367 88
157 80
165 395
440 111
361 103
205 506
69 145
380 141
202 99
158 100
370 52
393 137
306 132
474 569
293 479
90 500
434 274
306 35
175 534
494 14
289 540
255 591
329 323
265 329
429 353
72 515
485 402
459 505
269 298
386 75
475 541
248 194
6 262
340 416
108 375
424 440
28 273
207 441
270 419
543 42
244 40
216 263
536 252
404 298
573 357
146 221
487 322
267 391
308 255
255 447
328 189
166 106
13 496
254 125
79 34
24 281
328 335
51 83
233 366
289 318
353 272
97 521
133 37
449 221
420 176
323 400
337 529
79 75
194 161
45 252
268 82
534 14
376 88
445 220
320 94
400 417
192 520
527 186
428 340
361 182
203 65
506 255
458 326
476 142
592 572
349 426
70 492
390 283
499 67
264 10
24 306
171 415
102 377
41 401
259 50
60 394
420 216
19 249
16 428
211 84
30 203
116 216
239 487
366 42
461 23
43 474
349 428
260 344
536 280
113 11
139 219
245 215
554 30
213 129
520 183
471 561
309 51
177 549
8 190
320 444
548 147
146 136
427 84
35 528
581 38
360 517
54 402
1 554
122 595
351 357
465 315
365 124
179 459
262 21
54 59
82 222
421 542
68 127
20 375
456 547
102 449
298 49
314 587
42 545
518 375
404 459
332 135
414 30
226 213
314 104
290 584
453 199
84 374
465 248
373 57
332 93
74 577
2 469
207 475
230 215
376 310
445 571
11 96
231 306
452 538
400 54
366 503
581 341
569 319
329 82
493 316
146 235
349 60
144 470
435 437
62 524
331 402
424 157
156 431
362 55
298 441
593 503
164 131
109 482
202 441
241 214
403 580
451 124
175 202
363 371
550 35
305 428
452 150
279 329
265 224
24 520
281 481
147 555
399 55
402 205
442 146
113 332
569 489
321 185
50 222
362 25
291 284
210 3
536 61
231 2
466 270
383 357
321 379
373 319
11 47
276 436
154 304
277 138
345 253
564 140
388 198
296 52
68 14
51 76
594 167
143 356
540 298
490 106
553 304
276 232
31 340
515 205
348 173
302 467
227 448
348 269
519 383
540 428
593 200
569 317
436 469
101 237
545 124
90 502
173 50
447 527
246 203
455 381
248 11
461 68
22 548
419 27
468 158
182 485
86 49
184 582
398 387
304 599
101 355
190 309
77 531
312 359
336 247
357 425
217 514
433 559
207 530
394 377
474 379
158 575
307 80
153 336
267 350
444 379
475 525
57 481
358 576
288 326
82 302
47 500
390 429
389 88
104 21
527 445
438 266
459 552
532 169
432 409
389 197
232 287
518 304
173 184
20 379
48 21
344 312
429 212
20 210
199 568
418 297
29 100
547 254
200 26
57 590
530 248
336 519
556 406
579 341
67 241
354 557
24 396
87 224
542 83
267 198
411 232
463 346
345 204
276 82
46 68
378 485
521 500
494 46
261 157
517 446
590 293
262 330
169 148
412 419
198 293
257 77
421 227
265 362
308 201
326 424
428 384
146 188
263 91
5 347
193 402
165 101
323 587
278 134
432 20
22 159
228 379
258 419
65 559
76 23
359 239
211 64
233 26
134 238
434 565
62 363
408 387
569 412
152 273
465 523
417 557
597 292
65 186
382 275
289 20
465 406
12 503
506 69
577 560
163 249
559 298
47 579
533 141
31 154
184 386
578 573
370 392
538 5
65 27
240 447
538 510
236 240
392 287
504 533
160 558
190 149
438 478
404 582
540 527
285 302
397 347
122 33
275 431
122 253
465 372
181 224
561 583
399 451
5 579
118 308
127 30
258 456
332 583
61 219
563 484
192 361
504 362
112 409
420 351
357 98
103 61
540 31
125 179
242 540
18 25
95 336
381 83
299 76
32 546
283 18
504 313
317 116
3 472
167 283
518 207
420 321
323 457
568 83
583 24
576 521
215 325
453 5
445 421
475 585
15 117
302 518
136 428
250 366
202 216
34 564
598 348
478 145
56 79
211 138
499 250
491 267
182 532
150 583
153 496
72 24
339 517
532 538
46 528
541 60
599 376
489 257
39 427
587 419
194 394
130 527
52 149
29 457
369 446
530 412
319 163
87 349
102 591
78 519
27 207
352 84
113 208
291 46
551 128
406 321
481 173
131 88
551 108
363 353
75 9
557 311
588 323
554 332
415 91
335 19
477 109
599 29
307 0
448 325
329 503
545 125
327 354
484 569
377 397
408 114
569 224
165 77
366 7
112 22
252 191
75 509
193 4
378 450
523 365
433 225
515 377
334 555
71 561
142 575
422 274
262 373
221 82
408 356
230 508
544 165
281 535
430 563
281 48
185 322
445 268
562 473
568 325
548 57
19 305
287 90
488 515
199 182
327 212
590 508
410 356
571 202
489 510
483 127
571 118
139 539
459 461
203 556
37 311
39 549
88 521
223 129
344 256
203 463
0 238
312 433
201 532
257 75
499 116
473 454
175 178
328 362
247 537
180 542
261 119
573 406
98 172
36 285
325 469
529 502
565 392
280 537
110 304
21 592
492 450
328 288
599 371
64 146
324 22
281 74
7 386
512 322
173 531
591 567
231 453
586 31
384 12
248 547
467 510
269 188
285 502
512 435
345 242
573 169
126 270
545 158
512 386
10 232
156 558
216 209
433 561
80 378
95 561
181 493
188 421
360 372
95 399
133 372
323 366
530 174
579 441
234 278
88 292
420 343
280 311
321 568
557 583
263 9
500 392
325 77
253 76
230 164
572 124
212 97
380 367
133 203
172 227
409 575
424 388
339 231
180 262
565 117
186 69
188 219
160 473
188 45
179 496
498 577
514 24
346 167
242 254
357 236
579 40
122 223
157 409
118 500
508 239
66 294
592 176
419 207
67 304
123 330
528 28
21 307
201 564
580 181
504 65
396 168
334 432
563 275
474 511
68 386
392 496
328 6
227 543
419 265
279 296
494 130
95 261
387 512
568 543
199 376
61 538
181 274
116 90
549 147
547 8
156 268
354 200
81 598
423 345
317 2
477 496
179 38
161 402
565 481
310 327
591 96
316 203
27 77
497 401
93 468
177 229
121 569
22 27
295 190
190 396
265 153
263 538
70 567
258 462
558 34
505 392
590 219
422 258
74 308
405 228
178 33
176 485
481 331
458 174
363 236
222 557
443 357
177 201
321 115
577 510
485 19
516 328
46 342
397 4
307 488
140 392
406 367
234 355
412 527
585 380
119 146
322 229
106 113
250 140
75 336
327 583
176 242
13 26
319 393
149 312
2 258
390 583
493 142
551 47
551 467
582 34
403 553
442 56
292 41
203 342
445 173
56 223
223 110
215 313
156 21
299 285
301 174
401 222
310 595
121 336
83 45
593 536
275 50
189 394
189 515
421 181
221 119
323 417
408 279
314 276
104 501
597 18
239 98
82 278
171 85
570 131
531 338
128 539
532 111
103 257
302 455
201 333
173 16
431 58
421 206
184 314
442 217
298 200
508 319
544 375
235 8
77 26
514 68
200 599
450 225
229 22
135 592
442 461
272 32
517 362
142 398
233 211
116 268
341 44
352 400
509 364
440 215
383 423
403 73
121 436
316 513
256 293
84 185
152 584
216 343
576 70
19 584
229 537
209 589
90 365
507 418
371 80
174 543
182 127
233 288
256 218
325 191
223 125
265 492
140 413
263 273
422 457
176 353
485 573
43 335
68 332
395 240
145 532
128 143
472 438
94 593
450 286
514 12
542 538
547 574
560 495
174 151
379 576
495 137
320 112
571 164
393 394
85 149
325 490
295 211
82 335
597 560
113 354
414 217
520 205
406 520
418 157
264 282
236 310
233 133
547 185
71 123
238 556
309 162
67 341
312 333
433 313
303 289
114 561
366 135
418 43
60 532
112 13
555 418
502 365
293 375
3 148
537 180
434 480
232 501
304 384
288 398
479 280
552 566
59 126
584 396
518 41
367 122
276 310
502 394
124 503
432 328
203 146
270 559
332 84
63 318
522 496
305 415
523 473
273 168
325 46
86 333
1 141
362 233
499 589
76 378
122 394
510 251
33 448
581 488
557 295
165 415
337 448
448 314
267 239
38 462
124 592
170 509
546 525
400 64
179 91
135 371
75 261
165 524
324 380
377 266
343 305
159 149
386 405
53 508
104 253
372 246
549 175
533 87
408 390
248 350
575 342
570 452
122 475
4 567
438 199
292 127
51 534
215 192
359 391
369 298
272 7
36 140
219 59
403 207
534 202
322 37
348 21
126 227
226 63
468 366
198 413
448 174
465 338
287 593
548 166
552 401
396 429
520 118
490 93
90 22
508 285
241 123
381 10
597 407
252 156
44 216
512 451
241 10
28 510
356 24
11 285
561 151
489 491
194 35
307 341
319 55
109 488
279 256
436 486
142 228
281 153
413 529
197 432
324 74
102 148
138 115
567 30
251 144
216 569
139 574
91 497
535 31
154 267
321 235
251 92
480 11
311 227
417 229
214 212
486 584
583 415
366 251
101 494
501 108
126 329
224 149
92 141
552 241
111 195
430 258
444 270
68 412
485 419
413 233
15 267
432 381
235 310
332 474
116 516
229 282
255 329
506 273
139 357
380 152
83 151
387 53
206 565
32 589
432 521
366 346
526 24
396 55
492 272
310 225
304 263
356 443
134 395
439 502
233 599
87 105
163 354
479 410
119 109
226 215
428 41
311 1
432 101
534 397
428 505
452 495
118 2
97 136
570 484
189 289
447 261
111 236
530 407
30 504
495 198
58 43
158 400
99 205
116 389
592 492
20 98
317 324
481 211
94 291
383 473
284 115
339 241
158 520
503 504
535 328
128 465
495 317
204 344
423 424
214 423
412 423
121 375
579 485
262 224
522 1
75 340
111 54
478 388
126 148
559 232
503 297
415 390
370 554
449 197
433 229
307 151
207 156
315 510
368 357
27 199
85 523
239 308
156 60
484 504
258 89
210 376
268 540
348 513
441 451
496 64
368 49
328 220
17 518
2 53
284 27
511 314
110 575
257 38
42 156
204 443
8 556
246 341
75 456
384 401
346 567
247 133
572 266
542 489
521 235
65 539
53 433
459 294
236 515
408 556
464 559
566 477
449 239
253 17
148 170
531 110
132 517
416 476
502 451
469 206
590 309
223 37
335 343
464 598
513 422
558 248
424 263
219 101
564 453
170 268
129 509
181 276
251 267
345 299
537 101
288 253
578 280
402 310
254 167
175 14
36 39
151 435
30 85
20 539
119 85
285 594
455 298
524 244
539 522
30 585
161 230
254 151
492 417
151 462
254 536
522 535
495 539
146 245
295 197
555 103
111 452
160 104
369 145
323 256
24 161
38 103
254 150
153 371
395 514
64 58
410 195
443 467
94 583
13 550
23 128
550 224
490 271
518 396
136 415
494 510
443 185
567 585
489 194
203 340
480 30
344 60
510 354
266 470
392 583
96 146
312 420
259 545
252 95
548 2
37 503
102 388
194 384
528 370
175 591
66 364
595 467
214 341
594 79
197 523
377 437
221 420
441 254
328 545
36 348
199 399
443 347
193 154
56 434
255 499
201 191
194 498
565 572
149 344
318 62
43 242
570 198
228 297
14 505
335 436
524 209
6 523
361 53
193 482
303 557
295 501
512 393
22 505
28 531
291 239
1 536
413 567
550 308
183 571
249 528
18 204
80 10
310 527
341 70
272 94
175 535
404 238
534 285
319 85
411 476
65 320
20 226
155 305
219 327
66 160
418 532
227 73
287 4
381 271
97 553
285 379
169 160
263 57
568 43
244 217
248 432
526 558
361 170
186 74
490 473
375 439
381 552
498 270
445 398
584 581
29 532
590 15
18 126
248 241
242 53
474 188
331 23
447 150
229 488
458 415
222 556
110 279
185 315
242 290
341 415
57 289
399 236
452 475
92 579
410 49
232 572
321 255
198 564
83 197
7 210
261 77
132 581
45 517
170 538
14 33
182 38
305 291
158 423
60 562
499 181
208 176
359 160
312 102
552 219
96 185
597 459
147 65
371 181
135 11
91 448
396 177
453 445
144 273
299 292
113 55
211 499
354 426
404 472
83 227
558 196
99 413
376 65
105 12
503 425
46 262
167 494
365 451
261 523
576 74
104 105
34 453
464 201
294 69
353 203
200 356
44 598
482 154
565 210
484 493
33 123
508 326
515 75
331 119
79 380
114 247
333 385
185 11
435 262
204 304
296 289
500 578
533 14
319 116
119 241
418 574
47 427
454 302
229 514
1 362
275 439
495 301
144 270
472 23
401 412
404 532
449 103
262 382
498 282
487 88
423 586
409 438
259 256
113 239
447 239
462 295
130 106
15 191
426 429
76 596
552 151
335 533
42 97
238 530
9 383
138 164
441 553
231 41
503 69
403 526
431 528
176 213
128 376
479 496
398 442
142 529
139 273
467 313
362 301
571 537
596 487
200 285
574 399
385 435
487 327
404 564
232 542
2 316
449 124
361 122
451 349
35 224
174 413
183 217
233 527
194 357
473 599
416 506
259 539
412 152
238 536
528 397
511 182
31 590
268 125
462 374
365 217
500 39
70 111
203 106
415 355
520 352
511 17
453 541
63 49
150 317
549 94
125 533
466 212
79 426
255 291
599 119
188 18
599 240
29 129
407 168
71 381
376 546
189 75
285 442
574 344
538 558
583 85
5 373
208 45
346 546
99 576
49 470
236 408
40 223
410 278
511 492
208 125
559 369
263 576
252 596
125 273
385 245
364 463
564 95
402 305
353 482
346 272
93 13
331 238
530 23
508 168
23 545
270 125
328 290
97 139
224 226
0 187
147 534
356 27
550 548
444 598
175 127
413 395
132 275
168 409
213 6
306 229
505 9
148 567
430 535
12 340
537 186
33 40
406 551
580 7
467 187
408 222
126 328
278 594
118 110
237 152
513 93
540 97
558 205
449 557
518 572
139 47
338 399
139 318
329 485
390 368
164 263
154 377
14 316
407 237
233 222
422 17
288 590
25 272
454 13
529 454
427 156
352 92
30 173
579 533
2 234
76 325
348 557
477 107
220 507
460 65
532 191
375 449
223 338
240 323
294 338
129 100
240 106
179 348
277 239
317 235
474 52
397 407
264 260
140 385
482 423
114 17
129 518
386 96
410 65
345 571
587 533
487 586
551 349
525 107
540 221
504 582
545 299
140 219
439 343
578 299
50 282
122 117
532 535
162 361
513 199
331 81
95 513
274 164
236 24
117 89
302 103
367 170
390 193
354 576
570 524
552 240
492 534
101 464
146 579
129 33
97 266
252 68
14 60
242 371
5 297
110 312
162 9
76 387
172 545
481 171
360 544
328 219
171 91
117 533
131 233
466 431
265 263
251 454
371 13
567 590
400 149
47 505
439 139
452 369
55 19
544 75
183 424
55 422
328 205
121 390
271 74
279 379
562 498
218 478
571 18
235 149
107 103
141 242
557 116
239 342
420 95
340 271
47 329
475 228
127 445
247 476
324 449
165 403
586 360
495 238
535 4
447 3
527 570
415 391
233 343
400 476
417 380
281 23
94 160
86 403
140 367
62 28
541 413
523 198
290 149
577 518
58 321
294 397
499 92
245 393
24 461
134 92
133 215
264 6
199 375
397 559
163 27
180 44
16 583
453 225
297 422
51 394
214 404
573 308
409 381
501 580
320 461
433 586
294 546
308 515
373 530
449 318
189 358
395 571
333 121
120 33
502 590
217 438
33 498
220 360
558 112
519 207
83 332
182 533
344 84
576 232
249 105
219 593
403 96
424 510
214 144
334 57
236 575
564 356
72 212
127 440
104 288
599 100
212 395
168 456
589 487
222 524
401 250
409 468
11 346
290 119
31 453
63 278
556 44
253 350
399 513
237 41
186 216
444 207
28 177
307 12
561 10
506 599
5 212
140 331
514 378
61 382
316 585
409 261
453 140
548 526
87 102
289 577
503 393
43 430
26 94
259 536
124 300
302 404
246 186
154 37
507 419
155 36
38 560
348 23
396 412
464 485
302 253
235 438
481 267
280 451
317 281
26 270
254 528
177 130
435 516
395 378
13 369
414 515
409 298
385 136
574 228
446 347
95 128
282 198
358 3
158 470
134 105
248 439
376 369
426 195
300 70
240 223
156 49
412 22
567 6
354 171
296 539
66 570
406 32
277 514
21 345
48 213
570 420
261 320
158 448
95 359
550 233
105 499
576 409
30 182
496 494
536 181
193 453
238 56
180 470
507 266
192 17
363 177
65 220
133 420
187 555
89 466
568 514
63 107
107 535
467 14
343 498
92 243
448 185
133 417
459 207
412 263
209 289
458 310
450 21
10 124
474 524
554 87
193 518
350 473
58 181
297 399
458 360
134 572
218 508
209 184
525 411
405 299
303 537
29 85
4 487
536 362
504 241
2 387
457 488
62 245
53 266
435 575
232 296
242 22
494 254
203 526
443 125
589 76
313 439
144 303
106 384
213 62
390 156
203 378
428 184
577 88
124 568
97 390
172 455
492 565
70 321
211 267
345 85
201 521
398 365
321 227
100 151
425 156
138 487
220 224
275 133
547 407
275 552
211 315
523 99
389 191
63 256
42 456
258 352
124 35
326 403
84 478
109 597
343 201
352 327
74 215
247 553
510 173
4 111
189 48
180 426
569 527
219 595
372 44
296 190
211 150
167 475
425 422
594 5
224 294
475 178
298 72
313 274
563 241
260 404
0 283
451 138
455 191
491 582
247 194
25 414
215 437
225 251
118 310
128 328
101 370
405 143
515 178
19 515
147 99
336 403
61 57
238 157
88 141
194 258
497 230
322 157
228 258
514 118
282 477
213 217
49 349
199 413
347 188
357 52
28 252
108 444
60 277
214 236
54 471
237 499
58 588
524 58
61 582
261 64
572 505
439 190
230 121
411 20
536 472
506 219
98 83
135 458
108 76
468 5
172 391
573 177
589 255
64 281
445 323
547 158
20 167
126 586
137 353
18 427
407 512
270 442
124 98
298 65
241 53
401 594
521 443
128 394
180 236
171 94
460 417
60 386
574 160
116 197
492 456
223 272
190 221
45 119
365 453
11 328
128 569
535 74
505 51
438 268
231 35
24 548
366 497
117 302
171 446
397 131
39 77
20 216
572 162
373 114
296 83
113 115
286 461
310 436
378 175
489 275
552 488
123 188
569 436
392 329
465 349
519 441
292 146
277 190
475 156
67 371
558 599
286 56
485 136
301 164
255 299
110 561
588 120
301 399
403 19
235 432
596 183
141 313
177 342
415 457
91 425
21 235
381 187
575 428
57 285
45 388
39 286
426 510
533 16
472 210
326 517
527 231
377 497
275 190
130 33
431 392
207 306
368 546
49 110
411 413
50 298
516 213
252 298
490 280
318 140
312 448
505 281
358 2
581 507
34 515
78 263
34 591
80 15
489 268
469 160
92 447
164 168
150 417
519 434
174 394
132 41
360 77
71 219
448 519
133 205
491 515
495 204
336 206
530 39
95 377
67 250
92 550
220 18
253 251
185 221
124 302
334 447
149 241
281 252
489 259
549 158
454 27
83 177
106 360
596 516
521 401
543 69
164 7
209 456
486 304
119 161
504 486
500 345
485 474
474 280
100 123
175 274
64 462
120 311
174 536
407 441
70 564
399 154
156 375
291 376
307 265
55 568
150 18
531 353
477 339
173 416
211 166
519 46
393 420
517 545
332 52
82 245
74 414
320 412
485 360
25 415
355 375
189 435
178 156
308 62
574 270
395 314
444 447
109 187
562 192
121 294
381 317
479 375
404 398
222 546
121 592
38 210
83 529
199 315
573 523
507 122
564 254
531 439
561 477
391 129
408 493
556 559
250 58
538 136
52 19
278 256
409 277
240 557
486 171
197 393
543 185
552 419
70 397
194 493
382 514
493 215
599 456
5 506
491 353
238 544
133 255
104 62
137 81
544 334
288 445
201 73
387 501
415 174
597 580
123 338
32 161
493 30
353 595
157 461
115 296
101 413
460 453
484 83
120 248
414 592
387 424
447 82
328 168
42 159
479 179
461 551
272 268
380 329
549 186
436 208
307 2
85 157
64 582
107 162
20 353
455 259
60 498
496 359
421 497
435 208
387 547
287 521
397 432
291 488
198 7
468 470
60 178
64 352
349 502
579 387
458 534
270 480
343 61
210 535
317 480
479 565
192 359
552 543
331 352
32 583
227 521
277 588
475 164
403 21
285 99
379 426
171 405
321 402
125 18
52 462
105 71
176 432
345 277
474 75
380 89
34 209
67 234
448 558
134 504
410 109
375 524
228 148
452 584
133 143
578 545
128 76
38 450
598 113
201 487
19 473
93 247
84 303
332 51
380 60
435 236
39 531
209 337
15 78
439 408
500 222
209 88
103 207
568 435
597 159
363 494
325 459
547 395
560 536
208 528
545 582
132 94
373 51
519 218
196 87
591 173
558 524
43 207
243 297
444 415
492 540
512 509
291 592
563 270
596 240
469 433
560 331
474 27
71 300
369 336
65 177
381 507
524 138
273 505
192 309
31 504
300 164
429 424
505 555
361 42
136 410
575 571
431 410
170 156
226 235
447 293
152 36
115 163
162 264
194 92
514 176
167 172
307 570
220 37
240 234
396 213
531 214
429 137
242 349
8 593
70 115
479 495
248 500
251 493
39 179
253 59
455 282
107 72
30 121
324 439
498 524
57 577
439 284
360 428
283 217
107 12
361 460
263 15
122 497
524 402
155 554
535 441
183 366
11 376
563 183
588 271
61 335
424 85
87 53
224 7
61 21
374 587
2 590
26 189
46 469
66 154
85 292
273 190
5 325
13 117
51 188
177 323
406 54
365 143
297 4
361 445
54 124
490 196
348 159
126 576
491 587
499 427
447 237
553 121
139 266
467 587
110 119
85 294
77 219
66 327
223 25
558 315
25 263
543 204
511 9
32 333
106 406
139 480
127 322
494 558
534 376
151 4
543 357
114 125
102 122
570 195
260 468
526 533
213 514
182 283
584 246
410 493
301 0
132 520
104 440
197 559
422 207
152 110
270 350
505 489
185 488
550 532
42 335
455 215
596 199
0 534
284 177
555 134
435 599
308 381
269 230
344 147
291 339
139 593
551 504
213 319
348 231
484 387
278 122
394 373
563 403
549 164
364 192
151 401
500 144
433 277
146 403
195 6
258 262
152 317
591 64
513 592
321 262
359 253
464 395
225 97
101 285
442 133
393 475
397 401
269 271
232 551
452 170
591 384
537 357
50 117
547 75
229 4
236 574
148 30
84 191
26 288
334 254
550 181
287 401
313 471
294 460
18 355
523 487
95 569
65 204
26 396
565 34
176 123
491 157
185 203
50 367
415 141
579 122
243 463
169 577
90 263
74 140
203 148
474 361
515 482
115 595
354 530
531 183
177 324
195 102
70 493
200 361
467 483
216 410
234 296
41 355
326 145
331 125
95 556
251 599
2 142
433 42
324 90
269 275
156 505
564 4
300 571
376 564
439 318
362 54
424 452
462 28
179 374
71 298
342 337
321 330
15 355
269 289
455 270
302 424
429 12
294 447
405 279
203 397
132 258
63 355
168 420
325 415
230 313
472 44
25 306
592 117
150 539
422 542
463 305
306 443
160 68
68 113
327 368
46 369
184 300
257 528
401 393
425 403
309 411
124 136
412 53
170 275
176 118
337 559
67 245
8 351
304 589
527 139
355 571
227 459
504 246
206 297
222 429
146 431
82 450
376 289
99 126
557 404
22 279
425 183
4 315
502 536
510 93
265 448
79 93
531 6
524 392
533 585
123 407
40 380
568 267
76 314
449 379
315 433
89 79
517 526
88 14
587 40
47 290
189 238
452 228
286 484
265 312
307 118
279 546
125 13
288 216
87 176
11 217
84 341
82 299
266 270
465 239
296 492
547 358
85 0
203 371
155 126
567 498
455 103
428 525
25 463
377 564
550 280
458 59
177 590
212 379
21 492
596 377
137 38
427 213
17 174
523 304
576 227
542 214
32 191
496 582
336 586
351 454
477 252
36 143
52 133
507 73
286 523
370 413
167 526
295 449
234 434
100 545
371 110
238 92
122 364
410 296
552 413
284 447
230 481
191 289
161 151
394 233
207 315
274 87
343 404
98 409
201 341
300 497
470 349
258 234
79 303
473 334
254 351
472 454
207 387
549 550
32 328
348 327
72 84
587 512
509 312
394 469
192 595
97 455
457 141
593 418
118 480
198 432
22 132
275 540
544 45
554 98
335 243
194 262
329 261
47 302
513 145
585 151
285 563
47 76
288 231
452 110
231 200
539 52
474 495
425 533
309 382
74 517
525 164
59 490
69 190
6 453
349 528
489 340
593 551
143 37
443 198
141 39
506 465
62 139
33 554
101 475
316 198
266 181
396 37
544 54
376 176
261 147
101 293
136 155
485 375
285 191
87 217
260 165
376 31
86 399
40 590
1 211
544 365
430 412
184 261
426 138
116 591
48 491
519 559
12 67
103 176
268 564
170 308
164 491
313 277
490 312
419 186
137 121
237 359
431 84
184 525
400 560
583 183
75 392
264 289
285 328
186 407
235 201
55 152
455 456
515 533
136 337
414 99
66 580
35 415
598 11
594 231
419 374
520 222
0 332
131 487
152 316
283 594
14 224
186 94
239 454
21 139
223 206
458 368
581 415
303 48
47 87
198 102
77 346
512 581
266 23
451 8
168 461
394 123
492 545
296 227
332 53
231 58
583 105
28 426
153 222
417 177
177 347
262 343
196 177
152 462
103 87
379 71
502 334
50 349
273 534
380 430
569 418
21 439
118 216
595 555
275 555
366 212
246 505
406 454
396 2
172 562
99 164
88 585
553 89
507 247
372 3
148 219
536 484
295 282
488 467
40 438
146 560
285 265
265 398
527 425
593 182
250 328
363 560
591 277
595 39
237 191
85 582
230 238
435 299
186 483
160 350
569 135
274 148
327 506
274 283
457 506
260 164
116 392
416 542
291 388
154 12
359 7
175 256
317 345
510 419
266 137
279 475
500 250
314 329
502 152
553 52
285 355
463 348
557 35
551 463
166 554
155 125
6 169
105 200
68 83
224 338
145 325
88 140
326 305
413 583
435 503
233 13
285 397
157 508
154 347
410 464
497 11
339 20
410 416
464 62
257 565
400 571
272 132
371 187
341 336
84 512
174 74
433 198
315 246
359 471
89 452
228 1
98 100
599 499
284 261
144 364
557 302
183 497
409 387
444 143
329 64
418 219
305 148
588 447
471 148
440 227
46 50
23 44
574 585
60 361
461 295
122 365
361 350
301 585
518 343
567 501
558 312
236 377
187 172
336 179
215 203
244 395
588 65
281 32
424 462
101 52
379 380
50 500
308 510
418 560
400 43
575 226
510 496
590 178
227 567
334 575
369 312
188 363
351 109
80 116
66 195
11 553
406 356
131 329
512 405
319 545
547 51
395 466
187 591
553 440
133 358
238 242
32 267
411 187
52 398
105 11
178 554
62 224
1 298
202 324
257 1
24 200
241 162
166 536
341 172
341 590
79 314
475 397
356 419
319 444
525 418
178 491
40 471
525 44
168 374
382 592
155 426
296 345
440 140
146 433
141 204
216 85
347 554
20 509
299 586
277 413
107 382
223 344
268 107
313 216
126 26
66 34
565 501
573 490
184 320
549 70
325 39
544 55
295 265
141 480
376 406
275 338
495 374
593 468
32 234
312 218
56 162
524 520
176 464
164 594
368 581
321 389
132 63
275 184
421 35
72 240
474 16
565 317
453 407
167 404
138 196
235 582
432 143
584 176
468 70
412 182
494 30
359 165
516 171
185 230
211 378
340 288
33 57
90 173
434 86
71 384
94 15
510 314
417 485
75 232
556 40
118 561
2 380
561 504
575 345
305 142
337 377
330 408
299 438
38 188
441 436
108 125
112 292
449 301
456 376
400 209
471 536
290 529
100 13
436 100
454 566
49 56
427 394
317 175
588 293
381 17
598 251
169 445
166 513
173 291
112 544
190 1
413 506
570 483
591 342
555 547
6 96
158 261
5 560
180 109
14 30
28 539
160 318
296 116
224 158
461 199
386 150
389 433
335 287
38 96
432 427
519 390
149 21
9 168
494 513
583 431
349 205
104 185
433 589
574 576
120 545
481 61
573 142
583 128
97 480
6 111
331 388
365 556
548 473
26 409
452 435
515 226
222 152
409 455
267 127
416 347
253 597
225 417
562 460
230 69
179 548
525 26
419 482
98 307
430 200
177 391
125 156
582 371
216 470
493 274
328 347
99 574
95 351
109 450
66 555
337 555
183 508
556 447
472 190
126 545
572 595
350 351
385 82
255 211
144 80
154 236
76 196
206 33
104 319
3 398
422 367
322 12
365 584
541 349
578 421
580 282
47 57
374 599
61 516
596 520
304 380
423 286
148 70
363 391
254 365
103 32
419 384
66 177
231 43
371 167
162 111
434 87
265 75
302 556
464 12
353 404
393 423
122 51
570 575
288 397
513 257
282 590
80 78
133 472
417 490
260 384
498 47
440 207
335 570
489 527
201 38
398 504
473 189
484 540
313 366
296 393
216 277
232 284
258 568
515 501
542 229
509 78
401 535
11 512
276 586
242 307
395 41
245 512
149 583
437 138
373 372
318 330
173 377
21 217
523 266
517 239
491 189
23 72
195 76
157 5
313 34
548 154
184 332
363 292
150 30
180 324
75 312
384 113
500 79
375 118
511 411
370 297
547 468
268 140
233 351
109 326
234 388
0 426
386 464
446 130
85 392
265 416
174 317
47 130
193 399
289 224
36 341
395 515
83 586
340 356
495 315
76 421
83 392
162 63
250 453
496 462
34 317
502 398
479 387
32 482
403 562
118 379
8 498
294 135
479 204
56 456
369 415
59 336
111 143
438 232
430 470
174 283
406 473
512 413
197 406
346 39
446 141
428 73
116 222
18 213
290 338
149 565
265 446
171 174
180 336
81 77
8 444
443 256
523 230
219 400
371 557
256 437
366 429
192 242
239 87
132 45
75 284
148 181
517 529
148 313
436 235
81 25
173 1
426 481
167 268
156 59
411 115
326 321
312 209
358 76
158 436
262 128
590 533
51 166
253 434
167 384
472 37
170 389
599 395
82 388
504 13
321 112
558 576
14 511
415 22
183 555
219 454
285 440
579 184
38 296
246 340
513 165
583 96
248 204
493 27
224 597
146 490
422 27
305 133
208 240
214 129
294 17
91 250
277 111
130 188
518 161
239 129
38 563
343 29
131 425
323 131
551 303
382 412
24 566
488 223
391 35
17 60
23 287
226 134
270 470
519 369
537 41
393 186
221 466
463 171
158 21
358 347
329 80
480 225
182 120
319 117
552 411
212 146
81 449
243 36
30 145
589 495
127 327
355 332
460 305
515 427
191 118
223 460
482 74
40 29
353 282
414 514
268 515
228 439
65 299
472 372
114 3
115 419
442 303
319 362
77 290
504 454
359 70
380 550
317 35
34 504
199 440
537 424
488 440
371 488
247 365
301 343
311 18
550 171
404 485
582 547
594 191
419 89
326 137
176 174
562 489
193 284
451 25
579 37
222 380
75 118
479 194
2 242
518 216
65 523
347 75
417 195
459 551
416 146
547 486
565 537
71 478
439 199
46 31
587 468
161 195
445 72
331 88
442 23
99 56
579 385
546 17
388 29
194 494
387 33
38 275
403 478
130 518
551 497
386 77
460 537
490 322
275 68
109 12
119 360
365 432
350 496
45 309
366 380
206 27
240 394
466 239
269 542
486 463
364 300
266 109
93 354
154 317
297 479
291 459
409 212
173 341
465 160
315 556
467 315
161 392
260 215
343 345
15 260
127 31
522 444
527 209
315 201
214 284
317 21
405 56
42 532
477 428
163 385
51 276
233 424
501 495
447 226
544 431
319 241
122 413
89 22
2 333
73 573
272 3
494 236
174 216
486 38
270 379
440 476
355 275
508 194
370 44
560 75
166 449
191 572
577 235
226 216
312 321
72 514
102 199
34 55
49 91
243 451
575 509
178 351
259 261
520 399
247 415
117 577
306 10
126 63
453 37
369 82
172 568
396 146
578 555
133 26
319 339
370 573
300 575
576 137
205 227
348 230
503 110
26 163
108 106
453 194
490 112
311 148
348 93
60 122
377 245
599 390
141 531
354 275
479 389
117 377
514 506
505 116
404 521
396 537
313 271
171 211
231 429
354 462
449 356
178 118
499 41
141 171
123 132
357 66
509 165
281 261
515 532
392 367
16 554
89 25
480 521
226 90
59 6
560 286
528 214
353 495
469 398
540 197
187 273
227 68
529 219
526 94
23 67
406 44
409 499
599 488
538 394
415 220
17 581
567 177
581 499
115 83
576 534
56 389
64 97
211 447
266 454
524 158
523 488
35 179
192 251
510 516
587 8
70 524
480 463
104 147
117 267
575 410
492 201
298 424
353 81
38 540
326 387
483 326
565 104
403 427
358 102
554 172
110 156
499 382
263 293
498 100
284 325
192 31
225 40
11 337
581 340
85 360
196 155
553 290
123 599
165 179
459 81
428 376
289 270
170 589
449 246
216 298
456 502
492 134
216 189
46 351
464 83
247 198
566 58
372 12
384 181
590 17
324 292
432 97
3 221
566 305
317 372
273 387
575 192
7 282
6 504
565 374
8 338
293 227
160 321
214 523
347 405
183 137
395 535
316 541
24 375
259 24
551 59
531 534
28 263
555 548
159 154
394 356
195 437
464 450
331 316
393 334
218 557
457 543
334 530
288 351
523 430
176 78
440 116
360 133
444 402
38 152
282 180
171 530
63 302
261 380
401 209
291 575
520 291
219 224
68 203
40 564
555 458
267 2
67 58
133 598
159 356
266 593
561 404
3 261
389 412
556 246
450 153
76 166
517 49
357 381
185 129
281 413
58 587
501 157
188 544
585 13
258 592
280 386
131 25
293 88
308 341
567 288
405 547
512 12
62 209
593 5
462 286
110 112
122 319
222 397
357 204
549 422
36 230
83 406
479 37
233 569
316 184
178 181
167 373
481 55
547 120
63 64
541 353
229 193
220 86
93 218
414 22
484 481
386 446
559 24
313 535
39 188
488 388
129 421
582 86
355 544
475 546
29 107
437 160
1 47
311 386
334 289
411 509
121 262
539 140
518 250
62 436
421 581
258 443
29 438
192 148
250 442
570 504
320 173
37 523
502 223
580 358
354 408
402 358
372 395
21 183
298 224
226 524
40 404
97 444
97 6
395 584
427 423
499 0
5 479
281 245
554 49
42 27
344 86
44 132
16 414
326 227
25 592
45 41
521 54
566 61
134 18
164 350
439 91
4 447
294 505
338 575
7 374
513 260
201 286
524 142
196 67
230 85
305 538
29 276
42 284
481 95
177 136
472 505
99 331
138 399
360 514
156 599
107 588
69 565
261 125
16 38
347 326
521 569
263 203
578 537
352 565
138 418
280 400
516 347
269 277
373 118
591 26
548 362
27 569
174 5
138 186
451 562
104 39
359 568
122 437
343 366
270 383
182 164
204 226
295 531
2 305
434 370
255 278
263 471
24 382
462 368
280 315
364 497
583 591
507 541
589 34
51 156
419 243
98 576
496 414
128 347
581 532
247 423
161 313
506 182
272 574
203 253
449 558
410 322
437 116
204 183
359 315
132 182
63 420
194 125
13 449
65 442
345 259
410 313
124 516
369 270
196 347
566 178
234 265
148 152
134 271
102 113
361 465
470 429
362 79
429 330
248 251
484 369
360 434
365 351
380 427
479 79
256 430
134 71
64 61
422 292
417 322
490 345
220 124
197 0
413 179
406 543
75 42
346 184
474 484
302 106
276 571
224 170
224 113
30 254
484 375
576 234
461 93
260 478
497 515
247 200
508 528
399 411
595 309
462 387
232 476
333 394
255 335
57 79
89 422
248 445
221 220
6 322
153 350
133 353
58 392
290 140
311 154
269 569
383 406
148 67
276 438
65 535
157 0
69 448
201 277
244 383
460 292
100 320
55 388
190 128
404 407
24 192
518 564
160 264
251 481
378 95
298 137
9 564
466 117
35 471
192 178
420 365
313 582
79 83
64 194
362 531
516 43
272 466
268 293
461 325
590 25
309 88
332 284
198 454
145 124
593 131
240 69
169 210
85 51
156 522
492 553
415 448
387 282
556 571
506 89
88 328
587 34
246 7
429 141
315 432
350 65
339 404
421 406
166 284
208 341
381 274
275 89
245 251
83 4
163 451
282 189
103 524
307 289
200 187
193 156
201 52
97 541
539 465
437 128
262 289
16 169
15 483
493 377
363 435
546 5
522 426
7 391
446 540
67 493
482 355
119 228
366 210
519 302
93 78
465 458
419 328
220 176
74 485
160 254
259 176
514 306
10 209
246 407
29 451
471 50
275 311
497 587
56 471
504 564
7 235
26 421
577 583
495 481
280 584
463 299
66 561
43 524
265 33
118 380
529 402
491 346
422 230
350 10
412 292
587 22
420 586
568 238
369 92
203 544
47 145
189 257
243 105
294 316
109 341
208 373
62 26
535 0
151 337
168 486
347 349
78 434
388 581
111 449
370 50
421 290
484 59
550 263
417 343
572 217
507 77
483 440
415 453
366 539
328 477
377 219
271 199
511 415
9 578
428 127
511 432
553 577
433 78
310 204
219 36
399 361
330 373
332 233
300 512
242 491
147 212
283 216
336 52
11 151
534 597
94 347
236 130
172 79
19 505
14 231
314 269
146 404
374 4
308 371
163 84
410 162
50 254
53 139
69 227
532 103
64 379
510 474
492 51
28 86
486 306
111 460
516 160
323 129
290 31
593 196
241 192
300 508
258 555
459 238
594 572
548 108
169 408
516 7
356 25
52 595
342 389
276 272
75 418
364 586
214 505
517 8
27 111
523 432
170 372
429 204
41 307
111 450
70 328
162 556
597 451
174 544
309 276
24 569
299 410
242 109
530 269
104 475
401 453
454 404
272 117
597 255
146 369
198 471
34 323
130 19
211 251
497 374
570 521
9 595
166 268
226 249
585 26
490 586
222 396
464 4
124 293
325 170
519 280
23 520
79 92
75 214
213 162
259 277
418 347
367 177
57 18
293 410
131 342
543 212
139 179
436 120
480 218
458 196
421 478
322 503
211 45
180 384
308 236
561 121
576 2
95 241
461 301
536 427
558 71
257 309
304 37
538 122
275 424
49 107
79 15
360 65
484 240
516 222
117 114
230 484
523 407
25 333
412 41
255 457
353 452
405 177
