600 11000
289 169
455 60
171 545
515 528
83 21
143 122
64 62
399 201
312 84
558 2
180 584
160 194
70 370
168 308
303 456
93 309
498 173
116 161
35 528
427 487
261 473
544 316
133 71
62 431
354 311
438 333
74 461
323 169
529 116
558 80
69 303
93 48
376 466
217 201
506 341
138 155
243 374
597 123
405 320
296 391
187 506
411 291
322 494
525 192
153 457
281 524
74 106
522 515
277 497
245 583
486 353
298 179
371 166
527 279
32 571
122 380
234 43
86 420
103 263
112 434
434 424
252 560
138 61
540 2
347 229
316 134
522 239
84 580
175 561
119 248
83 553
98 265
514 38
153 197
135 486
484 293
312 563
285 488
5 437
88 328
554 121
98 494
97 441
182 347
212 302
76 566
313 542
243 190
29 462
513 516
456 77
288 457
417 13
286 537
3 234
198 482
227 78
570 145
560 130
431 545
577 114
207 358
476 467
223 151
182 34
1 391
439 238
550 252
520 569
488 418
394 131
526 74
30 314
133 252
599 474
352 358
201 401
107 489
544 82
405 309
349 517
36 518
589 352
172 155
65 548
68 355
18 170
39 270
338 401
585 42
68 73
357 212
572 438
145 538
438 210
230 418
581 185
44 327
267 561
16 199
185 149
117 465
426 311
241 488
72 45
265 473
20 438
441 338
200 385
411 259
452 265
263 205
252 295
28 266
413 24
284 196
24 523
573 400
587 122
591 395
266 315
1 537
395 61
456 164
595 11
270 91
155 290
364 2
268 80
30 297
569 246
237 222
298 32
170 446
352 13
98 551
28 417
27 55
507 522
499 64
318 260
118 144
37 261
483 39
70 388
20 315
305 156
245 239
126 163
181 527
29 590
414 40
58 461
84 180
67 510
540 85
168 339
396 492
89 248
512 348
255 547
291 111
389 95
178 510
49 592
279 397
555 130
75 333
505 220
495 461
56 111
229 428
6 415
107 377
257 398
236 490
575 375
229 390
471 76
328 436
360 159
466 267
236 459
351 348
392 164
484 141
248 510
435 162
87 157
429 495
160 298
377 528
420 508
79 444
531 49
227 562
65 108
591 210
548 554
45 476
72 379
126 43
287 26
343 54
113 272
97 383
289 34
552 271
496 465
585 214
599 131
540 249
564 163
116 589
36 136
561 104
94 232
41 162
464 538
535 18
281 479
400 205
558 510
338 530
576 100
471 73
438 112
530 51
361 95
237 40
14 291
1 164
198 302
26 371
10 569
283 106
152 549
398 345
110 281
207 113
475 543
549 164
259 138
554 364
552 407
433 313
41 69
484 310
514 505
264 62
413 560
529 297
407 294
465 262
241 542
486 146
273 572
319 239
256 136
208 352
205 185
142 33
470 434
169 165
104 261
591 277
508 289
577 50
425 258
366 331
498 360
157 58
260 77
138 515
460 119
322 174
360 355
533 596
36 35
26 583
426 329
313 128
508 139
375 405
374 97
246 273
297 36
550 557
257 295
147 397
182 426
300 229
517 175
275 517
247 298
430 214
208 518
21 335
298 267
573 517
546 200
244 49
51 169
484 129
591 198
244 457
100 544
148 477
307 326
58 521
188 530
481 64
505 232
402 565
294 566
178 270
233 354
549 458
259 290
503 383
91 404
255 555
477 474
95 189
296 45
396 433
128 473
289 298
52 213
447 40
437 430
239 464
1 438
10 46
205 459
10 282
458 322
504 395
115 41
474 542
84 220
408 462
175 136
442 184
380 4
0 45
97 311
557 430
317 580
228 372
587 206
249 114
135 180
319 172
17 126
330 32
489 373
283 371
163 468
382 531
53 1
156 215
454 72
315 329
580 434
17 278
280 231
245 530
503 410
144 169
531 563
284 592
199 403
578 365
82 122
365 429
333 458
121 133
577 587
100 256
435 516
593 21
256 9
86 144
309 536
348 300
512 241
512 292
286 547
418 443
471 446
105 448
465 478
171 292
56 387
398 424
123 84
133 84
15 238
358 402
524 56
400 374
351 355
372 18
589 266
490 320
483 548
88 227
498 335
167 266
533 368
491 251
33 455
24 197
540 131
95 242
283 316
326 314
332 483
396 252
301 406
319 160
200 386
460 564
372 422
582 167
530 399
583 302
419 217
389 276
31 92
470 316
326 323
192 230
505 223
206 177
580 535
341 593
313 59
34 285
159 271
154 33
136 582
557 373
316 78
439 90
56 344
207 209
509 578
545 384
500 481
434 248
448 563
117 268
584 76
20 116
553 22
79 27
35 57
211 81
261 51
375 210
359 475
264 461
461 118
374 569
441 67
299 282
373 555
196 283
13 2
554 212
134 184
289 203
463 456
413 583
375 321
439 391
451 436
152 360
465 485
519 413
346 505
218 436
152 597
221 132
325 424
514 400
148 220
249 66
142 210
126 386
492 52
558 449
339 347
277 73
97 231
432 323
183 334
390 368
486 44
224 160
167 196
536 330
451 9
446 329
561 245
98 284
207 406
62 254
190 68
97 63
230 582
371 37
202 397
106 304
97 49
175 446
475 253
125 127
564 563
216 313
56 540
211 26
109 437
239 585
185 389
72 310
129 551
502 500
575 445
370 479
472 182
158 435
29 446
409 149
222 420
33 140
248 341
203 263
105 192
90 245
307 120
11 552
51 581
551 6
151 99
533 544
511 487
396 475
205 520
115 60
465 403
551 8
68 520
464 428
395 17
573 281
155 163
520 146
285 520
186 442
525 444
159 21
204 596
427 37
487 134
377 550
405 499
55 206
238 279
255 12
250 184
344 124
124 138
390 16
518 101
233 366
3 161
191 380
30 353
398 335
78 456
324 411
384 268
505 388
7 259
573 34
347 2
278 423
68 471
501 357
235 260
227 296
439 426
222 160
92 298
573 101
563 113
511 56
310 526
312 440
464 161
3 229
298 585
260 582
191 458
407 303
552 451
429 249
578 108
412 36
23 392
256 217
244 88
135 156
232 371
240 399
46 522
596 80
234 106
410 347
110 396
317 348
511 215
547 50
396 271
155 133
512 208
203 273
226 90
570 184
409 157
182 430
292 494
89 463
254 462
336 134
153 98
589 397
598 309
341 88
13 491
256 155
287 458
578 207
576 232
280 80
381 563
285 533
235 224
561 11
6 222
246 562
468 44
222 258
288 140
416 54
119 116
164 42
247 412
416 183
411 158
419 385
343 464
435 564
269 92
513 514
314 117
528 394
489 390
521 368
411 416
402 137
392 36
42 339
349 535
522 551
131 153
210 580
439 565
406 591
564 353
28 130
375 160
212 525
431 550
579 196
369 438
280 77
161 444
311 46
323 355
567 453
370 22
63 255
456 88
414 415
98 367
594 35
189 266
55 334
503 113
398 191
369 522
73 511
568 391
79 569
204 301
434 145
146 434
352 551
516 18
484 334
336 152
445 275
545 408
356 94
482 456
136 487
361 562
293 558
129 14
75 570
242 223
582 287
68 483
119 445
206 501
417 258
528 342
7 511
112 447
99 580
135 82
306 195
386 453
584 399
575 478
573 499
170 150
173 515
445 408
240 258
460 102
476 300
37 275
256 302
197 82
432 431
551 449
145 337
28 464
185 126
436 10
540 470
376 375
204 599
291 13
53 540
589 265
91 4
306 98
285 330
490 573
220 68
163 254
208 132
265 127
310 185
244 163
3 410
122 88
576 229
37 588
308 202
462 173
442 501
466 417
543 452
593 7
361 552
486 211
73 461
474 261
155 379
277 107
444 283
222 327
326 176
288 305
415 46
283 284
15 442
250 475
257 96
77 138
437 504
465 15
196 389
145 397
23 278
486 253
301 260
351 278
256 190
526 256
512 291
114 380
393 35
573 306
398 318
180 378
365 361
440 336
135 478
494 288
571 494
205 488
516 378
49 407
69 432
452 246
539 311
444 209
113 542
380 306
434 365
116 173
517 392
255 339
356 540
214 17
54 264
460 104
511 400
61 105
257 250
133 281
13 380
504 299
388 267
75 592
369 489
31 69
147 406
456 250
42 266
576 95
9 368
241 398
45 71
223 348
502 355
293 317
219 307
441 276
219 367
282 407
509 294
21 82
540 81
436 391
21 250
278 396
459 586
424 14
129 53
104 306
417 301
498 317
526 17
316 158
450 383
151 38
334 335
311 332
94 47
488 221
270 384
176 86
21 299
11 170
533 205
292 110
247 587
574 108
536 164
279 99
156 592
420 219
83 71
493 324
471 395
228 347
90 109
449 202
30 161
536 393
589 594
223 327
262 154
435 481
542 274
468 114
338 393
442 166
305 14
403 84
539 106
417 201
292 279
526 209
259 51
5 21
142 461
395 257
463 408
71 175
483 587
149 294
354 414
461 234
304 333
101 262
479 176
48 415
77 301
455 403
568 39
314 273
552 508
311 183
558 102
300 386
576 444
186 592
351 158
144 538
468 109
294 499
198 39
578 312
406 422
559 556
99 366
26 113
370 348
201 124
108 279
133 266
173 576
286 78
255 113
422 329
412 244
173 206
187 345
557 265
575 452
428 14
455 76
303 217
411 587
27 588
28 376
485 361
271 372
182 348
289 447
303 132
337 192
142 233
135 404
38 334
327 472
206 522
173 306
20 119
367 470
190 163
210 245
418 409
428 368
41 15
489 6
257 12
255 344
492 307
423 92
298 490
307 163
466 35
155 208
36 396
77 175
568 420
411 533
306 225
341 510
89 561
557 158
538 352
284 189
216 447
429 204
466 182
259 457
486 161
406 520
148 174
92 254
79 143
383 279
147 474
53 95
345 180
175 449
198 55
576 179
579 201
466 454
19 593
52 485
334 590
398 182
84 281
236 185
345 295
588 100
591 314
230 54
117 39
14 489
357 193
394 575
152 485
174 13
77 67
358 65
97 419
91 133
598 546
414 374
137 160
509 483
474 201
481 561
485 96
489 146
520 103
24 9
55 8
282 309
293 6
238 524
504 375
379 112
30 116
148 581
570 525
551 200
497 359
203 321
336 209
120 486
394 347
14 527
24 174
274 190
268 439
379 285
309 292
296 532
136 114
580 405
234 91
101 500
447 320
160 577
392 204
50 466
263 458
290 182
384 159
88 139
99 404
475 162
302 316
230 489
284 190
552 594
480 264
400 292
184 48
428 543
47 281
39 79
168 108
268 53
135 279
355 243
287 490
349 498
411 157
505 72
547 183
45 145
80 160
464 563
245 399
294 146
411 460
580 66
388 85
479 459
149 399
343 428
149 156
306 269
21 68
352 483
456 404
213 226
59 374
190 120
16 355
329 218
320 329
162 91
505 234
142 4
264 418
389 332
222 137
590 592
283 390
126 36
331 460
128 487
81 217
16 489
259 465
381 27
79 156
297 153
417 542
206 436
197 163
247 106
80 102
313 438
161 380
30 230
72 368
75 233
38 42
591 442
203 499
167 513
107 434
137 581
237 124
511 321
334 152
588 245
69 413
442 43
506 407
404 559
12 488
204 529
578 136
530 484
516 187
124 564
501 581
152 174
127 183
278 597
566 506
148 567
277 188
490 319
449 517
582 570
318 191
343 322
124 435
530 94
379 70
344 577
131 152
576 231
463 440
286 105
366 248
275 552
553 68
599 401
224 239
340 482
150 98
150 157
159 102
179 522
370 63
300 223
197 23
431 412
155 210
521 518
357 478
229 543
290 29
353 24
475 373
97 469
267 378
395 548
18 157
456 414
1 425
487 315
57 565
108 324
512 467
128 448
5 113
593 442
352 346
212 581
165 186
247 386
82 543
103 86
422 480
104 358
244 217
359 369
375 120
149 7
287 156
561 384
297 503
386 71
482 28
218 20
376 230
315 166
103 408
66 135
430 508
205 560
432 415
76 106
45 266
93 121
120 374
457 413
46 57
161 171
171 82
433 498
420 36
469 517
134 183
508 210
212 372
56 289
414 287
37 537
46 304
393 502
398 418
381 67
574 441
558 96
77 248
584 111
322 391
107 584
53 105
86 273
195 287
593 209
404 521
165 264
292 511
596 93
40 267
551 10
393 210
373 84
579 131
392 349
80 19
135 500
476 99
404 39
349 400
32 308
81 76
334 588
348 542
518 181
483 341
300 96
455 486
31 489
204 567
115 233
109 450
414 90
427 151
36 382
0 446
522 203
587 30
163 563
114 284
249 584
8 411
560 518
157 141
225 421
239 402
99 191
530 65
334 570
9 560
544 138
509 99
467 89
134 491
571 543
424 96
55 214
505 485
583 189
187 411
408 571
461 550
556 148
570 367
443 270
509 179
461 477
448 377
512 372
590 473
138 497
337 185
142 144
131 583
370 455
41 142
155 272
427 123
338 556
468 98
482 438
475 219
342 268
187 586
514 197
280 567
587 471
4 553
378 233
458 491
375 74
499 190
271 208
253 595
140 50
30 341
331 523
145 592
363 255
382 170
2 110
404 239
380 31
289 209
56 236
201 228
563 124
49 429
428 267
581 94
181 337
545 151
197 271
40 195
260 515
119 85
218 204
395 53
268 83
116 91
585 308
29 219
319 515
385 440
339 523
519 1
487 196
405 523
9 293
214 344
344 15
520 474
332 151
422 103
510 66
32 375
110 387
75 414
218 480
49 313
448 380
249 90
482 555
593 202
119 41
531 252
382 224
556 235
193 591
269 553
124 338
576 62
364 72
217 443
435 438
342 278
178 92
81 199
36 40
252 410
485 70
237 479
157 114
467 392
11 548
13 179
461 259
393 189
181 483
553 199
414 116
455 43
183 408
453 324
328 113
78 580
213 351
301 304
287 508
92 563
470 199
6 327
259 229
391 434
271 335
227 178
407 515
548 173
583 584
369 36
365 284
231 403
463 101
180 104
432 260
65 89
431 537
423 566
83 201
416 458
587 56
348 250
143 86
300 239
155 84
129 326
430 363
548 464
491 573
177 173
237 43
136 93
482 539
229 225
4 340
592 242
191 37
89 599
427 357
534 59
193 509
194 276
474 182
493 211
314 140
228 359
105 16
599 52
448 157
47 43
325 223
96 308
501 524
338 243
167 317
578 57
309 136
182 478
207 287
433 201
420 185
111 100
482 386
558 33
225 173
459 531
196 489
176 150
571 29
467 573
204 565
158 135
222 143
150 33
166 170
554 320
504 530
394 285
192 407
88 12
595 214
106 149
290 465
321 267
269 587
487 560
434 92
386 359
512 163
563 198
214 141
349 94
39 98
387 172
106 390
474 560
229 511
399 343
568 497
8 553
370 460
37 363
430 365
125 499
171 267
292 363
422 550
510 212
232 577
492 58
158 292
544 583
145 514
198 147
54 296
574 69
37 520
65 404
216 183
418 555
74 149
310 174
100 456
28 476
400 305
528 513
137 513
277 67
454 13
326 478
250 554
475 563
276 570
336 181
397 158
165 340
464 533
38 202
89 61
495 558
469 401
261 477
497 60
449 475
465 27
446 498
161 4
436 351
344 328
332 266
477 512
86 347
448 303
559 453
103 262
421 519
89 39
433 385
243 40
373 575
313 578
44 186
526 558
222 473
194 551
500 15
225 295
227 333
487 516
392 41
18 349
345 87
528 574
39 52
4 593
60 219
314 590
333 45
226 595
170 72
17 510
36 11
37 295
14 254
552 266
197 4
101 71
496 136
517 218
102 414
513 9
180 48
463 443
347 137
50 194
116 203
56 502
501 437
214 441
499 440
445 330
534 471
568 145
53 228
458 40
61 53
576 7
463 255
54 0
528 423
511 104
103 383
131 87
370 332
536 410
11 43
74 189
491 561
210 26
537 77
501 462
41 240
246 343
369 139
215 401
458 464
569 306
74 67
366 11
512 497
69 477
387 158
30 549
260 368
208 456
575 513
125 534
539 516
549 41
161 270
265 152
564 57
116 10
393 178
480 131
206 246
265 521
208 280
292 18
14 402
58 387
272 234
443 538
83 498
151 349
505 143
41 386
579 592
93 457
316 249
532 372
593 174
37 89
33 243
455 540
458 54
80 271
527 473
586 370
123 414
219 206
154 217
175 528
566 433
307 233
28 79
443 119
245 326
164 396
281 302
273 244
159 582
557 445
11 413
194 565
458 210
476 29
513 300
438 332
428 222
123 382
52 320
209 92
157 192
288 590
161 521
73 304
387 593
17 236
534 584
373 119
545 241
211 433
210 452
309 62
558 140
113 475
199 587
579 507
209 114
572 217
165 513
127 574
369 285
15 561
104 162
105 12
182 230
59 542
215 584
226 30
197 277
144 330
365 60
277 210
509 570
293 155
241 303
47 380
455 416
75 550
344 286
499 252
117 304
457 156
337 225
389 521
436 356
457 532
363 502
297 391
409 89
408 498
424 215
570 484
56 481
485 583
492 417
326 349
539 15
347 372
307 64
149 267
263 296
435 38
255 381
360 229
249 222
234 26
139 591
443 495
124 434
339 578
558 77
191 223
516 536
99 286
33 273
549 65
249 550
98 182
349 333
311 13
145 248
191 302
126 310
520 96
172 12
521 320
97 135
398 140
10 82
207 447
88 264
210 557
419 157
200 518
437 335
564 555
471 570
68 75
481 573
228 440
388 584
396 518
86 549
222 341
330 460
574 74
199 37
114 107
443 401
409 583
307 368
560 254
513 491
54 67
134 464
166 106
387 504
332 539
596 54
433 546
515 167
479 557
65 28
561 241
429 553
258 192
378 270
240 373
496 320
358 519
302 69
231 330
427 205
538 8
343 229
449 380
210 34
510 344
122 362
251 207
594 310
551 238
328 273
207 524
390 113
287 354
512 421
331 598
418 305
270 122
189 38
582 102
498 493
74 593
458 515
224 198
228 164
519 342
141 429
71 400
1 542
73 159
417 216
529 494
434 244
49 93
272 198
429 586
476 596
526 394
247 334
268 286
484 567
572 236
599 414
232 581
377 171
489 27
423 539
553 389
505 187
238 300
507 441
550 209
322 451
76 532
19 235
91 77
379 182
64 472
32 183
25 277
468 178
390 192
394 63
493 535
194 15
54 346
271 535
488 444
547 310
28 583
136 195
390 264
551 7
132 558
126 538
274 366
5 100
178 506
65 440
132 73
459 591
110 158
97 522
8 69
243 589
233 28
235 179
75 127
593 441
493 582
327 309
121 94
100 458
577 124
262 445
528 56
56 288
507 598
350 101
179 303
172 112
304 446
520 1
525 592
572 351
557 464
177 16
186 133
466 555
92 320
359 126
312 180
548 530
303 65
315 256
91 102
311 463
305 344
506 373
182 232
509 559
425 267
447 76
80 189
254 429
398 448
77 420
55 542
324 29
576 217
164 279
187 328
22 188
193 213
228 383
228 565
578 544
132 180
274 392
285 114
409 231
323 566
367 240
3 540
0 287
560 27
509 552
256 206
283 573
582 428
335 168
384 456
233 260
553 518
273 201
526 37
273 215
382 70
36 191
109 404
570 569
557 368
573 378
215 61
432 300
296 186
186 27
100 506
200 311
561 332
391 351
537 583
487 17
434 207
8 137
108 563
547 300
377 247
374 397
47 289
346 137
142 433
356 507
343 450
592 417
202 544
494 439
567 397
107 491
124 561
299 191
326 508
467 274
258 439
294 131
447 106
39 261
233 584
106 357
94 97
133 191
53 443
411 124
242 287
153 599
598 282
287 30
203 389
177 573
391 21
289 588
452 281
106 498
586 317
398 29
420 370
492 192
311 432
127 281
495 73
21 1
67 114
60 574
178 274
6 351
110 199
399 487
159 103
177 255
362 510
357 208
435 135
145 582
51 44
532 163
128 298
550 319
250 10
14 393
587 43
286 339
451 64
202 215
359 93
484 109
251 165
59 395
476 509
287 371
485 54
281 71
468 218
476 390
109 203
227 450
403 322
490 352
453 352
27 124
85 269
560 412
146 256
499 318
352 425
18 322
291 68
392 109
239 463
176 343
128 415
180 208
456 317
112 231
282 8
592 227
326 181
597 392
78 123
490 13
547 569
10 556
533 585
135 70
29 7
179 447
538 78
76 41
275 279
369 340
359 393
466 568
435 427
348 136
304 149
575 55
446 332
173 382
57 221
89 391
479 279
405 566
516 90
579 559
2 102
167 168
77 12
13 418
411 262
509 424
489 442
279 549
533 339
451 555
40 44
182 318
100 557
303 559
517 515
39 173
595 554
240 98
108 220
150 348
546 307
512 63
365 248
101 436
571 390
543 482
462 518
568 226
160 169
256 170
110 457
247 135
438 327
220 306
386 131
305 179
489 178
86 287
390 39
425 304
159 473
576 75
243 3
589 71
450 345
382 19
426 448
311 488
30 120
468 576
331 195
45 153
589 359
457 28
86 553
8 554
257 562
361 145
264 498
55 342
143 427
325 354
583 273
257 485
590 488
167 378
289 121
575 250
130 109
136 158
183 237
513 106
41 291
393 119
528 388
227 574
255 503
92 422
417 80
554 84
393 357
445 534
428 248
423 384
523 76
118 67
137 362
455 534
557 322
581 403
267 313
334 176
283 190
3 89
124 317
378 564
215 204
358 501
183 378
310 15
92 316
97 362
9 111
467 536
314 60
475 414
42 37
261 327
274 409
73 15
545 532
117 74
483 12
210 321
155 191
265 22
286 393
323 404
105 374
266 477
543 261
33 543
239 516
16 152
300 19
453 350
207 353
563 130
403 498
374 229
152 541
421 185
128 316
37 369
441 316
61 355
549 541
209 373
323 362
424 335
400 5
571 4
266 183
440 576
486 384
10 366
433 184
225 556
137 179
376 484
275 109
4 19
120 592
559 171
87 460
112 412
588 223
272 308
17 307
248 59
496 96
230 3
540 100
422 215
102 382
523 518
563 364
34 14
314 482
311 470
154 175
566 29
88 230
369 379
244 596
168 6
304 344
26 464
485 521
157 224
372 445
272 452
244 363
80 331
238 456
501 513
257 357
470 134
210 351
472 367
503 291
271 591
332 571
262 19
31 162
474 4
595 320
176 215
458 23
289 322
249 24
299 292
284 394
209 76
22 365
511 373
325 238
449 313
240 26
574 1
423 418
523 5
281 491
526 89
26 456
164 506
363 437
384 345
326 6
312 147
25 409
274 145
86 199
44 63
313 529
313 122
361 169
220 36
229 577
338 172
514 310
49 216
155 278
170 457
251 97
76 85
568 559
579 587
381 367
234 545
50 449
487 595
178 447
46 154
386 490
410 379
557 232
405 404
50 461
213 254
99 216
488 485
405 374
33 382
495 109
50 158
268 48
173 426
181 18
294 183
447 186
1 140
303 288
3 233
414 205
441 219
2 387
67 236
271 389
558 598
599 428
515 204
75 261
211 498
197 60
436 567
585 231
439 78
581 258
413 86
589 261
274 226
140 441
346 237
55 321
242 199
533 550
63 431
164 163
17 11
337 245
371 79
94 294
160 62
342 195
299 426
515 136
158 417
396 125
418 250
214 473
160 103
409 476
372 375
205 82
493 449
316 58
232 253
67 472
45 422
592 40
164 439
586 521
442 541
292 197
32 14
116 315
101 329
514 555
441 319
119 465
117 546
170 137
232 535
217 344
42 28
408 348
553 440
142 286
196 532
102 187
47 201
93 118
244 443
153 196
237 87
387 152
221 143
193 407
256 29
78 238
332 493
538 299
531 131
338 428
277 191
9 236
502 427
533 574
457 102
373 135
13 516
28 280
21 239
397 444
339 306
154 376
407 531
573 439
215 17
391 323
557 562
265 248
367 45
222 484
59 209
575 395
598 449
144 285
471 593
476 485
21 354
484 501
204 284
520 291
519 446
241 311
29 69
479 205
365 23
346 563
481 584
110 209
521 70
161 237
65 296
398 394
456 6
305 527
545 231
30 167
198 63
348 7
7 435
197 130
319 113
202 516
241 486
524 437
594 33
415 575
183 263
28 372
191 549
195 585
592 369
353 502
289 208
498 183
248 526
359 275
532 429
439 423
448 167
517 427
489 435
523 540
220 224
162 326
404 114
530 287
353 490
417 467
16 225
79 157
328 47
231 432
123 152
50 421
254 408
64 469
457 130
463 489
110 536
579 266
110 24
188 178
200 234
517 213
421 367
209 134
142 331
496 257
1 195
529 295
541 114
372 148
497 343
108 62
443 295
239 288
305 432
349 511
66 133
586 182
562 303
493 420
474 112
244 260
145 422
425 228
112 352
561 122
210 317
277 76
182 330
427 388
445 513
123 276
11 458
200 455
375 159
405 431
259 321
152 443
102 69
157 540
71 109
222 195
524 16
389 402
416 368
316 100
309 314
313 342
260 424
533 517
257 256
576 114
181 373
94 108
15 476
499 85
367 221
155 136
22 79
206 520
459 366
393 306
25 362
579 329
554 508
38 224
25 320
1 441
439 549
295 3
267 177
459 65
594 176
217 309
451 377
341 239
291 560
312 88
79 199
226 140
213 486
557 262
492 574
228 4
9 209
312 265
309 528
116 319
224 81
308 246
495 439
419 462
536 497
577 389
193 590
65 394
301 281
467 213
356 193
458 238
312 586
119 372
298 288
231 119
498 105
575 64
158 14
203 376
47 594
389 574
54 550
63 436
66 513
494 579
488 275
276 421
390 408
363 234
326 57
377 89
93 579
291 263
206 377
135 75
398 107
318 516
168 146
239 485
223 165
205 501
470 543
472 193
327 64
24 382
194 413
45 79
145 334
409 264
368 30
225 585
275 308
178 76
464 504
412 148
320 19
165 16
495 190
300 557
199 188
186 577
320 121
300 423
570 273
398 545
469 594
194 105
291 353
204 537
316 294
140 283
532 387
58 366
512 3
192 46
469 436
497 594
44 260
88 196
398 599
206 434
207 487
381 490
20 140
487 181
521 422
205 14
323 544
159 332
283 15
585 251
206 408
554 324
261 582
345 321
473 303
14 511
499 348
399 54
341 455
372 17
336 79
58 170
145 139
306 22
59 69
503 507
224 478
156 486
276 247
115 176
247 111
82 396
131 447
367 308
218 317
252 401
183 386
478 476
158 362
374 261
104 307
398 550
568 153
586 324
583 411
208 476
380 424
531 299
63 177
97 351
599 170
426 376
344 130
7 452
596 53
340 488
345 370
255 86
209 580
115 10
483 213
121 504
347 378
232 184
87 231
415 375
555 256
573 321
155 540
395 100
292 428
401 441
140 129
104 487
505 533
107 92
534 323
346 484
20 363
524 319
16 125
239 174
226 587
73 391
167 421
381 534
35 212
510 167
295 452
250 56
443 457
71 519
148 407
576 431
163 67
79 590
224 108
504 150
509 416
391 105
196 65
530 267
597 281
121 168
124 255
365 503
30 541
586 415
585 402
157 325
540 108
287 53
421 426
13 499
503 409
71 301
149 334
165 555
93 487
407 504
423 444
524 273
425 75
368 432
452 82
254 289
488 529
186 59
356 465
378 218
441 249
159 208
179 277
237 84
274 596
439 129
598 319
445 251
235 558
560 383
527 106
138 455
429 543
420 252
566 568
261 325
177 72
230 366
263 62
437 460
513 81
392 54
554 513
480 255
425 87
587 397
561 257
574 266
492 115
318 537
359 360
226 461
283 142
545 103
503 180
114 44
362 72
118 519
528 293
6 565
190 465
356 378
119 281
89 95
402 270
138 384
16 237
127 497
258 217
38 117
251 108
492 256
90 382
425 268
172 346
166 358
511 80
144 231
324 28
108 442
369 78
274 513
396 356
175 191
379 389
65 25
29 127
341 542
50 129
170 476
502 160
391 387
186 110
513 116
315 155
96 211
56 440
82 480
80 111
115 485
566 243
110 273
170 491
42 22
124 101
143 412
487 251
29 542
392 179
405 288
568 384
178 23
135 367
588 303
365 582
558 279
311 214
565 30
24 386
318 41
367 200
174 479
310 219
335 226
264 571
262 41
582 16
343 181
178 265
255 507
484 272
105 66
542 514
131 209
241 22
394 110
110 385
535 47
3 272
78 277
102 386
200 49
366 216
150 91
363 74
290 334
439 190
304 186
510 465
286 528
409 212
43 395
597 487
307 516
216 511
265 487
154 591
146 580
335 172
189 338
288 313
306 210
394 473
7 454
223 175
179 281
398 64
80 3
143 38
10 585
289 403
118 205
156 168
441 367
204 411
504 288
152 526
283 25
474 345
290 93
19 215
103 51
155 593
190 493
92 573
553 293
235 266
372 454
262 64
391 311
500 160
519 137
49 595
456 292
570 302
574 34
16 139
303 565
380 40
88 575
184 65
295 234
237 206
483 191
0 149
180 47
217 537
61 314
533 38
68 105
302 388
154 24
488 16
292 443
401 241
312 500
598 280
319 299
562 34
176 159
554 556
496 490
171 456
388 76
75 122
231 414
525 66
294 228
204 327
366 419
82 324
14 227
377 583
135 136
105 452
329 259
412 448
32 346
474 443
205 451
233 235
299 276
179 499
27 574
413 510
584 395
278 214
21 194
167 87
235 158
432 369
112 541
1 39
2 322
570 44
20 557
252 457
268 426
142 565
57 198
37 50
530 394
79 363
342 88
300 376
33 482
577 77
310 131
42 268
443 144
422 165
488 73
336 211
200 102
216 358
134 285
142 362
462 404
595 284
65 569
376 90
566 165
402 315
416 460
118 416
163 194
516 233
391 74
95 262
126 428
343 393
331 247
339 389
355 263
157 275
307 172
576 478
370 57
199 486
347 143
88 157
519 269
332 379
229 295
518 279
463 334
513 294
377 294
203 326
119 202
65 360
273 497
201 485
133 272
259 268
189 115
493 3
591 8
345 281
324 530
319 5
325 321
394 407
49 326
266 322
100 507
110 449
589 53
509 222
127 33
375 73
211 28
202 353
584 426
83 419
516 322
17 309
546 417
104 480
97 452
484 69
88 153
319 361
533 150
199 589
503 477
573 83
538 34
377 483
368 356
12 487
177 92
93 297
563 240
238 258
50 383
514 103
171 245
139 461
425 583
441 462
220 219
67 501
27 215
318 281
26 29
158 423
485 154
424 182
430 581
477 92
544 199
485 72
87 343
40 313
366 478
342 289
244 137
344 274
220 302
425 123
440 316
557 413
66 385
588 59
324 432
42 103
241 48
484 239
367 293
14 2
354 550
7 447
207 576
471 81
447 582
556 253
497 190
560 504
123 481
361 332
156 441
307 165
18 436
242 531
494 105
208 203
219 130
214 335
398 148
587 256
272 560
455 64
499 235
2 490
450 363
366 225
232 170
166 533
65 283
352 135
130 287
537 475
418 386
196 290
477 200
561 509
101 465
188 149
568 373
170 584
481 586
507 593
85 374
354 466
184 247
583 592
94 473
551 20
252 13
115 42
179 554
290 256
464 332
211 97
311 110
142 84
29 532
341 262
428 127
585 38
461 253
357 142
169 42
425 226
80 162
361 182
580 316
266 281
579 495
12 161
312 412
289 284
456 106
574 3
368 561
31 494
223 53
294 130
131 542
371 284
534 404
510 389
458 373
412 362
273 277
356 172
534 554
437 436
593 481
279 456
283 411
380 165
397 117
262 155
207 211
110 152
1 79
8 147
168 569
82 224
394 193
242 409
509 410
83 191
591 6
561 458
152 275
174 290
267 274
12 113
541 550
1 420
595 436
97 588
84 270
288 112
168 537
545 307
271 147
330 455
316 273
415 397
94 545
259 393
66 323
544 250
316 83
148 310
243 458
207 421
285 384
474 136
356 404
216 430
588 286
567 389
138 582
251 237
401 494
189 395
525 547
111 242
443 191
259 71
276 30
546 447
534 291
256 324
360 532
506 84
532 361
199 574
386 506
37 414
352 26
287 346
571 584
400 47
485 88
113 469
301 217
463 189
61 189
361 116
393 458
73 474
331 146
30 524
568 355
311 514
340 223
116 406
465 247
224 209
325 16
316 527
241 479
555 134
325 252
40 314
262 142
112 384
8 263
422 587
474 161
91 392
462 528
515 172
70 233
551 51
524 471
163 499
26 362
409 504
406 246
511 460
33 526
320 586
347 212
579 585
473 367
245 122
132 345
118 266
41 12
453 462
537 326
129 462
466 265
226 255
176 292
376 99
459 374
437 303
309 91
409 514
242 509
205 542
281 405
324 104
12 350
312 594
450 76
392 536
460 533
337 537
175 135
448 125
97 329
485 228
8 525
246 219
12 286
519 131
285 191
219 71
402 474
492 341
468 24
192 298
231 114
52 142
253 84
9 357
249 378
306 70
243 213
140 95
517 155
193 28
352 109
8 289
164 453
154 270
399 102
460 562
215 101
508 592
513 348
45 428
436 170
216 180
599 28
40 495
440 243
340 491
273 500
539 411
404 391
414 499
439 10
436 67
319 244
29 466
230 432
265 146
494 589
578 4
160 121
450 329
539 176
576 93
185 316
55 289
250 396
49 128
381 193
111 68
416 276
64 321
474 419
169 463
462 98
28 499
520 581
148 231
26 518
285 46
569 200
387 541
419 282
199 235
258 376
30 229
384 570
234 369
132 414
111 138
175 46
348 564
282 565
163 119
470 12
327 390
466 309
172 288
242 298
355 175
198 456
588 239
280 13
167 514
446 408
173 119
225 165
196 40
585 552
20 186
57 412
226 118
1 125
87 255
239 429
562 158
506 394
220 132
595 68
20 120
56 425
471 299
213 110
136 140
493 415
117 357
508 550
138 33
181 585
102 533
328 40
74 543
225 163
592 125
94 369
117 461
598 175
222 38
230 34
210 568
491 571
452 338
175 435
368 412
406 15
264 129
575 588
452 135
304 235
555 349
77 599
466 548
484 445
37 228
491 18
134 214
319 174
456 461
124 222
385 171
259 414
80 531
300 287
285 24
178 216
276 310
329 202
213 527
585 293
527 56
583 509
103 563
395 505
318 418
486 113
291 182
200 597
469 354
32 98
569 96
191 381
348 177
277 43
572 181
511 595
48 34
506 123
58 419
479 172
451 302
500 224
36 591
288 115
379 566
76 252
284 41
266 22
41 564
248 338
445 214
25 542
329 273
556 348
373 88
510 561
359 61
410 160
541 373
495 243
136 154
88 585
462 466
173 325
145 79
590 274
540 33
284 505
564 406
367 467
326 590
55 579
316 551
345 263
99 331
247 113
102 287
362 134
551 334
447 324
543 531
302 54
561 235
92 483
506 126
151 435
313 310
164 432
70 34
545 4
430 435
563 26
221 388
529 309
596 60
447 425
112 393
581 133
445 181
101 432
350 568
96 439
515 225
206 347
62 210
184 385
192 346
376 40
248 5
84 368
599 446
465 474
426 433
410 582
494 241
470 18
298 479
380 291
372 79
452 401
287 231
318 89
509 371
70 104
276 417
359 495
474 444
252 58
253 355
537 386
381 416
440 196
410 168
387 575
514 316
458 13
344 89
484 285
255 404
213 446
553 289
86 54
209 371
537 92
248 337
566 372
452 385
453 303
586 54
387 279
315 145
463 454
557 239
92 114
352 142
50 282
201 98
458 83
332 442
458 303
370 200
551 325
431 152
306 183
370 520
457 428
404 398
523 205
487 218
298 321
396 508
444 404
126 121
586 282
547 432
17 96
487 54
143 28
560 179
255 280
393 301
150 264
552 194
72 539
34 525
103 322
265 122
313 325
425 82
537 408
244 321
9 7
483 124
42 397
143 487
15 148
41 30
289 272
591 383
542 44
544 527
187 367
514 350
498 44
242 449
519 7
516 4
304 585
26 14
475 585
174 495
564 325
275 516
268 311
284 177
31 504
541 136
350 60
113 53
169 338
475 202
288 545
254 121
458 413
201 344
55 480
493 460
476 193
148 375
314 464
91 570
80 456
232 402
479 555
316 143
597 486
343 358
126 304
112 42
393 52
203 229
287 119
221 430
33 507
7 197
277 450
64 364
240 217
527 335
356 499
217 192
307 153
230 20
495 365
412 157
26 98
578 341
338 584
302 304
397 179
270 413
461 389
591 473
430 504
521 276
583 278
368 298
137 306
505 104
224 335
550 105
14 318
232 390
496 565
130 531
407 37
7 187
199 309
508 74
417 328
286 0
517 540
145 234
547 390
127 206
123 587
107 571
308 521
441 358
315 70
350 286
165 192
281 186
137 268
115 458
471 288
390 198
161 264
77 146
2 596
189 127
146 373
291 212
528 141
478 526
402 31
8 224
437 536
3 93
234 120
238 388
116 397
26 9
569 141
66 451
163 485
183 6
258 399
79 302
386 416
412 552
515 40
194 119
284 15
207 227
65 370
120 436
267 484
144 27
520 224
115 376
74 269
34 3
597 427
278 524
431 251
314 524
232 539
241 299
174 357
482 238
135 324
594 406
85 415
487 434
431 78
330 313
506 277
164 170
182 211
520 437
131 328
410 540
65 129
279 509
441 133
324 497
467 587
139 251
553 579
263 452
389 366
358 429
414 341
315 274
336 39
500 545
11 205
289 373
50 85
458 112
531 47
438 31
287 170
334 101
501 446
531 105
505 197
208 524
582 458
468 435
282 188
441 75
149 573
163 85
211 491
512 534
189 529
23 576
167 414
526 445
346 462
457 410
39 119
138 543
178 30
276 304
366 336
494 177
474 468
46 281
36 209
409 345
30 224
13 587
130 318
332 560
326 219
267 491
560 8
255 453
584 295
221 572
166 571
83 433
212 384
326 318
276 259
529 17
6 117
593 78
103 146
146 532
528 232
226 432
544 557
52 529
148 459
421 286
353 54
483 549
442 62
131 578
487 138
500 471
223 471
435 11
186 440
538 256
119 555
344 490
209 406
108 234
104 429
193 352
206 559
160 423
257 494
181 334
592 80
334 524
405 187
119 360
220 218
155 569
270 451
434 348
221 173
425 99
373 69
236 219
275 515
402 596
82 427
294 501
494 352
241 454
437 447
375 92
495 434
568 484
313 78
415 94
154 115
259 32
557 225
314 219
563 260
52 314
270 339
478 474
451 289
349 32
119 193
38 402
518 149
599 269
518 137
577 491
597 377
195 125
406 497
103 343
515 297
312 464
42 325
267 273
408 283
531 238
147 171
84 523
106 16
84 504
499 36
255 203
380 557
16 533
397 274
428 510
43 189
202 35
504 86
591 500
12 327
420 274
260 150
124 301
172 545
306 375
569 54
141 318
308 458
355 111
28 518
479 337
76 402
227 343
123 331
588 504
16 464
102 160
114 161
234 325
566 149
144 418
461 225
377 487
360 111
184 589
357 123
343 576
389 157
434 485
533 174
113 354
413 498
115 450
101 133
326 367
546 386
592 135
254 436
433 482
599 533
112 123
268 416
274 378
186 507
55 319
471 67
363 9
135 272
281 164
284 329
561 290
365 138
338 311
61 277
375 26
565 74
132 507
152 125
442 573
414 365
337 0
473 135
567 184
583 180
265 408
526 56
566 12
435 434
79 464
320 417
76 260
300 255
496 217
315 305
155 389
322 456
164 386
50 166
234 436
369 9
447 189
490 424
56 465
153 401
272 101
502 52
67 47
541 507
430 438
219 281
249 477
341 60
234 42
252 199
30 444
60 102
481 261
243 55
45 129
335 119
28 133
448 148
26 246
549 59
155 367
201 149
53 180
347 533
577 155
235 211
533 276
172 357
150 223
40 165
565 302
443 76
325 526
353 433
86 339
52 556
227 9
279 307
286 550
461 61
60 417
289 541
119 484
104 117
45 440
590 513
550 358
214 26
101 308
590 393
454 118
336 76
275 591
56 427
105 503
84 360
447 10
592 306
375 273
223 256
160 42
285 151
337 499
123 539
309 374
525 566
337 235
11 389
293 538
561 219
553 98
99 592
252 398
110 22
513 71
118 257
39 490
79 125
187 350
127 580
296 368
449 396
526 417
347 552
280 226
246 402
69 309
46 75
598 477
116 557
414 400
123 527
445 39
435 463
458 66
354 31
81 381
289 250
577 122
331 248
128 299
171 537
11 439
312 123
290 533
175 536
325 1
267 262
5 576
359 516
273 592
182 388
116 229
413 478
320 265
561 10
100 496
195 517
466 272
362 39
418 273
167 350
224 574
366 496
465 487
508 452
28 336
25 125
233 543
529 430
36 65
321 56
46 327
487 212
336 153
564 37
580 374
391 503
110 361
291 238
144 63
360 280
365 404
585 72
504 315
66 334
316 508
448 382
574 39
508 38
95 416
378 495
426 152
62 448
42 554
588 373
273 354
573 253
134 135
59 78
368 493
598 7
481 224
110 132
57 16
144 248
548 192
501 137
401 335
16 536
48 260
56 325
26 71
187 306
125 470
504 508
364 340
38 598
598 534
462 177
324 165
539 441
112 12
162 327
272 564
458 543
387 371
586 309
552 267
369 536
347 353
552 237
54 593
503 233
392 486
67 543
452 240
551 566
448 230
535 510
537 176
161 497
374 587
470 476
195 367
156 447
181 259
357 144
70 228
484 337
594 413
374 354
362 210
288 546
425 582
217 573
406 567
517 201
525 447
337 521
469 141
236 538
549 123
334 222
515 415
110 247
192 380
207 429
297 243
542 589
5 167
403 35
383 235
559 201
358 240
421 7
279 101
101 383
438 568
41 449
169 143
293 485
429 296
365 454
472 118
266 78
260 405
1 309
177 12
196 190
276 444
405 142
431 503
234 66
461 468
527 360
481 133
437 112
445 273
27 10
518 1
148 147
240 554
429 125
177 345
214 332
493 478
533 292
109 113
87 546
379 532
210 546
535 200
379 142
295 259
21 412
515 107
327 501
321 584
1 239
117 345
385 144
157 404
450 514
80 210
147 158
239 100
194 84
300 27
84 273
211 271
533 384
381 548
590 564
161 409
139 305
209 297
134 443
487 367
356 574
149 473
426 441
157 527
494 568
590 404
290 209
351 8
59 166
270 560
500 414
193 254
121 350
2 54
97 391
437 350
433 532
401 366
448 142
28 472
82 369
115 138
107 215
13 43
319 195
395 265
550 173
247 411
27 586
2 276
57 312
177 271
1 435
506 442
241 505
386 420
528 287
575 472
318 576
138 295
414 591
515 520
404 15
540 32
159 20
254 412
249 453
268 79
200 72
480 210
488 528
316 593
588 200
427 137
406 232
277 238
521 369
156 578
371 341
295 317
297 403
159 157
8 26
171 138
261 128
88 150
40 198
43 595
415 336
274 304
50 313
295 516
44 208
352 396
7 356
344 359
353 272
151 493
323 86
576 202
285 335
39 409
98 358
137 38
483 306
490 74
441 477
379 461
276 258
153 358
448 339
290 117
261 102
218 104
208 72
516 438
459 443
314 441
543 141
176 202
276 201
564 0
251 247
63 299
507 417
190 34
183 140
518 430
457 330
115 275
154 587
598 322
516 188
366 316
545 38
84 55
307 175
216 9
24 334
366 435
497 493
572 343
579 264
157 299
67 529
312 54
389 388
240 296
462 63
527 439
386 263
137 359
429 513
97 456
400 208
434 270
279 42
115 494
119 71
14 371
194 372
267 188
361 159
522 12
326 502
466 350
170 463
341 190
376 563
182 319
461 544
29 162
7 269
524 288
185 107
462 107
256 436
107 405
199 149
500 491
354 431
179 515
18 218
449 131
222 433
355 336
225 493
400 264
46 101
51 121
378 232
9 345
321 435
418 270
213 58
285 395
277 31
452 562
356 130
278 516
366 62
131 524
390 98
336 227
483 218
400 254
497 506
407 290
37 372
264 29
64 276
569 350
166 186
142 131
394 176
442 350
307 372
243 544
98 297
283 407
205 61
403 198
316 90
447 180
592 552
582 192
327 477
38 371
8 22
57 542
381 466
543 472
332 291
187 223
414 423
450 245
103 578
154 239
200 422
399 317
436 210
55 91
15 261
345 537
585 430
245 361
299 87
150 186
180 375
372 155
348 455
322 91
329 178
191 367
347 368
71 481
330 261
354 596
39 455
92 16
505 294
464 292
476 134
591 117
513 576
508 5
47 318
289 223
174 149
48 498
64 44
236 376
529 305
161 324
525 396
219 377
348 372
280 168
541 298
413 265
243 395
332 403
572 571
228 312
207 409
79 452
223 212
172 561
174 399
4 145
80 103
262 200
481 114
533 148
415 35
585 491
152 283
120 134
532 211
236 227
439 370
512 420
528 149
389 355
45 497
86 570
549 27
48 68
86 519
143 119
567 346
363 451
493 54
347 98
571 335
259 275
366 265
39 472
217 317
180 581
533 365
376 511
450 347
437 368
245 168
0 362
401 556
574 171
332 381
412 547
439 586
213 95
318 247
336 528
525 540
285 471
436 133
455 63
85 275
139 418
510 432
593 451
324 20
17 244
430 199
450 284
86 592
569 130
305 485
230 385
401 481
126 218
495 583
224 102
578 119
286 223
119 44
181 82
285 21
510 174
267 387
548 15
493 186
172 297
299 532
373 210
367 29
263 65
547 281
463 231
200 83
524 19
19 583
247 317
14 36
206 2
278 84
477 233
351 583
219 378
582 68
464 488
313 170
527 383
218 560
462 306
253 46
209 4
108 150
230 110
12 354
181 42
580 128
573 238
203 87
539 279
527 148
376 324
28 214
11 166
79 14
25 518
546 462
414 557
242 556
53 471
88 100
32 274
377 279
535 257
100 144
233 172
339 424
431 212
74 541
210 476
509 466
264 378
420 421
433 62
338 65
210 31
271 539
182 56
240 442
571 379
440 119
515 169
516 425
375 524
169 550
581 575
464 313
22 591
1 143
97 167
269 144
492 6
414 177
135 110
128 23
385 24
377 490
476 284
254 35
143 488
548 557
501 285
118 560
321 172
493 301
521 152
576 544
257 514
279 354
226 561
590 541
58 188
399 361
29 507
64 562
189 6
400 36
41 459
308 519
170 370
480 464
466 337
238 363
375 169
499 215
208 213
382 384
410 525
219 198
217 334
212 133
325 171
585 369
530 125
329 24
222 299
162 8
499 456
478 563
480 597
554 463
334 82
432 456
273 400
198 274
406 508
247 427
371 497
544 420
307 22
366 432
453 344
118 252
344 287
404 87
118 479
338 443
418 337
309 67
21 334
249 303
422 303
17 316
210 581
132 336
431 160
382 405
364 315
143 15
353 55
471 212
133 295
307 259
493 29
168 313
258 471
419 531
188 587
312 369
264 431
106 382
121 24
177 352
512 211
416 332
16 463
504 378
580 203
314 275
5 336
197 497
46 98
496 107
419 9
397 560
326 538
57 113
437 40
421 273
309 464
142 466
544 133
516 205
569 481
168 163
5 76
259 134
320 517
221 218
130 576
422 415
197 516
313 522
141 222
117 399
113 482
596 297
245 537
173 27
400 253
304 342
277 447
228 17
543 174
456 20
429 28
304 164
318 241
436 580
32 380
341 589
223 31
143 43
358 365
570 347
598 121
548 247
574 327
306 311
554 360
158 212
337 84
586 314
74 302
180 168
292 216
543 512
439 405
244 113
523 465
326 556
256 44
24 208
342 318
352 46
514 487
158 471
453 9
523 232
47 13
426 446
422 501
505 479
211 176
39 338
240 154
449 52
217 88
51 531
544 543
73 312
45 517
147 494
364 22
117 184
413 429
403 435
218 478
498 190
4 9
187 47
575 328
104 252
224 483
180 559
312 129
19 547
87 158
368 146
508 33
542 5
314 213
144 340
562 502
319 106
484 561
338 125
119 148
528 438
160 266
108 596
110 472
473 423
288 342
532 246
487 8
171 269
581 508
578 327
125 581
249 553
474 346
295 383
204 525
320 275
574 24
472 159
345 304
163 587
53 548
490 245
30 371
143 55
420 165
112 245
242 186
396 210
238 536
123 309
60 306
61 405
445 475
68 171
363 269
470 146
429 81
51 506
382 138
394 482
493 86
351 354
170 555
75 549
126 556
41 498
371 222
166 271
128 268
468 403
322 378
2 100
439 91
546 484
569 27
521 108
581 191
309 214
125 332
347 542
319 194
381 328
485 284
363 169
335 475
585 46
447 400
489 415
316 399
377 157
345 587
305 195
554 371
245 203
292 489
380 250
276 305
102 147
441 583
389 418
404 278
288 375
449 290
183 304
191 245
533 566
222 529
153 363
133 218
59 7
417 270
590 333
350 277
411 68
578 579
561 280
505 174
162 478
432 190
143 188
347 373
203 569
535 161
60 504
172 242
169 453
305 143
437 56
289 596
429 3
212 231
254 155
428 336
182 346
157 271
196 181
401 28
282 290
144 98
393 329
105 584
186 309
455 375
159 267
448 291
427 61
224 122
21 310
463 142
583 378
364 200
29 118
18 252
447 309
589 100
209 566
2 507
473 390
319 144
374 559
356 455
438 13
413 537
469 73
316 340
443 468
84 121
216 151
395 111
79 443
467 82
344 45
238 113
589 97
274 491
318 427
56 23
437 450
573 412
538 421
499 0
52 351
498 259
92 536
594 316
98 544
317 129
237 230
90 123
570 464
123 369
465 82
385 210
129 18
455 437
210 330
60 440
436 414
235 565
275 160
338 528
8 392
194 416
571 582
540 397
146 7
264 379
100 318
467 443
235 58
237 91
591 574
362 308
386 407
585 63
47 338
459 157
230 476
59 29
567 433
27 520
315 0
181 333
81 391
54 153
441 251
47 361
80 196
239 377
481 453
164 415
566 190
535 91
581 570
201 225
232 521
95 441
23 157
314 578
206 586
285 76
265 545
206 250
156 295
298 517
180 63
80 16
176 109
108 364
426 410
514 383
349 523
294 549
459 537
173 319
402 171
17 63
502 581
44 567
405 164
579 492
126 478
494 188
129 196
196 126
553 331
183 221
158 594
91 312
156 50
212 55
458 523
526 481
251 428
495 48
250 594
294 495
398 129
128 466
409 285
433 266
106 470
506 45
80 285
69 439
233 377
305 311
542 265
379 310
344 560
398 250
446 198
479 226
491 437
75 376
146 423
308 162
448 503
540 475
551 560
405 138
396 512
138 439
515 417
438 183
492 519
290 431
342 327
482 561
351 289
128 493
557 212
140 195
225 538
408 109
346 519
547 256
348 413
445 122
400 34
174 401
161 362
329 300
368 524
167 204
357 328
77 8
166 515
53 392
158 217
566 523
252 598
447 151
536 436
432 209
514 362
158 512
384 508
543 9
43 196
406 338
560 376
559 593
321 174
451 390
120 565
203 252
0 24
182 310
280 563
216 299
528 448
192 461
544 208
36 445
422 0
11 571
87 588
341 178
353 32
50 188
499 277
376 233
135 278
525 366
581 585
485 542
483 518
322 428
28 25
45 36
223 161
502 33
562 592
296 384
461 177
573 503
289 4
43 280
55 115
478 24
90 182
211 193
501 400
316 10
260 452
580 262
322 280
533 68
377 130
507 467
353 188
34 316
147 285
449 225
149 599
593 518
591 9
209 319
329 375
33 380
227 34
129 210
172 408
170 27
258 81
216 562
400 428
460 304
154 23
282 306
215 568
170 424
75 235
360 209
121 228
455 283
55 576
564 266
301 127
445 30
441 247
407 64
408 9
365 486
84 534
287 591
144 95
173 534
352 598
235 267
304 488
212 67
519 218
264 107
281 455
450 221
173 513
134 230
167 539
501 203
359 400
338 291
473 71
462 0
466 102
1 224
510 179
70 242
318 43
62 2
514 384
453 67
21 324
416 563
467 195
551 513
298 21
414 66
516 3
540 388
129 212
33 401
574 232
16 427
155 83
416 366
212 41
30 118
271 358
559 390
276 476
547 234
326 357
203 152
536 194
521 405
475 425
507 204
257 552
322 581
505 163
534 202
570 196
338 277
285 386
485 347
62 227
548 573
302 76
211 106
71 206
0 415
492 453
315 491
531 377
327 355
549 7
559 592
388 416
153 291
86 496
440 146
43 420
174 547
211 456
337 594
15 437
233 405
132 24
543 196
107 390
241 214
284 157
426 529
312 581
570 573
42 144
71 4
541 66
7 566
263 55
64 245
482 464
463 505
457 194
13 568
59 150
585 467
554 73
76 569
75 42
316 56
397 323
10 343
422 404
435 455
540 252
342 347
86 573
321 534
118 551
452 283
455 307
369 227
71 294
261 371
528 51
326 95
143 295
386 400
194 176
467 38
329 356
332 337
539 141
198 437
218 342
186 468
430 143
168 517
40 554
414 55
434 210
592 118
449 157
155 237
497 298
526 41
505 380
516 577
285 42
38 335
497 398
262 348
508 251
237 425
123 328
476 78
109 409
222 345
206 130
584 21
177 343
320 240
521 335
480 494
149 204
426 87
247 586
228 291
175 94
167 2
285 592
381 488
267 44
499 245
40 367
560 319
61 409
222 588
509 167
20 284
174 457
396 56
297 62
205 550
246 72
490 530
243 426
390 495
167 468
406 455
157 501
176 189
594 244
426 308
249 285
31 417
181 91
310 439
322 512
422 205
396 390
497 358
566 585
390 448
435 126
137 206
577 45
161 13
77 317
485 582
252 134
586 178
574 488
589 445
133 63
544 373
114 187
187 86
19 371
404 382
137 65
523 71
240 583
582 549
74 393
358 185
393 346
53 568
180 24
412 162
493 363
330 212
271 62
95 29
466 563
188 208
479 259
408 257
57 197
512 27
169 521
91 15
551 108
527 38
429 484
429 217
512 415
373 60
159 549
364 393
539 202
221 359
559 338
392 335
394 219
339 454
281 353
563 71
64 329
327 305
425 366
179 571
308 583
56 392
358 203
292 236
402 298
66 579
236 70
195 174
101 453
371 25
427 323
234 366
144 107
317 135
312 345
415 118
126 12
475 258
373 474
558 560
228 126
424 527
575 374
160 447
276 223
457 171
289 266
392 86
290 588
352 296
331 157
414 21
194 111
282 80
2 30
231 271
566 78
63 540
62 305
537 145
595 165
386 497
228 487
11 411
82 293
258 244
243 465
357 589
378 330
67 565
546 534
5 221
69 355
260 376
305 147
517 19
575 77
30 96
365 315
79 288
489 419
286 451
546 524
457 66
170 565
311 24
389 584
6 199
82 127
402 191
0 354
18 310
174 363
517 314
193 127
217 518
543 397
473 302
95 397
294 539
349 404
487 525
484 551
311 331
386 487
571 337
374 308
105 373
274 570
229 33
83 14
425 16
317 573
549 209
151 487
425 383
455 424
297 415
93 138
432 348
129 565
440 19
291 584
150 230
100 268
1 327
294 463
463 254
65 343
61 305
594 61
175 312
528 565
422 180
274 77
529 596
76 323
249 329
301 435
558 5
568 298
381 222
265 289
560 38
104 574
399 585
459 15
380 185
228 67
225 509
174 377
492 1
458 314
550 71
529 377
156 306
285 511
537 119
597 111
25 555
379 321
484 77
451 84
560 482
138 131
416 535
117 504
492 35
370 314
95 445
189 16
205 8
251 140
495 21
363 300
422 515
328 355
268 407
112 138
4 168
92 514
96 542
276 524
425 431
287 500
254 364
137 95
526 47
521 549
539 227
480 162
105 551
118 31
337 7
159 597
289 249
455 228
475 401
422 580
426 425
185 479
40 371
559 64
142 280
112 131
34 275
369 85
178 494
322 276
553 89
301 197
33 471
324 269
267 394
237 200
404 498
469 411
181 505
224 117
514 582
543 546
78 1
582 104
73 378
199 228
1 538
113 391
543 326
308 218
78 356
257 457
71 144
194 507
573 474
144 28
574 504
111 390
461 39
445 83
176 461
95 34
116 49
563 250
453 123
193 183
497 287
14 483
110 399
376 337
460 486
391 515
365 199
325 122
265 299
203 20
459 594
590 120
329 109
69 292
492 526
419 519
156 191
528 14
308 405
102 305
112 478
212 104
473 204
297 259
130 43
196 221
385 341
153 300
320 316
379 60
401 18
171 261
2 150
32 433
586 405
516 542
519 480
368 244
342 417
499 599
432 29
531 445
506 288
98 23
10 500
382 214
316 361
523 80
423 451
367 258
111 427
235 255
282 111
143 544
497 332
543 439
342 172
402 131
213 62
116 188
70 18
204 465
10 353
290 405
279 44
362 426
444 373
81 367
225 504
61 199
412 427
287 559
337 196
194 179
448 26
117 260
211 365
166 68
270 52
462 394
489 318
590 250
76 58
371 23
488 116
52 273
197 318
548 95
27 257
197 15
492 370
329 382
188 422
528 459
247 211
592 432
219 229
507 319
409 112
515 587
462 431
303 258
287 63
177 18
598 12
81 187
216 401
276 265
326 156
280 132
592 312
334 483
417 50
160 199
491 32
128 180
402 158
233 21
326 43
216 327
421 507
290 143
125 197
19 195
391 596
107 136
401 339
467 117
355 559
69 555
170 598
205 52
501 318
27 64
253 82
116 265
541 197
341 299
533 537
370 311
330 94
341 230
457 445
470 398
109 235
77 391
317 598
562 583
226 5
427 503
555 217
573 328
541 396
72 153
538 201
311 9
263 111
335 81
208 263
400 555
141 185
257 464
152 560
505 494
23 181
440 225
440 129
145 71
355 383
408 529
577 524
128 213
596 259
18 101
563 20
483 501
487 205
588 215
549 562
303 543
556 436
203 442
300 539
384 289
307 268
346 130
572 80
482 165
228 20
163 122
178 217
136 481
366 567
156 513
483 156
493 296
118 285
278 540
270 61
162 388
424 222
356 160
285 480
518 195
511 353
284 416
528 137
137 429
464 227
33 348
38 408
561 355
121 297
395 466
574 19
340 54
515 177
277 87
74 584
523 417
283 69
478 445
426 369
315 232
382 112
297 365
125 565
205 13
51 265
317 326
258 342
8 449
180 340
247 531
86 19
116 262
287 485
130 470
92 435
109 458
106 47
76 18
368 334
415 221
591 364
195 562
89 265
416 71
370 448
233 534
538 281
218 587
435 530
15 112
47 507
202 528
406 384
310 287
304 409
11 573
178 127
526 508
550 137
595 161
265 502
596 160
450 419
151 355
166 557
201 509
78 96
198 332
126 496
263 79
19 567
109 306
354 251
419 77
183 313
350 275
462 406
180 45
505 93
144 442
517 451
337 450
555 21
27 200
83 565
136 10
309 250
522 0
111 322
522 336
237 184
491 379
82 131
366 582
301 442
409 270
474 144
378 240
266 192
406 163
526 589
492 441
450 9
42 466
132 596
490 408
404 569
187 257
123 295
242 297
291 304
329 89
552 338
585 573
231 78
140 139
476 120
343 523
362 181
126 245
133 37
59 236
509 190
114 362
548 595
159 228
101 226
49 372
597 354
383 451
529 340
31 516
423 370
11 37
122 576
514 476
15 502
65 160
294 384
581 112
74 428
119 257
310 184
252 61
192 458
420 65
305 279
187 585
107 263
259 587
567 489
256 588
528 6
199 96
447 94
463 284
557 216
436 561
148 542
93 229
172 103
505 571
263 10
495 460
286 179
377 288
240 346
218 323
583 313
107 219
372 537
401 225
351 45
537 208
103 425
12 11
176 362
94 510
92 165
393 211
580 408
26 539
406 339
151 263
16 571
315 316
198 92
28 286
212 494
31 143
93 206
324 359
383 134
35 74
76 473
529 206
237 201
421 476
60 587
567 573
452 70
444 497
220 161
461 46
135 198
494 343
60 563
106 290
579 549
587 489
471 205
8 58
251 551
121 531
485 543
401 6
330 563
181 382
488 440
75 564
266 119
269 489
425 460
254 151
246 170
158 207
367 501
555 498
156 438
10 166
28 465
64 555
110 77
269 492
2 388
515 298
486 462
471 326
409 230
31 371
265 99
29 531
143 50
364 58
160 383
370 30
585 470
105 344
491 562
469 189
477 154
184 434
466 117
340 166
317 69
48 170
28 47
156 260
524 493
242 385
384 465
554 37
156 271
426 265
182 402
223 5
199 534
250 504
293 518
256 43
514 571
223 141
271 112
416 420
46 18
461 382
350 273
554 186
89 62
2 109
87 429
21 35
206 83
290 356
267 529
504 394
160 67
302 60
147 569
485 464
195 67
201 377
437 173
108 451
404 170
70 447
280 60
151 386
54 285
41 137
139 388
187 492
262 17
344 509
401 440
115 436
464 151
564 289
557 106
590 358
324 107
324 225
265 446
97 556
575 356
186 136
200 444
543 70
519 547
275 120
362 225
289 233
85 97
38 486
355 142
260 54
214 336
378 440
54 283
29 322
502 359
124 440
507 15
588 130
258 543
249 5
545 347
151 294
30 546
396 324
440 136
372 243
415 435
361 349
122 0
467 236
189 247
197 33
286 314
261 96
521 473
218 6
242 159
368 581
421 370
280 394
528 505
524 237
567 233
356 1
69 496
159 513
461 325
547 524
441 350
533 5
251 389
489 111
443 165
368 500
101 477
514 36
198 558
84 371
290 445
47 420
408 20
225 517
240 466
157 373
454 81
560 278
380 10
413 379
523 519
491 580
158 545
146 541
8 581
99 387
110 315
89 496
483 523
321 58
361 199
297 474
303 496
268 517
574 164
84 535
100 7
417 44
350 138
387 449
243 504
405 265
316 330
599 555
257 3
228 184
365 29
122 230
232 165
315 469
57 158
416 252
228 560
336 175
196 268
519 41
598 354
364 256
169 439
410 336
395 431
354 136
537 389
589 215
496 40
159 114
220 92
226 338
361 378
213 584
434 395
414 493
560 194
301 275
148 580
469 416
556 279
346 329
583 196
118 275
564 95
290 484
65 346
328 168
479 123
68 187
119 507
143 278
310 152
246 477
260 45
509 100
93 94
395 373
79 476
563 359
530 506
105 58
300 351
354 154
564 184
442 445
363 136
289 32
363 425
432 107
98 323
585 257
74 126
321 111
38 179
98 520
326 257
417 251
37 12
280 398
134 598
21 284
13 1
480 414
9 570
478 447
385 120
529 39
578 597
170 596
455 564
559 504
528 292
468 18
336 286
302 458
114 341
549 179
275 535
138 314
381 243
527 142
497 84
187 331
425 412
57 581
261 185
220 292
141 276
369 248
226 187
405 201
239 10
85 31
579 286
548 513
542 226
504 487
364 576
333 124
236 589
489 332
202 546
460 211
293 203
71 580
60 560
77 43
219 24
320 437
352 340
102 542
233 577
389 416
212 389
361 31
80 90
319 142
103 21
173 399
484 211
478 0
321 594
62 595
288 279
553 123
411 476
471 352
155 179
553 222
464 529
485 386
564 539
476 51
135 487
281 155
492 120
128 494
52 331
77 377
127 169
250 434
586 73
233 347
91 505
590 382
203 217
30 483
383 304
559 534
36 471
71 395
446 511
145 307
198 584
467 598
488 161
521 118
216 67
10 241
23 439
12 324
357 492
577 379
294 448
571 39
339 491
330 367
99 423
133 138
289 473
548 141
305 556
70 505
172 218
60 261
369 112
311 530
235 475
367 88
334 578
335 575
263 510
13 394
352 575
521 563
280 148
359 183
493 505
585 456
217 424
16 4
456 528
62 492
198 48
475 297
297 363
66 71
150 344
13 208
316 562
249 328
288 425
444 275
167 158
125 308
263 27
510 554
580 284
550 547
25 309
433 145
436 162
371 52
52 192
278 170
135 74
311 535
58 523
40 73
183 110
321 409
71 36
129 466
252 195
195 400
351 60
259 31
383 254
190 122
463 4
143 56
453 99
317 81
78 70
414 242
546 239
347 159
189 443
18 116
542 83
239 413
49 491
503 248
95 388
457 348
219 273
218 357
596 113
449 339
275 286
262 518
255 402
179 453
236 558
369 442
109 361
167 225
428 380
512 384
370 376
125 572
491 575
320 76
514 475
376 217
402 80
119 93
240 134
523 294
51 116
181 574
141 275
568 368
456 350
228 590
356 36
280 90
522 58
250 461
137 207
167 49
244 107
82 186
52 593
234 51
580 178
239 350
314 22
343 596
386 284
91 375
167 224
440 520
113 150
150 226
261 115
97 372
358 562
197 599
184 516
15 135
158 299
472 293
428 318
106 416
449 442
323 136
461 366
61 452
123 354
20 93
402 242
169 122
533 175
337 315
128 367
530 541
480 97
26 458
94 2
475 394
335 110
348 181
500 599
481 284
532 50
50 32
150 404
136 378
298 51
424 522
219 237
360 101
190 31
7 416
438 461
599 226
314 558
459 564
599 279
364 139
419 43
201 429
95 51
259 254
69 416
594 105
508 193
399 256
14 87
435 518
131 155
39 74
460 172
43 313
240 477
263 279
249 28
452 475
358 598
337 525
337 49
155 435
516 363
367 580
73 431
129 269
133 56
146 567
369 378
401 127
1 249
547 376
128 83
233 303
464 442
280 67
59 592
442 213
411 69
213 423
47 9
166 204
213 578
536 447
563 497
310 6
403 362
361 478
349 476
21 428
199 416
44 118
413 419
363 200
103 335
594 452
220 279
166 387
404 0
443 302
188 308
189 511
518 150
523 82
282 508
238 5
124 542
593 399
64 284
248 525
438 303
473 327
241 328
176 572
158 321
294 154
354 449
553 407
198 29
255 574
556 202
530 89
433 510
582 296
594 17
349 586
528 234
274 540
577 468
264 420
411 399
91 79
590 365
393 559
542 373
414 50
62 344
355 241
314 172
10 231
510 388
584 575
70 341
222 405
295 580
393 354
411 180
521 326
39 177
22 373
589 472
470 233
474 134
449 108
573 199
522 99
167 559
364 31
363 311
41 181
107 530
588 474
327 10
99 558
14 28
412 455
31 351
97 4
234 497
505 596
178 558
490 114
528 217
158 195
476 335
402 482
400 392
19 540
370 513
366 208
527 44
92 77
84 420
465 414
403 406
187 433
218 589
546 156
65 205
389 128
87 377
34 168
400 20
493 257
478 335
564 311
230 421
67 128
197 430
363 23
111 349
585 179
31 55
314 154
505 113
535 490
538 434
122 462
14 268
59 206
122 354
458 280
127 235
396 509
404 360
132 204
540 83
454 335
166 599
391 466
234 397
480 292
403 374
284 217
583 216
584 197
80 436
538 492
78 252
159 233
166 280
73 468
510 83
533 486
155 197
388 103
7 34
409 510
300 524
46 266
81 344
225 455
368 195
212 32
333 284
579 177
211 536
442 547
438 146
305 389
74 389
273 78
216 144
359 551
297 72
282 250
546 571
149 173
571 553
495 302
588 128
379 524
423 593
333 15
6 261
272 320
464 411
433 492
561 517
400 489
502 63
301 163
149 571
538 262
6 246
420 123
461 358
85 267
137 333
466 577
530 557
280 473
422 336
509 518
151 379
347 197
495 557
34 359
472 115
271 298
313 221
192 44
512 72
140 325
109 486
363 32
204 437
257 470
576 571
438 538
200 236
193 146
522 60
267 480
553 585
89 336
352 106
188 105
412 111
543 24
507 348
460 464
8 12
262 241
207 298
357 477
457 280
528 414
249 47
68 162
148 340
558 65
341 157
57 173
389 302
365 565
417 0
342 310
146 250
70 111
15 150
32 542
545 327
416 480
122 512
322 306
406 101
290 95
125 147
544 225
333 78
430 598
35 100
188 411
192 126
231 539
72 411
381 537
109 35
306 213
106 457
313 275
145 385
587 434
212 343
409 251
109 360
144 543
316 532
499 412
28 489
118 26
267 182
163 578
92 219
336 381
478 425
548 509
330 395
325 100
490 310
10 322
41 325
6 462
25 26
149 57
457 52
368 369
528 481
391 170
565 17
363 364
52 158
317 306
196 433
34 258
55 270
11 247
128 332
502 250
428 63
57 413
584 143
421 576
196 296
345 256
292 175
280 340
579 401
149 305
263 58
266 129
157 585
470 340
542 178
321 237
515 270
335 468
291 566
380 321
273 30
80 426
521 599
43 522
110 250
79 226
10 163
44 565
103 171
296 506
555 323
483 236
233 487
521 143
310 482
176 47
128 296
291 570
116 308
580 50
478 23
146 69
64 46
209 145
333 442
127 285
428 449
156 454
286 133
24 125
164 583
119 345
586 239
68 363
87 32
113 456
52 425
296 20
555 267
379 547
555 178
49 105
306 157
281 135
236 388
270 16
9 384
138 481
508 220
567 212
582 377
298 537
373 16
589 241
219 430
412 395
11 295
343 146
36 481
455 41
218 281
271 253
569 354
459 54
569 73
504 379
552 208
538 482
84 276
541 346
277 462
311 500
457 96
147 407
46 291
594 585
318 246
417 145
8 377
68 469
577 528
387 126
179 58
560 298
189 172
81 201
172 569
536 209
548 560
241 356
585 440
351 272
579 350
67 420
181 184
84 160
137 30
375 577
522 482
172 95
484 333
244 204
263 56
264 156
248 493
225 257
471 112
545 24
448 29
540 43
522 62
350 6
427 428
402 173
15 462
382 231
73 452
118 530
13 299
230 433
574 146
495 20
49 478
501 355
474 391
85 513
299 316
501 269
142 536
113 156
397 325
429 479
373 255
73 357
18 42
110 188
547 468
229 76
444 242
204 161
33 54
112 436
279 542
497 423
268 431
289 468
579 538
295 327
82 87
192 568
59 364
72 207
60 555
224 87
75 181
587 274
571 265
570 381
551 61
452 280
145 375
454 252
72 106
258 467
402 150
39 552
522 296
583 383
57 40
342 174
61 133
359 499
420 8
543 257
130 548
401 156
22 297
177 23
580 49
449 218
136 49
470 461
173 408
450 225
401 472
571 110
380 377
319 163
513 227
489 475
468 565
252 23
231 101
108 204
576 298
234 424
364 128
61 59
281 8
315 561
565 5
150 500
189 224
83 84
417 3
61 419
242 425
191 537
385 563
516 240
499 377
337 303
109 184
105 386
498 232
102 174
15 510
31 154
24 42
21 364
206 566
270 1
185 85
472 398
247 101
394 334
403 390
406 488
360 587
300 303
63 213
419 46
217 172
59 66
149 131
574 247
497 366
384 98
59 9
506 14
7 206
279 415
478 444
538 296
76 377
2 429
432 38
497 347
28 441
130 211
509 187
142 406
251 549
4 472
156 437
594 514
237 575
505 448
302 95
32 4
160 378
112 505
10 579
346 459
284 390
175 543
443 361
484 113
546 569
447 587
401 467
24 163
160 359
150 189
10 329
555 144
425 261
68 476
200 149
268 219
171 540
261 574
63 453
143 311
44 459
560 141
339 43
464 572
257 243
448 403
304 482
314 483
84 516
474 216
116 52
114 46
527 88
323 101
181 30
68 106
71 63
162 560
443 590
109 453
80 303
457 54
279 585
576 363
73 227
222 135
390 25
160 142
563 549
487 261
239 99
163 226
225 302
393 568
351 141
279 538
45 101
102 365
223 124
326 297
34 444
495 493
450 261
566 60
286 230
538 123
212 527
268 109
576 249
238 404
553 124
270 105
555 325
54 65
509 475
556 386
305 447
128 456
365 193
254 134
557 469
251 344
14 469
325 372
93 95
593 540
16 230
358 12
440 507
5 393
300 118
231 233
386 160
597 170
432 361
74 198
580 197
464 140
580 327
94 528
282 444
59 242
595 412
510 70
91 187
577 87
425 445
565 566
172 244
503 470
465 402
550 181
28 267
577 79
80 404
15 383
18 383
285 357
587 519
104 362
89 118
572 226
156 259
395 399
189 351
426 176
410 556
386 276
431 142
344 358
584 310
408 280
118 507
454 270
19 433
362 385
15 368
262 478
517 598
56 102
440 118
3 232
589 562
100 483
502 271
91 17
198 440
100 46
553 99
164 41
458 107
141 344
46 172
178 246
453 385
510 107
446 505
123 576
222 276
560 597
230 290
472 131
256 490
138 253
93 232
343 344
133 336
15 44
498 145
563 433
24 139
363 291
195 133
501 25
433 420
343 155
84 282
277 402
357 289
369 450
440 231
159 462
402 127
498 461
444 194
395 213
229 359
577 54
594 393
57 41
593 358
141 255
513 362
486 202
521 121
540 444
259 573
366 115
294 368
224 501
70 537
597 308
24 572
523 591
455 493
99 405
9 49
432 450
181 14
133 125
25 212
1 55
266 439
276 509
176 393
273 75
217 493
539 80
226 450
360 56
55 509
223 296
303 23
124 263
448 24
356 81
44 67
466 138
183 94
289 52
414 581
426 534
541 119
526 308
30 536
531 452
492 142
46 185
113 81
413 377
47 335
179 164
218 441
117 237
174 484
268 200
7 400
20 526
512 595
33 82
452 321
108 478
496 354
18 194
131 344
141 166
499 306
57 298
143 194
191 502
576 315
11 468
203 197
372 385
410 134
95 173
273 56
437 232
310 506
315 540
585 351
318 599
51 143
390 195
272 390
7 60
555 118
484 308
126 302
415 534
339 398
319 253
140 158
211 506
580 179
436 90
257 302
133 33
204 84
308 510
466 358
358 357
332 395
316 347
132 129
305 134
552 499
470 28
176 24
121 70
494 323
404 258
564 212
150 285
303 538
203 394
427 237
507 168
404 95
311 439
238 525
17 87
27 262
576 42
589 56
179 30
204 370
472 469
476 72
494 97
221 12
237 59
72 156
564 206
512 133
183 404
372 367
221 119
492 375
504 227
577 150
539 179
399 405
397 76
46 296
194 304
579 396
302 190
387 106
218 571
48 88
592 454
178 141
545 360
266 30
483 217
7 483
558 445
209 521
194 68
262 38
488 155
519 153
445 593
414 304
99 499
281 293
381 62
242 522
411 293
495 521
493 357
531 556
594 223
429 101
51 17
570 120
382 241
246 531
30 221
184 186
284 537
124 425
505 515
592 394
356 422
338 164
401 266
40 569
273 424
140 181
280 189
131 48
47 240
223 493
157 458
467 169
269 528
171 321
532 149
511 372
491 581
192 573
430 289
311 498
74 70
84 527
476 453
331 394
406 63
551 432
420 365
333 58
10 225
281 537
275 389
302 296
32 595
242 210
219 548
312 336
289 485
362 88
193 133
46 152
123 0
378 257
134 387
31 558
325 342
481 288
290 156
200 504
276 501
562 177
21 296
301 17
436 550
551 401
454 370
552 328
446 260
179 487
295 269
215 141
594 537
430 234
167 494
360 19
44 236
392 403
210 257
70 44
95 507
347 500
179 445
253 118
478 341
268 380
498 11
380 227
166 325
107 309
88 423
402 40
491 451
264 430
509 401
307 54
439 99
518 266
564 11
529 174
453 5
485 315
308 135
253 439
268 491
347 54
314 252
472 339
183 402
595 348
150 448
78 442
18 105
195 285
582 406
467 219
500 96
119 391
95 124
320 381
557 342
367 242
289 467
546 26
422 210
176 448
43 242
306 572
265 117
161 431
411 559
148 267
163 577
14 57
103 589
98 250
504 180
149 187
350 395
470 349
444 33
526 575
540 498
178 54
146 125
64 378
203 58
95 111
513 517
259 524
491 58
71 574
573 175
205 237
467 351
210 43
36 446
216 469
548 506
87 571
178 530
497 238
76 198
130 308
432 139
237 404
50 90
274 447
265 512
439 285
220 162
39 196
319 65
107 439
485 321
332 10
449 207
65 403
595 299
332 450
496 247
200 590
445 169
372 104
127 364
158 574
581 551
362 517
507 120
82 388
471 113
384 183
50 280
505 330
572 458
206 442
164 26
407 244
92 130
26 135
182 397
417 194
572 593
301 102
282 504
266 253
191 466
47 154
527 237
433 283
286 270
490 151
96 349
513 222
360 471
404 527
259 90
373 476
490 541
579 346
145 120
309 504
104 247
92 439
249 393
325 253
194 327
175 82
278 348
292 391
320 143
33 421
547 73
448 451
257 93
362 228
195 276
267 435
321 322
124 475
17 112
385 594
50 292
148 466
306 59
120 469
428 352
565 435
310 324
498 357
501 87
117 131
282 85
351 235
581 595
51 41
452 354
237 292
405 121
571 395
453 409
57 104
122 499
497 67
289 104
177 302
391 68
72 475
325 330
148 465
549 568
420 268
3 133
455 158
507 234
209 542
456 416
515 347
340 20
70 512
428 501
439 14
558 281
208 462
579 376
395 155
22 585
450 391
557 208
41 506
39 469
106 78
456 514
377 423
97 10
542 302
358 447
56 277
534 48
583 41
233 432
57 560
542 337
257 334
6 5
542 74
543 292
432 36
463 196
11 98
472 270
90 93
255 143
107 256
271 291
212 277
121 250
397 369
213 488
182 151
267 327
418 523
359 300
14 62
116 558
221 285
140 121
501 346
427 183
319 107
236 593
536 456
301 358
597 280
535 246
119 552
88 509
153 247
6 307
383 42
471 282
195 326
452 589
119 152
162 34
274 84
413 106
118 344
309 461
457 386
203 485
569 449
289 573
87 266
296 477
112 489
237 530
313 541
315 387
530 366
474 121
167 424
592 148
40 251
157 344
132 335
556 537
372 430
134 537
323 393
23 391
491 65
355 22
574 276
309 463
340 401
173 347
261 592
565 308
257 309
170 194
568 68
71 93
404 469
232 430
523 338
529 135
173 524
39 311
204 583
153 428
224 158
39 462
184 49
553 353
373 590
8 428
185 16
291 497
35 147
182 539
396 337
316 575
130 45
229 566
364 448
13 171
439 427
599 247
321 200
95 384
485 288
302 37
19 531
313 570
7 38
196 312
492 50
598 320
283 24
452 222
337 131
523 130
93 207
379 101
184 504
346 387
2 5
339 573
352 127
515 53
410 334
94 371
423 319
20 549
54 350
426 99
516 580
437 233
88 510
126 39
420 470
560 195
2 264
441 304
554 281
398 177
515 554
236 20
421 560
241 574
460 431
225 308
204 143
339 206
423 549
351 157
451 276
440 476
473 52
319 428
1 25
575 454
282 341
500 167
316 391
226 285
248 492
347 17
373 224
31 578
178 326
243 413
20 184
557 307
22 317
413 184
174 398
173 366
38 404
134 102
283 232
116 247
390 465
166 124
413 75
264 425
437 508
375 596
192 375
215 548
70 593
293 481
565 230
502 577
468 357
360 379
366 114
342 41
242 108
451 160
196 595
305 262
94 92
100 338
278 297
133 337
465 522
121 359
514 139
327 544
429 493
223 177
337 362
99 157
396 503
577 343
422 528
158 31
509 310
541 503
389 46
429 76
452 420
367 188
375 52
533 352
455 128
469 295
448 547
513 477
455 280
96 395
139 524
443 390
385 530
55 409
6 562
84 87
103 210
362 63
504 93
324 37
27 455
333 152
138 580
437 392
97 148
53 50
231 11
400 151
226 102
218 335
396 40
529 81
593 444
524 254
129 86
417 394
21 291
320 537
499 529
76 144
588 459
394 346
335 65
57 148
128 376
199 455
204 297
106 398
283 264
167 461
43 68
596 236
262 385
392 45
3 107
266 356
575 358
288 259
410 332
557 309
71 387
64 185
292 40
562 40
466 561
122 131
90 141
579 399
401 39
597 114
383 587
589 460
267 166
282 261
530 265
414 174
409 63
465 432
303 368
448 16
264 315
333 515
594 336
291 229
408 222
395 202
109 452
542 165
531 410
218 190
560 570
116 143
578 229
541 164
119 242
397 584
403 83
66 399
481 253
351 46
542 30
492 26
212 526
308 323
162 320
395 367
228 395
325 191
306 62
66 113
550 369
60 488
408 243
318 292
328 124
216 85
419 338
143 503
450 335
533 351
213 541
8 444
260 15
498 284
520 423
437 230
487 238
245 317
257 0
168 438
188 43
92 516
84 154
90 242
99 289
1 42
530 138
206 578
240 568
342 384
24 497
404 367
408 69
98 486
347 32
328 174
404 318
504 166
310 440
537 296
390 60
476 477
103 416
436 152
383 453
268 148
67 564
365 386
597 516
173 15
359 382
343 42
539 325
19 374
274 303
257 393
119 208
240 302
145 323
421 516
298 19
97 368
170 8
165 30
491 532
308 150
382 195
361 189
356 441
209 190
201 117
446 486
412 207
193 281
298 10
105 177
48 507
424 118
360 549
110 175
328 49
512 561
500 217
479 381
62 447
396 29
431 578
529 181
267 448
332 74
18 357
306 140
517 270
47 574
482 149
331 308
62 535
63 361
443 26
282 321
148 169
434 326
519 151
529 337
338 407
521 298
250 591
61 279
3 504
161 153
111 127
190 516
517 223
243 500
359 412
0 570
142 507
367 180
180 171
331 118
579 483
176 388
250 429
554 60
530 455
561 47
494 284
227 523
42 506
81 416
530 241
463 358
426 593
575 376
192 513
589 401
374 534
573 230
360 350
495 308
142 599
437 172
380 402
140 328
307 261
480 522
382 522
242 74
106 584
345 463
308 393
465 369
130 582
367 415
244 530
552 140
208 251
57 54
505 130
347 479
91 44
336 250
391 309
13 146
334 295
387 223
200 524
66 388
401 221
277 122
487 512
452 454
286 157
192 176
531 157
441 21
245 224
417 331
415 539
56 49
495 158
398 321
475 521
564 290
142 538
335 287
235 347
481 347
220 425
254 241
502 388
36 257
553 14
161 33
525 300
445 452
330 84
90 559
405 276
70 394
282 319
440 367
576 236
542 202
8 337
394 423
517 162
599 595
212 480
153 95
488 220
355 450
87 283
391 273
522 438
309 375
249 100
434 508
12 335
519 397
55 486
144 184
166 498
32 52
475 284
503 413
30 484
544 291
544 366
367 272
45 114
445 293
124 221
529 277
336 570
588 98
243 123
414 25
222 551
583 179
441 518
328 181
548 294
369 458
392 583
88 117
83 494
373 269
268 338
37 283
183 379
420 116
484 154
480 135
259 94
97 410
98 199
400 504
256 466
597 235
543 181
181 592
23 4
450 57
33 278
193 283
327 57
198 436
53 242
539 372
254 369
53 265
205 513
429 75
396 103
314 302
258 573
497 251
339 483
109 442
518 594
201 420
147 533
283 280
85 61
119 470
266 393
436 331
518 285
526 52
431 116
111 462
540 526
502 366
180 311
160 238
131 213
483 504
301 311
599 74
141 512
60 231
105 180
80 379
382 250
423 268
108 493
267 226
509 427
204 88
271 32
292 586
528 216
213 267
360 299
388 325
112 265
120 531
508 391
525 469
3 300
173 517
489 59
4 137
305 227
278 480
550 336
373 330
308 210
557 590
104 208
214 30
235 562
310 30
5 444
180 114
3 178
496 392
580 129
458 22
501 316
284 442
157 86
390 299
368 546
339 417
448 447
390 356
230 202
248 352
298 188
210 110
337 241
29 130
76 180
364 548
329 463
412 391
418 219
182 549
561 16
123 429
324 248
47 356
175 523
441 46
346 31
268 456
330 263
435 291
473 72
36 592
476 449
169 154
158 470
134 429
527 363
367 393
122 525
224 210
91 310
208 216
447 294
584 270
14 188
95 286
281 230
175 368
406 225
29 511
213 544
230 369
228 297
154 202
508 555
356 120
328 554
223 45
197 484
475 312
92 1
139 398
157 350
41 309
54 317
161 51
554 465
406 21
157 155
413 579
561 18
556 95
18 384
445 551
82 540
439 255
275 530
111 233
597 439
201 572
434 438
36 244
470 107
156 343
519 76
530 489
349 438
572 538
274 376
282 567
222 9
20 520
316 587
195 124
291 388
374 516
140 511
302 468
144 365
448 352
102 45
448 535
169 496
152 455
593 47
150 420
35 376
460 55
334 28
448 57
125 320
588 261
173 263
433 75
210 141
494 94
335 505
449 63
47 273
465 236
496 202
195 434
289 574
225 231
104 140
452 218
216 71
273 210
517 1
395 550
350 79
388 336
61 17
365 195
42 426
251 591
574 92
143 441
514 309
163 311
72 234
461 24
494 360
550 440
197 87
399 35
372 562
188 326
66 157
216 261
353 130
220 521
341 175
164 458
89 83
570 307
406 281
585 230
418 579
343 419
231 460
392 183
112 539
587 520
107 548
489 197
268 497
303 336
74 12
199 496
547 275
206 268
171 14
481 144
17 598
483 441
429 421
507 9
103 302
465 22
599 514
357 370
350 206
416 21
106 383
120 243
492 12
510 495
315 560
283 508
321 359
500 260
451 500
278 290
579 106
571 155
81 256
170 86
20 590
553 325
404 576
459 465
96 187
193 520
356 423
141 201
428 122
61 258
76 255
280 282
73 270
351 76
311 364
270 18
433 343
449 348
282 89
418 427
482 67
413 541
325 314
124 319
562 342
103 548
95 38
485 44
269 123
325 135
486 573
334 501
266 377
274 474
284 293
198 293
368 351
308 452
532 7
386 520
190 508
206 370
459 118
221 351
477 139
436 514
95 480
130 42
381 427
298 575
160 293
165 300
48 553
517 381
5 427
109 287
479 568
170 487
51 410
326 551
92 470
406 544
313 239
60 543
338 188
390 441
141 442
425 257
464 341
495 588
281 178
149 164
393 371
187 419
76 164
261 311
83 462
356 23
274 161
504 295
201 236
315 91
76 289
390 412
106 375
434 23
58 13
289 95
133 401
496 425
434 69
580 385
45 594
88 347
201 63
12 366
548 245
60 294
272 435
461 574
420 528
285 243
236 304
249 334
226 301
112 520
156 94
170 290
234 378
482 93
133 319
156 10
459 30
512 506
487 519
589 498
375 36
401 457
355 122
128 572
79 314
523 148
113 350
73 435
322 131
330 128
385 198
238 288
404 520
546 242
483 476
230 370
557 451
113 481
146 73
339 342
164 534
516 445
590 148
373 586
349 290
140 77
449 594
213 17
283 331
125 427
120 334
75 258
538 167
298 367
508 447
145 190
359 520
126 130
589 77
418 462
119 449
499 576
371 374
263 215
124 82
13 400
411 369
342 144
42 280
453 334
85 355
109 292
45 139
105 125
316 362
107 512
537 552
33 128
14 520
538 128
371 142
139 271
458 581
535 598
306 200
142 152
503 465
312 272
91 202
121 440
363 564
331 512
425 8
435 114
566 13
444 333
256 590
550 272
495 351
102 181
118 96
283 560
357 224
192 274
415 218
549 490
436 521
381 181
445 191
271 48
289 313
85 433
18 503
486 489
220 305
297 84
385 490
229 409
67 587
349 146
262 288
592 421
69 246
330 116
138 28
298 348
59 240
512 302
192 37
125 481
519 438
107 269
106 103
526 144
437 111
225 20
256 598
477 388
223 25
355 420
172 181
270 479
375 493
488 228
285 209
374 166
549 13
101 89
362 335
268 583
519 44
462 422
470 19
197 381
149 175
283 274
102 97
178 147
493 588
186 95
559 191
99 10
572 96
321 361
362 481
64 137
465 566
120 388
598 373
155 562
450 71
195 587
513 506
241 549
386 44
33 281
118 238
23 144
282 170
336 199
392 544
341 450
139 95
535 364
229 207
108 1
147 554
265 309
395 485
140 67
13 213
69 85
260 249
159 229
433 447
64 238
129 340
212 255
569 330
469 36
177 153
26 542
182 118
459 523
82 243
425 320
174 540
1 10
358 406
87 339
214 553
77 477
119 210
248 409
84 589
132 62
298 268
104 283
502 157
432 306
542 66
569 7
461 476
576 377
221 176
435 96
568 2
156 383
236 550
455 83
68 72
329 208
534 524
345 561
568 15
340 193
493 293
313 247
442 194
184 465
89 181
321 332
67 299
384 109
464 172
197 539
498 306
440 67
297 146
229 407
525 117
57 423
366 305
318 550
359 88
468 480
494 409
382 144
7 31
253 352
325 161
51 113
478 431
113 434
453 490
339 405
587 395
347 510
554 560
512 438
105 44
136 301
399 518
293 336
558 177
495 355
584 222
5 286
258 59
189 430
491 338
308 359
235 196
232 439
19 559
194 520
475 577
465 362
93 435
484 526
258 506
14 23
339 576
568 123
191 557
151 141
371 306
21 539
246 458
500 94
298 472
66 593
568 584
174 466
459 464
259 14
6 296
364 267
127 407
337 495
13 465
399 538
365 355
278 553
465 286
35 60
123 360
505 588
350 482
401 569
82 219
35 260
323 79
304 257
224 177
145 373
147 339
261 536
54 284
124 490
467 353
72 435
249 245
275 305
526 240
203 174
527 576
285 295
190 97
530 348
79 152
372 227
246 585
196 223
417 528
524 476
413 333
270 299
292 335
59 582
31 70
380 513
300 167
368 403
70 66
521 594
581 567
552 16
392 245
184 345
407 398
8 100
261 541
547 458
460 424
310 201
370 529
8 50
118 583
584 313
512 111
489 344
592 553
4 376
433 455
26 0
561 6
501 494
186 324
513 361
97 227
181 230
32 228
167 391
263 299
557 27
193 521
437 42
55 316
163 568
399 49
98 24
212 442
395 351
569 66
99 415
517 464
31 20
484 389
187 539
164 71
18 554
1 254
468 282
53 266
149 125
429 178
370 403
530 444
475 236
388 270
94 105
42 551
444 302
197 134
114 135
20 239
177 170
385 192
360 530
500 433
431 585
425 455
482 48
69 310
213 522
153 7
199 363
597 160
81 127
303 323
211 301
583 210
405 26
217 219
419 254
167 497
135 294
301 145
269 367
554 5
238 232
453 200
463 213
348 570
412 69
56 513
104 593
441 90
511 304
528 452
37 231
212 519
599 122
357 258
103 260
253 458
468 233
528 203
418 557
24 501
186 481
296 147
492 154
307 292
85 424
31 285
180 291
203 107
502 470
285 205
133 303
527 475
292 365
575 24
216 438
564 520
22 222
151 200
28 379
492 108
412 358
576 40
202 18
576 454
6 388
308 363
171 229
379 13
139 544
371 545
291 48
193 176
366 409
235 202
127 26
399 575
102 348
346 536
165 492
383 504
495 183
433 92
98 155
584 42
354 52
44 244
46 276
459 74
43 303
191 442
111 161
149 13
278 385
522 186
173 10
309 30
269 162
354 146
348 58
352 294
382 194
574 546
220 462
282 469
155 70
492 478
62 514
296 178
194 131
102 594
51 502
131 28
377 155
291 175
187 482
122 14
354 524
555 454
2 183
9 53
248 6
378 514
451 271
557 356
381 121
153 55
115 228
403 530
64 248
474 303
11 419
399 493
324 307
530 376
233 544
341 550
110 530
544 539
545 568
243 163
534 111
297 409
81 320
534 265
114 117
442 226
279 533
358 398
143 29
462 330
82 70
269 12
243 171
158 161
556 213
156 52
468 57
79 530
389 233
181 153
474 305
209 329
170 483
341 131
178 155
345 546
461 513
179 356
210 550
280 197
154 133
509 423
88 68
1 592
349 247
451 287
279 543
582 545
354 510
128 543
451 294
274 10
471 268
283 110
268 412
102 427
355 463
574 212
153 114
85 426
108 587
343 348
249 351
385 487
210 260
104 275
460 474
264 592
427 336
411 486
148 83
139 515
438 310
153 559
509 479
541 182
115 489
419 129
332 38
159 484
564 80
401 378
320 556
25 152
214 156
288 153
424 562
462 132
223 503
139 588
555 207
96 151
167 365
548 356
19 122
407 7
137 351
500 266
113 540
463 193
26 556
202 476
492 392
262 4
484 589
195 45
18 184
351 529
563 388
72 365
158 133
385 424
577 116
81 446
261 98
367 546
116 234
416 116
493 285
420 363
303 203
48 219
292 104
140 132
35 439
299 123
580 569
77 161
25 32
211 455
422 332
245 72
517 286
200 515
424 420
406 454
1 265
588 585
24 553
45 457
244 184
278 354
435 87
126 411
386 168
213 149
218 200
269 567
527 375
156 33
207 565
73 137
349 109
46 166
319 171
263 419
421 168
288 403
331 172
205 590
371 227
218 532
531 134
392 454
283 122
148 343
154 173
135 118
513 258
524 262
104 115
323 130
106 482
240 388
374 489
450 230
79 543
433 167
533 575
95 530
188 219
155 112
10 476
92 10
368 45
345 390
411 512
475 500
16 247
55 283
329 499
489 154
232 265
571 535
266 422
176 455
574 499
493 351
561 173
57 106
570 330
82 80
567 583
327 67
423 547
19 556
117 527
5 48
112 353
577 485
453 314
13 184
107 21
551 73
299 494
6 448
257 283
176 517
457 449
575 473
521 146
28 134
404 112
573 140
358 201
116 565
105 359
536 502
98 287
11 123
326 110
380 56
354 391
381 154
144 194
1 244
548 127
487 300
466 98
19 414
550 397
99 98
342 150
451 458
526 32
554 153
403 572
352 543
495 107
177 412
447 114
435 506
22 347
277 361
285 418
360 192
499 8
352 9
535 76
125 564
222 232
598 542
591 447
177 148
130 230
92 358
533 562
177 535
573 366
246 576
73 223
252 50
64 480
499 301
217 186
86 318
236 443
412 118
373 213
557 301
576 548
400 518
31 336
518 227
240 52
372 418
349 215
142 175
209 394
564 246
364 99
591 80
347 194
75 424
128 29
189 387
225 154
572 172
508 18
27 232
216 235
526 223
302 170
9 389
385 492
242 538
14 336
449 564
161 334
407 475
257 164
78 543
80 446
39 172
230 248
328 521
480 259
32 530
250 140
193 580
421 439
322 23
520 183
25 540
377 84
33 386
391 520
511 327
24 53
396 129
208 389
41 304
22 101
530 383
464 383
488 306
132 435
400 558
356 409
421 434
512 352
100 279
2 20
20 422
139 430
28 56
322 164
175 548
291 268
186 561
68 184
285 89
135 56
469 470
554 38
249 67
218 85
168 520
420 495
400 194
28 5
112 350
438 554
427 478
534 568
258 445
269 408
61 230
19 82
255 497
572 312
481 247
531 438
156 239
243 468
425 178
321 54
427 559
528 439
409 578
165 62
40 364
11 60
64 352
398 83
154 208
377 405
308 277
233 406
377 345
594 368
38 55
385 221
52 128
528 362
518 514
137 373
54 500
243 56
324 88
519 320
555 137
399 401
377 595
41 310
319 78
24 409
189 202
253 326
515 332
346 135
257 506
200 298
330 474
12 533
541 390
524 400
114 31
273 462
230 216
242 447
372 167
396 119
208 343
250 473
166 0
239 534
489 102
137 31
204 70
11 35
581 46
554 374
223 534
230 40
584 422
597 376
554 32
513 191
43 233
270 293
13 364
204 179
44 148
117 407
138 219
391 538
395 453
25 483
45 299
80 491
92 129
393 171
226 363
564 336
13 20
153 111
330 431
46 532
377 154
374 222
156 171
471 381
150 110
562 458
137 263
455 441
109 460
248 580
120 58
232 168
273 428
449 166
496 573
243 309
120 462
12 138
558 378
69 121
51 391
596 290
411 184
381 521
203 404
115 543
277 8
80 229
305 20
163 461
184 30
276 29
133 474
235 586
353 531
138 318
500 128
499 59
281 497
362 493
313 133
453 235
357 488
100 478
384 134
62 307
386 103
104 318
541 361
455 32
291 352
306 504
179 574
386 282
448 154
244 465
231 198
189 196
237 170
179 96
448 262
360 488
440 284
275 178
94 223
85 14
308 229
398 192
265 97
129 560
416 413
79 8
426 142
89 410
310 369
129 460
359 306
186 596
475 341
550 66
480 593
206 142
551 181
467 156
474 469
360 426
20 115
216 362
540 194
222 30
165 392
193 534
239 598
177 116
591 539
44 1
590 116
277 148
104 413
117 411
513 363
238 350
374 428
597 557
311 178
448 568
92 402
188 363
33 130
130 360
135 464
84 231
131 366
485 231
108 475
467 558
309 121
384 441
87 215
545 293
90 513
251 317
43 348
103 179
143 153
161 400
335 187
585 49
530 415
481 182
513 236
203 511
263 445
288 399
555 476
221 36
309 71
485 86
381 184
42 527
351 438
60 90
408 131
572 592
184 290
177 577
365 256
96 88
514 554
263 599
209 106
354 192
402 489
445 503
423 599
94 373
194 316
469 389
132 564
575 444
347 322
380 326
407 585
199 558
562 313
65 297
539 82
529 294
365 425
85 235
595 409
16 84
8 546
188 20
292 137
539 582
113 39
221 137
400 118
54 404
286 471
171 158
171 120
389 53
511 39
89 470
433 296
271 190
537 383
16 369
480 323
360 134
569 327
73 451
489 290
48 165
312 404
368 28
114 343
70 128
29 74
43 3
453 223
114 277
250 595
386 258
428 588
351 498
511 300
429 222
234 373
54 573
301 414
77 318
365 6
446 57
272 350
121 422
358 242
543 94
575 28
134 310
191 444
173 417
566 64
432 8
423 243
357 88
592 196
15 23
32 45
346 275
267 245
354 208
151 206
3 454
178 158
65 566
155 135
526 116
215 580
237 324
346 85
524 271
570 517
28 522
324 95
440 90
106 409
535 72
590 536
581 139
41 421
569 204
320 106
428 378
47 508
230 178
194 43
125 130
276 6
448 67
54 375
154 72
113 380
246 114
227 582
445 225
151 320
589 584
501 587
38 261
337 195
240 20
5 318
255 548
325 62
438 304
55 381
425 173
555 439
388 50
531 203
588 421
323 65
549 260
397 523
9 166
508 278
142 332
472 201
6 593
580 69
346 356
201 466
328 115
155 591
100 493
103 549
263 181
316 400
109 380
261 595
449 562
407 355
518 464
291 178
338 300
170 136
574 453
366 21
259 571
379 203
232 286
44 171
536 4
340 175
389 130
16 517
308 102
31 545
252 165
579 190
481 157
344 332
157 428
175 49
176 377
170 248
58 411
43 185
553 394
584 232
468 47
92 421
107 257
356 534
377 234
132 578
545 236
264 462
326 193
95 569
599 396
273 446
455 432
447 144
85 35
318 82
201 587
466 135
494 457
46 537
301 367
242 181
495 167
374 474
41 20
471 566
424 437
312 515
550 585
449 7
85 188
234 362
497 307
4 64
428 49
496 404
118 567
69 559
326 522
301 99
256 403
55 574
94 417
411 589
276 140
408 63
221 27
528 492
503 525
341 83
337 440
567 60
438 242
413 113
106 100
525 315
474 517
15 291
245 85
467 281
52 285
445 327
397 340
151 37
448 187
384 38
363 285
111 296
136 125
84 309
520 411
558 562
226 27
507 424
316 398
58 55
349 377
223 259
303 468
44 522
571 64
428 175
216 56
587 272
482 50
49 11
25 544
136 492
9 277
268 151
536 430
1 367
338 139
427 579
311 324
245 355
248 585
286 565
286 177
291 421
270 564
545 139
71 24
120 210
100 74
582 300
477 510
141 399
29 121
196 460
294 440
189 126
329 493
80 344
263 471
33 396
156 329
485 252
253 396
283 386
75 125
570 300
497 465
464 359
4 430
125 361
403 355
80 28
238 586
237 138
246 76
120 357
10 6
354 359
53 393
384 92
483 508
252 296
349 496
477 284
481 84
321 46
107 160
346 142
449 258
243 527
130 312
352 281
198 398
130 272
317 512
156 562
333 315
183 31
313 72
262 428
173 397
394 452
343 550
571 550
57 339
21 493
562 111
233 356
284 587
141 10
115 465
391 431
200 571
528 453
533 322
183 314
364 84
577 28
361 587
98 180
365 324
208 122
80 408
564 318
310 94
355 325
366 380
33 292
403 259
375 230
377 316
364 308
206 402
196 451
204 61
129 225
56 210
421 347
390 208
372 274
316 435
205 22
47 551
568 527
545 400
390 259
408 399
56 363
45 241
424 516
335 92
369 473
240 559
196 453
462 59
532 226
76 276
15 574
98 379
37 128
423 168
427 380
304 86
268 235
157 109
387 184
15 450
484 8
369 26
279 337
401 439
258 154
124 588
54 197
369 354
418 437
592 517
149 266
232 339
336 389
389 446
67 210
169 390
280 218
64 387
62 348
479 567
361 15
493 430
387 375
216 189
426 41
501 399
54 63
498 126
387 69
229 585
435 62
83 558
40 241
177 303
160 487
324 155
320 198
577 354
125 71
72 126
57 293
216 231
482 152
506 535
212 80
244 478
447 26
255 205
74 5
136 571
100 362
395 160
95 428
204 216
51 180
462 395
231 343
340 323
533 83
478 4
155 122
489 568
356 336
538 344
24 89
537 304
356 214
385 312
578 456
551 147
12 6
410 16
434 231
345 75
12 159
160 181
396 502
556 504
517 197
108 548
224 218
475 54
506 536
7 478
510 180
227 568
119 187
594 522
