30 95
12 5
28 0
14 2
22 1
18 9
1 12
6 15
10 23
1 14
8 24
20 29
21 1
10 20
26 23
10 9
3 11
4 14
8 17
18 14
0 25
7 20
3 19
1 3
6 16
2 12
0 10
16 13
14 19
3 23
15 8
14 28
2 20
16 3
25 14
18 4
13 3
6 25
0 15
5 16
4 21
6 3
2 21
9 2
15 19
17 16
12 6
6 1
16 7
5 9
17 2
29 18
3 15
0 20
3 4
25 28
22 14
29 7
27 13
24 6
1 10
27 9
4 27
28 19
24 28
4 25
10 17
24 25
27 2
9 4
7 6
27 22
11 9
28 18
17 25
25 3
25 16
1 13
11 26
21 16
17 24
19 23
17 5
22 15
3 5
23 1
19 22
17 18
19 4
16 20
17 22
8 4
1 4
0 11
11 12
26 1
