30 140
16 8
23 26
7 15
13 29
29 5
14 12
12 15
28 1
22 27
24 27
15 23
16 10
23 29
0 16
27 16
21 29
4 12
21 16
10 5
12 3
20 23
6 3
26 22
2 27
18 12
21 6
22 16
9 6
2 29
16 7
24 22
18 25
9 13
25 5
14 0
17 1
28 7
10 19
14 25
22 17
20 5
28 3
18 5
6 0
6 23
11 28
17 5
5 21
27 4
15 22
0 13
17 8
11 6
7 27
7 2
5 13
2 8
26 5
27 14
8 6
22 25
26 1
15 4
28 10
10 27
0 7
0 15
24 26
10 3
10 7
9 28
23 21
8 12
20 6
14 13
19 21
17 14
28 24
26 6
1 16
2 22
9 24
13 21
29 10
8 19
0 25
10 14
0 17
23 11
15 16
21 0
12 25
6 29
6 2
19 25
0 11
1 7
12 28
0 5
29 11
20 22
26 15
11 7
10 9
13 23
4 0
14 18
3 8
11 27
13 6
21 24
24 3
20 10
25 10
10 18
15 18
19 28
4 29
21 8
23 4
8 24
2 0
17 15
15 29
5 4
14 28
22 18
4 10
21 26
1 10
13 20
20 21
0 3
7 18
12 21
26 14
16 26
22 9
8 25
3 25
