30 190
22 2
23 8
16 1
22 19
14 20
12 18
1 6
0 3
13 12
10 26
3 10
8 4
12 8
28 20
23 18
15 0
19 15
19 7
14 7
9 15
1 18
9 2
24 10
5 6
17 3
9 19
27 0
26 7
26 17
0 4
13 9
14 11
4 16
18 3
16 8
14 25
20 19
17 10
22 5
15 26
24 6
21 2
20 11
18 14
11 29
14 15
18 0
19 4
3 2
21 4
3 20
25 9
20 13
10 11
27 4
7 8
9 20
8 26
24 2
20 7
24 18
13 6
4 11
29 21
17 23
7 27
17 25
15 13
6 8
0 7
7 16
21 28
22 17
15 24
4 7
19 28
10 13
2 6
20 15
9 6
3 12
17 5
13 0
8 29
2 20
9 11
15 23
24 16
14 9
21 19
6 29
5 13
12 28
29 5
24 3
1 13
6 28
15 10
23 21
7 10
8 2
0 28
12 22
5 16
17 1
28 15
8 25
20 5
16 21
22 29
5 25
10 9
16 6
23 1
11 24
14 1
19 6
3 23
17 6
22 0
3 21
16 9
18 6
13 4
24 0
19 24
6 3
21 24
19 14
8 14
11 0
2 29
23 2
28 16
13 7
28 14
20 23
23 29
20 26
17 13
2 1
6 12
18 7
19 0
10 22
8 1
26 2
24 7
26 5
19 29
27 22
21 5
11 27
16 10
11 2
19 25
3 4
21 11
15 2
12 25
7 5
10 29
3 15
27 29
20 12
16 0
24 29
28 22
26 6
27 19
12 24
10 19
25 21
21 10
18 5
27 3
8 20
28 5
23 25
10 14
10 12
29 0
27 5
3 22
21 14
2 10
26 27
27 28
23 28
4 5
