500 3500
130 341
323 61
352 106
485 113
476 356
221 142
368 429
183 338
26 335
54 87
394 262
300 54
455 66
347 342
292 247
287 459
431 128
340 78
240 410
178 131
450 208
497 276
12 288
453 370
247 92
432 237
0 153
385 441
267 421
178 90
192 143
168 237
41 325
411 370
484 229
122 150
157 388
77 374
499 149
175 310
120 56
12 205
372 169
135 461
296 48
140 82
398 358
283 146
426 139
43 353
128 320
59 307
380 314
127 351
129 49
18 431
272 137
378 399
197 93
65 406
485 384
306 260
120 350
252 240
340 453
255 398
102 487
5 394
193 157
440 211
414 474
5 184
164 211
313 62
11 322
395 391
174 46
346 448
449 315
159 325
149 475
102 203
170 340
143 415
177 5
288 52
253 214
265 494
217 374
429 376
41 473
120 34
450 496
353 25
310 434
149 262
325 123
355 151
119 452
322 245
46 481
482 305
312 375
132 130
0 268
464 362
348 120
331 78
271 363
480 275
208 242
121 495
222 188
412 91
76 94
416 421
361 289
273 59
355 382
156 85
160 362
257 95
159 75
185 249
100 130
288 343
81 291
239 142
14 297
495 38
95 170
391 317
478 226
15 273
35 141
254 400
161 76
30 40
280 12
406 277
247 171
203 104
488 287
493 246
17 250
301 253
150 220
142 16
141 161
86 8
55 138
302 303
96 79
185 228
350 116
188 281
244 373
251 231
167 28
81 422
429 12
101 273
273 358
271 482
85 498
412 371
89 99
234 172
47 463
328 494
320 5
49 119
261 216
449 20
67 263
142 86
287 446
112 124
262 350
146 152
308 108
110 216
395 155
442 81
194 367
192 3
362 47
148 31
281 178
141 72
104 281
83 82
453 171
256 446
265 63
417 400
370 90
353 179
100 322
438 481
243 110
101 314
36 423
89 166
54 460
110 430
352 71
356 420
93 278
174 386
308 322
379 1
324 274
489 203
12 130
333 86
249 81
412 161
441 225
318 237
251 158
65 417
395 221
214 440
81 16
342 216
404 232
114 498
311 366
1 481
498 464
56 262
381 108
43 396
267 445
305 399
451 285
226 49
341 236
292 186
298 76
161 433
440 445
86 474
253 306
374 388
383 41
491 61
26 360
126 53
194 242
152 240
231 54
48 169
265 381
371 455
455 48
11 172
158 384
107 297
95 226
63 21
136 328
296 237
58 416
280 441
399 483
267 272
24 146
473 144
90 458
444 45
142 384
274 302
466 401
121 490
183 313
287 339
106 488
18 486
436 90
236 445
420 110
330 495
461 39
5 14
204 428
108 368
140 39
113 468
149 192
12 116
431 202
362 405
410 112
324 475
114 278
224 225
41 424
115 140
424 410
162 175
214 240
93 421
332 57
183 63
232 160
298 437
234 288
338 112
429 83
73 103
380 251
135 57
189 457
27 255
364 249
305 89
270 458
251 472
202 478
141 271
277 191
161 97
134 350
141 227
277 174
316 334
370 29
361 326
89 315
117 55
210 454
75 275
337 392
173 27
365 118
180 11
241 438
457 110
201 299
293 317
358 311
322 101
214 171
259 240
297 210
16 420
456 134
388 61
2 340
414 329
286 220
411 214
38 117
198 12
338 416
14 6
268 201
372 499
49 306
394 45
68 74
379 303
249 250
351 352
177 43
99 354
78 429
2 271
484 165
214 232
184 395
102 259
331 35
407 40
62 248
297 237
425 36
305 234
283 114
243 150
114 405
37 165
480 177
471 181
144 215
292 141
304 112
126 396
372 327
156 465
456 213
318 313
177 304
160 325
493 230
89 70
261 350
44 64
238 376
397 185
266 3
280 270
441 434
211 466
380 465
176 289
75 393
269 27
365 457
398 98
56 107
389 453
495 349
269 330
261 50
387 107
349 50
418 16
240 380
377 1
28 71
381 325
208 59
81 197
60 221
174 27
114 121
422 238
479 25
382 170
100 278
95 83
183 482
96 2
347 475
156 437
353 59
326 473
421 72
455 152
346 159
386 220
115 214
446 385
150 247
483 115
234 164
218 12
281 448
204 128
190 297
186 405
88 27
323 125
458 17
234 237
359 135
467 453
357 301
47 478
376 341
315 391
100 27
398 200
359 351
73 201
364 150
341 345
79 166
126 110
106 244
19 323
238 55
75 96
394 222
476 425
0 158
212 86
446 61
170 278
316 60
383 475
310 182
80 463
276 261
408 479
309 187
463 317
48 253
420 215
378 78
365 308
10 384
83 182
80 373
64 365
96 111
438 25
408 21
57 158
383 50
152 67
138 398
276 21
141 222
248 315
119 481
281 373
408 373
18 262
308 48
34 260
369 59
385 415
238 361
448 225
299 378
383 147
428 175
423 132
38 141
486 372
461 407
146 97
433 342
306 466
283 72
73 152
119 426
169 299
164 190
336 43
13 231
75 210
214 201
479 312
70 234
314 152
284 235
420 433
251 301
479 272
24 136
359 486
482 360
469 356
29 208
456 116
155 82
108 476
137 133
56 359
481 223
163 298
12 245
146 411
223 371
243 312
368 366
90 378
207 148
460 61
494 25
63 452
469 427
366 427
297 440
428 443
169 237
316 477
259 409
164 434
477 351
181 87
238 275
215 413
366 200
490 313
246 250
3 242
117 484
337 485
493 242
425 478
388 476
458 269
47 164
56 117
90 207
293 378
38 181
315 425
206 488
346 75
294 113
402 307
76 402
184 238
396 441
349 118
227 70
495 102
467 306
72 81
49 217
182 408
256 8
460 374
99 195
288 254
96 192
46 262
63 248
413 377
491 97
371 40
32 176
126 57
191 359
156 415
108 175
238 273
375 151
428 220
120 95
216 163
105 427
108 227
402 3
285 481
456 79
180 145
206 370
299 207
392 37
208 237
234 203
164 274
442 146
433 71
490 174
341 409
467 304
431 459
96 482
472 314
459 215
421 162
363 20
473 338
227 274
273 205
145 201
266 104
350 443
392 407
205 346
448 468
277 474
428 226
251 258
213 283
232 55
107 77
309 452
160 247
136 59
492 108
220 356
341 275
148 248
114 309
195 189
407 332
403 208
263 190
475 76
99 488
492 67
411 335
289 467
177 371
459 414
0 497
296 129
284 196
450 266
90 14
161 249
118 427
92 131
368 499
78 117
0 344
112 274
325 469
124 267
210 98
395 343
47 311
319 148
80 310
2 411
25 312
388 259
164 154
102 381
486 10
183 346
358 118
345 11
384 250
242 104
41 74
463 311
9 450
451 431
394 177
196 286
275 487
113 56
327 290
360 39
300 360
73 376
100 499
131 288
346 68
445 210
24 79
238 258
188 130
129 161
273 52
172 189
474 192
158 447
393 367
123 146
196 351
483 50
169 478
180 251
222 293
45 237
122 253
213 360
134 63
78 471
145 317
289 55
132 353
45 385
284 252
301 259
115 145
170 16
376 58
139 172
83 205
154 488
451 472
490 229
325 283
274 113
276 495
393 16
145 183
461 234
32 79
421 401
28 12
46 324
385 407
282 36
136 274
206 271
424 493
213 415
76 62
181 106
287 369
36 3
123 120
494 270
362 465
381 65
403 93
222 487
70 51
489 209
71 487
178 133
235 378
350 259
326 87
0 390
466 457
280 137
374 332
341 492
421 249
287 491
254 65
144 33
488 84
358 120
402 446
340 376
461 110
234 368
410 378
1 402
51 240
186 298
389 129
16 352
178 317
374 239
343 138
102 40
91 298
35 316
53 93
318 160
402 391
387 341
31 308
108 204
398 430
474 136
323 239
173 52
317 490
408 394
131 416
151 268
206 170
70 242
99 259
110 181
150 390
374 71
130 69
483 442
444 44
35 488
319 204
477 168
481 257
396 205
96 154
53 323
424 121
308 177
191 373
316 198
297 436
213 279
264 379
409 42
278 174
210 162
109 58
156 252
425 21
398 147
450 105
29 313
19 367
355 103
106 303
170 156
412 317
86 83
189 327
369 459
375 374
255 226
129 266
403 80
161 50
282 64
78 28
221 320
22 69
7 370
388 120
324 219
272 121
21 198
265 331
91 394
9 237
446 392
253 266
18 281
496 102
83 5
270 250
343 458
102 327
122 30
119 316
236 223
455 47
194 181
480 402
319 369
291 179
138 229
267 359
148 96
338 485
254 61
275 18
194 404
372 226
42 57
296 367
118 221
224 238
32 16
319 165
273 240
261 297
87 0
49 369
325 165
79 68
470 57
58 255
383 450
48 129
38 190
404 325
166 228
40 351
82 403
351 424
470 464
280 484
237 336
193 116
396 49
305 301
400 88
431 31
13 387
432 374
50 8
105 241
39 340
56 351
454 93
128 183
132 321
240 143
293 311
325 207
375 23
348 442
409 406
42 132
15 340
91 212
11 217
452 5
228 473
393 201
148 201
278 388
493 415
480 487
451 424
208 418
139 137
99 124
299 36
129 327
159 19
463 175
152 56
29 187
198 340
288 161
38 392
268 356
313 324
386 228
17 310
96 258
276 180
274 283
459 178
66 336
61 409
148 62
32 172
99 21
242 53
352 198
368 217
448 61
311 494
126 7
249 450
199 482
385 4
207 144
125 422
239 352
460 114
44 257
201 65
490 118
56 2
84 205
146 98
147 457
370 87
221 204
321 246
290 400
279 184
107 30
421 21
101 62
275 460
22 475
118 394
495 340
128 393
332 37
197 227
401 15
103 398
186 99
205 299
476 40
384 368
202 329
17 498
81 6
163 452
182 224
467 308
141 30
33 378
212 155
226 151
136 96
121 457
114 104
201 12
415 261
63 57
307 96
92 375
354 142
102 65
9 456
320 290
412 228
476 331
276 236
418 26
0 303
479 116
419 321
277 156
298 177
378 409
206 214
229 323
304 463
389 186
139 106
307 368
194 304
137 63
56 104
322 166
23 58
25 209
470 282
347 451
28 193
490 456
52 56
273 445
94 201
467 253
354 123
469 88
429 281
482 164
449 496
385 307
78 480
150 377
299 383
218 105
68 84
192 127
184 36
178 199
241 63
237 165
18 238
310 2
195 85
427 248
48 347
428 498
473 323
105 402
133 11
38 146
19 106
278 407
353 328
26 145
234 7
244 245
94 32
476 395
401 318
134 361
443 52
496 204
316 72
163 199
119 258
437 360
490 284
361 166
115 126
370 352
304 338
339 321
454 408
245 99
213 20
307 318
259 452
471 390
279 415
242 357
33 450
320 283
82 85
471 185
362 127
320 256
422 233
72 341
150 404
11 14
210 150
479 387
300 340
349 472
383 380
275 207
74 197
410 70
49 12
92 132
493 398
182 318
77 23
427 113
185 355
101 213
43 375
268 413
314 361
259 353
423 240
442 460
433 296
335 212
351 108
89 90
133 210
6 63
51 434
188 397
29 329
112 197
290 155
223 311
268 455
156 288
388 195
221 57
480 133
41 58
162 443
122 375
147 232
493 215
439 414
282 49
80 177
42 220
20 58
406 307
349 420
287 131
24 203
296 97
271 384
190 299
26 7
243 161
443 356
130 329
256 73
274 287
263 131
313 358
84 226
350 288
24 208
34 137
332 105
474 141
412 376
337 258
309 206
2 43
216 134
390 47
423 399
89 83
313 353
399 54
350 148
445 366
7 187
275 9
171 10
101 218
386 84
160 267
207 139
293 458
70 405
476 231
355 186
261 313
48 231
315 174
2 44
43 47
389 317
279 52
361 419
37 361
394 396
208 102
390 90
370 388
414 101
403 389
175 188
242 262
191 296
265 302
4 53
70 302
217 256
317 360
444 358
53 115
369 146
256 132
490 255
293 262
455 14
157 477
272 430
277 341
165 44
294 270
103 6
142 275
411 450
494 189
96 27
496 378
440 151
74 412
284 441
191 243
95 313
172 446
83 121
135 415
22 36
262 155
285 419
496 281
286 93
94 197
199 54
152 435
176 431
393 339
129 286
382 286
60 303
485 456
180 425
145 353
442 54
358 364
490 3
54 27
251 223
225 64
56 477
474 114
499 469
273 41
221 113
302 11
61 9
27 264
422 224
157 247
128 490
498 33
126 12
84 15
153 316
440 462
172 188
181 90
407 312
78 244
394 203
349 306
30 73
151 197
59 6
173 324
311 32
498 71
128 343
173 194
265 186
259 289
211 133
98 442
144 322
433 272
125 303
282 201
163 191
191 342
249 374
57 296
383 177
494 264
317 87
257 190
258 364
426 448
355 94
427 142
52 31
115 61
225 422
153 418
74 284
160 218
442 481
417 235
91 415
374 191
436 403
428 388
45 209
216 256
386 434
185 251
13 121
478 432
350 48
102 92
448 300
467 439
129 498
385 105
40 324
175 294
200 214
105 471
270 282
93 408
433 242
284 81
245 422
373 131
216 254
433 441
159 37
321 469
10 245
225 189
397 238
202 64
471 224
32 63
419 278
306 68
48 195
248 227
9 407
450 270
83 315
485 267
408 415
343 313
314 178
472 118
397 419
432 211
230 236
246 499
191 384
230 446
51 398
428 91
207 197
435 404
347 236
83 293
418 178
42 471
324 229
478 46
470 434
374 326
413 110
91 265
322 375
376 319
268 313
279 328
246 223
33 393
436 413
163 208
434 398
375 461
321 312
115 373
409 490
1 355
258 59
266 433
458 72
406 60
487 100
490 200
97 493
220 210
472 157
137 311
310 215
17 202
183 288
92 221
23 16
254 68
49 223
49 480
31 100
70 449
478 343
392 303
215 2
10 301
354 367
430 426
165 330
278 185
208 268
294 282
324 245
331 205
465 187
226 397
93 483
264 417
392 431
259 383
102 213
463 17
426 427
57 213
260 208
325 284
304 400
99 404
285 315
306 197
214 248
393 464
269 497
192 224
260 341
160 242
62 71
442 67
349 250
295 17
351 412
267 140
311 386
452 138
138 441
326 319
224 128
313 158
311 135
98 211
384 70
123 73
192 258
323 187
478 45
197 450
369 292
191 84
57 193
272 208
377 112
214 80
300 466
481 342
224 141
266 366
393 5
85 336
367 99
420 402
255 314
362 242
16 429
237 43
71 183
233 146
197 422
226 136
468 107
230 24
58 17
305 452
480 497
277 441
62 42
192 207
465 293
118 144
329 349
448 29
231 191
361 138
223 352
342 254
154 348
208 353
192 210
154 363
119 97
400 430
85 369
78 40
493 346
220 26
335 145
475 429
67 217
401 314
327 476
474 227
466 86
133 107
275 368
293 467
18 304
60 188
299 48
400 497
65 312
9 51
9 422
326 421
85 133
398 349
67 247
121 154
362 442
10 336
169 127
239 338
306 395
376 307
37 192
160 265
123 461
195 356
63 168
340 338
155 14
499 63
163 495
360 28
6 397
164 75
267 19
97 467
274 391
276 449
123 308
308 441
266 342
245 387
358 53
244 67
333 395
341 227
477 397
303 407
325 117
485 208
338 346
432 422
71 348
196 33
188 28
183 156
180 418
377 192
210 496
382 451
39 137
231 195
320 358
9 240
338 199
81 432
464 22
7 338
148 465
366 83
473 174
42 325
454 353
125 35
471 81
343 110
28 424
332 145
394 392
333 389
32 400
408 480
365 263
305 473
302 49
104 392
12 64
274 207
55 235
200 291
428 480
73 145
6 475
0 384
300 206
119 450
80 387
80 400
234 180
345 207
168 295
385 71
119 300
89 316
146 216
303 360
295 158
406 22
161 350
177 105
314 117
190 405
11 65
411 375
309 209
137 127
447 97
247 354
112 37
307 483
214 185
38 466
325 174
455 11
257 364
187 399
217 304
485 291
211 283
259 97
417 261
444 482
371 171
38 273
322 195
402 119
371 185
229 174
291 240
294 402
113 69
349 324
396 50
368 8
261 111
2 380
484 154
489 477
461 212
152 493
129 98
315 65
292 300
327 357
137 439
462 457
452 172
464 430
489 13
146 425
101 359
130 183
83 317
469 78
8 114
374 393
41 356
217 358
378 216
78 442
412 93
231 141
67 65
56 296
147 310
484 231
304 57
168 73
223 335
204 343
495 424
76 172
60 281
361 165
453 194
77 325
437 307
266 336
290 197
76 56
124 472
419 42
64 443
407 184
485 482
266 308
123 424
297 217
219 461
58 113
434 343
34 455
368 348
84 455
257 177
352 90
151 421
55 363
55 349
278 433
403 455
21 164
112 353
64 251
387 412
96 150
180 39
83 192
104 138
221 451
184 352
271 280
363 402
373 188
443 319
266 311
32 173
325 201
73 368
390 158
401 382
181 83
478 54
3 15
463 110
172 499
319 160
198 292
380 1
217 324
281 289
245 124
299 253
53 283
358 67
57 244
473 490
434 488
18 427
292 173
330 243
346 350
270 281
90 437
426 15
304 398
464 321
157 465
180 163
229 417
365 463
152 401
349 361
40 53
290 170
362 187
154 174
135 146
10 23
364 394
394 129
102 318
418 347
385 220
462 128
215 181
253 243
291 483
52 361
248 331
204 277
246 440
465 494
229 121
421 444
218 9
446 142
445 97
49 467
368 155
103 491
107 414
411 19
160 279
269 343
90 108
394 301
27 332
132 337
294 9
234 465
50 21
99 187
441 47
116 407
150 15
175 474
428 73
168 416
235 203
493 104
413 194
283 398
111 409
17 330
148 288
176 60
63 475
423 268
109 342
170 99
5 446
89 485
374 347
60 197
264 83
316 302
403 56
473 207
160 199
330 418
300 356
174 32
250 438
430 104
9 432
187 452
243 148
128 259
187 261
92 94
480 50
46 38
416 277
100 280
277 205
177 0
6 304
452 183
122 434
431 99
218 25
445 455
274 358
380 348
55 116
391 273
79 305
50 28
262 25
113 213
244 372
140 351
12 80
166 391
386 490
292 290
440 149
453 166
369 424
211 214
119 399
40 57
240 237
384 327
185 243
413 225
9 285
54 426
113 171
138 16
477 294
168 299
93 363
149 497
189 8
239 445
308 99
70 298
290 434
279 307
81 17
489 451
23 399
301 115
199 0
76 289
137 8
214 81
401 396
195 31
482 86
256 70
95 104
286 212
266 124
364 473
293 251
396 179
171 34
69 474
247 392
242 41
445 402
373 146
151 333
224 378
478 290
404 189
412 115
415 343
412 458
339 199
440 476
75 132
142 182
323 181
348 323
22 225
367 210
58 141
280 91
82 201
320 453
259 216
107 271
421 239
215 450
259 210
450 68
203 118
177 68
389 116
208 121
293 460
398 354
203 297
369 195
276 317
329 417
386 103
70 24
473 291
158 104
483 354
0 309
345 14
55 89
183 305
255 318
161 297
135 182
126 499
5 335
202 100
491 468
221 234
345 314
182 164
219 360
113 377
266 221
31 273
327 477
440 343
186 72
63 395
224 312
381 164
242 394
340 337
365 459
393 364
178 409
186 381
94 180
208 342
471 174
2 17
347 55
481 53
125 33
344 146
127 338
341 102
410 389
56 341
102 7
371 304
485 265
493 163
86 479
407 138
393 167
380 401
488 298
259 436
26 430
232 180
232 273
262 82
24 80
439 424
329 317
386 191
366 2
458 325
402 371
484 370
177 486
84 356
210 72
78 49
356 451
46 426
348 230
476 96
455 288
374 446
410 247
100 2
133 401
318 385
133 96
73 383
487 88
218 452
14 412
460 37
68 436
151 14
115 447
217 414
56 410
244 137
463 8
80 449
100 105
227 143
341 411
62 28
323 493
221 83
12 44
38 419
198 6
329 107
31 116
496 282
495 412
377 122
134 358
449 363
385 211
375 63
388 322
362 0
154 91
60 493
389 392
27 461
126 328
385 362
236 156
295 433
203 362
445 17
208 23
180 435
260 105
170 184
70 216
236 386
205 461
280 191
33 311
425 378
465 385
389 25
177 91
384 363
295 348
228 255
100 294
327 305
181 444
446 226
48 119
101 240
12 71
344 180
220 247
104 180
193 251
336 437
46 211
185 349
482 226
343 487
73 353
196 317
208 374
121 478
241 331
91 352
481 377
202 390
298 132
328 113
241 440
261 256
154 216
49 112
483 121
131 423
194 51
430 308
254 353
396 474
220 488
326 165
160 275
111 443
187 148
198 410
222 332
17 281
438 19
360 423
134 184
162 66
3 40
35 36
134 493
292 237
393 139
177 330
85 105
2 429
330 15
356 477
254 156
293 140
113 21
146 288
492 70
295 19
115 491
429 218
266 449
217 276
155 119
499 385
246 113
169 298
224 431
43 216
194 476
346 161
162 416
225 333
377 208
353 381
454 467
338 360
121 221
450 312
439 201
325 408
116 249
18 172
62 311
184 252
396 281
46 339
219 113
438 284
128 469
319 17
340 164
293 306
236 113
97 208
159 473
330 325
79 53
145 402
277 231
17 222
77 254
467 493
115 352
216 408
176 404
55 90
330 296
412 423
182 169
78 461
16 459
208 465
64 286
33 52
107 402
45 498
467 272
312 350
314 251
405 426
298 287
132 187
72 384
199 257
195 125
129 124
176 47
309 277
159 425
494 295
385 5
131 136
326 98
408 92
241 153
333 190
224 417
411 223
488 78
147 318
318 320
56 446
167 98
367 105
306 429
450 134
197 42
121 306
12 50
448 472
353 79
403 58
354 149
377 338
473 253
356 44
48 315
457 146
476 177
155 405
473 197
328 290
135 194
479 294
342 415
374 357
443 302
412 216
124 163
401 154
306 148
301 72
26 375
29 259
497 255
118 393
450 176
79 245
366 56
356 192
496 167
211 193
480 94
77 265
68 287
270 378
75 223
306 271
114 208
200 129
120 364
290 472
472 177
202 128
426 183
352 231
442 119
401 274
328 167
8 416
435 426
254 167
128 140
459 294
152 245
161 54
446 327
490 344
452 316
100 137
267 163
273 63
309 280
470 365
300 193
205 164
6 245
385 490
350 275
441 216
355 448
180 218
136 230
187 56
483 182
402 301
339 127
347 325
164 95
103 114
168 111
230 12
106 401
413 300
457 249
166 410
311 154
390 496
327 181
45 79
6 476
159 264
33 326
21 196
169 475
484 190
213 35
178 466
375 168
181 24
150 245
315 225
74 399
91 452
229 168
31 166
213 229
231 100
38 30
244 361
239 122
453 484
120 176
474 193
197 102
233 256
69 341
364 468
410 352
492 405
210 116
178 10
110 332
320 220
42 342
390 13
139 267
130 498
187 339
353 184
61 165
80 452
436 232
76 17
88 50
95 81
131 334
210 66
203 23
37 100
85 370
7 236
187 220
161 151
20 347
146 385
148 460
426 31
102 317
326 139
460 351
398 249
461 346
339 98
221 379
296 300
438 114
234 273
14 295
410 313
150 187
54 61
16 402
120 118
477 160
361 305
497 283
214 348
382 352
128 345
347 35
491 223
5 465
273 228
256 122
48 336
131 482
221 44
84 436
483 261
235 157
288 206
265 474
245 493
40 341
308 125
425 497
217 331
83 55
357 467
140 386
144 470
88 429
438 140
415 118
498 117
387 145
179 332
33 137
485 22
54 26
382 112
190 289
497 448
151 158
436 255
4 70
6 230
217 178
7 129
219 20
133 433
259 129
477 153
426 189
297 223
79 111
196 138
107 456
396 202
409 30
447 392
433 7
326 49
274 89
271 168
267 30
298 481
313 265
22 301
189 123
49 210
175 436
461 413
327 33
30 71
130 119
198 107
126 167
117 387
196 449
482 446
172 444
411 242
196 227
287 372
379 244
280 406
148 286
299 86
29 144
432 281
316 373
84 475
383 76
161 423
323 11
443 351
405 485
463 82
492 15
137 98
452 109
471 82
10 343
36 337
241 82
134 375
1 424
46 197
438 459
233 40
380 64
30 226
223 40
351 407
410 421
89 400
411 398
53 379
467 96
19 401
360 40
225 289
347 358
456 42
23 256
36 375
269 26
286 100
164 126
349 388
261 87
440 482
51 148
434 318
275 256
220 380
342 474
81 459
228 207
470 334
362 319
234 453
31 17
486 167
160 106
80 198
78 477
314 223
381 335
173 285
161 88
317 349
28 295
82 498
332 226
200 336
285 137
12 252
375 451
338 364
178 421
445 217
144 80
239 330
122 152
424 266
31 463
150 252
188 80
289 74
390 415
200 265
144 422
84 218
189 275
79 182
312 322
315 117
187 280
59 209
283 306
157 345
112 405
480 23
432 176
308 328
108 117
25 434
162 427
382 109
438 483
22 61
145 470
57 138
2 13
391 341
385 7
140 92
453 437
306 379
106 420
120 271
232 281
293 269
7 37
241 222
106 186
8 270
444 185
425 470
241 357
117 50
383 189
346 29
7 16
173 141
22 196
429 315
3 33
60 262
443 65
66 421
236 459
405 459
437 45
410 125
352 263
281 380
464 325
170 40
169 52
30 355
390 88
161 185
417 94
128 109
358 158
91 40
418 376
300 114
315 457
279 398
161 446
310 218
333 133
378 156
107 394
195 379
27 322
355 309
432 151
54 156
272 394
17 193
406 69
422 449
410 426
332 420
292 59
251 453
150 477
204 362
310 348
171 497
106 162
318 414
112 237
207 71
229 21
95 74
443 214
400 218
348 427
250 173
138 323
216 462
351 375
194 220
497 349
358 31
301 124
237 132
157 85
159 413
103 28
350 287
311 38
445 181
247 206
447 5
400 237
159 0
427 94
263 310
489 438
421 474
233 62
484 151
171 239
455 9
238 237
84 185
153 180
107 171
296 263
399 381
306 16
384 80
453 155
125 365
150 307
350 233
263 87
397 363
358 35
330 194
194 11
29 153
215 82
441 239
184 323
366 205
344 288
100 453
426 135
170 351
478 481
17 244
198 4
167 471
255 468
162 362
277 336
227 412
418 462
495 414
122 365
101 324
414 121
136 63
417 132
182 455
8 460
363 310
294 433
182 296
146 150
198 453
150 435
391 9
318 194
10 475
48 5
263 478
90 45
86 177
455 205
152 265
331 459
168 64
256 183
154 124
450 473
7 382
149 281
25 491
394 59
65 36
423 469
477 499
61 39
309 393
105 59
172 461
84 165
21 313
25 17
286 391
41 64
485 259
375 17
372 330
105 134
185 212
303 401
306 22
123 460
0 198
68 146
3 127
71 113
374 126
62 89
339 174
91 294
355 284
311 495
138 90
89 472
319 36
157 407
363 481
217 287
102 395
22 176
21 137
270 96
216 444
42 123
477 318
118 457
408 487
72 67
289 316
442 106
408 407
390 86
7 409
119 484
476 245
5 238
147 317
182 477
337 300
386 176
151 314
399 180
349 103
352 366
375 123
170 172
96 10
90 166
367 195
367 259
396 462
434 31
475 375
266 386
227 230
183 438
10 162
250 317
208 123
187 81
260 397
232 365
68 443
251 402
373 151
112 498
369 302
75 39
269 131
250 18
92 436
50 178
86 40
90 453
447 328
175 227
296 396
321 428
228 78
167 482
22 342
320 193
222 110
484 329
499 19
480 221
347 146
209 68
171 33
330 149
366 61
380 338
10 273
178 440
472 66
354 259
426 109
322 194
50 499
212 437
475 174
249 159
8 432
93 121
396 306
317 427
298 119
297 99
290 335
42 410
394 135
39 104
216 454
324 302
29 291
84 121
317 125
430 263
350 338
137 424
374 418
427 204
100 394
416 376
290 240
271 330
369 224
498 345
406 360
432 443
456 469
287 493
70 138
257 186
382 357
184 291
82 334
224 147
380 284
216 162
185 7
77 25
311 308
298 220
385 249
99 454
111 412
285 21
121 246
437 74
28 206
479 123
149 314
195 64
88 185
111 325
178 331
22 300
82 193
67 296
342 130
133 103
315 216
343 23
364 466
384 166
92 301
219 355
469 317
308 74
291 213
359 148
191 255
143 372
347 44
392 9
45 95
183 171
335 286
345 293
383 52
272 200
439 214
316 293
259 82
436 324
157 216
423 2
67 182
169 56
197 140
165 489
82 445
412 150
452 383
178 275
159 137
261 239
308 249
275 25
76 233
9 91
104 42
292 240
183 278
333 478
397 329
202 177
82 294
103 181
207 455
39 321
98 338
96 109
466 219
288 301
163 484
325 57
262 247
414 18
399 261
194 486
455 370
154 84
471 447
459 417
279 396
252 471
444 443
363 311
24 245
85 35
387 450
388 299
307 215
128 498
147 159
156 448
62 41
28 373
429 476
32 75
216 338
234 202
314 479
312 209
203 214
0 262
400 3
40 166
160 462
16 359
207 182
266 86
228 274
472 120
349 316
233 67
301 60
369 197
278 340
32 302
282 191
383 19
333 177
71 8
40 63
83 27
486 396
432 493
304 415
100 145
308 182
456 242
375 329
8 18
181 0
347 65
103 253
439 205
490 374
488 345
311 202
408 405
72 483
128 170
317 188
386 238
346 245
161 354
179 326
74 157
19 98
413 127
461 408
88 13
119 346
137 346
362 419
116 376
86 46
143 283
59 31
117 118
437 424
137 180
409 354
446 360
468 25
499 151
129 346
301 453
132 95
343 32
37 324
136 89
244 355
172 72
107 267
273 341
215 492
117 395
464 8
456 443
236 396
450 32
152 61
311 8
470 374
345 291
288 193
460 497
132 53
220 20
206 338
31 330
210 410
38 431
494 440
150 434
258 248
40 176
374 451
374 216
6 132
164 7
77 140
160 333
81 378
410 174
25 37
93 9
79 296
348 292
188 337
30 164
54 36
404 31
471 411
472 484
292 98
107 311
306 312
100 102
363 381
442 152
325 89
366 334
111 8
376 399
90 91
360 147
342 252
7 226
209 389
451 255
121 474
396 252
305 229
260 463
343 184
163 28
177 20
255 470
282 80
111 450
112 365
310 245
97 9
194 117
166 239
310 405
175 12
204 331
92 130
125 127
278 222
187 403
88 463
443 442
176 259
38 18
490 258
421 338
115 277
202 428
4 351
339 262
7 288
339 381
155 354
191 479
282 195
290 449
428 311
97 44
490 212
294 29
357 415
324 125
50 431
234 57
211 498
250 355
321 78
29 358
85 131
240 120
135 53
115 353
300 205
145 62
343 280
316 319
331 405
224 419
323 449
199 411
7 206
133 140
337 196
421 79
73 112
497 176
104 84
43 307
380 361
414 156
164 466
480 442
189 415
437 171
288 393
217 255
66 292
319 374
396 286
119 46
331 97
314 495
235 67
383 277
283 40
245 266
188 496
21 424
48 230
54 369
241 414
83 156
455 308
0 107
122 471
249 75
261 317
389 103
205 451
206 21
408 160
148 317
451 440
184 223
385 238
424 247
175 129
424 492
120 217
476 372
118 483
28 402
435 397
301 211
364 174
419 71
442 302
12 302
387 167
400 232
446 412
92 185
263 31
123 409
362 421
258 383
493 384
499 447
232 17
20 141
130 146
194 39
138 290
406 463
16 24
365 40
304 176
218 460
456 208
451 183
386 381
368 212
437 140
319 366
232 264
98 22
77 328
155 169
61 99
223 496
166 92
123 342
120 224
478 455
197 405
94 376
148 451
243 123
85 147
188 400
170 123
321 114
204 327
28 87
72 282
484 458
223 18
72 166
176 130
67 195
27 247
409 77
181 341
301 395
473 11
265 221
352 418
344 487
273 229
284 474
67 231
368 288
60 196
248 12
1 266
259 443
19 270
14 92
10 286
207 76
381 451
450 248
175 420
230 10
9 291
377 272
57 380
423 7
165 176
493 306
372 413
445 7
275 240
37 462
491 347
198 114
438 211
269 357
91 489
478 22
62 128
29 5
40 482
93 207
219 143
14 469
147 98
326 58
81 139
393 334
133 345
233 169
115 190
143 133
438 373
179 197
442 156
82 95
297 88
38 483
397 273
313 472
93 478
