500 2700
369 100
38 411
98 402
459 375
245 177
419 99
411 406
72 288
254 27
430 273
223 156
392 486
446 77
87 459
194 221
225 52
144 296
158 143
429 401
315 164
382 312
35 18
387 218
367 458
284 66
12 212
369 478
42 162
28 333
402 234
14 46
227 462
14 54
311 448
488 301
239 326
68 297
347 320
6 238
164 353
95 207
482 406
86 367
368 497
112 456
357 179
134 434
417 27
319 312
415 183
23 415
20 33
361 452
131 271
93 163
327 167
300 313
390 131
344 428
157 67
58 444
308 395
121 250
327 113
96 26
302 293
100 130
462 282
331 45
359 5
181 350
400 301
112 357
3 181
293 340
8 73
454 333
380 150
296 54
132 249
276 263
16 409
214 296
147 89
441 319
446 11
15 63
489 31
310 498
79 350
451 475
355 193
104 43
398 13
414 39
160 483
448 67
470 81
378 274
461 442
491 197
407 467
196 62
114 476
50 189
145 355
497 451
496 30
83 358
437 374
399 96
143 99
58 298
17 475
69 302
166 212
281 385
71 457
445 141
291 401
444 355
244 163
430 305
403 178
142 108
142 420
392 366
278 413
153 70
498 71
159 317
306 304
406 367
183 477
185 253
449 468
130 93
2 76
77 343
301 458
107 144
187 200
429 354
291 41
386 234
493 145
55 22
361 182
147 159
34 89
339 152
279 48
115 279
54 422
71 179
226 198
120 26
70 220
454 49
453 212
351 202
400 277
480 122
231 408
352 29
84 59
449 441
400 194
408 228
441 255
39 338
430 385
113 268
160 264
350 439
476 138
333 322
341 9
224 341
331 291
336 73
436 354
13 251
405 294
314 405
53 75
215 429
226 14
167 289
367 129
10 2
291 129
3 228
435 463
451 120
411 2
176 289
448 376
407 16
438 495
420 24
322 286
104 247
424 175
228 434
294 1
270 235
350 429
370 54
162 115
224 488
7 66
356 86
62 293
372 329
472 338
378 4
116 223
300 367
271 4
281 167
412 286
68 381
157 220
412 66
25 13
118 293
133 481
69 230
285 164
401 267
398 356
182 346
448 218
296 322
439 274
444 271
263 29
67 324
253 152
202 251
79 182
487 25
157 269
74 379
300 348
131 82
147 160
32 380
66 379
382 192
378 40
470 332
66 155
227 123
328 480
49 148
315 412
56 39
233 245
394 241
299 89
398 206
180 151
16 203
17 410
271 459
432 265
286 148
211 19
407 46
95 401
484 453
446 351
435 372
355 58
353 411
109 52
159 182
60 294
138 433
173 304
40 239
82 268
183 268
310 42
434 307
109 323
448 20
114 422
416 190
272 204
478 427
234 6
454 205
121 69
201 353
379 225
242 263
86 109
42 323
204 49
77 370
347 322
167 127
374 469
133 157
422 296
90 491
102 72
390 208
467 238
250 448
27 93
226 107
52 65
298 393
127 298
135 484
25 281
487 479
204 417
307 68
173 317
78 319
135 190
128 74
354 403
222 281
483 434
124 412
17 270
77 134
196 110
414 284
475 2
367 427
344 254
413 128
77 127
326 413
497 35
26 173
377 378
88 232
0 301
262 35
122 270
210 468
116 372
369 351
22 45
362 449
234 319
423 424
216 65
88 459
460 233
53 338
71 54
264 64
418 297
296 462
125 101
210 134
64 457
430 117
451 426
413 262
228 35
264 202
416 435
388 126
478 310
467 129
111 397
90 356
80 106
386 203
140 496
460 266
328 298
313 370
405 89
486 349
67 186
44 113
240 105
357 493
385 212
406 322
3 439
465 59
121 109
101 197
307 109
240 36
366 248
381 221
315 227
14 259
329 217
243 105
472 55
163 117
392 22
4 170
124 302
487 13
219 494
273 22
256 207
291 208
31 293
363 274
50 489
1 65
346 317
181 62
148 368
291 163
185 16
392 485
407 430
92 292
3 436
312 401
342 398
80 480
399 339
446 403
129 298
251 27
261 483
362 69
268 62
273 59
395 407
64 78
345 36
315 333
359 211
49 289
301 479
426 239
143 342
380 433
480 166
415 450
52 478
496 460
453 443
451 161
377 40
463 209
75 119
268 177
356 499
312 303
384 466
352 95
432 266
91 389
207 366
482 288
208 115
106 125
401 22
353 327
244 487
4 498
162 310
309 494
15 252
433 418
320 6
390 413
23 254
6 29
381 410
398 251
133 494
228 330
425 469
217 232
66 334
375 20
154 94
285 154
218 364
455 425
366 210
24 180
150 447
279 363
277 19
199 343
475 469
180 368
178 370
363 262
99 393
235 40
339 82
387 102
97 38
86 73
187 403
87 235
451 412
26 123
48 386
436 433
445 15
454 24
186 2
409 313
238 428
410 34
479 173
133 92
11 419
347 496
69 275
12 379
448 99
497 338
458 368
121 464
128 385
481 163
130 94
412 73
417 301
231 305
354 329
488 152
150 74
144 26
281 184
294 262
271 167
113 71
272 42
178 467
111 179
494 442
354 56
389 61
187 326
420 164
168 57
459 487
421 448
293 216
468 161
99 321
145 154
158 336
260 42
117 77
186 423
227 470
411 77
292 309
328 12
472 260
498 134
371 266
269 365
330 209
271 159
197 125
329 178
406 234
242 93
64 226
447 154
486 156
164 340
75 453
178 216
420 192
475 39
149 159
81 404
428 211
90 0
280 268
397 169
11 328
274 371
145 452
325 205
153 472
46 130
70 320
227 491
131 240
260 199
196 143
348 202
284 161
176 426
227 171
307 58
392 439
394 153
310 180
354 374
269 452
319 174
8 494
325 60
330 237
202 121
166 436
255 282
425 474
37 175
379 140
388 416
70 29
22 19
176 409
327 161
230 12
87 218
195 34
151 316
34 347
395 365
430 471
311 403
284 267
111 101
21 163
209 366
303 22
112 92
279 471
302 395
12 428
45 182
412 437
321 389
414 82
346 132
383 415
472 20
383 267
288 441
308 120
189 16
309 186
139 453
453 15
262 19
21 326
365 263
194 9
402 300
246 347
479 148
274 398
196 372
329 82
245 338
362 456
497 438
276 57
189 343
381 315
117 124
417 102
1 143
308 1
18 22
148 102
461 166
72 271
177 249
456 93
27 238
498 395
146 406
358 318
319 467
284 31
362 281
286 424
17 61
87 372
37 107
58 454
348 15
160 226
471 287
31 304
322 443
430 384
496 105
172 71
317 244
353 99
129 222
152 267
423 284
115 420
144 33
421 490
323 123
80 283
462 301
346 69
181 93
434 460
114 74
380 125
404 482
264 84
176 29
139 213
423 428
318 24
439 245
17 78
58 197
481 147
280 39
218 303
423 272
399 297
100 250
91 175
81 366
249 347
361 416
466 402
422 457
89 167
228 146
478 119
422 470
350 248
340 298
74 483
69 251
491 247
232 3
177 386
454 157
415 200
205 221
109 249
416 467
456 442
211 417
300 490
112 281
125 123
307 238
228 21
254 335
152 318
85 470
409 371
81 368
418 132
6 221
454 398
499 86
492 297
221 319
301 280
39 344
376 57
104 410
493 3
481 367
149 109
199 376
167 25
6 331
251 365
220 369
8 5
192 257
369 365
490 7
81 120
319 39
20 284
103 215
97 347
248 194
272 28
486 228
247 460
232 43
313 211
271 426
148 121
397 237
151 98
23 277
384 462
1 411
38 244
76 82
115 203
465 456
51 465
38 439
388 402
476 465
453 319
249 29
279 301
152 407
317 4
121 72
296 375
2 43
240 168
59 165
417 111
158 273
248 49
490 299
174 162
17 237
162 62
371 53
200 386
241 259
464 386
450 372
275 397
342 157
341 316
205 459
424 78
2 49
173 28
421 307
127 310
219 438
365 391
95 190
156 26
467 19
282 40
458 128
59 132
242 52
233 340
458 167
370 185
457 488
289 13
426 361
319 242
178 154
212 449
266 287
105 393
326 91
473 84
117 54
102 75
107 419
226 253
81 320
410 415
430 413
488 358
86 373
332 79
342 71
256 107
144 55
275 343
367 390
409 475
421 16
161 151
109 54
296 79
137 230
309 491
113 296
296 175
261 27
447 349
456 460
388 380
165 289
30 163
237 2
162 262
18 132
185 423
402 238
477 176
344 395
474 443
252 415
202 112
383 260
462 154
136 339
18 292
381 434
272 64
398 202
48 304
309 298
409 85
136 369
139 51
108 481
453 293
275 114
481 385
252 16
120 163
293 195
382 91
414 426
376 17
444 198
488 193
229 18
300 309
484 175
476 83
9 71
226 300
52 87
37 234
50 60
52 293
55 146
135 212
102 135
317 384
187 472
433 391
224 275
269 317
222 0
335 58
445 484
285 192
95 260
64 487
293 298
19 284
365 209
8 154
209 402
341 324
320 443
469 246
292 221
171 299
79 169
9 143
93 7
171 37
412 36
462 138
181 342
396 158
5 437
217 71
485 50
467 423
75 257
158 6
394 309
46 396
1 176
481 23
167 41
244 436
454 44
23 36
231 48
463 58
209 296
293 481
374 402
43 432
393 108
120 477
408 56
156 438
328 27
408 345
45 374
482 395
486 140
157 65
29 365
286 435
333 495
20 405
178 385
239 473
162 404
28 402
409 27
201 352
16 131
35 219
294 97
202 325
81 130
6 62
331 141
160 319
336 408
112 277
227 478
112 164
168 356
363 401
80 169
343 43
280 163
287 121
442 336
36 455
85 93
228 366
304 441
407 490
182 308
125 2
430 248
24 445
25 46
453 171
345 241
64 237
167 383
222 468
15 295
363 428
66 271
492 168
433 229
213 458
74 307
59 28
38 126
369 73
493 105
81 125
184 38
382 136
476 493
13 147
178 446
380 227
249 159
167 467
130 364
227 357
341 126
410 83
2 347
356 124
352 316
167 163
300 164
164 470
127 109
232 295
257 446
223 171
53 113
262 147
214 27
458 59
398 188
342 25
17 262
433 190
228 412
21 420
228 252
477 98
127 65
428 198
147 210
288 449
223 71
35 417
127 4
86 167
107 109
421 185
347 209
141 256
117 465
225 347
118 380
116 27
272 72
83 335
21 354
76 125
30 151
196 408
137 438
320 441
309 126
178 68
273 287
309 413
13 317
105 159
499 195
35 268
19 224
312 365
207 348
494 241
171 440
143 108
71 429
137 206
395 213
258 327
356 247
236 416
449 81
101 260
397 12
443 133
59 6
196 489
424 25
28 210
447 478
362 313
459 145
116 1
130 328
258 230
282 208
2 213
273 380
92 255
138 241
488 36
219 409
229 497
332 114
397 2
290 123
106 160
9 454
48 442
75 59
123 151
317 252
494 480
491 39
497 444
77 226
207 351
102 215
395 440
66 296
167 200
5 163
148 477
450 403
72 37
480 131
444 254
241 223
260 432
379 374
421 175
75 131
440 192
298 87
422 15
295 478
337 436
36 56
107 317
260 107
85 34
144 149
435 14
401 151
450 398
31 287
85 114
474 116
253 60
120 282
165 373
488 315
70 10
33 241
486 362
48 180
298 379
387 206
112 336
92 13
318 403
172 62
140 74
329 246
311 384
131 41
180 61
428 128
261 306
396 327
15 315
261 440
283 45
425 58
136 496
365 446
322 92
164 202
168 147
492 456
183 497
252 121
306 398
256 456
238 442
269 462
338 369
332 173
438 258
486 484
436 375
298 296
96 329
239 216
455 402
485 491
70 289
361 85
358 386
313 135
128 374
114 173
166 150
61 240
184 166
431 408
492 12
311 222
194 460
463 220
498 124
410 456
477 359
321 241
264 365
187 457
240 390
349 461
164 85
107 66
86 490
80 499
208 283
68 416
58 189
26 464
462 387
378 292
459 427
475 321
187 352
95 424
274 32
354 318
161 183
67 97
293 70
489 292
52 487
31 311
347 142
174 285
8 34
330 171
160 271
11 291
228 217
127 82
69 294
434 431
413 173
348 110
141 250
467 24
80 13
196 188
73 201
433 95
411 223
72 45
390 150
29 122
427 76
452 428
231 394
34 429
398 429
167 73
101 426
43 119
79 94
329 446
0 440
434 339
23 131
363 254
411 371
156 51
298 471
74 419
301 195
223 9
340 181
50 214
472 104
407 108
221 92
304 375
477 372
17 334
398 464
132 460
361 344
13 291
486 90
306 115
466 476
30 179
195 456
17 94
346 165
289 73
492 171
11 368
373 347
379 318
103 126
335 212
125 89
138 1
476 95
363 491
132 454
174 417
133 280
281 489
159 206
376 361
264 240
448 415
455 58
203 41
249 376
85 77
279 297
59 156
289 287
248 448
471 65
461 226
380 148
314 329
397 294
173 453
299 498
293 369
465 417
35 291
209 271
445 404
433 216
169 436
109 304
429 235
296 238
205 136
83 217
52 494
277 300
340 437
317 63
349 65
258 339
25 18
437 377
495 316
62 389
426 49
404 139
70 405
42 1
205 101
182 407
414 406
460 374
312 28
30 132
217 454
20 433
287 261
79 384
27 468
224 314
238 285
92 230
121 32
182 253
446 459
488 56
155 478
345 174
244 238
140 70
432 307
57 499
320 287
143 486
452 210
296 129
265 313
138 450
158 309
495 198
479 202
50 391
474 183
258 156
313 227
106 265
326 484
198 113
126 149
136 75
448 368
287 238
56 178
209 393
326 305
324 160
438 204
452 1
88 42
197 167
143 440
31 237
391 475
382 42
297 65
210 304
86 12
210 5
17 5
321 420
200 220
481 181
458 344
237 454
193 439
319 24
32 294
43 308
290 323
403 297
332 380
494 286
81 348
42 190
226 377
487 239
296 392
109 166
447 353
400 90
106 151
366 173
337 365
353 288
127 297
345 488
304 256
279 246
4 423
121 394
495 15
304 158
405 476
131 183
297 296
280 25
383 459
188 486
166 362
312 136
365 200
261 427
293 279
293 144
297 447
486 173
322 487
49 403
360 354
253 295
129 369
436 43
8 230
154 210
108 483
167 228
325 360
463 8
317 25
435 273
344 365
272 175
275 89
121 395
254 391
429 392
346 112
407 386
487 137
339 396
248 213
487 374
413 318
167 11
54 51
452 289
234 72
196 92
43 215
90 238
230 208
401 280
258 278
393 477
252 380
194 265
221 31
271 286
58 110
158 311
382 348
272 249
45 341
470 336
165 168
175 213
448 278
312 148
105 186
6 97
94 295
108 21
57 332
462 284
378 150
315 74
71 254
132 178
282 450
391 156
152 388
314 101
351 288
451 107
374 225
341 347
486 58
75 499
46 145
190 125
217 117
69 17
397 202
287 169
424 231
102 487
330 186
63 468
395 48
220 391
401 97
340 498
9 450
140 331
78 481
177 126
371 380
344 211
231 84
462 336
201 420
447 92
356 76
21 320
469 390
262 295
27 225
105 108
386 453
62 479
169 265
216 229
278 76
325 302
144 178
291 372
448 360
402 223
470 390
414 411
392 323
15 357
192 403
235 3
81 109
20 335
213 438
169 240
96 252
291 355
84 176
109 15
367 134
70 495
92 171
336 274
304 373
403 451
18 272
47 294
116 205
390 293
14 85
303 268
316 428
346 24
253 317
412 249
95 193
6 89
420 103
36 276
32 309
315 11
363 461
201 312
479 480
433 398
459 233
30 73
48 336
171 71
47 52
72 448
270 75
273 398
218 274
81 100
471 334
13 427
351 49
158 29
248 253
483 21
371 345
399 54
29 108
368 410
28 63
256 290
437 441
117 79
17 199
311 385
312 288
89 457
406 297
388 421
64 321
298 402
454 238
322 264
169 357
424 405
96 33
243 207
299 4
75 211
223 339
415 124
31 260
285 459
288 284
85 483
162 461
167 293
485 460
367 83
454 390
104 296
69 327
321 441
157 141
98 354
136 475
490 76
471 261
259 78
291 420
373 23
203 78
110 192
189 330
133 325
498 212
447 76
261 264
208 22
431 384
420 130
465 2
389 189
273 212
214 201
246 299
455 130
254 14
458 476
5 348
189 246
79 99
169 449
330 71
422 0
251 106
172 247
244 447
253 210
133 487
315 81
80 204
423 319
488 467
176 448
215 280
130 373
21 323
182 145
461 467
399 245
422 299
103 45
363 158
260 197
118 268
368 150
234 369
468 325
372 239
245 52
374 154
176 436
436 283
65 236
453 257
350 344
390 71
368 8
490 175
372 11
158 253
23 427
6 186
342 90
341 154
182 384
128 268
130 135
451 89
244 172
303 362
266 291
195 496
411 372
461 230
472 32
499 332
466 125
369 125
304 171
113 399
228 264
404 158
327 287
306 90
332 203
388 107
422 312
233 72
483 363
321 251
157 102
129 331
221 29
73 207
493 457
98 426
487 125
303 17
138 141
294 85
221 46
296 139
132 19
192 2
263 169
404 10
387 67
378 169
218 29
392 127
203 180
5 280
444 380
394 236
15 221
119 448
20 169
259 362
278 115
64 108
168 218
130 127
199 143
412 226
345 108
123 313
28 489
47 416
467 317
445 301
141 130
115 412
311 75
433 60
368 76
74 20
34 477
58 223
122 125
494 9
387 399
280 284
321 24
117 188
144 174
387 161
112 224
349 189
496 218
174 172
302 477
487 50
183 65
157 309
272 224
483 257
350 224
220 169
105 409
68 224
111 491
175 443
78 187
463 424
202 446
65 306
141 135
125 98
52 459
273 242
68 407
374 386
205 423
143 183
377 452
401 200
493 256
450 433
265 121
410 45
490 305
189 43
95 143
193 237
243 90
327 109
497 140
76 287
8 408
298 133
497 496
337 377
308 197
298 254
99 171
93 35
310 369
199 328
125 357
182 266
306 487
446 119
438 196
262 417
245 473
359 354
56 473
322 475
319 371
165 6
34 277
383 176
374 267
112 160
487 12
10 491
499 367
108 356
326 255
213 79
177 489
3 95
197 110
190 148
203 132
7 123
403 319
189 127
286 438
373 425
53 212
52 248
201 174
475 11
309 418
217 2
131 313
119 390
67 333
420 63
352 392
258 197
47 315
196 348
172 29
116 435
260 141
320 216
468 409
367 259
283 390
149 75
486 38
100 154
112 90
183 37
404 310
15 384
85 130
335 421
337 273
167 324
470 426
349 211
104 262
296 267
47 304
211 382
269 172
133 358
458 265
325 220
202 447
72 186
201 88
371 156
265 48
309 192
206 162
260 13
345 447
208 57
118 425
334 333
209 55
366 10
143 210
113 467
316 292
481 467
256 77
373 455
461 445
453 185
361 222
218 313
240 19
5 231
479 210
31 241
466 195
236 325
129 373
490 420
298 51
447 74
187 44
490 344
282 67
381 275
211 78
60 212
42 480
61 276
475 137
456 252
303 182
164 1
183 228
195 67
307 33
252 256
228 132
216 160
111 256
110 391
493 137
13 70
467 274
104 266
425 443
222 97
430 92
400 36
310 475
18 142
148 420
190 115
73 231
145 311
285 117
23 32
473 450
340 151
373 101
484 256
245 18
250 159
257 40
265 366
30 174
105 278
56 472
60 32
482 28
33 106
495 346
475 335
316 303
346 342
80 412
194 395
295 409
26 468
380 114
328 247
177 467
242 290
394 469
123 281
342 176
266 311
250 417
37 12
257 447
374 465
402 386
119 57
237 339
327 375
61 490
312 29
26 358
470 188
137 269
52 12
408 206
148 327
302 312
82 124
82 48
418 47
317 240
14 69
377 256
471 150
136 149
4 79
367 449
172 163
432 258
181 248
443 261
86 475
276 350
190 459
78 305
446 214
318 459
70 101
196 211
380 447
458 145
244 34
403 463
382 393
304 129
496 199
376 170
309 37
120 433
38 8
244 498
427 307
117 284
247 297
174 14
382 60
472 318
200 432
268 233
136 226
475 251
309 483
192 491
213 53
473 146
435 129
314 453
62 76
51 125
7 223
169 30
395 285
298 185
191 9
75 62
347 108
136 179
485 102
96 473
333 413
257 205
14 337
301 325
33 193
87 142
243 40
229 47
479 156
276 167
276 231
346 347
317 497
400 240
316 259
131 90
380 392
233 377
272 459
7 472
417 460
163 322
353 475
393 334
492 268
420 165
268 440
14 81
258 342
209 387
357 124
197 163
330 359
25 288
38 37
89 231
9 123
98 396
86 51
281 285
289 425
310 224
341 451
253 251
369 273
108 260
346 110
339 332
113 431
110 368
429 199
373 320
42 31
38 290
23 269
162 451
4 173
275 393
340 278
308 342
375 18
499 61
372 179
184 316
394 145
471 84
391 301
394 43
221 439
151 291
94 82
337 163
81 436
220 262
123 224
413 218
51 399
336 377
143 211
269 239
262 11
200 105
261 220
206 156
327 387
1 154
271 57
458 232
425 172
97 41
433 194
82 409
267 340
276 44
228 103
457 10
327 67
174 496
308 361
477 118
226 369
116 457
362 304
324 208
271 272
185 15
322 362
147 177
447 410
81 453
322 432
455 221
205 248
243 45
447 72
165 252
258 462
198 433
397 247
269 221
489 367
127 406
341 300
9 361
192 194
461 459
390 253
194 94
241 244
223 212
445 397
138 287
397 379
244 110
406 431
348 331
233 406
41 472
298 19
292 460
76 6
162 148
4 151
281 136
136 364
66 328
425 358
456 126
479 215
363 417
378 199
24 205
395 349
322 13
486 377
426 458
194 275
272 234
153 273
382 311
140 192
58 16
43 136
410 195
311 248
233 478
239 429
455 254
407 199
195 425
279 229
215 282
446 461
263 360
222 209
307 0
105 329
173 240
98 349
37 227
320 339
294 488
303 223
156 459
349 60
113 125
361 430
441 11
197 401
425 280
446 335
137 57
126 434
357 317
7 158
212 371
460 235
272 168
405 457
259 187
205 5
495 480
163 351
6 375
127 174
449 35
199 430
326 290
401 472
478 229
373 494
28 285
171 391
103 486
324 439
348 129
307 306
134 499
452 341
336 74
431 404
60 360
417 225
242 178
446 462
300 437
396 90
239 149
139 40
309 444
104 121
116 46
53 409
382 291
200 177
85 280
113 39
236 463
53 102
335 259
462 498
128 150
225 201
16 144
110 409
88 239
26 387
230 27
6 104
284 49
21 180
180 498
240 370
402 184
125 471
311 53
82 386
389 437
23 434
234 496
120 90
110 123
271 10
342 306
209 456
306 16
366 457
179 162
59 475
497 498
475 232
485 284
358 46
495 35
240 494
497 320
411 360
69 185
2 23
305 184
202 372
281 320
299 365
175 153
38 337
224 404
59 294
28 32
224 407
86 119
415 37
481 465
481 246
107 19
24 255
454 67
151 84
362 209
88 209
200 474
371 142
388 251
276 338
20 202
423 53
473 74
270 48
122 119
398 419
118 9
360 131
415 191
360 213
5 212
248 295
324 29
386 423
354 99
182 489
469 4
95 405
395 441
410 106
170 26
20 283
425 495
165 194
361 235
492 29
437 381
147 202
97 195
121 79
315 230
464 3
124 112
310 128
487 296
20 107
275 414
175 399
144 397
76 325
215 337
151 133
191 430
226 480
323 232
181 104
420 26
200 82
101 444
421 45
443 70
484 334
44 460
172 52
266 279
13 81
124 472
153 199
374 105
473 383
485 361
307 180
393 271
183 442
213 416
232 196
444 17
85 268
66 67
61 252
490 194
467 338
50 325
65 238
11 334
185 98
322 364
328 62
222 84
173 169
233 304
473 139
277 27
119 291
485 330
362 267
417 369
130 17
452 435
433 261
495 363
451 0
270 130
160 11
462 445
276 77
307 160
98 153
122 321
20 185
414 482
107 199
205 71
320 321
268 313
419 120
245 446
484 287
204 375
365 440
434 84
428 315
291 7
248 191
82 157
440 385
121 226
339 330
321 301
57 356
291 354
26 256
131 420
10 350
210 288
27 280
54 327
92 71
291 40
28 128
366 38
344 341
483 153
331 290
163 238
3 47
406 472
52 128
149 173
161 269
75 92
74 362
252 12
148 462
181 223
151 323
108 80
69 87
486 177
307 112
408 11
81 285
8 476
266 402
375 113
74 498
253 440
3 102
376 342
83 363
453 31
85 120
57 46
209 157
50 86
253 479
243 249
470 90
184 179
7 458
0 276
141 494
235 33
91 428
274 288
418 370
128 382
286 441
234 476
225 234
20 88
119 309
31 462
162 129
490 402
272 110
283 9
97 124
124 128
206 150
147 375
154 257
133 374
264 430
288 236
43 465
339 220
348 366
276 79
302 111
130 48
369 144
177 395
469 65
