500 9400
335 158
179 76
166 382
491 427
12 71
418 100
199 57
469 231
225 130
430 392
239 463
389 35
236 30
382 279
34 256
305 351
443 47
328 349
38 46
281 153
56 263
307 254
77 412
233 422
489 238
444 126
407 358
24 440
411 479
115 131
387 24
445 141
146 195
362 373
138 249
441 468
93 281
219 103
301 434
37 227
132 71
76 224
135 364
247 15
411 354
409 63
471 417
12 416
411 46
407 330
275 109
234 206
441 181
212 300
395 331
338 26
447 369
310 73
256 14
48 473
244 476
148 384
277 149
410 499
483 271
48 227
272 216
247 220
339 100
298 221
310 179
366 214
70 9
436 129
313 250
31 308
287 240
388 237
160 496
361 96
410 477
313 485
405 316
270 0
322 242
361 335
142 215
75 5
294 209
249 62
458 143
204 390
175 54
364 311
427 313
270 128
111 160
407 82
185 491
389 345
228 483
415 386
246 384
498 368
242 113
420 82
331 151
127 144
314 266
370 453
456 467
49 361
287 159
19 157
84 252
192 432
418 89
385 223
73 121
127 55
74 341
11 497
120 306
403 417
213 261
234 133
128 265
416 251
222 374
294 235
118 67
365 156
125 464
457 63
470 447
24 105
49 220
143 409
25 177
49 218
339 459
250 349
276 69
147 375
237 484
22 92
254 99
67 435
265 419
262 93
3 37
147 81
65 183
480 276
181 341
191 446
237 455
265 240
489 41
82 484
147 190
485 160
411 460
204 34
87 96
379 23
407 380
168 108
164 185
353 455
93 350
485 420
265 15
403 451
84 481
204 393
432 141
34 185
358 156
27 385
259 39
480 325
462 133
120 250
24 16
66 386
325 286
286 237
415 127
95 435
394 190
171 306
95 220
417 300
49 489
234 269
383 73
36 370
270 69
14 439
259 135
131 42
292 13
52 321
135 136
93 384
72 221
229 181
278 37
154 183
176 354
39 37
178 242
148 220
121 15
397 471
142 139
121 390
118 368
405 410
80 266
183 355
302 403
115 339
352 132
466 316
367 109
162 174
26 10
228 133
174 260
429 197
211 415
158 330
237 202
337 139
313 470
187 445
332 226
226 401
48 491
462 73
102 88
67 194
83 236
137 343
156 249
263 407
98 431
82 390
1 80
251 439
295 161
471 434
57 115
23 300
222 4
475 116
248 316
12 421
255 142
306 52
429 6
336 359
307 270
474 157
316 97
189 161
376 329
433 332
10 324
442 230
296 48
340 241
381 496
245 39
269 267
187 168
431 408
57 287
477 277
309 449
366 99
78 401
89 423
249 17
445 190
153 496
182 160
151 320
409 9
8 163
25 401
420 155
434 267
205 15
108 344
35 430
157 414
131 282
51 238
396 271
373 64
317 129
44 29
426 277
188 303
484 291
324 72
336 8
244 347
470 268
460 133
290 382
391 465
303 459
94 153
254 123
118 450
338 453
483 207
135 401
244 251
189 196
349 106
262 106
305 358
495 131
74 38
31 26
318 290
42 379
461 205
127 287
385 179
61 178
441 228
342 409
134 347
80 368
176 480
105 271
326 88
236 496
6 296
224 289
418 101
87 277
112 180
181 435
16 460
185 86
253 234
135 234
364 59
272 287
481 121
490 324
313 240
440 152
389 498
275 314
394 352
400 404
223 275
37 59
239 353
443 463
159 453
393 151
169 326
393 459
332 65
139 93
35 339
50 426
120 179
18 396
346 492
342 271
240 332
144 489
195 65
180 55
160 223
247 26
419 247
110 142
325 8
181 251
23 335
112 165
464 348
292 92
287 166
156 196
167 129
73 285
307 306
211 247
308 85
420 286
335 224
362 214
206 56
91 66
259 161
51 339
386 414
335 375
226 279
26 36
173 45
271 315
63 291
400 179
145 18
394 134
37 298
23 171
165 95
99 22
295 190
344 267
488 293
242 28
301 451
82 388
331 183
149 3
419 330
64 344
364 316
323 189
123 494
314 220
213 235
498 248
85 284
38 459
183 462
167 380
134 185
128 222
34 468
487 31
24 243
441 134
273 295
312 80
367 104
110 197
51 76
18 107
54 463
344 132
384 287
58 211
167 75
332 153
207 269
208 278
315 358
390 321
434 250
226 18
485 24
333 448
390 370
130 312
23 480
283 370
29 348
78 451
20 141
65 282
236 384
202 56
188 220
410 216
407 472
356 60
248 150
264 372
300 76
79 287
20 352
328 108
81 394
454 363
350 365
361 498
464 186
215 136
302 293
333 289
278 297
381 395
154 375
37 340
271 65
265 410
7 358
98 457
484 216
417 101
275 69
298 475
398 427
111 420
324 431
360 19
168 47
452 209
337 425
76 80
194 248
306 213
373 0
1 483
163 23
358 400
394 253
335 449
467 11
224 299
158 124
70 316
53 308
419 301
75 496
106 378
52 424
135 132
304 146
18 184
285 382
430 437
243 167
402 280
380 288
448 135
191 340
219 230
118 452
309 250
73 40
261 310
390 24
353 94
146 267
121 368
262 34
166 395
390 428
93 352
179 230
484 247
430 266
96 244
308 274
378 21
351 142
179 240
438 196
303 486
272 256
28 256
331 10
440 18
421 119
154 205
243 409
290 402
429 48
95 390
340 333
204 470
449 161
346 370
248 410
494 78
43 120
409 62
221 447
241 161
150 14
128 120
193 411
464 325
177 67
99 47
153 54
464 224
285 74
331 295
158 346
398 294
118 51
318 17
379 220
206 224
337 207
30 57
182 398
168 124
128 382
173 483
430 46
142 290
444 113
451 274
414 456
193 194
84 17
211 71
483 126
437 356
293 48
245 134
400 361
228 258
210 108
35 240
212 32
41 15
60 485
393 462
437 463
225 445
282 380
488 462
450 340
66 291
429 304
49 314
373 82
145 91
292 417
458 243
476 238
105 274
208 262
366 367
293 97
105 227
103 484
73 458
379 255
281 366
366 330
344 488
7 76
22 148
419 276
388 433
363 222
221 223
328 405
37 152
426 372
144 100
59 391
90 275
489 155
237 401
245 271
497 431
396 150
417 152
119 481
206 326
359 389
363 388
291 289
135 348
373 226
412 202
205 93
195 493
401 81
105 282
324 255
407 247
111 227
237 334
2 253
238 294
410 102
366 164
389 455
3 158
247 85
223 17
436 470
237 423
101 328
111 450
312 220
102 186
113 63
485 268
355 20
244 109
113 288
475 152
366 104
159 438
116 57
409 39
36 196
422 64
394 21
307 85
467 69
91 317
270 408
61 251
112 344
490 133
244 427
351 112
46 107
303 16
66 265
96 344
414 32
438 28
114 429
316 256
416 9
319 215
484 337
451 484
80 274
174 399
417 301
493 318
482 258
185 37
222 394
257 267
55 423
469 268
166 115
139 121
222 277
260 53
350 454
438 408
80 154
64 180
262 211
12 224
198 23
307 410
23 363
320 334
49 139
330 344
433 324
123 443
292 355
380 260
142 53
113 305
188 300
85 5
267 299
291 332
332 205
33 210
467 361
210 421
375 163
326 44
478 398
190 182
399 285
159 167
119 187
310 450
58 208
256 186
495 236
200 343
343 383
365 85
218 44
359 253
39 340
72 254
44 315
136 239
89 459
6 443
485 95
457 94
423 219
284 305
323 86
340 461
361 365
278 389
239 99
93 480
325 283
239 147
457 427
92 90
414 274
135 175
30 64
97 279
221 248
188 362
232 237
67 222
108 172
126 199
445 353
83 328
45 185
181 477
206 305
213 209
77 411
353 363
333 167
282 453
274 417
413 459
34 2
214 345
95 56
290 207
62 235
233 103
202 248
453 19
210 175
380 351
198 302
338 217
41 437
245 419
355 66
304 466
104 182
256 145
345 356
328 2
61 184
173 184
436 302
110 383
142 499
415 245
393 377
305 261
329 352
45 453
273 300
257 331
101 327
268 21
374 397
304 477
16 95
424 176
346 445
242 210
333 398
433 294
42 306
395 392
12 409
53 405
418 21
243 35
239 98
481 170
96 152
304 395
202 156
414 13
20 330
143 32
168 86
271 323
260 187
53 396
322 427
98 281
169 240
114 69
27 426
453 284
433 282
273 380
479 161
499 127
399 251
195 167
100 128
100 480
382 127
355 189
300 217
75 250
393 186
187 259
416 110
358 26
229 479
419 246
39 92
26 365
457 441
13 380
367 118
437 347
22 368
60 38
32 144
132 136
488 194
110 35
84 372
222 15
407 114
442 331
250 240
185 300
11 296
45 326
291 143
68 474
494 49
427 214
66 231
13 16
70 77
74 441
309 321
274 206
318 224
65 370
406 275
459 271
457 236
243 363
76 62
251 52
298 42
68 207
428 33
64 425
297 230
125 224
225 244
71 175
222 488
32 14
445 257
3 197
296 422
459 241
186 44
488 449
286 23
383 166
245 391
79 344
493 350
244 356
159 317
368 173
313 194
285 156
457 135
214 365
361 344
480 150
181 129
347 412
445 204
233 88
131 464
138 376
348 40
354 135
366 317
478 268
454 414
54 355
24 439
2 97
284 209
384 44
30 265
109 285
149 348
264 314
482 98
497 47
194 175
98 489
147 351
70 119
327 464
244 393
198 202
39 103
321 303
40 165
460 153
408 307
409 487
216 402
487 164
291 471
268 499
306 162
123 107
191 58
228 42
369 146
112 303
183 68
450 258
396 316
31 209
107 115
286 473
16 2
43 205
254 444
95 99
468 288
311 84
329 439
24 314
176 67
53 106
141 138
0 75
194 319
236 193
461 198
18 169
240 210
65 435
330 75
142 64
391 346
139 160
288 441
111 94
310 104
77 189
181 80
460 273
273 105
45 72
113 432
191 495
94 498
466 31
332 104
134 141
268 107
153 246
336 30
453 117
231 45
310 387
135 47
340 165
9 205
105 281
208 192
291 256
253 255
435 174
142 211
410 49
323 125
163 188
402 86
274 108
327 416
156 223
57 245
261 234
181 317
46 236
113 331
443 248
138 270
183 496
103 386
171 166
358 78
233 363
257 134
332 9
452 485
115 212
326 164
406 380
275 166
436 329
162 272
304 219
380 98
288 401
402 314
32 34
329 105
256 259
16 146
480 178
486 94
89 76
288 177
154 121
193 390
194 493
147 151
240 453
219 252
324 417
68 362
77 181
477 146
259 294
359 349
352 189
158 471
392 105
384 242
355 417
353 195
19 354
459 475
393 112
250 264
162 244
7 295
151 125
285 163
380 227
260 66
11 480
80 199
162 6
175 439
189 416
77 67
394 37
395 29
47 303
147 309
474 43
137 124
372 171
396 52
444 95
342 147
328 390
43 347
496 27
147 248
109 471
196 66
41 424
298 227
437 474
54 111
287 425
9 79
25 106
287 185
230 210
302 318
264 353
427 328
20 436
265 94
132 125
86 366
147 225
86 283
157 345
434 269
97 94
459 194
281 441
431 312
327 42
119 258
423 401
167 313
74 319
388 234
88 27
122 282
422 231
71 220
235 473
298 452
126 266
423 426
452 89
47 231
149 407
343 494
487 360
377 243
239 178
316 33
210 298
436 150
309 168
451 52
370 393
146 40
120 148
269 431
43 330
468 265
243 350
172 206
79 312
204 369
246 97
316 229
146 173
427 219
469 340
320 93
126 452
157 156
474 179
61 380
276 332
496 80
423 499
467 383
327 216
468 349
330 455
115 341
193 315
54 248
425 151
102 148
287 206
274 271
282 120
379 428
55 242
130 305
37 181
350 97
77 419
480 411
334 492
42 261
87 448
361 128
132 424
266 19
345 180
318 250
445 86
313 449
353 315
220 175
301 128
205 166
68 251
150 336
257 26
226 301
225 263
301 149
290 168
247 12
128 191
413 87
14 247
248 369
271 267
82 117
200 42
271 52
315 70
381 436
429 427
474 87
361 39
488 299
338 440
67 202
380 25
429 224
230 77
90 354
475 43
440 100
144 286
472 46
436 495
2 310
487 481
2 190
193 276
155 433
264 468
118 490
343 227
222 146
255 428
210 398
87 425
468 400
493 210
210 258
401 328
357 338
246 162
350 451
481 432
416 135
103 42
437 25
363 374
371 276
378 345
438 308
243 56
458 193
397 174
244 321
400 272
266 343
249 3
331 96
381 109
201 364
395 71
482 185
258 153
226 374
296 274
206 247
202 404
162 388
470 158
404 330
289 341
74 157
417 221
195 475
233 365
273 344
354 141
49 340
492 63
367 93
277 493
313 289
198 268
56 397
382 17
438 248
448 86
206 268
322 98
346 233
88 370
161 302
281 461
125 413
396 382
292 170
61 118
491 289
457 285
435 140
349 205
491 86
177 72
29 381
121 25
408 264
449 342
215 86
1 76
359 252
316 460
135 94
281 247
199 107
4 53
30 172
191 145
119 53
430 384
437 464
416 474
208 397
431 281
351 162
187 274
201 368
335 128
397 245
142 380
159 105
495 393
148 29
143 397
320 430
197 106
480 410
40 67
196 419
226 278
304 386
266 489
153 137
353 439
112 32
496 431
18 437
472 172
431 50
23 317
470 188
228 216
110 312
101 452
249 88
254 217
156 299
71 254
426 10
80 252
238 150
172 361
166 309
93 195
322 70
41 372
491 213
397 210
72 107
122 312
290 376
252 381
460 170
402 15
442 420
195 409
412 306
82 455
109 392
71 32
346 288
104 296
65 77
249 411
482 19
492 32
19 349
350 304
51 0
28 246
346 9
402 288
299 312
228 225
450 491
21 49
122 125
19 188
492 467
302 213
360 457
47 78
341 406
154 336
87 100
156 309
481 204
72 291
382 205
244 467
44 481
409 10
349 191
469 130
399 267
107 422
108 332
235 390
304 268
481 402
69 62
136 130
7 485
231 433
491 420
143 463
189 129
266 123
373 294
397 52
296 17
66 362
359 420
250 98
399 301
70 94
139 257
125 234
447 181
354 438
492 126
48 385
133 58
299 95
413 356
477 223
98 182
312 24
121 305
217 53
77 460
200 293
286 252
83 284
351 373
478 317
83 219
402 170
136 253
16 122
305 436
316 217
399 123
236 53
273 264
167 254
320 218
484 129
390 224
172 483
39 144
235 198
449 121
270 219
497 415
131 263
127 492
179 232
109 89
18 282
92 221
363 106
7 74
440 120
384 272
75 348
499 215
258 109
347 24
64 423
356 93
20 431
83 233
173 451
72 353
178 398
97 137
314 244
33 126
145 141
455 294
360 197
111 339
406 497
208 280
96 166
388 326
44 148
211 347
386 326
393 413
67 226
152 454
78 317
14 4
78 129
362 448
30 497
130 23
50 73
291 328
186 441
22 207
190 397
434 216
441 280
224 239
107 195
352 10
480 207
113 44
262 32
435 387
458 452
438 436
429 363
336 322
433 298
0 481
475 159
20 74
229 8
270 19
301 12
260 146
50 430
372 286
403 122
494 471
393 382
48 233
196 98
484 303
407 244
418 472
225 268
306 468
149 365
210 174
463 55
76 369
95 494
336 228
8 386
375 316
47 398
156 190
21 347
462 87
160 318
118 86
15 497
353 4
388 181
176 297
43 60
447 228
46 304
288 446
109 208
188 269
417 386
167 303
464 451
126 16
44 145
91 485
1 283
29 168
357 363
284 329
216 359
3 178
183 483
475 439
21 85
336 430
117 445
20 139
442 407
477 340
436 152
235 297
222 373
24 22
364 313
390 131
471 133
132 241
147 282
18 162
417 451
190 450
168 399
3 307
354 434
236 456
401 115
446 425
340 38
299 205
38 108
31 127
182 109
254 93
26 184
256 389
114 311
42 231
325 225
308 353
398 268
363 409
480 332
109 43
92 205
290 0
13 269
30 332
408 101
209 220
283 293
281 235
263 330
248 77
429 132
322 142
84 208
335 83
94 477
141 92
429 35
142 100
44 399
498 492
352 40
364 327
268 8
422 303
296 494
493 243
432 132
197 248
403 150
116 421
270 212
446 280
199 396
194 389
398 423
51 272
198 139
480 305
217 480
486 331
264 93
307 272
491 170
404 297
96 314
424 346
252 454
415 292
187 282
85 89
203 57
7 288
73 28
331 448
52 46
342 398
263 326
371 496
182 471
45 382
22 316
305 169
191 320
34 28
40 78
478 41
96 341
102 26
396 11
153 277
434 276
360 471
8 327
477 334
233 56
317 242
441 254
223 314
300 477
345 306
374 138
408 116
254 460
296 469
343 307
279 275
156 427
134 64
98 210
358 364
419 441
359 415
153 498
392 404
446 272
307 320
478 315
46 124
359 353
360 412
385 46
64 420
333 66
492 7
39 157
340 243
249 130
441 211
476 479
11 329
467 78
487 148
165 198
373 282
245 333
11 238
231 90
314 412
156 393
342 302
75 302
362 293
333 253
231 112
121 379
360 297
122 174
379 190
442 293
352 136
387 363
116 319
356 190
426 463
227 345
232 467
258 131
61 130
57 315
237 345
460 291
146 0
253 467
276 190
213 247
45 282
243 488
468 266
288 153
418 145
313 3
56 314
266 352
237 277
112 213
440 101
454 341
478 90
489 467
374 171
132 193
43 126
325 382
320 89
416 201
228 172
161 377
450 236
80 144
2 356
265 469
199 63
497 437
38 395
394 396
380 0
428 351
216 457
339 85
192 438
146 392
272 382
389 327
336 126
303 100
158 301
379 310
446 129
396 260
112 23
393 140
405 34
427 160
392 411
111 334
190 9
207 321
52 373
215 22
329 117
98 277
342 353
363 102
216 295
193 348
190 209
80 179
188 22
234 394
368 329
1 68
450 58
220 482
155 166
200 476
230 186
11 420
365 202
81 457
93 237
191 236
4 126
402 95
293 402
254 425
0 197
148 490
1 224
34 394
231 335
465 45
101 379
6 212
222 282
326 190
473 397
69 328
39 192
256 411
356 351
392 464
259 41
226 63
313 310
288 127
446 28
422 426
209 115
66 72
98 381
343 415
495 16
42 270
465 473
260 387
391 157
154 245
420 181
21 287
19 132
339 257
154 481
369 470
396 153
154 228
157 463
246 9
71 171
172 332
5 53
460 304
412 116
108 267
409 64
450 318
249 81
436 105
394 174
379 161
62 204
102 446
386 336
249 458
88 201
104 359
147 419
48 198
323 307
362 114
388 89
97 391
356 283
462 499
174 152
346 325
25 226
481 376
359 137
366 123
458 79
421 44
392 213
133 480
449 477
416 396
180 154
445 497
267 89
348 291
92 81
77 362
209 442
138 445
163 250
54 79
173 242
381 354
484 273
72 186
81 61
130 74
3 28
86 26
247 166
68 389
67 302
17 482
449 175
141 417
291 210
140 283
336 473
293 61
174 111
162 271
204 417
235 474
73 143
440 329
248 170
345 17
47 488
433 454
343 498
105 355
128 86
24 277
392 236
51 268
495 463
218 167
309 50
344 499
251 402
92 108
239 331
271 36
264 376
469 279
456 353
50 268
47 34
320 143
69 361
332 402
299 115
349 397
478 346
346 371
157 302
444 183
264 426
2 414
438 40
167 93
361 25
132 108
232 11
423 457
85 50
404 455
426 447
73 186
302 135
26 381
9 430
409 217
312 9
206 345
495 65
271 130
491 473
397 78
403 173
3 359
77 102
495 442
263 343
459 43
360 333
429 186
28 200
470 318
323 311
292 68
405 138
133 101
119 138
425 428
460 283
377 237
70 225
9 152
472 414
284 379
150 274
355 174
107 473
445 381
303 83
279 180
228 347
304 389
194 32
74 68
94 293
258 13
71 271
432 456
254 492
387 158
478 489
379 124
154 283
326 90
407 420
28 202
204 151
19 380
448 213
481 247
418 386
40 200
79 390
323 393
351 63
102 158
470 285
69 386
149 84
164 177
337 230
101 13
67 207
217 259
103 463
15 403
155 416
420 386
181 31
421 380
481 381
149 205
218 366
52 324
271 373
428 381
208 258
19 47
225 401
32 154
360 304
99 39
46 68
363 101
214 161
409 75
209 5
491 393
305 491
188 162
177 92
234 465
25 97
50 397
100 162
11 478
7 247
90 221
394 221
342 437
298 308
236 488
371 321
15 480
486 412
395 394
361 245
82 264
314 479
142 141
207 180
235 175
223 69
206 404
374 420
97 118
71 374
450 354
35 377
256 380
97 422
0 385
98 464
208 93
87 279
351 320
224 135
286 135
227 107
2 103
73 108
161 9
37 47
77 199
24 252
243 202
308 101
181 5
156 458
81 342
340 445
347 380
352 247
223 209
196 106
245 198
356 127
116 264
204 133
398 123
328 213
482 5
249 139
327 445
32 41
21 358
65 167
273 138
162 182
120 110
163 169
226 113
325 26
233 423
28 458
34 421
15 158
144 269
55 263
36 149
283 202
147 113
3 0
394 73
363 434
338 258
36 156
38 162
84 334
407 76
483 268
239 248
66 456
458 182
487 442
142 120
406 21
251 263
280 81
143 365
118 458
9 8
56 475
317 19
122 39
32 124
114 89
263 352
28 197
391 13
47 373
64 433
127 395
160 185
52 169
475 392
126 254
409 260
60 334
60 304
232 385
81 341
272 474
40 467
169 281
25 43
492 256
62 122
387 476
17 122
232 478
304 414
489 407
214 201
54 295
180 68
454 16
156 322
498 454
395 227
411 422
486 72
130 294
120 11
397 96
13 41
487 107
410 450
375 77
283 190
285 496
0 160
488 125
463 280
344 470
246 402
119 84
204 422
108 197
324 336
156 477
262 153
444 352
202 290
137 249
338 481
75 9
324 443
51 166
252 192
182 52
50 364
36 454
166 90
395 447
269 443
387 69
362 234
360 393
338 472
189 374
359 347
86 33
410 340
111 150
197 415
117 498
208 164
469 318
440 29
485 218
48 346
193 36
464 7
22 45
102 183
408 74
75 68
258 249
256 105
3 316
477 328
413 85
229 486
341 417
103 258
190 164
157 173
80 282
359 417
33 312
444 433
134 330
309 61
27 338
430 134
151 109
486 95
305 141
136 212
229 200
316 188
183 34
297 258
296 257
139 437
332 90
180 20
92 20
170 479
1 217
267 436
135 495
120 480
232 465
362 460
77 352
342 193
119 19
95 391
462 415
276 266
314 475
124 307
440 221
484 357
411 268
315 403
14 301
130 308
260 214
4 143
189 310
475 334
470 275
125 90
366 240
257 186
263 346
140 246
247 491
324 320
339 182
405 110
435 225
118 174
153 201
242 405
265 245
58 158
210 92
51 94
216 175
127 43
485 271
478 330
476 386
232 96
151 407
253 44
136 424
272 4
261 405
11 210
420 157
411 436
272 438
40 351
375 404
369 422
316 318
261 350
224 94
46 460
164 158
110 444
306 224
136 144
314 239
232 191
50 59
383 371
487 66
73 231
408 447
41 40
374 285
194 84
277 259
301 336
236 214
48 75
260 78
444 74
137 252
249 404
159 311
492 224
82 492
243 394
35 200
259 71
153 112
285 377
428 373
252 331
331 290
157 92
421 267
280 210
108 173
412 78
276 141
398 315
162 46
28 427
165 337
63 292
339 101
104 386
196 226
273 204
90 476
287 266
151 475
459 380
345 169
379 3
172 34
238 422
394 449
477 84
424 178
497 385
492 99
191 272
112 50
47 64
124 411
55 238
205 265
287 467
356 143
185 268
239 329
261 53
217 317
403 131
73 23
323 489
204 7
81 25
129 407
445 177
376 338
476 199
131 125
268 38
16 75
317 294
199 143
382 380
364 344
12 493
473 116
323 310
315 309
492 284
289 228
222 104
474 23
307 397
111 23
144 365
75 283
351 200
79 260
28 423
445 144
474 491
22 11
141 453
383 401
103 282
280 69
389 89
463 156
234 306
43 277
124 372
443 338
300 240
410 465
286 154
171 80
178 227
485 332
314 113
478 389
481 341
423 216
15 212
7 129
259 439
414 82
395 484
497 238
168 85
252 353
463 5
98 479
333 58
351 312
229 309
323 309
461 394
288 183
166 352
99 304
454 130
375 73
277 214
270 409
161 496
257 349
146 272
218 258
44 76
12 211
198 0
355 354
91 364
99 111
62 54
247 112
147 22
251 174
439 164
499 468
380 275
63 54
200 234
90 7
130 120
142 41
14 364
35 226
254 12
409 123
246 12
436 283
385 9
91 276
492 287
127 316
234 368
205 443
482 367
143 92
193 306
267 17
262 70
281 192
261 377
265 213
109 103
71 39
499 497
51 50
160 402
204 335
34 164
146 70
202 373
412 192
163 423
119 344
323 215
296 14
285 122
329 494
262 8
91 125
299 461
84 53
43 341
486 293
126 449
95 355
269 247
332 347
243 295
496 275
152 217
78 207
150 41
482 66
308 35
330 4
198 320
312 479
246 468
324 34
66 336
316 385
457 378
409 219
126 251
149 472
132 27
454 192
149 155
239 121
18 392
457 422
434 335
412 95
383 477
368 61
369 410
212 190
188 39
264 364
204 25
3 233
240 186
324 214
41 8
212 215
331 48
368 359
363 182
443 110
465 197
340 15
26 305
192 296
327 499
493 322
26 488
455 365
443 396
98 435
106 45
349 414
257 360
94 405
57 265
29 470
441 117
434 31
267 313
490 128
463 78
27 135
212 469
176 437
12 85
26 17
100 57
190 284
347 253
138 350
166 175
291 147
282 54
498 1
275 190
437 110
277 416
427 284
226 128
436 424
270 421
50 36
143 192
325 145
334 267
104 271
493 351
150 215
223 470
440 380
233 27
297 311
194 215
17 11
74 287
316 267
282 296
74 246
418 234
474 256
227 200
168 339
73 118
43 279
470 421
203 314
418 395
266 490
376 296
181 113
498 385
481 114
296 387
499 452
217 103
179 439
313 323
274 352
73 436
319 204
289 263
315 300
436 207
321 17
47 190
380 43
322 250
460 15
299 456
238 111
77 333
185 111
176 150
321 350
87 467
361 272
160 389
75 462
157 191
206 129
306 491
209 177
246 348
53 42
364 402
137 466
281 288
261 125
118 493
244 360
330 252
44 435
140 320
456 440
481 24
40 128
436 306
277 189
150 25
485 191
396 23
302 277
407 264
202 441
300 324
382 309
441 431
436 140
269 45
498 245
126 393
81 361
377 62
0 22
272 491
472 0
367 98
145 73
281 454
477 187
486 415
372 282
127 273
59 115
228 116
110 281
323 461
125 271
74 92
119 292
400 261
49 24
162 191
286 329
133 144
447 328
478 16
458 88
173 414
50 356
310 35
464 211
15 353
308 489
209 64
93 144
170 385
2 346
94 106
449 277
454 72
430 213
465 138
404 140
363 212
170 97
60 153
204 231
215 456
140 338
363 386
304 193
189 244
460 383
471 75
410 205
302 155
439 474
353 31
165 52
322 48
216 289
293 499
273 145
400 142
142 124
250 489
202 134
333 273
346 266
163 346
253 268
288 141
61 19
482 22
80 409
89 368
138 295
95 213
31 12
325 366
41 476
400 74
471 393
89 67
353 24
360 128
31 69
112 447
69 162
299 198
486 365
105 53
442 439
303 353
317 319
279 114
433 239
438 60
321 220
357 407
238 121
145 490
398 399
161 224
351 175
96 373
221 470
385 402
351 466
259 107
291 168
186 317
391 382
396 133
332 114
254 424
215 371
310 95
246 175
64 327
283 218
184 260
119 389
359 465
468 372
262 221
243 386
94 141
368 273
429 125
46 34
460 121
445 451
210 250
469 383
124 407
390 383
422 340
11 439
251 184
415 439
345 271
211 89
40 2
65 445
293 102
449 336
153 377
169 301
114 439
12 459
496 142
268 191
484 117
258 211
242 239
101 177
2 335
457 147
334 449
385 361
120 376
404 126
67 326
238 96
472 351
394 450
233 435
170 129
59 311
32 273
258 479
429 386
130 372
193 186
471 300
231 129
483 256
61 291
450 232
167 395
3 430
233 75
34 58
131 196
31 65
339 206
301 77
226 459
216 452
275 318
77 473
380 128
440 370
243 18
353 162
57 437
344 115
456 248
101 401
77 360
25 365
130 175
476 150
45 431
478 433
443 497
69 257
120 355
243 399
10 171
159 477
458 194
412 21
306 243
251 391
192 288
150 142
124 313
343 96
3 489
357 333
446 436
321 131
88 488
421 442
72 81
345 495
325 440
434 438
435 334
76 24
205 285
119 386
493 488
58 228
86 114
228 414
230 227
291 175
48 423
351 164
142 460
344 388
393 95
143 395
89 326
76 329
290 97
280 59
111 425
491 466
349 242
137 339
201 151
346 496
84 414
281 355
492 301
435 390
47 21
236 81
297 269
194 447
141 2
277 256
282 106
402 168
376 11
486 403
471 7
333 288
119 92
156 5
87 304
64 139
248 226
499 374
48 150
252 149
412 238
8 411
192 379
12 368
80 162
358 278
117 38
75 26
79 378
396 50
10 397
450 456
5 135
18 475
118 48
332 384
4 201
233 29
357 46
393 181
409 259
2 161
371 415
73 411
363 362
211 433
177 221
69 247
413 262
16 106
214 46
307 267
437 211
272 192
8 306
300 420
1 418
189 331
354 96
389 343
361 68
7 399
305 144
400 469
167 480
95 380
189 212
81 152
261 402
67 287
165 42
105 55
3 405
419 0
232 226
406 72
94 488
443 352
486 223
95 251
388 213
34 363
108 12
346 70
298 483
370 353
485 390
38 39
29 473
254 338
443 341
169 138
387 364
15 146
318 279
86 129
51 231
457 219
17 328
204 343
154 26
52 454
292 467
267 207
363 290
240 98
232 288
6 348
466 329
337 125
1 147
75 287
499 22
105 339
110 64
192 449
44 388
229 214
381 432
314 114
149 165
95 2
6 116
324 458
460 451
432 335
207 250
339 128
192 76
89 263
384 392
319 163
325 302
275 112
328 111
450 430
444 459
458 362
144 76
154 175
298 26
133 242
441 42
181 396
80 14
170 304
80 43
469 447
284 140
258 458
131 208
145 54
160 168
8 96
55 149
492 117
443 261
206 91
326 450
401 104
258 476
56 153
282 490
462 82
115 122
2 133
92 460
115 490
120 473
420 299
102 199
482 273
448 182
480 135
240 423
162 273
476 349
23 237
119 2
109 206
171 353
80 295
239 255
168 380
66 295
319 0
309 110
142 362
290 407
466 456
225 424
24 133
167 123
141 157
244 341
222 276
246 164
46 54
460 474
395 467
339 297
73 428
148 297
4 249
74 490
463 485
143 158
392 95
206 86
212 70
113 277
29 215
275 421
371 278
76 15
119 383
58 404
386 154
70 240
205 362
33 14
348 377
327 227
158 359
57 457
12 494
323 121
38 392
167 494
126 341
473 479
293 438
389 408
91 232
226 324
148 167
168 352
99 363
40 445
204 480
276 153
72 111
371 362
415 1
481 421
73 388
130 280
298 169
177 185
296 430
55 492
475 243
38 169
416 185
285 181
88 252
276 93
20 469
179 312
331 403
360 28
430 316
415 296
379 180
333 148
94 489
67 445
354 16
265 415
414 94
485 146
451 485
54 301
393 292
105 319
401 97
478 51
219 247
63 224
194 206
49 94
215 151
119 221
23 336
56 447
272 159
192 307
187 401
364 494
7 15
58 134
1 23
492 223
306 286
293 391
69 90
208 196
35 66
28 280
130 277
368 43
249 204
316 300
361 237
446 487
132 385
341 383
303 129
269 28
266 23
38 461
317 417
116 361
409 218
158 309
297 475
358 396
40 79
306 365
19 85
462 27
273 377
418 282
63 432
103 136
322 136
344 101
97 404
80 115
363 436
116 257
58 98
180 378
483 167
490 207
266 495
188 115
306 498
113 152
110 41
322 276
99 206
220 28
195 430
477 225
271 128
434 411
234 480
412 247
180 395
486 372
379 467
63 117
194 310
481 334
103 343
276 335
100 267
184 112
476 243
431 305
312 198
110 118
180 264
154 188
287 399
35 43
191 388
150 200
347 287
183 494
240 329
337 472
322 234
388 264
275 158
429 217
0 152
42 359
450 342
417 53
55 317
497 102
248 405
486 14
65 200
121 217
270 458
414 158
34 461
307 355
239 397
189 114
149 152
406 421
193 8
54 487
3 48
10 37
207 4
413 17
494 307
26 320
383 147
453 25
228 420
434 95
426 48
491 262
138 288
134 405
94 215
223 309
267 37
191 139
205 407
325 23
444 399
121 192
57 326
227 7
53 93
59 464
279 262
340 120
114 409
166 315
2 64
82 479
469 29
237 383
342 291
81 63
261 341
421 175
22 73
304 93
129 193
93 225
213 408
334 354
152 160
463 286
37 471
222 489
74 431
282 476
376 429
70 147
307 127
268 17
104 18
99 354
133 283
158 495
357 136
225 157
95 23
17 494
1 289
367 110
33 433
94 238
463 195
442 158
97 183
460 217
381 127
118 344
465 258
275 456
13 150
349 446
165 420
397 94
46 221
245 423
122 253
164 319
258 151
58 190
236 266
0 334
40 397
116 318
264 417
248 131
438 435
394 196
66 241
113 68
372 1
337 497
232 280
390 3
356 252
57 229
62 253
26 445
248 458
447 415
80 407
268 329
49 388
292 83
175 205
401 118
450 469
132 461
265 71
101 366
237 452
137 207
378 98
371 269
225 18
451 398
127 74
404 419
165 375
181 239
481 262
96 57
101 246
387 251
469 250
48 72
195 470
36 431
298 41
345 463
236 485
356 25
482 62
474 232
32 322
283 473
485 131
157 230
385 83
73 74
173 482
14 372
182 496
330 441
422 77
362 238
149 295
163 297
138 51
261 129
399 60
134 11
418 90
41 5
278 382
30 111
475 377
209 441
279 219
429 100
242 6
346 411
363 444
210 128
444 78
120 145
241 194
103 224
240 273
336 178
421 170
499 153
297 466
29 283
474 80
7 62
380 89
94 396
74 233
103 192
432 129
301 328
53 462
237 147
198 47
282 456
51 239
213 399
412 100
367 296
58 107
23 93
73 402
37 279
377 222
455 400
342 174
359 91
410 149
115 155
421 254
168 4
292 305
416 372
391 23
96 498
307 210
309 479
421 446
31 270
342 259
361 247
498 182
37 382
189 133
216 223
492 448
332 109
207 327
387 93
365 239
251 415
374 371
49 407
326 462
303 392
468 70
140 142
350 26
0 300
296 436
370 224
270 198
173 431
282 121
291 16
44 279
100 371
97 55
368 316
78 258
146 358
217 465
376 325
7 36
469 416
481 375
31 298
460 106
281 112
153 169
275 339
300 378
136 180
67 366
228 428
441 497
414 290
262 483
337 128
308 281
275 198
77 338
131 66
425 125
70 10
202 40
54 270
37 166
225 219
247 275
91 153
87 79
469 483
168 307
40 410
165 220
301 460
332 194
288 319
386 49
107 448
253 49
495 401
108 34
326 435
378 217
251 495
20 319
315 320
385 476
396 102
344 429
132 371
493 209
469 159
323 487
19 140
394 391
265 151
71 208
241 445
206 64
344 451
457 351
117 52
238 26
375 8
433 240
423 291
137 163
98 375
270 420
82 7
38 174
376 441
149 302
324 370
256 56
10 94
257 372
257 477
178 285
397 111
96 89
454 431
158 127
95 487
214 344
109 198
145 406
412 299
244 38
342 44
94 24
140 84
177 321
141 190
445 62
338 465
167 275
68 91
29 128
362 349
485 323
358 499
156 426
140 168
163 146
154 444
161 225
255 330
149 381
88 327
16 102
101 216
322 319
343 499
284 344
141 337
466 176
106 56
235 293
57 131
431 92
183 64
159 31
333 9
154 242
325 417
89 236
454 391
273 114
147 485
319 365
359 462
464 276
108 293
234 85
475 339
187 43
416 31
5 276
344 403
440 280
380 353
452 115
334 194
437 376
407 204
209 293
116 41
307 65
183 403
247 303
53 386
357 261
144 335
372 437
215 352
136 265
45 222
96 275
323 305
77 399
75 358
380 178
4 27
301 69
228 102
291 4
259 7
139 238
222 54
124 93
94 306
323 371
490 106
66 469
61 463
98 495
458 444
317 169
497 217
20 189
141 151
324 176
449 441
158 137
9 402
224 286
141 219
258 427
125 161
320 448
30 53
150 179
118 318
204 457
215 206
179 254
191 161
184 267
404 370
437 489
102 318
480 26
180 334
374 167
170 401
237 196
322 379
207 280
30 394
208 149
3 457
43 182
177 136
328 393
363 10
473 435
226 176
445 354
404 131
7 73
389 273
426 362
157 361
176 468
102 213
49 208
194 165
384 379
202 180
262 335
370 194
444 223
347 373
272 278
405 359
292 102
338 278
277 442
281 346
0 259
241 364
112 453
40 0
130 26
37 208
263 104
3 87
282 318
160 490
204 449
368 319
498 471
87 285
288 181
220 307
264 75
181 78
142 200
121 246
337 355
308 315
223 307
270 181
15 363
438 345
454 320
250 136
436 195
150 432
475 103
340 473
10 203
107 31
493 288
479 290
330 100
180 30
188 423
306 14
160 450
32 420
204 105
231 301
238 73
258 14
109 114
337 287
404 136
406 444
339 337
89 295
448 355
100 489
29 144
145 30
176 162
39 397
155 64
271 7
251 210
165 460
87 205
28 32
227 349
235 347
174 200
82 236
178 428
457 338
137 1
147 58
46 289
0 376
475 354
204 366
461 114
0 498
156 76
4 246
397 479
320 481
436 287
173 436
67 450
22 107
439 499
285 223
46 442
30 23
415 236
386 300
447 363
334 403
331 303
495 117
154 223
376 306
197 428
461 406
263 495
290 364
169 493
252 253
233 492
223 472
65 203
252 240
283 276
480 16
27 148
62 156
286 241
308 319
362 162
26 13
237 60
399 172
221 161
299 435
132 116
306 403
149 238
87 95
188 358
300 338
35 30
222 149
405 458
213 83
127 87
336 239
12 332
124 227
207 449
445 492
376 438
144 49
287 269
128 133
66 411
444 212
223 171
432 171
227 390
433 447
63 282
86 22
119 1
17 348
247 212
475 193
114 14
227 477
189 128
248 79
168 199
151 480
56 307
204 293
274 347
157 299
427 487
213 126
288 416
155 267
471 225
99 227
205 324
43 136
442 155
225 288
220 436
171 395
82 314
344 484
433 356
317 124
91 316
172 205
389 300
95 80
328 432
13 58
117 325
421 187
104 298
114 308
459 247
366 308
23 395
382 78
279 285
326 236
203 222
111 262
471 177
326 445
291 360
207 432
348 302
310 172
293 82
281 317
66 453
395 401
356 130
321 182
425 457
436 264
66 459
290 417
169 268
87 338
101 352
245 456
235 271
144 322
377 374
153 47
120 468
186 349
486 105
476 461
171 285
81 237
83 424
99 362
187 140
432 365
202 468
374 129
22 286
299 84
427 288
300 375
296 300
224 337
211 398
402 363
91 408
335 347
168 45
44 304
225 132
13 231
256 395
455 344
378 400
283 433
228 75
173 22
228 339
26 371
376 161
461 349
208 252
216 38
88 335
17 370
54 230
152 250
376 250
66 445
457 250
281 494
294 124
172 197
12 381
208 44
76 109
232 360
139 398
485 136
242 321
385 106
289 41
406 180
415 135
356 343
372 381
156 133
137 423
319 187
424 275
2 272
188 409
399 40
434 14
448 270
95 347
140 101
479 68
21 280
127 289
12 165
243 195
326 5
9 153
107 498
6 98
313 357
114 323
323 472
304 5
141 313
369 37
14 493
423 73
255 74
338 246
31 27
345 459
408 129
404 240
126 310
423 468
397 205
87 81
327 433
297 273
260 411
287 311
370 55
409 150
377 263
358 409
209 239
49 492
369 349
349 491
393 191
287 55
183 93
77 290
63 236
79 0
317 309
168 11
257 411
229 137
305 109
120 193
178 300
341 189
46 113
151 473
249 335
229 368
224 64
206 354
150 411
178 62
261 95
27 147
372 377
466 393
292 32
151 370
477 214
113 420
348 347
202 4
111 359
60 167
309 65
471 86
52 423
307 111
82 275
411 156
50 447
47 459
67 455
192 10
300 122
165 247
261 166
10 484
26 179
363 220
149 132
129 145
256 17
342 9
114 464
301 482
356 324
497 149
316 107
77 59
342 146
60 362
46 6
292 149
385 267
103 36
176 241
55 266
497 386
77 32
97 261
115 247
295 239
290 380
22 165
218 408
117 370
457 205
37 326
179 212
63 499
284 408
305 265
9 357
161 416
190 285
37 366
306 475
93 64
37 367
215 335
411 115
424 344
476 267
389 41
475 105
92 303
489 396
83 266
161 399
352 213
341 410
141 174
170 134
69 255
105 143
466 25
433 139
303 308
94 17
182 342
89 282
361 319
60 213
494 103
365 164
54 97
408 402
392 350
335 439
115 123
265 354
245 472
379 434
186 13
296 74
212 61
184 354
47 182
326 268
283 353
391 281
425 273
143 180
65 90
358 343
5 98
142 232
192 83
172 74
322 408
385 306
139 28
10 339
101 276
11 6
66 303
328 352
323 254
221 271
124 145
403 464
108 248
96 478
360 111
471 372
389 144
142 337
415 169
365 257
110 411
104 435
280 111
379 323
123 185
158 216
432 199
497 282
135 113
193 308
144 198
164 435
299 125
440 251
431 394
271 86
487 99
51 202
329 366
264 156
417 423
141 60
422 433
185 207
152 30
247 441
166 474
204 216
235 452
425 162
106 75
33 2
120 1
107 54
0 105
121 298
307 286
428 230
133 20
81 256
121 430
427 91
190 421
441 442
319 460
286 382
303 395
412 55
285 141
232 97
177 490
131 349
25 128
63 332
63 398
324 436
311 42
214 430
478 33
461 262
474 431
403 292
323 191
140 286
447 386
260 487
26 174
0 379
396 286
62 201
413 461
207 213
210 126
356 473
9 135
109 212
419 154
0 42
109 245
269 444
387 287
151 441
336 197
492 354
95 386
347 422
287 407
491 94
283 437
258 69
455 393
8 195
428 477
147 393
217 16
65 359
111 164
79 266
128 121
208 461
17 58
164 413
253 229
30 380
345 350
365 45
170 379
344 292
282 204
43 84
322 378
355 96
53 358
385 28
361 277
24 488
446 71
378 352
393 220
118 378
70 180
464 1
300 29
300 87
487 69
61 168
470 115
270 472
440 492
77 132
386 26
289 294
488 38
212 96
438 378
231 287
336 238
361 458
282 190
282 71
124 2
140 120
465 365
308 354
498 176
158 0
492 228
476 281
442 443
193 325
197 349
224 27
391 291
280 343
211 296
9 324
371 85
85 439
380 3
67 120
473 109
35 329
94 197
448 199
83 189
409 347
117 482
250 177
82 233
232 8
436 81
458 238
224 151
75 388
120 285
114 161
195 183
305 472
379 266
156 261
268 132
481 395
154 66
182 186
141 319
423 322
412 413
156 29
311 142
418 348
460 489
92 213
320 256
257 190
288 204
354 190
456 11
193 254
341 369
290 446
215 437
367 341
104 354
156 67
488 126
248 218
475 188
294 187
197 493
457 177
238 232
110 491
375 81
78 128
299 339
265 375
379 216
21 13
142 461
295 159
369 51
70 285
331 232
421 445
325 175
120 16
389 255
39 64
53 413
146 295
406 329
85 148
389 123
244 247
258 134
49 7
425 357
333 116
72 64
85 145
136 109
401 335
110 230
124 232
189 88
86 148
210 374
313 80
165 281
429 493
11 141
226 460
100 137
484 490
211 109
493 427
431 342
335 352
254 44
162 122
165 161
56 151
58 412
466 110
484 228
448 24
82 426
205 242
175 149
320 428
173 354
495 262
5 394
157 249
472 90
177 224
421 94
47 270
120 219
406 214
362 113
386 100
132 427
373 244
296 240
163 362
370 114
32 119
178 373
432 246
174 415
367 333
179 245
440 37
266 387
413 92
162 260
463 63
362 412
300 161
302 469
206 222
458 367
222 208
79 156
98 349
37 108
73 227
266 182
213 184
179 278
314 488
344 10
247 317
68 200
428 489
436 450
447 309
262 355
417 332
51 320
140 4
19 194
358 195
207 324
215 164
350 222
70 491
393 453
471 184
148 235
416 212
404 340
358 68
6 259
481 444
228 357
450 355
25 390
396 499
172 271
118 428
447 36
361 275
118 202
283 319
64 311
490 352
234 108
29 426
412 497
311 229
309 70
131 75
284 328
497 447
325 270
460 59
26 39
283 126
329 270
329 389
223 0
36 391
270 244
283 14
39 379
143 344
136 57
170 334
331 204
125 150
466 122
10 85
438 42
456 417
132 50
415 204
232 112
356 384
6 314
154 16
233 35
300 257
237 122
303 106
56 163
485 428
375 408
157 218
462 349
7 33
157 116
52 429
463 311
405 115
146 153
218 32
349 34
462 208
247 285
26 34
187 359
489 77
493 204
426 451
376 151
76 355
34 70
85 69
74 40
407 495
274 459
405 287
221 343
89 105
388 8
453 239
139 76
460 23
242 2
21 131
327 186
321 51
93 50
210 188
319 220
183 39
199 353
457 142
109 185
335 247
238 54
467 59
111 220
279 65
220 464
280 322
479 423
92 379
120 126
415 217
195 474
51 173
438 400
242 91
228 80
359 435
358 477
313 46
94 11
487 327
307 146
451 346
242 209
154 176
243 12
321 452
357 330
4 284
168 121
398 64
411 374
194 172
307 256
313 62
362 498
111 454
329 425
233 429
422 351
25 366
287 157
390 288
452 470
11 234
112 73
157 495
52 485
305 368
144 9
385 376
174 239
388 70
30 322
167 70
314 383
174 430
412 425
278 419
322 171
343 126
435 294
467 258
400 363
38 20
308 376
389 237
55 450
489 443
22 419
134 160
451 2
391 458
82 213
63 73
106 130
320 493
204 401
125 350
311 62
341 485
105 108
116 129
220 270
474 386
258 404
438 404
15 171
136 329
324 393
425 38
6 378
273 202
305 432
444 365
9 11
206 14
368 336
285 102
73 53
1 425
55 201
77 441
431 102
312 29
277 175
404 431
456 265
465 13
247 234
194 423
77 55
143 439
283 109
155 359
401 235
481 174
409 324
298 290
238 106
325 487
305 408
486 152
346 43
158 319
126 290
355 366
214 56
354 14
257 199
68 308
381 275
232 289
24 5
99 478
240 288
139 25
402 260
367 259
390 344
130 220
392 241
156 13
219 310
437 74
171 325
364 348
173 396
319 494
28 123
475 424
256 359
179 317
250 193
46 294
1 257
85 97
397 360
264 393
201 420
220 348
109 463
240 473
89 298
170 410
44 466
373 223
136 475
357 160
455 366
124 397
29 462
275 286
379 110
14 290
434 275
206 346
114 81
280 44
207 131
295 342
77 390
112 250
109 180
26 437
275 145
214 142
367 65
142 40
480 54
239 311
130 364
450 419
446 269
203 133
162 391
431 166
39 275
101 317
432 299
21 342
463 187
238 223
340 133
212 367
274 423
316 279
116 21
395 70
326 70
62 118
116 231
378 469
418 369
27 240
0 339
218 224
90 394
404 112
254 482
309 383
147 29
247 168
413 86
435 277
221 208
482 224
402 61
25 430
406 415
0 335
343 456
327 403
442 156
224 366
299 57
251 328
264 47
299 295
160 25
161 480
258 414
468 60
439 165
106 153
47 287
221 310
160 157
134 171
76 332
120 283
58 155
341 7
459 312
348 120
146 162
4 151
54 158
200 221
202 238
242 486
364 381
91 311
180 15
208 39
99 270
471 247
336 458
59 33
472 110
93 398
490 278
344 308
104 247
428 205
252 453
349 307
207 289
491 29
229 465
159 27
38 463
161 251
119 52
226 252
423 259
216 298
259 40
293 349
314 130
38 75
377 313
191 66
410 388
480 275
363 21
162 166
219 34
91 186
204 387
140 273
363 229
110 23
17 73
299 464
323 390
16 54
311 124
61 240
265 88
434 33
305 430
331 326
159 168
392 305
231 263
378 210
66 33
119 308
281 71
439 341
445 296
342 91
251 329
211 9
247 133
69 202
335 5
138 357
242 343
120 252
327 468
97 458
86 16
451 88
81 364
471 474
28 168
130 180
155 100
214 118
231 330
431 429
68 198
410 173
257 132
456 416
275 19
46 339
329 58
241 32
46 144
441 337
236 464
287 144
491 408
262 470
387 58
86 29
148 234
453 434
368 422
36 475
274 185
112 485
53 190
315 62
98 385
171 68
378 302
488 172
1 376
397 193
324 164
403 70
87 12
133 25
305 415
43 102
308 369
265 56
188 138
234 7
443 389
187 382
207 115
319 185
374 36
100 117
370 52
456 75
462 457
286 273
156 4
407 384
461 89
385 181
299 251
18 415
350 435
126 490
3 106
63 280
89 360
159 185
319 342
439 209
333 68
368 414
488 139
375 56
176 329
384 166
304 280
222 441
390 257
350 283
261 306
406 398
77 85
221 320
344 365
438 366
322 256
46 130
52 473
449 405
394 356
141 484
13 146
326 10
58 24
277 101
440 99
362 125
442 162
69 135
321 46
241 130
81 328
498 220
177 222
116 495
120 372
412 121
348 230
279 123
261 248
178 160
73 364
424 156
395 494
452 417
229 375
72 6
94 227
178 396
234 196
99 179
153 241
14 458
347 453
264 301
224 248
431 217
184 127
423 275
237 457
256 303
345 29
217 195
138 106
422 103
95 88
310 478
416 193
407 197
160 476
115 41
184 288
435 377
156 367
147 448
409 285
64 369
499 289
323 62
170 41
367 434
291 138
395 201
304 15
59 407
102 486
443 316
453 14
22 431
488 389
186 295
495 105
321 128
427 387
40 471
200 61
329 407
115 347
367 461
147 201
224 202
316 428
9 280
422 52
305 452
166 332
249 185
359 145
329 306
252 310
329 188
315 329
326 229
360 352
407 17
357 168
461 380
412 34
148 218
349 146
101 422
331 25
342 410
447 454
67 191
93 230
80 191
400 19
195 31
324 418
307 330
143 485
167 18
358 197
169 449
173 53
122 329
382 311
150 427
318 82
472 195
46 137
494 302
285 341
434 347
215 458
422 336
42 484
109 299
133 280
159 348
235 462
484 9
289 177
148 243
166 12
482 125
122 75
291 407
471 493
327 170
381 402
43 5
84 126
218 97
159 35
167 186
1 55
313 492
223 481
299 351
302 459
477 255
169 60
405 216
104 160
147 11
122 217
209 426
408 89
221 307
82 327
7 2
137 50
143 441
362 475
190 18
420 227
497 9
303 104
79 147
69 332
298 395
243 437
64 249
54 76
101 442
136 365
149 412
250 132
493 175
57 331
335 7
477 62
491 453
440 345
252 74
152 456
274 211
236 209
488 227
101 451
185 276
431 164
139 265
429 260
149 362
314 164
2 339
102 111
204 47
188 25
487 224
153 358
130 185
445 312
321 183
229 97
200 155
56 466
63 163
244 69
307 7
427 435
41 400
53 80
457 2
71 478
289 433
381 393
493 402
348 239
59 195
248 48
29 130
222 117
386 78
263 481
331 450
358 417
62 16
251 46
390 473
300 337
477 206
423 238
8 15
221 212
99 400
482 10
331 0
484 213
478 211
171 293
300 110
432 51
232 456
23 156
250 78
40 393
353 309
88 181
346 461
465 238
453 109
95 206
127 155
255 101
340 387
128 416
338 159
379 293
380 320
151 173
291 129
497 275
30 235
349 253
479 144
163 321
393 319
440 497
347 141
344 86
356 225
73 230
412 300
162 42
473 311
475 498
305 5
166 280
189 237
273 245
80 165
16 369
0 326
176 479
112 221
188 134
449 2
128 57
362 353
266 319
420 174
97 460
443 445
392 125
306 333
153 175
191 10
68 20
161 93
80 352
213 94
92 85
350 347
111 161
152 355
162 420
141 53
132 272
449 33
354 89
387 63
111 424
449 162
288 1
421 108
16 277
215 298
349 226
456 451
270 73
368 190
153 135
222 199
75 147
206 315
324 425
498 95
30 340
226 313
136 376
352 267
441 94
471 440
276 145
331 273
422 359
483 64
71 339
489 296
477 97
204 300
271 294
381 130
483 280
159 446
317 196
449 489
328 64
376 231
442 446
35 466
225 39
471 321
313 406
1 364
38 374
186 342
421 127
354 236
44 411
166 109
192 426
85 93
29 247
17 355
463 374
159 232
293 462
15 62
487 166
392 358
398 416
216 92
267 420
318 386
289 479
143 190
296 152
353 458
432 259
202 25
260 20
463 441
40 316
455 432
244 279
416 393
293 240
241 36
8 27
31 244
71 108
89 245
421 212
466 232
13 444
482 264
287 437
365 122
112 386
182 11
355 202
338 353
100 141
61 64
249 493
292 332
145 102
364 43
288 421
185 75
345 59
376 162
207 164
303 426
200 427
115 256
428 112
490 420
254 147
40 48
444 204
318 242
308 427
296 328
409 205
359 327
468 385
153 271
485 35
214 330
285 386
357 337
292 444
282 221
25 6
372 255
218 305
297 72
150 498
121 311
494 427
252 348
103 485
421 141
176 153
316 153
244 303
221 345
323 336
475 478
273 325
14 65
310 125
91 229
261 217
128 30
65 321
235 470
165 128
91 129
472 311
67 33
493 145
11 248
390 200
53 367
66 9
121 178
300 413
163 26
269 198
386 140
352 118
434 400
457 393
269 449
442 122
311 22
164 99
109 157
186 316
492 468
324 28
88 72
62 278
187 254
85 277
359 292
11 260
124 405
153 87
10 116
2 267
299 317
3 196
275 129
34 163
187 104
43 325
475 431
286 156
262 62
304 59
106 142
134 43
415 390
489 4
380 192
114 336
266 137
52 357
124 287
459 57
15 31
467 65
111 309
21 156
130 167
454 481
128 108
490 273
139 172
108 443
64 78
134 288
460 366
193 156
115 345
228 377
373 378
61 280
344 244
371 234
153 446
183 157
327 137
442 475
468 268
179 435
279 224
176 290
417 207
281 50
50 344
430 115
162 247
10 76
34 195
275 296
449 345
157 476
293 155
105 247
333 318
236 332
175 458
29 479
458 83
160 17
70 391
378 432
265 154
190 447
429 394
368 306
42 61
333 433
329 272
34 14
445 368
49 315
178 268
292 462
89 84
186 60
315 92
259 206
420 175
51 110
87 361
193 211
175 389
308 181
199 157
271 369
192 17
390 452
49 200
157 263
363 376
62 60
375 294
174 187
304 315
107 273
203 344
167 140
445 243
210 296
162 333
307 437
468 352
408 87
71 329
461 234
498 47
388 340
79 263
346 226
198 478
202 477
403 107
455 487
52 114
149 404
151 424
340 269
447 200
63 405
296 54
401 481
0 233
321 113
403 384
362 17
167 312
6 95
338 489
383 252
248 474
232 292
97 333
256 206
200 120
342 233
196 465
159 473
73 122
24 203
304 216
96 325
169 434
499 248
36 225
478 98
292 279
455 66
241 239
75 465
480 177
468 277
168 220
11 96
123 122
485 144
449 385
410 163
312 259
245 189
320 447
142 485
441 192
3 101
50 183
356 44
218 329
376 443
135 240
332 137
221 102
496 188
291 118
61 284
479 467
447 258
38 63
164 66
499 427
68 203
1 209
426 207
114 83
376 210
351 295
342 100
324 312
445 394
105 180
206 186
303 91
73 214
427 249
91 415
164 46
387 146
76 488
282 422
265 331
186 126
189 415
183 425
390 499
467 32
260 474
377 218
402 40
17 143
43 38
261 218
27 320
31 188
224 106
67 35
298 400
338 464
47 236
124 413
93 415
150 7
131 221
357 221
176 289
161 95
466 437
262 71
498 255
19 327
297 247
401 312
310 480
196 416
335 344
8 117
79 78
204 174
236 366
193 352
102 402
53 466
231 177
46 235
276 32
496 357
230 154
433 352
418 375
340 431
134 207
350 460
442 207
322 58
372 8
89 266
137 219
191 189
453 333
301 99
316 170
213 372
53 312
288 490
464 301
344 458
425 150
139 395
431 38
168 444
27 417
463 295
368 179
325 244
126 221
3 13
89 103
169 186
104 413
99 3
79 461
205 388
3 219
206 11
292 104
160 47
202 443
397 144
394 487
40 406
18 339
425 333
461 474
497 252
228 165
224 454
336 451
293 269
274 255
412 104
450 252
12 286
499 160
83 126
3 412
499 254
261 339
23 68
197 413
21 90
213 426
466 79
313 214
252 269
16 383
463 293
134 145
262 75
370 427
367 456
305 242
240 395
210 277
207 263
155 236
188 179
321 463
130 400
110 83
142 297
382 419
330 204
317 308
238 467
297 345
403 61
345 142
433 450
78 175
447 163
177 106
277 498
56 125
15 291
28 381
56 26
100 486
70 29
118 314
250 252
206 485
250 47
15 232
165 452
124 385
241 68
14 190
199 442
69 145
294 70
223 499
355 405
254 295
360 91
63 185
6 261
100 246
357 376
232 255
388 39
308 243
52 17
363 189
396 66
333 395
447 65
317 316
208 478
363 445
417 492
131 409
124 28
22 247
126 303
77 324
134 272
44 302
491 396
376 257
164 233
44 390
247 353
274 369
183 85
40 373
350 28
331 193
110 146
357 48
369 47
307 273
277 404
64 485
204 286
98 438
467 186
477 122
447 319
2 90
53 352
123 74
152 325
479 12
77 82
458 54
197 460
448 438
484 54
81 176
312 277
482 133
301 243
129 191
321 482
218 378
170 117
174 368
55 88
127 434
53 15
166 305
396 478
303 107
256 445
328 248
238 5
421 178
214 342
382 137
287 91
201 334
289 443
231 159
251 183
301 201
164 203
22 269
39 424
402 12
247 78
433 311
346 273
301 32
300 325
213 362
373 86
441 50
238 317
366 152
247 50
10 182
112 93
269 90
284 176
120 173
390 232
204 302
274 242
347 333
47 66
465 389
47 225
48 165
312 28
201 485
190 343
97 371
373 99
26 72
191 258
484 116
447 456
396 349
85 221
0 137
353 121
75 325
488 373
211 19
239 206
454 461
463 40
375 268
294 26
126 170
271 439
95 202
356 470
266 97
0 33
101 86
57 415
301 157
177 481
211 331
338 198
263 66
55 365
384 38
32 336
25 338
343 296
375 58
12 99
429 291
166 112
151 429
46 467
46 81
395 170
168 448
130 397
467 437
476 100
302 390
190 485
361 129
148 100
161 392
306 38
56 96
227 419
261 442
324 73
491 323
201 303
261 333
395 444
480 222
37 259
369 116
123 420
276 155
166 258
213 140
361 435
121 406
405 252
250 84
390 132
489 388
165 475
27 199
186 89
289 145
380 392
83 481
497 325
129 79
298 159
343 188
31 102
444 81
182 320
133 272
357 206
333 310
199 218
410 469
278 11
468 63
320 276
239 94
479 155
349 456
289 99
183 15
169 149
403 73
84 330
188 353
117 111
298 324
169 299
168 332
293 439
140 342
39 387
25 131
212 375
177 64
284 477
25 213
373 107
343 186
288 135
365 182
88 357
427 405
237 497
159 448
293 195
256 146
483 433
318 87
469 173
388 114
410 15
498 30
331 493
331 236
43 245
297 105
25 474
387 375
414 265
362 355
349 206
63 84
241 395
39 432
289 65
73 52
424 253
111 437
438 359
429 408
108 153
489 61
307 499
252 37
394 216
37 179
111 303
11 14
328 119
238 456
398 14
286 116
433 280
434 442
25 132
496 3
485 254
465 41
310 426
83 154
382 108
484 177
56 404
7 235
479 51
406 157
236 125
215 109
302 435
131 452
340 385
9 104
164 384
370 363
34 190
242 190
423 222
179 280
424 439
411 319
66 306
432 477
487 329
493 226
257 443
5 426
433 86
264 276
491 394
194 381
292 169
195 253
388 394
391 420
198 76
369 376
64 257
212 196
228 152
97 157
396 112
63 111
164 188
463 308
306 15
377 183
233 379
473 412
97 111
167 80
47 381
254 77
116 302
80 356
469 484
372 7
24 164
51 163
104 430
58 220
193 470
178 41
468 221
32 136
292 196
112 45
157 165
468 256
296 429
451 455
166 425
79 210
124 150
176 314
52 336
331 472
178 200
223 40
5 300
433 368
154 21
212 252
102 349
50 77
142 292
42 304
330 119
204 207
339 61
465 236
474 193
324 218
340 341
337 494
158 307
287 3
233 330
15 292
105 325
425 338
294 469
42 444
54 64
173 370
114 27
223 121
117 251
454 319
397 169
401 175
159 34
385 61
69 394
335 378
227 190
319 252
127 36
100 368
14 100
184 442
428 173
242 141
365 289
492 183
104 437
81 207
352 62
307 352
217 240
75 32
30 438
148 454
100 349
151 304
277 151
93 265
110 136
442 181
30 224
53 447
126 327
376 336
72 98
35 215
446 147
300 371
104 132
483 105
308 326
278 300
299 452
496 348
102 7
141 312
264 374
312 276
235 437
447 180
165 204
256 330
372 493
417 447
392 388
149 294
73 279
423 331
97 417
113 361
274 320
482 189
13 14
57 382
73 482
115 482
131 114
195 435
127 284
93 197
122 172
121 63
428 25
123 15
440 188
397 106
73 232
476 394
426 452
274 25
191 287
102 426
236 195
347 102
217 482
226 338
424 75
275 78
298 167
401 98
233 169
113 379
191 418
393 81
247 465
346 479
415 438
40 12
76 404
188 8
15 406
64 495
68 405
20 82
25 440
422 329
479 453
310 129
428 335
419 225
32 60
420 480
198 355
311 23
340 489
91 409
118 2
168 495
37 376
246 267
179 465
293 110
323 486
223 62
216 233
453 354
495 41
34 345
290 362
116 476
475 186
353 319
324 217
407 449
462 346
271 96
35 173
20 322
65 457
243 53
191 5
381 93
62 132
153 142
275 315
98 197
351 188
361 194
475 100
278 479
226 82
157 350
426 275
216 46
369 260
25 282
6 300
32 204
125 184
143 331
465 369
262 317
390 271
313 479
360 215
448 126
129 443
147 135
345 395
267 369
85 68
238 50
476 383
451 360
217 200
109 184
423 175
37 264
144 383
135 296
23 262
427 99
335 178
391 433
389 109
361 298
40 32
397 345
65 85
183 446
426 22
462 225
156 276
121 90
354 359
403 117
192 383
93 146
69 278
5 100
9 159
47 71
437 254
448 267
333 314
483 444
402 424
21 173
480 202
198 210
208 487
34 148
155 67
57 216
201 68
448 424
207 218
350 10
72 320
333 6
142 430
140 337
355 2
323 459
279 365
471 179
117 198
136 441
396 165
276 195
229 401
279 113
393 454
64 410
168 177
120 491
180 326
317 327
124 348
328 368
242 313
489 397
439 252
79 387
455 297
389 50
265 120
161 252
243 358
80 302
6 20
144 333
207 282
191 490
441 403
324 385
62 465
492 155
66 48
111 57
425 261
440 258
228 185
436 368
306 4
186 188
46 175
18 291
310 209
143 453
293 322
316 129
245 277
224 238
102 468
357 420
445 384
325 2
230 286
414 139
76 252
80 211
377 294
390 56
331 392
47 137
133 305
145 476
491 188
97 205
121 228
177 5
227 303
43 0
351 213
386 436
302 57
94 0
55 50
197 316
307 96
51 277
160 479
315 169
462 146
302 353
321 264
13 281
415 134
386 459
230 471
313 319
183 46
262 397
8 202
281 8
109 69
481 67
214 420
4 97
439 55
331 197
75 389
300 225
78 409
200 67
1 125
202 330
136 62
272 149
472 313
208 120
482 329
350 25
115 469
262 16
62 82
287 28
124 263
453 155
306 282
128 238
39 441
149 388
211 170
411 416
68 347
136 258
174 70
303 307
243 241
471 87
79 281
374 309
188 12
35 357
422 79
362 130
358 393
197 51
28 98
104 96
457 258
76 280
485 373
498 149
486 163
438 105
198 276
154 213
444 412
279 350
360 403
403 44
366 145
427 422
67 464
238 163
178 467
398 283
361 265
481 271
405 222
39 185
447 186
306 230
331 86
299 81
303 332
128 342
423 101
337 162
41 296
485 53
71 149
389 361
143 369
53 25
468 179
317 9
244 349
242 246
477 459
142 263
192 458
98 362
262 11
287 226
300 116
128 313
151 496
415 466
254 432
416 362
469 466
142 299
213 433
460 437
218 43
402 110
69 335
168 110
358 253
197 24
348 315
369 478
265 315
70 358
349 475
427 100
403 332
90 149
282 162
497 208
325 327
47 4
56 400
7 418
360 413
417 81
316 348
25 383
352 194
52 67
263 338
356 379
166 422
126 110
191 345
314 29
458 129
407 134
462 485
377 170
174 36
311 53
170 289
349 152
464 347
331 185
163 154
491 5
56 145
323 326
437 272
291 253
122 189
59 318
79 63
136 7
61 486
303 232
105 190
477 455
15 447
454 499
114 201
343 303
256 212
284 10
379 50
172 212
233 301
293 153
403 78
176 371
65 106
375 242
461 148
414 346
123 352
401 263
215 148
89 379
480 274
274 436
193 311
277 381
210 358
195 336
43 499
29 408
249 343
378 77
448 34
479 92
109 383
177 95
65 97
106 312
346 379
271 51
122 5
416 52
105 336
211 380
61 286
413 405
434 390
109 40
84 236
32 338
215 354
68 381
276 325
179 260
197 253
386 302
93 99
124 327
62 322
362 15
91 198
145 337
133 159
173 386
173 33
1 220
415 71
474 162
171 477
411 47
405 289
451 210
283 234
232 95
394 59
119 446
147 408
4 111
282 314
228 368
340 107
106 471
171 352
416 405
491 56
44 278
188 252
429 212
176 190
37 284
147 325
377 409
121 221
93 440
442 180
39 186
9 498
76 457
292 491
60 389
297 52
464 267
362 281
268 452
356 305
162 332
44 91
305 426
228 61
248 375
253 346
300 174
153 251
122 352
294 145
78 2
457 156
24 134
29 196
138 339
486 383
307 472
476 218
45 261
108 402
188 404
54 237
8 256
398 228
44 124
52 247
451 391
105 294
275 299
271 270
442 116
72 429
295 148
4 269
446 117
353 313
328 166
157 83
10 222
410 27
316 461
498 200
239 431
491 376
268 68
338 421
351 347
407 156
461 402
77 376
34 105
297 50
446 256
202 50
321 68
308 21
233 272
22 186
139 332
136 491
12 393
389 99
196 346
389 296
32 370
368 416
418 153
249 168
461 498
83 461
488 348
85 230
374 472
189 471
203 132
337 146
68 86
421 21
122 108
164 389
429 57
492 456
297 479
114 331
342 395
105 22
207 144
455 124
247 487
347 87
488 182
65 206
364 498
477 101
292 418
489 91
303 149
416 492
276 295
202 149
335 436
365 97
360 289
163 86
69 171
92 347
392 497
390 283
43 243
163 5
340 272
257 152
199 211
186 496
162 140
167 437
212 282
84 261
294 310
166 222
342 346
438 414
470 216
75 169
60 467
95 240
101 131
424 407
296 244
71 457
497 212
242 226
334 461
463 110
0 255
251 135
5 479
122 243
25 110
277 496
50 300
91 30
357 202
141 136
235 299
64 166
167 447
371 65
417 35
458 114
404 84
320 329
266 64
440 441
200 97
48 276
153 103
473 334
313 491
193 431
82 242
419 197
228 6
22 275
209 447
421 136
410 270
385 398
241 245
186 18
211 195
405 181
302 217
165 446
282 225
174 265
162 380
159 102
497 106
405 402
387 437
161 448
306 87
459 372
73 300
256 403
453 15
288 313
220 136
237 84
16 23
452 202
225 298
39 240
492 160
188 465
279 20
81 334
185 38
420 284
401 19
346 112
241 426
33 399
227 53
481 343
43 235
318 105
446 281
231 89
240 255
317 407
94 454
136 160
38 272
21 93
63 242
168 13
275 478
353 28
250 325
246 56
442 56
458 445
229 168
340 407
299 269
292 361
226 167
451 209
447 169
69 165
457 489
347 74
224 359
354 303
28 430
347 312
363 355
457 50
90 389
231 5
21 414
433 56
271 493
183 77
31 498
319 2
203 88
259 372
494 5
403 325
408 461
491 462
412 262
120 180
180 5
384 198
454 7
14 99
242 332
367 454
81 340
29 17
133 62
145 115
182 232
76 248
385 341
315 56
11 240
493 203
135 459
393 308
441 22
312 63
424 118
131 399
275 377
226 211
456 384
146 178
10 123
293 296
336 380
414 260
202 464
287 470
46 244
495 247
147 124
254 390
86 58
223 39
499 97
497 82
21 96
249 310
396 455
443 280
157 419
348 435
13 350
258 214
489 306
172 16
485 488
114 22
327 261
124 67
111 126
254 120
324 74
72 175
453 8
376 215
288 266
494 122
379 63
443 60
220 12
467 44
327 393
351 327
346 298
419 243
276 433
449 96
486 381
134 232
433 182
413 429
318 306
267 279
305 496
18 301
148 130
70 494
205 109
307 366
385 235
370 480
128 387
164 271
256 201
154 122
239 341
52 277
371 275
387 462
124 63
34 226
256 147
97 77
479 23
425 120
86 341
51 426
104 165
156 348
137 22
429 173
66 277
150 397
160 287
370 157
368 126
86 149
284 161
446 227
313 466
378 187
156 124
391 99
56 360
346 57
13 136
31 468
440 176
16 306
163 487
19 236
241 222
17 112
371 458
462 191
123 250
498 209
53 74
107 305
118 484
436 112
127 196
112 427
406 31
415 452
482 458
498 322
414 324
464 252
447 208
317 243
71 151
368 96
228 316
325 27
419 190
377 173
286 63
475 29
279 427
319 206
409 459
170 22
449 365
402 320
244 98
156 343
415 303
59 273
333 343
436 104
375 27
358 403
463 147
325 177
400 62
288 48
328 181
451 264
10 77
405 162
335 253
280 276
497 487
243 324
105 176
51 284
152 219
412 45
342 183
79 139
151 35
393 326
472 49
32 48
415 213
298 291
174 191
372 483
233 183
158 283
203 125
285 398
150 130
41 246
208 312
470 150
441 32
255 343
431 368
405 406
195 412
335 54
289 311
391 366
367 49
120 223
402 230
378 155
389 410
345 366
478 200
388 472
315 47
308 233
233 338
172 51
435 306
385 423
427 242
363 169
205 350
350 402
247 293
145 116
192 293
243 90
72 384
69 440
206 105
488 133
239 113
426 98
67 344
311 290
349 74
463 284
429 251
412 355
368 375
329 63
132 405
109 65
148 201
127 24
190 218
174 219
427 27
76 458
414 239
385 120
401 21
286 80
356 0
4 292
350 136
77 241
177 294
392 49
345 481
6 485
340 310
240 389
208 362
224 244
142 270
401 433
335 219
134 278
337 249
404 4
434 63
247 43
453 437
130 227
109 304
406 320
439 183
27 16
87 398
183 435
312 222
107 274
286 192
339 108
4 115
252 289
331 474
447 360
10 104
340 25
36 169
388 361
478 351
26 421
282 33
433 471
158 32
385 339
4 352
34 456
74 54
454 89
191 197
135 352
459 176
268 443
360 334
234 295
219 284
169 181
76 289
25 235
41 219
259 360
137 344
127 243
100 313
215 410
305 89
165 26
73 167
13 226
315 263
59 310
473 230
63 44
475 89
190 162
251 140
448 21
100 164
343 369
373 139
250 429
223 433
341 116
234 242
354 467
158 407
182 370
14 327
84 6
466 165
375 336
229 302
140 112
158 78
377 122
118 205
454 468
180 364
363 252
207 45
461 84
449 366
66 300
436 89
40 292
185 108
247 241
262 143
209 19
47 132
214 452
317 403
315 425
213 481
286 387
82 143
156 382
3 71
356 9
469 437
341 70
91 199
140 6
308 75
363 206
445 485
396 431
316 431
168 362
454 113
203 297
373 114
155 330
223 231
470 310
160 22
481 117
291 122
314 194
61 123
479 110
366 312
481 440
198 255
351 154
477 95
499 197
61 142
145 482
20 454
174 340
459 384
121 165
102 151
29 319
383 257
218 438
308 417
384 113
348 27
450 483
405 409
298 77
175 84
238 34
275 290
345 464
343 159
441 87
218 257
22 182
163 44
430 411
463 29
110 192
418 479
109 378
445 27
211 396
199 333
275 233
463 56
477 276
274 474
423 190
170 468
419 224
273 461
285 206
334 186
403 363
179 363
175 4
484 163
389 170
126 154
480 415
368 3
446 65
73 413
298 331
370 330
129 159
339 319
79 56
357 474
290 241
52 235
80 367
380 124
474 371
103 483
256 437
359 355
269 125
284 20
232 427
398 352
443 233
471 15
391 166
199 138
442 144
57 322
365 450
165 20
197 67
85 427
240 490
320 10
347 223
427 56
221 449
93 96
147 212
317 65
346 486
198 133
163 394
429 494
104 490
432 8
3 61
173 86
137 487
54 206
244 362
93 103
178 351
400 444
200 348
444 453
88 66
356 136
170 473
277 384
438 306
387 470
337 285
340 200
317 223
160 440
62 243
308 498
229 430
18 241
191 486
387 191
29 153
297 78
477 464
51 145
402 4
148 6
117 473
197 303
10 263
37 437
375 482
319 402
220 182
410 121
187 380
395 53
469 316
328 406
208 260
301 450
299 497
392 264
32 382
470 102
440 300
403 129
453 95
386 83
462 343
246 250
40 1
136 384
311 115
12 173
457 314
295 392
188 418
347 214
345 153
317 303
17 405
360 90
315 69
284 39
492 102
240 25
361 244
386 470
178 153
122 370
241 408
444 356
380 279
58 360
226 366
49 302
443 170
18 347
113 475
378 313
445 121
80 450
84 441
86 451
363 249
23 133
89 355
18 119
305 298
348 71
455 273
390 371
76 257
119 457
90 122
402 19
373 146
97 108
444 355
408 212
419 298
146 101
351 396
148 473
259 24
47 249
449 15
461 212
47 427
314 74
344 340
246 474
240 425
233 121
312 15
372 113
261 325
11 447
111 142
463 322
85 436
126 331
413 447
273 322
290 196
464 8
243 142
277 313
225 369
130 337
420 184
322 224
329 488
474 249
382 282
191 315
466 226
466 163
102 149
452 385
381 74
399 155
276 70
12 435
128 105
207 358
444 158
431 112
264 23
48 480
309 81
295 84
308 26
296 179
118 142
302 384
292 437
166 494
473 351
453 43
41 158
92 285
346 126
6 15
270 32
273 330
21 330
101 104
485 278
258 386
195 451
216 420
64 419
136 236
462 481
306 150
168 109
151 113
352 419
311 389
221 360
149 91
173 421
499 118
105 413
84 184
16 260
142 303
423 184
6 50
164 297
437 418
73 491
416 199
344 168
377 465
433 319
38 131
142 476
24 425
358 267
446 450
336 26
331 489
27 371
302 443
406 339
180 13
379 204
107 42
403 120
233 57
9 136
156 88
480 51
315 59
143 484
72 21
55 253
231 126
117 432
4 334
253 282
249 278
172 89
493 396
486 492
18 491
25 381
175 342
155 157
286 206
176 61
211 277
473 310
454 177
291 421
428 143
78 108
212 126
260 96
139 24
120 365
354 484
164 484
442 479
448 42
145 441
487 471
68 33
4 350
328 422
48 304
423 403
69 191
53 362
410 263
162 177
98 282
196 459
2 245
483 57
103 486
126 134
291 163
10 265
327 492
185 35
179 95
406 60
0 322
399 118
188 167
456 434
172 15
15 83
314 254
119 147
477 441
74 52
474 277
216 224
269 410
431 176
474 438
371 17
391 372
0 95
187 386
82 333
370 389
307 152
126 173
158 373
184 359
499 360
471 52
382 30
78 225
168 170
238 277
475 276
228 300
252 70
476 331
218 334
222 420
71 193
49 348
188 282
187 35
370 199
51 186
193 427
306 157
215 153
120 290
100 394
456 211
399 176
41 263
25 112
178 258
7 238
282 139
231 456
176 203
50 282
62 59
304 41
322 317
108 411
447 450
216 330
194 365
82 109
449 451
336 396
69 70
117 207
41 316
291 347
331 182
409 265
264 173
390 213
294 36
447 51
385 78
54 469
108 495
185 119
298 408
60 246
243 264
126 335
226 457
134 462
54 457
469 324
308 84
485 387
442 345
62 197
48 433
475 444
178 262
145 214
417 285
275 84
159 264
476 460
356 36
116 148
192 20
457 188
117 168
324 133
238 72
487 377
7 8
78 388
399 437
61 295
274 241
112 478
147 297
184 195
35 191
434 258
187 404
125 201
427 184
30 466
450 40
324 318
58 153
321 437
200 205
70 362
301 269
457 420
370 110
372 44
241 409
215 90
326 161
4 76
382 254
460 48
13 474
476 264
209 364
94 455
230 43
438 371
462 399
436 16
17 465
95 255
50 61
181 48
248 281
368 430
256 443
441 438
323 21
168 443
64 91
300 360
75 255
362 186
373 377
23 372
64 278
295 373
350 442
350 280
237 398
485 301
469 137
345 252
311 49
331 488
27 77
140 313
466 264
258 67
180 135
339 424
427 486
160 29
98 311
85 299
361 351
463 116
488 81
142 489
334 459
212 193
284 191
305 171
3 256
419 394
217 485
120 96
23 434
179 452
188 56
206 484
112 383
356 222
121 186
261 365
180 122
426 479
47 454
351 7
464 162
310 283
302 290
465 266
489 115
359 46
126 138
95 89
261 311
228 363
171 249
264 114
123 152
363 149
194 287
366 195
115 203
472 114
258 89
296 347
481 398
224 475
191 335
53 209
227 484
172 338
229 230
8 238
249 445
417 30
345 320
62 287
422 356
405 155
274 12
223 198
449 333
359 32
364 8
461 116
37 240
220 375
278 169
44 301
302 15
285 94
247 229
452 34
154 250
251 175
135 334
75 478
36 89
251 461
31 494
215 497
124 195
2 21
183 477
114 257
387 17
288 464
188 208
193 161
90 479
456 364
95 234
467 123
234 101
250 188
443 63
158 254
267 158
497 234
422 261
266 240
425 2
236 145
199 269
160 363
175 99
443 194
383 85
407 203
37 358
311 138
484 68
497 71
319 363
391 234
482 160
327 178
242 193
178 461
211 29
49 111
172 235
151 450
497 123
252 206
56 46
175 192
162 417
62 207
323 490
161 420
127 335
163 100
320 127
333 339
262 19
93 61
336 65
20 206
198 430
358 314
471 480
251 34
44 323
233 499
409 193
303 23
268 46
145 495
266 373
11 10
263 125
83 195
432 274
315 451
486 112
310 20
109 355
417 61
472 264
182 408
242 27
176 273
324 213
135 85
31 32
105 83
314 241
346 22
411 455
286 196
162 251
7 299
104 473
332 202
183 381
303 30
473 408
466 326
311 342
12 329
367 476
223 213
370 171
227 253
201 27
200 117
123 20
162 477
388 439
120 428
375 3
100 22
451 446
324 286
184 408
358 128
109 139
149 450
445 147
216 215
50 26
65 401
378 168
496 480
343 315
439 25
58 482
97 176
160 329
376 379
396 144
115 429
264 416
36 263
81 88
112 42
81 290
101 75
201 81
328 180
232 455
374 249
3 204
400 29
171 240
190 195
60 105
477 199
479 246
346 392
57 261
373 443
413 44
171 279
341 72
338 37
19 230
113 119
160 396
350 368
414 371
491 297
373 258
58 444
13 386
212 467
411 56
244 363
450 392
75 361
36 245
46 39
201 426
194 140
357 379
10 443
312 73
197 418
232 491
360 48
50 429
178 411
398 59
415 147
378 222
454 402
342 192
185 42
278 160
179 170
484 109
311 224
107 442
279 480
236 112
53 124
242 76
164 6
469 121
209 408
52 356
307 262
440 359
412 279
1 169
420 425
89 99
277 203
76 201
321 335
44 478
185 270
117 74
23 185
475 140
447 72
206 243
29 295
434 385
87 495
333 61
358 94
239 196
420 92
401 33
65 224
376 83
431 211
347 231
377 452
332 163
209 89
409 478
492 189
149 401
52 142
498 310
429 208
228 266
286 8
86 226
30 319
298 150
285 322
366 206
171 57
376 388
47 83
78 327
4 212
489 382
93 169
57 142
153 232
158 377
448 225
436 442
63 128
454 68
92 18
275 155
319 235
265 226
482 161
358 200
333 88
153 375
64 65
77 344
354 493
370 465
367 121
458 276
300 283
492 368
68 478
139 126
258 25
225 474
488 235
20 226
338 343
340 170
369 467
16 301
499 196
452 193
248 98
353 487
430 482
51 358
238 279
382 120
352 221
120 301
419 284
322 360
147 426
242 251
300 55
263 87
334 347
288 209
315 225
67 472
200 119
391 419
313 275
463 174
126 388
30 270
387 40
402 8
102 164
204 85
343 281
74 477
45 77
139 260
42 338
377 324
468 302
498 125
192 238
221 182
266 246
383 387
387 75
258 266
339 73
126 495
252 415
317 61
392 212
131 274
247 381
88 419
366 91
289 493
465 31
274 59
172 428
158 263
343 302
154 102
161 464
499 23
365 356
100 74
385 377
313 340
400 53
76 37
109 274
468 160
470 459
324 481
148 390
67 53
22 37
61 69
191 30
267 7
45 284
225 279
392 193
380 350
447 88
362 389
234 158
498 406
56 27
259 117
353 122
6 452
323 481
466 28
252 229
17 421
182 310
314 72
200 185
191 310
97 39
409 95
45 201
320 443
487 60
395 380
389 445
476 449
145 94
15 305
405 333
139 203
310 420
106 176
279 30
32 236
357 472
490 59
463 138
441 235
398 247
242 480
307 144
294 390
94 86
498 197
300 306
434 121
465 431
445 134
111 395
184 201
165 205
304 230
397 28
486 113
230 56
32 244
201 377
402 439
202 78
108 150
303 0
211 275
337 283
86 472
191 212
489 123
12 480
398 53
180 401
26 2
217 116
163 166
245 202
416 23
297 145
232 405
22 115
235 167
423 131
275 182
84 281
67 74
234 441
495 412
332 271
382 478
445 32
97 440
270 217
12 397
43 129
58 256
37 228
390 188
320 153
140 5
320 205
351 56
280 169
131 279
175 492
218 325
105 168
370 410
297 3
301 50
29 413
356 195
56 387
498 90
90 120
288 44
14 399
54 476
461 96
129 202
224 358
329 206
290 151
223 369
331 422
244 208
253 407
234 427
11 412
464 130
479 463
333 72
390 165
19 322
339 427
191 9
317 436
173 486
412 414
253 393
470 364
396 89
376 342
328 403
6 469
208 116
280 391
190 338
39 189
202 143
107 230
465 383
336 200
107 361
375 423
184 491
105 122
289 464
95 33
476 287
66 12
379 297
301 175
455 490
472 283
121 231
338 255
342 433
152 354
445 72
285 314
25 229
262 102
183 60
343 150
60 308
129 142
15 78
361 232
271 293
293 146
374 321
304 368
259 341
154 44
374 265
27 205
30 475
423 192
132 32
481 311
69 300
57 228
275 185
143 459
116 474
376 454
94 134
267 439
195 441
126 471
175 15
200 182
227 131
337 428
0 107
359 283
19 97
417 329
163 339
262 480
11 167
6 421
48 332
480 361
245 342
474 311
303 133
145 314
132 416
443 20
349 76
223 419
280 217
387 25
203 168
205 224
39 289
392 117
389 383
444 267
259 155
259 479
393 366
394 199
256 49
168 111
329 464
29 441
492 169
14 23
470 391
366 454
495 265
156 102
228 328
408 296
352 188
119 306
381 314
416 191
451 219
469 226
454 197
53 445
282 301
478 477
258 11
351 202
260 62
404 37
120 498
158 238
338 125
446 320
18 341
150 28
135 388
74 292
213 309
51 299
442 32
430 102
1 383
182 135
390 153
38 167
108 440
438 450
441 439
148 385
350 422
415 399
331 149
308 433
305 87
308 494
51 245
47 145
174 107
123 213
299 216
257 208
186 298
388 486
243 129
327 85
49 346
228 464
397 18
193 317
370 27
497 95
321 461
315 185
435 113
68 493
68 420
218 236
222 295
122 109
97 244
480 248
74 351
498 59
462 212
180 342
78 293
409 385
344 32
130 279
122 103
4 35
16 462
176 56
49 164
33 257
421 88
465 290
249 487
391 355
117 239
114 473
361 155
200 153
310 144
78 473
412 53
185 167
151 422
287 348
183 184
485 437
250 300
355 407
351 165
201 31
75 50
351 60
18 302
340 297
253 376
477 219
110 58
131 24
26 141
313 0
33 145
453 2
311 360
209 136
314 57
251 191
173 217
459 483
38 423
115 28
422 27
93 404
135 290
285 348
136 85
431 380
10 63
66 167
90 199
15 206
20 30
262 421
476 78
379 157
201 318
236 153
72 301
427 367
325 470
492 246
474 362
247 81
178 440
43 310
37 335
211 368
332 58
376 225
430 292
269 168
399 84
453 415
182 276
17 468
120 436
487 228
108 392
120 188
150 43
18 75
406 477
486 262
40 418
155 358
342 92
474 459
51 415
58 62
401 127
356 396
74 39
344 72
79 299
285 442
230 409
220 200
15 136
369 205
206 85
57 143
341 173
273 135
192 405
162 99
214 394
313 359
352 308
322 303
334 341
338 96
107 333
159 284
37 468
6 227
61 143
339 441
430 270
111 348
158 482
420 404
8 264
118 348
145 197
150 302
49 244
23 166
252 300
254 318
210 385
210 143
175 309
18 179
83 310
339 234
368 420
440 58
83 127
456 147
171 485
396 192
76 175
28 346
251 323
351 17
290 255
225 208
125 259
357 236
274 283
380 306
56 138
229 473
146 473
329 147
150 8
392 204
161 96
168 366
71 62
484 151
119 120
202 267
437 142
192 474
304 100
208 121
66 398
101 229
261 219
0 366
427 407
332 158
341 449
222 281
420 363
99 189
424 335
461 428
236 356
336 190
443 106
303 96
385 373
291 162
188 485
322 399
100 77
349 266
120 12
283 410
443 285
69 161
228 207
139 350
296 64
