500 5800
447 356
478 12
139 64
482 301
268 338
251 46
109 366
265 197
191 404
10 131
414 176
81 356
255 108
64 162
11 491
185 463
341 256
142 443
440 403
300 276
182 305
325 108
445 348
265 45
302 73
54 102
441 421
349 126
424 494
193 464
431 176
382 190
478 428
276 472
254 353
343 204
490 317
402 392
223 308
427 353
475 7
407 214
266 74
365 50
331 98
95 259
186 395
20 374
380 402
432 266
61 329
419 193
482 406
56 141
400 177
174 44
329 58
175 6
277 279
93 40
92 409
359 357
369 60
446 115
84 61
295 364
285 179
228 219
167 180
426 437
214 344
110 331
391 226
441 461
104 116
117 449
44 420
190 163
466 9
124 80
40 396
388 499
13 357
417 384
283 179
51 275
295 368
446 349
447 173
237 35
466 166
96 247
235 456
315 199
364 172
433 360
477 302
150 332
441 162
404 419
40 439
209 92
352 375
274 40
356 2
184 338
393 157
249 135
48 423
439 290
398 106
0 70
368 281
141 489
218 413
216 112
136 152
100 296
301 498
256 267
6 217
495 75
61 82
463 405
389 204
459 465
160 54
265 278
83 254
146 99
47 77
330 52
386 371
201 368
251 366
409 428
371 358
130 394
248 376
315 21
236 422
393 104
81 274
458 38
138 455
465 2
416 492
239 139
16 114
420 338
342 36
494 280
64 199
30 82
247 452
54 8
143 383
156 239
480 497
172 262
203 179
108 200
76 308
27 372
295 402
387 38
491 388
181 434
138 196
124 230
474 10
236 253
23 21
284 169
227 134
379 267
429 337
218 261
52 102
401 56
460 362
389 0
87 323
158 349
346 499
106 424
47 425
211 494
478 412
315 304
475 184
146 349
413 125
264 113
437 352
447 337
109 222
373 102
58 101
325 3
86 388
374 155
480 344
366 328
382 252
38 233
208 357
334 449
234 193
82 19
43 215
263 348
32 179
421 141
150 147
414 413
100 95
24 172
423 230
205 394
280 378
34 412
140 308
227 268
293 67
66 86
228 140
284 338
235 14
268 452
146 86
144 439
283 100
58 46
254 383
210 305
298 307
311 26
345 436
214 86
434 198
457 273
264 151
407 60
473 335
84 243
25 59
306 15
314 469
390 296
220 326
438 335
477 263
54 182
227 483
372 117
220 331
119 328
261 359
354 184
38 99
47 207
60 134
388 372
200 127
379 39
472 338
84 238
319 421
402 461
378 308
396 320
262 497
328 130
75 317
423 120
235 466
188 130
17 32
327 409
416 310
32 113
85 395
166 409
343 48
37 459
259 100
193 51
78 292
101 496
105 28
48 311
319 431
336 127
123 311
497 285
190 173
182 209
154 414
471 457
287 85
263 465
232 393
84 87
490 166
7 72
393 102
10 382
495 344
249 188
188 414
78 213
495 291
382 151
471 388
106 479
43 488
196 36
209 310
123 326
151 140
318 227
110 160
268 419
468 429
496 280
367 41
483 385
485 282
455 53
288 408
21 193
450 304
366 107
253 151
417 123
312 23
358 100
325 278
437 260
400 309
478 68
213 97
87 325
96 379
393 180
335 61
461 248
154 15
242 220
124 308
50 61
285 395
55 349
349 117
150 462
494 411
373 300
416 141
149 417
13 149
54 174
114 322
433 306
24 163
391 131
78 339
238 210
106 59
114 465
51 36
432 209
343 97
342 395
119 39
332 63
10 200
269 81
208 14
337 143
411 94
125 372
54 183
190 216
120 265
352 311
367 248
383 178
392 220
366 458
450 467
377 356
195 298
92 299
41 328
51 147
416 346
153 102
190 196
436 171
270 320
78 197
213 394
480 319
31 424
317 304
426 101
203 261
143 241
372 224
42 318
101 16
234 177
59 293
41 431
194 166
440 203
158 397
227 498
236 312
131 178
231 210
404 10
181 460
407 439
159 179
31 339
194 77
329 147
39 157
280 411
154 143
423 496
439 420
204 119
315 376
62 354
125 130
247 76
5 245
361 412
305 219
430 132
43 168
156 495
126 386
372 241
80 42
384 306
329 278
32 326
356 355
471 202
53 237
453 385
49 3
467 177
390 74
128 23
387 342
353 313
424 294
128 422
337 485
342 144
106 293
40 38
194 447
332 423
380 499
182 148
254 352
251 327
0 351
270 312
140 259
358 306
252 376
438 477
364 143
224 204
232 472
21 162
116 213
246 169
431 370
50 35
323 314
112 183
385 398
135 424
91 353
280 340
296 396
141 196
125 250
111 281
380 109
112 446
357 194
205 12
379 288
299 50
183 61
460 394
434 246
450 232
348 30
35 207
111 26
0 221
451 421
5 129
105 118
355 237
256 487
267 427
298 369
405 22
310 54
496 220
182 43
200 96
327 227
74 43
141 336
55 186
499 204
104 5
409 235
175 297
238 305
337 8
224 124
469 276
454 355
389 480
103 395
263 314
81 418
125 296
2 31
323 449
303 75
282 481
439 152
113 233
73 12
479 168
205 349
304 267
57 177
420 240
67 257
264 256
442 334
21 408
261 71
365 23
269 295
202 78
377 260
478 499
309 64
21 135
308 53
466 484
497 445
417 455
95 190
364 177
2 434
165 76
79 387
258 454
232 136
380 486
484 105
250 275
430 448
338 121
110 350
52 258
437 462
317 338
163 382
191 328
58 339
87 224
234 112
262 352
490 275
127 68
154 398
182 470
486 313
340 401
386 499
62 463
50 231
490 215
344 223
191 29
355 116
185 61
289 209
110 476
104 175
171 131
215 220
89 177
264 231
92 382
222 282
306 469
247 405
40 19
387 234
362 52
455 354
46 473
400 54
219 249
280 484
44 295
400 239
292 72
359 402
426 446
307 51
390 109
170 208
251 31
144 299
18 82
81 51
450 345
23 248
32 400
14 420
233 71
117 259
294 238
89 131
300 377
203 115
497 284
63 385
317 78
448 410
250 1
37 359
61 261
174 340
66 263
68 453
336 281
425 454
449 451
253 174
261 319
263 291
29 259
428 196
85 268
344 184
244 255
274 10
120 461
28 433
229 12
50 312
65 183
68 364
273 29
373 450
272 264
281 450
205 124
396 360
265 141
24 126
472 424
102 214
489 448
232 373
209 43
448 24
246 133
107 160
444 414
287 180
244 438
144 441
254 125
170 297
135 438
436 9
28 427
372 157
223 243
487 345
339 249
124 162
410 37
195 259
137 250
180 230
387 469
6 405
208 387
248 265
366 74
3 385
229 158
12 452
373 398
16 490
452 415
58 214
443 391
83 299
347 376
247 151
117 2
304 243
244 358
383 257
159 400
472 150
19 204
288 24
438 114
340 148
485 188
65 81
316 0
265 225
336 191
90 21
6 104
258 482
306 429
196 375
329 199
325 191
335 441
287 270
375 95
341 444
194 182
331 471
480 277
431 346
234 267
277 250
239 171
266 391
250 426
204 68
152 238
3 381
70 101
61 250
133 363
481 376
174 362
72 340
235 51
209 87
117 68
20 84
263 279
440 207
364 458
241 331
51 341
226 353
463 449
386 449
359 303
357 29
478 34
357 296
66 146
158 378
226 364
261 23
403 411
166 220
367 170
254 440
69 476
421 365
432 6
150 122
68 351
401 473
111 68
303 419
277 452
336 437
306 195
218 64
291 274
447 150
209 10
346 315
62 448
35 8
141 39
492 175
225 475
481 486
186 488
176 172
209 256
351 316
68 192
59 38
351 31
158 464
364 38
458 256
194 274
383 307
124 137
154 221
178 198
197 459
373 351
49 300
210 220
376 115
319 414
90 126
329 106
27 219
356 407
450 21
429 396
39 388
402 374
44 184
461 313
474 67
444 410
47 278
30 38
86 233
118 433
444 31
319 210
29 67
105 186
428 223
379 325
159 45
207 5
26 409
100 118
23 270
475 67
374 1
454 123
367 267
219 347
376 139
190 120
484 78
476 80
208 104
250 88
276 69
249 83
291 108
216 415
3 358
44 169
151 473
235 133
286 32
135 272
132 50
371 479
397 475
269 323
280 171
258 464
254 385
63 32
105 246
458 476
373 213
55 9
67 464
31 471
254 112
358 424
107 121
205 60
198 390
160 176
35 40
145 111
107 42
314 30
61 293
5 249
454 212
74 262
148 82
100 135
398 52
36 399
93 306
178 329
290 245
465 290
312 194
165 376
98 376
265 12
458 294
221 233
202 470
128 224
195 157
196 44
379 320
377 82
212 437
142 87
342 57
172 219
98 480
315 61
139 298
181 314
188 60
126 312
380 235
180 379
324 199
433 383
426 71
416 290
446 477
411 143
103 199
383 247
40 170
67 192
328 43
273 400
162 289
52 103
265 442
306 339
484 53
463 143
410 1
221 87
345 325
379 119
30 45
74 232
434 367
256 144
450 20
451 398
170 483
368 211
224 91
318 379
316 144
278 225
74 352
299 253
378 471
280 345
454 142
97 200
198 243
350 305
309 411
43 461
61 448
141 38
380 125
224 88
6 180
124 426
349 213
181 485
82 224
253 133
447 370
430 480
103 132
324 398
435 78
472 89
488 392
1 98
301 78
261 104
231 269
407 40
433 32
367 347
5 310
365 110
236 185
14 92
321 227
138 359
431 8
389 355
0 193
4 282
36 363
295 29
476 269
285 171
210 266
373 2
165 397
236 212
41 494
441 493
160 13
57 17
308 41
120 240
375 397
375 443
63 408
7 320
254 51
295 346
81 384
167 489
107 432
191 395
116 111
127 393
109 37
67 79
339 159
379 60
166 1
302 36
217 279
25 446
35 410
157 322
201 373
431 181
285 477
481 458
91 28
44 11
225 346
85 215
73 24
140 154
331 1
282 90
477 463
355 223
63 298
331 387
71 473
196 90
263 176
206 58
460 322
454 369
243 465
262 261
170 23
151 350
6 342
79 463
112 239
224 367
17 312
382 226
79 155
473 50
416 426
198 61
256 188
11 14
42 203
99 6
237 306
422 417
114 149
192 397
287 389
299 197
317 186
273 31
209 388
252 16
57 366
122 103
319 300
286 85
146 328
328 376
473 81
221 92
472 236
197 412
159 250
319 439
31 220
322 204
6 281
317 450
227 115
435 14
397 302
366 423
134 330
201 252
195 448
3 345
152 82
448 437
326 263
6 151
224 46
152 452
280 7
298 227
431 339
307 14
152 189
469 163
475 259
452 323
358 495
26 362
299 35
7 93
464 201
321 243
317 274
157 330
212 167
145 293
431 163
444 307
37 175
163 318
61 31
300 376
394 69
66 214
459 418
264 37
497 475
107 337
238 499
238 207
166 109
405 435
244 293
489 44
80 495
149 26
34 166
8 290
209 0
265 305
138 139
149 94
60 47
226 397
183 147
354 355
110 4
181 327
54 261
126 268
154 175
217 149
407 8
385 51
354 472
426 409
486 49
494 420
386 330
446 30
494 339
3 332
140 59
416 65
304 219
422 193
470 368
271 354
357 388
49 434
25 330
402 8
340 165
348 240
41 415
169 445
244 483
182 393
430 447
353 409
180 461
287 382
69 357
403 429
321 361
36 371
30 237
406 65
132 377
475 149
488 478
192 232
74 14
398 262
322 230
251 73
314 351
213 170
35 93
303 160
284 86
253 329
154 334
76 243
325 415
331 318
486 328
195 470
274 186
67 253
187 84
425 233
401 462
248 319
51 107
25 5
274 366
100 474
286 157
111 220
5 1
368 101
385 334
207 23
296 333
336 190
320 36
95 494
352 406
426 83
167 410
396 211
408 192
221 418
83 463
446 58
289 50
119 197
432 221
417 47
339 96
475 176
90 336
140 176
264 227
25 250
253 292
3 23
121 244
33 176
432 291
255 48
406 126
328 484
244 388
0 257
151 96
230 15
125 350
141 352
362 201
193 135
125 88
320 456
5 227
300 157
53 70
351 94
68 93
449 68
48 32
486 365
98 43
371 411
260 258
470 433
7 208
137 234
288 403
1 40
134 337
218 114
133 434
404 58
124 58
61 16
398 401
80 25
458 334
491 55
264 341
180 363
271 324
409 46
382 473
284 328
170 398
269 356
284 395
295 11
153 7
450 75
45 377
398 353
202 435
325 336
90 390
360 459
294 495
493 317
97 39
139 23
276 105
137 132
498 171
304 485
147 351
447 312
217 105
207 465
362 94
314 365
499 393
434 123
30 133
83 430
488 15
85 344
177 454
259 55
404 218
498 442
21 257
435 491
384 28
477 252
219 109
104 298
54 318
293 111
44 386
426 362
239 207
485 103
462 210
389 38
182 254
429 245
389 325
199 246
187 20
253 382
281 300
189 290
318 72
360 446
392 34
392 349
100 409
140 247
451 12
19 110
477 81
175 246
222 112
193 57
162 123
224 259
307 205
423 17
209 40
324 106
281 238
443 369
234 381
272 129
304 114
387 426
493 220
444 406
294 104
343 383
199 407
40 82
477 187
279 57
431 167
201 128
407 281
432 191
278 342
410 13
298 137
174 367
66 415
397 52
131 471
116 368
251 238
260 25
442 447
180 376
197 73
157 59
69 17
481 411
305 25
109 101
80 20
68 149
103 96
490 234
362 475
296 83
213 140
90 72
259 236
451 170
121 150
466 209
459 66
301 57
306 80
112 384
339 328
108 207
265 52
33 29
195 282
369 254
445 22
469 418
378 323
412 189
365 226
77 51
470 400
472 344
22 412
413 233
172 220
463 344
265 16
100 310
473 160
310 330
492 361
214 171
211 380
451 189
241 293
486 421
46 246
364 403
326 306
370 410
365 451
249 337
348 473
247 306
52 231
1 12
418 244
216 399
246 54
402 397
14 233
101 158
394 367
19 222
381 316
8 151
479 47
75 351
481 280
64 113
104 139
124 239
284 331
274 109
188 89
32 139
491 192
250 495
342 389
243 28
38 286
489 243
52 446
40 261
331 437
310 74
371 301
366 326
302 495
350 341
185 125
474 124
367 210
316 201
120 109
271 349
12 44
184 238
75 105
66 157
205 23
41 232
254 159
100 115
14 72
158 424
317 7
157 10
201 243
388 46
441 248
61 114
112 314
290 327
462 110
233 283
312 202
44 5
172 231
271 486
129 109
175 215
145 90
200 8
271 17
171 201
330 253
427 25
187 429
301 443
22 197
120 443
179 346
52 459
221 25
423 53
295 179
153 32
84 441
62 43
252 390
38 181
372 156
121 184
389 456
210 77
313 52
120 382
466 240
286 216
190 154
473 353
294 445
371 197
123 109
10 215
181 248
407 235
400 375
415 485
331 20
179 185
335 33
371 264
341 141
23 179
221 434
461 275
53 223
346 243
69 105
348 190
301 394
96 107
138 26
329 475
100 455
409 256
324 489
269 398
204 420
178 436
310 208
270 17
494 187
328 148
473 232
462 119
364 404
227 129
441 133
263 119
261 354
247 374
41 142
148 394
435 336
291 18
97 422
282 5
438 186
120 343
348 269
280 307
54 331
163 294
300 260
275 48
88 146
478 243
358 129
79 57
166 385
266 125
104 3
321 302
330 175
151 189
383 155
4 452
211 483
419 29
456 329
282 149
342 376
334 348
267 34
391 264
446 296
77 330
84 395
61 484
494 405
263 413
336 26
150 323
458 269
73 212
421 3
327 93
37 228
324 253
415 221
243 117
390 58
349 298
386 228
121 115
289 355
174 498
189 384
465 364
447 31
439 402
59 329
290 323
337 386
412 161
267 483
407 489
121 167
453 15
210 51
107 222
281 162
177 34
395 422
98 99
409 36
12 52
120 221
111 288
447 239
417 426
339 85
311 295
128 445
65 476
94 1
33 227
341 58
254 189
437 242
306 207
449 28
103 300
275 471
85 410
116 403
458 102
337 177
392 23
79 449
415 258
346 397
78 343
412 414
22 344
452 175
292 99
202 256
262 495
22 382
351 378
449 16
414 83
179 468
347 106
100 187
486 50
484 312
24 413
301 203
368 284
300 186
435 374
374 463
456 147
285 324
313 410
237 39
419 83
13 21
282 457
135 104
80 22
409 193
109 116
112 30
367 461
122 282
80 318
470 426
163 171
325 68
478 62
287 210
35 80
102 286
59 19
375 394
458 148
345 351
179 76
267 481
420 392
212 181
361 203
250 255
468 40
32 0
232 458
468 163
57 174
22 252
249 146
130 312
341 486
193 25
199 467
388 275
358 203
101 402
65 108
94 483
65 70
467 305
272 467
48 44
226 18
340 389
80 140
224 172
254 448
420 17
270 352
346 279
265 196
8 455
214 167
120 31
119 455
187 74
421 133
490 446
252 497
320 250
183 343
497 236
181 88
210 221
232 184
456 6
406 332
294 80
148 252
24 393
35 318
221 407
316 34
442 387
369 363
431 126
267 457
186 216
204 494
400 107
263 126
464 29
417 202
43 457
18 393
138 153
307 54
456 284
360 366
482 6
240 453
320 473
409 90
486 247
105 132
136 23
294 55
2 122
210 78
183 51
256 414
305 206
314 125
302 46
113 352
458 174
483 462
194 74
425 73
59 90
299 351
270 213
12 465
275 124
314 286
76 128
5 468
322 281
11 190
63 125
452 51
397 430
0 107
212 188
124 319
100 82
255 280
417 360
197 108
85 334
401 241
113 439
326 392
253 478
466 113
388 3
53 466
346 50
0 327
210 317
279 237
112 54
276 302
192 475
305 85
425 353
54 487
65 23
32 77
421 340
396 228
326 213
406 232
350 118
370 126
291 100
90 262
181 221
308 443
30 146
311 264
185 123
227 22
280 172
74 374
290 56
382 150
387 400
268 275
241 492
417 191
165 45
399 275
226 6
118 273
425 377
150 202
268 350
87 375
12 256
115 165
126 425
280 424
285 275
245 27
34 81
214 369
402 414
261 387
208 67
198 285
209 460
433 265
377 76
456 428
67 237
168 407
168 327
378 1
41 340
396 329
358 228
305 497
22 186
178 432
24 454
472 97
224 349
390 112
14 432
300 386
231 135
59 164
81 174
271 147
429 177
358 180
299 359
238 40
441 499
246 194
157 172
146 437
181 471
117 14
489 221
147 279
462 154
324 111
267 91
154 28
421 283
37 403
409 114
89 406
404 277
124 460
73 322
218 252
295 419
273 424
296 2
300 141
385 41
261 401
437 243
421 241
364 193
369 151
227 382
11 393
134 407
95 32
298 443
298 304
9 243
306 300
270 489
443 189
218 188
147 89
51 306
497 225
181 48
29 142
171 245
80 446
164 439
311 490
249 134
456 234
329 232
82 381
246 475
365 474
90 342
324 9
225 375
218 145
181 293
399 316
350 242
242 126
145 389
40 458
82 154
0 249
454 301
33 482
372 100
144 216
111 304
58 346
464 269
364 219
494 127
366 189
343 102
76 299
23 83
243 292
224 355
369 491
157 73
133 376
194 411
437 475
78 379
425 40
151 291
463 43
309 342
184 417
191 368
469 308
212 313
231 449
386 442
16 64
404 210
211 162
447 27
238 309
18 219
4 169
318 155
365 180
202 190
114 28
421 81
256 473
271 82
364 428
274 426
14 292
468 290
466 96
376 159
385 316
296 282
58 130
305 90
354 40
371 169
375 66
271 45
331 382
41 15
171 124
202 145
403 392
59 372
81 336
189 210
10 142
55 482
492 118
353 435
52 119
146 439
327 462
43 105
260 204
478 476
48 498
469 9
240 78
469 475
437 166
244 69
357 234
456 491
216 411
405 276
341 185
126 232
62 156
143 147
380 196
349 303
254 234
328 103
319 401
134 381
317 99
226 170
183 349
410 288
92 433
304 443
453 44
253 383
62 111
243 268
421 416
163 442
60 290
380 150
190 279
164 433
364 395
293 380
450 285
333 454
137 306
350 59
153 431
262 177
350 371
377 157
412 232
362 253
290 276
16 192
376 105
171 95
224 332
403 187
14 452
19 323
169 475
228 423
484 190
498 161
196 87
85 208
67 295
337 390
449 54
263 73
415 190
473 125
276 453
21 38
166 308
474 209
76 202
58 115
337 6
343 186
395 481
364 10
370 0
345 428
32 447
131 71
148 415
421 256
240 189
74 282
234 44
186 456
411 373
23 93
34 447
46 18
18 223
364 358
132 399
215 454
277 497
221 451
275 205
453 280
138 371
228 489
184 313
59 183
76 346
33 201
252 235
265 412
124 499
147 315
224 356
155 228
111 24
154 40
466 30
220 192
43 64
139 241
244 127
203 219
42 140
474 310
292 25
18 212
244 177
190 111
200 245
109 124
7 172
443 263
401 242
86 147
98 314
138 78
108 171
141 359
476 22
209 491
399 378
89 393
91 409
33 244
499 15
152 259
333 367
395 490
441 205
62 73
366 15
469 96
104 489
226 288
286 161
343 490
178 36
263 7
456 18
60 254
274 292
119 411
436 366
81 366
491 402
225 211
88 238
49 29
166 262
286 31
402 77
266 392
219 82
89 159
405 97
300 471
228 263
237 165
302 305
396 261
344 202
227 302
456 348
158 301
203 466
405 470
363 375
382 489
180 80
266 310
9 193
108 379
352 91
133 102
107 340
325 210
279 173
372 316
31 289
287 279
278 393
368 498
426 108
326 125
375 382
174 324
286 170
442 122
346 354
125 132
163 341
73 152
224 21
198 217
334 180
371 59
375 143
391 19
450 139
50 130
424 400
454 18
24 223
429 229
479 187
338 165
450 74
149 49
254 348
228 97
464 387
467 351
241 203
185 359
466 175
134 195
365 181
242 243
399 45
169 225
249 209
432 279
287 462
470 179
443 66
425 306
473 102
387 484
212 84
280 288
160 44
384 226
297 223
305 178
399 403
455 44
29 487
499 147
345 203
58 281
312 354
415 444
331 465
447 484
133 387
179 328
108 243
25 224
156 202
106 34
188 118
410 230
264 482
197 305
88 354
186 133
446 347
271 367
116 219
171 20
452 150
71 173
407 360
458 73
100 142
241 138
39 397
307 185
467 484
227 452
1 267
227 440
389 17
109 43
62 393
350 27
360 275
223 304
124 123
172 181
211 302
260 354
436 288
182 150
367 176
327 165
7 114
475 185
96 395
178 460
311 310
262 295
465 323
93 249
55 379
357 238
183 39
329 101
446 24
325 7
428 410
315 355
187 62
143 108
379 387
259 432
120 385
171 221
100 235
235 197
371 69
499 89
470 181
63 478
186 15
75 181
416 28
44 462
142 306
308 171
284 435
337 259
405 119
472 206
403 88
234 280
476 129
377 410
314 173
257 287
469 106
409 402
483 119
113 12
459 240
140 337
408 242
310 114
157 187
442 242
391 440
95 83
180 291
469 182
375 211
388 53
2 361
420 153
44 205
496 302
256 403
245 434
287 499
441 114
172 217
188 435
306 367
74 17
410 399
65 407
18 435
322 39
197 370
31 214
125 112
342 238
150 107
105 142
70 424
467 359
67 247
266 327
279 82
148 5
496 183
216 395
409 130
82 205
102 276
38 284
165 151
270 407
192 154
172 314
156 45
173 415
493 181
307 254
276 81
446 494
56 216
72 87
424 244
469 423
477 275
9 172
396 3
123 315
192 129
256 36
281 176
199 322
162 408
270 301
308 157
424 390
397 87
143 129
222 404
230 472
251 373
374 485
345 367
389 278
447 7
163 243
187 180
28 342
248 357
293 280
13 215
229 295
205 164
422 42
319 454
358 5
75 392
491 493
429 358
297 475
206 145
403 32
432 133
167 353
290 211
131 16
338 271
252 372
113 197
453 326
93 330
217 224
116 342
216 338
125 339
151 142
347 377
19 166
385 20
165 191
162 113
210 494
310 341
329 47
86 3
167 218
345 110
53 342
465 440
347 63
244 414
172 463
88 346
257 72
323 146
253 268
335 109
79 333
258 226
57 365
377 30
335 353
5 88
421 302
8 460
268 211
71 487
114 156
110 459
291 8
295 166
227 471
345 312
470 151
28 419
416 484
65 182
124 8
404 348
410 456
455 26
150 85
147 296
45 244
327 147
420 415
208 480
141 197
452 351
151 12
355 416
321 473
201 359
449 486
320 72
354 423
92 180
60 288
483 299
360 299
16 300
329 342
133 461
324 93
38 164
427 299
409 199
155 11
342 112
383 246
326 457
406 150
370 304
193 177
137 420
167 488
379 307
329 45
386 32
326 92
356 162
144 286
441 10
472 37
36 326
139 148
290 17
163 232
459 406
23 240
184 107
213 18
288 222
425 316
413 46
150 437
272 369
218 146
284 344
194 468
454 477
440 251
462 445
378 448
107 316
150 27
219 20
461 385
75 420
289 382
247 458
42 27
198 479
422 110
312 207
457 439
23 438
432 248
349 468
375 23
344 359
485 424
470 489
196 65
340 252
13 187
497 355
250 241
83 429
95 233
373 412
250 167
27 83
65 203
246 272
72 296
97 33
363 117
163 293
28 345
144 54
252 483
236 23
168 54
248 239
310 332
359 265
291 261
449 95
54 119
468 380
418 159
304 158
251 462
477 296
385 189
228 47
352 230
425 18
493 37
260 91
401 357
399 354
485 407
263 408
221 11
19 182
195 426
460 268
295 458
250 395
489 442
228 124
496 108
385 326
325 107
78 462
265 151
390 322
284 469
157 216
378 392
436 202
489 370
140 382
355 30
443 397
396 110
378 336
479 164
106 148
388 154
95 351
290 174
492 474
244 383
51 156
491 120
64 414
413 147
203 214
316 141
431 352
375 169
320 393
261 436
123 42
41 209
142 408
149 154
41 182
41 350
152 253
308 439
363 372
165 71
70 252
386 48
122 237
331 163
336 320
281 208
14 251
154 478
118 11
299 241
293 69
137 404
312 331
369 232
365 5
480 333
408 105
247 80
428 184
30 399
465 379
389 59
138 58
217 373
383 113
25 282
0 479
130 426
397 15
48 145
396 86
198 23
270 219
212 320
461 380
256 306
482 101
330 181
36 243
350 361
2 496
473 122
161 338
78 91
170 357
151 131
60 365
464 1
152 77
21 149
404 396
123 459
97 369
41 314
254 404
42 118
368 207
305 310
24 280
304 62
263 362
199 101
186 491
459 274
257 420
466 403
292 42
490 272
483 78
32 121
82 274
204 470
410 468
295 236
340 411
125 147
450 204
291 453
480 474
276 198
432 13
390 5
74 286
388 54
399 255
360 125
52 118
381 376
245 229
434 329
138 289
337 473
127 169
414 399
196 290
118 27
483 433
408 439
73 380
425 398
28 492
253 262
228 151
289 42
364 469
246 365
108 92
98 89
9 66
106 191
326 157
436 475
404 34
38 479
287 241
321 40
386 94
211 287
341 131
147 339
44 135
93 105
414 7
35 432
183 80
10 321
324 107
429 350
382 132
77 410
49 58
349 257
312 399
189 449
22 353
134 1
474 127
360 259
159 481
38 354
223 163
280 45
347 423
320 274
493 249
64 444
488 359
492 154
389 499
425 187
139 143
349 333
136 154
260 257
0 3
318 172
306 231
178 142
100 257
471 122
126 381
458 482
282 248
481 7
138 41
160 377
93 450
110 90
486 203
464 379
405 469
49 461
68 468
47 208
402 173
75 175
301 262
285 421
177 185
335 494
240 372
72 61
11 52
304 334
225 27
27 316
40 190
25 73
449 213
301 372
103 211
449 303
441 475
108 265
245 261
245 474
32 161
452 493
472 459
235 36
76 102
429 160
251 272
102 453
79 380
46 228
16 287
314 204
188 400
499 96
384 430
466 273
45 201
110 14
396 397
237 242
172 104
436 110
454 100
262 423
193 131
455 193
13 74
273 236
7 393
54 419
286 495
264 487
345 334
0 405
428 481
430 62
367 469
442 10
203 434
233 320
464 351
117 88
335 146
491 305
83 321
384 200
17 319
197 389
334 172
263 175
228 148
392 335
142 460
48 51
25 36
272 383
146 282
315 136
456 305
459 243
124 259
446 91
424 48
192 31
396 145
301 42
141 108
16 491
96 27
414 117
164 135
158 361
356 473
401 371
229 260
407 138
492 287
56 453
231 61
1 476
22 131
489 90
478 330
79 338
304 424
44 352
183 449
287 159
445 326
58 90
156 337
120 124
280 397
400 226
339 162
253 109
305 115
335 121
223 110
378 187
162 437
25 394
11 47
329 194
319 23
326 499
106 6
323 384
220 409
332 131
376 49
254 115
238 76
337 149
155 4
39 296
489 296
362 464
69 322
428 253
450 3
69 85
122 247
421 361
335 193
7 220
241 155
149 486
220 476
255 370
248 195
147 468
42 321
225 154
83 101
307 378
45 230
383 346
319 175
1 143
153 190
73 462
191 437
72 494
51 123
307 440
88 276
65 29
185 309
215 15
293 1
349 330
130 283
484 415
241 187
88 380
242 251
321 413
270 302
135 91
190 232
306 169
365 465
271 14
346 289
51 397
360 351
27 73
422 294
332 424
243 119
257 199
260 12
7 197
160 394
80 416
339 461
51 29
53 304
432 397
453 464
338 391
137 461
400 287
313 170
260 390
129 86
168 316
231 451
334 479
399 324
355 357
230 48
23 131
453 406
295 260
96 202
151 118
340 264
451 16
23 473
249 52
96 412
236 281
330 0
178 90
315 462
467 227
145 337
184 304
251 274
439 86
353 486
262 45
61 120
308 243
155 410
149 157
492 269
325 154
334 61
34 296
421 463
188 95
10 352
416 168
19 107
251 434
266 172
413 430
315 83
452 204
414 346
159 214
407 444
227 190
83 213
317 427
270 402
239 325
302 417
315 447
286 464
59 420
491 134
74 253
217 12
447 310
295 87
161 79
474 18
7 343
73 194
199 166
140 57
35 69
369 335
162 404
24 281
321 431
484 223
78 127
217 71
263 469
424 274
155 488
168 460
260 467
469 484
145 399
339 492
47 211
21 332
5 252
489 171
372 310
369 6
111 352
262 163
260 20
349 145
242 116
66 96
184 98
429 377
440 278
429 480
222 365
449 169
493 293
143 55
81 209
240 441
152 329
120 358
185 83
292 56
385 122
4 160
59 475
224 436
346 142
464 114
330 45
235 55
23 92
157 56
455 457
435 135
224 103
473 44
160 231
28 362
471 277
326 170
481 69
141 286
31 224
421 97
115 354
65 392
330 409
371 198
333 347
140 489
69 384
161 297
348 43
331 433
26 98
266 130
66 52
16 13
161 145
165 91
449 405
461 444
327 492
393 349
420 423
45 95
491 0
24 61
336 295
64 409
142 189
96 404
429 395
492 279
101 6
85 417
25 44
305 438
226 402
303 250
106 494
232 483
434 287
413 408
25 228
29 229
24 364
375 328
47 456
81 433
356 242
167 363
192 71
304 67
81 458
430 418
374 358
128 443
423 1
439 5
209 246
172 57
229 267
160 3
113 240
324 32
397 159
315 328
362 266
434 242
447 92
433 229
396 290
343 80
498 130
145 335
73 472
202 219
263 11
330 218
336 258
24 46
447 397
211 132
350 455
464 422
294 421
38 332
326 156
448 122
89 367
452 488
337 255
191 480
69 84
121 207
152 139
200 29
141 63
258 250
198 46
167 436
145 331
246 113
399 328
281 220
494 297
197 491
228 134
131 170
287 43
249 230
446 346
182 11
33 442
53 216
68 343
357 64
448 212
418 477
247 164
262 282
57 81
462 447
322 307
397 339
260 298
282 148
80 392
179 202
488 228
152 201
175 270
42 31
117 232
190 63
43 216
69 273
14 320
16 440
55 362
286 159
488 362
357 24
315 297
56 443
380 169
116 208
308 287
245 186
97 110
435 29
119 181
438 410
63 58
14 28
2 274
443 287
356 451
467 200
172 119
495 476
200 471
462 355
247 105
458 468
184 29
494 120
471 92
491 168
368 60
290 181
422 63
345 151
164 108
319 89
318 53
406 381
448 390
95 40
434 433
407 93
358 260
6 225
415 347
464 469
130 253
344 122
425 196
308 111
13 194
322 397
207 358
195 176
187 76
149 18
484 499
102 188
299 145
473 75
307 98
288 105
151 44
252 261
459 67
445 171
15 459
57 226
390 228
283 209
6 198
172 329
100 218
91 313
235 305
495 462
172 59
25 16
431 343
418 0
355 372
198 199
251 93
366 414
361 280
277 145
162 359
481 359
112 43
477 461
384 71
263 153
361 75
237 430
92 9
227 135
336 196
197 332
470 159
158 344
409 115
245 72
223 334
215 157
176 486
195 20
409 251
276 403
89 387
482 404
315 0
278 247
360 152
488 118
257 112
403 156
83 295
411 435
4 64
453 52
156 480
7 463
43 332
450 243
403 78
145 138
448 29
318 344
154 241
316 100
463 409
454 154
148 135
272 409
383 196
85 332
197 318
157 304
429 471
9 20
14 230
250 474
147 229
261 355
479 460
496 186
109 442
441 277
16 476
204 390
14 16
341 29
387 263
112 344
403 281
20 64
103 115
393 33
34 217
221 16
254 40
317 183
495 470
445 176
173 216
40 156
483 488
255 252
209 274
65 388
477 204
341 380
32 23
300 257
404 270
82 257
405 257
11 191
420 81
142 245
214 346
231 414
416 164
351 41
444 311
353 341
3 165
357 480
337 210
366 23
472 239
112 458
374 430
465 257
495 496
344 375
442 321
466 489
268 285
305 137
235 308
323 428
161 375
133 134
297 258
47 301
232 425
447 192
96 355
359 195
336 477
288 115
311 95
56 144
414 481
288 102
325 190
281 15
79 43
340 432
479 307
276 179
5 9
303 440
200 221
190 157
111 264
98 397
420 112
438 68
91 421
458 300
402 86
153 330
295 313
121 333
184 280
296 474
87 453
115 222
124 475
283 154
144 101
245 198
448 397
182 167
267 334
452 322
403 426
127 429
358 192
2 181
40 375
482 375
225 309
70 16
143 330
72 220
75 231
326 86
165 58
121 82
231 42
141 6
416 418
418 377
243 109
107 4
468 225
205 266
459 93
183 462
46 482
239 418
133 120
420 176
456 253
408 450
488 462
29 39
364 222
341 261
354 417
49 475
234 332
330 423
55 92
167 77
345 313
125 321
160 465
412 89
70 325
374 278
325 471
322 116
362 396
239 284
265 257
324 325
423 264
498 429
443 478
43 187
246 442
247 54
76 71
459 121
44 202
122 95
168 459
125 219
31 494
186 431
73 279
411 390
384 202
39 369
206 95
194 174
104 26
329 343
276 476
59 395
8 369
357 498
317 486
144 197
446 428
114 180
164 283
111 250
277 22
492 224
236 279
361 265
453 390
137 222
498 314
54 77
66 407
341 417
407 240
197 341
105 409
428 171
46 319
430 483
406 60
109 41
192 234
373 193
410 445
88 147
88 372
258 376
341 459
80 497
141 367
119 493
329 440
400 144
384 197
67 121
128 87
125 218
488 246
337 178
117 320
24 18
154 83
163 447
137 313
4 250
466 256
77 70
172 372
329 15
265 318
363 282
186 74
494 234
176 313
208 174
323 6
474 458
271 170
206 66
196 376
160 65
304 402
81 221
169 461
401 294
156 458
455 425
184 166
198 76
269 495
327 467
381 332
244 332
79 95
89 11
95 359
439 294
462 380
248 222
201 8
484 284
248 499
62 314
226 478
498 427
460 291
207 349
256 289
105 487
82 158
105 384
69 336
268 239
66 426
78 414
316 370
166 31
124 44
17 126
352 100
378 368
489 73
394 31
257 177
473 30
228 414
212 36
328 292
374 160
233 124
85 31
457 226
496 24
486 327
169 205
496 325
168 495
431 423
456 56
92 375
90 165
35 458
8 198
27 215
29 326
3 458
363 230
206 361
401 275
388 180
130 305
76 451
149 338
479 218
86 157
30 276
79 301
39 278
69 311
197 175
249 440
471 17
92 179
144 296
220 332
122 307
8 354
137 233
175 491
203 259
195 193
302 62
160 100
429 67
462 17
393 495
432 462
434 102
396 15
104 413
470 43
406 19
322 224
209 95
364 357
446 89
378 17
88 22
339 450
45 340
12 233
488 297
454 272
123 469
244 86
311 457
83 14
292 183
338 274
1 338
149 353
154 406
476 245
54 103
411 263
43 136
76 51
329 268
346 152
297 275
229 172
149 263
209 309
166 223
262 130
402 142
334 108
438 482
96 128
391 225
377 224
488 116
309 154
133 104
213 10
293 308
83 285
86 346
90 200
378 408
312 34
264 116
273 262
379 179
265 259
326 307
280 257
194 316
14 411
443 44
18 477
330 164
411 218
70 63
308 233
427 398
197 199
317 444
250 187
245 201
342 341
159 367
251 476
371 183
257 424
157 125
50 211
26 64
10 46
26 117
450 1
111 316
213 385
284 290
28 263
475 46
10 329
140 281
208 89
495 209
387 180
244 366
249 153
345 472
471 299
297 102
383 191
290 475
295 482
146 320
331 60
129 197
197 216
146 312
340 85
50 405
190 187
389 360
320 67
28 281
157 270
104 446
483 417
169 64
492 16
487 271
9 475
443 190
16 322
126 44
235 59
391 182
150 157
268 346
376 478
115 439
488 168
152 421
133 173
212 233
482 365
137 22
298 213
487 174
404 369
469 269
252 486
257 70
348 83
99 241
209 112
67 82
15 206
252 409
132 194
20 389
55 133
397 78
311 230
240 48
339 315
24 259
427 146
97 215
74 438
316 1
426 27
111 157
499 249
321 60
460 296
20 147
487 239
471 153
207 45
355 132
141 175
432 70
158 468
310 334
435 389
365 207
470 99
263 159
307 474
87 273
147 135
232 491
148 222
70 292
82 239
388 457
381 77
106 53
352 301
174 115
135 108
185 94
400 215
56 356
43 198
327 386
149 259
147 289
349 168
324 168
375 214
127 111
421 29
154 280
491 226
30 90
335 4
439 163
51 53
454 179
273 207
173 271
261 176
14 441
177 216
443 31
257 128
163 388
222 91
472 101
42 346
200 184
123 339
422 149
275 59
19 179
349 440
391 273
154 195
216 199
203 129
294 480
374 468
393 133
117 358
305 433
403 498
200 342
89 361
189 433
63 485
346 281
283 109
234 83
482 191
199 190
75 207
3 348
342 413
71 21
89 301
397 300
268 54
469 363
182 92
256 380
29 66
41 127
94 247
315 26
342 391
42 462
354 242
447 182
111 374
405 202
356 132
218 75
148 321
137 126
287 300
365 327
148 167
289 335
209 145
295 450
289 347
312 38
355 148
466 244
290 199
51 75
188 300
335 168
151 62
148 225
235 135
94 166
61 237
27 35
268 259
211 125
359 333
320 0
324 458
190 4
297 139
31 295
74 38
302 432
341 3
277 25
62 87
68 225
320 155
311 207
349 383
76 216
210 229
163 493
12 491
453 247
316 24
204 168
277 90
109 294
415 174
476 485
403 56
55 299
174 456
375 38
66 430
492 478
264 72
84 312
47 23
333 452
168 75
85 432
335 98
168 213
31 426
362 409
381 65
416 174
15 289
206 465
38 188
100 410
168 155
66 405
41 83
18 168
286 4
101 11
349 437
215 366
473 447
472 263
358 366
237 276
459 7
493 289
255 294
124 213
328 29
438 277
72 401
86 288
475 213
425 492
400 26
448 445
353 38
349 426
294 414
311 197
299 164
337 360
339 470
420 372
312 117
168 310
301 455
8 173
51 148
359 249
116 440
249 460
341 231
5 185
285 58
388 126
345 29
490 112
426 263
448 248
88 155
127 300
175 347
76 452
82 273
485 9
144 66
139 43
118 132
310 242
312 375
178 94
422 269
388 196
50 12
495 424
378 192
25 107
333 243
399 146
67 481
361 436
136 7
219 61
244 392
250 0
429 353
417 140
456 488
473 406
182 132
61 239
9 42
469 209
192 185
310 288
146 23
401 59
434 476
270 433
45 203
335 424
40 291
170 446
92 249
85 98
3 476
90 370
157 298
320 253
183 420
281 116
124 299
168 207
92 34
233 447
383 275
188 359
30 317
441 450
307 175
458 390
23 430
303 40
340 83
54 175
429 369
203 428
138 66
317 340
317 281
4 395
317 12
259 104
29 317
193 488
180 429
213 293
498 9
481 193
343 23
73 346
400 189
452 89
326 107
325 197
395 31
6 137
249 367
190 475
104 61
439 246
260 423
99 110
242 115
341 235
33 302
176 317
177 416
90 430
41 318
486 155
210 156
135 327
48 283
119 394
377 93
5 54
247 314
180 438
352 478
96 436
0 393
384 489
430 61
267 281
310 370
417 18
66 306
244 20
319 324
322 255
265 378
54 90
224 15
303 233
221 314
405 274
473 470
402 257
497 62
268 28
262 154
187 39
314 337
430 426
415 465
449 445
111 71
89 364
251 362
92 378
234 388
338 497
261 438
45 205
299 245
405 127
451 302
95 262
333 173
136 483
351 306
123 150
443 460
146 429
434 59
152 304
474 386
46 150
448 47
65 426
99 476
483 8
246 47
224 479
242 355
270 173
217 411
431 268
18 259
273 307
201 337
76 142
111 67
287 139
460 421
16 247
16 402
260 94
353 375
166 276
345 493
101 56
53 235
439 147
303 409
262 418
343 426
288 300
192 258
373 486
209 167
379 183
274 182
398 409
211 394
480 136
256 318
58 94
427 82
146 170
381 258
130 315
408 317
250 435
275 204
391 416
130 264
246 422
328 202
63 64
442 305
180 158
39 345
237 243
188 2
108 168
482 374
70 156
231 8
483 166
323 258
383 65
466 88
218 235
228 252
250 60
178 482
245 204
270 263
23 225
101 206
146 465
456 134
321 237
404 145
367 203
339 421
410 287
270 209
253 465
373 453
302 293
278 229
374 48
125 459
414 266
188 25
358 208
219 254
337 467
157 348
289 137
127 32
197 10
466 117
76 213
71 349
202 276
36 273
99 157
376 431
215 7
58 311
127 117
164 201
126 411
457 94
268 136
152 219
413 154
495 257
317 273
203 41
33 378
372 187
23 172
378 277
170 277
166 334
310 145
498 238
75 67
118 295
337 436
334 15
212 292
459 90
205 154
408 345
65 457
2 230
442 434
224 386
470 340
130 311
2 130
492 80
403 499
426 181
233 68
478 386
430 439
220 44
201 334
202 367
438 262
260 325
386 201
357 132
472 32
266 418
123 205
61 425
179 53
30 304
58 73
100 293
86 479
108 387
321 306
298 437
468 454
409 493
153 482
172 284
456 429
405 219
209 53
74 347
433 347
129 485
369 258
3 258
230 141
497 351
440 466
86 235
354 497
205 249
356 116
102 43
14 367
444 355
209 337
332 15
318 293
318 28
458 322
6 65
306 85
361 173
1 367
22 375
314 76
339 333
299 330
489 244
47 356
120 140
172 360
185 310
357 407
51 407
79 0
89 492
488 302
65 431
106 319
130 345
321 401
109 182
352 374
120 32
15 26
420 459
85 233
417 38
278 306
387 383
254 496
95 282
164 158
232 250
490 34
169 341
99 45
35 212
54 6
318 94
340 155
218 280
213 77
191 267
104 379
73 28
430 22
346 41
0 163
458 34
160 344
290 487
287 321
103 41
55 171
49 47
458 470
298 9
81 260
407 44
360 440
449 128
123 130
151 121
182 73
434 460
344 134
428 170
265 14
150 351
95 404
274 311
11 158
467 77
224 304
184 317
260 14
357 8
197 148
248 479
380 181
465 385
102 281
206 420
476 264
111 238
50 188
129 188
293 349
451 53
176 144
250 200
469 136
59 362
70 335
303 216
290 235
308 433
80 156
345 216
242 372
369 263
211 197
224 44
245 284
396 456
199 15
455 159
330 116
150 14
60 131
87 294
326 423
213 247
126 418
289 290
296 59
55 68
274 188
128 198
443 446
497 91
151 317
247 366
418 494
363 390
325 183
104 241
428 331
87 400
171 426
205 76
43 142
380 93
278 95
129 194
70 139
332 232
403 19
464 265
38 497
152 385
302 11
102 131
229 296
188 70
460 89
137 321
105 203
101 291
59 93
108 166
172 184
477 413
399 309
384 42
359 2
130 113
361 338
134 197
276 214
459 156
79 24
126 397
129 216
342 142
395 111
431 364
479 138
446 125
390 27
283 264
195 175
358 173
311 102
370 231
322 454
253 373
328 400
358 68
107 66
333 47
114 421
77 419
209 235
84 371
269 89
388 133
258 473
307 250
497 92
326 252
139 227
241 339
296 16
394 384
323 475
499 234
384 474
328 261
41 260
441 30
129 150
48 319
361 235
244 149
231 416
363 207
67 47
204 1
448 422
410 33
57 495
258 484
461 341
405 287
136 205
17 299
285 71
252 125
2 484
114 364
12 60
52 383
204 226
336 340
192 202
498 154
365 39
412 28
0 361
341 62
109 100
199 151
305 109
204 351
483 355
446 466
181 244
321 362
195 378
467 464
97 290
413 23
483 484
235 495
338 471
432 271
383 462
341 282
37 8
425 429
297 267
233 430
176 136
464 62
62 52
333 389
422 173
182 401
289 5
414 286
123 428
474 223
397 100
146 361
357 176
60 218
226 371
151 27
173 318
409 230
455 149
478 129
443 223
471 426
59 458
55 56
266 285
280 389
162 300
64 497
198 332
59 457
16 425
307 287
423 489
137 0
317 94
209 315
244 139
417 439
173 478
280 447
442 435
340 436
45 326
234 119
46 382
214 425
188 458
492 388
358 121
250 287
475 229
13 128
285 107
311 1
0 55
466 448
277 302
403 193
253 351
127 53
434 257
44 384
76 273
408 33
498 166
264 41
333 334
265 122
274 436
399 376
412 262
195 218
299 166
329 468
193 348
277 295
237 452
149 473
263 205
225 170
314 20
132 406
493 9
458 37
248 45
233 386
408 188
183 253
230 313
402 119
269 386
184 151
453 230
456 489
348 264
321 273
409 326
148 287
405 308
451 384
440 154
163 51
392 79
452 436
94 337
480 49
326 8
395 155
438 387
353 355
131 302
248 209
397 211
209 442
203 318
402 242
262 88
75 498
162 387
372 421
28 143
471 462
64 114
157 55
395 145
22 311
170 77
314 201
303 328
152 173
211 417
402 243
331 450
103 256
224 134
229 47
272 421
409 53
235 259
170 353
209 46
370 220
71 376
403 417
262 217
457 91
93 75
393 126
17 286
235 309
81 9
464 195
81 192
102 293
14 491
183 219
187 93
265 144
412 229
416 275
452 8
286 119
248 171
79 236
386 171
163 183
192 441
238 265
76 480
276 362
324 203
416 36
12 477
441 302
313 333
103 170
312 390
233 226
173 135
65 73
487 34
78 490
338 207
322 177
207 89
16 405
130 180
66 488
459 25
441 404
154 269
48 81
9 365
402 465
424 136
191 42
232 159
113 60
211 141
125 370
192 326
451 459
492 436
34 441
160 444
321 142
422 38
292 406
69 77
298 366
51 325
478 485
115 176
444 482
43 453
80 370
385 379
420 71
145 42
200 281
416 0
265 316
200 163
476 198
497 419
305 307
415 491
368 333
378 269
435 412
56 94
499 10
264 370
149 139
438 417
334 350
358 318
128 156
330 415
236 283
330 329
110 287
449 241
21 427
478 482
447 254
450 233
294 174
122 41
273 63
468 43
493 356
138 251
461 188
393 150
59 171
297 53
57 245
104 421
275 400
190 463
395 426
177 210
157 329
29 433
355 234
60 62
44 334
90 450
66 460
141 307
155 115
326 248
93 133
306 223
278 252
302 256
380 352
168 280
203 87
284 464
489 286
107 378
355 359
95 367
157 368
244 311
400 190
239 138
392 431
69 256
404 368
150 275
112 467
164 13
448 104
123 122
336 392
22 117
259 57
298 347
486 69
235 129
148 94
376 262
119 333
327 126
181 442
44 249
267 442
259 33
252 189
101 145
183 257
30 386
8 158
55 23
109 45
199 16
22 417
360 460
39 386
288 360
135 105
424 469
443 139
218 376
76 418
436 4
55 141
268 252
415 123
146 392
446 160
153 86
233 150
493 400
386 342
48 40
73 287
436 432
259 38
338 190
301 49
270 403
120 16
303 310
391 9
81 139
140 30
53 140
59 207
416 59
127 344
82 313
285 238
311 443
313 362
223 33
433 428
314 239
334 159
272 143
119 174
109 113
437 309
43 220
142 410
71 378
459 351
4 425
365 473
393 493
420 8
198 356
321 217
160 468
78 480
188 429
320 126
468 398
275 166
156 273
190 430
171 485
232 404
85 239
89 160
218 157
233 247
478 121
403 291
204 180
220 483
157 65
430 159
149 10
270 70
435 64
26 261
460 108
94 404
259 264
193 137
423 214
74 383
231 17
260 483
468 333
207 49
259 317
106 401
414 279
123 280
82 126
209 190
415 490
55 241
405 246
36 429
141 428
250 239
499 337
99 88
443 492
41 74
415 471
67 5
416 212
91 208
199 443
218 370
9 309
317 85
44 257
351 300
51 332
230 224
350 35
33 497
8 415
81 62
63 165
97 302
244 1
157 133
470 59
355 13
272 40
395 156
488 493
73 497
47 109
179 392
68 312
147 152
72 285
309 281
416 447
224 206
329 325
216 334
136 112
178 55
58 308
290 162
116 170
243 334
254 493
219 190
262 348
145 436
252 60
79 174
135 168
445 39
382 448
106 155
464 392
244 387
229 126
95 36
283 62
134 454
458 117
411 36
44 127
270 96
487 91
441 260
394 440
19 144
429 388
274 128
401 141
360 345
455 366
290 73
80 73
80 37
300 381
453 279
228 303
216 18
2 33
284 294
261 48
333 219
366 402
140 31
259 425
177 114
49 196
336 362
226 487
296 126
203 5
314 199
22 248
16 475
465 332
381 339
159 393
218 13
265 203
58 160
356 293
198 379
284 191
31 405
194 269
268 440
34 378
301 315
484 418
465 252
190 169
405 270
405 483
261 362
277 93
389 362
84 461
228 470
367 381
455 440
335 341
172 486
282 87
349 202
49 100
303 2
322 493
301 77
367 440
266 298
214 197
478 305
375 8
84 256
389 457
202 51
294 357
465 409
240 373
95 205
304 427
27 490
271 12
401 359
311 118
181 415
115 475
417 58
74 394
439 405
435 482
59 111
106 428
149 412
32 470
71 439
493 2
477 283
24 493
356 142
217 117
108 78
138 124
146 300
75 187
118 96
474 366
437 300
400 201
236 327
488 486
386 172
132 8
474 306
452 93
296 377
89 370
480 453
334 402
465 496
145 88
106 67
162 492
315 433
366 157
321 470
425 170
380 368
290 240
488 457
146 308
104 73
354 122
11 131
380 0
292 267
198 219
34 456
233 486
201 53
236 183
210 32
181 87
67 391
374 249
137 463
95 274
215 333
466 49
93 331
497 228
104 300
428 452
42 286
62 327
136 29
116 9
401 472
190 117
20 30
380 264
37 229
186 420
315 364
410 34
499 212
211 15
451 371
36 219
40 304
146 250
417 380
469 392
133 136
21 318
332 293
119 497
440 315
453 393
335 225
436 143
460 265
30 323
164 118
395 337
415 406
411 118
446 230
141 1
220 285
492 410
79 113
105 268
80 89
266 305
271 499
320 123
204 399
273 247
180 374
124 242
494 436
74 152
396 79
435 395
139 475
113 236
52 355
256 261
490 63
145 358
283 139
348 200
497 464
280 89
383 54
225 78
195 354
484 201
466 277
110 379
9 274
166 268
50 133
492 408
196 429
266 408
224 414
126 269
58 409
296 248
350 87
299 337
87 113
236 44
129 106
302 351
155 0
7 152
14 406
27 130
366 285
78 136
390 76
51 233
26 479
97 162
88 402
257 432
301 424
376 454
145 68
116 482
233 297
294 240
471 70
26 155
325 480
45 79
267 287
412 498
182 284
78 306
224 53
241 116
196 98
37 63
281 426
200 95
429 21
358 454
20 320
279 133
247 318
455 463
407 467
73 446
73 252
52 321
476 93
342 339
19 330
214 351
74 61
296 381
274 477
144 5
395 152
438 377
11 324
127 194
106 52
94 226
81 354
99 44
57 263
260 66
71 433
360 65
432 372
4 405
136 118
418 452
496 67
456 67
419 379
333 317
9 70
237 86
414 166
368 14
267 400
344 324
40 490
35 52
120 387
301 439
419 168
495 342
252 156
199 437
454 473
232 249
171 393
486 75
208 8
344 110
36 226
423 259
31 86
336 430
13 423
420 375
116 181
484 69
460 39
418 4
379 395
30 453
101 43
447 137
79 486
17 267
215 471
434 422
105 402
138 80
293 26
335 147
180 103
430 372
399 457
176 31
327 2
66 215
447 294
17 85
197 150
200 66
86 419
450 193
424 321
33 25
29 126
324 6
