500 3700
228 428
296 62
372 497
91 178
471 259
217 159
6 322
210 45
245 431
219 144
345 58
67 171
271 163
85 409
461 288
396 306
271 109
41 91
457 221
250 420
57 369
105 143
235 215
401 146
295 409
444 59
452 174
228 391
301 56
75 13
136 326
136 476
304 126
351 283
247 89
116 34
199 68
446 432
310 430
262 411
326 207
145 314
48 233
327 259
124 175
355 31
275 14
7 210
418 289
288 334
303 274
357 352
76 254
413 438
173 403
483 206
416 417
15 221
128 263
477 60
396 105
8 464
296 233
463 250
16 305
109 265
49 113
76 43
265 7
250 309
117 22
420 482
358 444
270 41
149 190
107 135
104 327
370 25
296 363
228 418
162 395
487 388
296 170
24 426
223 233
33 146
162 392
65 438
475 159
315 300
197 451
50 134
220 16
250 64
59 74
466 471
206 19
198 419
187 340
192 390
166 43
335 339
320 170
238 429
428 425
359 201
168 20
359 48
275 43
358 337
55 108
394 159
429 161
330 304
103 146
262 495
52 343
5 321
103 224
141 431
484 61
407 473
290 312
319 285
9 345
398 489
254 105
193 186
86 206
323 166
434 493
54 401
205 254
482 217
277 489
322 167
16 278
182 94
221 86
487 347
27 318
258 211
232 282
277 68
477 487
116 110
233 431
89 265
358 330
480 191
443 135
341 406
49 85
459 254
27 234
238 65
433 264
236 358
255 407
443 343
114 87
437 12
75 338
367 22
434 52
234 7
438 463
373 400
181 25
276 76
324 216
355 471
349 480
352 301
51 64
45 330
468 412
419 156
406 381
497 220
99 349
39 429
379 75
447 283
228 214
270 31
226 121
442 11
458 166
76 206
430 207
473 292
298 64
121 4
459 441
0 298
68 463
274 18
148 498
225 484
176 475
153 69
75 281
255 245
246 366
370 467
169 155
120 300
369 241
454 53
397 459
200 100
281 36
450 22
144 404
466 430
382 292
486 5
175 460
92 339
147 467
354 279
19 92
108 158
60 150
487 230
388 376
311 250
15 48
444 349
408 123
342 97
439 226
218 48
49 438
349 483
227 309
32 434
135 174
307 428
341 50
122 434
449 206
289 208
339 464
151 455
81 446
11 283
146 170
387 256
291 33
450 230
394 267
43 73
490 137
455 138
305 53
194 298
201 360
432 71
283 296
281 289
450 82
394 264
269 461
118 456
414 425
125 347
267 33
95 127
179 395
461 148
396 200
15 274
200 48
63 349
160 332
31 133
133 12
62 42
64 466
117 362
487 58
30 238
437 274
370 269
358 191
189 13
68 399
221 370
288 456
411 168
216 495
92 247
451 365
48 497
271 44
328 73
392 171
123 397
412 94
321 32
338 397
206 68
103 134
210 60
206 36
138 328
43 265
486 129
415 273
342 293
210 293
338 181
447 379
184 375
78 372
48 450
33 162
481 292
461 354
369 477
322 37
79 496
208 72
18 298
346 481
345 207
366 96
391 471
297 203
232 483
226 482
28 74
131 352
288 321
449 50
480 161
112 144
189 472
84 469
199 496
73 480
84 434
31 92
256 28
485 166
146 320
374 280
358 286
105 107
374 36
336 217
351 93
331 267
238 456
156 130
227 313
6 384
230 172
416 100
118 167
161 275
451 472
444 204
425 293
160 60
249 305
338 431
422 193
196 497
186 156
482 333
80 422
224 195
346 216
162 449
302 336
129 188
25 362
12 328
98 448
464 338
386 462
150 6
214 265
313 481
76 421
157 270
209 18
224 79
344 348
221 179
141 44
369 220
407 153
494 286
38 437
396 43
204 362
240 116
187 177
357 294
329 80
292 121
273 177
6 345
21 22
37 401
36 388
380 255
227 408
6 200
373 442
78 104
17 477
422 122
405 165
215 213
283 448
276 250
397 327
115 480
306 274
19 334
29 196
253 137
303 64
117 110
445 110
23 298
76 86
10 208
118 412
83 169
209 84
311 336
254 259
211 186
143 259
56 393
358 261
164 342
252 214
331 64
420 92
350 393
1 134
401 432
235 245
221 228
178 56
372 476
356 343
140 186
106 157
467 412
337 140
344 233
243 477
0 87
432 58
417 124
6 464
170 3
308 206
196 210
279 79
280 195
351 174
476 303
446 236
468 346
162 39
135 482
332 153
135 199
107 216
180 89
65 174
79 13
390 4
377 327
100 245
225 428
266 358
225 455
85 465
382 138
124 213
472 281
430 434
270 136
230 412
458 90
303 385
191 89
238 328
236 245
118 239
296 31
224 200
487 168
92 307
210 447
181 128
109 217
365 483
139 476
464 71
337 177
343 393
448 271
448 76
121 235
72 215
44 325
252 483
178 220
356 126
6 21
499 414
352 442
132 259
42 276
492 451
415 116
124 66
440 211
295 107
392 60
335 319
95 47
355 140
161 91
191 471
10 342
154 310
329 47
18 423
294 111
293 260
437 188
472 185
240 477
322 70
425 380
436 239
36 97
162 496
316 3
479 90
22 126
127 207
239 497
345 131
37 367
91 149
491 36
356 13
326 18
487 351
475 27
49 394
379 400
10 219
292 391
296 419
41 474
21 340
365 413
445 227
139 269
43 125
318 259
479 422
242 219
81 214
4 151
120 11
14 256
75 57
17 239
161 7
461 299
301 309
91 165
83 20
437 367
468 33
73 104
33 338
418 49
449 297
11 340
233 250
323 374
209 6
202 381
95 172
440 243
230 426
368 158
415 449
27 424
178 204
412 128
319 44
468 61
295 17
364 203
253 80
87 140
319 332
339 221
474 105
285 35
11 81
195 359
322 13
458 369
445 412
305 285
249 234
262 210
146 218
488 216
468 364
201 9
474 276
85 101
239 202
49 435
332 74
478 196
58 44
315 337
26 347
104 173
244 77
320 126
271 272
306 494
210 489
113 174
114 245
416 454
246 213
223 75
46 388
168 126
351 87
80 391
7 450
104 345
58 203
253 220
493 441
453 158
368 363
468 493
37 376
120 211
259 188
329 132
382 290
153 10
216 192
461 241
275 47
55 229
137 166
139 192
171 175
177 416
224 237
138 277
253 54
333 388
256 365
352 485
96 102
490 402
22 196
284 451
84 293
50 287
369 402
387 378
267 346
255 125
202 462
316 63
365 66
372 312
160 344
118 416
27 185
264 247
409 178
176 299
341 435
425 246
159 499
419 396
96 223
339 293
372 401
105 139
485 351
99 338
228 50
423 496
320 79
493 57
263 445
235 139
70 37
273 473
65 51
124 173
102 49
265 241
196 206
263 71
437 165
463 107
17 155
244 69
311 196
198 471
17 354
49 498
264 319
363 418
400 472
52 285
370 233
393 34
49 410
359 243
97 0
147 69
32 128
357 141
286 440
61 188
295 495
238 173
360 402
458 495
30 348
218 85
423 371
92 186
10 269
325 125
283 204
91 181
314 354
165 480
307 155
38 378
449 280
451 326
452 42
41 106
145 321
127 159
251 38
230 369
410 92
432 109
248 265
395 467
174 341
318 408
60 474
285 433
441 214
180 235
25 359
187 298
235 295
434 399
287 186
129 358
115 71
245 411
437 24
60 302
30 83
15 324
8 44
31 73
184 412
297 39
463 390
155 356
340 151
241 325
471 242
314 54
249 194
320 76
457 465
15 359
129 92
250 227
377 392
286 159
61 90
146 279
303 66
110 349
246 81
343 258
163 349
383 1
201 476
88 410
255 9
383 432
42 275
405 101
113 54
53 92
77 178
90 222
327 138
163 457
35 37
468 454
374 347
176 110
252 83
53 341
12 395
414 247
460 54
263 107
55 291
76 60
75 414
488 341
499 339
67 387
184 414
109 39
160 146
228 61
465 122
71 146
475 302
296 277
127 315
292 164
269 446
24 396
462 52
265 230
25 459
466 407
68 84
119 167
232 436
338 182
210 283
418 372
486 61
157 308
420 301
6 119
77 448
111 415
117 254
375 244
470 282
122 41
463 245
65 460
440 377
102 417
105 395
183 236
288 285
386 227
424 179
146 339
372 449
121 176
493 454
128 320
289 259
152 73
178 81
311 8
98 285
274 143
21 107
6 148
209 262
252 210
218 427
170 365
495 410
267 217
407 200
46 461
354 98
433 429
369 246
366 17
498 384
12 123
56 80
425 13
16 387
281 73
292 309
29 364
480 81
84 444
382 268
323 245
306 70
6 156
317 204
185 450
261 21
273 476
491 155
396 436
214 281
169 13
468 215
163 274
481 193
308 430
215 128
71 417
251 31
196 415
50 388
68 36
499 254
343 157
37 154
70 124
448 446
429 373
74 365
178 176
373 17
408 18
114 381
311 479
265 380
290 258
67 25
410 170
313 162
76 281
415 333
83 25
69 270
23 449
15 114
251 176
391 74
126 57
222 212
421 39
250 5
86 27
225 203
436 332
225 493
402 186
213 460
195 21
483 454
343 175
252 17
114 274
40 364
388 415
380 28
468 261
126 122
211 205
475 388
36 37
330 468
498 139
295 0
235 277
402 41
455 139
35 237
378 400
436 350
354 427
160 427
299 171
128 379
432 234
326 76
51 285
219 61
336 176
108 22
463 389
48 453
444 426
204 15
147 221
93 333
194 226
316 493
99 184
387 280
338 288
156 2
271 21
86 306
88 245
97 408
161 298
331 424
179 18
43 232
329 212
417 352
472 351
176 273
426 250
420 108
468 496
334 227
6 329
122 204
186 359
178 281
431 488
430 81
39 87
289 170
348 497
51 403
465 97
177 489
379 349
495 473
481 314
397 419
189 123
228 101
77 80
492 41
151 445
453 298
278 71
217 442
192 295
132 110
98 125
306 231
312 386
404 437
419 447
238 118
494 167
127 326
114 147
93 228
22 164
50 271
111 30
110 272
323 428
200 372
123 411
454 218
98 445
73 493
228 5
321 162
87 273
3 487
444 393
216 410
275 182
298 216
275 85
452 379
378 311
23 25
33 41
218 457
426 1
404 127
316 121
92 200
314 52
296 439
255 201
224 57
150 309
420 145
13 77
357 132
276 157
494 431
168 196
98 131
499 358
35 469
438 284
299 487
35 468
245 435
14 200
50 262
265 348
307 422
86 210
302 71
415 340
82 111
15 168
311 354
208 441
211 169
370 122
438 280
412 288
76 296
442 134
47 90
17 330
408 420
50 403
403 13
355 149
165 337
399 480
425 386
350 64
139 263
373 385
166 156
411 439
475 168
497 25
13 63
252 336
420 473
364 240
177 61
394 484
380 24
167 76
444 303
71 213
235 193
174 119
63 114
327 308
39 145
264 486
95 416
263 187
253 157
457 351
23 212
292 353
398 366
25 337
37 294
380 90
87 332
486 34
480 352
483 360
232 238
141 147
150 227
150 307
463 300
102 333
55 99
392 474
55 422
202 133
211 410
324 27
54 9
400 397
265 158
115 31
200 382
247 310
440 101
413 134
167 315
300 297
150 189
186 226
12 448
54 396
261 85
470 47
90 397
355 166
130 489
8 408
457 300
398 413
30 207
80 246
329 49
444 155
476 159
142 57
46 226
205 484
14 168
340 8
121 90
206 208
92 314
169 112
333 351
430 170
35 362
416 343
299 304
336 315
256 344
469 402
377 163
98 159
240 65
197 328
59 430
321 414
405 434
311 217
390 395
279 201
171 372
437 485
462 419
193 93
293 492
400 341
167 384
151 421
226 313
340 170
143 278
461 302
176 282
36 447
413 268
53 85
155 397
201 478
404 340
107 494
251 233
321 51
440 341
489 301
118 27
338 162
247 10
36 255
223 51
180 121
85 153
475 182
376 227
169 85
196 303
348 434
314 421
254 10
134 424
82 324
441 85
22 82
281 434
492 320
75 239
420 273
88 172
202 216
219 208
422 459
8 165
485 186
49 310
349 185
328 329
465 83
47 476
347 66
279 214
390 254
153 294
170 52
440 453
212 251
158 142
122 193
194 105
28 303
124 397
355 83
331 421
276 156
23 346
332 290
74 310
272 171
348 34
365 54
26 261
313 346
474 131
399 279
404 39
76 139
263 235
56 410
168 42
213 308
295 203
455 53
459 189
333 215
10 433
168 439
251 182
51 56
16 247
343 257
69 148
434 202
9 151
439 54
158 280
379 163
261 228
68 239
421 400
394 178
191 349
83 416
213 40
36 377
394 323
132 294
345 288
341 422
95 45
379 188
114 89
426 4
426 247
99 4
134 68
20 23
68 424
107 196
496 431
482 84
105 199
371 323
429 475
275 448
306 148
72 391
209 202
315 17
242 460
473 106
123 369
367 439
30 154
489 218
411 20
370 35
316 202
424 448
367 188
420 253
350 356
241 147
248 307
363 61
280 436
413 457
298 113
32 475
300 14
317 15
267 255
100 47
50 456
110 80
362 156
406 141
390 418
410 44
215 252
165 40
100 481
361 388
308 33
493 127
249 227
217 315
369 100
136 79
75 107
272 273
387 403
313 38
319 448
320 314
71 76
472 157
8 110
343 382
291 328
251 71
184 391
363 215
239 422
425 469
406 336
67 479
414 33
415 441
26 168
477 356
334 451
373 255
2 415
167 458
124 343
258 64
24 308
442 453
262 142
167 188
445 269
188 467
204 291
356 314
136 142
94 371
357 468
388 407
383 157
61 213
488 198
359 133
13 68
281 399
366 239
137 380
466 464
113 428
352 3
283 343
291 250
55 41
0 412
177 223
156 288
75 273
346 197
348 282
168 205
78 482
297 61
375 84
266 133
279 487
270 16
206 281
347 147
238 0
19 42
63 286
310 42
350 13
260 292
340 342
380 126
241 430
344 122
215 399
447 365
49 497
3 469
129 475
209 52
258 224
468 80
269 464
205 270
199 151
483 463
0 129
412 5
375 49
118 220
9 59
286 151
279 347
276 352
168 64
245 476
189 480
404 21
260 188
121 215
364 50
335 378
99 459
350 460
22 9
215 311
295 486
154 55
150 469
84 415
263 402
435 342
8 361
423 477
46 268
53 302
302 238
242 341
398 391
308 176
166 70
256 445
257 464
39 303
398 257
188 386
5 236
366 362
295 477
458 396
491 48
475 70
86 72
216 322
270 128
241 272
64 338
472 152
331 249
34 375
21 443
47 305
183 332
25 48
2 135
141 164
344 74
5 121
85 207
216 182
433 454
304 296
408 438
58 219
480 45
214 309
47 393
251 461
441 453
91 59
4 105
349 456
110 228
490 106
396 485
344 192
120 239
297 139
249 388
176 59
184 217
161 89
381 467
309 460
52 321
232 174
99 25
327 278
276 260
215 257
461 75
237 433
94 243
464 161
320 271
415 78
466 299
288 263
358 80
213 459
117 196
169 244
459 207
329 397
270 335
467 353
197 489
455 445
31 235
310 216
28 391
237 461
30 302
203 314
228 477
19 196
402 115
377 229
130 263
193 234
336 8
193 196
406 14
490 202
393 427
126 59
193 119
422 4
447 24
206 416
125 131
316 398
142 173
268 209
183 59
223 17
13 327
154 335
487 260
363 497
137 454
256 257
296 499
136 391
380 74
313 362
42 224
35 69
218 409
350 52
117 447
218 261
245 119
473 233
225 126
298 401
252 136
306 127
326 234
305 306
399 289
419 273
272 220
146 221
151 442
261 473
302 209
132 390
159 437
179 375
406 374
258 86
427 285
378 179
253 267
431 477
489 358
174 227
430 259
427 380
45 218
244 394
148 14
299 141
51 434
69 20
428 473
203 330
443 188
417 10
22 404
433 385
40 445
464 38
15 419
381 233
357 124
334 364
106 319
116 248
407 232
34 162
268 250
45 189
101 0
395 234
79 238
206 149
411 181
39 475
212 142
13 453
69 365
273 293
408 210
383 422
114 28
428 450
332 329
338 467
318 448
6 137
441 361
360 498
125 352
260 153
21 266
395 426
44 47
459 302
28 3
483 437
15 377
469 281
417 331
478 228
389 295
295 38
469 365
173 274
372 275
219 469
358 334
205 74
374 58
287 180
224 473
30 117
258 46
496 160
171 49
100 445
423 407
12 297
140 206
412 68
489 200
362 447
439 292
343 168
278 428
278 293
478 424
302 467
271 298
392 445
299 153
168 494
481 56
195 387
312 391
126 478
84 38
120 363
219 92
252 251
334 349
273 83
375 107
281 397
112 411
30 97
421 235
110 120
333 439
250 443
8 183
15 237
2 483
167 208
326 179
133 127
312 134
498 380
459 159
146 281
27 222
158 214
302 62
168 102
322 52
239 39
8 262
101 281
472 311
455 382
364 14
186 89
126 0
382 156
310 499
263 441
151 211
131 391
465 140
177 106
387 81
164 281
10 452
28 160
54 11
487 468
139 496
57 254
267 97
288 12
16 146
6 496
130 53
3 317
462 465
160 221
193 255
235 478
165 244
291 199
367 273
5 224
173 70
87 447
365 484
389 217
313 9
233 63
138 6
115 44
59 115
326 29
435 423
355 25
363 36
256 99
35 409
359 142
9 209
301 91
12 223
91 195
257 305
224 360
32 374
496 267
349 441
144 173
492 59
329 5
35 315
424 204
414 496
60 59
369 417
361 300
441 356
132 221
377 120
235 322
37 391
120 324
276 213
435 290
137 13
484 237
421 26
304 275
175 95
306 438
343 339
390 434
141 264
238 421
404 216
355 229
203 370
433 186
312 478
286 488
313 106
340 75
265 347
66 96
382 120
95 108
72 156
153 187
144 274
333 147
335 367
355 318
1 201
469 223
18 473
221 166
465 316
74 244
419 197
331 470
293 65
145 267
103 273
122 300
320 444
6 37
199 15
461 142
377 129
35 201
103 341
153 161
272 499
250 140
226 107
32 158
112 452
306 499
28 445
414 47
291 417
72 454
409 356
471 223
61 300
21 135
43 279
445 479
19 259
432 172
381 62
378 382
80 69
412 427
218 329
439 471
263 324
333 185
139 403
135 386
432 79
419 166
497 70
122 44
394 365
198 150
256 230
314 484
224 112
75 159
178 201
494 368
7 54
181 27
77 480
192 461
179 203
47 212
269 89
321 415
472 248
297 153
448 0
478 343
346 336
31 324
435 170
22 189
307 329
17 2
103 93
466 71
184 320
465 322
155 184
399 402
192 183
67 195
91 314
397 273
431 199
366 95
15 306
29 36
124 308
246 82
73 9
441 314
71 143
96 283
63 49
128 52
278 149
475 64
19 193
425 399
81 426
432 143
47 384
309 55
134 294
57 105
436 417
230 133
381 17
72 199
290 491
396 242
357 91
314 406
104 0
128 235
258 194
146 494
362 55
281 139
344 271
328 82
202 143
245 368
322 0
288 287
490 346
403 255
244 460
177 432
184 66
260 189
330 63
101 377
3 326
143 428
114 294
369 51
179 307
421 44
294 253
44 192
488 345
329 192
361 150
333 497
98 456
83 152
70 34
98 29
143 263
393 55
320 248
464 389
139 404
236 124
333 52
91 148
213 168
161 190
422 91
308 193
146 297
471 376
150 157
261 339
266 476
134 87
198 122
394 276
78 438
373 498
333 63
135 170
42 32
379 431
410 372
33 342
412 380
357 193
334 129
156 155
239 73
186 400
235 354
202 165
0 53
266 340
383 276
406 282
191 162
437 6
187 54
204 372
183 5
361 342
272 328
479 259
133 427
5 351
10 209
466 101
184 461
473 27
96 454
291 323
433 17
96 371
57 213
415 246
25 445
487 56
62 101
164 280
359 355
27 390
86 446
101 444
449 436
435 99
187 368
290 93
461 424
162 57
200 468
150 141
485 413
456 335
20 329
238 319
102 210
64 302
332 326
242 474
18 363
246 126
381 206
124 223
317 436
191 201
499 426
67 77
48 326
330 348
395 360
68 377
74 80
242 210
137 302
34 324
272 458
179 20
264 278
444 413
138 225
412 172
479 186
31 245
86 387
300 113
215 295
11 287
37 354
440 146
136 8
171 309
22 444
429 464
112 72
366 494
12 186
17 226
31 264
22 235
293 169
286 206
474 470
4 395
6 177
498 280
338 305
350 15
197 313
204 194
300 360
108 135
235 80
141 47
30 174
481 331
56 278
421 436
189 380
322 188
159 441
462 137
252 455
486 133
227 224
317 209
74 222
365 81
316 388
374 269
475 75
254 114
489 379
397 394
374 102
419 144
107 208
208 292
325 495
55 176
127 4
412 156
398 25
315 298
105 373
351 46
424 111
246 143
144 381
58 238
61 312
267 278
139 125
387 125
108 400
278 310
434 88
101 364
387 252
11 399
165 65
161 138
399 468
384 345
421 257
215 256
399 377
464 408
98 135
258 214
489 120
90 212
220 175
274 450
257 213
260 132
137 377
222 297
90 359
427 87
331 389
26 90
357 490
260 363
78 390
92 368
291 166
170 427
375 0
366 188
374 146
234 358
44 78
476 323
494 96
463 317
122 471
202 170
377 298
280 121
165 33
368 450
271 55
24 48
416 152
23 68
486 206
118 484
27 203
149 61
352 282
185 20
145 396
319 104
90 153
235 77
351 326
405 314
51 283
471 487
357 31
290 137
94 312
54 338
334 175
406 339
75 97
435 137
232 417
301 36
20 371
359 386
112 100
42 368
98 353
194 247
376 43
86 96
153 233
122 144
330 455
99 61
314 160
88 272
251 238
348 114
379 61
398 6
217 259
441 96
448 359
485 269
404 110
146 368
170 241
477 199
184 70
424 71
213 394
108 262
366 185
479 206
204 278
219 86
277 116
228 286
110 478
34 230
406 206
137 111
80 476
60 221
462 399
361 368
432 312
163 176
463 374
472 300
104 68
245 495
453 159
81 85
409 419
157 188
148 405
385 246
395 18
36 99
227 374
343 132
399 452
352 464
337 403
476 106
453 488
118 408
280 126
35 424
465 480
2 83
487 466
96 290
84 216
448 246
436 260
429 421
275 124
274 3
57 453
449 467
30 333
32 256
118 185
185 285
219 447
496 294
176 341
58 425
471 14
321 416
219 202
257 195
4 215
374 261
266 428
251 140
213 143
74 449
185 241
273 193
342 132
113 14
473 300
486 280
57 158
251 419
313 218
59 285
320 130
46 344
164 495
325 189
78 277
142 389
46 229
423 497
252 126
368 109
415 68
355 331
242 426
100 477
133 126
494 461
192 336
230 104
243 107
25 264
268 216
76 179
307 235
245 151
8 266
330 446
87 129
216 457
424 78
252 120
67 472
65 375
38 153
121 214
46 68
392 142
224 358
492 281
31 301
451 113
212 1
233 221
443 260
192 312
394 242
106 288
153 203
0 236
127 499
427 57
267 78
210 374
461 71
369 314
375 420
341 25
208 323
80 14
158 223
428 220
332 297
33 455
407 17
353 427
196 386
275 499
407 475
233 457
470 304
332 199
31 393
168 432
414 233
443 311
68 355
208 286
201 330
362 394
431 300
369 388
238 25
52 237
247 456
431 146
323 75
380 370
148 367
217 31
456 30
280 286
460 425
474 143
68 317
99 432
257 122
74 239
123 172
294 249
251 148
444 352
250 162
27 281
17 167
194 299
253 454
26 428
231 399
247 200
188 223
445 446
133 194
57 5
396 32
240 397
6 286
50 173
276 485
86 463
8 436
256 154
297 498
150 153
435 25
127 40
179 412
190 431
400 222
419 71
51 443
338 249
181 395
451 386
351 386
207 403
346 345
433 161
76 477
78 140
438 266
129 247
266 80
323 86
57 432
188 421
323 106
451 476
129 139
23 127
488 0
497 153
105 38
169 423
178 352
324 264
125 285
110 209
220 174
212 28
89 244
389 40
380 457
256 183
31 215
272 429
23 371
154 193
200 491
291 54
103 281
24 66
322 101
98 46
51 129
94 20
382 399
493 187
293 20
112 441
483 163
414 406
387 266
78 443
291 378
213 312
475 474
149 425
23 350
201 321
114 492
52 499
464 442
490 280
319 316
319 353
214 180
384 451
365 414
482 357
303 414
382 436
269 28
71 447
199 138
369 212
495 4
425 82
497 163
344 80
67 51
90 157
319 98
144 150
83 428
137 93
464 447
185 297
488 197
124 372
485 333
200 199
331 128
392 317
22 493
236 397
307 106
245 89
129 232
283 78
43 383
407 451
1 484
300 221
427 346
22 91
466 470
227 393
165 126
76 127
235 290
374 2
449 425
460 303
216 210
176 314
314 43
232 377
405 449
54 470
47 269
73 315
156 391
214 378
343 485
5 318
480 327
219 257
71 262
61 419
146 371
446 178
195 35
9 358
130 457
301 448
224 230
232 185
295 249
300 479
101 370
156 345
191 95
258 62
18 212
466 475
287 144
310 14
463 82
381 305
222 287
145 69
207 323
191 245
59 241
141 370
221 441
374 372
112 106
171 415
397 431
211 206
311 33
146 226
483 357
240 298
357 358
473 355
15 379
103 340
236 193
158 327
483 270
22 244
468 339
362 70
134 26
50 232
275 351
159 195
147 138
315 79
229 491
251 428
127 122
77 488
7 220
11 439
219 184
48 47
20 323
227 126
228 88
328 180
479 287
226 447
352 280
218 439
384 218
330 369
327 34
261 67
353 417
288 30
209 285
458 225
117 339
171 286
224 462
399 351
480 461
336 97
341 199
29 310
444 465
296 172
227 388
323 305
206 88
170 439
473 213
3 353
402 72
38 243
94 374
309 276
158 216
451 331
230 151
195 356
249 115
491 129
345 414
220 158
473 353
23 64
70 146
365 238
470 378
174 21
129 333
487 78
383 19
202 251
422 197
441 249
223 15
143 276
207 454
97 340
285 437
338 24
494 327
311 162
389 386
265 285
455 479
177 7
119 239
313 428
426 347
51 396
375 98
372 360
178 275
34 17
51 274
337 428
107 117
463 261
373 311
221 80
15 160
473 286
238 197
110 386
413 13
427 42
251 21
67 361
384 21
409 170
144 342
51 399
411 97
192 323
359 317
323 175
64 54
439 84
7 65
487 107
110 225
85 255
496 140
183 243
39 27
136 309
490 293
374 317
184 107
76 389
71 476
316 133
293 16
178 366
135 269
284 271
44 15
53 171
230 8
252 474
85 390
470 172
18 453
262 435
475 41
280 475
392 337
404 321
126 118
489 156
347 291
233 1
199 79
243 417
234 160
349 67
352 231
102 153
475 305
456 337
392 256
11 196
316 264
226 423
438 369
454 50
194 165
400 359
452 414
423 89
109 226
72 14
216 425
100 351
449 268
290 389
173 388
323 158
6 103
28 336
434 355
74 339
433 387
170 245
15 412
318 145
338 227
391 342
386 272
143 115
429 141
217 345
17 82
85 178
298 9
219 497
184 408
79 429
119 486
310 328
173 390
191 468
206 496
322 160
261 191
409 191
131 445
47 1
269 479
22 230
436 395
350 148
332 5
375 342
458 200
53 230
353 251
385 342
434 177
6 93
225 67
477 307
299 394
177 404
211 49
52 301
147 57
411 226
172 176
415 380
311 366
100 138
204 198
134 115
138 300
188 198
111 132
194 12
460 483
183 214
7 358
457 185
318 136
361 80
458 33
164 30
214 162
485 63
96 264
361 478
317 320
233 322
330 291
76 256
291 309
203 3
7 332
234 372
199 358
485 344
198 232
182 151
46 396
484 475
467 206
429 413
82 201
331 419
117 419
28 136
403 429
61 493
494 216
478 220
263 66
193 157
190 377
22 18
43 205
428 223
84 406
474 488
112 180
254 227
217 61
235 113
411 396
219 424
207 293
387 360
223 490
422 18
152 84
348 446
251 491
54 245
71 470
312 158
112 104
273 92
164 316
355 399
164 180
366 340
164 26
302 413
456 374
467 267
323 259
124 122
178 37
229 288
362 30
479 291
349 245
162 160
260 149
26 119
431 148
71 148
281 473
449 276
333 115
274 361
494 342
420 164
297 112
331 407
493 336
202 395
403 419
61 345
238 40
311 29
418 398
435 90
278 311
477 268
187 292
280 427
15 417
105 55
88 436
450 265
327 257
470 412
142 466
214 413
37 476
212 284
155 215
325 382
2 157
221 111
312 460
73 241
293 469
400 139
318 452
94 123
497 485
354 50
321 339
207 461
290 55
112 272
275 9
395 121
404 62
434 221
417 412
288 57
31 412
179 491
389 58
367 40
172 491
164 331
50 151
146 157
383 269
152 111
28 242
363 494
12 86
79 257
272 200
466 188
468 303
307 380
52 326
304 101
84 398
468 446
120 209
248 312
387 454
59 278
465 0
470 9
6 323
43 0
119 250
460 230
60 77
131 493
133 467
175 197
286 29
491 354
336 138
58 485
109 343
434 369
235 15
339 163
7 139
294 35
33 436
389 184
296 203
17 498
73 391
495 496
10 301
134 133
63 131
254 28
259 173
49 392
33 169
289 52
12 9
486 260
196 450
275 3
467 37
282 295
178 303
393 198
136 212
132 410
50 407
362 405
8 493
422 151
48 376
167 407
387 321
328 448
493 206
472 449
69 174
239 122
222 474
70 64
485 75
313 42
47 386
70 107
144 385
5 305
97 78
421 181
390 450
291 83
381 408
272 232
465 278
387 202
464 191
58 152
133 150
483 74
309 103
82 245
29 318
49 307
480 211
379 151
391 24
263 426
59 37
39 99
96 168
105 343
416 425
412 53
401 254
1 408
49 135
257 193
418 393
77 175
445 278
274 446
251 9
222 257
294 442
76 53
156 453
297 2
248 84
195 340
129 154
72 44
293 99
147 191
338 94
141 451
299 95
16 359
328 64
233 367
157 486
490 114
67 481
260 47
114 494
74 351
183 112
351 459
366 94
61 121
471 393
155 190
168 246
29 355
376 94
224 158
259 90
450 241
101 368
219 259
430 115
17 480
48 318
277 124
357 449
172 23
222 144
250 75
456 489
302 434
72 118
11 86
282 311
367 366
11 334
466 223
403 126
399 474
327 281
167 324
191 2
462 159
332 50
0 205
443 240
382 40
349 181
92 221
102 6
362 141
50 301
66 139
470 387
396 162
204 287
140 260
343 60
232 431
211 234
417 183
203 493
125 132
120 330
331 273
341 107
498 22
479 34
302 285
450 135
191 81
358 96
103 71
499 5
484 41
130 198
479 196
432 148
429 261
238 447
442 298
13 146
185 74
58 153
243 160
476 16
90 255
20 360
190 109
41 212
45 342
482 227
55 220
367 128
151 459
486 298
82 216
411 221
284 35
343 182
455 269
304 324
227 396
17 103
356 236
437 131
176 262
52 277
247 124
31 23
149 415
46 176
352 478
465 60
333 309
19 33
319 172
48 119
422 126
240 376
173 175
307 223
5 260
113 303
194 37
74 132
100 135
499 86
271 275
287 25
472 497
138 356
364 358
123 336
324 459
131 416
171 359
405 57
222 202
187 354
329 467
7 269
329 164
170 332
141 272
224 126
249 2
457 258
247 323
482 144
60 53
259 246
194 364
42 232
238 35
19 231
77 70
302 440
37 94
76 33
455 236
481 279
353 238
270 336
58 115
20 389
276 224
132 281
396 335
304 188
353 496
29 464
363 474
445 89
324 472
329 4
62 396
172 292
155 391
456 178
447 461
113 135
18 292
339 18
53 316
102 265
275 430
202 223
78 223
340 257
178 292
184 307
427 105
396 45
122 306
443 5
221 311
28 273
72 334
175 134
97 27
0 443
112 420
280 470
303 138
169 98
457 434
367 195
207 27
376 201
303 428
312 231
360 200
277 417
420 12
491 324
325 194
394 52
452 497
145 337
192 446
397 325
169 103
94 269
262 128
436 184
125 1
284 145
386 460
108 457
349 273
317 159
120 431
453 4
54 280
262 198
265 474
104 338
136 218
30 59
332 187
248 252
129 294
376 322
191 209
45 329
463 253
49 464
34 291
198 11
438 192
109 5
294 493
360 79
356 14
447 413
424 447
364 229
287 459
301 177
247 93
104 499
19 286
180 371
395 241
150 475
441 403
397 343
235 482
207 211
30 39
224 390
417 213
177 406
43 267
57 461
98 218
462 418
423 68
196 166
40 324
435 71
211 340
489 100
295 183
83 37
113 405
256 216
1 441
39 70
402 395
140 476
66 156
263 252
181 249
117 425
463 29
352 250
49 326
373 40
6 96
435 29
339 252
23 3
369 379
250 479
495 233
467 0
218 312
376 154
194 83
283 106
375 129
76 234
133 380
67 182
352 426
140 16
234 334
174 377
369 285
445 50
355 367
232 499
474 10
382 193
155 471
407 180
309 316
91 239
395 188
484 341
52 105
367 174
23 482
160 125
307 494
446 223
481 73
71 290
270 33
304 137
169 231
123 108
41 231
404 188
314 384
137 384
71 339
156 52
230 242
375 482
264 43
47 460
261 441
191 351
198 217
81 455
130 105
211 46
118 39
453 326
434 466
231 276
293 237
351 378
90 485
451 415
394 294
145 499
148 35
197 123
47 121
418 399
237 12
419 147
144 289
424 2
227 115
303 75
210 407
78 237
430 239
341 70
291 274
318 190
427 367
356 400
499 129
251 147
314 63
115 193
53 448
47 187
134 361
255 365
31 39
372 349
113 32
413 176
440 230
71 173
182 69
268 79
350 150
35 251
167 240
60 409
190 150
485 4
288 347
156 280
281 468
273 160
164 31
438 26
276 487
53 212
431 229
110 175
433 36
447 366
367 296
98 177
475 372
439 108
445 4
415 457
280 24
422 361
259 44
41 275
203 106
128 317
482 278
59 348
206 364
338 492
72 77
148 98
435 48
