500 7800
428 258
108 272
497 215
457 33
274 260
183 426
325 85
225 360
459 192
363 345
252 192
142 73
438 222
295 264
87 282
147 195
126 60
432 121
235 2
37 220
239 124
73 367
294 262
388 296
134 110
449 491
23 58
112 1
334 436
394 253
367 329
234 376
149 119
106 360
396 323
421 189
106 86
139 10
127 330
250 446
484 118
183 372
197 132
411 452
266 485
212 427
143 356
159 471
11 327
43 410
47 425
424 342
319 389
109 353
295 394
49 1
57 185
260 100
445 291
129 462
235 314
262 114
168 300
261 117
461 336
167 436
490 161
231 337
84 414
454 169
169 86
269 357
484 189
297 406
93 489
468 20
188 269
130 67
473 382
27 170
298 329
50 273
28 363
288 444
111 480
423 157
343 497
48 315
333 327
157 182
68 493
315 424
378 430
22 68
190 176
67 182
118 112
4 69
48 401
492 303
152 237
461 387
45 6
78 113
445 121
361 85
299 136
491 30
334 380
462 301
87 326
132 338
353 278
24 345
268 71
408 3
224 38
296 482
339 264
344 499
331 279
84 475
130 122
125 343
373 180
95 353
17 494
310 480
7 121
357 314
70 21
299 331
25 295
372 17
478 95
249 126
474 222
78 212
188 439
87 302
361 14
359 439
408 447
187 17
113 213
105 94
43 356
82 359
330 103
37 234
376 394
488 130
219 492
366 443
471 94
258 132
135 160
253 421
6 152
16 479
173 195
178 60
214 140
51 238
121 117
402 229
445 98
364 360
468 286
459 95
54 45
409 20
81 357
64 181
429 306
251 173
44 59
59 171
380 208
358 162
404 180
153 354
77 204
177 163
414 93
33 406
489 270
253 345
469 106
157 495
379 89
109 380
462 438
228 67
127 131
22 44
111 225
380 239
359 377
276 5
218 424
366 392
497 124
401 244
397 434
427 289
30 111
31 462
51 244
258 48
374 280
425 466
482 249
441 346
289 342
291 66
305 140
120 281
295 84
268 3
460 167
458 24
389 442
5 454
391 137
5 37
383 471
257 153
92 429
284 134
252 204
416 102
6 343
214 299
4 483
60 91
18 16
162 436
85 143
423 195
188 394
302 449
42 19
396 74
6 275
294 255
305 26
368 326
392 159
482 476
284 420
274 457
230 213
450 292
225 116
304 86
119 360
174 178
1 412
271 461
429 100
241 316
247 255
218 321
76 145
152 78
362 224
385 8
292 86
195 324
456 384
353 466
406 303
317 397
125 236
424 405
176 491
137 123
211 236
9 225
173 225
119 235
337 78
283 144
270 48
123 481
93 95
306 475
14 131
83 332
437 439
206 374
357 456
193 457
227 278
474 265
308 100
195 18
455 18
393 60
181 189
59 83
452 313
57 401
150 423
176 164
274 101
453 131
266 473
168 158
146 488
347 30
424 215
469 80
439 227
400 116
29 41
185 181
305 469
206 380
196 156
127 487
98 249
20 49
483 318
327 314
457 276
182 159
303 424
452 488
66 242
12 421
205 450
438 162
30 485
117 142
436 414
271 49
302 283
447 166
218 151
309 488
70 173
89 208
337 137
419 295
144 430
225 208
175 202
181 166
277 199
198 261
404 112
306 310
462 321
292 394
220 92
352 102
292 206
247 393
364 151
309 359
12 271
199 5
140 224
325 26
353 174
177 171
483 14
210 217
243 189
336 142
176 148
254 165
298 381
287 103
459 206
169 84
38 218
408 455
93 353
174 21
384 256
186 278
92 329
2 102
261 322
404 179
189 108
192 317
15 346
269 297
445 27
225 114
238 382
72 363
41 165
307 12
496 40
243 385
290 253
189 288
422 250
73 380
161 470
297 410
124 186
333 204
377 3
353 307
196 155
98 368
126 110
312 340
192 355
251 300
277 302
123 269
291 314
263 357
272 203
12 123
428 275
242 62
454 410
444 332
149 160
487 196
408 355
408 301
353 31
392 367
260 206
164 2
364 132
370 191
339 260
477 327
287 442
76 407
369 63
83 389
331 264
233 287
427 269
51 320
347 460
423 69
22 12
146 347
159 207
14 466
423 193
246 54
472 434
464 336
117 391
448 193
142 325
182 241
120 383
457 397
122 37
475 343
243 262
364 208
416 402
256 279
136 29
419 194
40 200
234 34
183 149
35 75
143 334
359 256
349 300
387 97
3 35
113 387
146 471
295 216
40 290
433 435
441 362
363 131
332 195
422 65
425 114
192 99
460 71
488 81
267 85
332 403
275 282
38 8
142 447
17 134
410 284
96 207
112 371
391 250
474 78
244 226
388 176
114 412
364 371
137 13
58 477
61 313
326 401
434 52
336 432
184 428
478 409
312 69
10 104
244 291
93 374
5 101
149 7
2 485
488 150
482 200
200 168
73 134
260 162
156 143
54 278
394 169
245 393
255 168
103 238
166 57
430 209
440 279
224 78
330 168
129 363
213 316
485 99
400 0
248 419
318 134
293 82
407 103
135 461
77 134
91 159
324 480
62 214
9 313
453 402
404 473
176 266
208 313
223 374
467 160
239 212
302 1
382 252
330 365
139 277
77 192
229 22
204 436
421 277
214 312
90 403
311 422
459 470
121 102
46 102
394 395
411 301
403 261
174 194
261 110
380 430
315 62
107 447
218 194
99 178
227 472
421 71
357 133
149 309
485 58
78 296
265 260
326 443
484 482
269 378
274 343
375 224
33 44
483 253
170 215
255 11
210 118
71 144
453 216
67 37
130 121
2 115
423 76
363 469
437 96
298 268
56 495
381 375
167 83
265 434
336 334
83 341
477 493
274 313
31 311
136 324
77 163
203 239
496 136
74 335
490 437
73 1
69 369
257 389
13 251
179 57
379 28
195 202
416 180
29 54
445 66
436 257
431 367
235 9
157 314
177 113
216 337
186 369
180 162
173 412
80 439
318 423
467 482
123 106
389 135
365 403
484 82
490 287
209 308
314 387
245 492
103 492
355 88
420 399
53 209
274 319
130 413
484 14
40 404
223 65
71 405
56 388
457 236
494 162
179 127
499 336
340 341
86 318
229 452
78 498
433 149
42 436
415 464
360 303
342 67
209 118
162 499
265 1
460 355
474 356
384 322
277 229
166 342
108 338
181 45
245 270
325 184
92 160
405 41
343 417
386 273
386 6
432 444
286 367
135 496
353 264
216 322
19 344
154 463
115 479
229 45
90 103
100 48
107 248
86 379
164 81
32 1
283 440
448 408
379 457
447 225
95 58
220 98
273 166
100 419
276 36
339 401
73 408
459 460
95 450
145 163
46 324
339 60
131 55
265 391
392 350
8 196
90 354
25 312
64 327
6 485
326 336
91 9
108 305
169 171
199 279
354 464
158 111
211 141
294 301
375 395
324 225
93 171
105 460
154 174
96 69
480 172
201 417
377 220
22 205
340 307
265 4
454 7
268 213
24 348
467 248
319 486
83 358
82 274
120 226
389 451
332 492
376 72
12 407
67 295
285 256
396 334
232 31
191 134
70 232
348 18
395 49
153 474
119 495
481 133
102 49
158 343
486 251
192 407
149 120
280 318
51 265
465 469
364 296
232 391
169 446
367 478
221 437
286 220
147 160
279 147
189 209
231 397
272 484
170 131
233 302
287 393
9 17
147 204
167 418
431 343
78 476
294 341
26 316
50 442
160 434
27 69
138 497
74 111
201 408
285 298
337 282
192 332
61 286
134 190
367 33
429 181
188 148
293 339
371 221
124 271
441 111
476 242
35 300
428 370
362 337
106 83
366 140
476 384
42 146
334 1
385 223
140 416
302 199
40 0
79 141
111 272
148 185
130 183
338 333
407 396
468 330
206 173
265 6
378 5
394 338
229 124
8 35
102 180
286 67
213 185
383 308
152 401
396 429
124 195
478 134
438 97
370 109
202 378
178 149
221 13
183 342
388 92
366 363
156 374
82 22
55 304
467 321
387 460
375 122
434 233
244 237
163 2
37 92
139 466
227 310
335 171
6 201
477 312
414 165
397 244
172 451
347 183
101 386
369 387
435 240
320 449
63 133
198 241
86 277
200 415
439 40
194 423
65 2
479 257
123 70
458 472
228 242
403 374
341 88
122 157
412 304
401 375
169 264
207 26
287 372
457 218
367 67
318 435
18 228
461 22
46 76
75 279
384 265
42 7
59 222
151 354
443 495
37 141
88 175
90 76
298 199
30 81
15 272
311 367
139 423
262 242
43 469
383 29
134 458
469 418
120 402
463 71
94 283
32 86
440 433
38 299
389 86
9 456
4 400
375 444
117 439
349 468
137 267
181 378
292 148
23 358
84 246
456 217
331 241
118 252
461 47
72 140
111 437
183 143
492 106
50 35
426 379
494 338
267 170
411 283
19 456
279 314
13 180
490 488
181 35
487 427
35 403
390 454
128 137
356 22
408 110
5 472
419 381
437 494
133 73
16 307
177 365
22 143
68 429
324 424
419 487
201 389
162 254
477 86
58 174
470 328
463 176
360 456
439 95
19 7
14 286
441 452
91 97
402 254
190 372
211 145
492 350
346 19
153 478
450 453
181 387
440 238
261 94
143 194
132 178
494 442
67 429
485 354
2 412
327 184
384 432
43 299
78 473
2 226
123 312
227 368
382 421
498 392
56 122
301 298
277 256
221 212
273 105
241 122
2 442
355 372
221 165
120 211
300 49
295 103
75 491
157 432
13 194
107 67
437 67
490 461
109 473
208 455
11 125
17 92
210 397
380 277
465 303
142 326
67 411
251 232
427 405
395 263
21 289
47 61
465 411
201 9
217 248
480 86
344 296
312 437
118 421
450 354
190 499
167 358
27 169
324 296
204 399
350 74
465 471
110 195
63 152
82 438
85 322
17 8
340 217
240 154
274 467
98 221
117 323
496 279
10 192
115 436
343 460
368 210
168 99
89 213
49 105
188 441
257 422
108 350
289 282
189 390
257 278
411 113
190 312
435 245
100 107
125 385
218 443
450 134
426 6
74 198
98 44
490 53
8 187
399 320
476 90
31 32
470 324
1 319
456 136
78 128
271 244
189 410
260 208
81 333
433 357
29 156
274 241
135 394
412 435
480 369
377 351
162 418
254 366
455 156
448 336
428 9
366 458
27 146
246 196
19 117
350 154
7 463
84 268
86 134
265 22
280 288
427 140
123 358
257 401
66 461
400 2
14 81
68 32
248 342
65 444
272 389
289 279
165 66
409 282
158 291
293 278
292 383
343 108
96 406
53 452
305 346
202 497
168 182
120 4
465 171
336 1
298 134
476 84
159 464
398 189
145 318
73 344
108 267
487 65
310 145
337 192
422 116
315 350
252 429
457 216
421 135
250 9
240 109
176 419
458 382
297 447
460 228
420 427
338 245
169 244
436 264
265 334
87 164
294 364
316 36
265 417
306 345
98 130
131 91
230 7
214 53
316 14
457 202
137 326
82 89
45 122
104 278
386 479
440 210
327 296
221 213
65 263
94 243
391 357
394 445
300 11
258 121
299 418
90 247
397 276
192 299
242 187
93 427
261 492
182 81
237 196
189 184
237 164
158 269
256 269
251 198
436 45
134 55
148 426
370 224
280 12
58 108
285 382
193 209
215 249
415 322
106 139
295 10
269 62
421 15
451 449
460 79
446 410
390 490
448 306
311 215
180 72
242 482
471 169
226 490
122 198
299 116
82 487
141 245
95 102
487 20
474 185
146 267
162 458
96 355
454 220
439 371
338 255
278 472
295 426
164 272
334 481
473 408
56 222
175 345
53 159
495 494
43 194
7 177
161 216
260 484
367 60
114 263
179 342
67 434
16 487
443 13
11 448
360 337
105 387
284 147
432 250
186 344
410 61
203 264
345 215
207 106
57 191
460 201
252 367
64 113
139 186
34 297
385 464
168 62
337 187
146 389
217 196
317 470
330 423
274 359
238 178
80 105
116 372
107 62
402 17
314 35
285 356
208 130
481 185
231 103
420 76
480 145
349 319
150 494
101 164
138 50
408 111
492 170
223 490
156 387
95 62
202 34
306 413
473 447
470 2
91 396
413 299
93 159
192 168
442 361
146 12
4 117
496 217
342 40
79 251
45 303
220 307
50 472
301 395
212 64
91 405
146 421
134 108
142 251
132 424
307 255
319 311
314 313
111 123
349 94
255 464
467 211
400 196
203 217
70 388
373 227
62 115
396 24
62 157
9 247
495 445
218 427
348 252
246 455
88 325
127 240
101 419
281 494
156 150
420 324
367 44
203 406
176 112
396 227
30 411
256 178
253 405
345 307
100 32
4 18
473 157
311 77
171 19
163 268
161 136
343 58
441 127
455 417
377 294
474 56
63 449
161 168
11 220
311 437
165 319
75 480
39 85
275 166
382 466
93 96
469 376
367 3
292 361
329 76
324 245
269 175
321 76
298 28
494 472
449 216
8 293
239 71
443 5
263 144
299 474
62 472
46 253
93 261
128 6
216 395
91 56
309 88
242 406
367 80
217 325
61 253
365 86
198 284
198 205
406 152
455 79
288 469
404 407
180 112
322 127
309 48
158 319
65 128
106 262
402 128
245 299
415 443
142 423
422 283
379 443
152 287
262 267
371 103
429 458
160 498
161 274
125 334
452 402
453 126
442 233
52 491
119 287
239 282
293 426
371 78
39 383
299 311
91 477
223 30
174 326
337 55
121 142
418 254
340 260
189 122
238 360
357 271
166 164
298 184
245 133
300 164
278 297
275 435
228 120
137 439
7 371
80 51
155 297
493 153
101 157
163 357
75 252
243 171
390 386
223 249
411 345
377 233
283 51
79 430
441 184
128 105
403 75
188 207
362 196
40 57
491 434
470 79
320 476
401 85
150 224
483 51
150 160
270 260
447 322
148 95
226 95
4 70
342 395
264 25
479 6
381 363
207 58
26 433
465 130
74 372
156 473
120 416
240 128
215 410
307 422
58 116
466 489
323 251
379 98
313 36
213 480
98 47
117 14
490 424
286 143
91 270
437 428
26 258
120 239
432 192
334 398
17 85
334 111
274 383
158 246
497 229
489 60
374 38
210 438
263 119
302 358
488 263
251 329
237 213
245 429
69 281
335 388
263 330
58 39
40 248
385 246
251 61
263 331
426 336
215 40
464 269
254 216
53 357
383 238
67 353
312 1
215 243
147 348
163 111
335 68
248 197
269 68
120 453
148 407
130 315
117 427
284 197
476 61
400 330
318 458
356 377
448 124
185 322
166 418
40 22
276 455
242 142
414 281
398 37
290 58
347 312
250 302
295 351
426 455
370 202
91 43
114 248
476 420
420 105
149 106
244 371
312 429
372 455
454 136
382 98
194 129
276 165
335 235
467 99
55 230
124 197
159 208
53 263
107 179
465 59
141 421
447 206
24 44
390 257
450 188
321 81
157 327
288 297
19 177
77 43
412 265
439 210
397 23
111 238
435 45
12 464
103 20
304 376
496 257
60 159
453 264
37 284
238 133
363 463
391 260
145 75
358 323
19 74
226 360
102 172
245 386
320 174
188 317
137 165
26 208
200 20
462 471
437 174
375 170
48 231
430 221
54 88
236 170
74 244
470 169
425 20
238 264
164 403
416 339
369 128
358 458
238 249
387 221
334 260
355 10
190 287
461 282
277 204
380 272
266 450
74 22
351 328
358 352
125 466
392 180
335 415
394 199
426 63
415 353
68 249
198 134
449 213
240 256
87 478
457 138
479 357
452 79
23 219
56 172
494 121
218 467
65 257
37 178
58 432
75 171
341 32
9 255
459 292
407 53
212 202
134 352
296 288
167 405
205 237
456 153
144 65
220 388
476 105
110 96
334 59
371 141
346 214
177 455
358 305
115 407
381 159
185 493
84 107
98 469
417 318
41 135
144 4
306 347
288 225
1 243
285 376
167 267
304 435
79 429
308 470
286 89
232 276
334 247
156 419
81 29
124 356
394 212
357 422
307 49
203 190
8 480
247 233
489 143
203 136
373 101
411 272
12 50
286 433
137 32
10 462
429 397
333 229
250 190
51 72
111 482
135 82
85 201
216 70
250 176
270 172
70 315
180 138
161 77
393 24
182 353
221 265
359 380
252 385
31 88
225 35
83 415
337 86
217 306
163 196
137 242
461 68
439 48
329 113
196 352
219 92
74 445
24 253
302 49
332 450
492 365
275 146
123 185
219 352
432 244
160 374
360 199
425 106
361 367
463 144
386 200
61 319
91 399
491 137
430 5
148 67
400 274
402 395
336 40
387 274
259 217
284 407
381 467
469 306
499 234
481 344
307 25
387 49
150 96
44 373
182 287
474 133
17 7
216 105
167 258
39 485
30 340
65 126
231 482
339 334
19 265
132 90
269 300
124 179
360 395
447 480
232 346
269 107
372 146
86 142
162 6
154 147
430 165
487 334
176 20
447 34
483 312
451 147
74 382
271 72
426 91
191 119
119 339
338 237
133 475
413 374
236 426
34 39
182 255
138 198
492 342
51 394
3 89
178 71
393 378
433 203
328 396
477 252
15 374
279 361
95 117
265 270
429 472
331 58
33 177
197 62
226 473
458 357
472 2
90 95
290 236
200 83
331 166
479 12
165 266
349 243
399 386
441 173
458 101
336 305
148 93
463 396
453 49
41 113
438 459
422 167
18 132
75 177
426 15
168 474
171 353
257 291
92 452
121 101
353 123
59 492
75 285
400 450
433 274
386 476
468 161
234 414
117 179
267 429
473 244
276 147
305 68
319 458
390 392
53 273
44 486
288 243
140 119
321 66
154 128
153 496
332 103
38 446
263 411
323 245
337 299
224 340
434 77
323 37
246 372
285 489
492 173
110 440
280 286
347 155
191 19
351 481
476 376
496 423
334 432
145 68
376 386
206 95
291 52
123 357
255 329
405 289
135 304
19 285
481 312
127 496
25 201
6 383
152 378
406 162
216 96
165 53
0 229
175 326
66 365
29 494
303 172
64 394
74 284
435 358
240 431
151 442
234 301
186 251
194 458
338 97
334 425
371 216
31 372
411 486
243 432
200 65
209 293
217 274
374 173
111 129
126 45
425 365
148 361
218 299
348 119
163 479
65 301
433 98
127 85
151 56
373 72
473 426
9 265
487 448
101 175
213 487
400 218
42 28
173 149
266 271
285 186
447 303
295 138
422 236
383 226
26 160
242 188
383 228
167 159
398 303
312 356
42 135
219 294
154 438
290 354
166 251
86 34
271 252
362 81
404 322
9 473
230 434
100 340
324 378
83 165
201 49
220 346
87 288
404 338
364 24
375 330
69 356
72 482
189 482
223 329
370 487
431 345
57 353
305 477
464 169
475 19
23 15
153 173
12 324
138 100
497 345
3 82
324 92
259 268
450 214
312 302
102 158
359 301
445 31
224 48
218 419
444 420
24 397
471 44
42 194
338 270
353 103
443 289
130 282
399 351
0 97
0 158
427 74
210 451
306 199
410 405
57 434
356 468
372 117
446 474
377 475
276 492
122 0
3 245
496 120
184 405
480 277
290 304
274 65
394 128
387 235
261 118
39 259
54 183
318 176
357 225
351 245
266 239
177 396
425 124
78 283
491 89
290 251
30 75
363 305
471 104
122 256
365 103
440 242
72 10
447 50
450 348
135 388
176 380
397 468
259 23
334 161
342 468
153 334
279 324
345 403
31 444
292 467
312 262
236 296
386 124
195 377
424 376
205 335
312 313
242 407
47 413
91 247
167 80
499 75
255 447
227 194
305 341
70 201
329 111
181 382
125 192
271 188
9 213
285 118
135 232
455 301
22 299
329 188
1 345
125 495
385 494
370 213
463 298
329 39
108 269
57 89
23 192
213 121
214 466
122 124
290 459
148 232
166 352
495 23
331 152
321 381
56 267
192 412
43 11
133 129
99 360
114 244
219 362
460 204
112 65
393 442
485 151
13 360
51 146
457 298
127 409
227 277
61 158
335 454
420 361
215 228
116 21
375 289
286 122
297 337
227 359
133 473
315 425
364 211
492 339
96 135
471 166
330 254
380 336
32 134
58 376
296 466
411 436
133 331
4 16
456 400
331 275
399 476
144 22
135 452
113 428
337 14
304 347
62 192
52 280
83 407
481 159
306 81
11 432
232 208
480 247
262 344
482 278
79 35
139 292
488 50
236 34
391 433
33 135
218 334
441 10
428 294
135 473
137 496
258 51
146 161
357 92
137 124
207 143
328 228
260 459
147 137
296 450
437 296
78 251
400 39
485 257
375 286
400 63
108 262
483 473
438 362
419 155
233 335
465 147
133 372
279 318
31 377
423 498
351 45
464 457
277 124
166 454
348 76
403 335
114 80
386 266
275 83
40 29
218 50
81 446
383 264
415 293
311 289
92 308
138 128
458 245
73 359
96 487
288 74
189 339
309 445
354 255
148 177
317 394
118 393
460 443
446 328
201 108
226 145
66 162
217 153
26 490
297 370
218 290
488 145
496 404
7 418
74 176
380 65
271 268
327 426
447 394
313 465
200 339
107 145
53 66
115 68
70 36
330 352
258 151
13 200
455 133
434 130
272 393
325 426
459 261
96 246
213 163
81 456
387 51
375 1
276 115
224 232
369 427
408 302
194 253
184 252
454 227
314 12
25 267
335 89
115 80
192 320
371 414
174 74
340 66
256 78
456 138
492 116
469 358
138 169
276 256
454 213
202 499
299 234
146 399
304 106
340 60
360 422
474 412
38 413
214 470
54 129
346 495
140 128
438 169
412 290
194 363
228 197
88 112
353 319
217 9
344 123
382 468
229 3
398 351
186 140
448 209
484 203
446 490
364 55
29 382
455 217
449 264
378 359
302 142
477 156
268 98
173 481
27 412
169 439
102 53
402 168
134 421
78 27
424 250
387 447
38 482
319 208
478 10
135 179
338 120
64 161
489 208
147 181
45 372
415 448
403 400
285 402
357 276
308 146
80 327
465 426
300 42
277 221
171 455
144 202
66 294
443 74
494 240
227 232
318 332
71 404
414 433
490 84
161 71
413 385
137 91
167 169
465 153
189 414
56 312
171 174
396 459
358 16
100 176
25 52
296 387
488 360
231 306
367 211
194 464
113 409
78 459
6 250
432 421
419 321
203 155
447 306
3 10
239 5
476 391
206 427
239 92
69 127
151 370
264 475
100 220
41 157
172 159
251 310
461 493
301 327
491 117
354 286
437 452
24 213
192 437
338 350
221 403
291 255
177 16
424 40
65 105
146 440
171 279
140 134
87 184
103 10
159 384
147 264
52 380
425 231
240 57
123 146
86 328
345 150
441 298
380 246
107 150
179 441
485 412
133 458
101 308
293 454
49 108
423 299
109 450
223 1
464 485
456 65
390 101
228 231
326 134
264 24
145 370
156 240
117 193
88 111
221 151
466 73
72 404
13 297
108 422
239 261
213 204
385 384
343 105
136 160
384 418
13 20
465 3
433 372
209 241
32 429
314 375
238 253
283 40
224 423
291 414
79 454
435 420
156 186
413 66
488 0
301 418
385 80
46 123
319 383
425 426
111 330
254 445
223 425
420 429
476 401
406 346
20 481
96 63
64 214
243 391
218 191
316 358
181 191
307 453
79 389
146 4
435 116
13 270
444 151
484 197
331 127
480 100
455 234
53 140
484 46
159 441
332 320
174 1
367 193
116 28
472 303
283 335
383 406
488 69
471 64
220 355
435 413
343 13
338 485
289 98
49 90
88 436
403 96
327 200
337 48
159 152
447 76
346 400
454 409
208 461
134 495
320 415
409 199
261 253
165 494
75 472
288 343
341 359
72 486
247 8
43 239
309 164
379 491
23 434
487 223
6 76
391 242
107 335
102 332
452 419
326 498
274 44
24 30
77 298
365 163
261 279
204 79
259 85
177 457
81 363
276 419
288 285
123 40
393 26
348 322
437 238
297 116
492 405
290 443
290 59
348 1
122 324
448 114
267 221
84 111
434 284
105 261
81 376
379 394
463 432
231 344
117 94
303 76
481 162
158 88
227 155
38 308
483 375
165 270
148 172
108 236
373 487
210 316
488 477
379 335
448 325
439 174
211 98
45 367
221 226
128 2
13 158
298 58
43 475
110 177
291 300
358 444
6 283
370 51
293 338
482 310
486 381
401 119
347 310
275 104
3 418
26 290
111 420
344 405
80 387
323 11
305 428
397 352
234 23
377 48
263 471
21 197
93 421
312 95
364 23
107 49
341 314
290 275
82 79
315 51
432 195
30 161
172 140
296 98
299 328
298 144
294 52
127 402
350 327
178 284
179 154
344 483
296 370
422 498
88 266
228 136
202 229
346 64
281 274
466 261
318 394
203 352
368 186
250 385
20 302
82 421
290 499
435 59
429 406
71 253
336 103
65 252
96 450
98 20
424 435
72 304
455 44
123 183
437 234
224 429
309 134
144 286
236 444
105 187
465 438
85 139
162 488
380 273
459 380
138 374
335 466
140 449
467 310
418 331
53 125
366 425
128 378
102 380
38 157
480 62
50 307
98 77
99 381
289 354
147 329
389 21
416 368
157 492
227 75
107 374
21 273
314 49
396 164
51 348
237 143
236 168
377 385
154 268
427 291
90 328
368 0
58 433
477 136
281 454
96 90
396 316
421 8
53 131
381 304
327 172
365 65
438 377
390 185
347 209
377 454
373 210
176 384
247 398
106 12
319 266
246 284
166 175
28 246
372 453
406 410
81 68
17 207
216 288
434 263
121 367
4 342
420 320
490 1
161 385
432 342
492 122
256 109
179 434
191 94
154 415
291 256
238 96
476 7
94 456
226 208
413 8
257 87
324 242
143 227
8 176
449 458
343 478
172 350
281 157
398 383
183 166
420 153
238 233
370 242
292 27
28 51
216 266
291 411
223 297
274 42
163 340
218 464
417 489
213 34
74 486
186 345
137 479
287 16
32 275
106 143
383 325
96 195
468 129
207 22
84 309
268 462
214 180
423 199
397 9
438 264
372 22
351 118
492 465
29 461
49 87
303 386
434 377
319 214
235 246
87 485
82 244
259 497
495 202
126 215
269 468
17 93
207 483
50 302
78 198
269 426
78 288
461 219
370 427
482 29
400 282
31 205
15 478
241 348
293 465
67 115
362 121
42 378
172 155
437 97
199 57
49 71
181 386
290 22
448 132
151 47
253 66
478 168
467 93
109 193
140 297
287 358
437 374
222 314
487 112
0 393
167 47
309 281
401 321
262 10
45 62
241 333
54 481
442 279
58 392
372 141
252 439
178 353
46 174
343 146
245 115
163 272
217 34
44 292
239 433
353 205
395 286
406 377
169 12
83 330
384 192
142 381
433 171
82 408
358 92
59 181
223 181
496 140
219 348
51 113
58 375
295 411
380 138
237 370
170 130
374 296
268 50
37 287
490 342
255 397
237 413
54 134
445 9
31 58
352 490
469 181
382 197
403 174
329 491
487 376
303 257
297 391
495 258
161 330
205 148
224 148
465 7
463 495
232 105
220 210
389 94
325 247
399 33
109 181
480 387
27 174
291 366
324 193
344 173
400 272
398 179
245 401
272 254
430 17
395 34
280 306
149 162
400 72
24 10
232 197
92 170
280 116
451 384
62 294
365 290
8 375
449 225
381 438
360 239
472 479
154 175
436 2
14 234
294 104
434 245
210 134
208 284
50 332
261 293
150 453
191 271
318 156
18 13
321 88
196 258
85 245
147 45
344 44
384 486
52 205
148 286
157 363
27 181
469 222
51 340
378 276
192 103
221 202
249 250
366 215
191 460
51 275
80 303
353 118
317 494
118 145
486 362
449 479
329 479
266 63
386 497
326 338
354 335
495 52
113 291
448 105
104 22
428 112
9 198
39 492
375 62
344 478
471 133
65 243
15 491
110 127
0 186
425 397
31 21
9 331
284 376
93 107
179 300
239 424
179 249
18 439
341 49
150 102
290 403
399 8
174 107
170 200
106 43
394 311
388 27
476 421
140 222
106 270
483 39
489 86
290 55
254 65
202 67
178 235
484 341
357 413
350 28
24 152
435 482
244 138
348 261
127 174
194 69
98 292
351 254
260 456
103 143
96 352
183 138
269 218
260 105
471 424
185 165
463 250
286 55
19 179
344 469
216 265
206 335
47 89
395 199
491 352
19 420
280 457
400 417
104 212
382 72
91 408
438 373
48 73
225 215
427 466
17 54
290 344
76 182
289 417
339 472
113 0
469 277
217 233
103 13
412 236
32 17
476 327
107 382
227 98
71 109
31 396
30 493
24 231
375 241
234 306
127 36
223 313
368 77
290 329
51 231
461 450
71 54
103 479
358 166
53 362
57 331
65 9
135 337
157 299
498 470
303 175
132 152
448 14
152 290
33 180
349 265
183 132
328 320
128 472
329 284
129 256
283 321
148 43
15 20
191 197
487 226
250 136
205 351
253 121
15 31
87 202
192 56
407 398
245 86
394 398
497 487
172 342
29 63
401 51
148 111
147 337
53 32
278 22
77 370
391 447
488 225
294 361
426 311
426 42
260 469
199 482
83 51
459 100
431 328
43 24
487 294
81 3
47 30
128 257
98 345
317 167
209 224
489 327
300 267
289 488
252 146
327 108
407 290
278 43
353 91
483 265
207 453
468 323
168 367
177 405
204 106
95 123
170 60
68 403
329 397
12 258
268 135
323 341
108 445
266 390
394 358
214 308
251 26
252 170
35 376
163 187
376 439
353 15
395 154
454 175
36 189
422 249
47 419
86 321
460 273
239 158
417 321
167 165
99 283
473 294
407 4
358 155
488 481
45 483
101 162
260 300
134 33
280 179
306 48
118 468
317 151
136 63
171 96
497 373
233 40
448 257
140 414
182 198
40 272
376 367
281 457
438 122
393 91
102 369
185 389
228 484
98 230
43 205
10 18
43 238
419 352
71 90
80 217
287 365
426 335
351 123
176 231
461 235
391 229
278 106
141 275
365 328
298 82
55 54
498 334
321 404
82 353
144 413
72 141
391 226
189 57
242 496
123 323
342 19
464 421
354 307
388 420
250 80
219 474
371 225
304 190
259 110
286 499
32 274
478 308
169 347
169 382
117 248
135 455
223 346
16 221
332 411
312 38
304 101
60 248
391 83
320 297
174 359
254 233
75 366
206 289
146 340
153 475
468 251
187 129
132 274
273 274
344 49
325 375
180 290
329 378
246 198
407 146
143 91
498 464
366 435
29 223
400 361
162 391
263 343
336 37
88 203
342 479
444 401
67 456
464 56
199 247
243 63
317 51
198 377
4 5
363 175
425 55
425 496
215 1
371 310
413 167
119 458
421 441
454 248
231 452
122 450
257 185
442 338
270 329
385 286
157 334
361 368
315 251
15 378
458 371
372 113
378 77
64 303
393 174
28 25
240 447
98 200
122 424
422 40
10 406
485 251
333 422
310 483
140 98
121 183
275 457
51 456
352 43
278 7
166 221
407 79
472 26
257 344
57 490
88 62
301 372
352 223
389 356
358 44
238 23
434 203
346 474
97 178
134 354
441 482
66 145
351 1
384 180
387 72
87 69
16 249
161 473
51 469
395 388
329 384
378 197
82 350
418 355
88 177
19 146
286 13
117 483
117 460
278 350
168 11
473 291
232 143
499 248
104 227
24 139
257 199
241 203
324 235
371 339
86 449
317 154
81 57
148 304
468 42
97 450
287 146
314 89
458 22
438 69
139 192
206 165
424 441
338 349
430 311
118 170
212 309
322 493
53 172
132 53
121 49
406 236
92 398
419 444
281 448
267 118
55 367
42 258
33 463
482 90
226 297
98 176
302 367
173 175
433 169
86 151
4 398
475 125
347 455
212 337
173 498
79 256
272 128
19 231
303 173
487 422
71 101
9 394
135 429
378 16
183 79
467 220
88 42
489 76
138 269
406 411
164 105
476 342
426 489
94 0
350 333
138 77
189 473
288 143
248 160
439 181
12 19
464 70
397 247
79 370
268 316
152 371
170 10
163 61
380 162
303 156
183 326
90 85
426 289
156 326
368 165
410 317
292 359
203 16
144 247
115 298
22 237
123 350
60 413
368 42
224 278
302 452
24 467
80 428
279 465
422 19
151 78
425 260
122 447
193 336
258 131
109 47
319 445
62 114
491 468
57 444
159 348
493 441
51 3
295 158
377 493
354 403
129 69
93 315
303 412
380 288
172 129
294 107
192 159
439 90
151 102
422 462
136 386
143 248
491 347
497 365
58 99
490 52
399 5
16 489
50 342
449 328
176 71
455 100
412 230
403 94
392 189
305 295
498 477
122 17
26 489
47 408
222 57
8 457
341 190
270 404
488 118
490 480
333 10
418 25
22 113
464 68
263 121
390 276
339 183
164 392
111 468
474 268
231 10
273 218
271 306
169 41
317 226
114 329
342 23
244 77
84 420
485 427
414 219
184 477
229 164
179 299
384 136
405 135
334 439
385 141
53 241
269 362
240 74
168 165
356 105
19 115
274 100
276 345
149 287
398 291
137 3
25 326
56 281
2 331
336 254
150 276
53 380
356 213
397 261
45 219
169 50
290 430
474 68
174 185
332 393
161 151
112 41
371 197
495 489
121 456
350 270
180 417
208 384
472 57
373 431
214 429
149 367
147 372
336 27
93 253
116 458
137 139
257 313
72 388
244 342
48 98
364 230
112 450
79 87
181 431
288 52
358 336
402 434
209 491
105 287
87 76
188 55
171 240
233 82
305 182
208 267
223 325
81 109
405 93
277 178
319 216
351 275
166 68
100 56
478 96
287 172
475 80
25 388
393 456
245 469
20 112
454 294
61 317
375 98
30 400
192 323
255 356
179 311
44 71
113 195
482 365
118 168
131 264
3 292
58 17
218 355
431 278
459 311
462 383
83 164
391 454
83 209
381 366
13 334
441 353
263 485
167 431
67 364
465 490
14 166
335 196
481 104
78 91
445 232
473 151
421 156
453 323
138 69
398 349
389 225
260 156
323 456
395 265
447 192
254 304
404 423
469 279
182 434
238 411
420 447
320 490
96 7
172 308
203 150
314 435
293 292
340 43
333 122
464 155
444 208
162 291
91 430
231 59
107 366
38 442
334 426
205 263
127 92
257 67
368 154
209 494
18 3
232 154
156 66
278 351
148 12
145 380
330 325
290 294
358 193
215 273
471 202
190 88
304 114
420 0
149 80
407 15
225 118
46 26
194 379
13 174
228 462
180 131
218 343
207 458
401 212
369 293
355 324
44 481
121 131
141 105
279 280
186 155
477 490
375 443
445 400
36 219
96 474
49 454
201 449
368 488
353 374
402 413
326 208
347 333
94 6
18 266
193 16
164 75
92 28
412 321
150 241
381 427
217 132
229 323
386 401
243 48
93 289
212 136
218 10
238 449
230 63
269 102
477 12
159 97
127 308
436 367
489 333
142 154
402 162
347 143
256 273
8 262
288 238
418 478
221 311
485 158
485 460
433 334
185 449
105 209
305 98
20 435
150 112
182 187
317 163
77 303
199 275
356 223
350 136
36 88
413 90
17 293
201 298
53 417
196 276
124 169
52 49
247 119
405 73
483 126
147 182
169 237
93 273
307 198
64 361
458 466
446 278
365 29
96 64
277 311
244 491
59 189
231 274
416 304
191 164
317 183
120 88
201 477
371 286
324 443
52 45
88 446
218 267
367 236
355 143
265 16
402 337
128 277
96 112
358 472
371 123
334 255
97 401
230 372
143 148
449 153
302 83
347 119
187 255
114 453
87 442
407 87
72 47
479 462
193 346
434 238
106 39
210 279
256 404
278 128
201 227
279 308
340 75
214 170
360 300
325 106
142 64
340 180
245 350
95 262
86 294
487 143
324 409
198 60
80 39
77 291
309 2
445 282
420 11
346 424
106 396
87 154
28 167
52 28
414 206
454 159
103 260
125 288
174 370
209 47
394 12
427 314
320 310
362 188
318 9
143 328
134 236
243 8
419 340
248 41
87 457
42 197
363 365
456 46
339 114
424 162
457 317
357 68
49 484
1 467
111 73
176 337
83 214
173 421
67 348
143 466
157 482
238 189
344 395
457 316
158 275
50 249
317 263
0 70
394 65
363 359
146 306
88 174
438 223
57 403
214 136
484 432
360 89
279 284
340 29
129 96
267 155
114 430
276 443
467 342
321 352
363 22
375 497
20 272
78 279
52 303
205 74
335 485
316 211
480 390
437 154
372 463
447 183
64 293
25 265
36 497
296 159
0 326
483 49
258 277
182 272
269 119
284 111
26 363
122 325
179 198
335 83
73 256
22 98
7 79
105 197
366 451
492 304
273 431
485 360
318 179
190 153
376 458
153 492
279 355
351 91
101 161
407 262
170 346
455 323
105 296
418 253
402 163
484 72
342 367
262 292
203 295
159 278
196 403
233 7
490 0
396 176
306 13
357 427
435 306
474 466
330 273
412 87
337 184
332 123
400 87
118 391
309 322
24 89
439 463
400 126
74 315
155 24
407 464
83 348
160 423
268 317
312 130
56 440
466 287
29 303
489 77
404 89
202 58
72 24
436 13
208 423
29 123
5 78
26 274
353 333
416 312
426 406
342 146
238 267
112 248
115 137
40 330
464 396
118 237
400 457
79 102
62 225
179 29
380 329
68 369
312 365
476 223
401 357
247 3
337 119
488 196
141 236
269 148
338 186
382 261
49 467
222 174
77 139
354 443
222 442
213 19
73 346
274 25
55 212
108 163
319 470
188 411
187 287
388 327
317 128
432 477
48 157
338 14
102 495
159 393
203 106
344 14
488 80
99 386
298 395
374 163
350 219
215 434
230 149
334 106
230 276
178 242
263 170
312 97
454 413
173 272
356 429
14 471
481 438
180 10
48 391
459 323
394 494
143 446
326 379
8 319
0 176
363 114
434 97
254 125
258 172
340 211
207 176
187 62
426 119
91 259
146 80
336 90
181 86
280 42
134 370
368 316
474 281
472 357
277 388
134 447
40 274
327 345
205 425
413 281
451 37
424 252
60 168
10 312
443 367
254 239
36 411
291 385
380 451
408 17
247 217
481 382
302 257
318 141
213 8
2 116
489 399
194 232
27 327
147 423
258 230
412 8
232 463
266 171
317 158
72 494
429 56
195 13
65 281
146 102
334 82
368 466
392 301
222 400
445 421
4 365
13 2
475 310
15 44
23 293
152 436
347 291
126 147
257 122
186 480
359 69
197 384
190 169
183 212
300 272
338 241
210 187
428 332
193 387
339 89
102 10
460 137
390 123
164 29
85 234
14 185
199 291
252 364
319 199
425 291
449 246
342 235
28 284
366 411
359 88
226 464
24 235
109 30
288 390
246 304
15 104
367 208
83 148
390 30
0 405
211 172
281 279
445 416
277 129
60 11
106 65
273 42
253 39
326 436
104 283
171 246
238 317
64 195
376 180
142 108
187 353
227 198
136 243
113 44
330 203
79 224
419 416
195 461
192 357
467 358
290 303
212 299
185 72
443 439
357 295
123 165
33 408
439 395
420 463
119 241
139 181
239 63
39 128
265 298
309 354
216 321
134 128
50 223
313 34
319 166
308 9
434 202
54 358
148 402
250 467
258 181
315 203
70 287
75 343
443 221
476 217
299 98
286 108
240 443
435 332
80 437
20 224
495 130
248 460
228 94
458 6
67 339
411 347
159 19
437 161
441 236
82 326
227 355
499 329
271 193
345 244
142 411
176 260
338 21
79 128
199 172
491 391
66 137
25 126
319 369
56 12
348 432
207 492
313 386
91 387
4 40
299 184
80 298
316 269
60 346
347 222
60 392
406 197
470 222
126 357
454 23
43 213
137 469
2 71
262 265
115 498
498 12
309 233
318 459
172 470
81 443
432 420
496 319
8 342
302 281
358 282
222 409
445 433
452 221
423 440
85 345
460 54
152 64
82 4
407 81
247 18
167 485
471 220
89 424
246 79
41 421
345 124
244 493
378 388
311 479
373 356
72 97
381 282
148 288
494 484
476 56
74 475
169 163
218 206
35 64
491 442
26 30
324 132
18 484
223 227
228 48
388 184
254 96
335 467
77 461
365 404
237 170
80 55
129 345
112 163
59 8
44 144
145 462
100 118
474 83
160 249
421 163
400 252
85 468
126 111
492 452
87 312
294 420
233 248
225 127
52 87
79 51
220 198
148 32
22 430
402 83
278 10
389 320
272 377
125 140
362 494
173 218
425 83
83 211
263 64
387 464
487 109
496 345
392 451
196 120
90 98
136 352
411 393
354 139
137 98
29 283
430 136
170 391
350 381
231 281
8 299
467 388
366 45
308 10
200 457
235 326
394 472
308 188
212 256
383 42
60 372
55 145
240 140
145 453
178 223
263 293
236 433
427 460
100 178
103 319
118 106
308 369
17 491
467 433
220 212
200 158
185 341
172 466
481 348
404 373
379 172
297 365
319 127
410 92
99 101
68 280
99 77
262 439
253 476
361 308
165 415
167 263
444 395
332 121
4 305
278 23
447 351
321 93
423 395
277 19
173 271
19 30
32 94
335 483
424 6
219 408
442 177
373 387
200 56
393 382
53 88
76 287
255 269
348 443
148 356
328 138
246 331
50 40
266 132
163 348
389 343
342 76
2 458
268 285
29 369
201 124
253 389
193 187
20 206
378 370
41 466
238 457
24 3
239 145
263 257
166 259
165 365
88 59
377 249
378 167
470 230
463 438
351 147
238 10
260 138
125 220
480 325
422 340
317 6
210 309
366 390
229 217
101 346
54 136
298 318
44 431
54 149
265 108
57 425
148 365
439 79
419 147
330 152
227 30
388 464
460 185
45 21
177 249
257 82
75 349
392 376
306 331
271 19
120 136
228 101
3 184
353 77
104 484
314 495
168 465
24 439
308 344
279 371
72 173
347 81
368 289
418 498
51 279
210 415
115 201
426 100
237 384
378 65
435 98
327 118
21 234
8 254
91 487
446 13
45 102
160 204
466 25
311 56
296 424
37 184
143 114
486 451
6 154
67 9
362 401
436 189
392 421
18 336
111 376
69 215
477 94
56 138
310 160
1 6
73 55
248 44
90 120
246 394
249 231
482 402
140 279
451 409
150 33
322 445
467 161
170 406
235 450
226 430
48 405
154 249
383 79
480 333
250 243
244 52
347 253
233 237
56 234
118 250
454 94
432 298
175 130
270 433
332 223
428 50
374 249
147 455
344 457
375 495
302 363
389 446
489 231
310 163
48 97
187 482
489 481
381 413
9 98
184 209
371 24
156 138
325 15
477 240
214 255
446 307
56 390
87 239
286 411
478 249
284 426
98 270
186 401
23 116
48 237
168 442
232 322
7 145
110 249
125 90
6 105
152 220
153 76
89 292
331 62
79 297
327 278
324 306
339 48
493 205
467 108
230 120
63 203
131 437
301 70
451 333
157 229
385 232
196 78
429 55
423 51
122 446
280 246
487 392
317 290
51 20
375 344
387 222
30 85
73 378
184 309
369 46
401 148
277 437
384 258
34 191
344 152
304 19
302 326
465 287
488 450
433 332
398 476
490 247
261 452
51 263
272 193
319 414
124 190
3 108
461 362
202 91
498 475
336 378
414 191
73 477
348 386
293 482
281 390
352 405
214 117
404 372
472 292
489 215
156 48
249 294
3 15
194 215
356 454
345 5
229 66
160 49
330 20
136 73
125 205
233 272
163 347
350 3
156 80
207 195
24 239
303 89
131 206
341 327
406 499
148 494
208 252
265 104
49 46
179 185
19 390
142 294
440 320
36 74
18 104
457 112
137 426
135 63
467 365
77 25
54 367
31 242
441 125
166 194
401 366
201 434
348 436
326 445
171 219
269 136
329 266
355 315
148 70
71 265
121 382
452 401
276 6
80 358
111 416
224 465
147 313
4 470
89 115
490 269
256 275
171 438
451 63
359 29
233 185
470 135
213 428
449 132
111 90
96 225
78 243
287 454
39 297
70 478
483 432
121 107
109 386
127 109
137 161
17 429
120 441
426 102
257 95
77 263
333 5
37 496
164 226
26 252
443 327
425 110
376 44
464 344
307 498
24 301
428 21
47 107
186 383
189 444
56 448
283 73
46 255
43 429
227 131
462 15
239 142
467 389
13 141
34 406
182 389
233 483
316 70
59 261
422 337
303 16
398 458
466 488
60 116
438 338
128 451
338 372
341 273
64 413
309 191
423 422
474 283
57 390
367 305
369 297
248 113
333 132
379 484
486 244
72 478
238 212
126 426
330 442
28 233
491 149
276 347
480 152
312 194
467 240
197 137
141 405
417 20
164 28
131 365
394 85
457 135
298 315
91 71
85 478
485 278
490 425
492 471
349 134
168 225
355 156
419 25
98 95
495 479
100 317
44 402
87 327
210 159
290 66
251 458
298 309
393 12
284 375
258 13
286 33
218 123
132 210
487 186
80 139
93 378
393 365
257 454
398 252
417 92
434 142
27 7
38 177
432 199
182 102
165 135
56 204
253 13
253 387
183 370
430 68
187 79
87 82
12 185
309 90
171 30
189 33
363 35
10 310
384 233
357 253
100 467
11 191
44 47
121 56
304 6
98 43
66 152
384 439
280 230
43 234
351 416
139 23
394 11
254 186
448 68
132 225
359 162
174 239
150 47
273 438
335 305
148 409
231 253
148 453
190 397
111 362
41 173
209 98
139 256
251 367
97 433
328 95
480 230
362 225
344 439
232 35
358 403
450 111
388 226
398 8
436 403
185 210
55 197
283 452
239 76
70 203
88 32
483 411
355 359
357 373
40 245
33 230
122 228
187 277
58 300
158 386
161 281
168 164
259 453
410 188
345 67
377 178
481 192
351 360
123 219
165 369
198 322
232 107
362 361
452 358
154 238
298 330
272 498
446 470
270 59
8 242
283 182
313 453
418 298
435 463
8 190
488 179
429 296
266 129
360 59
403 385
350 145
54 110
491 138
442 281
388 40
66 440
175 272
191 366
25 39
250 240
456 361
348 12
60 69
177 325
32 226
269 172
45 88
249 341
439 108
447 398
159 50
123 345
74 102
453 281
151 154
147 426
377 404
88 451
38 30
421 36
190 389
311 497
82 491
340 309
314 146
103 170
315 446
338 226
457 499
85 218
39 476
398 90
311 97
36 339
428 31
337 287
322 334
300 63
168 271
145 202
441 101
217 402
33 236
320 59
65 476
74 347
323 359
106 56
131 452
103 76
213 181
242 202
322 394
131 447
422 465
205 195
232 383
204 219
129 3
25 308
213 32
142 236
383 269
498 83
268 326
272 266
125 445
162 191
241 373
63 272
196 357
470 379
119 203
268 366
368 87
286 302
325 433
328 175
296 441
305 67
216 24
322 325
192 230
479 36
461 163
395 390
8 203
281 174
447 136
432 104
11 132
341 378
156 120
176 382
478 0
392 365
32 296
204 38
443 288
72 34
64 223
100 121
272 149
269 214
0 157
11 291
37 273
191 144
135 443
291 439
104 39
180 397
365 162
466 198
308 266
51 23
182 135
37 328
216 227
10 484
149 301
491 233
43 276
78 482
47 482
176 309
272 499
376 175
498 109
149 86
81 215
298 103
72 292
4 127
474 410
178 453
116 218
113 338
184 68
416 183
467 61
329 128
378 90
281 303
477 329
324 65
235 337
176 362
423 100
319 64
263 309
115 341
198 3
210 243
182 428
106 447
46 340
288 123
260 267
8 474
333 403
156 404
226 129
96 84
210 262
62 431
7 459
381 422
391 345
351 23
375 188
433 479
211 108
67 360
399 11
436 499
351 21
224 71
291 336
130 241
373 278
207 183
50 380
206 188
139 305
116 322
240 141
432 468
187 136
123 154
270 409
342 267
339 441
408 274
19 95
216 363
285 50
450 118
167 273
84 183
369 458
200 136
412 186
193 163
203 353
331 476
123 477
390 238
317 66
359 331
312 372
369 302
140 327
55 3
43 196
438 402
387 409
469 415
244 383
275 260
359 348
484 426
35 238
360 221
177 116
496 282
255 483
25 35
450 481
167 437
38 107
113 417
57 75
163 151
259 295
328 348
375 462
468 23
292 213
33 319
156 481
1 482
447 63
211 285
195 165
335 428
329 199
251 254
197 35
49 482
342 333
183 68
301 96
71 85
250 486
86 208
436 440
301 296
486 41
79 437
305 65
458 50
281 430
240 279
18 498
402 306
77 115
418 219
72 212
196 388
274 24
5 321
237 101
109 345
235 26
142 322
325 289
90 338
423 462
466 438
137 141
153 427
170 435
178 246
52 55
122 361
453 211
8 325
347 473
478 296
15 134
430 337
209 406
62 161
246 416
259 489
0 56
113 321
99 340
15 82
203 95
371 61
188 419
59 452
307 118
371 429
286 189
138 256
394 110
351 290
445 21
466 316
358 399
17 222
197 321
427 344
167 461
119 474
4 377
75 487
152 56
166 291
110 487
344 258
410 42
217 189
496 445
121 8
142 436
227 161
265 118
21 379
159 380
372 261
167 137
438 95
112 212
266 53
196 144
420 250
410 497
142 293
50 188
356 10
249 430
335 304
336 119
454 28
88 275
279 376
158 109
161 169
61 276
133 234
279 238
467 64
87 109
214 348
181 210
345 208
449 170
15 141
311 36
169 21
98 290
342 52
466 24
491 438
239 93
117 2
72 209
58 240
359 229
309 152
383 409
75 69
277 172
79 142
202 391
351 408
452 483
121 217
384 296
109 213
489 371
183 171
469 388
166 247
140 176
452 447
342 280
181 148
96 136
9 152
94 466
297 78
173 370
428 150
422 139
79 331
349 446
188 110
414 150
249 387
353 469
173 105
148 277
474 384
259 76
230 170
400 61
302 464
372 137
441 192
390 335
333 409
206 227
161 81
245 126
86 470
222 358
250 137
96 420
200 39
14 103
270 369
365 48
19 341
280 370
227 286
471 31
158 228
52 457
379 171
456 189
263 107
208 92
210 241
251 274
190 354
483 211
254 39
181 350
480 317
427 411
188 132
8 288
144 313
167 110
190 472
397 263
27 92
43 497
448 148
22 138
258 105
134 152
467 137
425 383
177 71
454 266
80 187
275 209
458 31
180 288
360 450
478 299
475 395
225 479
316 205
163 179
81 47
226 467
27 219
49 264
405 435
8 193
233 167
340 203
283 110
185 70
395 474
73 338
287 402
339 163
145 309
276 382
149 422
498 390
348 305
204 357
214 119
118 21
136 480
269 225
88 227
142 208
354 88
383 22
354 426
33 151
33 296
475 286
241 230
187 327
408 58
143 171
490 462
437 239
21 0
287 261
120 40
218 62
275 286
436 135
254 185
363 361
319 117
190 264
279 94
208 413
496 481
61 411
62 373
114 191
176 355
117 432
479 310
434 44
482 283
366 292
273 362
220 245
110 65
137 279
454 116
294 331
256 353
459 388
308 190
260 443
374 453
423 114
384 285
238 104
378 447
169 37
330 327
205 109
432 471
465 33
139 145
449 413
89 42
6 20
73 482
198 191
312 271
454 463
440 402
354 492
370 350
273 245
6 144
486 378
466 452
102 394
71 272
62 266
318 166
388 202
351 104
357 169
208 167
80 494
265 320
386 21
452 499
57 285
100 454
249 467
16 134
311 66
149 274
269 391
417 478
49 330
273 51
45 146
107 337
164 39
21 32
383 315
438 285
250 481
370 30
348 268
365 329
313 322
327 469
201 450
174 473
422 45
227 467
261 135
257 214
276 338
403 78
111 54
191 384
388 101
331 484
182 346
333 434
128 238
6 467
199 188
11 190
285 9
52 453
89 344
51 256
397 378
319 313
452 67
38 75
30 66
149 181
392 105
224 350
405 232
422 392
329 8
277 72
295 340
45 391
352 227
392 279
391 499
130 85
60 397
457 287
361 32
0 80
12 395
463 5
338 11
478 270
198 152
213 258
59 75
488 53
47 336
334 216
201 254
26 147
202 355
319 12
252 396
123 255
214 433
411 409
253 48
47 471
383 288
233 81
104 160
334 201
190 233
162 137
94 309
50 319
51 295
100 446
384 199
384 363
172 495
446 384
378 305
54 146
191 409
59 41
292 260
193 294
395 90
422 76
268 75
277 446
322 464
242 116
7 376
46 101
428 395
478 499
14 130
402 424
76 191
29 160
85 283
387 333
123 417
86 281
352 181
56 94
125 171
265 372
270 212
475 34
287 461
75 314
332 113
195 41
153 5
256 180
231 361
432 295
290 155
270 214
414 261
379 402
83 40
216 351
302 332
209 1
190 327
108 484
143 124
309 238
493 187
382 166
413 75
311 148
240 194
374 293
491 429
418 423
433 196
20 142
284 412
199 463
181 448
2 88
468 303
75 473
381 191
259 420
194 179
404 315
28 393
267 350
404 66
395 150
321 146
487 286
187 162
322 230
240 304
238 374
115 175
376 123
419 499
54 211
433 279
101 302
162 239
236 473
337 113
349 464
438 172
404 65
84 482
448 473
281 224
369 130
234 327
255 33
450 255
419 6
361 166
329 161
344 90
59 430
156 38
187 305
42 360
214 107
27 322
361 445
423 163
271 410
343 136
85 258
48 438
424 289
204 246
143 101
154 21
5 482
306 322
313 427
48 119
127 155
475 439
183 194
126 130
208 363
349 204
384 427
58 356
79 493
469 152
174 111
426 458
40 429
493 110
344 140
202 398
325 123
19 295
407 362
78 495
181 57
414 147
196 494
10 209
491 302
175 10
10 173
20 347
260 169
258 38
481 8
365 451
0 290
235 165
149 457
428 216
431 381
352 484
89 466
456 140
223 369
381 70
30 410
176 342
162 328
296 497
39 47
203 53
219 85
48 432
72 150
453 437
361 244
325 214
382 216
60 440
117 110
301 256
71 382
140 191
314 282
185 498
259 235
40 316
472 352
453 290
321 314
236 498
45 362
146 339
41 176
485 69
75 97
184 234
212 241
164 147
92 415
475 436
233 219
496 82
414 304
12 144
126 452
172 132
169 386
63 40
355 475
127 355
186 286
115 75
449 11
56 214
196 186
391 236
411 489
67 96
353 279
84 210
23 64
298 219
101 358
493 395
205 51
253 307
176 106
7 118
295 111
258 432
339 110
207 426
381 66
460 259
378 146
62 163
95 348
327 414
97 4
89 17
219 489
119 301
424 84
27 73
356 91
213 131
388 238
372 401
74 53
304 206
73 17
428 357
227 208
438 250
361 333
160 17
425 267
444 310
317 39
7 204
471 195
421 177
51 251
253 284
261 167
359 456
103 193
437 142
495 485
312 54
306 427
171 360
68 8
4 337
129 118
160 386
76 8
34 31
453 104
191 222
371 73
111 291
282 18
198 157
428 75
63 90
328 55
300 102
409 410
404 472
391 129
348 472
286 281
291 40
379 6
129 79
99 257
359 394
127 135
61 350
240 219
268 0
95 172
168 326
371 413
10 31
262 493
413 10
63 8
185 368
417 203
126 433
415 367
393 208
24 58
0 472
316 191
199 418
482 139
272 374
207 103
86 352
385 397
483 323
48 192
332 47
308 438
202 177
350 384
6 410
58 316
419 154
221 302
283 271
289 35
95 302
189 186
4 139
318 49
13 389
451 34
413 230
498 151
227 475
232 66
322 161
256 382
270 256
399 192
280 110
317 14
75 392
2 152
430 205
79 125
194 193
357 414
364 451
317 266
399 237
44 415
111 106
406 42
373 258
498 145
326 103
238 183
420 275
328 325
39 322
446 480
422 103
294 79
54 438
103 296
299 435
128 263
402 268
389 328
24 316
321 491
284 456
19 356
59 82
485 334
117 297
131 44
286 173
432 200
365 323
424 3
202 234
400 17
160 422
150 201
341 361
496 485
28 498
107 192
18 68
449 467
367 426
187 402
380 40
192 54
312 341
383 263
111 492
325 392
261 84
366 57
282 436
312 117
196 62
489 28
109 352
366 289
424 229
135 488
413 154
449 167
295 171
276 160
204 36
182 385
443 323
360 321
431 24
201 427
428 390
480 146
226 206
327 220
76 131
85 105
491 290
5 44
24 411
195 256
3 26
115 87
224 56
221 264
431 212
399 404
54 338
65 122
180 250
44 49
391 125
428 93
103 209
422 287
65 149
130 193
76 57
187 467
81 481
118 148
138 288
312 244
246 493
188 255
350 495
97 300
96 183
233 203
190 343
254 276
237 72
320 435
406 491
308 66
488 436
70 393
335 462
41 499
390 225
103 386
475 403
387 120
177 341
184 238
40 488
453 397
405 243
258 133
302 395
56 98
145 185
265 40
47 128
436 174
248 169
33 346
366 163
104 477
160 293
61 362
257 446
475 209
191 371
6 124
67 11
292 346
59 48
492 127
404 464
187 140
334 394
383 247
283 103
497 312
445 384
112 235
16 192
92 460
403 362
71 248
433 439
18 248
335 99
450 218
225 414
312 34
162 273
214 492
231 27
131 315
141 315
350 368
48 450
238 197
216 25
107 13
252 15
23 129
43 255
19 372
366 331
291 214
31 27
467 15
208 240
217 166
193 171
399 391
358 43
84 362
472 169
194 165
219 356
177 344
270 107
468 121
482 338
136 418
61 142
346 288
340 125
133 65
221 394
388 274
353 315
72 99
144 223
78 343
314 134
165 207
174 50
461 160
405 294
80 219
10 73
156 396
340 160
286 96
133 468
415 351
415 455
249 133
145 147
404 452
116 430
307 304
222 169
76 327
380 1
117 424
276 436
15 159
384 8
219 3
433 244
89 400
91 182
241 484
412 168
158 86
473 241
60 399
242 372
32 142
252 369
231 340
69 231
325 78
445 167
144 108
5 365
216 465
250 466
366 245
117 160
479 203
363 6
314 0
0 375
220 300
209 206
333 169
112 497
458 39
381 397
5 106
287 367
343 356
342 152
137 355
413 194
481 4
2 41
193 288
255 224
373 331
91 81
464 431
213 467
175 223
434 207
110 483
8 422
378 411
94 110
344 297
448 375
122 172
322 430
467 300
408 441
40 477
231 389
296 112
42 484
497 474
464 50
453 153
451 49
101 275
189 43
295 63
21 341
57 370
379 52
23 216
153 159
121 34
438 441
3 343
313 205
104 90
408 385
70 366
480 69
366 198
279 325
137 80
253 279
53 27
431 51
313 41
326 64
380 354
136 195
172 167
447 262
422 361
220 229
234 413
407 445
383 3
418 19
193 389
470 272
497 169
270 126
318 188
75 260
187 252
66 478
286 42
295 385
413 251
486 213
381 415
479 53
267 84
283 98
103 257
357 344
262 343
434 450
296 30
202 188
333 4
65 228
270 164
147 41
9 481
52 252
260 335
66 292
400 236
79 382
109 439
12 434
24 142
444 447
485 478
97 180
129 188
179 253
247 260
287 43
66 188
386 368
153 261
181 317
267 337
358 493
127 464
208 222
329 119
283 333
143 332
311 377
481 47
302 280
230 186
401 345
357 233
40 73
416 303
409 308
392 152
374 471
167 149
418 248
483 384
88 102
241 495
87 135
80 487
144 450
147 72
277 71
379 406
485 57
186 470
395 87
375 385
372 286
416 405
161 111
24 379
423 168
256 411
374 424
467 262
122 329
287 320
390 210
340 27
464 329
75 53
264 262
13 260
291 426
239 333
366 81
490 410
412 492
321 453
76 144
121 92
228 22
34 194
91 230
358 217
16 70
38 108
147 248
190 16
436 434
183 419
276 377
369 178
373 189
127 86
241 127
354 102
409 302
223 193
207 336
345 465
48 95
385 144
74 429
35 227
433 438
77 386
447 258
305 124
264 298
86 219
359 28
355 432
292 211
420 120
453 241
163 219
498 453
467 441
240 416
59 137
143 364
359 278
106 67
31 209
80 336
494 176
322 363
310 436
25 26
497 354
263 30
161 196
179 11
479 423
276 152
468 192
338 177
101 235
195 484
1 257
307 419
300 190
94 20
365 489
229 418
348 221
292 443
214 218
6 170
427 205
412 383
281 73
133 228
348 434
160 425
166 42
242 164
355 107
175 230
412 198
79 290
415 305
220 279
190 200
306 119
332 99
329 283
149 322
296 173
127 20
76 298
22 445
76 391
211 96
245 113
453 53
191 227
275 3
254 114
249 348
371 228
265 373
352 269
277 353
224 484
78 430
447 294
197 487
90 276
200 241
391 36
35 395
490 9
175 433
292 423
483 72
57 281
233 104
253 252
15 274
278 354
209 16
247 10
480 264
132 427
435 135
304 208
24 178
409 340
311 292
380 30
425 40
204 5
187 61
0 129
79 276
360 181
125 157
60 385
291 45
222 224
66 9
490 218
346 68
249 61
50 122
78 133
242 9
40 231
296 87
190 37
476 160
293 337
336 177
428 118
378 239
300 24
20 211
255 400
420 417
391 413
195 287
494 459
241 59
146 156
463 406
42 120
410 256
143 257
479 176
314 280
361 40
499 94
160 112
115 375
471 455
202 136
203 198
464 406
106 273
422 117
439 92
203 85
339 196
240 6
31 100
66 172
461 318
252 156
266 351
42 155
205 485
219 189
362 110
403 83
11 101
16 145
137 323
315 186
483 443
153 171
13 187
372 112
234 209
267 233
96 114
412 439
124 489
109 478
90 293
143 266
409 180
267 16
314 378
347 65
416 256
324 467
304 350
279 47
474 309
413 350
140 435
76 382
238 53
136 49
421 304
333 253
238 325
223 368
157 141
428 143
292 244
355 339
338 142
410 265
27 205
73 65
332 464
373 313
254 193
328 425
230 490
477 69
447 287
219 188
480 256
68 496
225 36
346 63
336 64
294 492
165 482
327 167
180 414
369 403
361 387
481 491
393 177
263 118
418 375
91 269
351 349
462 71
77 249
299 332
36 122
101 38
305 418
47 100
490 169
187 104
41 341
134 282
86 265
480 105
291 147
35 96
401 28
313 347
473 274
212 164
393 360
329 271
463 191
419 116
128 309
417 372
498 473
270 202
262 27
344 216
359 78
252 188
273 433
317 327
294 320
147 25
435 483
438 159
310 96
268 22
279 215
453 379
401 388
37 286
28 226
382 222
23 76
367 350
408 84
103 302
453 209
132 137
216 388
352 228
281 363
450 357
346 189
461 253
285 316
51 154
253 245
491 402
410 129
426 457
346 146
213 447
484 144
22 473
319 453
464 164
191 3
1 118
16 414
44 472
482 106
33 423
168 210
175 406
133 241
221 205
294 132
190 240
312 241
273 288
438 8
257 28
88 490
190 1
365 49
241 443
324 42
475 216
397 66
418 382
330 50
191 217
70 204
301 227
372 4
273 353
127 56
386 64
461 288
245 193
468 439
152 54
43 54
94 141
347 219
21 200
183 3
473 464
248 224
61 233
230 234
408 334
68 173
99 490
49 448
267 228
78 51
93 430
480 422
199 333
12 109
79 38
313 20
69 39
71 186
320 362
23 447
133 244
467 359
18 381
279 43
167 469
238 364
296 251
76 88
65 260
235 457
288 141
163 56
167 243
83 7
315 438
363 248
186 277
71 173
497 431
284 95
137 475
367 391
216 328
300 281
271 92
411 403
298 380
233 474
158 258
241 72
143 23
374 294
361 225
450 13
481 318
211 381
427 154
413 422
356 37
417 194
428 108
166 209
117 242
61 31
406 17
97 202
260 144
218 486
149 294
91 186
334 81
93 464
18 404
216 459
13 356
127 175
30 329
8 471
122 176
295 193
431 369
382 416
374 203
30 185
390 426
345 331
163 24
231 39
18 23
243 276
295 282
414 499
223 110
41 215
498 312
440 90
314 23
27 199
213 229
269 169
57 367
406 196
16 481
402 463
425 348
334 259
469 427
454 469
274 84
377 181
354 345
250 219
18 123
278 465
292 31
309 417
172 295
60 150
195 150
235 423
34 117
200 275
179 328
363 364
128 324
265 42
424 489
447 466
52 392
330 286
10 360
42 448
136 413
271 26
479 241
62 179
2 32
337 142
448 186
365 92
156 0
288 197
458 210
334 210
154 458
403 415
358 395
74 460
121 282
226 382
349 29
33 215
381 276
238 41
190 157
493 118
463 297
16 472
220 281
468 112
301 161
399 131
164 232
452 139
327 447
363 495
109 153
289 112
276 60
169 449
162 121
271 152
116 479
85 246
285 108
22 199
196 57
175 296
238 477
104 7
131 11
288 129
312 188
128 438
483 391
254 209
269 43
244 437
115 165
240 272
191 95
348 495
412 78
77 137
463 211
379 413
274 95
170 498
123 69
486 458
381 170
288 331
220 396
55 243
193 490
486 307
57 104
93 182
484 174
150 49
13 383
317 149
429 203
123 223
51 179
346 499
70 156
110 402
386 3
262 268
171 477
324 118
113 312
29 401
346 371
58 335
191 139
75 201
151 82
45 363
68 101
201 33
363 484
363 423
491 187
43 331
340 54
409 489
434 467
227 217
412 64
23 440
111 321
467 340
36 389
90 28
393 156
228 307
393 361
474 58
290 481
41 391
484 384
386 91
195 192
164 395
473 29
339 358
215 216
339 226
468 168
424 344
494 57
378 60
276 180
99 89
173 281
168 422
276 334
184 247
54 105
352 97
145 302
230 97
387 364
212 144
180 20
454 132
15 400
280 353
137 4
119 332
286 163
313 216
320 147
250 292
237 105
443 187
472 47
419 85
145 344
100 388
230 295
316 102
247 145
266 358
248 348
377 466
31 116
5 374
295 290
36 258
326 291
287 169
124 160
479 92
487 160
464 228
75 129
270 359
110 277
419 440
325 69
48 406
61 178
360 40
266 352
268 218
128 430
366 93
47 373
220 411
129 46
248 198
166 383
102 473
49 191
186 8
331 426
204 49
281 144
267 72
125 305
338 291
410 135
235 294
107 23
192 43
336 92
180 116
302 112
7 133
327 395
49 440
328 290
468 400
431 435
289 194
413 48
102 341
462 397
9 262
358 41
58 320
65 69
474 142
454 379
330 130
396 342
91 423
252 53
453 366
195 187
93 499
469 195
258 472
475 90
3 326
181 146
75 467
104 291
131 298
235 79
81 150
433 472
410 74
225 249
80 345
90 231
117 321
456 203
240 130
155 409
393 51
477 237
487 176
360 429
73 187
368 355
73 233
300 271
334 444
317 493
34 385
171 326
221 181
448 251
173 330
31 368
227 336
415 277
309 220
344 169
27 222
246 87
35 119
60 212
14 104
101 393
225 183
65 438
412 234
146 36
38 85
155 151
278 177
24 492
291 226
348 498
111 348
297 231
341 383
141 253
183 363
318 32
297 125
440 213
12 229
273 239
384 202
374 11
404 354
133 223
425 203
172 378
166 317
61 154
186 44
291 357
488 30
89 498
200 474
499 490
353 452
62 72
260 141
227 23
330 408
64 338
196 125
484 147
353 475
232 286
465 410
177 239
46 322
286 450
465 252
122 221
374 337
367 164
360 247
454 460
65 409
283 218
472 450
284 91
46 243
134 129
211 44
429 196
495 6
116 130
421 64
84 151
494 401
482 55
171 55
6 472
195 193
417 190
348 210
246 351
453 19
265 7
403 392
5 386
369 413
58 373
307 1
236 454
112 343
301 174
64 92
218 133
128 0
14 137
171 46
273 470
311 161
145 352
112 37
395 215
494 9
324 207
76 469
173 381
61 290
68 178
171 381
100 495
456 125
405 205
495 147
489 135
258 137
459 335
446 32
34 461
199 52
421 219
465 304
30 472
481 66
43 27
183 318
267 196
410 228
486 430
473 132
37 382
385 362
496 243
350 235
77 28
423 61
399 364
286 268
210 94
385 131
487 55
304 301
410 295
289 77
21 438
126 431
117 451
205 378
146 285
262 148
325 264
299 135
161 204
348 423
66 205
163 6
333 302
375 168
77 301
243 22
481 7
474 187
446 298
138 189
241 63
479 445
346 472
270 362
407 182
218 12
78 208
309 78
125 256
383 77
63 388
458 95
199 49
43 377
192 374
255 185
260 406
293 378
62 252
214 234
97 330
329 281
266 396
261 385
93 387
58 482
178 275
77 346
128 371
123 401
439 58
117 298
250 215
322 395
140 452
437 123
202 369
260 333
74 73
144 163
212 223
487 50
458 35
364 250
298 291
52 165
243 123
212 118
39 408
267 115
248 88
30 181
258 237
468 106
151 409
143 129
316 443
483 213
490 357
398 332
194 489
339 435
272 121
461 80
222 30
270 302
214 345
312 37
423 19
495 297
151 95
233 252
304 284
222 176
296 490
237 470
458 403
128 51
343 303
227 378
92 372
300 274
93 487
13 481
262 196
411 204
52 424
165 42
26 280
322 250
95 469
469 11
219 231
261 103
158 84
164 5
181 254
100 97
291 348
256 325
216 61
99 316
268 426
483 218
140 396
250 244
458 136
360 449
21 22
25 186
397 203
457 351
392 50
425 488
446 420
455 356
70 330
351 160
257 97
62 339
351 124
331 255
249 43
269 260
475 494
1 254
27 360
489 112
251 172
45 492
123 228
156 433
102 296
161 148
40 27
227 389
129 39
471 389
62 40
305 169
117 177
25 119
448 130
307 59
419 178
444 53
95 248
350 313
415 289
423 161
220 256
402 308
229 427
21 364
173 276
133 335
247 180
438 482
231 317
227 400
194 354
392 352
313 469
125 272
488 256
228 141
155 478
9 215
169 70
483 402
166 158
1 85
332 183
371 378
345 494
162 27
352 459
298 177
15 393
270 52
225 108
217 69
480 79
369 396
267 249
461 19
390 60
179 100
272 472
92 194
60 264
307 94
261 67
425 331
396 253
44 234
380 479
104 13
373 122
20 113
45 393
402 15
211 192
316 149
262 320
425 212
426 263
466 301
423 364
493 472
189 367
207 389
2 477
192 84
283 264
455 159
63 317
273 49
218 372
392 465
271 241
253 372
222 467
382 250
112 228
492 495
327 221
237 116
283 79
220 360
281 289
390 12
210 403
293 484
213 52
422 300
484 255
202 406
453 138
303 216
25 243
77 352
27 486
265 185
428 374
241 97
419 199
374 10
399 285
235 201
167 101
126 182
275 310
148 348
106 48
84 468
441 242
283 361
498 130
398 375
250 195
486 248
107 371
155 238
44 441
111 414
479 334
171 78
380 457
106 461
284 266
185 227
444 316
49 114
363 97
295 315
86 495
149 320
392 53
440 135
281 403
361 402
337 477
251 90
416 424
386 193
464 57
428 233
112 132
52 209
429 263
344 366
406 309
331 456
198 83
496 198
154 354
42 384
387 306
346 107
394 53
34 357
189 260
442 391
257 309
305 345
236 104
242 460
459 226
265 437
174 43
476 12
485 187
399 123
51 91
5 149
