500 5700
247 77
368 224
340 191
74 250
14 349
133 12
131 487
320 115
365 477
189 204
413 94
84 95
101 312
212 76
452 174
319 486
115 321
381 227
120 242
205 32
193 329
121 414
87 499
172 277
183 355
210 207
498 355
188 399
17 331
276 182
26 344
174 119
336 69
376 97
292 302
363 215
362 160
216 490
275 149
466 14
217 246
276 217
313 437
311 239
332 486
377 318
74 68
135 491
155 124
123 59
121 296
129 481
144 294
346 371
175 73
186 287
82 47
138 214
22 80
478 401
127 232
469 48
378 162
263 144
186 390
406 298
287 494
114 390
126 156
2 492
321 263
211 438
18 280
445 457
245 456
347 98
461 346
134 405
167 277
285 28
269 9
51 490
209 117
41 19
444 439
371 125
105 17
145 55
227 112
284 249
406 368
260 183
437 55
312 359
6 63
243 426
241 115
108 291
0 154
201 477
489 330
458 260
468 241
274 366
334 271
133 318
216 269
470 313
189 407
499 475
342 367
182 183
66 82
145 142
121 255
212 268
241 280
291 86
170 164
23 280
174 59
314 3
161 170
463 154
80 390
450 132
170 315
139 368
398 429
361 459
239 258
235 176
340 196
160 137
444 45
494 102
56 174
368 447
416 13
359 349
2 128
110 319
371 200
440 108
249 81
177 24
239 284
310 78
70 288
87 85
277 150
213 100
364 499
79 28
429 237
322 294
478 234
71 117
472 349
103 129
18 437
47 80
376 155
367 441
216 238
387 136
226 332
483 273
230 110
261 421
63 295
196 458
15 129
33 206
405 121
4 443
432 76
7 67
222 398
381 50
487 7
259 164
175 492
112 156
358 221
470 149
197 382
341 424
208 202
98 4
398 412
147 422
341 144
216 61
224 84
276 440
417 32
320 163
263 473
255 126
60 24
55 44
227 133
136 334
305 48
136 168
350 490
496 115
140 103
5 286
431 95
275 228
349 243
194 279
115 20
161 181
499 36
205 74
492 254
137 418
450 304
280 414
298 254
39 378
204 400
313 381
183 399
6 139
397 140
473 401
255 199
115 217
3 420
135 235
208 18
45 121
32 171
71 209
23 284
265 149
315 440
118 294
416 286
203 139
291 48
402 254
178 262
326 442
316 238
249 161
456 339
39 117
95 346
299 188
488 298
59 374
137 330
372 356
233 301
368 344
114 46
474 418
339 234
380 41
184 132
108 155
451 288
383 283
294 107
230 229
25 433
186 140
77 279
217 223
60 421
77 43
113 283
386 230
241 51
164 345
296 29
182 13
54 170
119 486
380 425
108 77
429 270
439 348
248 197
471 135
334 120
453 202
352 109
493 114
178 480
151 213
453 14
185 324
322 426
50 36
437 140
412 483
101 78
414 314
217 2
493 466
122 274
394 263
42 486
82 42
149 250
86 54
212 5
336 57
163 267
340 419
87 425
33 408
294 108
194 248
49 6
265 452
307 107
446 140
124 349
101 336
139 490
429 380
270 79
430 394
460 297
281 331
138 17
382 66
395 162
355 109
451 223
253 316
63 272
56 226
22 135
170 100
402 462
469 321
23 410
8 165
418 347
92 205
419 432
269 224
357 225
334 214
465 481
194 203
356 59
254 95
435 402
349 418
283 150
55 364
250 285
31 187
474 333
63 263
180 83
38 468
179 471
7 263
90 34
72 22
200 368
373 175
290 253
291 469
42 149
391 247
367 293
19 365
72 55
134 99
495 264
382 444
367 304
495 304
238 225
228 290
452 360
342 430
325 9
410 111
424 471
56 213
31 6
474 487
268 52
195 477
216 52
298 35
277 83
265 436
108 63
58 37
137 126
5 258
131 185
23 175
289 124
265 180
42 419
42 233
223 492
455 148
332 99
1 135
306 263
90 133
23 324
346 356
241 128
29 483
6 451
55 487
385 109
317 66
192 254
136 202
169 486
353 480
376 79
7 452
334 65
222 400
427 51
247 254
443 34
105 266
350 335
91 176
243 226
262 251
339 113
418 332
272 288
131 128
468 66
73 75
222 350
64 346
111 114
157 201
177 326
419 440
153 417
484 376
9 159
307 59
235 59
426 372
493 489
364 463
100 207
9 377
310 426
422 222
310 493
398 249
497 124
52 450
497 325
219 205
412 359
5 42
342 376
140 213
261 401
146 47
111 91
159 418
450 68
70 450
205 186
153 164
231 327
393 366
465 53
86 460
461 205
64 121
23 57
106 196
182 446
158 67
212 297
238 329
33 156
179 405
462 206
115 211
492 13
411 453
360 259
302 445
449 153
408 129
229 181
87 170
186 246
458 299
179 83
230 222
295 307
254 387
456 478
56 197
206 423
329 302
365 75
87 140
384 449
53 177
323 297
360 410
365 436
273 439
85 115
379 310
195 497
309 117
175 216
447 159
63 163
438 92
443 111
251 370
170 130
338 222
420 262
21 107
414 71
250 164
2 403
134 410
122 366
203 479
153 366
372 422
317 480
465 76
257 64
409 418
130 217
413 428
61 7
422 180
136 378
43 301
291 431
246 203
237 321
376 221
479 227
248 136
65 226
218 398
78 98
381 209
312 5
141 392
97 108
50 293
270 422
446 418
32 359
483 142
203 369
422 308
11 269
468 292
151 185
343 50
350 424
5 154
467 149
284 293
351 59
349 127
423 151
248 162
132 136
336 145
396 35
422 278
421 243
342 113
190 241
451 91
455 298
31 431
251 265
225 358
305 352
269 332
308 481
429 64
16 442
421 203
177 482
279 489
282 452
315 457
15 97
208 134
338 93
322 57
364 298
488 468
329 52
101 117
242 292
19 52
296 275
76 469
264 78
289 19
334 378
61 388
315 340
296 112
259 187
263 37
200 246
138 476
132 51
95 432
265 316
249 122
47 154
203 283
180 100
306 18
433 107
417 103
75 220
84 91
97 13
137 159
169 120
408 96
156 90
82 384
255 2
93 455
168 170
51 115
213 237
38 482
20 456
392 211
434 25
355 478
74 443
252 114
373 339
166 493
239 343
435 159
201 285
255 419
196 498
321 450
68 282
341 286
179 105
8 254
203 254
55 117
162 169
199 126
283 372
77 431
114 311
247 429
333 350
406 423
59 383
416 304
154 25
384 416
309 10
113 35
19 302
366 334
475 182
436 368
48 209
451 253
280 345
22 212
179 484
335 47
388 241
331 382
153 374
58 42
494 262
23 290
492 485
178 277
138 304
38 22
4 32
369 292
380 150
322 98
196 108
102 74
160 487
42 320
220 379
132 333
289 39
404 426
210 285
182 498
409 64
7 440
55 242
35 386
394 383
398 325
472 404
426 0
154 403
310 51
25 3
353 188
323 363
419 10
165 246
268 269
122 391
130 47
427 489
327 32
284 45
52 168
267 270
406 41
295 6
198 149
359 497
404 171
146 205
430 22
236 479
71 227
478 191
264 433
117 35
435 254
60 271
86 194
481 281
216 131
72 242
221 52
304 421
410 288
281 491
405 28
488 1
165 439
422 101
72 140
1 256
68 109
480 47
133 462
497 264
406 278
378 86
419 54
355 206
203 141
315 83
373 220
491 43
304 145
373 190
420 389
255 34
441 249
14 475
157 206
144 372
67 11
365 346
407 273
311 284
464 150
238 423
107 86
226 94
39 86
282 278
433 448
487 195
83 233
166 475
49 167
24 332
40 198
307 453
220 456
98 398
344 34
64 352
177 339
454 66
117 60
392 212
122 159
257 329
132 28
373 69
293 142
425 343
140 378
62 22
45 20
430 66
164 144
466 343
64 371
184 318
389 445
399 1
293 146
363 21
425 345
285 99
429 137
365 309
299 217
42 341
197 162
257 422
433 35
219 103
425 286
457 440
365 257
441 16
220 309
245 130
203 390
8 306
97 117
95 75
218 126
149 202
329 313
260 226
161 121
105 362
61 93
104 304
497 154
16 361
183 339
185 197
244 322
271 400
310 396
45 235
471 56
8 446
62 21
438 208
336 280
224 113
171 315
492 172
375 323
342 249
71 122
306 304
133 30
261 395
42 350
342 195
220 317
397 58
340 319
286 412
210 319
122 160
68 9
303 30
30 403
161 201
139 488
65 206
436 102
344 33
112 172
279 150
320 397
141 29
313 325
321 245
424 185
331 398
46 333
21 424
137 15
217 114
361 70
308 432
396 4
174 423
488 292
310 198
363 124
465 140
16 277
98 49
277 468
45 212
442 348
289 113
128 457
438 358
484 446
354 280
377 261
293 136
87 248
333 253
460 184
49 199
452 243
41 313
21 301
406 302
260 206
162 367
99 46
176 326
313 74
2 281
82 79
53 443
448 406
262 331
463 400
394 481
453 16
106 121
134 335
371 462
375 106
25 183
81 80
211 223
146 327
326 412
414 455
174 21
82 290
186 52
283 457
360 372
448 135
7 393
302 38
29 484
458 70
284 385
273 272
268 378
1 499
185 370
11 492
167 306
262 405
136 210
325 130
226 67
24 390
469 203
448 376
187 357
161 288
229 459
311 187
392 116
296 183
172 488
472 332
257 172
398 278
130 336
214 295
471 392
138 135
196 2
348 393
482 283
404 3
44 20
121 294
113 259
34 188
156 390
63 164
251 381
495 379
351 382
69 130
432 430
240 342
455 180
256 380
193 298
228 164
264 367
438 195
33 441
267 321
45 437
218 182
203 176
407 415
143 184
147 64
377 241
306 431
226 329
313 262
490 493
474 64
416 348
160 350
380 456
369 493
5 140
136 167
104 491
485 94
176 460
302 146
429 22
16 107
395 416
110 160
459 350
52 42
136 381
374 304
118 7
196 128
158 196
451 362
158 473
379 251
0 408
85 211
139 4
334 49
392 161
232 276
383 439
325 202
30 441
406 78
12 463
101 428
169 206
218 306
207 55
415 499
283 473
115 298
85 307
313 388
279 257
499 230
140 238
7 162
230 406
14 313
58 114
203 76
457 480
36 109
446 407
266 176
471 227
206 345
455 125
171 345
331 79
48 326
89 158
214 432
181 2
127 124
65 4
147 281
343 185
141 422
490 105
398 29
107 249
167 216
216 2
392 287
308 356
96 440
253 179
409 300
362 273
230 104
298 418
236 347
354 253
325 416
410 270
308 400
39 20
106 382
119 354
448 218
4 449
243 29
305 289
151 300
50 183
14 70
74 194
254 329
226 297
482 351
268 177
94 212
210 86
204 357
240 214
297 120
343 52
349 145
417 77
337 498
110 32
7 123
225 355
263 70
315 119
442 208
349 37
444 112
336 40
379 65
336 458
54 462
339 91
295 393
299 496
446 22
474 27
327 426
79 324
415 108
486 394
210 203
343 205
19 346
38 426
206 396
134 495
136 467
494 164
394 198
246 46
436 5
456 192
275 182
283 288
124 222
242 381
162 222
434 410
334 122
10 50
99 281
369 350
159 488
379 91
350 155
227 67
140 405
123 233
244 66
430 307
374 251
330 228
361 85
189 353
56 267
379 146
242 183
440 416
27 406
0 496
276 137
341 295
272 278
289 311
261 430
33 459
264 238
60 475
70 58
417 466
275 93
296 128
308 270
96 141
238 488
49 114
406 389
426 184
195 260
428 136
374 140
5 279
30 370
208 322
459 218
443 378
487 82
332 249
196 333
261 329
104 175
402 148
34 458
300 120
230 395
199 127
225 336
130 58
480 43
412 91
192 280
436 62
376 54
368 340
329 175
307 188
297 408
223 33
23 391
332 307
221 344
160 418
23 344
307 29
273 391
365 68
407 215
362 269
350 195
461 173
354 209
160 390
34 374
474 348
311 177
78 51
45 402
238 152
457 349
453 164
394 199
295 237
352 346
137 7
448 97
490 407
73 180
157 230
143 206
280 189
426 375
268 163
69 102
476 334
34 270
224 236
471 118
48 296
474 424
33 38
56 44
370 413
322 148
368 393
312 59
223 135
188 304
363 204
418 483
454 315
108 222
495 487
28 321
224 350
138 442
35 305
388 174
197 44
5 38
178 155
203 33
161 134
143 250
454 163
50 360
394 355
153 176
461 227
482 184
169 244
286 466
169 294
434 497
388 46
87 441
26 102
273 455
119 136
266 416
466 490
3 207
44 315
266 163
471 161
151 361
461 18
283 210
33 258
361 358
22 37
422 58
76 24
302 199
347 269
301 334
218 396
215 381
28 98
166 456
292 78
414 176
73 214
484 338
202 377
126 202
391 190
425 128
129 473
363 365
393 24
39 444
0 428
371 469
444 148
107 174
57 240
336 373
206 242
107 385
250 277
325 409
407 237
437 496
478 296
0 72
315 287
463 166
391 112
455 181
36 292
147 208
483 430
354 213
439 46
308 289
116 218
469 425
441 268
477 301
342 179
246 433
5 496
46 415
58 364
210 106
168 368
208 174
286 290
417 106
318 177
404 496
301 44
269 152
489 326
481 179
23 116
363 221
128 102
294 76
83 440
158 294
225 323
224 57
405 318
301 189
30 317
336 376
201 162
127 488
456 492
40 481
498 184
331 31
462 91
307 215
256 302
29 27
37 209
1 332
303 74
249 399
250 201
29 158
149 221
133 432
99 114
451 162
72 186
342 215
435 62
52 287
250 78
356 352
152 187
169 366
226 98
390 271
377 313
290 70
282 23
217 212
8 27
73 407
479 83
115 355
10 433
282 496
75 240
104 474
172 381
44 306
436 344
345 494
291 194
13 22
470 48
403 394
185 124
320 165
485 119
398 296
29 192
342 139
253 466
343 140
412 169
462 473
355 48
333 373
95 285
110 173
343 234
242 61
453 188
234 158
410 431
197 83
459 423
66 51
182 422
161 156
43 441
71 128
224 17
253 229
142 140
38 475
107 19
248 225
13 389
433 73
65 458
319 469
407 382
248 447
97 63
465 228
137 486
53 377
368 104
411 435
95 214
193 233
316 344
213 1
99 110
302 9
433 454
463 369
477 326
440 5
264 284
10 276
408 387
382 464
285 453
394 27
461 330
210 159
366 480
168 324
497 293
326 281
71 186
437 210
266 326
473 391
203 182
295 485
176 230
193 279
173 25
355 132
168 151
166 55
278 493
344 109
158 297
393 147
359 24
392 162
105 414
175 457
343 210
123 50
172 423
84 387
477 425
263 140
18 355
27 318
171 138
328 291
112 29
228 31
81 375
216 154
29 363
100 403
325 451
287 477
413 148
205 80
492 142
201 49
180 497
173 409
73 242
242 116
388 187
386 21
493 404
254 139
468 186
457 319
290 192
300 13
305 132
188 423
195 94
104 460
114 420
107 313
181 233
438 295
180 472
182 492
360 326
136 56
346 406
115 310
22 476
19 297
140 130
292 138
434 202
459 48
184 234
391 200
324 417
197 378
248 264
467 178
197 132
173 90
292 98
126 66
237 58
317 186
133 429
327 223
315 264
472 465
462 369
325 175
114 459
25 488
123 391
202 33
243 461
61 366
406 238
283 226
439 438
226 32
346 8
111 283
24 299
135 124
385 75
433 5
117 499
280 298
248 37
349 447
251 124
359 368
399 461
156 389
481 383
210 145
190 226
412 327
370 461
125 310
302 367
109 263
24 249
262 156
132 129
407 385
404 249
427 168
474 150
402 303
386 19
104 436
383 431
3 258
310 206
188 298
206 315
383 272
322 23
43 7
248 138
261 41
424 295
479 225
42 63
403 231
105 446
2 198
270 26
219 63
250 80
346 337
75 255
418 33
1 210
379 71
19 285
144 199
210 14
260 126
331 360
384 251
248 236
198 287
377 419
39 135
317 291
457 427
280 233
208 376
37 428
167 194
33 178
46 452
309 222
327 137
209 244
398 353
178 281
431 132
349 374
288 301
252 30
457 327
19 412
460 89
481 454
404 280
24 468
357 248
46 225
282 378
58 294
86 355
48 316
144 100
191 453
217 304
129 257
7 15
390 33
331 374
181 77
347 243
469 430
385 370
130 232
462 252
217 243
101 242
209 263
147 357
431 114
78 103
0 352
244 140
374 321
225 48
358 431
174 204
46 26
78 189
248 343
122 462
2 47
85 126
142 311
349 255
177 329
350 126
234 166
196 277
110 447
371 271
282 389
86 338
223 184
449 284
332 33
389 311
424 398
476 34
44 470
372 183
413 424
355 38
55 127
90 407
363 35
263 16
456 60
127 159
140 138
210 444
163 119
164 180
127 372
97 179
153 241
353 424
22 92
394 106
364 233
112 375
52 143
408 71
229 238
280 103
368 262
184 404
322 152
386 481
314 317
458 141
129 4
121 9
494 152
302 171
176 76
435 368
404 4
496 422
368 287
245 365
270 80
9 6
308 339
163 326
268 309
494 144
70 185
245 251
179 297
499 351
453 148
146 282
199 300
373 200
182 431
407 100
416 139
98 271
395 90
472 348
212 413
169 376
54 25
278 115
369 55
70 481
413 437
394 195
472 273
484 200
87 161
27 261
398 89
129 222
311 333
140 64
365 325
454 417
480 7
213 351
396 90
459 63
337 218
407 55
315 149
365 357
489 342
4 483
124 181
59 269
239 168
242 144
78 56
101 384
64 193
277 219
340 118
293 387
80 320
258 113
269 106
25 143
240 481
441 478
221 59
352 402
233 426
47 108
311 12
275 269
234 105
120 190
144 129
131 152
355 211
73 24
382 170
1 274
328 417
119 369
41 57
363 468
130 451
266 185
3 18
186 87
481 464
240 192
402 287
21 89
157 474
171 240
79 335
159 164
287 119
342 304
259 158
19 167
64 487
61 82
294 291
272 308
434 381
346 143
207 451
55 213
223 275
454 51
59 467
490 173
65 254
94 32
285 34
172 364
238 331
332 209
41 151
160 484
318 237
113 150
304 388
338 394
285 429
221 370
418 439
295 24
359 468
397 393
109 296
58 319
236 72
284 461
241 422
376 418
424 291
226 229
404 142
153 402
76 496
303 330
163 92
419 189
267 169
24 149
198 63
232 238
125 14
443 46
472 141
6 491
357 476
38 476
271 163
30 235
351 10
63 325
264 218
61 148
67 81
233 410
438 142
73 235
429 143
134 355
390 226
165 95
390 21
375 154
36 113
232 384
314 328
486 220
171 124
455 365
150 329
484 467
138 249
97 147
29 87
388 164
459 465
246 334
191 105
59 395
82 335
201 390
114 441
273 217
45 46
63 13
361 319
182 187
107 2
35 31
312 350
4 26
202 432
469 284
149 215
488 12
2 10
374 189
39 174
25 357
123 385
150 109
44 191
26 225
216 423
139 340
309 98
383 491
78 185
299 418
204 248
301 52
474 2
109 373
317 69
288 54
216 389
31 397
147 277
369 177
463 455
288 113
474 313
218 452
430 73
264 110
447 469
418 441
132 295
199 366
399 194
107 448
367 471
321 99
214 440
309 445
455 426
488 277
483 263
142 240
159 6
235 367
277 69
314 254
383 391
417 217
485 330
14 21
167 455
278 377
416 342
111 390
427 152
419 17
397 115
286 325
144 300
465 68
248 77
280 22
330 492
223 218
439 356
494 46
221 112
429 458
475 454
347 395
62 25
174 162
196 415
111 416
151 18
375 492
182 481
35 127
52 79
20 499
349 446
60 376
343 231
416 347
204 137
114 107
10 275
277 134
276 48
489 161
368 367
130 442
196 216
102 486
90 350
454 43
319 349
103 139
30 310
49 381
135 280
257 410
376 445
262 228
420 273
441 493
86 473
278 491
10 470
172 101
414 444
347 476
184 380
110 430
457 249
17 82
63 357
308 5
225 465
365 297
162 305
331 25
69 85
302 387
434 43
407 448
252 115
302 122
297 250
133 421
39 127
466 401
238 174
194 262
234 12
438 330
50 377
455 401
382 329
488 125
256 318
249 453
488 26
497 480
111 33
26 468
458 374
419 311
175 107
438 108
204 228
15 79
147 336
444 97
182 227
69 103
23 71
145 311
27 193
333 12
260 368
172 138
453 353
315 155
237 39
465 451
496 55
101 160
409 422
467 213
131 178
233 156
115 392
265 189
135 422
289 406
347 310
366 410
131 444
74 185
271 435
187 256
195 266
32 423
261 199
297 363
449 44
460 333
246 333
286 8
79 17
425 46
282 71
161 149
392 490
395 4
51 155
157 97
240 290
73 231
76 490
38 494
479 499
438 328
61 72
125 140
232 421
273 50
300 28
303 179
89 236
337 381
318 142
68 138
307 52
227 153
89 12
389 299
364 93
455 138
443 433
94 145
453 346
147 54
330 20
359 97
145 493
111 493
298 83
358 139
271 481
396 82
234 128
180 214
365 367
184 197
304 326
213 62
214 168
118 408
215 183
81 358
235 114
30 88
238 298
283 325
317 394
322 341
123 340
443 65
257 43
186 439
494 41
78 472
163 240
315 99
267 49
352 205
297 176
148 232
119 127
452 248
304 229
463 191
226 265
249 153
78 221
240 141
189 108
10 311
131 367
37 85
343 82
234 214
365 368
304 28
421 278
301 194
157 460
317 62
103 287
177 16
397 243
235 5
497 24
252 232
71 172
395 239
333 462
134 395
411 483
235 216
386 51
199 109
384 357
93 400
324 210
441 359
410 246
172 77
479 187
323 385
21 221
9 378
383 150
350 316
441 323
401 142
111 202
218 382
166 296
0 350
230 454
5 421
116 358
468 331
279 113
2 191
253 281
347 344
253 399
3 499
254 236
475 400
444 436
175 81
72 453
264 345
134 419
96 256
144 4
257 134
455 339
407 332
352 420
41 224
1 88
316 32
277 206
356 340
66 393
83 199
157 439
480 450
433 11
323 374
347 305
360 414
145 449
465 294
247 126
322 153
100 166
62 443
141 317
435 101
435 371
459 483
183 84
69 386
375 164
416 28
429 312
85 145
52 339
381 117
117 456
81 475
171 354
66 217
103 354
281 276
376 199
322 209
46 154
131 120
11 61
170 3
495 459
442 410
126 162
22 266
123 499
243 103
379 447
84 171
90 169
57 349
1 151
484 312
104 413
117 370
144 454
320 88
481 187
172 154
105 31
451 349
142 400
19 204
431 55
436 346
389 456
430 300
461 151
353 133
74 170
86 357
424 308
290 472
182 172
372 328
253 376
170 471
263 418
33 195
123 174
95 350
10 271
231 466
60 76
224 313
67 183
227 224
92 236
415 258
252 80
395 375
27 166
491 84
116 491
198 191
93 151
87 366
25 231
271 497
396 486
193 247
453 172
284 218
19 230
298 41
497 426
433 118
174 97
160 410
156 408
410 42
268 366
348 476
11 103
212 89
360 101
216 230
364 294
292 29
379 227
162 114
340 462
14 108
130 381
9 155
12 24
299 305
201 398
358 41
314 312
447 355
139 125
11 343
131 251
287 492
442 366
103 492
489 418
160 132
26 29
498 465
298 371
262 146
498 20
131 50
204 352
489 32
406 272
435 104
174 292
223 364
155 87
166 482
391 388
457 308
384 106
296 339
166 356
431 135
388 195
265 261
481 147
487 174
177 340
303 495
47 119
42 81
175 369
498 7
8 293
81 396
267 304
127 149
423 381
239 474
158 272
60 431
485 58
377 89
477 22
423 427
142 349
348 45
74 57
364 312
425 59
424 378
327 413
268 274
267 290
105 9
63 182
141 139
32 75
293 473
179 383
227 301
235 122
10 142
1 292
177 488
142 378
103 46
55 257
223 372
282 428
105 458
113 338
422 419
97 202
122 148
485 284
396 379
427 150
490 250
220 104
265 97
167 181
113 161
52 447
420 77
308 41
348 21
126 352
472 496
420 474
314 393
489 495
360 323
286 149
386 288
177 252
350 355
209 97
344 287
423 273
321 451
171 111
393 306
412 31
284 71
244 458
492 278
84 313
128 432
72 313
150 17
113 132
41 497
374 92
93 14
192 208
189 288
255 376
64 262
29 220
428 3
420 366
483 177
167 305
401 293
112 258
88 401
307 369
4 126
283 33
52 323
434 208
332 415
348 406
447 158
27 373
137 201
50 459
162 15
82 480
46 367
394 466
335 150
173 16
119 487
179 93
208 129
424 172
122 489
276 221
149 236
136 50
160 251
424 317
452 297
180 297
285 258
303 338
344 279
415 282
93 412
41 499
243 352
399 319
60 16
117 48
465 238
309 348
75 305
372 275
283 286
33 46
19 288
107 455
139 191
125 490
378 241
338 94
148 470
332 112
381 170
476 318
444 133
363 70
379 185
242 499
153 294
109 39
82 447
306 449
191 496
315 392
445 380
436 319
72 99
318 122
100 267
444 397
103 293
132 47
139 243
47 147
195 368
294 25
83 384
219 102
276 108
373 441
199 447
316 453
57 54
261 18
120 391
163 35
77 428
55 152
265 416
76 365
197 211
320 50
327 282
308 331
468 305
248 273
262 300
177 415
225 73
357 484
200 481
173 280
280 406
387 172
129 204
111 138
349 486
241 231
333 51
427 374
155 122
247 198
90 466
466 57
321 158
334 26
56 396
471 138
302 205
77 192
407 0
40 116
419 293
312 475
163 398
487 21
286 219
296 329
101 219
90 64
440 341
99 198
294 479
177 246
325 315
445 388
5 343
89 61
72 444
174 459
76 242
314 52
294 246
117 282
485 463
470 447
24 460
144 24
70 296
478 284
227 206
162 440
191 411
225 8
122 388
353 141
325 265
153 39
411 493
254 348
356 461
423 473
313 367
77 330
367 279
101 396
213 211
177 147
455 316
329 319
467 128
27 26
244 457
479 451
462 445
368 99
280 432
315 140
185 342
468 173
225 296
99 240
369 68
427 165
263 47
85 244
108 428
465 103
452 497
302 323
423 391
480 74
99 428
85 480
159 198
263 479
378 203
257 213
293 478
166 125
25 250
294 234
264 379
8 155
296 33
296 484
409 496
391 402
132 399
460 312
120 350
224 177
491 319
45 490
212 83
88 175
123 413
22 307
216 314
220 444
218 106
381 137
301 235
275 140
455 418
484 9
197 43
416 396
81 279
473 43
298 342
70 60
272 357
145 373
11 84
398 363
251 314
138 233
2 116
155 152
144 153
120 455
181 262
248 166
75 268
398 481
365 244
269 420
349 236
304 202
120 136
33 190
406 115
452 466
328 201
15 127
35 273
399 86
49 297
410 109
313 78
483 125
230 275
475 195
269 265
439 318
187 463
345 15
461 292
447 166
60 250
141 462
18 197
396 136
420 464
325 95
172 263
195 473
338 191
359 307
193 315
47 176
20 27
75 361
388 294
91 161
84 220
499 106
373 290
52 138
346 73
195 480
88 415
473 140
58 448
367 348
50 286
132 451
335 155
287 58
176 301
411 16
199 466
342 142
1 7
44 70
83 80
474 468
185 149
75 314
460 431
352 499
334 245
6 347
491 38
493 104
475 373
134 180
225 408
93 299
288 25
412 82
129 288
146 462
233 112
18 424
228 92
288 338
137 251
315 42
157 180
416 223
387 58
139 62
228 203
457 453
180 458
327 421
369 239
3 304
405 379
224 88
132 85
78 175
333 90
489 282
3 26
69 105
264 143
47 188
461 437
207 191
297 208
261 245
428 273
290 163
342 40
432 466
25 47
456 16
490 314
29 234
51 182
227 446
349 24
273 17
46 394
435 289
321 279
323 334
95 415
277 40
59 98
73 487
471 15
123 463
131 102
420 363
91 192
58 170
374 366
242 214
209 106
295 17
97 488
121 333
370 295
282 493
153 375
195 106
238 429
447 316
470 378
275 242
357 453
369 132
19 330
461 122
382 489
233 37
242 115
446 48
260 474
372 474
15 0
499 60
139 240
271 480
179 110
176 165
427 362
31 302
461 183
110 116
127 208
262 70
45 357
228 70
307 20
417 389
422 296
373 243
185 128
455 430
58 117
184 456
263 1
279 303
445 361
499 142
273 496
439 135
47 241
354 421
369 341
419 178
213 474
54 193
417 341
409 391
202 446
369 364
210 360
330 272
17 400
273 441
349 62
101 23
6 66
86 443
211 189
248 296
471 329
460 54
175 145
92 445
71 281
279 310
208 191
281 116
108 208
314 497
205 23
230 124
306 317
127 403
266 327
23 420
80 240
482 352
494 85
71 279
175 340
55 135
374 313
76 179
56 6
248 63
290 479
143 66
484 88
379 313
470 461
322 122
393 440
397 392
491 150
490 170
259 43
441 264
320 100
281 115
59 455
96 248
82 140
327 151
295 489
54 497
94 88
408 87
187 28
270 456
233 89
107 243
99 416
323 381
495 173
153 297
380 38
190 162
353 283
11 28
258 227
419 429
2 50
403 306
201 48
121 337
438 381
207 4
278 305
213 65
138 43
433 463
450 235
68 432
452 257
423 410
109 312
207 343
497 253
265 235
441 90
356 436
188 231
164 265
25 11
468 428
242 248
219 484
308 286
260 463
240 260
221 385
377 245
45 186
200 276
321 357
200 453
211 373
421 474
85 421
204 14
120 221
256 459
156 106
133 428
180 453
479 424
75 237
393 484
215 209
8 417
21 229
299 224
149 99
87 0
417 280
240 145
393 70
112 488
244 285
397 302
480 242
29 463
296 188
459 181
344 147
116 208
135 215
426 328
50 259
295 38
81 443
260 350
154 200
458 493
401 8
340 349
301 201
411 297
373 323
336 374
427 463
180 13
24 487
290 282
407 312
232 109
151 296
26 196
356 249
381 373
310 460
473 91
311 2
494 53
18 210
27 32
168 431
382 86
477 260
90 180
471 459
68 56
171 446
163 418
127 238
263 191
381 36
476 168
286 217
115 421
333 220
54 113
102 100
192 150
272 436
324 11
420 61
324 122
153 382
30 314
57 145
199 453
199 32
105 195
61 350
229 364
180 78
342 59
231 17
232 444
490 137
277 243
30 129
110 454
261 380
162 430
361 182
114 434
67 198
170 109
128 107
302 52
7 3
399 351
1 130
7 105
220 152
22 39
113 15
105 392
111 151
152 361
292 38
16 209
440 54
488 400
16 127
415 265
497 419
149 203
243 93
131 6
31 325
390 20
214 16
129 125
210 152
178 304
443 404
61 458
35 401
37 336
186 408
71 148
366 108
441 262
216 311
18 399
13 216
318 475
446 345
285 283
474 256
450 438
401 360
244 315
449 275
38 43
228 22
385 356
413 43
379 46
476 58
299 151
80 301
282 118
45 479
129 206
475 163
126 32
309 484
116 365
54 379
269 35
86 440
269 384
32 403
213 300
456 8
269 457
324 458
407 54
88 428
405 25
322 376
204 70
154 386
183 385
135 254
256 235
436 381
253 180
70 414
180 391
307 416
143 48
305 424
131 103
135 302
145 207
107 216
5 309
123 87
137 293
54 118
461 466
20 246
477 490
54 215
136 243
310 236
27 429
151 274
36 237
419 205
151 208
333 418
344 336
228 173
139 250
427 304
151 316
178 383
89 247
477 366
376 21
309 495
479 357
149 240
375 199
234 232
450 133
12 407
130 364
110 65
73 8
487 210
497 448
298 473
258 64
316 101
365 92
267 48
267 240
91 76
237 459
309 56
52 93
409 71
371 120
244 297
2 419
177 283
454 62
330 383
5 120
94 101
378 170
349 436
250 58
425 296
471 325
0 113
361 133
104 390
120 203
158 248
216 292
106 135
102 309
463 413
330 123
415 451
181 84
377 267
157 124
445 113
371 268
83 62
313 320
169 319
182 26
75 52
257 350
41 171
123 58
8 230
100 456
293 296
154 145
155 298
346 435
427 240
2 89
132 182
337 300
283 77
447 322
436 347
316 39
162 283
84 294
215 468
2 207
219 218
120 347
448 206
101 297
435 433
444 124
299 482
448 256
432 266
142 410
96 163
277 321
256 475
86 94
304 439
132 230
125 107
180 319
319 495
25 108
29 425
18 292
480 9
372 414
93 320
216 273
43 355
160 386
250 352
461 389
266 65
463 118
347 290
407 369
261 120
265 156
437 399
148 334
462 280
379 345
303 182
393 148
190 93
333 95
316 119
383 413
278 410
131 290
122 485
470 26
29 433
139 10
26 396
46 457
341 291
135 244
282 253
120 456
313 481
236 449
59 326
237 109
282 420
475 439
490 397
246 290
442 250
490 50
254 417
368 94
466 316
339 394
253 28
131 108
131 14
234 349
436 44
304 50
111 364
484 257
101 79
55 2
384 352
151 134
244 334
471 468
364 203
133 370
62 232
208 276
17 27
83 491
77 59
498 329
468 425
428 7
374 48
487 22
381 45
350 227
146 385
237 129
16 293
123 199
32 33
287 385
289 166
175 16
206 51
111 46
367 36
399 388
73 77
364 57
461 130
250 364
84 98
376 452
141 235
321 440
281 131
252 76
8 97
416 393
268 416
476 47
270 365
199 230
26 256
123 57
169 478
173 269
144 176
437 34
427 18
51 12
496 231
125 271
96 356
467 134
370 73
82 297
54 471
445 362
147 316
350 261
283 484
491 328
256 195
439 185
305 469
90 362
257 323
379 270
277 464
475 259
259 9
338 120
1 6
263 489
157 468
272 122
394 335
441 70
347 327
364 154
30 423
416 156
300 80
421 152
222 299
203 302
299 81
44 393
9 57
273 447
495 57
292 389
207 489
44 394
473 55
441 221
234 458
228 487
164 206
234 149
39 11
356 444
330 379
348 24
256 451
486 103
221 196
354 172
442 425
485 327
310 313
171 420
453 201
178 490
133 440
385 329
478 266
108 457
354 162
136 228
451 25
279 207
88 105
327 359
226 277
190 465
370 305
246 280
87 312
14 159
142 496
65 325
9 112
134 195
407 76
186 237
239 163
152 288
62 432
461 74
388 178
186 269
366 133
8 14
384 402
247 418
57 212
180 424
309 122
106 278
489 22
481 246
353 440
409 185
310 449
27 191
37 274
490 147
43 418
180 376
367 75
329 134
461 471
233 74
168 209
496 372
451 422
294 116
115 361
0 491
384 429
95 414
381 374
283 28
85 66
144 140
473 296
391 384
213 370
233 148
379 352
48 388
34 171
473 337
240 305
300 46
366 430
337 240
257 437
0 424
187 242
455 411
32 317
126 138
113 281
481 232
264 297
426 276
283 261
418 1
342 164
359 136
8 232
481 320
130 341
255 109
353 185
14 37
342 396
470 272
274 474
151 48
180 188
113 52
446 381
290 394
138 474
305 471
467 109
185 292
339 273
319 344
494 63
401 415
467 433
305 6
140 174
240 96
74 357
170 115
21 480
305 489
390 96
295 280
273 64
446 391
9 374
412 280
90 175
76 189
353 33
202 84
492 279
471 288
34 197
260 227
340 102
81 126
167 143
212 439
364 275
493 21
35 361
347 414
324 170
392 302
487 54
425 388
278 440
211 182
275 408
434 488
255 35
261 22
37 134
274 449
423 419
215 425
294 349
384 2
407 362
83 329
490 274
437 5
373 450
405 138
477 261
187 352
98 282
466 443
101 330
335 342
337 226
397 333
286 82
69 462
374 82
285 47
300 490
116 97
445 342
45 314
400 464
433 36
388 331
400 107
190 323
318 165
363 277
347 448
394 496
91 43
349 277
186 77
344 414
355 184
9 406
156 427
396 52
118 164
354 343
325 109
185 274
436 258
208 460
280 286
404 82
467 334
201 195
300 177
0 181
83 47
384 47
161 185
480 443
425 441
227 187
177 286
221 322
463 195
208 445
144 61
224 434
257 107
214 253
371 274
95 268
311 235
277 187
412 230
325 362
73 437
347 265
214 428
56 312
155 57
370 369
28 173
237 483
299 330
257 312
235 221
36 189
457 74
285 452
343 413
12 142
144 260
409 97
492 79
133 191
317 29
377 58
166 411
383 395
360 417
66 401
194 228
110 371
476 25
382 215
495 463
155 474
226 137
184 467
211 168
79 65
134 145
84 0
418 70
466 444
395 144
115 262
380 469
451 354
370 25
308 394
345 197
495 403
279 485
309 262
379 58
435 11
268 471
340 301
418 151
325 91
117 178
193 242
379 253
384 191
15 4
95 39
136 150
116 329
141 89
124 29
353 59
455 90
431 374
312 170
51 319
45 493
213 343
431 485
43 29
173 237
260 440
207 246
260 390
368 472
189 479
377 320
486 331
269 404
28 185
315 213
137 166
111 50
207 268
46 410
161 475
144 428
230 360
330 312
280 55
498 67
438 403
216 268
462 417
371 231
77 80
353 55
5 25
457 235
161 326
373 182
445 338
357 367
462 435
348 97
170 456
35 241
416 57
148 159
339 250
432 36
326 23
215 203
419 138
388 142
354 189
105 146
242 341
394 249
429 414
289 479
229 461
15 350
488 165
276 171
211 307
81 268
311 42
196 445
322 157
397 70
393 259
394 113
129 483
163 205
32 374
389 104
478 494
217 8
45 330
265 383
192 442
376 380
475 188
98 199
188 405
122 447
223 154
419 256
219 271
110 180
474 475
51 203
441 188
315 314
2 84
322 421
86 168
273 353
187 497
240 249
320 418
371 180
294 402
476 158
495 65
392 202
338 75
175 27
355 15
124 83
431 195
447 94
319 242
379 219
200 341
264 257
55 448
19 341
327 162
294 31
300 280
434 370
14 444
403 439
473 224
367 6
157 79
70 350
356 16
326 104
223 144
398 371
358 289
348 362
388 38
28 49
492 298
395 434
120 317
227 113
21 1
160 143
294 78
251 30
273 10
166 123
395 18
184 107
426 118
24 403
471 166
404 220
242 111
370 446
395 191
383 298
19 161
40 19
407 115
198 187
498 383
217 380
105 122
283 122
409 443
49 362
466 281
287 286
337 230
339 239
63 446
124 163
360 167
246 360
485 328
127 298
200 196
141 223
121 42
194 276
349 104
354 349
329 1
69 364
315 334
237 68
11 301
481 260
38 222
104 87
174 217
404 427
304 361
469 337
413 450
467 174
56 313
66 458
192 351
195 409
457 228
80 27
178 149
245 27
35 87
457 163
142 268
346 363
198 335
61 284
232 253
490 266
418 126
246 414
385 493
295 414
169 217
195 237
93 126
442 140
101 253
54 266
311 230
111 155
385 294
68 368
176 272
238 367
489 160
50 265
337 499
481 272
312 343
209 148
439 84
416 154
198 177
55 293
175 378
167 116
296 23
258 405
409 233
476 407
494 69
199 241
111 396
71 264
471 257
70 491
97 484
384 198
455 152
56 119
493 138
367 53
468 134
245 309
97 148
15 321
451 38
126 334
488 178
304 442
368 338
68 396
310 48
236 148
318 420
377 163
315 330
47 453
347 104
445 265
35 470
361 103
170 330
240 206
485 435
270 82
46 219
492 351
234 55
262 180
215 423
41 143
301 106
30 98
337 354
192 258
88 291
53 125
312 77
323 220
368 402
247 466
464 105
422 348
24 70
170 9
197 430
282 406
420 208
139 121
230 344
176 403
84 408
113 354
34 278
25 12
387 52
33 130
370 79
36 255
416 267
194 123
63 280
20 392
197 138
300 323
186 238
439 211
130 102
348 318
458 377
307 49
91 131
272 65
178 462
4 223
222 266
398 447
33 287
5 113
335 381
7 65
302 193
46 38
24 366
376 463
165 382
74 64
121 92
64 234
390 109
309 251
114 344
66 109
253 442
395 407
498 268
191 308
362 293
376 100
315 143
368 53
388 78
246 114
361 285
172 401
14 410
131 253
419 159
443 442
361 9
245 13
336 321
168 318
401 356
21 189
374 23
38 169
457 181
313 477
21 496
250 193
269 390
266 138
333 469
169 333
169 332
155 60
472 377
136 191
452 201
309 246
62 422
385 459
424 429
371 397
337 18
410 392
154 291
9 132
128 353
394 131
118 239
315 455
47 247
322 423
371 476
199 42
97 136
159 449
315 234
255 222
265 8
96 46
287 175
199 335
394 127
119 30
492 168
2 238
188 187
199 224
160 266
352 117
448 234
354 65
232 135
484 124
459 23
325 26
448 220
92 408
354 237
50 153
389 249
274 186
490 145
317 205
193 21
368 303
53 371
358 372
430 278
112 163
415 10
218 447
359 194
279 339
149 101
495 333
254 177
213 229
440 346
328 248
388 379
287 397
25 85
209 364
463 46
325 82
182 330
147 268
59 434
401 133
326 277
410 276
1 4
138 2
220 301
230 211
329 346
418 21
15 329
14 297
415 49
63 171
107 423
124 104
374 465
362 211
7 253
291 277
338 448
323 279
43 276
334 198
234 358
287 156
214 486
53 249
198 349
273 466
333 348
141 183
253 269
423 453
91 11
193 174
284 457
11 40
355 263
168 155
95 111
203 417
151 301
296 312
295 474
412 65
245 225
390 427
102 161
107 438
351 439
484 347
204 151
484 365
244 289
15 362
76 148
375 210
10 479
303 81
68 43
142 229
436 388
251 55
491 305
179 222
201 7
456 261
248 79
454 94
288 274
19 8
197 186
133 82
328 290
379 376
262 5
233 259
242 105
255 68
148 157
453 355
85 397
169 176
480 201
134 354
341 216
88 52
28 113
344 246
175 61
88 343
282 69
186 75
314 337
272 360
11 99
334 489
487 417
250 398
264 150
183 127
454 362
115 315
77 3
205 268
43 74
390 106
321 35
262 452
66 249
466 320
432 261
371 5
153 9
386 25
331 273
80 35
422 390
457 16
11 110
262 7
223 374
115 254
16 358
408 148
467 462
107 122
41 187
264 496
391 387
177 428
74 214
87 90
441 65
149 452
255 366
244 478
208 247
361 402
230 143
251 458
481 334
373 100
107 374
230 481
242 39
361 333
416 467
284 474
46 409
115 423
142 189
210 389
327 129
463 300
193 334
281 224
495 86
78 274
38 6
242 409
3 321
27 250
487 348
414 474
83 102
317 448
52 402
152 224
293 90
383 342
232 258
120 81
306 378
201 78
3 444
245 208
482 436
476 183
432 413
178 59
463 484
138 96
472 438
457 164
450 492
61 217
243 162
1 496
260 229
387 328
326 399
425 365
422 277
258 446
450 38
51 184
390 242
149 346
344 108
407 499
8 499
278 295
309 352
25 225
25 351
238 137
148 5
115 307
256 420
71 311
402 350
175 109
430 414
243 12
320 150
170 72
324 252
171 1
88 8
61 8
167 100
457 184
458 263
478 267
337 256
241 366
497 165
50 344
441 396
370 203
204 217
52 12
59 479
380 463
166 453
173 43
487 438
246 342
88 46
434 465
143 438
43 349
45 417
311 443
341 3
307 355
326 260
111 384
101 61
19 472
177 234
4 175
169 354
319 76
107 465
363 489
81 47
67 212
348 360
250 255
84 196
162 54
348 115
372 169
357 487
57 273
103 484
499 72
85 50
3 412
183 382
309 307
105 173
326 466
276 289
433 412
89 235
30 219
404 145
344 213
367 189
362 63
444 225
413 309
186 248
105 320
130 19
224 232
392 318
407 247
461 39
121 266
310 406
474 476
322 286
462 14
477 156
359 144
471 385
253 329
353 152
360 244
401 310
458 16
414 165
346 474
430 277
439 259
221 316
496 112
59 169
199 60
494 136
200 9
337 475
387 35
6 280
279 44
305 147
261 436
240 23
93 332
163 323
368 4
376 201
287 29
460 101
177 233
17 439
124 273
117 82
325 121
54 362
444 23
225 491
182 144
129 215
206 298
157 363
147 130
62 389
376 110
255 104
446 245
456 430
307 297
466 6
62 494
181 392
301 276
197 411
465 157
295 440
239 180
419 366
208 404
448 334
2 63
417 430
278 386
83 186
449 89
284 412
171 278
419 170
379 193
449 422
423 56
374 276
247 314
274 236
10 440
87 234
424 342
331 451
252 19
166 134
49 259
356 295
105 213
157 278
197 306
101 96
46 97
402 360
434 260
3 457
57 27
247 195
482 289
50 84
492 363
376 457
484 476
167 308
184 337
35 231
151 449
31 124
276 77
207 108
200 435
418 148
49 390
424 371
426 27
481 365
489 55
213 274
382 356
121 251
128 198
95 152
349 48
223 488
292 84
436 207
5 316
70 51
211 39
380 128
383 139
0 198
259 395
202 198
162 136
355 19
297 57
8 434
196 56
30 8
267 120
465 229
82 383
78 283
231 425
449 43
150 66
434 206
411 376
476 43
180 197
190 128
439 461
411 345
222 156
478 343
343 327
183 451
237 233
335 260
451 309
203 482
76 316
29 98
100 378
190 99
93 327
161 47
305 446
320 353
22 423
58 337
99 330
381 161
444 311
351 481
463 298
29 50
47 43
77 366
310 452
478 257
12 237
441 4
115 374
349 97
54 363
166 128
161 258
433 124
391 149
142 271
4 397
129 409
128 130
171 194
259 14
463 322
400 276
260 112
494 497
431 324
141 115
372 383
218 335
272 413
441 316
10 246
340 406
3 74
102 214
312 40
173 151
401 350
286 429
170 131
136 345
271 113
116 454
453 465
363 226
457 50
426 97
495 313
100 247
18 260
219 237
318 412
87 363
119 282
273 431
402 345
161 470
254 419
327 228
48 430
472 378
140 391
42 43
431 249
317 107
262 30
355 214
138 173
403 187
8 17
383 291
142 272
69 104
211 497
112 349
7 362
335 275
462 254
344 148
331 335
64 46
237 362
162 113
395 280
224 282
208 197
17 212
120 9
119 169
214 338
457 145
373 47
20 491
272 130
300 370
334 192
143 183
321 50
304 225
43 140
41 302
65 13
8 482
479 431
79 412
298 104
430 145
446 155
288 319
417 480
24 82
429 234
362 310
345 460
270 52
433 301
104 314
60 477
331 37
116 302
477 89
280 475
428 403
83 213
473 32
341 224
437 100
192 155
294 131
416 217
59 491
437 57
28 307
155 150
332 434
99 172
334 367
258 422
64 475
17 169
460 194
171 465
98 177
233 360
235 204
224 488
263 349
356 163
431 495
262 252
320 244
411 11
472 8
75 371
196 206
159 188
4 215
331 415
132 437
103 70
394 257
168 302
323 258
136 200
412 277
289 28
206 76
274 193
205 201
474 241
290 281
112 388
356 75
221 32
128 16
396 212
362 290
430 205
332 38
457 240
311 93
79 55
348 210
497 301
359 87
163 102
232 20
59 188
224 413
381 163
312 474
330 224
373 20
222 10
363 376
306 178
457 78
302 346
352 367
235 485
385 200
324 127
125 177
132 406
26 404
113 318
132 174
104 91
193 459
165 133
272 365
256 201
62 374
486 362
397 91
479 179
251 47
159 176
459 144
302 98
460 66
457 125
173 168
495 298
279 338
151 73
77 50
272 67
308 238
70 428
314 384
350 383
454 10
275 35
21 338
353 450
207 192
368 407
432 15
252 190
414 127
82 262
197 226
475 51
489 283
451 360
481 414
475 186
350 441
455 242
144 436
96 301
486 354
410 347
67 330
4 279
337 124
270 266
281 472
172 406
245 435
451 453
115 52
296 135
296 31
463 21
36 465
402 150
222 149
38 269
265 495
89 94
152 466
243 496
337 27
433 65
88 83
185 80
340 150
372 265
176 71
343 278
12 30
67 230
152 165
1 150
406 366
401 129
338 292
311 231
356 495
417 493
371 328
472 233
3 276
290 436
50 495
367 296
450 206
361 265
489 109
6 455
369 305
387 315
327 28
480 126
88 165
414 483
273 384
254 378
280 313
123 447
350 197
71 125
222 366
82 137
146 317
488 252
193 212
271 140
243 11
32 418
176 85
433 229
103 278
495 472
52 135
228 242
74 130
352 290
258 440
136 477
85 461
454 205
374 483
62 344
349 392
1 109
289 354
155 374
343 175
492 41
357 483
91 51
60 342
406 429
3 234
94 97
76 106
134 391
451 499
496 391
460 385
263 236
225 146
69 161
353 368
247 235
237 0
322 193
427 439
148 47
76 112
208 55
499 171
136 426
133 205
126 29
460 360
317 428
153 159
9 409
35 157
438 486
206 187
286 235
24 388
71 367
397 136
263 340
275 339
481 203
384 468
178 85
466 205
275 71
409 256
286 368
353 211
380 192
227 162
200 108
356 428
277 99
411 466
379 292
5 434
498 147
178 89
463 277
4 437
324 155
22 191
159 36
348 398
111 257
70 2
114 158
24 143
136 305
69 263
211 263
145 89
81 381
112 492
263 454
109 236
366 364
263 471
318 367
469 10
385 253
308 198
375 383
262 54
372 416
152 479
54 0
348 447
135 206
364 258
219 442
208 353
144 241
218 190
427 349
108 19
159 140
412 484
350 311
391 292
157 297
72 135
59 86
444 111
316 74
216 60
439 384
251 424
162 470
98 336
31 338
412 290
16 468
345 297
75 132
324 337
288 457
390 439
64 223
339 10
428 18
52 254
270 6
322 355
361 245
102 451
305 210
54 306
98 403
110 128
3 320
28 299
239 481
13 294
55 481
489 28
296 229
44 148
49 463
429 171
426 484
434 278
278 155
36 462
308 87
398 158
42 153
493 120
48 174
79 206
314 267
469 212
420 322
380 242
151 34
26 255
492 321
190 27
389 302
20 149
61 416
452 229
404 177
190 463
85 237
292 24
464 318
344 124
445 273
483 253
337 220
361 74
352 321
468 194
153 331
440 127
214 46
246 283
30 184
282 79
367 24
202 239
458 246
381 378
320 138
24 427
297 353
193 87
192 347
453 258
318 238
422 358
467 453
466 430
28 138
430 126
488 472
407 224
398 220
254 18
362 189
372 243
43 164
298 442
75 106
61 481
172 444
242 129
211 204
488 34
238 34
301 287
309 467
190 461
432 238
286 222
329 80
424 208
190 174
279 361
299 49
90 122
152 104
472 309
259 499
487 102
444 121
4 373
420 440
23 113
238 405
33 132
132 137
5 245
228 46
66 79
102 3
263 354
345 395
66 335
31 394
233 278
45 320
190 63
143 98
405 225
241 354
296 144
186 250
258 233
84 122
383 48
31 34
232 128
319 279
49 192
39 398
216 139
483 265
201 296
264 88
454 479
413 264
285 436
93 276
181 497
436 184
312 495
117 127
235 207
96 330
82 401
400 281
463 374
353 386
51 194
4 41
285 486
149 59
270 495
142 305
200 447
62 234
139 290
78 275
450 194
61 480
327 97
350 346
462 453
447 299
476 396
296 194
96 97
283 297
188 207
199 287
449 1
36 11
244 436
27 10
65 24
146 292
264 38
320 260
114 210
195 103
129 259
31 232
0 50
95 291
196 123
361 20
488 100
37 386
95 155
125 103
456 394
241 125
136 438
148 448
423 289
75 412
228 491
347 469
40 212
95 146
20 112
30 260
49 462
330 451
364 240
287 67
76 68
380 316
184 486
459 435
325 111
345 51
473 413
363 272
487 137
294 278
245 350
269 433
363 472
88 454
178 280
392 370
145 20
283 73
220 63
353 359
214 66
268 345
474 304
53 140
12 455
7 74
324 6
308 28
59 195
370 427
93 142
377 151
26 419
223 232
410 341
96 321
58 315
46 144
226 59
215 1
464 361
261 355
260 78
409 209
331 15
146 472
317 216
163 413
401 42
268 191
335 468
472 417
287 250
375 133
89 33
307 367
133 219
218 350
227 147
127 133
357 235
280 396
494 489
256 117
472 232
327 100
370 84
41 460
234 183
374 187
307 415
465 108
471 59
94 229
320 87
402 452
377 198
282 356
445 300
77 448
92 362
128 370
9 109
486 118
121 322
339 1
41 377
201 259
493 28
149 47
387 268
90 419
327 53
425 475
496 51
195 465
179 428
294 499
301 366
242 353
320 220
168 83
46 364
163 390
204 306
295 130
212 242
477 61
265 58
148 242
376 491
438 496
197 415
445 73
62 101
138 307
318 330
445 121
99 10
100 276
298 137
74 288
157 401
173 253
