500 1600
21 488
274 380
270 426
319 182
209 195
216 80
456 475
26 103
19 69
417 242
218 298
257 380
410 353
381 460
388 145
433 256
475 140
405 446
489 192
323 375
288 70
414 351
413 367
417 240
316 172
349 327
171 460
180 116
264 403
482 145
192 418
357 354
478 182
416 116
442 427
471 92
9 465
268 25
33 297
442 185
137 345
391 100
460 436
473 60
202 32
398 234
46 219
349 133
332 5
356 250
498 25
216 194
409 266
225 336
228 46
397 112
470 480
283 34
455 86
337 471
315 497
449 485
355 219
138 459
330 429
318 156
269 82
266 329
330 174
51 456
336 369
379 150
266 117
443 473
30 449
136 351
177 228
188 289
201 269
104 152
258 73
248 315
79 280
30 303
282 193
469 446
32 69
279 16
224 151
439 496
183 357
238 209
491 56
41 351
394 295
293 144
436 239
61 495
354 211
427 433
247 278
331 342
179 111
481 457
122 7
100 117
409 42
60 253
139 69
452 278
333 313
61 97
64 315
334 359
483 442
490 476
3 36
204 119
217 44
230 349
235 80
155 283
305 308
412 439
18 160
468 224
105 57
273 248
165 327
100 169
117 36
333 454
184 106
364 153
433 357
211 191
6 114
180 300
10 129
194 243
395 61
465 391
213 219
448 122
231 232
82 212
383 106
369 131
161 198
403 96
185 150
345 68
53 264
183 473
404 426
277 189
195 446
126 122
267 400
468 308
142 196
166 244
84 375
70 351
446 443
325 304
391 234
102 389
395 467
331 398
53 203
339 36
311 171
391 160
459 188
343 6
473 285
436 364
118 172
406 147
238 344
22 310
333 58
339 129
498 254
407 152
465 219
457 289
213 175
447 3
250 406
389 141
296 256
355 342
498 406
123 493
206 176
317 53
72 84
494 79
438 123
395 56
47 194
219 440
78 45
338 366
97 70
293 116
448 127
375 178
191 317
474 164
239 471
459 238
426 7
338 244
323 92
406 143
141 395
418 424
485 201
424 241
188 419
87 428
129 25
381 6
314 296
1 235
366 446
295 346
31 180
154 233
488 284
1 342
442 148
406 291
95 289
407 50
13 308
462 13
364 409
35 319
76 228
454 42
469 341
180 346
356 94
415 364
58 338
34 294
301 90
396 287
399 328
403 402
342 28
227 327
18 210
210 98
234 454
362 349
293 40
394 422
155 168
478 0
276 377
210 37
179 143
164 149
126 340
18 394
238 432
289 224
67 353
299 26
191 410
77 351
238 244
343 205
197 44
459 369
372 156
263 250
447 149
254 74
63 136
207 355
333 6
122 295
184 309
1 19
495 206
40 406
424 289
142 57
89 69
275 310
36 457
261 63
204 321
286 219
87 335
197 184
22 47
102 416
2 400
473 36
22 87
225 192
276 186
196 243
90 121
294 298
346 85
82 217
308 131
384 131
213 351
353 203
237 470
125 190
317 23
300 61
275 269
387 173
52 331
33 51
87 181
351 47
241 461
449 467
89 433
487 102
430 132
275 494
206 402
61 160
390 388
124 181
315 290
115 112
364 287
142 118
89 373
121 309
81 342
231 406
56 480
465 39
211 315
325 148
121 139
404 56
179 400
230 54
463 331
68 100
454 391
143 197
84 232
62 163
157 259
459 47
422 369
135 428
355 60
12 199
89 360
310 431
39 229
37 293
382 355
440 2
252 368
464 166
435 498
479 228
112 316
77 377
60 441
178 177
459 117
46 129
213 410
136 175
287 137
40 465
278 499
257 442
65 474
345 408
433 371
440 129
41 327
388 216
442 438
352 264
384 25
256 393
152 292
144 168
129 140
372 231
78 91
36 322
165 214
332 46
41 178
121 493
11 59
115 377
396 298
305 299
413 175
418 355
167 466
229 221
99 355
404 78
449 97
144 281
324 491
146 115
69 213
350 466
14 179
352 288
368 393
129 218
281 451
188 75
339 334
8 118
234 1
339 213
307 82
469 199
209 124
477 29
56 71
188 254
466 354
293 468
349 457
248 58
244 369
259 189
113 104
398 272
295 359
223 243
265 445
258 240
34 484
278 449
9 384
251 78
373 448
117 101
408 404
476 41
174 149
155 60
450 495
472 229
159 263
420 173
333 268
81 421
251 5
40 223
33 22
362 121
487 23
105 352
114 363
190 112
29 301
482 91
331 480
35 166
82 119
355 39
287 154
11 14
176 320
489 414
342 279
450 34
263 430
398 90
443 94
23 241
315 383
343 197
219 212
186 204
205 149
474 162
325 232
187 89
182 436
379 344
374 224
94 311
431 13
168 443
331 389
120 37
196 261
203 118
178 442
155 88
299 219
413 360
424 463
468 225
86 77
298 258
133 126
339 168
360 345
101 89
466 64
47 216
443 417
490 453
13 185
373 492
143 91
24 275
298 118
54 251
399 240
356 492
106 367
146 492
310 425
49 9
435 127
91 199
25 105
137 7
208 392
360 83
307 443
367 61
424 93
383 224
70 169
391 165
360 400
423 363
362 322
24 320
57 171
411 8
82 483
288 342
482 132
358 439
456 193
218 373
47 438
83 390
75 477
337 138
397 71
73 196
111 411
413 244
109 237
295 407
14 155
319 365
437 221
107 237
448 309
21 278
52 286
473 162
367 417
496 397
66 337
8 1
149 128
152 421
32 353
161 261
285 459
364 76
346 129
398 147
375 197
233 451
59 53
143 93
99 470
346 69
305 291
287 486
388 217
43 159
112 489
371 495
238 194
394 158
370 307
161 338
472 456
198 256
67 453
22 116
93 443
284 202
337 153
185 106
398 162
129 402
384 364
160 335
102 320
243 121
290 363
6 217
367 243
277 414
363 61
4 80
105 67
244 341
167 250
413 196
236 123
216 344
230 414
293 494
91 248
310 10
326 222
415 149
138 163
406 103
293 272
294 40
49 140
440 216
427 195
474 280
255 2
371 163
360 314
409 261
153 443
189 301
259 44
282 85
333 327
224 10
378 462
367 353
185 64
453 245
413 51
280 279
186 141
194 333
449 216
249 404
430 466
399 116
120 287
401 70
156 361
31 150
29 266
77 457
476 313
134 94
42 170
367 104
17 258
398 350
266 367
166 326
367 45
439 114
410 282
479 346
415 363
265 206
478 393
104 295
15 442
492 309
183 7
421 188
383 484
353 165
262 41
69 424
402 415
431 185
164 113
64 302
408 317
455 487
402 309
124 196
126 158
446 233
318 206
450 93
397 239
85 218
70 425
185 168
22 26
80 420
123 499
172 270
380 241
193 217
276 473
27 312
469 430
20 361
211 166
433 280
116 118
435 482
53 426
246 14
212 465
29 407
497 444
316 117
117 298
236 380
140 197
67 468
177 473
65 380
447 65
162 406
351 420
253 443
28 339
255 132
316 0
225 93
252 228
114 210
68 125
32 253
19 63
63 444
148 172
188 148
483 43
47 281
216 90
189 483
122 278
431 77
63 176
192 39
90 37
47 270
157 270
81 476
216 102
468 251
485 107
90 438
299 425
16 146
69 339
214 16
257 341
496 370
369 130
86 426
85 370
40 307
47 140
193 121
195 3
96 457
143 216
348 192
109 1
236 464
173 483
455 111
67 268
103 422
227 163
139 164
38 56
400 150
20 177
24 215
214 407
329 105
484 84
245 498
455 286
198 437
225 76
370 19
490 217
31 191
294 317
268 266
56 371
148 467
337 454
54 30
471 496
52 91
345 113
219 113
477 133
493 252
252 203
451 225
288 96
407 279
318 103
270 78
379 400
348 129
459 24
82 284
263 451
160 330
20 398
169 80
161 8
213 63
272 480
329 170
391 183
201 476
290 135
430 374
293 177
314 28
307 401
107 108
386 424
192 428
232 437
226 294
99 412
9 437
230 116
442 270
14 420
397 248
410 188
453 3
328 321
259 391
203 75
444 277
303 444
416 408
380 134
54 267
134 344
25 189
12 417
445 416
370 425
348 14
488 162
341 299
462 56
445 337
393 373
410 163
179 433
151 46
279 205
306 414
313 252
295 217
73 189
92 279
66 401
344 78
141 349
211 49
266 351
98 131
31 334
107 70
237 256
82 94
405 99
418 289
1 120
121 492
56 387
379 115
55 158
386 115
70 137
99 491
43 433
499 480
380 61
199 295
121 454
84 451
204 213
393 350
17 407
457 446
60 92
416 20
357 105
351 190
117 242
236 184
169 388
186 415
414 434
355 242
336 474
382 417
75 392
353 95
129 313
478 250
49 408
5 481
212 181
485 68
15 227
450 10
38 203
307 252
94 91
489 59
390 396
118 230
23 133
273 417
447 179
489 241
88 134
241 65
487 291
335 270
319 151
299 239
337 203
135 201
336 124
492 456
314 389
345 23
460 164
318 80
189 6
27 318
370 107
254 489
138 428
199 272
233 333
158 484
95 96
317 446
233 292
4 447
311 50
396 269
157 435
157 378
169 257
433 12
68 180
308 494
67 343
45 275
219 228
10 274
477 451
45 336
418 279
407 288
272 39
237 370
495 86
79 246
37 27
173 233
269 342
181 114
255 86
22 356
90 295
480 54
452 303
476 181
396 143
402 392
117 75
411 216
464 499
210 273
388 103
36 229
96 388
321 227
378 31
70 350
334 488
443 353
318 286
146 463
309 225
27 55
266 87
239 316
197 98
165 257
76 368
112 451
145 348
366 63
499 481
118 218
481 17
317 26
37 483
430 105
53 444
131 336
287 193
346 475
203 436
357 292
179 370
80 324
387 95
492 71
210 342
388 135
72 65
182 83
85 197
333 476
45 265
344 406
456 21
443 233
348 364
393 157
287 435
203 474
199 394
319 366
336 10
222 304
324 54
85 407
408 111
230 206
379 394
42 130
235 162
343 154
431 61
127 216
360 29
156 429
346 396
57 447
311 431
339 204
127 375
156 496
386 461
374 370
479 33
172 40
487 367
179 49
143 61
334 451
19 451
276 173
452 300
453 24
177 49
316 140
412 97
288 134
338 405
413 165
200 322
69 360
352 54
398 410
191 493
256 189
214 48
28 295
136 162
182 177
239 162
89 273
170 0
452 349
411 150
118 441
448 201
293 413
209 8
69 459
122 77
352 226
130 445
245 1
386 66
70 186
258 231
99 395
418 354
13 364
49 233
360 263
301 452
278 260
463 437
335 430
376 35
54 25
23 423
442 271
459 300
162 487
189 304
448 37
320 66
133 175
261 40
459 32
356 342
393 267
420 147
319 56
404 212
20 311
310 483
415 114
458 478
294 252
60 478
234 470
47 316
105 192
471 265
401 410
283 36
366 60
121 167
235 121
492 168
46 443
495 94
336 442
351 75
334 166
268 415
403 330
12 318
46 58
422 17
470 128
361 36
107 187
268 478
285 68
446 477
255 428
37 438
485 377
475 108
345 144
33 373
263 359
189 285
124 218
281 408
335 21
366 114
209 312
347 85
10 375
352 162
297 254
71 388
430 205
275 378
37 457
388 334
65 279
364 341
431 192
342 72
394 117
20 281
177 322
477 352
452 317
343 34
172 465
408 356
195 374
329 490
12 227
469 96
155 410
216 270
123 366
428 58
389 195
491 390
475 359
68 224
396 2
175 408
410 160
213 137
387 403
85 362
252 438
223 84
367 316
3 154
43 485
223 148
171 465
237 340
135 72
363 328
184 267
262 485
211 363
485 84
309 259
337 268
280 25
309 197
173 263
490 456
190 431
349 140
393 164
196 141
311 64
430 491
67 130
408 4
436 208
78 164
349 115
133 203
333 208
379 175
378 172
27 41
474 126
176 335
494 173
261 234
147 423
186 24
191 179
341 28
433 421
380 250
39 375
267 427
108 365
330 40
476 243
186 484
357 330
361 100
135 75
18 252
382 399
405 74
107 86
299 423
397 485
460 316
21 451
186 269
72 51
57 254
357 446
47 129
355 235
171 189
74 153
19 248
114 495
39 7
356 190
495 123
16 327
281 262
128 13
344 371
475 209
467 315
363 345
208 162
198 143
75 243
352 371
492 311
189 272
106 358
363 74
342 91
307 259
86 215
9 178
133 55
391 275
138 8
297 97
32 204
14 42
443 483
181 108
42 384
380 345
116 461
86 359
148 331
248 150
230 95
422 356
253 135
451 299
323 107
372 78
140 190
13 352
381 362
171 113
41 412
87 371
295 298
353 387
373 493
493 474
27 254
97 105
208 168
489 147
153 170
201 211
471 430
93 399
265 129
343 434
189 358
296 137
489 448
367 486
56 262
452 185
306 172
19 36
256 353
176 410
154 7
331 102
267 283
36 251
169 370
395 226
456 139
319 1
0 346
283 292
481 14
389 305
26 245
136 39
103 313
352 154
32 407
165 32
281 32
361 404
314 20
123 241
289 420
476 485
309 346
123 279
230 39
460 170
299 274
8 347
248 14
489 252
407 160
290 90
460 402
70 299
424 468
182 153
328 78
485 121
387 293
208 125
196 438
77 49
138 439
303 109
431 79
446 295
227 335
303 28
484 408
50 271
127 190
498 159
305 196
86 173
273 431
328 371
181 33
349 413
20 27
485 49
401 484
105 482
413 218
198 482
91 480
50 322
389 214
35 382
460 31
192 194
247 206
351 497
164 447
29 484
466 101
446 49
116 85
436 119
228 255
320 442
62 29
146 155
491 165
274 483
470 498
202 196
94 7
189 7
157 272
341 371
292 242
146 10
300 237
16 384
448 174
193 278
264 54
35 455
170 232
138 278
152 219
364 418
483 109
291 90
233 58
75 301
231 421
77 266
406 473
239 38
464 255
392 182
147 318
222 177
231 299
474 138
149 476
21 295
460 150
364 455
64 258
269 494
57 471
111 5
135 432
336 230
239 411
225 190
494 106
417 113
234 61
366 362
471 260
367 276
302 349
448 390
285 364
362 195
396 17
115 305
458 113
493 0
228 298
14 267
441 258
291 231
118 127
460 168
75 7
61 181
357 434
10 420
96 350
463 448
243 230
119 476
409 431
258 108
304 34
319 492
192 289
319 435
196 376
129 104
454 89
10 128
36 324
234 120
425 264
137 420
362 187
89 245
58 83
275 32
128 83
459 486
364 361
479 17
497 12
229 140
141 128
81 450
94 224
120 238
164 235
142 114
409 62
152 160
271 250
482 333
497 417
186 25
142 349
371 153
58 16
303 406
121 171
171 342
93 441
15 151
181 176
83 3
355 244
18 135
34 10
479 278
156 92
490 150
424 24
169 247
490 4
449 109
