500 9700
327 426
341 350
72 367
39 243
316 162
40 491
221 317
410 59
320 463
267 254
360 358
438 129
329 53
265 429
38 224
393 139
290 133
131 115
86 220
229 327
487 483
28 447
254 332
487 5
106 289
294 158
463 62
378 230
50 241
282 148
317 79
334 448
7 112
79 21
331 164
107 33
131 42
248 117
274 31
234 258
358 226
174 274
280 273
463 404
462 205
195 399
19 420
124 267
176 146
72 236
26 298
250 446
404 493
21 128
444 306
105 278
14 98
302 421
91 169
216 28
323 63
378 41
289 360
375 209
341 279
481 394
436 346
320 412
383 431
482 384
210 228
160 171
161 267
277 272
275 360
299 405
69 292
214 155
452 179
408 8
251 15
212 306
398 395
351 302
88 427
361 84
282 476
415 187
246 454
349 100
364 378
285 56
251 206
164 458
452 489
119 289
445 112
263 380
179 232
42 326
115 149
150 133
92 78
81 61
425 394
25 37
230 171
195 29
338 8
203 137
189 437
89 378
439 419
441 387
372 315
10 349
242 417
171 304
432 300
192 169
177 142
299 34
261 339
137 273
62 5
292 151
30 59
133 346
480 355
222 77
499 40
294 308
0 482
455 252
125 165
405 252
403 261
24 229
386 168
243 399
66 478
478 382
314 377
470 2
241 314
246 425
373 279
156 306
71 50
347 205
383 196
382 213
95 385
382 6
204 394
120 6
423 70
92 380
75 481
402 287
148 264
390 16
82 285
142 78
266 111
420 243
324 165
493 114
436 215
367 143
154 246
471 186
381 448
362 248
277 445
132 242
321 264
202 255
310 173
159 48
318 7
480 138
365 477
418 148
0 262
394 185
223 81
260 374
163 137
2 146
48 479
5 413
169 210
467 449
197 232
25 268
20 368
184 374
275 393
408 457
459 368
103 343
82 451
477 288
356 213
40 357
22 484
91 413
400 183
455 359
348 188
73 380
371 446
352 323
434 411
5 61
100 467
108 36
30 81
71 109
449 270
75 62
401 377
418 241
279 442
274 67
118 274
307 473
18 436
8 496
429 466
299 403
38 218
426 74
59 92
401 498
6 283
65 327
119 339
191 62
128 356
436 122
346 455
195 293
30 470
81 12
5 325
269 37
136 447
466 188
405 304
264 164
438 482
64 386
291 17
37 403
28 132
368 141
465 111
402 225
102 233
231 64
350 73
370 92
37 15
408 334
418 391
327 343
15 207
293 197
386 217
431 180
400 10
420 106
240 219
430 163
61 442
103 495
109 53
163 337
415 367
332 489
372 498
173 80
156 36
320 0
341 262
317 21
36 390
437 150
52 62
318 203
205 106
292 304
239 227
160 180
351 383
191 377
310 47
31 117
9 160
159 254
25 158
183 306
401 473
3 282
280 209
148 451
309 83
176 43
498 161
333 154
61 22
390 143
416 178
202 277
266 253
124 452
106 87
107 496
481 230
264 57
202 329
203 486
323 81
51 398
156 71
337 315
2 137
492 120
87 116
25 99
363 452
53 334
392 199
425 438
240 177
114 483
212 286
30 412
476 214
340 17
167 221
349 399
336 344
277 44
137 70
316 170
139 159
254 123
132 59
340 24
386 190
459 467
488 14
474 3
15 26
314 13
2 117
89 144
8 393
178 131
219 452
34 6
175 240
303 477
411 11
225 43
398 227
47 178
179 331
172 416
72 216
196 358
146 122
279 6
97 340
288 351
406 309
476 266
223 42
228 146
173 249
11 293
339 200
116 436
185 289
61 14
229 75
188 61
58 100
465 101
154 294
393 196
87 9
235 195
409 67
379 110
44 451
208 263
350 313
230 401
189 215
228 339
43 345
485 396
111 425
301 15
133 27
151 471
93 196
372 456
23 469
320 177
238 339
132 189
42 309
126 440
45 135
68 261
213 259
284 307
160 433
189 476
115 487
14 359
321 150
269 5
160 130
306 70
59 316
444 331
206 136
451 296
6 427
299 431
3 423
10 208
169 25
340 251
481 302
188 469
53 72
308 159
358 287
413 59
128 116
436 377
118 380
402 360
412 120
257 210
444 291
365 265
32 170
78 187
379 21
212 377
186 442
428 265
91 314
250 108
170 216
8 162
311 190
150 149
35 251
109 137
187 142
2 479
13 442
490 108
391 142
433 17
374 97
281 396
211 53
321 13
65 123
90 266
370 26
287 412
248 232
489 476
266 1
316 312
492 191
30 159
173 102
300 455
285 287
84 373
238 195
296 249
219 8
447 375
421 41
237 423
387 358
80 100
89 10
86 260
21 326
189 333
399 485
344 291
139 476
287 168
457 321
412 133
131 298
491 325
225 307
377 254
228 244
254 203
426 140
322 217
288 76
367 168
138 278
394 209
400 348
286 110
77 159
425 329
383 240
426 43
169 122
1 234
232 218
315 252
344 129
317 358
388 214
353 283
105 50
61 291
149 371
145 267
146 97
138 452
42 180
5 137
194 15
248 207
305 458
463 452
126 257
48 488
71 425
252 140
31 65
307 484
307 364
371 189
353 376
292 442
281 149
489 155
150 221
366 415
242 80
160 404
218 337
240 447
172 163
36 312
52 111
253 11
70 461
307 115
313 301
73 243
357 444
293 168
227 252
215 99
489 387
9 26
377 332
461 103
161 193
268 326
408 184
248 393
209 473
194 340
137 82
23 442
341 366
427 180
420 267
107 38
75 107
19 237
453 459
257 280
210 438
11 266
410 278
289 422
122 344
104 88
394 157
461 83
190 238
97 427
154 302
418 45
151 78
49 265
71 270
311 185
490 100
483 176
0 376
486 33
276 230
281 177
333 66
254 227
264 235
306 28
148 294
287 16
445 344
44 114
382 242
435 206
30 397
482 247
476 441
8 328
386 370
114 281
66 182
286 389
470 204
49 113
485 281
66 295
379 346
393 287
146 141
73 64
413 375
187 367
215 306
460 324
226 89
54 48
26 215
220 218
278 125
227 128
227 425
496 436
261 25
237 43
190 16
336 107
424 416
301 372
420 395
157 271
444 384
419 254
416 428
194 235
156 388
398 386
65 33
425 472
178 345
198 165
0 380
276 162
359 281
253 246
104 20
320 326
65 64
89 217
419 63
448 310
273 261
403 339
348 498
480 5
190 435
488 184
396 232
52 225
126 357
395 92
122 117
134 196
381 466
1 337
83 1
466 180
103 429
494 256
405 39
30 15
368 248
165 295
414 116
299 127
53 252
103 76
49 393
135 8
200 329
470 13
203 247
323 380
265 378
345 191
460 70
479 460
110 257
339 320
124 324
407 345
171 31
133 55
398 33
47 357
132 421
435 306
342 445
428 383
337 229
191 205
75 473
237 347
485 53
452 224
444 231
267 138
438 22
274 451
395 196
118 447
343 146
406 280
113 154
2 297
422 347
9 142
316 234
105 225
102 58
305 16
469 38
159 13
27 420
421 212
329 135
318 430
446 19
408 194
208 438
449 135
370 96
86 73
239 28
477 247
293 147
317 436
337 295
99 172
147 236
167 434
413 64
241 277
313 206
475 375
435 450
382 269
155 34
277 73
175 111
438 486
360 370
16 45
482 112
319 200
468 328
294 188
49 318
191 398
286 19
327 467
173 449
379 382
427 80
347 426
390 126
245 297
253 309
170 484
89 244
267 78
355 107
479 222
305 493
136 496
72 371
160 450
485 350
438 119
391 261
484 401
486 140
52 304
372 490
245 12
360 151
90 205
223 228
405 270
298 136
218 135
106 460
32 162
214 250
329 97
414 412
235 374
278 394
111 152
382 337
246 379
494 325
1 263
219 298
236 181
60 341
461 361
191 184
102 134
345 319
388 11
98 323
437 499
441 303
81 261
133 360
212 261
466 335
323 127
21 244
495 194
498 240
6 173
457 448
406 187
397 180
268 422
352 180
106 229
411 122
403 368
327 213
479 209
110 190
110 107
225 65
104 42
375 271
119 117
498 339
146 92
65 334
140 474
43 277
498 377
336 75
170 99
243 174
387 264
165 336
130 314
423 296
412 278
184 392
150 355
83 187
16 486
357 73
417 232
436 69
60 166
219 213
69 415
412 438
482 186
435 220
67 422
10 273
109 182
145 279
194 277
386 29
448 333
68 147
116 294
8 429
73 312
50 6
373 361
58 251
293 9
327 203
132 239
451 467
328 275
433 497
4 376
292 230
438 399
49 107
234 254
247 314
113 13
381 48
449 140
413 380
203 400
269 134
412 319
28 492
35 391
309 86
455 23
315 136
247 97
249 82
338 497
466 111
64 420
153 224
63 230
165 115
379 211
170 415
101 90
303 232
92 431
109 265
61 418
273 384
46 377
156 408
107 463
156 317
109 78
62 499
261 252
82 309
380 52
270 377
473 375
232 296
478 282
487 489
282 285
187 365
285 379
152 313
349 135
111 336
18 453
73 94
397 277
190 37
475 269
118 153
19 425
457 367
152 95
44 220
300 24
466 305
138 467
315 64
349 281
25 110
455 421
428 38
179 425
205 282
344 447
175 62
467 433
5 180
298 441
492 427
72 483
497 51
28 126
141 166
96 392
444 458
115 302
122 163
490 84
75 115
42 312
292 401
475 328
119 432
263 194
400 191
309 476
198 194
188 91
172 98
304 279
488 175
184 330
385 296
353 158
438 96
132 238
276 252
343 31
14 126
70 251
417 233
73 458
190 340
59 299
120 189
157 75
153 3
219 417
465 46
105 248
167 488
269 383
168 149
15 343
55 94
430 332
242 273
272 261
96 364
184 289
57 340
97 87
118 188
417 217
214 239
28 261
33 492
16 34
257 70
100 396
92 49
322 116
433 82
103 173
174 8
142 472
144 105
5 12
123 118
315 275
367 65
294 204
440 58
384 351
29 93
138 134
422 168
44 405
138 2
263 16
262 305
70 201
390 73
205 329
135 148
379 453
449 271
179 216
67 216
194 220
125 376
14 52
115 415
234 385
337 494
46 189
222 87
131 441
314 376
7 366
382 391
484 457
39 128
480 208
38 48
153 180
379 398
472 44
159 141
187 175
235 183
156 256
457 486
391 332
207 203
440 90
498 156
379 143
111 209
170 0
124 41
293 273
411 431
67 110
412 334
161 182
348 74
477 468
117 295
482 302
222 211
209 182
495 154
406 260
104 304
56 332
39 54
45 335
235 322
52 452
196 321
186 306
328 370
277 95
33 85
434 420
481 318
387 147
208 436
210 147
300 456
34 495
183 15
325 360
87 306
325 486
378 13
79 215
447 175
424 482
212 113
58 69
469 233
314 231
82 378
305 495
219 355
93 293
108 71
108 316
255 266
461 125
282 357
229 228
149 56
53 161
55 350
13 11
113 447
94 494
145 48
260 393
419 8
216 355
476 472
169 10
362 153
84 42
168 251
195 413
66 388
280 149
95 465
2 308
46 303
38 156
310 27
93 170
287 385
14 450
73 137
13 10
188 224
479 11
212 29
303 246
17 46
244 440
312 375
371 116
288 245
83 90
426 285
39 332
148 419
9 2
232 332
348 339
447 485
465 310
110 108
300 428
327 349
89 158
465 121
91 10
264 150
321 228
88 301
209 18
415 297
336 15
44 363
480 488
160 30
108 24
138 132
22 349
199 261
320 374
423 384
32 49
13 24
415 262
291 13
80 216
65 43
283 445
190 71
5 73
105 284
34 421
127 225
90 409
399 70
96 262
494 11
475 356
165 258
373 448
387 276
126 275
13 233
340 415
84 132
355 76
335 172
247 163
108 347
2 298
460 57
128 183
190 107
147 376
417 2
21 269
421 166
95 313
431 149
328 379
144 355
123 195
488 37
95 279
392 489
288 267
294 392
120 161
268 0
435 174
106 306
8 251
255 435
101 135
266 427
356 111
381 179
459 398
335 414
108 120
206 383
191 478
424 160
292 474
371 95
170 456
368 469
296 464
440 267
334 42
200 305
390 421
478 248
172 362
234 273
315 482
65 258
375 336
127 234
96 319
379 403
238 111
499 128
456 384
466 227
178 259
486 43
288 474
364 239
478 208
155 382
308 127
229 209
157 338
23 105
412 471
219 110
288 242
375 101
347 325
331 467
365 163
91 251
300 414
491 462
195 464
355 422
92 464
386 166
157 72
476 162
422 389
390 283
156 490
309 459
113 164
15 169
219 468
146 57
45 78
493 361
459 360
211 15
28 142
119 292
55 79
196 472
216 177
465 146
393 424
310 355
127 98
444 40
250 416
238 97
409 479
104 43
237 181
137 115
129 45
275 394
40 339
274 272
261 102
432 130
152 71
394 90
29 104
93 179
235 307
305 145
458 221
153 286
290 221
398 432
395 269
92 405
485 117
119 140
213 184
368 393
460 192
167 389
145 455
198 390
411 166
20 4
195 147
62 250
50 123
146 20
109 344
343 301
106 407
382 417
392 233
129 8
334 56
76 54
289 15
167 140
313 330
116 18
111 239
5 300
392 484
131 134
302 496
91 127
238 126
13 332
278 452
12 311
35 8
458 335
374 174
348 316
80 35
143 414
119 165
451 222
196 5
271 121
39 499
323 487
475 465
117 199
469 499
0 65
257 222
419 247
494 332
193 312
131 253
313 423
351 7
169 375
190 407
156 120
156 258
32 404
367 306
70 16
18 13
159 111
287 339
340 444
82 352
430 399
103 372
321 12
287 386
167 179
294 173
261 347
485 248
221 69
200 158
164 480
185 392
151 368
413 85
80 9
484 327
170 452
171 90
240 414
152 275
68 270
473 241
206 25
138 433
248 308
226 185
157 490
490 21
491 16
324 306
319 18
45 410
359 476
284 225
20 330
274 10
209 264
169 281
393 211
31 178
27 280
128 452
206 278
18 275
158 189
228 270
212 487
70 283
153 420
419 312
133 440
296 459
82 158
347 275
187 455
282 226
28 160
411 156
28 495
163 102
451 100
377 272
384 464
254 29
416 105
41 477
412 370
364 486
424 201
405 57
249 172
457 391
75 35
458 376
202 495
468 163
26 344
66 56
372 465
127 209
495 107
239 473
113 127
299 384
160 467
413 207
477 445
11 221
309 352
132 120
153 403
473 9
199 360
283 477
56 429
293 355
200 288
351 234
347 286
176 478
237 362
429 79
454 424
114 254
158 165
98 42
323 56
27 187
439 127
454 317
259 60
137 113
251 272
373 308
105 447
93 385
231 290
471 351
336 257
175 146
486 351
494 361
492 174
254 476
431 99
390 400
448 88
446 462
347 467
253 250
18 475
430 178
338 97
346 337
449 182
97 246
50 95
395 476
220 288
232 402
54 70
130 181
244 463
2 354
274 130
164 410
469 73
392 325
325 329
209 211
427 242
258 192
319 113
124 6
436 108
425 419
331 303
333 358
481 212
365 59
211 305
25 463
328 345
473 318
339 152
204 73
183 447
347 140
88 117
43 434
46 212
335 57
96 411
286 441
478 408
362 68
213 432
204 97
37 122
96 193
381 314
318 181
463 479
166 245
322 260
397 133
400 317
276 8
482 426
335 272
451 464
350 35
271 263
357 312
135 196
212 165
170 68
264 482
319 470
156 236
355 174
304 56
336 2
284 70
88 457
17 89
53 281
17 283
376 280
324 317
483 340
419 136
302 495
332 279
88 402
1 429
496 435
72 101
220 187
202 76
145 379
89 43
394 200
205 416
35 92
121 306
26 378
380 175
284 122
323 17
259 232
10 455
458 443
10 141
304 453
320 246
73 417
244 248
119 188
359 138
247 366
288 43
352 358
208 211
33 425
472 243
318 211
193 385
263 299
455 253
189 284
287 87
480 487
332 335
91 285
478 373
306 239
282 128
71 165
118 88
377 346
220 493
139 166
418 457
6 193
327 479
439 104
113 435
142 51
253 331
115 305
351 153
120 323
222 379
225 161
399 412
209 202
9 133
288 218
180 210
69 188
483 490
479 377
162 283
23 255
390 220
418 497
417 496
468 318
111 96
180 499
21 12
287 238
229 70
291 360
396 183
196 458
312 169
369 109
476 354
312 328
292 372
242 298
57 52
14 301
411 102
233 465
221 224
274 308
96 95
160 205
103 109
247 135
116 319
464 466
131 175
155 117
447 286
481 499
422 68
149 486
231 163
141 252
361 419
301 61
129 55
1 464
371 350
320 170
374 89
214 276
62 168
242 52
414 256
209 451
31 154
137 226
60 231
44 155
276 367
279 441
120 490
56 108
91 112
108 311
290 0
230 25
471 13
105 393
328 77
241 490
433 375
232 133
242 467
46 180
393 175
303 417
155 318
390 24
153 167
274 456
227 56
405 480
233 153
381 309
493 32
223 475
307 205
73 327
326 197
495 87
53 307
256 98
231 362
275 24
130 123
166 192
274 397
228 96
302 217
493 97
429 434
154 295
72 296
187 122
474 101
392 351
178 228
8 238
244 326
169 12
372 324
225 39
114 469
394 490
281 465
431 91
139 350
144 77
239 398
478 61
106 257
246 8
110 470
488 122
190 47
365 336
302 329
172 83
63 29
25 315
326 310
8 182
166 115
447 211
75 80
99 390
481 44
27 136
317 452
330 128
162 115
267 19
373 76
48 336
225 312
53 237
294 135
135 308
118 43
184 398
251 271
302 267
381 337
474 408
188 99
496 178
372 464
184 11
468 173
454 97
431 231
31 61
374 293
1 454
161 100
123 269
480 378
289 283
465 211
85 41
172 369
108 15
234 176
36 387
490 175
103 399
230 105
489 339
368 107
193 245
471 94
16 146
232 288
98 384
71 44
201 99
127 53
75 161
391 471
499 237
48 369
202 144
194 280
418 332
239 156
48 335
461 383
367 4
458 308
325 8
278 402
210 252
155 45
160 13
392 42
155 175
374 91
365 200
190 408
254 167
225 6
134 37
91 349
334 21
201 340
254 439
163 497
203 393
92 316
281 318
112 70
12 348
385 284
21 48
415 357
167 391
418 493
178 367
216 484
456 197
398 151
210 392
186 324
448 4
82 148
407 166
33 132
434 321
107 91
137 197
22 214
80 54
410 334
267 171
428 240
338 299
157 6
444 361
39 52
102 338
369 306
80 354
377 252
395 418
499 160
73 384
205 470
374 13
239 380
455 25
41 352
264 11
264 394
222 251
299 348
401 156
478 156
232 5
133 434
457 21
338 378
197 53
203 58
455 499
6 42
330 442
21 239
425 362
12 456
488 255
240 99
417 132
491 5
447 145
13 171
50 474
1 485
1 358
412 113
179 221
50 364
455 306
398 241
254 350
56 172
39 207
337 166
2 103
351 291
491 222
228 180
389 179
159 458
117 313
428 52
76 307
259 422
119 163
46 59
448 324
445 81
484 447
252 472
216 91
402 426
19 373
358 75
202 41
44 406
355 48
52 33
24 296
35 60
263 279
93 81
410 110
148 4
63 224
189 169
406 254
89 39
25 313
459 251
233 383
185 49
27 395
430 234
232 210
252 84
328 45
408 437
233 75
134 394
80 423
219 18
105 453
470 401
480 162
232 136
429 258
30 487
489 79
5 365
273 354
408 4
38 275
280 231
349 76
228 177
286 21
305 113
443 422
488 428
151 96
389 496
147 480
2 36
116 417
438 310
146 457
471 67
210 355
110 428
414 275
224 292
173 339
253 20
253 494
16 465
326 405
241 1
419 262
344 137
6 433
252 376
372 274
399 352
102 293
64 28
365 315
38 288
481 335
287 20
306 160
182 408
330 306
280 190
87 498
211 262
329 240
189 17
245 18
112 248
363 287
80 4
3 376
104 430
455 457
474 228
140 95
365 458
499 339
118 6
115 172
108 70
119 330
113 139
55 398
196 45
77 366
41 414
155 79
347 179
180 188
360 453
204 125
491 476
392 39
429 182
387 5
156 366
115 262
162 189
46 461
133 233
386 305
380 410
302 23
309 321
157 312
202 256
265 298
192 147
124 434
186 426
277 371
398 269
72 245
230 254
70 381
34 426
290 410
475 239
272 207
160 475
132 298
217 284
479 207
227 392
242 241
255 249
97 218
475 157
177 258
219 34
416 181
324 480
459 297
339 402
381 151
22 309
0 74
165 357
473 305
385 54
337 69
338 355
311 480
431 86
377 124
371 153
131 232
178 221
297 497
116 164
431 440
398 25
142 243
337 167
413 196
260 262
367 3
152 310
232 381
179 110
49 245
189 470
25 42
306 192
132 264
320 176
103 53
183 93
229 413
275 193
404 130
414 194
254 78
70 241
85 463
487 419
213 411
9 412
227 160
420 366
239 223
246 442
201 359
345 422
38 141
254 190
65 490
298 130
458 87
137 40
167 248
2 58
44 258
395 347
168 6
428 190
386 392
423 215
135 422
186 103
471 224
227 218
295 260
398 303
321 191
212 15
58 109
202 320
128 51
253 460
327 9
442 154
490 1
181 456
80 186
26 257
91 415
442 399
469 4
447 335
440 395
257 470
19 362
40 18
155 247
275 291
162 389
18 443
413 227
43 399
112 420
457 381
287 137
294 401
182 421
15 199
60 252
277 87
275 336
481 308
368 56
214 178
434 418
26 118
488 365
412 269
487 279
467 101
106 135
266 268
122 439
493 314
331 442
367 60
98 240
402 336
137 383
154 315
177 161
381 269
41 57
101 408
110 97
484 385
207 332
340 80
43 416
93 481
497 114
299 79
217 28
471 492
137 416
265 381
149 341
265 248
4 181
51 146
326 50
9 438
351 110
11 167
146 18
443 498
238 60
457 339
32 372
245 37
307 122
495 393
114 375
145 377
130 334
342 66
94 381
499 28
174 128
224 184
61 388
345 475
368 381
171 300
332 455
62 340
143 352
282 58
251 148
65 463
480 269
52 466
450 206
216 295
19 241
176 191
465 38
328 235
446 366
64 196
66 136
146 498
421 461
426 299
434 252
460 168
110 458
451 95
287 39
371 278
0 210
231 195
494 292
308 424
102 174
490 193
303 278
493 68
221 177
362 419
385 295
406 440
201 240
367 470
199 414
478 483
420 265
376 390
307 409
35 61
460 346
215 187
446 74
85 173
286 334
99 482
173 108
367 114
39 66
267 346
72 120
460 474
152 460
391 193
6 218
230 495
39 397
343 365
157 55
392 238
144 56
1 119
106 53
183 276
352 169
210 393
253 173
364 291
181 182
454 399
381 209
182 148
185 133
425 209
114 46
422 244
183 414
93 246
186 498
368 293
298 158
352 241
195 2
369 105
427 419
411 146
213 338
405 190
345 296
225 17
34 18
154 82
298 486
206 490
235 26
363 119
16 17
308 40
330 388
222 391
467 430
423 443
107 459
197 488
309 143
26 328
200 1
340 90
1 328
445 275
366 151
448 453
120 80
462 305
312 75
169 41
23 144
156 395
459 290
499 452
247 145
407 87
498 254
456 306
407 435
419 179
150 309
451 155
353 325
194 323
412 483
146 408
387 119
410 383
423 21
184 381
471 333
172 235
398 135
191 348
404 101
451 331
482 172
200 337
416 57
302 457
145 225
267 331
321 193
242 227
270 319
198 95
186 315
313 329
176 150
263 59
472 330
477 296
207 150
268 290
291 301
45 360
295 57
499 197
417 205
89 128
367 21
307 153
147 317
169 311
72 253
5 9
303 394
223 7
13 81
230 465
79 95
414 281
360 220
299 482
84 232
117 17
157 308
370 284
30 150
360 184
322 326
108 242
395 126
130 311
274 428
432 265
368 339
144 237
428 220
310 337
90 73
428 484
225 239
263 33
227 480
262 268
440 171
165 381
164 89
324 234
226 404
269 192
176 466
384 14
278 448
290 88
213 464
104 475
190 93
190 262
364 9
414 71
149 203
314 326
320 368
66 431
471 318
419 476
182 297
448 141
344 274
312 296
452 74
471 265
190 8
251 379
339 26
274 59
478 137
87 273
364 345
53 468
271 436
478 464
259 482
179 61
258 78
440 372
90 464
305 481
201 86
75 236
469 134
249 250
277 59
22 151
167 212
214 274
376 179
63 343
468 31
376 341
340 43
182 374
164 439
337 223
331 171
488 154
3 445
316 190
29 334
296 28
471 401
279 434
143 282
74 279
215 387
431 365
298 339
51 183
198 46
92 409
460 49
306 409
341 352
243 121
244 48
364 191
149 161
255 131
133 367
419 460
450 239
32 113
386 42
7 474
306 99
363 400
27 156
281 467
369 204
277 276
373 0
164 207
363 383
81 98
8 495
129 468
342 30
198 110
74 174
221 387
349 341
493 438
390 196
398 423
161 314
142 190
231 321
323 121
445 65
310 46
193 345
13 398
398 266
229 78
145 358
316 62
370 64
234 137
91 97
160 77
23 368
282 219
214 83
437 391
482 338
174 46
183 130
241 495
463 199
86 338
348 335
313 300
214 124
243 269
102 222
217 325
234 449
91 323
168 110
461 366
125 348
97 391
3 84
307 444
69 244
323 1
283 334
300 199
159 426
486 76
290 390
154 220
462 267
52 234
213 68
233 448
357 157
62 475
348 18
468 10
164 94
298 279
440 113
364 221
120 389
125 212
292 205
260 427
223 365
54 153
31 428
464 267
376 204
193 229
490 3
32 441
396 470
207 331
50 349
164 226
197 247
59 16
96 146
393 54
166 15
229 92
369 169
489 406
271 141
128 133
21 402
18 111
169 486
121 444
138 40
62 16
247 402
254 248
319 74
77 103
121 9
451 229
64 345
9 140
181 436
354 107
104 133
230 435
380 406
51 317
267 244
375 302
199 473
467 322
368 14
364 421
196 425
446 188
231 134
233 157
79 406
101 240
386 204
277 293
72 85
235 86
485 185
479 422
375 161
236 468
264 174
313 78
182 277
263 319
112 128
448 287
92 148
438 181
440 240
79 343
146 267
206 110
402 199
59 407
277 11
211 298
13 44
152 115
86 197
183 148
146 15
307 411
348 70
413 356
51 482
467 167
33 243
475 123
37 231
498 470
263 318
314 401
359 327
495 494
217 229
403 294
325 270
227 305
283 234
415 326
292 167
221 462
399 19
306 84
469 207
318 333
88 163
62 306
489 107
21 432
425 481
314 139
204 372
481 74
202 9
447 202
428 313
167 280
66 204
224 304
105 429
90 21
72 495
404 426
66 162
180 277
374 113
423 99
0 273
236 240
17 326
283 160
355 186
240 430
4 1
249 339
274 342
364 457
453 291
309 443
498 404
61 122
309 199
478 82
183 385
25 90
274 438
216 454
187 223
133 308
332 402
91 52
31 23
356 57
220 344
283 1
456 66
308 187
54 29
177 10
71 15
358 20
236 321
351 135
16 27
43 408
144 185
76 266
368 405
400 253
333 490
240 361
489 49
177 64
262 46
119 429
235 472
247 378
243 430
345 391
86 52
324 325
351 217
87 347
136 146
345 41
137 474
115 324
401 357
322 190
470 325
24 4
268 79
108 84
231 62
321 162
402 263
227 91
325 46
365 426
90 402
99 163
185 462
177 439
0 31
339 454
49 69
361 330
57 494
31 396
266 348
38 412
397 2
417 3
7 107
94 347
65 278
238 2
17 440
119 132
457 61
270 130
111 232
145 442
246 364
345 100
106 412
155 46
271 282
405 296
134 113
338 101
53 7
134 166
361 59
24 157
451 254
77 465
248 470
10 295
478 187
32 157
141 157
95 153
173 204
233 399
206 280
483 300
375 45
95 467
166 442
106 470
285 83
65 253
166 393
444 245
320 338
205 151
186 478
407 188
410 104
144 179
219 252
216 152
184 104
287 113
291 377
225 414
404 425
211 349
328 311
401 220
294 412
143 11
357 81
323 393
207 84
318 205
311 240
408 12
62 379
354 449
85 472
220 230
179 28
241 44
198 283
148 26
483 38
285 68
465 375
364 468
88 228
170 226
276 262
271 397
267 62
90 375
382 394
53 227
474 322
318 58
153 423
93 297
77 338
352 90
111 65
31 315
19 363
44 306
260 271
45 236
175 496
139 117
493 363
497 483
45 443
273 111
90 476
441 226
404 447
411 322
375 308
481 291
244 224
334 365
43 484
2 154
159 226
496 167
316 115
496 335
398 312
405 87
285 327
285 348
176 348
302 377
299 465
434 361
51 221
145 409
48 123
112 168
345 399
145 330
269 237
118 382
420 104
436 441
211 374
42 198
282 118
463 287
415 462
176 382
252 151
217 445
498 316
419 106
51 180
179 197
253 35
335 347
235 358
493 217
375 394
414 24
488 298
486 193
209 239
352 467
371 348
230 152
396 438
27 353
60 101
420 129
367 254
241 416
144 399
33 126
305 123
285 405
191 98
42 140
416 248
34 35
224 238
69 487
218 285
375 75
441 202
398 287
376 214
237 81
202 432
325 152
51 216
305 444
334 158
321 31
182 125
208 190
407 220
353 114
194 416
423 309
129 430
200 83
126 204
366 168
388 489
25 28
477 32
46 75
269 253
80 187
112 438
423 458
368 252
372 418
342 230
455 47
222 306
49 485
427 483
135 69
333 348
496 31
167 362
181 102
165 444
32 211
19 498
206 343
360 472
170 251
45 169
357 162
125 298
342 212
172 88
213 474
33 7
189 435
402 264
282 88
382 378
430 238
152 480
456 57
278 263
164 390
54 334
379 484
37 16
230 114
271 277
377 74
354 213
388 235
213 3
180 468
74 225
447 47
351 411
218 62
478 306
128 150
326 403
356 15
159 422
1 19
30 80
81 69
320 415
342 314
448 370
470 24
291 172
444 193
213 320
68 94
370 331
72 279
399 452
348 389
97 128
67 346
183 22
163 414
484 295
483 223
361 449
16 290
79 113
83 233
338 274
350 451
485 358
64 175
97 292
396 66
397 107
308 463
46 287
258 137
190 299
255 322
205 57
24 156
1 36
53 241
321 281
339 180
261 473
460 387
193 396
154 421
256 439
218 312
421 286
431 167
274 424
141 70
498 286
437 176
73 363
398 75
321 426
146 249
487 153
330 163
366 256
328 156
295 398
29 25
191 33
11 123
417 227
360 204
350 174
431 287
68 288
109 153
61 436
120 85
354 459
442 106
67 401
154 177
68 159
454 395
17 63
264 136
409 77
325 45
197 443
164 2
110 12
229 47
409 148
388 364
11 205
72 127
389 51
46 118
86 198
490 337
272 397
266 407
202 155
205 24
340 181
93 222
229 99
204 21
307 274
498 83
426 231
333 235
178 151
381 9
397 430
126 184
311 181
375 21
401 107
76 188
424 366
345 371
102 82
450 46
350 277
489 43
144 166
268 108
237 228
106 14
215 131
102 48
105 167
201 247
22 80
211 175
398 127
328 367
153 368
297 111
294 67
370 301
288 47
355 348
349 266
69 255
159 358
173 255
67 472
104 443
389 9
243 265
327 376
387 199
15 435
366 495
440 21
166 54
16 456
194 488
17 155
77 93
473 220
428 16
174 140
128 188
293 75
81 412
166 483
188 465
119 393
304 30
121 443
357 416
21 445
361 469
170 479
407 466
321 95
39 493
214 206
381 438
28 277
109 339
229 147
390 168
340 204
11 33
331 347
214 334
389 229
292 387
488 300
243 406
367 82
374 24
151 270
24 418
386 203
47 398
306 394
145 243
15 192
262 455
11 170
98 317
456 74
376 66
8 378
135 358
92 107
0 176
199 412
33 335
74 255
142 294
67 40
137 215
36 345
283 455
438 462
382 205
76 298
211 212
342 219
276 134
288 381
126 456
333 166
394 370
454 220
183 101
250 302
367 370
263 18
468 158
363 99
145 108
6 298
262 402
248 387
356 33
211 287
383 133
337 264
374 348
304 470
23 304
11 47
156 28
334 391
72 445
493 307
326 8
34 463
355 192
253 199
409 258
280 108
127 0
344 357
184 36
264 481
141 175
212 270
47 245
361 21
119 81
441 330
263 29
99 275
59 389
377 97
324 444
19 455
113 370
329 457
201 276
409 15
326 264
105 474
114 304
32 59
469 152
430 479
278 310
417 147
233 224
162 192
486 409
149 366
285 332
148 43
328 373
425 305
325 72
122 389
1 219
167 12
224 145
249 383
198 201
47 347
425 83
213 95
215 266
339 147
111 0
26 320
182 55
450 157
463 336
141 98
150 40
406 454
396 35
12 313
362 382
198 253
356 330
202 24
497 206
338 116
266 417
221 419
124 135
354 278
325 388
136 499
354 493
312 60
33 488
21 403
378 61
53 370
96 413
27 175
398 118
421 234
464 485
360 15
187 488
280 29
214 297
206 222
175 419
12 319
17 49
213 124
40 36
241 73
156 96
22 228
366 96
438 466
404 229
344 201
34 315
169 221
142 109
361 50
358 56
402 185
38 52
484 123
16 480
158 420
329 163
234 207
341 91
135 426
232 233
150 55
42 370
34 382
132 90
444 301
85 427
171 128
104 51
118 371
380 151
238 358
269 90
207 16
204 219
82 472
324 329
483 357
88 160
344 440
46 102
364 116
362 383
394 115
377 354
164 206
208 285
299 266
127 84
201 222
362 16
411 473
48 18
36 219
194 108
157 115
248 499
327 218
225 425
265 73
420 59
214 192
323 44
373 421
85 257
42 405
379 414
268 209
396 185
372 343
6 106
456 14
304 186
200 37
181 423
450 315
412 321
4 144
27 198
250 453
337 40
67 383
300 413
171 39
470 434
123 46
439 196
394 186
465 364
248 81
349 352
230 453
489 27
65 215
437 174
23 135
131 96
224 254
482 395
290 446
57 394
439 482
58 22
321 405
157 380
203 472
281 72
44 459
44 12
97 196
132 279
420 85
142 233
197 258
60 28
243 222
185 67
164 216
416 28
440 459
113 303
330 272
27 8
458 430
476 137
390 334
427 464
389 313
427 303
461 484
288 437
328 356
385 479
413 240
90 462
102 164
280 443
17 369
233 268
74 284
48 324
436 232
22 55
205 279
337 292
1 232
485 91
483 476
466 454
446 297
95 228
144 16
180 480
51 65
391 359
230 225
471 289
117 20
19 160
257 91
385 476
192 389
103 128
315 94
46 98
204 406
149 140
464 51
70 73
166 406
129 197
75 158
340 191
166 365
223 426
483 415
213 21
457 57
160 106
376 345
250 169
334 209
441 52
374 408
187 67
155 212
462 383
388 16
74 82
166 124
286 146
240 394
20 76
122 407
49 429
173 215
12 467
255 308
332 94
190 246
447 282
418 396
428 475
201 441
248 303
155 104
26 496
383 227
469 408
321 332
437 382
322 145
142 62
329 369
428 15
424 440
193 327
276 469
35 380
82 144
100 201
91 460
442 371
310 361
20 239
139 425
120 239
411 240
310 75
445 135
141 100
479 225
485 330
35 298
266 441
178 412
373 188
483 379
203 467
271 338
389 154
404 34
235 164
270 226
192 451
435 254
160 18
175 15
136 189
209 305
472 53
126 291
35 362
303 82
106 320
157 10
281 405
412 298
80 71
282 374
366 423
143 63
239 41
468 56
30 222
2 172
317 161
54 345
122 329
342 424
6 304
327 171
346 308
98 238
350 241
268 141
91 147
305 96
369 289
441 81
178 387
423 411
174 118
318 171
116 203
269 320
278 179
204 142
278 374
55 474
297 188
420 272
292 80
222 468
473 66
112 65
399 210
442 370
184 404
47 188
161 210
13 191
190 36
341 171
11 440
407 387
90 131
133 242
296 77
248 194
62 18
391 395
50 87
130 421
46 403
193 313
17 178
90 331
5 183
406 439
199 277
285 226
92 256
73 198
21 223
406 488
102 185
91 164
19 134
442 168
486 301
367 152
330 70
206 162
53 333
368 233
473 180
191 211
157 69
9 425
38 187
223 296
65 165
388 417
480 450
125 430
310 99
268 84
168 19
480 293
52 82
223 403
34 368
150 344
305 184
339 435
122 228
77 426
323 154
262 484
243 452
63 27
300 16
248 469
342 252
95 238
232 371
209 12
85 55
433 233
463 108
171 211
465 7
317 238
495 377
205 275
152 348
239 372
434 400
46 18
434 336
461 117
345 33
321 89
494 70
60 140
426 58
245 142
240 84
321 132
20 322
144 366
359 135
52 348
96 307
350 413
376 425
263 308
311 120
165 433
198 128
308 8
210 185
87 93
61 382
59 282
351 44
145 483
38 427
33 342
119 59
456 428
52 404
248 144
93 302
48 71
195 414
485 160
254 450
60 80
120 159
138 119
355 274
432 289
404 114
153 481
191 102
400 223
314 132
290 85
130 445
13 56
393 155
247 455
101 326
320 21
59 168
55 92
484 417
263 323
289 453
371 297
374 495
212 411
297 426
437 98
278 54
296 275
90 413
302 394
293 154
125 1
57 328
123 341
451 392
287 259
95 124
386 238
432 495
363 326
361 76
479 272
234 2
384 281
338 0
371 74
350 148
112 197
473 452
46 275
132 222
290 430
326 56
488 142
110 144
287 300
70 271
149 384
370 63
387 470
37 455
158 162
112 130
154 206
427 486
447 152
43 81
490 67
498 229
394 163
396 445
174 225
133 120
475 374
340 60
259 30
58 202
494 19
83 125
333 423
434 224
394 478
32 491
206 451
362 428
61 423
144 296
494 114
271 68
105 353
380 341
202 232
448 454
352 1
21 241
277 238
92 302
266 110
352 17
42 324
70 391
422 407
33 245
94 306
453 357
137 285
42 498
131 493
113 322
216 108
340 278
366 475
177 257
285 174
24 250
432 483
272 408
384 123
228 324
22 51
333 227
404 407
349 369
278 289
368 222
10 15
239 453
374 132
478 42
237 405
377 357
459 95
290 197
366 327
134 151
297 191
42 243
143 195
215 34
194 240
473 58
470 118
364 398
120 182
166 452
49 425
360 154
155 394
308 239
314 165
380 374
357 302
101 439
422 486
52 352
415 289
345 348
439 82
313 287
368 337
186 26
343 47
198 176
363 192
498 210
490 301
207 152
203 37
198 313
438 475
305 377
200 48
160 318
305 392
52 386
308 101
27 296
239 294
254 7
13 390
49 397
159 438
306 39
144 98
436 431
217 83
246 35
408 219
77 108
216 78
437 456
427 440
305 471
66 57
482 319
488 346
364 384
7 159
237 450
448 175
201 326
372 337
110 339
448 187
413 453
442 34
364 135
180 388
399 435
343 444
277 78
116 441
177 297
24 433
178 90
59 285
427 405
453 277
30 10
420 335
315 238
97 308
366 375
378 179
148 315
34 166
196 7
462 239
129 109
282 438
31 284
360 190
202 60
327 424
460 294
171 202
479 238
80 142
302 425
462 6
277 475
16 150
324 295
164 279
499 96
93 470
437 242
494 486
286 45
171 21
479 264
92 423
330 13
68 18
422 269
204 218
90 147
79 197
359 5
468 365
248 158
334 399
425 349
107 300
469 8
292 385
276 119
23 92
187 370
392 486
13 306
141 31
301 184
168 189
444 118
119 410
142 125
321 271
40 104
18 281
298 383
145 181
108 464
98 109
108 496
315 98
105 402
233 28
374 451
14 108
249 114
413 400
245 490
285 483
202 125
1 217
482 242
411 118
464 131
31 241
436 260
226 308
223 478
346 404
18 291
69 338
130 242
498 336
414 439
111 224
409 436
40 365
303 367
383 118
437 464
106 265
163 37
108 23
349 218
107 40
237 335
141 9
47 216
117 392
210 105
407 267
248 76
467 156
14 360
152 376
217 130
302 88
303 179
459 16
364 344
342 15
105 305
28 123
369 387
301 52
57 235
77 91
114 309
4 15
24 212
211 359
459 436
222 396
13 322
318 162
449 118
416 405
176 183
201 49
205 492
10 453
421 491
17 161
426 277
397 153
407 366
306 290
458 215
95 44
380 82
342 432
133 111
181 98
8 418
338 354
46 458
319 17
374 295
81 336
220 279
162 452
416 380
282 300
491 361
387 88
250 271
348 118
182 348
306 422
63 41
295 253
290 395
104 277
44 94
372 489
416 218
1 224
308 200
405 476
75 404
141 215
317 83
178 471
437 27
265 192
360 223
10 168
162 233
463 398
68 202
320 460
211 14
54 499
288 23
218 299
227 237
205 118
239 250
243 396
59 84
66 178
267 437
443 392
1 176
394 34
443 15
316 178
205 170
223 83
323 145
215 184
65 279
488 350
319 375
7 442
17 40
207 336
278 127
358 419
207 401
466 186
339 214
84 153
469 59
337 65
329 289
308 195
283 374
303 71
121 81
319 390
42 289
306 426
140 1
113 427
29 246
181 50
152 30
42 132
169 151
344 76
281 141
230 362
66 496
454 69
416 75
68 178
285 359
444 11
184 400
453 343
24 325
368 83
346 473
232 43
164 283
175 180
387 202
478 364
440 111
200 45
50 200
495 381
375 38
449 129
74 89
266 362
192 133
91 330
259 413
58 431
402 327
385 149
231 283
91 78
229 22
23 353
21 4
35 283
191 246
263 304
98 31
406 71
409 265
177 74
325 51
176 8
197 410
485 374
62 57
248 493
91 200
143 109
77 308
420 410
359 170
218 428
138 272
376 400
157 255
416 420
483 193
404 83
379 226
440 403
99 42
250 193
369 415
252 93
450 8
249 353
341 145
327 149
17 31
199 459
318 227
112 416
415 260
79 393
124 83
51 21
137 140
389 490
494 251
230 93
365 10
32 127
389 344
364 193
114 289
499 0
435 473
278 90
354 72
220 82
192 202
481 354
444 312
105 291
342 226
56 25
67 420
97 265
455 485
423 166
95 388
217 280
160 148
241 28
228 132
334 234
364 463
54 202
20 245
67 174
156 438
274 398
168 321
34 323
172 375
105 335
101 36
87 178
463 388
471 403
458 427
368 245
374 302
36 65
95 211
93 165
55 411
84 283
417 8
75 148
386 354
270 32
252 279
463 261
340 300
16 186
276 402
175 485
388 84
263 237
384 266
156 331
45 23
18 486
450 25
58 135
124 198
64 193
349 258
424 221
331 487
488 156
243 326
368 352
460 66
372 98
125 43
111 418
209 61
289 78
3 237
189 94
166 332
65 275
352 85
77 180
118 34
471 73
6 359
413 366
167 307
281 24
273 128
173 442
240 313
421 248
156 234
12 79
221 149
328 111
86 44
320 321
254 210
206 124
22 497
341 234
61 77
302 403
425 332
78 203
396 117
398 390
181 173
47 433
268 164
468 149
87 115
84 284
312 28
369 152
469 93
142 463
228 240
420 156
103 320
206 82
475 355
38 57
44 477
45 419
385 23
232 286
339 306
337 318
335 263
397 275
448 282
345 243
493 43
440 496
72 16
23 102
112 456
187 264
324 30
490 26
487 423
55 450
435 375
264 306
335 258
4 203
295 404
361 429
418 102
422 156
67 403
402 348
472 281
299 483
315 0
309 182
462 81
107 273
110 271
191 173
483 385
347 152
102 282
203 80
174 364
110 211
333 28
165 29
187 384
134 175
489 216
173 189
424 139
448 342
84 15
489 232
243 389
259 7
436 481
443 25
461 494
131 265
399 390
365 73
162 198
158 217
101 38
287 317
497 156
375 113
315 257
23 404
355 199
243 262
43 189
433 340
383 334
179 107
294 409
178 52
309 61
367 66
39 218
472 94
134 448
46 78
301 390
107 308
68 201
354 195
94 492
460 127
322 91
23 189
294 134
126 179
482 486
265 486
270 310
373 305
101 414
163 28
409 396
326 497
167 83
198 103
449 350
455 314
444 75
201 499
431 210
246 413
367 12
317 111
323 13
175 389
342 39
394 353
390 335
389 172
49 315
209 415
204 479
362 28
372 355
96 42
39 57
335 35
135 232
249 71
351 251
423 388
223 235
379 26
428 147
367 366
324 230
109 24
134 172
7 4
492 334
332 169
262 133
381 480
147 143
411 8
272 328
232 264
14 481
332 62
259 118
82 204
92 295
474 9
205 159
236 404
228 33
30 430
15 230
364 122
437 383
144 122
434 357
161 64
26 480
299 255
104 419
219 206
432 9
438 456
273 398
220 438
297 234
81 372
346 265
398 282
482 386
142 332
224 387
234 107
319 416
334 151
438 298
289 112
357 154
169 320
133 322
129 388
327 63
333 390
52 399
382 92
99 300
388 15
100 187
166 276
289 75
328 434
180 278
370 381
352 23
286 452
274 159
492 235
349 385
81 421
269 58
467 310
318 100
139 184
402 47
196 101
307 195
497 55
109 484
327 488
16 91
109 162
236 121
292 98
79 310
317 387
127 245
155 157
349 329
166 179
488 357
348 157
362 205
85 75
34 0
315 256
208 277
254 121
498 303
70 333
467 386
248 449
336 178
420 463
365 210
199 100
157 173
407 147
400 361
487 67
398 431
203 487
398 192
182 223
448 300
230 436
456 317
347 407
287 66
4 197
139 86
213 337
27 135
149 158
407 55
225 353
211 314
427 0
476 83
426 474
431 394
129 259
19 25
398 283
76 83
34 148
475 298
490 6
26 444
390 26
192 294
442 359
27 304
432 235
317 126
32 377
17 113
243 91
479 267
125 159
167 85
361 259
8 87
455 470
271 457
419 212
138 326
364 1
95 85
64 186
266 320
159 311
6 170
350 408
249 176
342 358
33 387
398 77
81 416
417 495
224 278
283 453
138 358
326 53
432 244
86 9
267 226
335 349
426 333
479 464
78 122
252 109
92 244
100 26
51 254
87 290
175 165
497 441
443 201
168 31
302 257
120 175
427 94
323 365
187 499
76 405
130 430
312 394
385 340
150 216
402 0
375 99
386 244
354 110
388 23
384 255
497 29
60 345
131 28
90 447
7 375
245 457
417 366
106 233
370 181
462 428
157 459
494 326
335 262
211 329
380 135
2 144
308 303
494 445
36 170
231 174
356 389
23 489
100 190
8 236
165 150
4 301
356 417
63 409
254 111
82 30
121 385
456 56
40 146
252 100
33 154
352 374
287 225
335 72
311 481
484 352
450 229
282 452
217 406
114 401
218 449
255 244
48 267
475 435
59 211
210 187
24 80
103 327
121 383
498 384
119 367
406 438
406 432
44 172
244 443
93 131
110 70
497 268
52 472
176 222
405 407
351 372
483 466
40 278
137 91
263 22
151 476
374 266
410 93
188 233
485 244
373 356
368 398
202 452
255 191
302 432
227 74
393 319
251 320
113 408
190 79
37 471
355 444
207 351
333 111
99 130
496 86
427 115
264 398
422 349
133 416
255 482
484 251
255 461
356 418
462 88
112 375
99 384
467 45
164 360
10 247
397 185
330 465
484 20
335 403
169 456
341 72
143 295
26 354
378 440
276 463
66 48
414 405
14 54
163 150
385 389
85 130
363 229
207 46
291 318
392 268
493 378
18 417
110 476
32 459
424 101
122 482
174 422
125 92
71 113
29 129
252 476
71 201
313 481
177 314
147 498
364 269
472 116
258 57
135 285
65 86
229 38
407 174
397 375
333 246
171 92
376 412
105 445
357 355
409 280
97 277
202 366
435 172
107 407
253 499
227 175
113 369
145 495
493 374
271 47
287 370
165 13
318 13
467 93
238 51
413 210
311 32
298 160
299 321
292 361
266 12
443 493
310 44
116 419
473 73
207 256
266 141
393 146
333 485
267 187
43 123
255 307
53 73
150 496
113 353
246 405
87 18
426 366
362 493
90 338
277 323
25 335
135 315
485 431
268 205
351 495
394 364
48 456
82 452
151 323
28 496
47 174
442 234
10 180
270 15
234 478
63 402
188 441
222 280
208 414
484 395
484 57
395 135
77 318
416 134
350 79
266 335
148 166
445 2
385 301
52 313
31 26
433 341
42 360
121 97
119 22
97 387
339 492
176 352
373 454
128 125
106 304
236 127
152 256
7 184
2 156
450 309
479 252
166 113
262 36
166 472
72 73
342 240
214 485
455 364
68 197
393 9
5 42
391 186
235 184
478 120
408 299
475 364
118 200
478 288
437 385
389 107
277 444
288 140
146 129
242 152
363 175
312 114
377 183
285 334
439 243
293 364
420 39
361 376
32 179
369 208
67 111
428 438
496 362
196 335
442 465
107 329
406 82
112 216
74 408
296 444
137 71
286 168
202 118
487 433
394 20
34 335
402 420
47 345
88 194
119 391
348 330
360 216
143 252
139 337
373 204
88 310
101 245
260 474
490 94
380 298
405 376
188 365
91 301
286 253
129 369
438 354
387 320
381 34
204 270
126 337
175 86
259 92
404 175
370 377
325 278
23 266
488 127
48 119
441 127
9 347
211 140
369 266
423 257
270 437
193 122
438 2
443 16
44 129
305 400
235 323
50 176
24 102
225 116
388 72
273 84
135 415
310 129
390 132
108 420
161 368
163 156
398 125
384 190
39 60
393 464
188 444
313 402
38 115
481 259
75 332
3 101
84 93
304 310
232 458
217 79
462 355
39 440
146 474
457 306
319 312
4 57
258 467
3 395
447 469
316 160
4 290
498 166
275 123
134 114
448 352
181 234
362 77
84 339
287 8
306 178
166 131
395 168
219 77
328 351
499 158
305 306
423 58
132 406
11 171
450 48
257 149
44 59
432 345
413 444
457 137
478 284
273 255
204 319
92 79
351 20
494 480
363 55
135 425
306 309
370 462
408 271
204 127
214 9
385 272
88 425
293 89
127 381
148 287
201 43
401 257
262 265
187 417
394 87
481 105
367 213
471 197
57 45
440 145
494 103
95 141
19 79
461 452
147 164
418 31
430 192
281 183
316 205
152 158
108 411
278 472
485 487
232 105
498 109
201 282
168 233
426 49
16 466
110 192
497 460
170 106
343 236
24 159
297 393
361 149
422 424
194 498
287 230
396 322
477 360
150 88
189 177
134 431
367 36
32 24
238 183
165 138
376 57
335 199
472 485
307 294
242 188
367 322
373 455
266 15
22 277
201 429
0 88
245 131
55 215
7 368
339 258
94 168
43 338
486 15
106 377
72 452
418 282
23 437
207 473
459 334
246 131
7 126
305 350
219 177
66 324
145 263
160 430
302 368
326 20
51 42
458 111
401 335
384 171
106 70
142 216
382 471
382 230
472 30
273 365
218 141
417 220
306 134
489 136
5 285
437 134
207 378
306 417
143 317
358 325
248 161
3 180
182 436
266 198
20 234
233 171
443 417
156 454
245 91
411 458
450 101
83 69
499 412
230 351
266 104
119 54
495 90
275 64
22 89
41 233
211 178
431 407
311 204
105 308
169 178
233 411
279 98
58 159
191 139
396 499
129 460
222 44
499 242
431 490
326 266
54 225
104 102
352 27
168 301
186 5
480 89
385 471
99 309
313 72
473 489
255 159
330 22
20 392
329 72
130 390
382 171
43 470
267 167
127 218
181 39
167 143
23 185
364 71
211 126
296 322
449 196
395 375
284 163
249 311
19 194
324 247
377 135
53 256
383 226
304 101
243 148
113 206
448 71
388 450
69 453
338 35
342 10
4 22
487 401
449 190
97 256
321 497
205 430
166 307
217 465
292 249
128 327
248 298
484 390
214 336
31 434
157 107
234 246
202 85
76 410
376 402
497 90
236 407
15 201
421 140
485 130
240 181
329 368
337 164
309 490
195 406
35 470
189 66
364 439
446 71
325 55
489 319
270 356
232 420
233 192
207 343
106 484
173 347
296 233
6 404
351 92
282 18
136 305
262 104
23 114
345 468
256 364
440 420
19 60
451 252
152 398
251 258
76 356
272 336
354 382
251 229
365 19
158 54
256 443
442 205
189 413
489 147
313 17
331 397
221 492
262 458
191 227
63 361
84 289
326 442
173 410
202 488
238 265
450 494
110 282
25 324
217 330
94 476
69 476
52 98
402 328
214 290
353 81
424 401
182 463
55 441
398 214
320 1
191 485
315 410
13 239
175 9
285 411
298 372
35 36
461 225
223 336
304 298
170 458
278 259
459 59
450 16
163 71
348 69
95 478
383 279
349 365
108 354
409 241
14 274
447 252
495 181
454 189
336 22
483 320
2 422
97 495
243 378
111 237
361 349
376 231
473 55
189 225
100 409
71 393
252 234
323 115
437 9
338 17
382 233
148 225
292 23
195 65
214 175
84 237
473 132
20 204
335 483
391 229
93 10
200 473
15 480
137 312
236 350
403 165
407 494
69 73
381 85
495 47
330 127
358 488
5 206
120 113
138 441
2 161
128 466
225 129
80 394
418 349
123 191
5 18
416 371
62 98
380 128
96 393
33 93
80 259
45 17
298 172
377 178
136 130
337 330
86 27
145 234
265 75
461 34
390 134
475 426
123 282
190 292
416 25
331 430
486 173
282 212
369 399
396 51
460 417
449 429
439 112
493 218
203 417
365 171
192 9
94 77
266 311
10 330
472 132
344 370
281 208
145 246
221 86
171 226
386 417
426 337
221 382
363 302
239 369
163 113
96 75
235 76
226 214
257 143
453 25
487 309
391 39
49 239
192 351
321 36
336 42
282 189
116 421
394 351
165 320
46 241
306 476
5 223
489 432
78 242
157 11
258 333
211 113
437 425
493 432
364 395
365 290
3 415
348 435
392 310
226 166
402 347
410 61
201 202
275 321
122 324
241 128
273 471
216 208
499 166
212 160
363 142
19 139
314 1
53 367
469 74
367 411
86 39
448 195
138 324
228 152
345 488
456 304
170 259
219 344
470 245
114 341
350 108
432 101
380 140
34 178
1 152
372 221
146 440
483 444
89 239
60 63
238 391
352 246
304 256
108 44
203 111
66 424
274 470
235 200
290 235
179 24
177 260
307 437
64 309
155 298
329 128
168 201
447 259
89 228
454 6
36 165
161 372
180 318
125 380
376 382
1 60
150 327
427 285
395 192
301 54
468 367
425 199
451 302
256 386
421 1
21 348
291 62
242 85
429 416
253 470
186 308
190 483
197 66
241 149
165 359
56 29
57 323
311 42
170 157
384 238
153 331
253 357
348 254
312 175
459 152
477 182
372 10
90 420
244 273
34 223
364 39
139 292
85 444
246 371
397 174
36 212
397 391
114 161
43 113
384 55
422 130
334 259
142 35
268 224
208 301
312 19
194 33
485 419
85 441
231 433
325 435
381 218
130 453
451 154
123 301
356 177
314 97
0 305
35 454
475 262
3 115
312 290
184 67
260 223
221 298
6 493
10 259
67 125
466 353
304 273
418 320
96 273
277 10
318 232
406 107
24 22
473 379
410 40
134 41
92 338
368 250
169 337
484 407
369 276
389 31
341 351
451 53
196 316
130 373
293 83
474 429
154 401
165 174
221 249
49 91
437 459
135 296
456 472
417 258
252 10
45 394
493 77
371 220
246 473
387 477
36 365
73 120
355 154
14 320
153 40
281 83
464 486
447 261
52 264
146 142
491 35
380 37
130 315
216 100
134 31
231 31
17 147
302 369
120 230
174 280
41 350
26 196
353 213
173 353
353 26
179 292
167 228
234 422
371 425
104 157
291 32
478 64
397 292
263 355
179 243
477 152
153 302
5 229
127 335
389 301
151 103
195 248
475 332
426 362
311 264
124 283
185 389
253 235
393 18
318 204
417 415
100 170
177 232
370 51
212 308
19 221
369 118
428 3
421 376
67 153
187 13
100 326
13 0
226 50
228 491
259 336
96 314
116 77
349 234
359 73
430 98
228 336
115 150
98 276
44 295
138 392
146 260
297 291
444 402
209 143
293 417
184 129
391 118
393 363
485 355
159 267
181 155
301 485
52 36
5 279
314 497
432 28
474 303
390 356
128 425
36 493
80 381
477 428
179 439
100 2
204 471
74 361
387 312
5 483
212 418
434 354
195 73
398 17
141 171
61 357
459 82
171 478
149 289
22 473
84 170
66 126
199 424
454 458
49 151
199 398
64 182
269 225
240 345
140 63
20 62
227 194
410 132
116 132
242 153
370 324
297 134
248 476
129 106
330 79
470 490
205 2
391 466
351 346
379 324
20 349
227 16
269 387
88 77
116 97
225 75
41 497
482 446
423 449
499 182
233 288
460 203
462 348
373 482
88 321
370 315
89 102
116 446
497 287
71 459
142 116
89 340
139 316
180 138
129 315
24 295
101 486
337 19
348 478
494 440
90 223
51 391
37 5
269 307
371 56
192 372
492 86
282 377
321 293
208 417
40 376
68 19
484 139
220 93
289 361
351 152
287 360
15 19
213 418
124 212
203 285
485 227
204 349
154 341
416 362
413 244
334 361
159 286
62 252
104 294
288 414
149 401
163 431
182 291
361 247
406 139
181 290
468 354
476 174
371 429
375 180
257 407
309 81
70 430
329 241
476 7
397 410
67 56
335 116
94 276
165 483
393 205
167 47
92 262
370 474
372 341
151 308
228 461
239 361
494 280
247 195
143 1
427 61
180 165
38 34
126 216
358 279
398 94
415 214
164 52
195 488
350 342
64 335
373 42
466 289
176 366
214 418
218 102
195 124
304 403
220 485
84 0
75 323
235 243
175 324
152 378
333 344
42 274
136 373
65 159
115 12
487 145
404 120
427 475
408 289
343 457
462 411
124 348
264 391
419 258
223 388
274 171
397 150
482 113
391 362
393 306
496 127
357 46
92 440
164 255
312 39
173 271
281 377
191 291
73 317
402 20
74 390
154 332
225 34
101 278
306 207
60 75
119 30
52 261
282 466
15 413
178 333
192 20
405 104
92 199
291 167
186 254
368 371
323 22
175 364
184 341
321 348
104 349
379 399
383 419
479 75
188 15
20 294
317 352
387 138
99 208
454 94
11 304
130 320
57 87
470 398
0 452
430 53
236 94
47 430
305 159
27 316
124 335
127 66
12 141
84 380
171 214
141 247
461 17
169 34
472 407
57 225
118 254
75 188
88 241
17 310
416 146
321 305
386 156
360 421
384 44
234 487
439 23
499 309
252 4
92 226
107 192
426 103
274 170
48 460
221 274
348 210
126 62
287 156
148 272
288 384
479 405
382 29
260 46
204 102
76 204
131 306
439 393
231 181
188 254
132 101
58 113
68 361
268 30
439 50
59 227
118 499
240 94
142 44
399 294
213 379
476 49
248 395
116 312
89 9
329 423
358 15
406 387
334 305
85 42
209 360
452 299
138 142
257 124
94 480
124 376
6 277
81 33
35 387
249 136
159 142
487 430
81 471
397 83
292 464
358 87
52 66
85 175
34 448
236 228
330 144
15 129
282 207
280 301
310 57
417 96
72 153
159 334
305 395
468 159
268 138
166 291
295 127
360 124
189 224
485 10
289 232
217 491
240 271
361 93
411 396
443 402
352 385
2 20
385 16
74 253
33 103
361 141
120 65
301 1
348 104
103 360
439 73
129 196
259 457
408 102
386 380
486 135
191 425
291 365
481 115
452 442
310 249
443 472
19 454
19 496
459 487
455 123
127 485
40 199
447 470
206 466
46 127
117 267
210 219
334 254
193 342
85 442
242 196
150 265
482 312
402 367
460 2
75 248
209 272
20 285
485 15
228 266
282 96
441 440
434 180
437 105
182 113
43 231
307 464
237 444
155 450
62 239
342 272
60 468
360 93
197 1
45 68
336 380
272 216
222 154
254 391
91 355
289 443
342 406
213 61
469 416
362 94
377 99
272 24
191 68
334 499
53 373
40 476
286 15
52 355
127 58
298 449
3 373
295 96
28 159
235 324
246 182
369 267
366 6
484 108
155 3
147 476
178 261
248 272
9 50
93 347
27 206
197 379
282 46
7 489
8 390
365 243
467 479
132 215
378 101
95 77
269 374
420 427
314 450
466 491
389 48
207 27
164 437
120 258
189 385
195 18
206 441
392 279
167 407
246 79
142 140
499 173
97 466
339 271
244 221
37 362
75 403
438 224
328 150
183 369
82 454
453 94
147 232
467 233
28 116
344 148
320 471
230 328
75 414
450 379
383 475
481 171
81 210
152 229
165 88
111 98
293 159
114 196
84 427
342 29
376 200
428 206
392 229
216 332
242 198
437 331
308 148
5 377
360 429
19 29
246 493
191 443
261 36
150 179
335 283
337 242
28 270
153 363
0 119
383 267
118 450
329 357
48 321
21 474
91 201
127 170
438 153
396 122
50 429
158 191
432 429
137 119
352 305
42 400
4 382
288 28
154 51
439 300
102 157
304 58
404 434
459 226
478 449
490 377
232 178
159 269
25 332
32 53
195 470
498 310
334 52
352 159
214 402
133 166
221 236
173 293
428 36
250 210
291 24
217 13
355 87
464 172
381 394
298 92
264 49
369 445
323 96
48 339
498 198
13 345
316 340
472 174
293 81
83 271
45 408
197 30
62 469
185 97
470 278
192 345
313 54
327 320
413 164
350 17
293 318
23 269
498 4
215 32
375 81
283 220
24 473
96 402
332 5
197 482
45 139
114 447
271 274
375 213
1 284
463 423
432 175
6 16
51 282
38 366
273 218
260 218
379 292
487 446
379 109
231 491
182 281
397 339
78 241
22 375
130 346
359 315
208 69
376 242
92 72
430 179
472 275
356 29
182 444
0 284
20 203
260 21
365 105
145 277
468 212
151 449
439 34
12 438
345 383
190 40
228 66
36 248
494 243
157 38
43 151
182 129
292 424
249 242
25 149
354 304
24 58
84 374
453 152
469 372
156 97
363 250
435 28
474 125
151 114
250 295
147 173
92 46
200 194
24 11
0 174
396 276
21 345
88 74
496 126
226 201
447 46
308 233
452 225
336 385
438 209
58 485
488 290
398 344
414 77
63 92
47 452
244 252
189 318
117 389
468 193
276 143
265 481
112 266
466 123
107 181
468 455
462 10
483 281
230 213
291 92
483 170
65 257
347 323
423 227
100 272
19 170
43 181
82 438
63 117
50 232
66 133
405 233
250 483
320 17
338 356
86 283
137 262
208 133
332 319
65 478
272 444
231 437
206 204
451 358
446 35
246 118
35 15
34 150
433 498
58 414
447 212
256 93
102 367
257 75
448 456
108 335
175 270
166 465
251 84
374 75
34 304
69 4
192 415
12 441
416 361
65 470
16 399
286 0
105 106
295 414
307 86
498 189
44 302
217 169
202 410
86 354
78 451
425 194
269 19
175 80
296 206
354 163
491 69
385 99
47 257
315 90
196 237
165 345
441 148
194 376
269 49
283 47
485 83
351 426
460 148
62 464
315 483
23 422
105 469
482 314
175 190
10 119
483 485
146 386
53 122
335 240
60 310
370 491
363 342
419 245
21 194
163 373
17 331
332 22
45 248
343 178
121 386
450 329
466 79
364 412
292 95
79 448
4 477
171 391
113 116
476 2
112 250
93 379
35 109
355 159
227 104
470 415
392 56
206 491
278 475
7 249
459 70
341 74
20 156
369 466
449 119
265 269
181 491
305 193
454 258
102 316
75 393
266 25
22 5
416 223
75 335
332 403
467 474
498 381
122 212
204 180
435 200
323 203
330 428
326 135
125 37
22 303
111 21
119 38
85 425
57 482
279 245
219 347
159 445
167 327
305 248
213 439
176 62
426 122
497 180
294 297
239 346
112 184
120 316
215 453
355 455
201 90
244 334
199 124
415 49
314 294
124 229
114 181
434 389
273 275
160 277
30 251
152 372
59 486
440 290
171 124
421 308
60 464
14 479
470 98
119 143
12 389
142 410
255 424
466 166
201 439
388 462
116 360
345 59
158 351
163 96
427 168
52 486
37 76
313 438
216 290
490 165
131 283
191 319
427 451
45 268
69 297
119 452
344 134
42 463
22 416
347 396
379 437
154 63
151 486
375 211
175 422
90 493
235 449
157 184
354 262
421 444
75 83
497 479
66 307
81 484
208 376
471 420
28 118
488 111
452 303
363 483
354 326
366 348
152 466
224 476
2 288
375 163
492 31
115 467
311 117
366 163
400 255
80 323
349 249
126 300
123 128
162 429
467 368
84 301
64 367
381 397
215 414
314 445
43 9
162 337
293 42
189 164
234 200
423 46
462 392
68 355
271 425
1 260
167 202
70 230
451 91
253 86
312 333
479 142
305 413
383 58
237 139
420 292
230 295
168 336
477 462
465 307
263 485
136 86
221 381
136 201
29 23
311 34
84 187
426 415
453 39
297 350
344 346
315 406
235 72
255 454
217 425
355 94
162 491
121 35
348 19
169 132
330 43
81 463
66 131
228 80
145 359
359 68
215 117
261 330
375 367
349 202
378 107
434 426
202 75
267 494
90 141
129 324
220 423
377 433
187 311
428 348
45 211
125 478
335 175
399 105
293 371
115 457
395 477
80 281
210 59
232 153
103 267
85 377
152 288
472 283
105 253
458 247
1 38
162 15
354 392
66 65
222 462
32 246
118 236
488 234
27 453
166 416
31 308
208 90
110 10
455 389
217 355
184 117
442 461
183 60
424 408
235 393
463 347
494 433
348 87
302 331
215 164
90 228
0 411
443 48
174 381
59 400
21 57
481 157
458 381
279 123
472 110
308 146
428 184
182 247
3 390
4 347
433 60
393 481
142 30
429 420
258 483
362 376
177 269
338 135
460 369
308 103
386 431
271 304
444 441
497 1
346 477
226 410
106 465
426 232
192 241
65 495
153 414
260 10
415 166
342 336
357 290
381 384
196 6
423 464
251 31
122 309
165 234
328 249
253 75
97 236
251 52
212 302
247 64
286 166
65 6
242 406
230 449
380 260
13 401
459 432
440 287
480 90
392 80
394 408
477 121
244 183
379 111
148 292
124 125
197 291
13 96
243 275
218 125
470 185
377 444
16 221
241 278
104 279
107 425
316 31
240 456
418 15
173 145
362 211
262 373
361 275
115 199
0 114
184 455
234 216
420 100
351 86
120 38
353 169
361 272
309 455
70 329
380 471
419 147
79 365
3 291
105 289
113 486
215 182
239 287
250 27
393 238
261 204
26 463
362 313
183 18
224 252
1 279
105 97
307 170
164 200
464 442
26 227
115 472
265 293
467 171
52 448
178 334
145 140
438 141
435 433
163 144
61 242
498 129
254 183
103 432
287 104
403 263
455 84
471 438
163 490
499 155
337 462
222 181
292 412
401 482
460 371
384 120
499 200
228 402
208 147
370 141
9 372
190 64
102 342
316 403
316 214
86 219
314 324
119 93
189 21
67 229
168 407
49 105
482 180
274 104
279 59
385 27
64 176
168 475
269 34
393 95
268 251
291 149
440 136
127 276
77 60
68 458
21 451
384 184
458 374
98 408
434 181
20 473
58 353
121 38
358 224
401 148
367 84
187 446
427 388
376 6
297 226
129 268
369 174
296 65
451 372
158 481
219 281
97 119
178 212
22 107
306 168
166 402
327 306
85 387
108 416
267 220
218 263
384 445
220 402
222 325
383 243
437 250
453 409
121 69
58 303
166 120
167 259
479 415
197 241
17 52
454 187
30 411
388 68
138 317
275 303
410 430
236 159
455 181
278 404
82 62
327 206
453 276
49 242
393 65
265 252
435 93
472 259
322 37
287 432
450 265
462 314
6 94
242 301
332 294
20 288
174 9
42 1
164 199
239 365
63 55
404 392
134 18
448 140
323 287
168 179
411 444
101 253
46 441
392 142
33 343
285 295
84 39
63 132
77 135
57 169
426 101
204 238
181 496
182 393
10 251
299 98
354 323
251 174
330 222
464 216
251 107
34 216
55 279
133 409
199 479
437 96
365 183
454 98
101 337
410 401
27 278
253 268
377 293
459 456
145 203
19 231
184 284
213 425
207 466
427 41
403 287
380 289
314 280
68 69
40 325
343 214
424 69
110 158
316 173
471 15
145 19
466 32
32 442
372 129
44 264
177 452
396 300
115 71
50 122
302 292
96 69
81 15
152 98
364 113
97 476
145 226
454 87
480 281
348 7
317 412
348 11
93 330
211 248
33 433
244 380
449 212
66 69
350 378
359 252
347 185
65 361
52 272
79 26
482 152
30 256
416 96
294 16
434 207
87 157
290 186
96 376
464 161
358 38
279 259
80 333
201 214
420 62
252 322
187 411
1 351
403 362
85 263
177 388
425 102
236 184
211 436
96 79
324 280
446 207
75 25
427 432
139 14
195 461
214 172
267 304
465 488
462 188
3 231
7 422
133 464
50 454
120 294
78 263
136 355
279 297
277 363
369 34
482 369
296 140
331 184
38 380
321 335
205 95
278 461
339 42
106 123
458 469
185 139
318 252
220 460
428 441
374 247
440 368
429 227
417 123
208 422
309 11
274 440
198 269
56 263
220 87
199 84
201 74
409 172
245 40
165 51
242 192
398 205
152 407
134 90
448 82
295 13
228 258
133 437
67 455
446 31
341 1
9 248
313 227
123 187
351 95
398 397
371 40
130 449
56 424
444 426
168 210
304 95
418 312
132 379
403 60
82 328
220 350
493 302
40 428
366 279
370 197
161 126
389 17
478 334
404 21
314 449
435 449
453 466
451 257
328 24
7 104
194 154
115 158
43 304
105 42
72 233
116 46
63 15
190 113
85 214
474 350
298 37
100 162
253 313
485 391
138 427
112 127
143 468
487 418
227 253
142 53
258 438
392 378
332 81
311 27
488 230
285 136
187 389
52 203
325 175
39 299
424 370
59 441
203 495
469 299
99 111
282 341
228 432
276 189
307 272
323 427
143 245
251 453
268 393
133 373
286 105
499 190
390 237
230 403
5 24
237 33
251 16
432 181
368 306
431 250
16 94
224 114
324 218
35 482
396 416
345 427
462 293
83 177
434 296
478 253
86 41
230 383
97 190
192 437
364 303
258 303
159 299
452 263
322 464
336 56
72 100
360 276
97 113
193 197
188 160
309 272
261 148
106 235
82 146
419 466
490 430
125 434
266 465
97 39
427 273
413 74
421 196
496 111
477 351
406 257
406 40
248 151
497 364
137 123
499 42
51 120
184 195
305 173
490 202
352 228
187 113
408 240
145 472
451 379
235 82
51 475
286 102
9 58
164 239
162 155
18 368
32 349
268 316
483 337
239 341
225 184
424 90
258 304
260 92
487 244
79 490
379 282
226 66
258 462
263 386
327 238
468 471
435 283
21 98
249 177
417 423
225 124
131 196
249 300
15 96
316 193
204 368
371 402
357 375
427 365
398 367
269 377
452 125
51 114
203 255
264 395
150 200
49 440
67 212
452 123
67 10
298 404
469 484
354 242
74 263
82 149
92 43
283 314
388 146
368 173
205 308
284 417
298 250
68 336
62 153
341 191
156 499
330 179
493 348
8 385
47 31
416 451
15 295
340 7
63 195
285 17
465 97
111 186
13 163
488 284
180 344
205 344
437 418
146 124
234 203
74 62
320 365
304 281
386 76
348 214
91 287
489 108
333 36
28 456
160 153
61 283
110 33
26 367
338 76
122 125
201 163
314 417
290 247
72 50
20 153
384 499
139 127
199 246
28 263
365 172
394 373
135 344
359 482
477 276
212 382
134 234
163 300
336 61
113 115
261 35
11 357
128 381
17 479
458 424
5 218
471 465
369 28
131 442
115 214
386 96
107 467
317 90
371 256
267 76
89 271
311 201
458 264
313 8
400 311
75 215
361 187
497 176
253 389
51 417
302 319
16 353
57 396
8 223
415 406
433 26
252 493
130 220
87 190
270 241
14 358
28 284
231 466
129 332
172 428
29 251
410 296
434 105
82 222
324 484
286 454
5 347
272 228
299 339
244 167
246 127
332 372
202 244
284 6
241 436
158 332
306 150
366 101
440 54
326 222
60 137
377 156
370 9
379 361
273 127
121 251
434 403
131 55
88 159
458 290
119 490
280 119
177 34
444 41
142 494
75 203
217 202
144 289
246 317
434 90
392 369
132 356
251 245
43 396
485 384
449 393
55 470
28 227
167 411
0 1
108 380
444 189
416 141
481 460
127 159
404 251
247 180
400 32
33 301
368 182
69 246
412 122
83 196
208 195
442 111
422 220
373 83
27 313
307 57
68 216
323 388
261 50
468 498
420 259
446 378
137 221
497 450
8 279
170 63
157 415
279 67
495 287
5 398
307 386
104 22
442 175
151 16
179 332
481 56
444 327
453 93
196 128
23 137
449 98
297 352
8 406
297 133
180 374
33 362
353 296
437 473
449 91
429 490
277 413
136 308
469 6
402 388
244 182
172 312
286 143
23 85
150 400
67 89
433 129
17 491
235 16
186 430
190 181
361 151
343 314
297 340
412 66
3 345
131 263
346 137
353 153
108 42
77 333
320 305
237 421
288 85
16 40
279 256
61 359
471 343
266 177
268 49
397 431
178 123
217 112
66 280
303 324
106 1
299 164
299 18
331 321
403 11
36 113
143 8
458 457
205 7
88 224
453 370
151 118
111 9
255 420
64 74
42 90
442 212
489 409
310 470
472 183
87 136
251 364
481 33
371 411
255 355
247 21
164 431
286 242
228 179
350 169
415 66
342 285
407 193
2 255
443 128
419 244
474 196
77 464
497 197
59 4
476 132
329 351
325 472
429 326
242 394
298 485
415 282
76 8
339 477
385 236
21 183
169 46
426 111
143 5
473 270
479 443
490 136
50 307
426 47
329 378
281 87
380 342
286 150
72 228
248 221
211 390
227 300
217 315
283 69
428 145
24 469
275 342
154 231
116 40
357 169
120 450
296 150
127 188
412 59
319 175
190 390
19 173
32 358
427 57
171 323
131 218
27 275
130 0
20 337
257 181
489 118
6 244
378 23
158 91
16 147
417 98
433 493
3 108
11 478
180 477
160 324
340 142
217 43
415 365
249 355
202 156
253 122
104 240
483 349
33 193
296 224
494 490
489 177
407 423
32 57
431 377
455 441
144 456
54 290
16 345
438 106
281 123
44 303
122 48
351 85
332 289
5 222
383 191
182 38
248 23
127 256
356 137
406 434
153 154
253 146
125 50
201 384
237 88
324 387
404 67
459 319
175 477
338 28
87 269
209 351
382 229
219 122
90 17
371 421
437 346
450 326
121 338
332 376
114 365
72 426
24 477
459 220
27 458
440 493
334 5
130 28
112 294
221 20
171 308
294 222
80 223
118 204
266 256
190 198
456 39
451 233
334 275
330 473
228 369
313 145
202 294
149 408
498 311
248 4
116 104
258 132
112 187
415 258
32 205
64 463
353 416
2 149
178 237
126 284
2 50
421 457
352 114
209 495
287 206
83 209
349 186
105 441
83 48
132 133
443 345
108 498
261 93
131 344
355 60
408 314
334 38
247 373
47 286
169 430
0 212
296 455
356 77
430 463
266 92
8 298
450 473
428 433
380 97
418 297
179 475
347 208
222 32
11 114
445 30
416 470
342 317
475 381
323 108
494 462
312 371
63 121
47 354
482 127
174 282
212 478
314 77
132 346
12 150
288 63
144 391
157 226
236 122
495 255
221 230
194 95
284 13
96 472
86 245
181 443
114 99
257 234
258 259
330 392
336 7
430 346
339 12
194 113
136 271
483 97
384 29
463 458
429 296
97 140
481 266
376 492
180 405
402 449
433 277
112 338
200 15
93 197
368 294
270 84
83 45
436 134
379 393
185 395
319 54
378 62
487 445
310 328
87 479
372 3
157 177
159 167
157 134
13 346
64 239
403 65
6 348
484 223
480 457
488 454
348 190
344 62
258 164
478 357
129 136
420 349
170 56
44 326
28 12
427 485
355 367
181 270
302 489
341 306
253 22
467 317
460 179
176 390
71 338
79 469
124 327
185 190
365 449
492 405
114 407
338 19
396 291
40 291
321 137
17 273
225 491
54 381
316 240
142 492
323 298
119 241
192 455
139 413
210 441
100 436
432 498
24 437
409 446
279 401
415 298
283 449
237 191
430 493
279 329
439 85
106 74
377 307
179 242
417 482
247 124
437 358
198 376
315 45
413 447
419 234
171 29
246 244
317 446
17 279
250 459
487 477
125 369
338 301
491 254
147 223
325 28
143 397
180 262
175 206
106 159
394 360
393 353
229 461
212 354
350 285
4 475
160 261
70 286
271 306
453 238
258 348
264 304
411 286
490 391
87 353
47 458
410 147
154 96
293 163
304 187
220 385
45 14
480 434
94 87
318 44
317 371
134 51
109 236
283 440
151 378
180 6
341 139
164 179
376 107
80 125
7 20
171 259
242 409
58 424
400 149
37 355
269 352
83 32
299 447
324 310
152 468
397 44
118 95
499 365
89 443
78 398
131 187
68 33
337 61
69 316
27 305
101 210
279 204
229 182
67 267
413 198
401 479
29 155
403 487
78 201
485 436
92 203
35 312
107 177
176 91
199 127
66 454
405 10
427 478
442 306
272 344
259 112
79 351
492 380
23 113
433 2
207 190
202 467
453 483
3 482
125 465
269 7
461 333
412 248
465 262
32 101
391 364
242 291
281 46
370 224
245 494
58 403
62 6
481 248
113 83
485 429
361 251
287 454
386 319
430 387
120 82
349 412
53 494
108 286
251 204
221 315
279 451
250 385
481 184
418 268
163 321
327 173
139 84
314 47
303 310
16 21
137 148
407 263
85 178
328 299
155 208
395 60
392 0
153 479
21 125
317 362
484 375
491 280
215 289
397 435
143 455
479 365
494 29
374 168
228 377
443 296
289 155
412 452
58 156
478 35
232 378
362 264
107 78
443 380
162 280
279 106
347 154
414 433
155 116
136 162
279 347
331 387
427 495
200 152
12 370
434 287
172 19
315 490
465 258
217 308
208 229
359 202
34 75
182 388
345 108
315 166
261 33
92 462
96 495
257 300
315 219
253 432
302 323
48 319
374 156
391 74
156 45
477 432
201 315
405 220
284 299
437 360
332 190
273 202
20 37
374 337
485 205
380 206
24 407
107 471
218 315
442 492
479 66
85 292
350 463
43 359
163 50
414 428
205 158
92 354
217 116
419 96
205 69
440 393
195 255
20 166
304 51
41 107
78 3
83 40
132 287
25 69
319 394
370 280
481 62
367 406
380 420
446 76
114 457
8 253
425 159
184 429
62 370
125 173
477 472
465 355
275 180
368 123
429 383
403 433
440 197
483 464
460 20
334 185
18 406
155 379
464 495
317 243
96 354
436 327
284 360
399 453
181 124
37 457
335 360
309 138
485 110
304 444
169 423
130 477
213 437
209 405
108 81
249 448
32 279
485 415
222 81
398 22
357 297
168 415
230 319
382 238
190 184
136 41
267 264
341 174
469 340
19 70
174 361
76 440
15 425
212 192
158 476
402 300
440 210
280 169
192 413
407 471
206 439
316 167
176 421
21 323
434 34
483 47
485 435
314 9
342 436
396 288
61 302
462 63
474 461
92 327
219 380
229 125
472 222
118 137
199 369
423 54
346 58
327 341
366 100
338 435
438 90
175 118
6 185
226 369
442 499
313 365
410 151
376 384
35 39
153 265
446 411
96 149
254 474
392 172
176 135
133 388
425 200
109 454
102 306
263 450
50 414
348 443
26 351
353 242
24 186
0 306
143 150
1 391
499 407
430 416
352 177
380 376
21 331
427 191
58 209
289 356
260 339
426 396
13 292
242 303
264 254
174 129
351 441
491 98
80 379
131 477
282 457
123 45
449 474
213 152
376 59
291 100
486 62
143 253
224 54
497 128
403 148
306 47
111 415
440 375
234 108
429 406
54 271
470 451
427 262
221 255
295 460
484 85
2 203
321 143
383 180
69 160
229 252
125 232
10 162
80 121
439 67
136 212
436 484
428 230
80 36
319 156
413 353
17 366
164 352
470 166
101 7
149 80
475 395
232 326
473 122
295 53
144 484
444 309
301 499
236 161
68 132
338 143
216 199
252 202
296 133
411 185
140 478
34 329
298 199
258 181
126 409
108 429
421 493
18 317
373 347
314 110
496 477
157 57
308 418
464 492
341 187
331 386
132 150
424 82
411 494
175 347
408 444
118 58
79 439
253 120
240 115
28 431
401 179
321 268
30 432
348 146
455 191
61 191
382 260
361 498
451 492
228 472
317 476
269 463
83 229
119 9
160 200
289 384
94 62
251 473
29 422
44 178
68 494
61 417
449 331
380 235
368 21
227 112
68 429
398 110
114 278
391 381
447 213
468 461
98 271
278 42
485 61
204 95
319 420
227 86
127 400
129 185
276 205
398 256
443 119
350 115
76 95
458 82
251 279
12 190
155 147
181 399
160 356
168 49
433 462
177 335
355 273
34 138
116 452
312 98
4 441
82 417
120 37
288 417
468 418
97 42
113 325
229 205
281 462
309 415
397 405
109 92
302 111
89 249
371 30
358 312
340 18
160 147
205 331
170 423
358 240
155 142
309 206
176 18
324 357
328 471
243 117
463 407
241 271
117 221
132 93
164 435
61 169
413 103
354 181
136 123
429 234
183 79
15 119
462 458
481 421
7 162
103 405
481 220
434 22
499 375
393 217
32 401
219 388
78 196
94 280
192 118
380 194
317 203
2 150
446 388
356 306
435 460
371 108
359 472
233 280
357 271
345 151
486 492
438 465
443 285
133 335
327 325
185 277
15 197
435 216
204 185
464 410
76 419
439 100
194 406
311 251
26 156
154 5
147 249
259 230
3 358
109 233
204 496
119 84
277 164
54 10
242 190
492 345
245 153
198 426
259 307
486 326
7 188
476 216
326 113
72 387
252 394
137 470
218 254
243 486
258 344
87 472
389 316
157 146
207 300
2 268
202 455
241 378
251 68
405 151
165 331
438 236
55 235
113 171
102 144
149 255
274 260
165 141
43 209
456 492
88 92
446 214
237 214
300 314
474 68
368 307
220 222
162 86
7 170
87 362
431 376
344 372
440 14
128 161
152 160
11 232
12 176
25 119
246 55
32 470
349 251
434 171
120 303
231 102
358 301
226 430
309 59
469 149
450 332
171 108
71 64
79 170
199 39
324 14
264 173
42 230
483 99
428 493
289 58
2 481
351 262
193 25
368 380
42 450
376 423
252 444
28 478
227 154
129 64
75 14
492 85
220 26
184 64
468 282
221 429
227 282
357 17
419 194
247 5
281 362
437 214
27 131
190 446
164 419
256 318
247 177
242 169
20 283
124 396
255 292
442 98
2 325
199 252
310 74
404 284
5 446
33 477
251 269
201 112
52 467
214 277
448 424
127 160
60 401
290 294
53 16
121 116
176 220
486 441
212 224
93 318
321 138
245 333
324 315
186 493
101 273
442 392
160 419
380 105
223 70
153 405
76 205
261 449
373 218
452 471
374 202
51 229
82 68
133 3
241 482
170 392
438 240
355 396
147 421
13 41
440 265
429 268
352 398
40 96
329 11
348 281
27 151
439 489
104 106
460 50
445 379
479 406
89 26
101 490
72 350
257 361
27 200
356 395
418 101
313 151
469 166
197 409
95 368
343 346
483 353
297 36
100 457
229 175
371 78
67 219
92 278
71 145
123 114
186 70
298 17
471 170
364 297
188 3
397 241
95 13
170 375
381 469
185 151
112 122
69 409
374 107
281 59
219 339
460 10
332 253
110 169
432 97
173 233
17 468
299 318
401 126
86 12
271 293
128 156
92 339
491 104
452 455
14 227
102 355
218 385
199 49
59 184
299 185
74 274
400 368
270 320
239 104
441 459
483 15
71 66
159 222
277 209
414 122
460 338
496 184
375 229
326 242
262 110
31 235
209 494
310 342
442 196
36 334
293 469
355 303
464 324
231 436
406 51
205 342
367 371
421 2
353 499
237 125
255 130
64 485
57 30
184 480
495 48
71 125
356 412
490 353
86 195
101 430
125 375
412 267
98 333
322 222
439 185
340 352
345 487
197 89
277 222
78 245
128 407
315 7
296 252
139 5
301 139
397 406
116 280
494 263
76 197
327 255
302 245
468 478
85 432
206 211
476 20
443 450
54 118
304 54
255 246
316 201
390 242
183 310
199 333
379 458
432 170
156 367
56 36
7 250
389 191
262 126
461 408
297 231
56 349
422 74
76 367
190 269
301 487
174 482
469 430
483 177
141 197
319 272
481 213
476 487
162 212
400 347
61 178
280 434
31 420
280 358
23 434
371 1
414 344
307 36
154 223
296 269
301 142
93 73
9 398
462 317
14 417
267 206
234 154
274 463
335 427
63 420
416 314
127 360
157 332
428 166
385 363
454 360
321 327
187 450
134 278
359 62
146 270
444 265
376 31
27 461
157 397
4 317
261 242
430 381
109 412
5 454
233 421
423 399
27 286
56 230
211 276
415 478
270 213
340 245
168 65
472 483
321 161
44 219
248 35
337 159
462 238
77 487
347 151
344 225
488 374
146 300
129 142
371 77
124 393
324 50
327 139
159 433
154 80
494 498
89 384
235 248
393 388
205 454
51 309
235 67
37 99
289 317
26 32
46 259
328 109
108 381
222 425
300 129
384 168
230 241
259 371
279 365
311 415
247 331
228 302
228 28
119 309
337 489
453 414
152 191
199 210
263 416
242 105
469 427
19 4
487 64
474 434
218 271
46 130
454 459
69 119
378 450
337 203
402 252
309 408
107 63
2 38
306 465
82 264
480 193
58 359
9 239
252 99
96 109
473 423
486 215
265 458
496 185
418 345
214 286
88 208
195 489
304 451
144 302
17 465
320 298
57 253
285 186
464 206
403 35
251 432
269 78
135 156
333 410
227 272
19 411
494 105
292 121
185 181
70 119
25 333
445 60
38 207
349 29
308 109
31 244
357 303
378 481
208 406
463 334
445 470
167 415
83 441
151 447
72 198
190 301
327 110
439 461
24 18
385 289
390 402
310 105
48 350
238 244
378 476
13 364
42 250
153 491
414 315
340 159
490 28
403 152
375 338
398 128
6 243
352 9
492 116
40 114
387 80
139 218
163 318
181 386
135 59
468 105
211 179
261 197
412 237
280 49
145 466
138 465
324 61
456 260
155 459
425 210
321 225
159 243
194 295
299 379
330 16
213 199
303 369
19 426
95 280
47 213
354 232
6 391
346 429
17 173
231 346
408 273
255 356
56 0
368 191
149 97
58 152
463 313
194 430
230 156
232 134
146 407
445 258
483 168
254 454
378 289
123 222
425 152
217 335
141 160
210 37
0 120
341 342
16 356
92 82
16 167
443 68
155 390
45 85
248 251
107 152
119 338
327 314
433 416
131 142
66 365
462 105
187 379
201 477
371 145
86 284
470 424
298 456
469 236
180 356
172 158
153 493
407 7
495 414
106 472
153 136
213 348
40 413
108 10
363 319
462 284
345 174
86 382
262 430
128 354
269 369
218 475
402 75
271 481
453 408
77 90
188 153
27 46
228 120
33 281
237 427
321 260
274 253
74 472
79 259
316 21
174 230
443 187
403 204
317 60
418 449
417 114
175 336
272 131
185 48
196 1
73 388
355 213
405 154
110 147
379 72
291 374
300 375
151 277
63 246
489 48
289 323
309 186
247 67
23 322
322 55
93 332
206 69
157 470
305 360
168 105
294 296
294 287
250 331
426 202
222 299
276 255
496 367
259 138
316 354
166 295
180 173
247 325
244 110
192 11
99 236
292 468
359 383
135 407
18 363
450 428
375 143
332 463
29 474
485 82
193 171
311 281
421 369
121 2
279 87
92 85
187 398
377 364
299 374
64 229
207 462
305 238
380 45
340 481
49 90
260 451
35 31
204 309
131 290
16 57
120 115
233 245
450 438
23 343
467 402
451 449
361 85
330 460
136 370
312 458
30 109
146 235
438 3
498 131
358 353
102 35
390 455
128 283
45 247
232 299
307 162
323 105
118 132
122 315
374 150
439 249
17 378
204 348
129 445
50 137
256 149
226 86
404 237
66 30
4 361
308 453
125 49
249 340
468 459
337 475
83 121
205 350
178 379
486 410
266 224
414 471
293 31
269 257
23 319
481 100
182 299
291 494
88 408
101 365
181 441
421 52
141 163
461 127
288 449
227 95
330 225
100 225
322 370
486 154
259 285
226 294
236 235
303 379
460 358
291 193
198 19
151 440
447 60
484 107
364 429
488 29
363 270
