500 4600
299 11
4 271
8 488
47 13
247 35
65 10
405 422
368 38
283 300
284 143
51 228
128 482
59 240
277 286
5 264
18 80
82 462
379 193
321 172
321 273
254 148
191 99
481 229
275 0
133 33
360 403
59 31
19 280
389 178
478 143
249 125
491 479
464 83
485 492
309 193
7 328
309 250
321 497
314 70
223 374
360 448
87 170
9 126
301 334
236 151
226 160
22 15
363 374
484 13
175 272
150 222
176 97
382 274
426 161
104 253
177 457
462 137
454 363
186 201
458 417
142 487
406 334
90 150
458 169
18 129
248 37
356 149
479 252
352 285
145 2
417 214
86 398
490 195
216 259
41 152
292 216
378 37
389 237
101 131
28 257
375 15
58 19
76 289
227 233
111 315
248 471
91 291
326 156
398 249
301 165
9 335
267 185
122 496
472 186
373 170
260 47
272 444
109 426
361 378
495 262
208 56
469 354
82 3
108 247
309 474
414 453
472 83
337 374
463 399
464 303
42 122
315 371
311 17
228 229
403 429
474 226
447 30
65 126
153 488
418 487
383 436
394 321
279 400
33 57
110 113
111 453
223 474
165 436
430 307
388 225
50 235
472 361
118 425
456 189
106 348
114 468
286 10
222 0
395 184
493 260
478 172
82 117
252 367
351 334
256 294
451 298
378 321
43 241
491 83
381 485
137 428
389 291
210 192
87 449
183 375
324 204
266 100
25 278
350 479
474 424
71 320
464 334
311 177
2 457
123 286
450 357
179 425
363 251
149 384
256 218
101 480
274 138
442 181
150 481
264 470
321 399
220 21
429 49
14 260
7 297
494 349
467 18
123 431
246 54
190 248
368 224
110 140
392 94
359 40
355 227
223 162
164 471
140 225
61 146
487 468
172 212
394 296
404 301
394 485
276 109
498 91
282 397
33 262
294 230
268 1
401 162
84 280
411 270
138 195
482 407
70 336
125 73
82 310
296 43
268 82
86 302
242 317
296 80
17 486
26 332
179 194
342 395
266 475
149 307
315 47
8 485
316 178
271 114
486 163
473 312
267 283
406 234
185 199
256 285
461 169
190 267
28 16
206 32
18 392
63 246
333 180
54 301
367 89
387 157
160 251
323 360
482 44
113 116
5 303
171 314
262 189
402 124
357 297
285 269
201 398
54 199
108 17
227 69
267 3
317 115
233 61
300 92
259 347
332 156
27 442
212 422
278 127
378 315
446 42
417 14
79 291
116 386
337 219
458 205
208 145
180 412
227 194
93 66
369 218
80 243
278 236
430 23
349 341
401 298
18 68
178 360
66 57
453 344
206 66
349 46
156 91
289 465
2 334
267 178
481 484
349 271
387 80
169 60
268 208
413 24
353 304
249 50
162 137
342 351
322 123
84 473
61 388
243 24
276 348
240 110
274 34
290 65
222 47
292 34
163 18
81 258
70 257
352 357
209 28
122 233
199 417
239 458
280 28
192 472
67 19
490 19
229 475
36 262
454 335
315 186
28 145
12 45
468 290
240 103
317 433
290 99
62 413
447 138
281 48
399 1
55 69
310 42
284 256
482 126
333 293
37 296
498 35
2 239
499 377
155 60
373 499
19 83
289 460
126 448
218 409
243 423
60 428
205 120
146 145
31 130
152 495
242 148
101 142
323 203
100 148
266 97
210 369
161 19
491 54
315 470
431 222
362 270
193 140
109 196
171 395
117 20
80 96
49 188
478 329
435 56
216 24
442 490
371 403
60 122
355 160
175 242
425 49
63 428
410 41
232 342
475 161
261 372
473 251
171 353
310 192
487 54
190 143
436 75
392 415
301 374
221 484
450 94
366 189
13 167
199 269
35 39
265 192
201 471
24 367
377 475
242 302
419 257
161 471
455 347
291 418
59 280
460 349
417 186
256 378
299 491
328 499
32 382
318 438
387 71
478 368
215 9
474 54
217 151
311 220
103 121
276 148
367 195
441 125
105 311
379 304
246 352
422 105
127 100
390 399
137 323
253 40
176 242
404 125
338 287
250 216
427 69
404 186
323 317
80 458
312 199
142 220
472 323
382 160
278 250
174 14
483 207
490 484
265 451
319 140
187 410
199 369
463 27
232 222
23 337
238 64
405 455
146 121
265 171
22 123
233 418
269 63
412 37
0 257
448 358
369 433
359 234
83 175
340 474
106 477
54 163
127 457
107 303
312 305
447 47
386 374
300 330
380 365
96 305
24 178
369 301
295 120
108 97
448 494
86 433
478 62
358 386
183 56
406 261
242 68
95 409
152 473
489 237
426 488
55 383
235 460
494 227
214 309
5 95
47 158
94 46
22 179
11 18
5 12
49 433
347 204
468 236
102 139
143 383
328 470
139 392
115 173
16 172
86 175
43 8
411 235
425 485
364 107
441 161
69 238
202 213
206 176
187 430
345 76
263 475
119 302
30 18
91 261
462 349
331 35
82 113
88 242
53 192
402 453
169 385
336 205
8 78
323 106
317 497
156 325
355 460
257 41
62 234
316 338
337 318
229 80
45 153
110 498
260 250
111 173
105 90
144 216
275 466
178 369
337 83
90 7
2 86
190 480
397 196
36 314
429 233
364 32
356 219
419 220
444 98
265 490
138 381
51 319
139 215
329 142
214 368
278 335
28 78
122 182
330 61
442 316
233 277
329 218
498 294
286 33
230 203
434 126
104 107
472 179
195 37
387 323
19 57
103 331
348 411
379 99
491 108
30 157
484 413
361 20
317 44
23 406
384 440
428 9
490 28
484 147
162 252
405 128
374 219
392 269
439 389
390 385
424 480
241 284
163 102
156 152
161 278
267 104
141 300
448 430
419 137
290 401
367 90
131 121
470 104
454 341
157 104
55 481
194 384
380 202
499 412
127 426
251 98
84 255
167 499
339 269
316 122
442 416
159 66
185 148
70 151
462 144
375 346
107 399
65 277
258 299
211 491
4 208
443 146
367 272
282 322
131 112
243 200
39 415
49 331
365 296
358 162
73 96
429 445
398 415
266 382
235 256
179 357
385 28
273 116
270 197
195 181
52 470
206 155
417 25
196 17
479 238
171 346
129 171
441 9
436 386
473 5
233 131
236 144
283 337
309 291
110 115
269 407
427 388
487 375
53 145
259 16
393 244
137 440
29 227
341 274
173 162
134 33
414 308
55 199
115 489
269 185
7 477
400 95
150 261
310 214
196 160
479 390
419 207
238 212
166 390
133 3
114 219
494 31
263 221
385 133
75 406
399 344
81 142
405 375
247 54
67 281
432 443
41 327
284 230
138 383
324 111
167 105
37 16
483 435
390 74
438 454
103 122
488 268
138 234
75 210
237 321
439 135
158 4
250 114
436 125
407 472
67 328
348 478
32 56
105 61
427 250
453 100
129 283
112 446
134 115
322 107
116 20
115 91
54 28
480 492
37 267
310 279
116 161
456 471
216 285
285 344
445 290
257 399
303 205
154 151
60 415
440 187
228 70
323 482
56 38
322 121
244 410
398 315
304 481
37 51
206 283
420 430
158 355
85 35
409 237
441 392
43 347
280 460
348 124
51 476
257 179
229 49
72 457
196 274
140 107
79 327
423 364
138 94
241 425
136 299
203 458
379 87
269 200
421 226
417 221
250 141
272 347
127 347
423 164
219 140
255 472
320 211
99 36
98 228
211 27
282 135
437 82
56 254
395 424
255 326
456 140
324 463
262 169
214 244
188 221
143 93
237 187
265 20
149 22
430 317
224 282
351 358
476 53
424 60
374 205
134 79
451 201
285 15
214 456
66 387
188 51
206 269
489 371
58 396
61 298
445 108
323 138
408 140
118 252
194 160
305 309
197 466
103 220
403 498
82 476
47 413
243 216
72 152
213 195
187 76
261 61
413 422
214 431
385 275
128 85
367 56
37 421
426 414
498 118
380 383
370 311
337 300
148 306
180 314
90 159
407 231
366 175
148 142
195 35
83 113
124 309
333 212
262 460
263 447
426 271
105 136
65 75
410 418
231 270
227 125
73 108
148 133
254 78
21 135
255 209
409 403
428 408
351 482
116 119
221 199
183 377
78 195
434 383
251 233
403 92
498 316
284 168
114 449
139 320
151 415
178 318
312 119
272 150
119 320
96 216
88 332
451 89
61 450
29 253
42 170
404 167
365 210
171 264
266 40
488 184
227 39
428 463
301 284
213 485
332 387
497 333
171 95
488 126
168 265
446 184
301 297
334 378
365 482
325 333
493 258
203 42
226 454
13 213
318 42
82 126
365 471
142 308
72 266
166 362
172 484
360 167
492 23
157 163
66 405
370 457
169 279
140 141
37 100
395 372
73 417
30 292
339 477
376 481
417 125
479 326
485 165
207 453
59 395
154 285
486 87
237 440
3 0
396 194
324 134
172 127
378 313
351 165
390 226
448 446
49 106
375 229
179 447
329 498
443 203
312 81
444 259
463 338
339 451
392 168
382 247
323 30
344 398
216 22
148 24
266 220
228 392
148 220
46 213
453 312
260 50
16 118
134 29
439 240
287 444
342 465
329 255
434 324
193 192
290 75
378 223
344 457
112 318
181 51
135 368
66 249
361 226
207 236
61 79
363 353
447 330
40 433
174 475
361 409
295 267
333 148
447 434
451 414
334 242
299 352
94 402
251 107
441 126
35 340
383 271
476 389
300 215
492 338
271 79
456 310
287 70
170 358
50 268
393 410
338 307
103 123
23 358
58 414
428 233
397 5
493 191
58 302
450 486
283 401
463 153
294 378
241 446
142 404
76 31
8 118
279 223
424 197
2 323
22 131
383 317
125 407
192 283
474 68
118 271
184 90
13 115
477 246
282 198
472 392
48 370
44 72
446 260
192 470
103 268
348 356
370 428
199 149
40 449
219 76
62 110
39 452
324 403
398 219
332 58
377 390
26 337
240 89
49 244
147 9
480 183
5 478
333 233
378 225
96 230
222 422
168 431
154 11
120 114
318 340
234 261
274 131
399 475
466 382
217 451
117 447
414 211
49 9
259 145
154 244
441 35
348 444
161 27
70 17
404 304
419 150
270 333
159 375
408 288
67 296
332 337
392 343
278 303
87 351
386 77
161 221
185 123
9 56
241 491
58 260
94 150
261 380
272 364
468 135
255 286
86 336
348 369
179 285
426 275
479 57
181 359
384 4
11 208
170 259
178 419
299 336
370 246
354 182
26 176
160 413
456 251
437 483
20 459
223 477
497 466
219 169
472 379
28 175
110 257
136 123
298 286
205 180
365 38
254 495
136 56
468 212
36 218
414 480
338 128
260 407
490 330
88 304
284 258
478 442
186 270
163 100
486 222
361 252
236 121
103 226
102 112
274 290
390 167
180 92
70 204
240 382
238 223
318 131
269 39
233 169
29 242
248 151
213 114
107 116
104 206
40 285
112 362
120 105
209 227
57 292
109 307
444 89
168 54
446 364
290 161
147 259
195 327
22 90
93 313
236 176
21 368
371 187
93 236
395 69
443 85
72 449
485 393
48 188
45 197
300 90
244 378
313 328
228 323
10 251
8 22
359 373
194 73
179 288
165 123
325 320
353 122
35 145
148 409
437 486
179 284
372 61
447 370
307 165
430 197
455 281
91 465
215 147
343 166
27 354
413 232
387 211
253 313
314 270
189 427
199 34
186 435
264 453
433 388
212 263
123 50
74 387
69 413
290 179
391 390
309 332
9 341
241 376
0 362
71 411
319 346
227 18
209 240
324 488
69 365
289 314
153 460
94 323
222 476
63 261
302 152
63 184
284 175
426 17
110 405
55 444
8 289
61 191
122 292
41 36
352 494
167 141
371 413
79 110
223 419
163 315
411 482
25 239
53 133
284 361
371 62
330 84
455 271
415 479
132 413
250 316
485 162
418 498
217 489
36 184
213 293
476 303
45 453
113 81
300 414
208 18
331 175
398 464
488 310
29 448
149 247
40 419
236 56
423 148
371 52
270 434
430 350
23 270
488 489
116 499
190 305
216 8
175 173
171 108
78 301
437 415
82 417
211 488
291 1
482 61
454 184
385 58
175 180
18 113
483 262
388 337
451 284
436 67
104 159
185 177
300 132
289 191
352 373
166 84
387 474
320 381
243 364
332 191
442 337
452 61
473 167
288 350
148 475
485 494
203 173
84 283
151 377
25 332
316 470
170 258
87 246
333 324
404 371
495 258
361 338
350 123
345 337
57 246
299 118
381 95
143 395
448 77
422 476
476 359
253 49
173 356
116 63
151 82
108 127
53 423
362 173
15 109
61 30
13 137
433 26
455 141
170 287
200 19
398 498
19 168
310 404
218 227
220 60
207 336
302 49
202 471
452 436
14 433
449 419
314 455
58 487
452 207
398 8
136 160
342 51
387 368
217 14
497 296
442 414
389 349
309 101
457 403
388 408
485 118
1 234
49 42
121 430
260 6
228 282
373 386
388 113
230 245
198 141
388 234
12 244
146 97
257 128
458 435
250 244
491 242
10 290
15 203
105 385
385 86
284 272
312 307
426 272
297 154
83 90
396 414
295 402
72 64
248 68
482 206
79 102
283 270
36 443
375 281
203 395
390 43
324 393
200 485
451 256
210 287
467 402
269 194
88 357
39 80
1 26
180 496
284 206
498 43
219 131
437 165
443 428
473 485
495 408
282 43
156 151
444 9
441 136
370 439
11 211
219 363
107 347
243 313
81 175
39 76
341 384
17 477
447 101
48 124
38 427
46 76
51 357
107 224
453 284
133 58
148 376
20 108
437 288
337 370
316 74
152 492
307 262
109 301
449 42
424 366
292 179
327 136
214 257
162 179
261 248
141 145
458 453
419 157
67 225
43 133
415 132
63 115
405 297
224 311
144 205
82 173
322 497
304 239
308 146
338 233
380 103
306 361
364 131
31 40
499 194
56 25
200 119
280 381
183 198
309 247
48 208
147 191
310 178
96 102
287 194
144 91
21 413
352 22
187 198
347 357
178 477
72 412
12 499
428 283
315 238
122 388
456 297
276 101
410 397
52 286
344 165
344 315
166 274
277 392
379 189
75 396
89 326
295 165
173 263
269 292
366 22
12 228
354 471
83 480
315 89
145 366
297 288
439 192
454 269
289 112
238 58
371 32
337 454
34 453
354 269
353 498
240 180
270 490
44 293
2 474
30 329
26 423
486 350
376 245
448 239
35 1
466 444
319 130
492 134
305 162
31 350
84 250
123 267
233 305
460 240
12 123
98 240
391 315
228 465
429 11
73 164
60 454
329 382
18 59
71 45
12 497
440 183
251 324
357 42
200 498
214 169
330 398
308 376
12 68
121 118
379 27
30 127
120 465
111 380
415 97
494 185
457 385
470 109
406 287
321 296
67 63
87 294
313 396
182 331
241 55
376 354
399 16
274 429
422 437
118 84
354 460
177 262
196 481
354 337
476 115
460 257
351 220
205 252
209 91
164 410
462 103
238 236
396 363
172 68
439 148
214 398
108 130
51 62
359 469
296 86
498 425
126 472
274 314
14 181
88 186
107 2
179 54
277 151
176 239
370 157
229 427
123 114
253 266
12 197
131 376
48 303
198 42
52 256
388 175
48 486
17 329
229 484
287 237
124 298
402 134
282 393
189 85
440 450
359 218
177 5
225 350
452 320
224 251
77 493
4 5
383 305
112 331
121 74
86 196
103 315
129 226
422 142
445 423
387 133
115 62
72 264
223 350
462 233
182 260
241 394
440 350
282 207
398 484
17 412
393 386
272 46
436 347
196 460
64 57
206 305
477 279
199 277
118 329
70 169
69 254
338 389
72 204
11 496
339 162
396 68
279 101
164 37
50 381
348 2
79 365
364 380
493 100
207 168
430 226
375 7
149 87
371 442
434 375
245 200
111 310
295 147
20 125
473 497
331 433
375 308
365 234
67 91
140 278
365 25
462 175
329 467
77 46
468 366
209 435
117 108
78 412
230 355
75 21
116 388
494 340
84 190
174 282
165 136
86 209
330 429
189 8
86 49
220 372
404 341
306 29
496 102
287 193
66 124
192 130
337 357
363 404
92 450
1 55
149 295
14 376
13 452
227 49
348 146
410 413
27 208
246 256
210 391
130 81
258 354
120 348
274 421
87 121
127 57
132 259
407 41
201 338
227 457
447 284
278 290
188 377
400 169
230 65
189 288
132 43
244 363
244 45
84 63
286 45
108 139
205 29
334 308
214 225
425 265
263 199
224 410
82 189
311 86
239 4
189 375
162 151
416 188
407 162
472 143
372 228
66 393
224 44
10 428
255 81
369 450
429 430
355 248
122 435
322 1
65 308
494 327
52 96
82 284
250 403
352 4
235 153
377 420
331 222
147 341
172 344
420 175
241 386
465 88
212 63
23 287
112 299
338 167
153 437
269 116
250 18
259 172
498 54
44 484
221 303
40 18
302 197
86 439
378 302
3 441
472 450
437 137
320 293
48 80
59 3
497 199
151 206
245 33
420 466
489 458
40 263
271 393
278 444
97 162
64 161
18 215
497 474
465 95
202 244
12 470
309 343
108 183
325 386
493 92
304 144
32 81
252 456
302 188
450 317
289 47
42 188
147 47
420 490
479 214
452 338
366 338
259 270
317 146
259 42
459 204
409 98
297 393
232 166
400 182
104 319
148 54
364 366
409 245
54 297
83 11
351 253
255 137
357 206
433 260
376 476
171 211
451 158
303 114
371 308
78 2
173 11
231 142
480 119
437 213
282 343
336 197
319 441
479 442
168 179
301 360
218 108
146 211
161 411
155 444
12 374
355 233
440 245
268 85
152 406
216 413
332 7
476 139
363 368
9 283
483 346
231 106
390 272
397 214
239 296
274 106
70 240
29 100
25 180
236 287
428 471
322 443
248 391
244 263
387 79
491 379
209 455
18 343
270 253
264 203
145 413
412 297
305 430
210 484
335 359
487 15
467 353
176 382
63 429
356 450
444 392
3 481
236 418
194 240
341 61
105 295
199 91
161 216
32 82
83 211
167 65
58 52
440 43
10 164
307 471
112 74
417 340
201 1
218 34
468 213
335 424
239 490
63 440
157 242
19 104
434 450
257 468
390 487
12 32
40 72
322 325
419 123
188 292
350 304
342 431
269 419
422 28
84 324
26 443
50 304
189 400
466 61
376 74
253 269
444 77
101 42
201 157
314 221
40 194
91 400
439 167
243 445
318 369
470 206
360 9
289 39
489 72
227 470
493 346
385 48
151 299
329 281
261 135
215 285
409 0
414 0
436 291
89 457
11 195
122 24
70 90
430 394
163 326
444 2
494 482
176 222
156 437
495 273
58 484
272 43
240 182
281 348
28 157
236 398
355 130
168 492
79 139
236 237
340 204
33 178
363 480
74 193
346 235
212 365
469 194
427 222
100 258
418 178
414 428
475 1
246 348
74 382
486 432
11 380
133 279
13 269
171 392
0 447
446 230
106 375
427 98
168 354
264 310
150 417
108 345
218 137
439 314
393 142
231 250
475 260
53 338
257 121
440 126
268 439
460 82
285 191
92 197
83 406
367 14
249 473
457 10
409 348
169 482
193 13
35 445
309 147
84 52
161 128
94 358
337 298
271 65
209 114
441 355
125 421
11 292
67 347
134 463
38 64
113 434
440 372
305 248
325 241
39 462
210 54
309 219
358 218
350 297
157 6
287 457
484 435
491 300
383 400
159 319
371 2
169 463
50 358
118 333
395 200
374 376
2 72
117 212
411 140
316 441
214 142
147 192
469 347
269 158
9 478
68 371
6 444
180 422
342 399
191 74
123 129
41 68
143 26
231 400
230 397
417 237
102 140
205 421
94 44
150 442
279 91
343 198
49 363
336 457
89 35
113 184
475 400
117 40
277 204
306 83
20 204
260 2
141 389
129 248
424 460
43 377
434 161
101 499
241 51
92 359
148 465
183 145
279 451
370 425
125 311
372 54
262 105
32 49
439 75
119 17
85 19
318 159
310 22
150 305
359 316
201 349
481 276
207 4
78 223
214 104
75 164
441 452
42 283
33 26
214 439
353 149
382 498
423 199
115 350
259 425
285 433
297 51
35 231
208 149
53 306
69 341
355 351
140 111
306 243
176 288
300 395
316 137
320 217
147 407
12 60
147 451
46 404
360 389
52 28
411 259
225 405
161 246
19 325
25 131
287 21
152 49
281 289
402 60
490 454
248 109
416 430
187 176
162 247
296 345
99 385
155 139
164 456
344 229
22 279
281 97
229 493
233 156
464 190
475 102
161 274
367 475
322 205
445 200
261 465
397 349
227 20
454 17
212 195
256 370
151 265
175 44
431 144
324 449
132 283
252 407
112 457
8 413
382 383
406 195
454 427
499 453
48 418
394 261
448 178
190 455
355 57
114 133
90 486
441 393
346 310
78 110
361 83
328 430
417 490
14 121
205 499
448 198
354 141
151 176
270 479
413 260
372 108
248 110
37 108
199 232
417 162
460 432
358 230
157 439
348 368
438 320
236 414
127 407
442 468
375 186
179 431
78 309
206 83
286 412
494 77
461 361
94 322
309 167
233 335
270 258
114 285
362 64
76 24
20 122
81 313
490 31
214 73
119 384
176 258
462 125
230 459
291 128
216 370
3 81
177 467
250 173
437 299
318 432
227 273
293 407
342 474
407 7
131 448
61 334
10 297
88 305
311 264
190 488
228 269
483 413
222 438
12 285
243 383
188 455
283 180
339 63
253 119
58 247
85 164
330 363
7 276
215 490
141 239
116 465
374 2
241 480
166 352
296 316
493 27
109 429
215 173
488 424
48 24
28 56
124 377
287 316
200 406
48 277
132 205
1 337
2 354
165 387
423 82
352 220
131 37
452 222
73 355
174 231
166 353
499 301
75 297
441 425
150 20
53 264
368 406
64 103
354 420
148 114
174 215
136 83
314 363
412 368
87 128
276 361
386 401
231 24
211 262
343 493
22 445
200 221
427 295
264 30
365 383
174 467
226 211
448 15
202 210
227 332
186 87
122 10
183 411
303 181
240 67
257 145
435 224
34 99
395 261
366 31
448 155
180 361
199 311
349 391
22 142
189 11
275 307
209 308
443 156
357 173
330 486
269 309
152 191
309 459
412 312
168 110
404 7
413 429
26 36
285 483
105 144
142 221
402 399
6 487
323 289
323 5
28 193
465 100
341 142
278 76
93 180
81 245
432 316
45 272
113 445
252 104
14 253
286 464
382 308
106 124
371 61
227 266
484 7
229 411
44 360
372 453
306 45
189 245
84 448
194 41
466 304
276 75
58 294
80 149
162 142
232 311
326 421
113 57
262 229
182 77
171 377
297 140
448 387
118 253
261 51
105 369
431 380
94 376
428 219
126 87
207 259
325 8
54 53
404 130
283 72
64 83
271 206
1 389
17 149
220 190
383 349
199 470
121 35
103 104
494 176
343 225
485 339
183 408
90 171
242 8
444 63
328 97
19 270
474 301
84 347
38 320
472 337
372 135
10 488
133 422
180 284
249 428
267 425
8 64
123 104
344 397
44 379
489 178
102 225
393 30
91 163
4 154
162 379
301 386
344 471
445 413
176 473
312 380
445 143
18 330
201 13
336 245
278 273
5 24
207 306
413 249
455 183
266 239
492 326
448 283
2 413
483 67
138 46
63 4
475 104
428 258
132 57
127 181
46 189
88 82
309 371
348 408
438 26
129 155
385 220
170 147
89 166
24 264
195 92
326 108
39 448
205 345
393 119
286 269
133 225
471 314
428 11
327 130
246 262
407 467
55 335
80 158
430 61
154 190
202 363
249 308
425 132
224 451
58 400
110 294
200 321
68 469
260 382
380 297
323 74
378 308
381 45
478 31
443 158
288 487
470 183
457 313
289 356
202 307
197 372
470 343
6 77
387 382
34 405
12 266
497 160
468 392
493 351
21 425
6 195
346 474
370 204
14 303
433 188
20 104
401 53
332 91
442 358
32 185
408 188
248 421
209 68
456 370
249 23
391 377
369 230
50 360
159 67
274 448
26 18
140 92
13 207
381 331
409 314
226 248
58 87
130 202
135 129
396 227
405 99
268 89
288 390
491 412
451 8
106 109
279 284
256 210
104 294
440 202
195 263
171 165
268 455
345 477
238 76
499 395
85 42
490 315
452 440
216 141
469 168
36 244
454 311
240 331
449 446
12 298
95 11
243 245
328 116
356 31
256 315
469 358
337 169
122 98
357 469
76 199
122 238
313 82
286 189
412 33
302 53
188 129
269 312
42 340
203 287
181 371
137 259
84 237
339 98
488 253
102 335
124 140
479 203
491 317
343 27
23 169
341 144
373 295
359 51
437 357
269 310
123 429
308 0
93 70
126 381
202 301
287 150
260 262
351 266
64 342
404 280
211 382
45 82
225 218
320 243
36 274
485 328
217 170
50 406
456 287
436 320
28 37
258 468
84 121
330 395
172 270
316 158
31 175
56 227
435 97
124 168
450 324
343 146
367 170
470 386
368 349
462 274
201 64
433 31
304 186
470 426
61 477
82 246
63 108
262 0
408 357
108 155
82 324
277 487
479 408
434 386
252 243
139 429
24 77
440 360
86 231
126 90
122 37
196 15
482 34
68 48
343 253
289 248
461 370
118 152
56 400
128 429
115 349
13 62
295 144
482 309
273 276
63 367
13 233
72 281
414 193
278 172
222 481
440 42
407 481
340 305
122 192
131 349
486 203
391 416
265 179
40 387
495 0
70 281
314 404
450 0
372 421
207 160
223 214
79 329
305 22
39 365
278 58
66 438
485 263
352 249
382 151
144 229
44 373
432 3
121 280
284 440
356 113
151 55
46 364
83 161
122 19
125 210
7 220
414 55
413 459
244 215
43 74
370 90
374 246
110 454
396 441
443 305
328 352
57 223
181 365
160 73
8 214
78 0
202 66
475 196
368 451
16 298
77 242
142 340
353 8
445 370
105 459
210 229
321 316
413 390
376 93
305 186
49 36
385 149
462 356
286 209
264 6
323 219
53 56
227 93
70 217
57 366
44 63
382 49
101 177
242 181
132 62
354 130
106 482
166 348
148 418
75 73
198 140
478 200
284 311
192 9
253 368
19 51
297 5
75 137
298 89
476 47
462 257
80 485
420 7
427 211
385 419
120 279
91 448
314 193
434 271
330 63
122 115
364 379
173 242
344 82
406 22
205 210
242 421
385 146
474 196
419 309
53 155
286 210
414 162
52 32
405 194
423 63
457 431
411 351
207 434
340 21
261 376
318 312
205 182
232 475
312 466
79 294
457 149
231 414
377 63
54 369
422 153
49 328
281 265
47 110
157 36
218 328
275 269
311 261
320 298
27 460
446 209
147 279
236 101
409 283
427 217
84 29
365 217
271 16
133 259
135 391
182 413
194 406
133 194
252 350
307 352
476 186
185 222
416 262
33 260
81 10
488 193
243 464
438 373
139 2
79 421
198 143
180 227
499 85
441 461
318 65
213 43
185 240
325 361
482 353
445 313
166 239
57 450
455 110
281 260
105 433
358 201
438 398
499 29
66 216
378 154
13 2
20 325
313 50
196 415
70 238
345 309
68 448
328 319
2 27
221 325
421 22
186 381
320 14
11 314
327 362
177 128
324 8
406 439
392 213
350 373
231 410
55 61
31 116
63 276
262 401
3 400
454 378
498 363
375 195
444 49
377 198
398 234
333 152
48 116
458 374
110 499
305 207
280 160
115 189
222 313
101 283
477 478
412 142
73 305
409 72
427 439
423 374
77 203
253 150
347 338
228 452
377 446
366 212
414 335
14 271
331 212
57 101
169 94
16 260
20 71
245 352
29 167
147 261
137 252
107 323
352 27
212 166
428 398
151 128
145 334
124 211
365 476
441 4
139 457
426 113
50 384
265 213
487 163
157 276
299 53
191 133
205 111
60 282
378 118
399 319
23 89
140 162
25 455
26 293
183 325
443 366
113 369
301 198
499 223
4 428
477 260
167 73
292 458
295 316
464 407
463 73
313 154
271 208
297 421
465 303
114 28
11 197
321 269
250 433
435 2
328 18
308 113
185 294
139 428
448 211
168 343
243 337
44 185
322 232
374 343
327 179
178 97
313 388
51 400
419 169
334 13
82 254
12 203
87 198
4 365
353 296
460 248
305 38
427 48
471 54
451 290
437 443
214 468
73 442
411 491
217 52
341 446
122 468
411 446
197 493
4 274
23 159
322 192
230 461
321 304
137 24
451 453
332 264
117 67
14 7
76 489
143 425
151 74
343 350
221 328
406 338
157 32
363 379
392 360
395 165
374 241
336 37
248 51
152 165
143 481
328 273
493 451
261 9
145 487
244 281
78 375
428 174
57 275
291 315
208 470
167 420
7 41
267 141
188 411
343 346
480 417
192 385
312 374
468 195
222 490
371 222
98 405
218 437
261 237
438 294
124 80
274 80
99 108
157 88
277 448
189 72
351 441
13 398
172 67
401 238
202 485
146 228
132 29
444 23
83 138
488 38
40 183
43 69
420 474
57 74
53 446
30 272
456 475
95 392
145 101
365 66
196 454
283 305
273 326
459 313
422 147
2 337
131 110
296 154
426 34
327 423
78 44
353 341
417 65
373 320
96 76
294 475
12 156
332 319
19 445
310 278
170 344
314 124
381 171
409 106
362 70
472 490
349 255
7 232
272 49
167 245
421 59
165 224
282 197
93 457
254 498
187 161
293 178
378 274
380 46
214 321
9 132
335 293
168 439
186 292
349 477
318 195
32 475
192 5
264 285
367 249
65 251
362 193
374 456
499 104
15 238
205 362
212 419
144 151
223 59
419 459
406 449
418 205
107 239
250 254
430 203
121 319
482 392
276 70
389 292
348 202
487 361
442 53
39 295
312 194
339 480
432 72
4 378
47 157
320 156
219 447
98 369
270 131
469 360
170 408
437 50
22 374
172 322
160 252
302 273
409 127
229 296
481 168
470 416
280 2
144 57
199 359
256 32
188 96
251 157
435 104
208 309
266 139
244 201
336 340
372 59
303 152
497 390
452 443
251 380
177 337
366 415
445 91
392 459
282 223
189 201
107 343
470 229
266 350
31 239
127 109
465 367
154 113
152 108
236 133
145 79
318 77
184 24
166 243
264 302
217 122
3 195
106 96
364 203
436 154
201 362
184 94
424 88
479 484
499 388
400 326
374 259
153 81
109 59
308 336
145 247
426 419
464 49
81 344
318 327
123 394
286 468
229 192
353 474
141 61
352 106
91 408
478 206
80 388
74 22
456 146
144 426
423 9
336 41
81 357
341 491
142 144
134 271
312 159
2 221
73 154
344 74
258 439
273 357
236 90
217 144
328 38
139 349
330 129
8 363
474 472
91 259
279 376
379 88
236 117
265 391
201 251
65 116
353 121
313 12
267 109
19 17
161 41
157 243
222 432
241 359
499 341
333 183
337 264
285 214
35 140
136 437
270 41
284 398
240 482
179 87
396 61
220 62
199 294
176 426
206 277
316 73
394 367
189 480
407 136
460 275
176 469
214 208
65 100
397 353
492 56
212 465
344 111
135 332
237 264
96 355
441 418
467 497
196 208
148 190
14 135
209 436
230 272
289 101
265 489
323 466
356 282
344 446
395 491
489 298
244 273
280 343
465 480
457 107
289 132
148 274
357 264
287 297
45 198
498 2
405 50
10 408
364 74
93 343
17 402
95 55
474 299
324 405
422 273
35 390
274 178
415 315
250 282
189 31
412 191
106 286
427 475
457 432
333 302
152 394
182 405
227 350
268 124
13 431
63 99
13 227
386 228
57 51
374 313
32 74
474 206
363 118
450 209
455 270
126 347
272 496
261 96
111 297
131 94
121 271
275 35
22 208
477 177
7 180
206 320
62 278
420 301
310 49
142 288
53 64
395 18
29 131
169 56
47 349
410 18
267 181
250 299
416 191
416 383
117 161
119 93
355 316
324 49
298 162
338 89
390 252
68 327
426 321
73 397
453 263
479 251
377 371
213 159
455 295
312 168
384 451
243 335
488 171
256 443
13 447
137 433
71 447
445 440
107 44
215 350
244 179
480 174
38 270
74 94
280 100
330 8
240 43
393 474
340 158
218 248
140 208
64 455
159 338
319 472
275 216
380 426
465 185
351 75
129 175
133 160
474 362
194 465
23 360
151 102
445 13
301 376
95 434
207 488
444 356
471 440
175 157
412 166
328 192
125 87
320 5
9 429
324 428
152 21
51 417
474 105
157 446
8 31
165 449
17 233
367 101
376 199
276 155
359 197
305 241
22 212
373 263
39 317
55 183
245 240
478 299
57 290
73 392
336 184
249 58
167 347
237 386
167 335
67 168
272 455
203 40
2 436
489 43
418 408
28 101
57 469
420 360
498 499
395 421
364 9
142 19
82 212
255 217
68 399
33 464
83 391
480 54
159 78
436 336
91 90
150 341
426 0
333 410
437 45
382 172
2 250
96 387
491 495
258 316
460 189
207 161
427 285
84 113
31 225
226 18
161 454
324 155
256 193
221 252
131 308
205 231
333 312
258 57
353 483
34 149
31 281
9 182
465 143
429 335
368 23
66 161
82 444
277 456
127 437
413 263
424 285
133 68
443 13
221 340
371 76
282 114
219 270
141 168
438 492
116 272
57 449
6 421
350 289
178 492
374 392
181 130
166 262
157 491
249 223
410 308
64 435
385 54
467 48
263 417
18 389
312 334
57 348
72 180
336 78
72 237
354 239
214 478
229 67
350 155
37 229
128 454
88 145
326 349
48 374
441 97
102 424
447 124
456 179
268 148
383 164
96 461
156 161
394 313
288 279
45 495
279 252
396 9
129 447
214 110
96 146
438 252
9 492
40 315
314 9
390 182
227 256
90 163
467 137
488 230
123 298
103 174
186 142
428 237
381 212
133 144
288 205
375 455
92 27
108 90
369 147
182 36
134 117
34 496
114 391
166 401
193 144
179 469
79 343
301 393
83 452
98 72
358 123
379 415
307 18
52 455
395 406
75 444
51 230
298 227
205 203
79 383
455 96
22 345
480 217
319 189
490 228
393 313
471 434
344 76
250 303
204 332
134 338
343 11
439 112
425 134
338 204
74 429
13 225
372 323
251 327
350 281
78 358
313 71
340 352
142 12
281 111
320 45
100 428
87 33
96 412
56 0
395 313
335 262
404 261
293 221
45 222
144 97
486 212
182 244
381 461
399 104
422 123
128 71
191 422
396 349
79 278
31 213
440 2
64 423
95 63
78 32
246 309
218 257
157 176
46 278
276 48
1 330
463 18
355 5
411 315
19 126
382 96
395 45
452 181
398 455
213 388
213 156
451 432
117 8
305 122
230 480
447 243
488 290
190 121
369 234
37 75
191 286
112 86
35 86
117 48
465 393
252 280
45 128
117 162
286 149
21 485
280 11
269 192
99 16
338 381
498 147
248 43
141 214
101 9
206 328
363 442
252 222
433 274
420 88
106 273
415 174
458 180
289 450
226 497
194 88
243 132
486 380
289 199
278 81
134 133
200 189
248 467
315 322
431 119
444 307
172 135
112 196
172 371
389 361
41 265
392 25
229 494
480 42
409 349
15 283
433 360
473 172
464 142
446 409
151 286
462 81
148 478
30 410
240 414
130 448
290 151
475 187
175 481
380 88
324 199
291 285
321 151
418 240
438 108
493 437
3 401
228 417
337 465
310 28
63 221
331 76
491 13
116 487
390 266
473 499
244 462
345 454
341 163
81 63
260 374
169 52
324 379
444 389
138 448
10 37
204 23
81 284
123 341
345 379
173 310
472 277
8 252
205 359
204 346
19 24
234 90
15 486
33 323
332 371
381 205
123 356
474 258
35 220
470 217
62 141
224 14
355 333
169 484
496 341
170 472
403 329
279 437
252 317
423 410
241 321
31 262
440 174
437 49
273 432
1 238
448 232
26 247
315 96
280 116
270 153
163 361
27 142
296 467
491 189
447 209
200 134
471 334
274 266
174 491
367 225
376 196
196 324
416 480
36 226
200 420
143 476
199 23
391 121
99 162
480 309
165 439
315 56
204 210
25 435
108 464
291 147
368 476
189 112
245 221
147 387
257 139
281 245
367 236
478 203
106 188
80 248
207 251
339 406
5 187
61 223
490 323
397 17
8 126
286 353
31 362
182 444
409 154
51 440
173 59
481 212
33 122
128 126
84 91
335 459
107 395
386 376
129 32
265 16
263 69
210 452
402 371
21 191
193 295
127 299
253 8
87 223
129 374
330 399
345 191
473 241
415 403
192 36
140 243
255 481
310 87
181 384
76 202
208 329
66 479
265 429
50 24
389 152
191 122
475 368
50 39
150 143
101 362
5 368
134 236
385 282
8 1
67 477
344 70
464 266
366 330
157 149
293 245
307 170
433 324
272 283
207 369
147 268
498 84
483 327
51 132
198 150
35 106
269 440
456 215
349 210
103 15
302 400
415 198
238 248
423 85
446 340
144 350
0 269
450 104
486 193
335 478
218 387
478 307
257 160
238 292
376 273
444 461
153 84
235 79
219 359
42 245
37 111
449 84
231 251
440 131
326 420
67 364
347 277
35 152
261 489
281 236
408 484
27 81
17 130
127 190
246 244
58 213
476 218
217 103
428 434
235 145
122 469
304 276
207 414
481 242
128 33
25 100
157 109
74 97
91 418
130 286
471 234
467 75
21 424
351 157
66 175
378 465
360 487
82 90
426 160
121 331
430 304
286 411
5 48
356 131
475 222
14 151
25 290
384 281
352 438
225 242
456 459
96 458
243 471
452 424
46 230
47 50
85 172
74 3
245 246
110 156
135 489
122 478
369 90
264 378
349 365
395 256
205 368
7 45
482 492
24 370
162 365
150 197
74 244
135 12
136 61
225 387
451 354
176 87
34 110
250 32
317 347
215 229
221 322
37 317
48 256
339 314
177 89
488 44
307 356
319 40
281 20
257 161
66 196
382 226
450 364
482 415
162 275
60 456
369 474
196 209
407 46
172 147
97 318
235 348
432 104
390 48
98 472
493 52
145 52
134 336
167 27
40 316
432 359
144 360
163 79
493 231
462 337
199 92
209 159
58 280
491 90
488 447
358 363
183 295
68 347
76 70
326 249
435 194
56 364
469 36
497 281
344 433
105 68
461 267
462 155
289 315
260 484
7 466
449 313
193 497
371 180
257 464
220 226
260 200
38 120
194 345
381 225
447 24
374 169
246 33
203 152
377 107
296 450
79 432
260 284
7 498
287 168
22 223
498 244
464 377
453 166
95 61
45 351
85 384
133 254
447 253
446 288
477 360
320 485
439 468
429 284
337 103
226 188
366 104
360 470
162 150
231 344
125 183
310 67
234 384
471 228
103 274
261 443
195 397
252 187
152 88
472 369
103 412
486 78
82 367
338 120
198 341
396 166
119 191
315 24
183 453
342 320
199 41
363 310
63 9
37 78
412 268
433 428
436 353
14 44
465 67
396 378
180 285
73 283
160 154
454 300
139 153
152 381
282 175
288 27
215 287
423 28
185 350
160 63
305 33
96 37
159 105
336 165
476 119
171 217
38 18
359 212
165 50
290 376
51 387
17 446
222 433
374 266
426 197
395 415
157 420
78 143
370 231
174 488
92 437
218 383
91 380
473 238
212 112
378 56
29 470
139 346
62 229
251 277
23 296
368 389
451 294
157 108
291 25
127 23
309 455
408 16
87 384
45 265
102 18
412 418
44 274
280 44
254 293
122 432
153 85
2 50
425 448
325 189
288 494
339 326
88 256
340 330
74 288
394 8
321 153
0 137
298 434
15 44
116 181
438 39
384 163
48 480
402 306
20 339
125 89
342 440
231 98
48 199
267 163
380 233
17 283
364 15
408 100
162 349
36 496
90 404
159 242
143 318
282 345
152 360
381 498
371 375
176 204
449 404
28 346
329 375
159 9
138 470
479 127
452 381
359 73
325 98
0 112
391 414
318 22
51 313
248 397
190 470
407 451
153 241
105 447
174 197
495 73
102 336
46 81
265 240
460 428
5 202
172 47
0 220
74 477
257 134
394 322
125 76
277 383
59 458
422 146
218 241
469 12
90 292
125 414
168 256
149 136
292 434
468 473
191 468
247 341
182 246
479 30
343 364
367 326
64 371
54 56
305 119
189 230
285 122
479 22
162 48
222 59
319 476
427 438
363 233
161 127
318 304
299 279
278 74
161 217
234 297
109 442
88 278
6 217
365 130
97 251
8 391
194 498
95 458
61 255
455 62
209 44
338 495
180 107
193 235
436 289
17 263
489 117
18 240
28 132
34 26
450 261
291 402
2 258
266 99
332 94
472 129
219 262
265 372
366 179
56 165
471 468
242 461
481 145
497 448
224 394
428 176
405 172
308 352
386 63
304 34
402 225
452 195
135 138
77 142
468 33
73 263
118 395
419 177
34 427
273 344
476 393
54 202
481 215
203 351
148 299
432 478
73 6
423 133
433 306
8 364
133 398
190 391
145 134
138 82
85 7
114 40
474 252
218 12
333 299
499 128
268 232
7 1
244 17
376 449
334 88
154 141
236 180
61 78
333 427
481 226
35 178
60 240
217 435
72 121
263 480
125 185
195 297
164 140
257 373
45 230
50 64
348 305
222 292
225 400
369 59
211 378
434 340
492 305
466 269
32 265
119 1
122 290
212 337
285 460
381 255
361 277
22 95
95 45
326 490
202 321
227 224
152 323
342 100
330 56
497 55
95 79
59 287
461 406
333 468
81 49
156 477
431 407
498 373
353 290
382 210
198 365
51 354
286 433
384 132
413 73
391 402
350 451
379 209
151 496
198 43
127 331
107 68
