500 5900
298 247
309 25
215 312
416 313
180 26
194 40
252 255
156 403
191 291
0 444
141 435
79 296
374 368
62 227
34 475
216 378
70 97
165 110
339 342
479 163
144 86
343 311
369 84
130 426
62 131
202 79
203 113
327 77
87 301
114 331
142 96
353 148
263 238
353 293
125 120
213 141
201 196
389 309
360 430
393 154
290 261
295 384
460 485
392 305
55 69
481 15
141 130
309 443
163 473
329 91
464 217
160 342
421 431
260 183
384 10
177 232
497 214
178 392
474 355
235 441
134 163
308 439
449 113
370 193
62 80
167 277
406 69
471 186
456 179
221 296
199 171
134 489
413 75
452 309
256 475
98 182
321 408
234 100
456 463
372 494
495 21
353 375
330 309
464 314
447 141
130 364
194 206
31 282
204 306
85 271
293 118
263 216
212 494
442 471
142 449
241 223
80 110
299 100
88 147
143 465
169 21
344 441
57 286
205 108
70 324
483 80
322 42
436 348
333 454
404 427
230 181
18 258
176 133
172 41
495 443
177 413
171 35
51 370
307 309
134 217
63 420
94 141
241 307
224 412
103 356
81 109
130 410
385 185
472 323
109 411
489 29
96 421
4 372
110 124
49 48
192 49
111 292
92 123
171 134
361 430
67 327
276 99
484 332
21 71
9 301
330 250
8 182
180 438
270 212
166 437
291 450
427 195
169 205
243 79
310 270
424 287
172 152
268 325
444 373
35 395
401 328
109 126
76 180
243 16
68 352
119 12
486 435
317 447
415 14
176 226
217 286
117 51
443 324
403 1
488 407
400 97
363 120
5 496
7 84
262 79
483 277
261 254
159 213
394 63
250 132
311 78
149 358
286 0
39 16
448 447
198 382
282 266
292 449
157 119
202 492
411 112
324 370
301 349
305 181
372 224
84 55
313 16
284 30
175 225
444 268
181 416
450 106
327 130
351 129
343 298
342 442
306 328
86 351
443 315
72 149
266 333
81 42
288 388
385 4
194 357
268 160
128 477
55 2
58 92
422 68
389 178
251 344
448 45
229 38
39 402
37 358
473 204
166 136
201 468
119 360
270 138
127 231
57 354
46 269
280 469
475 360
129 152
345 214
291 182
263 147
192 470
222 379
254 5
137 369
430 203
334 150
188 45
272 148
363 391
363 101
297 445
79 17
467 142
315 417
238 53
453 379
289 37
432 499
493 106
38 343
370 398
16 224
266 164
92 48
50 470
417 0
44 343
196 60
475 364
90 285
203 336
324 278
468 104
288 318
361 433
55 208
369 497
171 402
385 220
180 234
478 470
370 200
68 123
105 345
62 63
183 267
38 126
263 224
169 35
9 105
358 497
136 336
61 103
17 313
116 93
18 381
460 84
91 33
310 9
150 373
185 346
246 24
53 62
499 190
252 211
324 150
391 125
136 72
395 185
256 262
105 221
486 389
126 358
22 215
94 400
48 420
287 401
169 262
378 142
346 425
472 294
333 30
285 438
397 205
117 203
249 406
341 210
457 454
57 150
156 85
395 430
26 359
323 44
251 201
227 257
287 448
415 139
442 374
440 242
379 351
498 193
222 311
107 213
401 44
371 163
225 495
186 439
43 457
106 325
182 409
342 290
207 422
234 316
384 143
498 319
83 205
180 359
18 46
173 390
103 223
79 134
16 303
58 260
105 467
335 414
352 464
409 234
414 143
185 464
374 461
292 485
42 342
321 133
497 365
119 216
156 250
146 174
293 130
494 139
248 429
321 243
72 379
176 208
460 255
247 485
455 444
120 365
9 80
196 300
170 282
205 45
93 301
80 385
61 111
452 455
368 327
11 288
372 366
354 208
304 287
300 374
322 334
270 69
386 453
398 318
471 85
243 132
432 11
205 349
494 305
377 458
80 292
340 494
70 440
306 476
191 226
270 411
94 490
464 410
99 183
286 198
466 153
136 363
496 190
80 113
478 85
186 96
330 269
184 0
27 156
337 5
136 469
192 77
3 252
421 91
325 322
403 170
263 497
179 44
18 65
498 254
451 469
161 471
341 223
378 422
287 114
301 272
218 315
388 252
264 154
371 341
391 160
143 43
497 199
92 455
71 48
459 43
231 175
388 181
362 371
449 361
404 170
292 96
247 264
23 300
357 157
38 227
393 354
210 420
199 414
331 7
337 344
422 263
489 7
324 400
406 4
431 185
118 164
74 11
257 155
202 353
439 43
286 257
130 167
312 187
420 96
28 240
397 120
154 148
313 168
192 130
245 279
389 122
376 190
463 61
473 346
268 417
28 369
461 9
322 465
14 31
97 137
159 51
300 285
300 317
289 407
10 297
88 423
261 294
196 199
248 233
365 409
296 403
488 367
196 11
167 498
233 258
179 159
364 164
196 37
241 391
109 334
345 100
296 172
159 492
153 438
197 459
57 442
95 232
315 345
362 66
26 434
383 326
312 48
294 309
105 243
114 112
463 82
461 218
29 306
90 350
42 276
221 307
20 313
419 212
130 150
360 59
429 227
493 498
285 256
362 124
192 446
88 90
310 407
138 213
299 70
420 225
441 117
67 203
395 489
60 236
112 423
350 18
389 470
389 91
124 497
200 46
55 482
218 477
400 441
106 368
43 319
423 79
239 214
5 285
201 152
388 122
362 261
270 286
124 325
206 152
480 479
161 274
412 451
363 300
402 208
249 176
119 409
412 190
38 46
241 447
76 164
256 210
498 332
26 334
37 245
109 306
433 493
118 110
83 455
180 106
2 46
267 475
93 95
14 148
446 388
258 72
168 341
131 443
400 480
470 238
326 246
223 121
35 217
409 40
79 33
6 383
68 167
425 247
491 469
280 247
358 70
90 345
177 405
162 466
386 459
425 334
332 409
280 142
74 461
422 132
331 59
402 400
29 95
428 451
227 284
455 197
234 174
141 35
478 300
292 411
361 46
153 499
208 216
213 397
431 377
394 416
287 399
81 453
73 317
69 84
451 197
83 471
87 92
292 212
436 427
443 99
191 394
290 67
352 209
466 381
475 194
368 118
452 31
132 59
80 228
279 194
369 240
492 83
315 489
423 220
137 20
24 242
360 290
378 17
342 37
223 40
236 76
360 199
151 461
421 301
73 480
367 261
159 24
403 329
9 146
487 472
423 172
110 264
410 239
46 275
249 80
321 185
331 484
86 427
273 29
315 294
155 362
345 361
456 348
34 376
392 159
315 209
25 399
50 392
260 116
5 359
97 64
149 392
122 213
289 490
344 408
233 318
145 142
479 26
326 442
475 149
452 432
134 198
103 120
285 167
435 382
429 481
462 283
1 310
113 185
151 125
299 474
113 75
7 38
261 318
131 345
24 339
293 219
494 205
140 102
6 416
63 265
486 448
217 43
235 420
3 376
227 157
119 129
323 278
197 347
181 53
287 445
403 431
296 185
263 372
352 86
263 281
93 484
439 92
381 289
481 476
398 211
410 370
471 150
467 275
91 95
274 204
194 236
241 234
363 388
286 130
110 330
384 258
143 12
265 300
310 259
56 340
393 309
488 68
96 481
66 256
382 456
242 6
144 488
47 152
65 111
44 347
453 484
131 284
390 151
61 30
278 307
15 82
129 19
275 243
185 76
271 276
123 64
87 45
320 18
423 137
166 472
349 267
195 225
281 3
165 211
10 279
253 144
197 483
57 108
344 235
172 30
248 329
460 23
167 61
195 201
262 335
124 149
34 18
400 232
489 98
385 495
354 303
328 216
238 249
168 470
279 29
107 144
472 280
122 195
417 120
152 342
319 190
97 491
22 495
440 161
90 247
334 440
113 408
337 192
409 58
71 128
248 242
338 498
247 29
9 303
216 146
146 252
133 217
373 122
36 126
344 400
77 331
34 287
119 134
480 80
7 37
102 496
259 134
54 193
161 55
100 463
379 83
374 399
88 408
210 294
464 363
335 37
280 54
308 329
205 331
420 297
194 85
456 17
447 169
95 85
128 191
123 398
9 389
350 240
453 15
275 31
227 296
453 451
483 109
426 161
351 232
82 271
72 460
442 6
102 113
428 62
339 236
324 261
159 302
149 18
274 369
484 285
133 348
342 419
410 52
94 404
84 263
493 225
80 420
483 493
402 200
265 328
262 115
90 321
471 439
482 187
133 52
395 212
155 126
434 225
61 277
158 112
27 278
151 122
166 332
121 358
324 81
311 180
443 446
25 255
146 401
338 216
278 486
209 390
215 310
107 344
270 166
241 118
444 383
367 265
323 316
371 151
458 316
69 399
210 7
129 269
9 237
349 357
151 209
218 428
170 484
94 115
252 349
235 176
263 454
370 385
77 243
168 298
361 123
34 229
252 29
118 264
239 386
390 280
415 466
376 458
56 374
434 432
83 314
413 308
240 100
262 143
316 248
40 279
411 315
396 192
265 409
195 376
74 310
99 148
474 130
429 441
312 72
336 86
479 183
93 473
28 16
352 108
478 302
38 41
302 437
19 190
317 96
203 159
29 72
234 459
281 5
465 26
465 295
91 27
129 24
424 387
456 45
484 279
139 73
168 483
38 475
249 21
278 153
320 252
46 405
491 219
319 153
1 252
140 494
481 126
247 354
161 402
34 197
257 271
493 42
320 90
263 40
415 426
325 403
197 128
414 128
211 271
332 399
493 29
298 195
478 406
36 119
196 174
490 347
44 345
58 192
497 182
254 243
457 384
409 354
274 88
49 98
309 424
191 245
318 190
174 499
193 307
407 1
455 253
40 262
318 210
299 331
390 157
399 430
365 100
159 222
146 421
94 499
131 377
447 181
61 127
443 292
209 112
55 202
191 396
94 399
497 404
271 298
395 261
269 224
253 16
140 293
380 456
290 110
262 381
176 111
253 423
215 479
91 52
5 245
498 214
444 60
441 414
342 362
208 76
6 426
112 285
61 13
299 339
107 332
146 235
387 57
310 436
32 407
30 485
200 247
224 423
358 495
362 51
85 120
406 72
417 113
461 400
25 283
285 29
491 221
127 123
205 80
368 324
291 385
499 361
247 161
96 54
273 282
13 342
61 380
280 412
340 213
378 444
386 43
43 355
26 183
97 24
368 138
426 319
255 324
179 363
340 131
110 70
451 349
64 135
108 159
175 474
227 274
341 134
415 24
88 463
481 388
284 175
326 134
110 297
327 409
50 387
129 85
400 193
230 208
491 451
428 280
42 76
381 352
259 448
272 457
317 263
227 365
296 461
385 360
157 257
36 296
256 180
165 129
215 376
425 301
286 423
238 353
228 391
337 292
282 11
252 290
82 274
216 245
2 78
239 121
223 393
181 45
43 463
353 342
451 58
187 237
323 172
390 463
488 249
391 344
288 461
3 183
178 171
16 254
370 388
492 425
249 331
186 58
66 477
349 3
18 419
369 494
152 150
356 183
402 449
440 498
450 441
38 164
88 166
477 194
196 191
173 71
269 86
51 472
434 395
470 268
211 293
392 184
125 233
147 17
32 170
251 219
485 134
37 28
303 251
157 232
230 216
350 311
421 208
220 424
430 174
291 424
152 234
297 372
217 213
479 186
77 284
102 286
8 191
168 230
6 431
114 240
233 462
49 32
204 413
58 205
296 190
134 385
14 388
237 79
475 382
297 296
411 342
280 134
133 383
449 143
186 472
283 161
51 215
433 75
103 331
388 114
8 200
75 321
283 441
81 239
235 256
136 445
369 247
359 354
313 342
35 220
52 447
142 167
158 185
210 422
400 233
16 215
61 136
350 427
480 395
93 269
364 70
4 419
425 271
411 209
438 102
298 393
102 225
98 115
98 475
230 197
314 61
493 219
23 18
231 377
297 387
216 36
24 472
297 112
83 36
412 126
96 90
38 166
76 291
224 116
263 400
326 188
465 181
379 249
180 301
150 379
406 270
165 42
54 332
481 487
351 26
281 127
6 203
151 267
114 71
141 91
296 226
387 229
56 24
195 370
242 455
121 326
328 433
404 350
235 304
197 98
90 420
282 295
231 388
174 403
140 422
267 241
205 141
376 427
135 283
244 394
217 407
28 329
417 46
330 144
213 223
223 383
493 294
229 404
126 211
48 428
16 151
166 408
204 469
481 52
236 353
130 84
449 320
5 40
187 221
82 183
42 161
115 146
184 455
191 445
103 310
429 239
80 353
162 351
102 131
90 461
24 52
445 32
80 116
83 353
10 115
418 181
485 195
67 343
311 321
338 499
220 248
94 192
245 205
276 370
461 317
185 44
412 373
170 56
74 288
362 438
494 276
337 149
325 89
428 422
194 479
240 385
112 155
115 333
105 229
187 376
426 406
62 95
170 351
61 160
450 363
438 131
389 276
339 366
90 268
198 383
131 97
223 374
367 297
29 159
421 115
302 184
213 54
140 402
297 134
219 428
413 61
269 62
425 453
7 440
242 72
31 97
382 378
462 368
50 99
121 275
177 182
415 202
388 342
31 261
370 470
88 197
461 393
245 348
244 410
60 324
146 89
344 157
385 369
117 325
490 332
246 355
203 208
201 324
249 174
434 478
209 408
276 299
138 58
278 320
340 436
290 71
76 333
3 352
497 42
378 256
138 28
309 421
143 65
369 490
429 89
325 67
117 316
364 181
377 362
183 138
205 171
268 285
352 280
193 274
425 461
227 11
485 405
385 374
279 390
172 461
238 429
265 113
307 367
109 122
108 161
6 371
90 21
176 334
461 15
79 124
140 265
218 371
10 269
349 183
356 343
129 366
213 287
22 98
323 344
428 16
390 61
463 223
67 202
46 239
396 281
131 248
19 299
353 98
130 203
364 209
340 6
81 17
110 444
486 371
57 220
394 106
164 376
299 8
113 193
88 382
291 347
30 52
28 256
222 46
210 199
401 174
489 348
28 246
415 228
1 412
151 251
365 185
390 252
470 51
78 116
400 372
161 252
108 125
339 468
57 82
181 285
445 215
444 173
124 360
480 117
320 106
271 215
323 122
10 333
68 272
82 240
267 375
164 55
100 249
472 327
496 35
24 148
4 443
259 75
108 316
242 1
415 487
216 213
463 147
143 275
116 412
465 197
438 387
288 131
166 401
161 133
204 111
494 463
38 61
230 185
477 288
490 179
1 486
185 43
288 343
330 461
472 234
480 325
259 407
68 261
371 124
119 206
492 308
203 248
6 120
186 196
457 156
170 296
415 163
319 473
187 349
276 63
400 43
433 272
106 362
11 468
366 151
185 26
426 304
65 108
251 385
397 261
419 89
27 332
134 236
121 310
486 28
58 111
368 498
490 328
59 11
159 143
15 114
248 34
164 484
300 146
203 76
302 179
193 10
389 484
384 359
207 475
107 31
28 6
405 188
74 170
381 376
194 99
318 260
349 213
137 158
374 163
260 64
284 394
175 238
356 71
290 157
154 326
16 371
253 316
218 230
321 36
168 495
243 102
473 161
460 372
216 91
236 391
157 428
76 158
471 31
468 105
325 1
457 75
312 27
40 331
401 52
59 494
234 60
314 76
144 433
300 365
359 318
203 414
4 378
456 225
340 267
380 255
162 419
310 402
307 487
229 41
179 163
4 305
11 490
458 337
441 382
86 236
462 288
498 284
444 481
273 209
44 172
117 175
202 346
376 177
430 246
348 391
158 375
175 430
179 431
338 334
315 250
1 232
94 494
393 19
326 244
157 105
235 118
251 380
213 363
483 124
265 254
284 315
180 137
393 202
313 464
291 416
459 127
413 72
243 312
178 319
318 474
97 213
345 1
134 88
245 387
398 471
179 429
382 92
474 93
324 192
461 458
382 258
305 443
62 54
270 416
99 412
331 94
463 155
321 428
311 216
209 86
44 235
404 113
429 86
314 377
307 72
327 166
257 382
304 473
352 483
102 138
301 99
364 306
220 495
314 245
402 122
32 467
361 285
289 243
118 474
261 187
184 359
64 292
302 124
359 448
116 291
419 383
402 21
278 183
172 100
306 38
13 413
14 10
339 163
13 45
56 168
260 460
424 427
355 299
36 204
182 61
64 349
37 374
324 492
322 494
61 158
387 371
46 180
478 203
136 481
157 419
171 233
152 33
53 431
470 420
300 80
333 456
477 69
187 255
220 160
411 440
263 36
167 455
232 30
185 155
337 209
24 116
164 148
356 274
14 319
52 293
67 422
31 408
93 111
201 307
411 182
109 198
392 95
258 406
161 344
171 61
232 29
286 479
23 433
243 14
374 230
402 40
182 100
352 227
343 322
342 416
63 160
369 79
402 180
205 237
116 493
12 437
374 224
13 208
14 25
478 69
393 128
328 248
178 254
56 368
383 152
198 273
51 138
74 43
0 59
60 287
317 114
332 336
170 423
384 323
300 280
15 97
41 487
219 494
377 382
77 2
135 433
69 172
10 92
23 263
425 92
201 347
297 173
210 352
348 434
75 257
465 29
492 363
28 153
215 304
372 375
229 195
214 432
117 273
220 163
306 261
183 202
449 185
176 175
34 221
74 378
469 119
356 304
337 226
410 146
8 362
250 76
369 212
348 251
386 435
316 447
372 202
4 178
62 274
225 217
416 329
383 324
42 481
496 82
353 454
95 117
421 50
140 95
169 360
468 42
120 83
357 318
338 20
186 464
132 135
39 50
403 109
358 132
439 435
149 242
35 26
449 458
495 359
374 51
337 85
454 144
102 3
196 45
288 488
342 113
296 378
393 74
69 142
139 177
376 109
95 41
381 74
481 243
70 285
222 421
218 65
406 427
441 273
357 51
309 420
313 134
300 481
464 351
233 55
495 432
184 440
74 322
58 424
155 381
237 296
458 112
220 436
21 297
44 21
474 115
281 400
178 374
171 375
287 42
171 223
432 64
315 264
323 112
147 79
27 230
319 125
296 412
374 403
294 156
231 48
258 138
273 45
446 497
474 278
107 99
312 204
78 140
294 298
312 126
495 463
419 207
287 236
205 136
202 488
214 58
327 391
48 361
253 24
278 351
378 437
483 338
62 72
24 255
83 378
157 3
481 450
66 244
182 129
211 91
359 139
451 186
273 205
13 345
397 74
331 112
227 368
60 113
53 123
161 169
369 24
20 307
78 217
172 488
482 96
210 43
386 58
312 105
10 388
53 259
441 224
245 31
275 89
463 25
360 44
405 119
221 142
219 64
348 252
176 97
312 107
43 87
100 322
180 420
427 274
234 119
305 120
342 122
190 380
337 186
137 303
187 190
370 499
437 439
185 448
109 88
102 175
75 448
120 269
28 334
129 35
194 304
247 35
168 481
288 58
371 283
71 394
381 173
221 368
23 326
167 353
410 432
256 464
116 443
158 455
139 189
12 148
171 65
216 184
301 176
442 223
462 295
220 251
286 204
195 241
245 87
151 216
306 267
460 232
237 381
204 161
457 77
162 46
156 247
281 475
54 483
186 384
342 295
246 385
424 171
438 279
411 394
289 379
12 264
281 358
273 301
420 370
219 141
120 271
441 396
465 192
472 471
351 32
250 456
141 479
260 401
380 424
174 449
423 192
357 179
106 382
219 379
98 73
415 261
349 285
200 315
444 90
392 65
246 378
367 306
146 338
306 394
431 235
401 278
352 387
175 202
170 206
114 13
441 215
286 157
428 172
360 436
99 30
422 112
38 161
443 467
136 40
341 152
402 164
180 35
428 465
287 375
151 460
27 233
465 63
263 139
263 90
90 448
119 99
261 128
288 165
236 215
81 224
419 318
289 181
392 190
103 94
359 362
85 315
31 158
61 221
241 423
334 327
102 323
180 228
337 46
219 306
490 66
355 107
86 419
357 101
295 82
372 46
254 145
438 160
0 175
103 353
423 340
13 54
182 213
13 119
352 128
221 149
475 209
437 73
89 451
336 165
149 271
441 205
381 275
144 232
436 255
393 334
147 172
184 124
457 415
475 140
225 192
94 173
117 492
397 211
78 128
398 429
452 355
446 194
484 137
205 281
57 18
355 444
1 420
83 313
245 239
464 340
351 35
40 494
453 264
3 258
436 424
458 78
196 4
114 408
415 458
145 260
161 281
255 499
387 100
438 26
143 142
424 475
208 218
201 366
206 239
239 203
453 477
141 46
154 406
473 308
75 65
336 188
381 389
28 429
369 279
364 37
368 166
259 178
110 382
342 129
447 213
119 144
441 225
24 358
310 291
91 416
136 113
381 294
249 329
351 159
102 387
31 26
499 322
213 290
7 274
146 287
359 334
211 237
103 453
203 146
278 316
217 143
196 314
326 138
93 24
300 341
191 51
456 103
210 156
438 96
487 49
41 197
389 42
257 272
30 311
313 411
236 470
403 274
298 139
61 321
326 75
267 210
420 401
158 302
397 219
99 167
290 118
356 469
243 284
251 53
273 376
367 288
75 322
100 181
154 131
50 473
107 150
179 139
431 101
295 449
0 126
468 462
190 498
427 359
64 479
390 385
284 482
176 323
29 13
479 359
52 495
474 261
424 5
479 121
140 282
58 465
168 347
376 189
96 115
486 106
323 482
53 32
408 340
341 335
254 226
312 221
378 130
111 314
84 338
299 82
261 119
40 174
353 407
317 116
281 168
411 287
207 334
254 309
29 388
143 13
238 472
39 304
166 128
7 471
380 226
434 240
60 36
399 65
406 378
35 372
86 372
353 227
120 33
308 392
497 98
82 135
231 94
120 278
459 373
383 68
313 203
379 226
267 350
202 299
456 400
241 70
125 152
80 188
490 430
309 343
32 94
106 23
391 388
381 384
418 398
334 473
182 16
283 317
230 32
324 173
288 15
429 401
341 437
192 490
247 370
363 471
398 473
330 276
54 264
30 182
351 54
176 34
432 445
12 414
29 231
450 95
367 154
86 312
448 215
190 298
327 436
133 462
403 319
112 289
231 355
72 371
141 430
343 314
320 406
361 271
55 24
75 327
459 156
351 333
199 274
79 288
371 339
301 392
362 476
55 73
232 208
24 263
408 437
480 451
488 334
103 326
458 259
106 474
72 466
405 360
100 329
380 116
343 320
150 473
496 418
390 104
325 496
498 163
85 75
422 114
3 362
299 433
251 128
488 499
53 30
335 145
426 214
346 61
129 54
226 215
466 250
173 42
388 478
146 289
460 4
303 58
209 8
163 430
139 312
435 159
9 161
353 159
184 207
343 454
283 182
124 333
47 352
463 35
169 96
396 125
363 135
387 347
402 102
357 184
10 131
216 296
67 89
230 166
37 390
495 308
243 142
201 400
292 313
420 330
153 491
398 191
411 212
155 495
396 416
494 115
408 269
277 329
109 314
405 265
443 164
477 64
148 21
153 9
393 360
388 223
27 11
479 245
411 328
276 180
470 90
499 320
297 101
188 408
304 191
143 474
224 443
335 257
200 283
189 387
206 356
425 72
391 466
298 491
389 16
84 452
316 238
6 415
326 111
195 188
284 232
487 434
209 482
301 111
137 224
214 215
109 240
339 269
7 143
151 208
418 280
273 114
30 51
481 470
370 123
429 404
21 282
344 126
48 74
351 2
394 7
287 356
188 234
180 469
297 141
33 472
102 188
423 317
445 260
146 108
318 407
374 196
318 119
378 386
405 339
240 411
198 262
286 210
472 23
352 240
428 116
195 198
256 334
388 41
61 407
212 121
366 8
296 308
349 11
114 84
57 178
419 325
489 213
367 397
83 338
493 155
90 84
13 324
232 84
489 33
51 246
282 355
120 17
341 388
23 46
385 95
411 58
341 47
403 331
337 73
64 384
388 283
481 463
17 22
243 407
160 433
172 135
14 55
226 272
88 196
468 224
224 96
119 378
435 492
118 167
107 328
337 434
265 475
54 77
403 17
371 232
12 139
51 127
382 52
151 94
452 402
138 272
302 306
444 421
382 56
339 447
145 31
235 288
358 11
468 441
4 157
22 54
40 137
140 362
216 52
281 75
27 62
74 49
142 337
321 246
33 58
153 244
308 360
435 324
490 190
68 48
320 425
479 296
204 25
277 447
198 414
121 52
304 210
281 177
80 383
129 201
76 415
162 344
368 365
272 78
150 411
246 352
164 192
342 194
454 332
64 263
17 10
70 87
336 16
290 92
343 77
175 256
60 92
305 111
275 396
103 59
115 382
310 145
383 288
456 309
170 481
118 229
424 401
189 377
288 412
309 339
429 251
413 368
475 132
200 437
249 432
347 457
248 31
490 448
206 269
47 231
1 265
61 124
228 44
48 204
129 244
405 35
84 458
42 34
73 76
409 231
59 53
79 412
88 437
196 220
17 369
453 418
271 439
156 75
429 206
205 457
354 486
412 2
163 353
429 38
84 134
462 351
297 95
242 11
461 480
471 309
61 226
210 50
121 118
229 209
144 389
277 142
343 430
134 205
329 231
123 82
198 137
72 287
8 341
348 212
305 376
112 491
6 207
481 117
166 204
352 346
8 403
201 23
350 114
122 281
426 323
26 198
474 33
482 50
460 418
410 292
237 146
202 5
468 404
490 273
146 423
46 4
496 454
151 234
263 206
303 456
445 335
153 323
134 364
237 388
310 50
35 312
206 35
348 214
173 148
166 155
26 245
304 224
417 36
194 337
324 424
120 302
444 278
135 27
58 407
322 366
175 124
168 279
336 259
400 330
81 148
324 200
449 245
160 473
239 53
342 179
189 412
59 383
64 345
0 55
129 183
235 314
134 214
242 17
215 346
262 181
430 393
327 330
72 179
78 360
112 222
119 293
287 265
102 405
341 125
409 456
179 455
304 32
25 232
346 65
123 350
177 202
418 288
119 117
226 17
227 164
82 489
75 331
159 447
415 281
86 406
120 132
243 49
416 305
74 438
341 188
466 354
141 270
96 223
38 81
432 313
271 55
16 161
395 34
379 161
253 112
303 0
37 41
451 234
389 256
187 136
116 120
82 154
204 300
132 214
145 58
227 85
107 5
456 471
170 189
148 226
373 466
351 480
286 457
167 493
111 271
147 34
311 79
93 80
407 135
134 178
114 475
239 218
409 150
40 229
21 328
449 275
471 376
168 20
374 267
131 206
47 78
328 67
207 191
300 240
29 88
433 147
275 307
210 165
88 205
85 143
66 331
320 473
261 379
63 313
238 278
77 474
497 307
283 243
2 61
423 442
29 33
75 245
154 427
105 465
453 12
279 93
294 190
254 157
302 273
461 291
257 318
77 154
442 143
251 137
47 499
359 325
19 356
86 111
221 362
95 431
268 179
68 80
195 240
81 241
238 159
292 8
49 418
405 30
429 21
483 220
126 171
455 391
58 166
0 78
359 437
303 158
141 40
35 42
278 29
145 333
432 295
212 257
242 334
406 94
454 409
488 116
426 369
379 468
173 210
440 420
486 66
235 188
165 390
391 4
19 252
31 8
223 98
246 19
290 369
91 350
290 209
1 135
478 413
47 266
245 187
463 212
65 115
292 136
347 68
233 17
387 326
58 371
308 270
55 340
312 109
248 244
448 341
423 382
339 444
181 443
215 31
50 264
41 420
76 256
430 378
261 434
308 337
164 225
457 297
269 179
273 63
404 239
488 304
315 431
102 465
81 178
342 287
370 443
403 30
351 223
215 360
124 24
104 410
470 80
373 323
359 172
246 189
494 176
312 4
476 68
229 11
473 59
449 462
478 151
434 69
338 86
141 192
123 3
332 317
406 381
285 370
328 151
218 96
333 255
225 180
195 258
99 132
246 190
399 116
356 6
47 172
446 173
299 353
467 452
445 206
230 407
68 150
194 495
167 487
204 365
310 323
73 11
300 472
388 275
122 0
473 460
173 103
347 90
437 274
74 263
117 489
133 492
23 375
343 475
71 398
373 304
434 35
331 253
36 487
414 161
425 105
188 190
224 20
267 108
159 216
477 330
132 405
116 426
145 403
484 197
311 286
78 231
319 54
127 3
73 309
123 230
90 101
128 62
65 489
417 313
86 360
235 110
130 435
230 398
433 475
474 87
285 336
383 292
264 172
217 381
427 49
131 27
151 331
79 352
181 328
278 210
359 134
82 163
244 375
156 88
435 320
219 189
250 441
282 94
80 131
275 357
236 394
123 467
67 242
303 237
348 362
335 273
372 257
465 448
155 292
180 240
261 340
166 141
489 439
87 495
372 57
440 256
173 221
51 122
389 57
149 150
410 187
61 130
287 100
290 76
97 167
8 453
61 449
303 260
201 157
102 404
221 181
193 404
223 38
215 495
89 337
398 89
145 491
243 223
122 3
105 106
290 356
397 92
205 97
69 58
317 352
195 311
480 323
238 446
188 68
41 492
250 333
323 496
247 18
276 25
12 199
324 228
295 347
35 248
375 489
278 150
331 145
27 30
246 436
3 279
319 83
337 313
5 156
267 493
197 134
408 308
308 437
378 311
449 457
283 494
418 338
115 356
179 144
258 262
106 270
410 134
311 290
52 242
380 272
368 76
177 395
114 467
120 226
394 253
21 32
318 69
389 243
121 353
331 32
266 497
152 448
60 325
284 206
60 39
329 124
92 43
88 249
379 264
265 296
36 89
200 18
209 188
84 183
155 96
452 479
141 160
1 397
47 324
384 440
333 19
46 343
55 44
152 450
349 353
214 130
362 213
222 333
311 318
238 329
455 95
41 14
272 241
402 458
386 222
110 163
377 398
224 91
98 215
166 37
7 27
269 438
66 254
23 363
57 365
139 496
418 171
194 156
342 198
478 293
301 94
485 499
496 435
357 223
218 169
232 247
54 56
378 312
189 253
13 109
144 280
375 160
204 232
265 381
36 442
320 464
423 274
329 160
244 208
410 312
399 104
333 369
492 34
291 370
37 359
218 71
83 239
422 120
406 173
295 19
172 27
456 340
107 226
473 21
275 123
8 274
121 304
420 336
296 91
167 405
175 75
420 156
223 123
314 209
425 124
251 323
496 434
452 434
421 302
159 400
130 437
125 58
61 64
176 78
192 323
264 418
136 41
492 48
100 205
302 114
359 375
47 363
303 461
448 100
141 254
306 417
497 456
137 260
302 47
10 192
411 132
229 239
497 406
20 77
447 191
10 331
90 120
427 236
469 124
267 464
287 123
349 58
2 23
73 483
490 485
234 183
333 297
137 27
478 113
208 99
56 198
419 163
372 294
394 280
0 150
293 17
409 161
45 344
19 256
348 107
279 23
11 387
327 74
101 251
246 208
412 186
342 102
85 54
424 221
343 83
94 256
325 118
298 137
490 51
217 335
178 37
177 490
175 426
70 50
51 487
144 180
404 160
178 421
349 384
306 325
175 90
64 92
32 277
44 478
378 409
114 343
274 158
80 351
14 377
185 71
405 267
488 388
160 210
260 421
267 178
283 495
483 373
86 499
327 389
290 24
295 143
274 56
276 481
266 272
108 39
471 389
8 458
122 479
407 429
66 421
200 260
38 99
96 407
68 391
448 453
438 417
254 296
259 176
55 481
402 184
27 467
478 258
278 21
104 199
189 152
140 441
194 377
337 206
303 219
389 234
408 355
7 62
383 305
262 271
318 442
164 74
36 354
101 192
315 343
62 64
374 258
45 214
153 218
89 189
110 236
256 108
474 225
348 54
130 212
211 23
356 48
224 358
432 305
57 375
455 233
227 4
159 396
36 101
440 80
445 27
468 10
423 244
483 43
169 326
286 460
322 2
249 260
168 337
278 376
296 474
214 451
68 310
181 96
327 454
22 53
84 466
3 85
199 79
191 450
297 39
212 285
197 395
419 15
90 236
356 177
201 145
184 355
429 35
88 236
330 408
315 253
377 12
127 258
252 145
443 259
150 419
303 310
129 479
438 64
93 188
259 236
427 430
305 232
124 105
452 162
70 134
81 310
433 431
153 243
375 67
462 499
282 27
243 187
104 391
464 92
483 126
418 78
459 265
341 257
495 455
287 392
77 0
279 230
28 230
377 390
134 25
349 88
196 240
484 112
0 474
359 87
383 150
206 289
433 183
244 354
11 226
259 71
241 125
449 386
452 221
409 387
292 285
57 160
110 168
64 459
412 291
180 192
191 142
42 441
236 38
2 104
38 51
364 23
280 140
398 128
89 106
305 467
137 227
254 96
441 47
58 119
341 310
440 228
275 234
429 430
488 320
403 474
131 109
250 430
218 42
485 378
345 233
446 283
171 72
261 272
173 253
18 421
440 215
113 361
375 435
352 348
365 3
276 231
496 382
187 132
270 15
302 352
30 145
483 273
58 36
96 262
213 121
19 448
149 180
457 427
76 280
191 287
0 109
438 202
124 453
471 339
4 107
355 396
263 401
103 106
318 322
453 329
184 382
483 223
358 200
369 121
21 363
166 448
234 458
43 179
92 175
111 425
410 179
21 383
229 472
149 185
454 128
297 473
458 165
25 312
409 237
142 319
418 227
26 42
489 238
135 495
156 358
65 12
143 392
39 462
307 422
146 489
110 484
290 332
351 364
138 148
46 208
347 488
305 67
298 380
168 121
179 444
21 242
293 462
277 468
376 55
369 25
372 22
112 488
301 113
492 280
380 209
12 438
476 490
364 146
299 334
482 339
129 321
156 454
373 191
299 10
132 373
318 44
406 321
251 346
192 121
21 443
392 496
382 495
222 403
152 310
395 284
479 174
431 206
292 314
42 150
157 86
248 426
360 125
60 185
470 179
293 184
9 26
112 49
165 493
323 234
209 410
36 95
265 7
151 126
326 264
117 212
414 188
16 383
53 273
130 427
220 294
113 165
11 177
420 247
409 244
300 210
368 385
298 475
243 106
226 276
449 107
235 466
188 183
467 130
200 264
492 197
100 110
196 36
474 313
149 317
34 399
343 184
408 267
211 226
443 366
45 88
42 362
184 145
409 194
334 44
163 124
398 133
311 439
471 57
381 128
18 80
165 319
354 473
322 371
379 408
452 254
88 246
121 102
263 3
183 294
454 360
276 383
14 255
275 202
291 16
284 100
216 306
119 53
100 15
217 139
406 49
252 125
136 81
13 457
315 399
406 440
90 459
380 423
383 227
158 270
475 404
150 167
298 400
397 114
39 306
305 486
49 160
51 480
45 94
484 311
249 63
56 29
101 407
159 17
9 428
113 474
431 25
343 349
440 335
358 365
22 219
68 282
61 310
27 480
278 426
93 348
311 331
12 271
462 450
9 478
223 358
144 268
99 382
125 268
81 297
184 169
263 283
293 58
351 292
164 27
33 143
150 435
473 164
211 243
228 427
98 279
11 247
496 363
220 473
399 404
236 336
32 289
348 183
280 177
105 218
497 27
102 432
139 200
169 98
479 405
145 235
55 216
116 316
465 364
101 72
4 463
1 210
14 181
400 22
338 208
461 181
6 198
244 202
55 486
59 398
394 483
386 387
43 427
202 406
366 190
424 333
441 108
130 128
475 138
24 37
69 412
369 373
299 106
248 379
138 47
438 471
131 486
262 113
238 102
421 52
64 306
426 209
367 312
473 186
447 416
381 243
409 103
1 96
410 30
429 87
118 390
449 167
452 431
460 257
19 472
427 266
21 95
494 297
65 334
50 258
42 499
30 401
87 328
179 177
461 429
9 117
73 432
258 370
231 241
497 478
409 463
29 361
98 62
88 361
125 468
156 497
271 118
42 194
354 22
226 216
270 123
492 196
344 211
256 263
9 443
94 59
308 39
338 441
460 82
173 269
248 453
400 374
155 37
380 137
40 124
425 306
478 405
432 86
349 304
152 390
391 46
429 337
47 309
393 389
198 450
174 77
100 244
439 240
64 337
330 154
285 439
364 308
97 99
4 454
311 358
237 227
356 41
174 365
68 197
181 2
184 140
143 228
137 385
346 13
302 402
392 90
14 497
40 16
461 437
255 224
235 126
411 468
49 325
47 163
82 109
0 104
378 156
494 451
489 68
222 6
485 252
176 157
483 128
249 54
313 316
438 407
477 261
489 487
54 468
426 399
18 338
144 167
143 304
46 254
82 397
371 320
180 39
347 151
112 55
62 350
115 207
147 43
372 496
360 238
320 14
226 491
309 232
273 401
59 89
155 343
77 83
187 210
286 224
201 320
147 248
313 485
361 248
492 407
17 496
148 194
287 273
348 340
79 176
7 50
45 108
474 116
441 376
454 162
304 59
260 165
273 353
382 406
497 481
455 270
60 254
240 311
165 107
354 264
147 217
288 119
409 296
403 442
247 114
326 435
150 34
233 199
173 183
363 147
32 334
143 448
318 151
338 153
421 402
276 26
73 289
134 495
468 151
395 306
125 488
464 467
462 328
216 440
25 407
8 380
109 365
165 265
267 244
370 461
113 143
237 430
121 19
385 270
96 7
427 456
274 277
218 294
442 130
360 60
256 487
326 462
478 225
411 332
206 416
354 140
314 418
294 95
165 14
210 18
302 222
123 237
90 68
57 40
22 121
3 162
165 83
217 30
465 458
245 478
282 441
377 55
78 179
370 58
195 119
267 245
309 317
499 130
41 291
263 242
38 490
311 342
114 130
240 32
431 427
452 123
85 338
246 162
383 211
32 14
226 370
220 468
120 234
159 30
109 424
84 122
72 28
246 365
83 293
416 164
334 276
384 270
125 286
18 496
230 209
132 329
178 406
111 240
130 242
175 64
30 327
125 182
232 206
292 205
242 457
202 347
139 211
352 183
235 20
447 90
222 196
97 204
37 48
476 469
443 117
351 340
214 364
129 228
340 128
146 194
115 226
115 181
431 261
133 443
90 56
374 366
172 267
402 37
473 481
160 52
210 159
187 30
69 483
410 86
311 42
468 288
223 190
2 413
67 149
357 102
456 193
173 415
263 376
456 301
32 203
239 273
52 215
381 15
319 214
171 15
200 498
315 429
389 399
429 189
424 154
13 308
3 12
194 325
121 354
111 28
172 261
390 460
450 45
456 396
447 345
8 111
151 492
304 247
81 280
36 146
51 98
349 327
165 433
274 147
159 461
264 474
337 173
312 495
334 168
77 28
497 374
397 282
471 112
223 149
115 277
471 17
11 228
342 98
35 230
334 18
241 142
83 283
270 154
420 60
419 206
202 143
299 375
116 87
129 438
484 202
63 89
481 280
205 57
95 270
41 76
4 300
229 65
253 108
4 48
366 495
233 401
59 47
482 1
290 399
436 367
433 487
361 147
188 215
280 306
441 424
251 479
477 404
92 57
159 97
202 423
229 483
352 26
313 262
258 312
134 45
90 195
116 90
465 436
210 250
278 207
37 3
150 217
375 467
203 317
416 73
201 118
110 308
329 270
195 242
120 134
372 272
498 299
499 65
115 91
384 128
153 77
323 108
314 136
386 464
148 115
291 330
213 164
484 412
430 314
380 397
254 300
363 399
112 33
308 203
247 316
174 422
384 159
197 164
47 353
306 457
469 41
487 113
246 103
304 74
160 89
444 344
210 103
411 180
447 395
234 231
241 46
487 418
117 90
358 46
164 172
114 224
186 80
62 169
108 169
434 62
108 425
125 159
321 276
220 484
434 34
113 426
154 92
149 79
318 287
97 426
435 232
331 283
120 36
184 384
498 53
129 451
379 190
343 24
396 119
304 82
132 464
114 289
127 381
3 86
372 58
441 60
262 462
420 122
418 490
164 61
432 168
145 75
78 182
36 488
80 431
212 4
255 169
7 218
243 241
61 440
51 26
115 431
221 270
176 200
372 2
76 80
280 495
12 27
412 390
248 433
424 200
311 96
293 81
30 448
125 359
74 320
199 71
55 469
36 182
48 106
195 235
25 465
450 233
55 5
146 436
429 95
454 37
432 310
452 412
362 94
245 236
402 139
370 238
485 389
254 428
339 42
459 376
470 264
326 209
13 400
356 297
184 409
428 77
208 251
246 336
179 8
482 475
456 96
237 163
271 208
472 137
227 490
448 467
353 28
11 291
336 184
89 11
404 40
400 270
171 162
160 294
57 170
178 155
412 152
133 184
443 245
190 242
30 487
430 228
491 477
471 361
408 90
172 219
295 387
195 41
17 188
224 47
30 497
270 354
440 73
430 216
167 479
334 460
456 432
495 82
265 206
77 455
18 180
399 293
281 340
494 61
397 186
15 239
490 182
457 254
130 161
498 404
103 461
7 269
145 497
456 151
146 230
272 420
320 148
430 425
331 416
357 21
473 350
6 276
342 203
424 49
12 187
354 371
312 217
85 13
124 330
336 489
45 178
224 452
343 387
77 102
235 117
107 264
133 43
319 390
71 92
289 262
243 386
265 453
127 35
281 116
234 73
135 139
92 403
230 256
335 363
178 336
307 271
164 386
27 380
457 257
478 183
490 149
315 107
210 47
101 426
132 457
240 118
347 253
308 137
8 120
144 223
131 240
273 55
234 239
444 120
319 201
192 345
108 213
252 334
497 462
134 187
238 141
413 459
269 43
223 420
160 364
176 475
262 398
452 299
112 446
68 38
406 356
339 488
331 258
113 387
452 150
282 201
407 81
326 392
80 61
86 137
80 461
307 471
185 496
259 25
207 225
56 305
429 271
146 162
166 103
281 215
253 312
455 22
332 464
317 411
113 492
232 431
327 127
230 108
50 124
111 306
31 199
5 223
90 415
473 106
223 145
120 433
64 350
219 92
398 100
9 432
110 288
204 493
396 348
136 392
36 147
214 490
453 173
123 149
60 153
192 240
59 220
497 314
89 83
463 79
135 358
97 134
153 62
4 430
18 319
417 286
308 150
73 224
64 468
292 429
73 0
91 37
449 146
0 275
208 351
250 212
284 112
155 461
179 51
125 216
315 395
491 35
130 394
77 197
426 462
100 31
344 412
188 376
341 20
334 34
172 168
355 426
494 263
374 352
316 19
441 96
412 391
321 204
461 171
331 325
84 137
288 31
213 332
26 228
494 334
130 247
428 357
182 89
330 80
354 17
138 86
1 476
410 44
486 383
0 344
262 438
23 194
482 78
186 394
473 252
346 233
45 282
426 122
235 134
2 356
180 120
455 81
174 495
364 498
485 88
276 365
138 100
238 275
490 364
252 178
77 72
136 329
351 496
499 211
144 491
173 124
261 219
415 65
3 72
132 435
402 252
91 460
354 391
294 7
336 195
467 237
297 12
92 201
481 496
219 343
308 177
210 309
144 9
289 92
454 202
443 151
100 195
385 191
294 23
98 349
195 22
203 394
191 347
478 111
436 179
394 16
278 367
436 164
97 319
81 208
308 37
4 104
382 479
463 162
174 427
424 363
275 244
312 245
131 497
284 481
491 161
279 81
283 223
138 347
304 393
14 287
292 93
13 31
286 266
231 349
451 163
335 301
455 356
443 215
180 499
339 407
206 449
34 77
389 339
282 260
229 68
71 399
436 26
125 197
466 255
19 67
356 37
313 323
319 229
311 205
38 115
80 63
479 84
124 81
165 364
309 289
358 38
191 348
359 481
243 96
431 397
57 411
389 219
249 368
270 49
448 281
298 250
304 451
125 429
256 312
384 317
77 167
54 386
41 460
28 468
228 314
230 156
239 192
145 249
142 214
412 496
286 196
278 327
487 486
90 35
312 208
469 113
276 43
218 87
362 160
89 386
295 110
429 276
226 490
445 369
225 477
284 13
170 485
171 430
162 177
399 204
330 130
107 363
167 397
288 27
284 446
348 304
439 66
100 482
325 452
191 281
111 468
42 378
33 175
385 52
131 313
146 117
363 389
428 416
67 101
392 12
222 211
48 398
293 239
488 70
229 182
223 162
489 322
247 105
324 189
38 27
162 383
344 375
434 284
305 169
122 292
132 417
143 80
434 164
126 43
187 126
143 378
1 113
177 454
317 37
44 405
224 450
113 326
474 74
267 280
119 394
256 15
198 49
331 410
234 243
292 61
36 495
242 197
186 273
286 199
62 203
262 139
360 462
462 93
455 323
314 125
53 121
394 484
51 209
365 89
205 357
224 160
56 387
136 148
54 260
207 344
223 105
117 493
207 210
275 131
182 351
309 231
202 182
13 98
146 127
268 166
144 400
97 238
37 31
427 466
346 114
217 373
322 68
385 454
296 331
93 313
34 141
151 484
446 320
358 398
495 332
94 393
296 261
59 54
3 482
473 244
2 148
393 6
396 253
333 331
361 87
239 35
276 198
379 158
68 439
307 158
60 207
177 5
135 55
70 61
100 123
391 330
318 17
485 176
353 383
74 134
340 37
89 171
475 428
314 188
89 432
12 192
196 311
98 302
179 248
171 425
407 384
483 75
98 123
183 132
373 364
495 263
219 103
275 177
153 386
449 395
401 402
257 133
247 455
238 262
489 404
487 440
493 97
76 108
250 62
222 231
369 466
75 397
22 182
88 83
0 161
344 305
253 196
448 5
95 292
131 134
485 219
79 306
213 372
344 405
13 452
188 304
276 157
56 144
248 213
163 123
82 267
343 224
386 5
382 220
492 5
429 371
169 22
133 366
268 119
59 468
277 59
224 457
465 309
298 233
496 133
79 427
127 374
324 442
18 179
444 74
207 307
161 152
446 307
368 98
62 124
459 447
295 471
351 104
75 209
364 367
89 208
210 161
190 94
235 338
209 324
425 321
424 278
370 74
219 375
482 177
377 121
261 83
319 26
119 10
486 425
33 363
234 125
261 281
258 164
183 158
392 340
428 381
105 270
10 400
454 398
420 65
280 365
184 334
138 215
320 376
446 440
41 143
422 19
184 494
303 376
450 97
95 418
278 204
488 227
400 403
409 158
315 95
3 160
472 62
200 76
192 97
338 147
436 78
483 267
394 402
290 47
164 32
350 12
115 307
108 73
285 78
189 42
483 191
341 112
235 11
141 363
179 83
195 234
446 122
188 370
275 406
427 214
243 280
132 356
197 234
249 182
364 65
240 269
460 3
121 3
471 181
417 499
15 498
104 78
334 118
25 104
477 45
295 320
145 128
385 211
459 432
366 276
124 123
419 314
443 381
39 440
381 251
253 378
168 384
71 58
418 406
251 5
212 21
352 131
407 244
21 375
480 97
161 286
311 111
335 490
421 136
179 129
393 123
205 227
443 10
409 459
8 130
165 267
21 323
45 323
249 265
347 72
462 25
304 25
353 69
335 427
173 99
170 478
384 333
382 461
380 185
340 454
453 407
376 42
433 278
287 458
4 484
400 269
164 471
226 201
466 134
27 119
346 472
90 210
333 106
38 205
479 419
185 270
170 406
403 254
145 332
107 389
36 108
241 39
73 50
110 136
131 133
391 418
291 292
405 239
224 460
277 129
256 107
494 159
394 466
224 173
369 259
230 126
212 384
229 286
7 221
443 377
270 233
247 17
49 150
492 306
110 325
441 196
393 114
42 181
391 97
375 368
397 257
455 187
479 8
111 309
73 159
482 223
116 165
385 119
86 448
252 196
483 372
178 108
42 363
223 270
4 456
34 420
276 485
196 294
104 216
52 42
62 459
304 23
101 436
218 402
354 45
370 197
30 330
344 194
391 403
300 72
230 418
115 327
88 39
209 295
332 280
99 109
69 97
109 457
499 392
133 351
199 440
424 227
149 263
284 116
131 420
138 81
422 455
126 214
290 201
51 149
415 296
357 363
345 487
411 7
409 359
206 238
154 371
195 481
253 92
211 116
479 166
363 106
72 383
258 31
324 118
9 4
157 397
479 289
123 484
370 56
97 370
384 299
270 9
396 431
308 341
167 73
466 212
308 255
330 403
391 269
374 451
352 308
288 190
233 154
360 359
119 196
91 161
76 297
98 160
7 460
252 133
423 101
358 436
87 67
495 465
135 370
81 102
288 456
413 238
314 369
77 274
38 270
499 163
349 28
126 209
272 438
371 261
77 328
331 344
432 466
222 15
74 433
0 6
221 241
113 461
423 319
128 248
313 364
200 252
456 374
277 203
197 279
187 203
464 460
365 330
393 327
58 110
325 245
9 51
319 41
150 153
67 233
485 218
47 175
374 441
399 23
374 228
145 178
424 484
145 292
57 5
373 265
169 110
44 142
54 79
180 340
349 428
71 112
153 368
347 310
197 343
485 302
138 474
408 426
451 210
134 325
269 180
232 382
355 51
363 294
498 271
126 460
433 336
443 415
178 286
141 478
65 179
480 291
394 448
491 110
469 196
418 295
74 290
19 467
120 320
296 419
471 205
378 310
273 355
191 315
113 495
366 59
231 159
351 144
390 172
300 433
207 345
428 53
197 284
362 59
461 180
144 391
94 341
176 318
279 9
455 75
346 449
426 79
227 198
21 196
256 177
474 293
428 485
411 338
426 463
75 396
439 301
492 240
207 50
474 376
122 360
6 192
188 252
95 254
353 7
269 138
164 488
34 218
475 143
166 197
163 61
202 373
309 261
259 222
300 138
185 242
418 168
135 181
108 437
164 404
406 175
260 296
212 435
111 198
304 130
351 75
27 299
385 458
269 227
104 229
391 292
39 65
275 258
345 325
176 355
189 80
134 315
113 427
364 170
330 34
280 64
254 187
174 238
467 92
62 211
404 41
417 124
298 318
228 434
161 186
388 128
23 221
414 331
492 267
247 349
499 168
489 22
90 460
267 407
258 30
319 377
231 99
9 282
276 112
279 463
171 282
291 470
378 226
43 105
143 288
412 485
219 208
134 189
182 362
341 70
310 87
314 445
4 293
183 323
126 239
52 316
211 86
354 437
436 73
48 399
126 496
168 482
381 366
159 374
408 395
307 379
477 441
276 82
286 486
20 499
457 89
13 309
481 84
115 0
118 356
72 172
494 390
68 444
403 409
166 133
129 360
346 140
333 455
118 168
240 447
207 295
176 398
233 39
79 142
436 263
95 110
365 201
186 430
361 478
221 267
297 449
39 420
400 131
442 485
191 208
10 111
157 451
204 118
428 369
382 249
145 22
190 389
289 141
311 108
164 342
331 46
26 288
19 303
167 117
297 278
368 143
196 247
19 97
499 171
303 66
296 140
365 159
298 60
403 78
52 175
396 237
349 136
71 83
299 191
212 275
272 86
77 213
128 337
350 137
385 344
406 35
325 145
375 312
450 448
421 498
303 290
380 479
88 118
226 305
279 17
236 28
332 401
477 39
265 31
442 278
208 471
319 456
316 406
106 178
10 235
84 2
137 290
168 125
478 57
243 180
150 467
448 34
255 192
105 142
34 33
87 299
464 206
318 305
291 200
180 480
360 250
304 172
416 379
429 155
410 133
361 119
159 90
350 147
351 331
127 236
459 10
476 378
322 83
379 296
165 54
300 286
388 305
240 286
232 422
185 378
471 380
483 127
133 238
262 114
50 381
304 2
440 399
31 213
233 488
116 82
368 321
406 126
362 143
85 244
461 440
487 365
455 29
33 408
427 446
455 107
25 3
348 297
209 407
100 223
11 5
289 150
97 318
415 256
339 423
283 59
315 153
123 278
222 137
440 203
202 425
441 169
252 62
144 474
177 12
292 260
290 258
60 183
58 167
87 314
423 407
304 5
142 307
50 445
182 71
463 214
143 349
302 343
206 378
237 385
157 478
424 396
437 187
211 21
125 162
490 277
157 61
458 435
240 333
214 429
70 311
55 281
383 309
50 95
374 15
398 153
418 497
308 369
371 310
314 137
136 145
121 215
494 24
363 169
436 192
337 106
454 305
337 430
270 499
166 114
221 289
416 285
105 117
89 409
150 209
119 168
159 399
170 424
54 113
71 74
89 220
340 106
232 442
390 58
493 388
369 252
48 36
37 133
262 299
265 128
259 87
17 210
292 375
320 387
386 62
469 428
298 226
170 117
60 244
43 267
232 47
174 179
489 362
332 94
245 178
139 314
185 51
61 92
214 212
174 455
189 250
423 304
483 192
29 282
330 305
430 204
280 238
329 307
388 347
45 357
61 375
250 61
413 489
76 187
253 288
472 10
261 463
414 0
251 492
209 12
205 202
125 209
69 36
127 431
300 63
382 279
192 317
118 16
113 176
394 434
284 480
488 34
33 207
208 188
35 475
227 335
373 419
111 433
174 204
284 192
60 43
393 203
110 483
475 179
334 290
247 145
473 41
316 457
242 357
153 6
234 414
346 161
174 226
338 417
24 416
274 178
53 336
306 429
468 117
145 83
102 29
490 2
373 321
322 286
170 337
372 126
13 358
415 490
31 70
202 449
162 325
379 133
50 250
242 157
383 396
199 337
334 202
499 452
466 141
219 330
32 25
109 408
167 354
6 4
432 377
479 365
454 260
121 242
189 336
446 452
238 397
106 185
52 364
357 492
489 226
440 95
95 278
469 31
448 326
396 297
466 196
58 377
298 429
208 132
351 71
414 103
186 63
15 165
387 383
341 241
198 350
178 9
283 475
498 282
118 297
56 136
233 58
268 188
395 0
498 5
276 36
379 162
486 239
487 161
475 284
464 77
220 62
437 358
312 30
91 335
383 462
408 294
130 107
368 325
362 216
316 141
141 59
213 38
362 226
99 273
230 20
346 148
72 102
383 354
25 325
384 230
217 167
315 324
49 67
75 393
259 203
203 204
233 56
180 71
277 299
95 328
81 281
41 17
394 428
166 318
29 399
194 133
413 323
390 404
173 87
233 460
397 477
187 67
263 421
383 218
233 49
197 345
339 189
387 285
381 478
113 83
380 434
196 85
486 108
258 438
79 360
229 167
112 475
331 48
400 272
399 331
289 235
232 18
410 463
36 103
327 188
433 316
378 419
47 14
