500 2900
8 81
387 89
59 208
6 389
307 482
291 174
43 143
448 345
239 301
455 183
430 347
436 273
465 335
40 254
98 399
230 93
210 154
37 439
307 402
109 396
316 354
43 303
316 289
23 144
137 99
109 158
41 277
385 356
419 16
136 470
66 262
211 133
309 93
205 16
148 233
28 435
314 29
267 423
157 3
142 61
149 112
286 304
439 424
62 211
456 384
215 440
232 492
452 482
182 113
63 363
46 276
413 118
237 108
301 374
474 119
262 450
206 84
308 24
463 83
405 447
223 71
57 343
155 170
298 237
77 422
315 33
451 174
118 285
335 255
338 40
382 39
342 27
202 405
368 404
218 423
100 388
380 153
116 128
315 137
242 466
404 303
204 276
331 475
148 323
126 479
74 100
78 437
15 445
50 470
257 448
300 213
202 388
194 400
306 367
325 253
419 303
59 458
457 237
374 322
320 432
172 365
107 18
250 238
316 355
153 127
197 252
153 472
365 373
99 120
133 249
498 217
275 239
50 356
274 423
25 379
453 236
206 32
215 79
374 372
385 18
56 335
303 405
18 149
222 245
155 99
171 154
155 479
318 102
200 288
496 54
457 156
190 57
197 112
207 274
163 336
177 225
0 88
420 361
435 150
27 478
0 169
167 236
6 303
131 148
218 464
127 52
121 259
11 373
420 465
386 296
20 320
90 301
215 298
398 349
105 273
194 461
415 124
476 362
286 266
117 51
353 378
304 469
208 143
389 254
157 211
127 113
11 459
147 245
276 451
398 354
294 169
234 280
76 13
390 290
270 217
24 480
222 401
156 38
467 29
261 445
332 104
436 61
329 210
86 483
144 4
159 499
488 416
34 318
117 214
49 342
43 140
473 76
216 341
198 9
420 178
200 325
429 467
238 491
458 173
428 365
76 178
437 219
423 228
230 50
338 29
15 193
353 464
246 408
339 330
245 333
410 158
62 36
15 197
215 313
442 475
406 312
250 340
230 456
153 34
322 359
466 97
478 156
488 412
180 2
402 197
65 416
138 377
4 112
45 126
25 92
493 189
133 14
162 455
0 65
434 190
400 101
291 395
275 85
459 440
350 150
490 83
474 322
489 443
83 325
423 482
52 277
1 362
323 400
382 397
324 362
220 241
412 291
83 228
36 310
321 208
115 427
247 104
196 120
235 296
457 414
134 215
217 435
466 156
414 313
324 253
367 164
410 90
187 208
420 324
106 271
478 308
274 209
363 165
176 402
460 8
479 186
370 105
400 357
411 243
126 249
6 395
45 187
462 47
276 496
108 341
129 0
472 286
212 19
99 445
377 382
178 169
118 231
114 494
344 36
25 77
278 282
128 166
300 27
101 74
129 199
242 19
463 306
71 215
219 181
271 295
400 441
274 65
222 35
217 88
77 282
209 104
87 170
195 272
269 370
467 380
11 113
223 123
45 57
261 281
414 121
241 330
370 495
223 161
283 482
236 144
453 481
322 475
461 454
199 20
308 258
247 35
14 368
8 25
107 378
32 244
307 179
103 423
150 261
123 429
133 159
227 8
214 382
263 186
194 81
23 85
264 4
428 112
10 28
359 138
183 165
467 134
205 409
231 285
13 19
420 114
13 478
106 335
158 101
171 408
225 140
163 63
164 6
318 488
28 94
120 57
349 120
229 414
382 36
79 255
369 456
13 157
282 431
122 449
69 471
63 256
421 495
210 416
292 76
310 393
336 178
3 355
384 442
12 348
8 125
282 30
474 102
368 105
122 133
447 45
436 374
66 176
56 41
213 276
347 302
227 394
273 88
198 456
86 352
114 74
194 139
310 184
233 126
82 195
148 13
346 160
398 7
11 274
90 451
133 291
473 124
177 373
187 351
470 381
363 193
480 154
356 116
251 314
107 25
460 62
76 238
148 104
389 18
359 156
411 20
383 400
331 195
333 65
433 99
150 375
300 384
258 277
346 185
335 422
109 39
483 45
298 202
244 457
2 280
485 88
328 312
386 444
68 103
448 478
148 250
267 343
376 298
209 399
138 428
131 103
55 252
471 183
274 291
373 389
233 358
187 6
99 46
182 447
28 195
87 239
483 245
25 59
468 498
455 404
415 485
477 82
184 373
56 89
246 176
137 135
230 346
392 493
496 123
241 7
314 190
449 151
425 451
205 485
345 99
66 257
447 116
224 485
7 433
310 467
154 97
201 190
236 356
167 25
211 101
345 52
257 274
127 496
368 462
373 84
148 475
494 229
36 127
45 25
397 432
242 239
359 254
127 271
499 234
347 289
84 21
292 401
416 207
14 296
43 459
89 444
203 116
388 318
335 132
218 330
163 191
132 273
493 0
211 110
427 24
424 258
409 474
347 280
487 472
45 160
135 246
368 331
154 47
497 154
219 51
185 14
425 334
441 311
210 373
94 461
403 102
247 66
214 356
75 281
0 342
6 427
358 113
348 302
409 59
352 37
101 145
202 167
38 282
425 87
48 336
269 224
9 365
146 477
238 110
252 50
490 151
364 323
141 392
429 323
475 7
347 276
271 3
423 494
268 174
373 123
226 473
357 169
397 177
349 180
78 14
286 75
460 10
31 246
413 94
179 359
434 25
277 9
327 362
345 492
52 466
303 176
285 221
25 72
429 243
273 473
482 99
274 421
88 106
332 100
142 179
494 371
487 261
392 349
206 193
247 241
280 262
244 220
213 263
238 198
135 103
310 235
349 441
89 152
365 412
387 152
281 448
496 214
489 347
461 80
106 454
312 365
61 269
259 170
111 326
301 323
70 348
434 266
349 245
213 210
7 435
104 8
298 270
413 236
176 475
51 12
386 269
424 210
202 115
84 332
297 186
135 383
389 401
213 471
60 205
450 281
439 445
30 374
395 80
152 237
10 342
119 212
243 468
190 259
192 141
334 22
44 471
419 268
414 155
192 69
13 426
402 37
455 94
396 1
243 133
90 142
342 207
320 42
15 253
291 359
257 273
17 108
210 186
85 375
185 12
179 452
219 13
286 414
359 383
38 107
285 433
132 311
81 172
220 164
289 449
490 197
363 480
347 264
185 279
19 264
356 154
19 134
208 35
67 219
452 93
173 184
16 21
31 349
155 230
106 395
31 152
180 311
160 344
375 219
21 467
33 124
265 344
98 263
11 496
480 461
189 117
382 91
268 179
315 267
89 298
131 55
84 193
130 243
14 101
67 215
179 369
343 189
492 280
462 20
246 107
386 239
215 477
182 429
97 278
494 435
88 143
283 409
251 390
202 23
428 353
459 136
254 21
175 52
133 498
310 314
397 172
36 109
102 377
211 97
274 406
445 478
427 333
144 338
462 353
432 414
213 390
481 232
125 470
90 209
489 160
130 250
215 251
35 315
226 352
470 68
239 309
377 270
346 409
199 474
12 420
284 163
352 10
493 388
340 234
202 443
476 396
80 240
186 273
267 280
125 417
198 218
290 210
439 0
326 52
422 317
145 198
95 183
394 150
124 375
242 318
277 315
53 320
251 427
12 341
123 450
180 415
120 184
43 356
156 153
20 38
351 90
343 273
421 289
358 374
447 393
389 122
225 498
215 464
278 223
50 277
456 248
403 497
286 21
147 361
95 447
267 3
404 369
492 52
274 46
190 66
346 426
156 111
284 277
365 264
185 80
390 428
469 169
350 260
105 110
27 139
130 31
220 276
283 352
498 407
274 141
115 286
120 298
496 425
346 40
191 435
308 51
394 419
383 437
230 58
270 159
194 428
300 241
74 312
152 83
99 309
484 432
333 363
69 420
499 468
301 286
97 56
313 81
349 495
449 95
175 165
483 68
27 380
393 65
203 20
164 424
343 13
328 277
384 145
113 306
421 454
193 33
495 413
336 80
346 348
498 321
379 41
468 488
395 228
124 366
497 243
47 246
71 124
151 434
112 389
285 435
199 438
192 313
404 294
157 331
240 381
194 338
112 422
264 337
436 63
468 237
443 379
296 271
155 119
479 183
149 401
478 191
29 263
291 3
398 359
53 375
29 228
51 300
446 354
249 344
424 236
410 298
458 241
22 254
140 138
23 362
197 389
93 5
444 356
185 123
320 495
138 147
84 432
369 81
331 352
36 349
119 429
259 406
13 438
223 117
42 315
106 192
70 137
15 147
149 219
428 416
225 451
193 13
366 350
198 95
295 8
289 167
79 59
257 28
52 417
242 324
58 335
376 313
330 89
317 124
444 271
479 152
493 230
208 154
188 155
63 205
82 269
119 75
174 205
400 420
126 132
120 309
416 3
362 170
478 36
410 270
296 30
136 471
458 271
317 25
198 241
318 482
301 326
102 379
470 145
139 300
348 145
194 20
105 295
496 308
389 188
277 14
2 240
296 203
373 471
59 3
25 132
445 345
388 418
251 44
177 208
196 212
138 161
222 264
70 324
141 430
396 261
384 414
198 88
288 281
138 271
184 147
417 83
275 16
423 25
423 249
55 393
148 271
42 322
344 345
227 480
306 23
490 459
249 52
102 225
161 136
428 251
376 292
82 151
202 102
144 425
492 369
430 457
186 90
286 343
74 431
12 474
17 424
230 337
138 306
456 213
403 253
50 26
76 223
162 211
424 351
201 167
356 245
69 421
48 181
251 226
334 364
320 114
125 449
274 223
117 116
240 42
277 123
409 250
405 8
78 262
35 212
45 376
271 368
453 329
247 337
211 300
49 113
231 33
205 133
360 493
168 59
323 0
281 253
25 166
224 274
110 378
465 34
474 240
425 231
88 498
192 186
152 265
248 91
159 58
438 443
393 219
85 377
350 125
203 285
94 89
172 270
102 30
497 271
44 3
89 279
463 22
436 109
322 82
421 303
255 380
462 436
17 271
341 136
399 90
447 213
333 298
37 399
183 404
283 340
470 251
253 415
314 182
14 152
154 207
216 49
252 117
241 283
284 8
14 386
97 399
466 50
78 84
33 296
410 40
193 25
97 393
287 191
263 92
403 393
494 10
300 96
374 340
266 401
404 80
201 115
184 371
25 6
65 428
449 483
202 198
494 213
196 180
195 222
147 335
176 193
412 5
499 297
123 467
446 283
453 482
438 303
45 331
127 340
32 267
368 284
417 28
397 343
263 50
303 257
418 257
24 164
205 256
338 446
42 405
464 283
94 16
222 83
352 386
492 209
447 106
118 110
489 188
407 436
302 368
217 19
499 150
485 422
182 263
134 458
97 197
443 75
291 444
407 141
12 2
355 117
75 253
254 366
98 286
498 188
382 165
448 353
327 425
451 199
345 304
120 418
155 159
159 312
354 162
435 104
44 242
296 299
34 53
247 56
419 246
361 141
374 193
21 96
149 416
112 440
195 294
348 482
457 456
391 324
488 14
473 373
152 418
444 210
335 148
236 152
374 1
412 122
8 232
298 378
28 258
235 120
149 14
247 123
192 253
226 333
218 223
49 339
362 91
480 364
411 118
285 37
226 113
269 374
474 435
473 387
61 103
224 304
116 374
138 440
154 86
498 258
193 108
363 111
271 34
131 413
392 397
44 187
396 424
455 23
208 87
356 361
108 262
366 100
71 197
324 102
168 29
61 493
431 13
110 194
306 406
104 89
269 415
167 467
143 209
84 221
115 484
202 211
251 114
210 38
278 350
383 238
139 249
343 497
128 358
110 136
353 90
303 381
473 438
399 373
8 194
272 154
259 477
491 411
92 96
249 110
481 126
357 72
230 84
358 402
184 142
171 59
330 78
2 486
29 250
95 128
161 215
168 169
390 189
133 278
82 384
404 260
283 82
135 36
434 456
218 226
132 412
264 281
335 260
29 153
414 182
3 375
329 158
315 340
361 478
181 315
103 29
334 232
189 269
401 115
452 485
118 268
489 447
1 169
335 404
91 59
103 28
53 4
332 95
353 248
141 237
245 26
106 95
454 465
234 197
406 365
74 260
427 420
356 378
412 52
463 136
173 391
175 15
264 470
160 315
297 152
442 214
251 393
145 200
394 141
313 237
174 312
226 343
115 127
209 347
445 423
288 13
287 397
49 416
184 413
456 166
412 305
378 432
415 79
76 187
268 374
426 89
425 267
449 177
396 216
271 73
146 113
227 33
118 319
499 40
355 434
369 199
195 180
179 95
108 6
180 346
139 38
190 358
200 294
354 489
42 307
8 105
169 414
261 144
97 153
13 335
317 357
286 254
169 384
442 187
273 145
77 1
481 223
261 117
16 326
495 233
385 469
187 384
90 402
241 424
123 281
193 58
31 497
68 357
403 71
297 431
395 489
298 59
227 489
304 62
174 274
120 217
27 431
352 246
134 379
490 165
154 286
244 481
146 16
143 298
57 283
168 196
460 163
472 333
309 253
283 173
464 240
415 60
96 384
315 358
267 55
181 45
93 172
9 333
414 386
238 190
103 82
424 117
412 472
49 393
122 177
304 217
108 449
189 240
66 488
190 283
340 362
348 323
192 435
235 105
200 51
60 382
97 367
345 442
280 319
203 13
427 272
346 271
328 149
109 482
364 58
12 249
170 5
373 70
377 418
214 103
15 420
131 205
296 297
272 330
464 286
481 444
426 8
421 34
437 68
35 163
279 424
296 469
120 135
248 202
489 157
233 3
434 470
419 374
497 196
206 60
17 415
37 489
226 463
403 13
217 244
390 36
420 259
196 296
280 253
335 76
237 286
469 114
52 223
92 343
5 370
328 447
100 240
113 69
264 127
469 1
354 8
262 22
460 338
331 136
344 392
364 241
298 5
409 187
193 298
68 163
194 448
266 263
389 400
390 157
389 201
114 265
371 131
220 18
395 158
88 365
441 170
30 17
321 25
342 498
427 247
173 234
491 96
266 80
265 78
108 295
105 352
135 312
27 67
168 76
436 487
121 260
86 211
402 193
148 85
144 292
288 400
379 409
87 261
351 136
130 36
228 226
275 465
51 94
378 480
385 398
234 22
161 402
53 0
113 252
56 245
103 130
167 111
285 475
139 64
358 184
390 360
52 198
6 401
339 255
276 203
117 422
305 396
261 221
429 378
154 248
367 126
356 27
8 96
286 200
46 476
296 283
178 291
432 272
379 2
222 362
210 287
338 153
425 59
307 33
230 18
465 261
53 443
409 367
324 96
401 496
336 422
324 139
165 377
105 136
355 227
473 146
391 461
13 110
14 256
184 199
343 170
85 321
212 15
443 272
477 493
222 293
220 68
351 395
250 347
180 397
53 199
104 42
271 118
287 466
56 279
304 79
376 290
80 12
29 176
191 490
191 146
93 244
415 143
184 88
399 134
308 363
108 345
275 446
276 94
286 242
297 360
167 84
40 347
100 432
218 454
262 52
476 463
379 416
46 364
128 355
455 14
100 342
343 173
365 249
445 166
386 471
129 481
480 176
307 209
369 336
429 77
429 14
310 442
380 118
320 57
290 158
77 236
84 67
456 86
222 292
455 129
422 499
15 307
467 300
269 429
411 204
384 289
205 97
402 61
292 244
221 461
145 382
348 10
49 64
456 88
41 202
278 373
37 209
122 437
464 385
49 54
72 458
445 36
120 456
15 362
388 344
55 324
192 325
58 126
156 255
342 438
485 357
186 26
18 51
15 233
360 23
217 241
495 127
180 431
211 94
169 318
456 345
432 150
431 343
453 145
249 312
299 324
238 311
446 197
243 261
211 290
72 446
121 364
302 153
25 137
322 161
142 7
392 411
230 328
164 429
452 454
83 200
24 288
405 249
334 318
169 387
344 99
439 249
405 272
222 169
394 219
416 293
144 168
3 292
24 479
109 349
86 95
480 130
260 149
353 238
404 356
448 89
473 6
335 94
476 426
213 148
114 386
402 228
381 100
192 187
278 266
30 326
199 99
427 340
78 405
443 293
455 464
306 114
402 10
337 442
18 194
406 431
132 282
25 480
281 65
258 116
282 121
237 285
263 233
105 180
383 362
435 480
137 369
237 365
87 15
229 477
118 206
333 316
141 282
237 404
3 78
47 412
365 286
498 112
314 79
56 176
77 485
392 377
361 176
215 349
141 491
159 343
256 276
409 12
211 376
290 112
21 33
273 402
427 443
196 315
162 263
269 291
248 365
150 231
21 161
416 142
100 30
308 408
52 392
61 475
331 364
167 315
89 403
74 251
185 255
183 495
445 74
275 223
360 338
435 122
4 0
242 147
335 98
244 126
42 488
312 305
244 157
477 469
105 389
187 177
2 294
331 178
58 89
427 448
473 274
14 289
320 480
227 295
183 437
211 65
98 46
53 78
97 371
157 52
490 6
359 203
107 177
64 210
384 352
245 192
482 359
449 464
431 341
275 315
362 311
492 208
229 63
473 282
356 417
62 210
454 160
479 435
265 401
317 324
317 349
461 260
161 436
265 179
134 384
428 196
493 53
368 347
56 429
390 255
418 201
420 347
298 27
244 389
248 432
363 96
149 148
105 355
263 151
96 273
283 348
445 294
358 493
100 146
262 492
261 225
38 276
0 168
351 298
381 205
316 350
183 418
309 233
211 292
293 404
83 291
52 7
111 336
195 268
79 22
481 331
417 340
50 19
288 61
369 56
462 16
31 278
492 197
89 200
419 368
293 438
191 173
355 467
382 199
468 324
439 245
429 211
322 447
22 31
163 282
458 479
334 29
40 409
370 340
373 496
38 444
173 473
372 431
468 159
292 258
335 445
382 167
140 410
306 317
186 340
29 25
497 26
312 330
274 218
288 414
57 459
395 452
464 478
159 328
345 148
410 190
381 432
113 258
489 154
360 392
194 143
140 416
148 456
322 181
371 415
135 202
432 218
372 322
35 107
411 484
414 133
426 100
223 132
338 97
38 245
201 404
494 164
416 432
51 88
260 343
33 0
91 326
18 499
200 16
385 227
490 97
171 112
166 363
499 389
353 227
403 245
140 165
494 429
470 378
151 121
210 112
263 231
318 489
194 381
31 133
465 217
487 70
461 234
442 333
123 309
114 459
459 200
447 78
409 392
418 391
213 491
350 407
486 472
261 330
45 91
189 54
448 27
102 257
361 129
441 130
108 207
425 393
212 413
332 91
397 494
11 41
360 248
427 265
88 427
441 34
455 493
93 444
357 135
177 95
389 141
396 84
296 409
311 29
15 120
480 134
413 143
32 301
43 460
58 33
398 412
335 366
246 244
30 334
148 462
57 297
307 201
24 202
441 26
11 328
292 486
209 227
315 139
287 360
316 374
284 356
173 493
322 99
453 212
339 102
76 77
29 7
201 324
450 336
377 391
399 269
206 396
346 371
395 214
165 177
390 367
211 308
139 345
58 285
228 319
293 45
355 451
279 31
105 256
174 3
29 98
127 478
275 197
435 483
391 420
420 94
98 421
305 94
330 412
238 138
138 320
209 196
222 272
360 272
89 187
5 425
62 344
42 430
408 76
322 391
106 34
29 218
429 251
51 53
93 290
230 360
245 104
395 281
430 34
486 294
430 482
32 230
455 279
389 95
7 482
195 338
480 235
458 455
269 131
468 129
445 475
300 472
493 55
81 197
373 231
26 489
332 62
344 130
283 373
96 30
400 428
83 161
452 431
210 315
369 48
421 62
270 269
289 200
404 325
61 117
254 257
296 141
373 239
47 405
213 363
205 330
256 461
492 11
433 299
476 326
254 106
149 384
291 382
221 499
470 478
395 265
399 252
437 378
258 301
59 423
215 223
356 333
158 308
408 3
214 126
463 123
124 418
384 17
387 175
48 359
431 348
58 130
382 90
15 196
137 269
453 243
223 47
330 66
127 85
435 393
233 288
40 401
170 167
47 53
427 161
23 380
448 189
63 394
147 109
233 224
258 14
342 102
267 205
415 130
313 446
157 237
265 321
455 82
407 264
186 392
367 305
14 383
108 412
148 69
491 84
2 59
394 428
37 219
24 70
191 130
17 360
446 68
199 108
415 355
72 441
245 391
43 148
226 196
256 499
196 402
438 27
185 187
209 442
387 131
305 76
332 141
0 118
125 319
340 242
128 279
369 450
240 191
385 435
433 169
105 67
351 359
101 364
232 259
36 242
377 360
98 499
56 151
116 86
483 41
410 63
95 476
457 236
493 464
84 368
266 10
410 71
152 209
465 1
321 255
116 251
86 439
338 108
378 174
417 438
423 408
409 16
70 164
394 475
58 469
345 468
171 40
239 463
270 38
328 461
273 354
128 272
472 313
427 188
170 437
128 158
63 461
337 81
286 404
208 423
98 401
274 72
453 130
230 441
230 2
183 304
364 177
281 177
446 357
222 158
407 253
32 262
486 79
217 84
267 248
97 198
405 172
33 434
289 402
411 459
104 84
64 447
317 352
41 50
304 401
240 389
417 171
344 330
111 85
339 479
125 294
87 470
40 492
477 198
482 379
196 498
209 402
37 361
33 445
0 263
167 248
370 245
465 112
27 361
63 470
109 379
286 20
48 245
458 18
453 255
266 451
135 361
491 221
337 54
53 185
182 55
434 187
4 431
332 216
42 469
323 461
311 446
368 65
436 497
472 331
131 183
489 28
105 193
384 390
399 342
108 446
202 423
172 489
161 257
287 267
189 31
58 437
246 297
350 256
184 77
360 216
60 109
369 226
471 220
320 475
403 60
102 116
203 340
253 42
470 425
401 172
119 219
229 460
241 393
71 97
323 472
430 200
448 356
293 392
105 480
493 78
374 352
414 443
99 448
127 346
484 441
162 124
429 380
132 438
333 139
403 409
203 219
471 306
406 25
199 277
127 269
493 202
433 226
159 113
171 176
200 250
416 413
202 367
76 161
160 319
23 198
371 370
169 380
388 125
483 237
218 229
346 468
377 446
137 430
288 120
18 39
453 395
63 491
1 76
416 381
455 159
469 254
422 203
89 29
476 218
304 120
84 244
81 407
304 432
462 244
67 355
92 15
292 168
385 107
151 128
351 34
457 489
13 440
219 125
496 36
267 123
117 137
446 101
494 422
364 65
268 414
41 209
488 60
495 234
193 365
359 236
358 23
124 128
50 407
332 120
269 467
196 278
198 38
122 199
387 13
432 283
467 327
194 128
116 101
469 94
224 158
302 297
355 153
278 208
313 260
472 174
293 66
153 477
51 168
81 327
32 366
178 438
166 102
202 480
222 148
114 101
65 53
357 440
421 474
335 249
214 348
168 24
71 455
241 293
325 458
139 177
180 483
247 188
1 439
365 75
301 44
390 320
306 387
243 287
75 107
311 196
382 393
471 200
104 147
144 235
18 116
79 95
334 154
278 255
120 116
386 211
423 116
180 493
7 389
129 294
410 346
458 499
433 96
277 158
453 334
89 436
203 160
369 271
435 397
21 376
230 52
94 134
379 250
188 237
209 255
279 82
181 199
152 291
441 178
25 4
23 304
390 239
418 434
297 275
91 150
19 385
317 490
181 428
422 222
17 468
266 109
409 443
398 203
320 2
466 270
279 73
172 180
152 307
86 188
109 300
74 438
405 364
297 43
341 356
485 479
413 142
248 433
363 481
421 71
330 404
149 448
251 465
251 491
122 249
336 248
204 297
276 468
235 278
371 416
16 288
167 22
330 439
391 247
49 188
381 490
273 352
452 217
244 218
438 358
193 169
129 27
6 234
480 12
119 310
490 392
89 228
352 13
13 301
338 301
138 465
324 142
161 243
392 472
151 62
479 192
148 381
21 406
109 447
482 321
129 496
20 338
269 32
436 406
349 69
174 9
359 472
87 283
166 60
231 220
101 307
181 118
274 56
43 268
209 72
30 283
236 78
27 225
268 299
361 70
428 100
460 463
466 262
347 319
424 263
193 93
130 216
385 147
125 159
137 361
161 263
285 40
15 182
433 304
184 465
462 114
489 216
178 407
114 82
138 182
325 260
266 4
446 388
450 181
113 493
423 182
245 163
82 126
228 467
199 477
458 300
87 296
294 111
288 402
8 18
114 398
342 447
210 463
332 164
286 345
108 78
384 499
145 209
375 398
366 225
1 380
335 202
386 247
207 276
103 190
218 28
9 91
457 344
24 136
282 490
365 60
166 39
20 496
127 462
290 47
19 400
396 348
475 396
352 398
460 186
249 342
329 349
141 434
61 477
49 270
4 229
91 183
152 281
158 211
301 22
206 247
231 117
286 121
346 454
397 7
281 291
230 432
423 164
256 464
359 449
60 145
133 185
421 192
474 289
435 171
83 206
102 438
375 320
363 446
240 124
160 339
111 457
265 287
349 167
174 157
327 416
135 403
200 75
197 342
359 26
398 102
51 292
48 319
134 175
418 326
263 384
209 15
213 331
94 92
141 188
481 463
414 147
122 251
280 466
64 183
11 398
280 54
381 208
499 230
191 207
370 344
177 366
407 210
226 105
65 143
9 92
240 43
271 306
427 432
469 72
380 387
222 132
364 144
485 168
450 321
414 91
121 68
436 274
314 78
438 171
71 268
367 377
438 2
197 171
43 92
448 211
306 54
250 338
483 101
460 372
250 480
159 471
261 382
33 220
328 128
280 465
198 220
224 131
234 369
313 425
78 332
217 239
14 213
107 278
478 87
377 120
247 5
203 377
371 61
155 429
297 336
334 51
436 90
310 221
70 128
177 382
401 225
48 66
9 496
277 148
488 97
467 54
207 49
160 176
367 96
498 157
476 80
215 362
161 114
436 209
360 224
445 108
371 446
91 24
124 402
34 416
386 358
476 193
432 120
370 235
253 423
26 472
401 441
171 455
94 219
14 56
347 60
306 233
242 27
100 435
159 291
398 494
427 424
460 493
178 334
347 236
451 166
242 459
110 36
240 171
428 211
431 245
157 497
134 146
278 2
319 329
112 236
320 332
297 47
153 102
16 457
398 434
22 378
166 215
473 277
203 488
180 173
434 416
236 97
198 376
266 435
114 294
303 76
127 437
234 42
129 360
53 116
492 307
213 379
283 66
170 384
342 259
243 208
113 211
176 158
249 190
366 41
348 21
337 31
185 400
202 157
152 386
105 490
334 69
257 41
187 146
294 489
214 121
400 11
485 164
453 281
24 356
244 150
152 475
199 485
365 115
222 397
155 235
102 109
117 276
371 301
154 397
425 255
349 19
236 394
150 461
433 143
349 220
