500 8900
222 14
278 221
116 404
303 440
62 284
42 22
435 405
284 26
157 186
250 175
60 308
111 379
179 310
226 289
173 364
442 84
200 318
82 164
440 462
167 130
352 259
426 230
388 182
363 90
478 54
316 452
463 68
162 397
438 467
326 49
29 122
227 108
243 91
159 445
14 420
343 366
198 378
48 386
443 432
276 36
339 403
284 11
186 448
369 287
432 18
463 296
263 370
91 162
348 216
159 333
127 166
37 440
187 188
50 475
176 407
418 323
234 412
389 193
88 324
4 264
203 176
405 6
124 167
459 299
2 127
138 56
138 137
360 54
77 190
496 219
88 317
420 127
247 250
88 73
402 159
259 170
26 71
106 355
439 390
164 194
281 421
467 283
90 25
115 144
116 349
97 377
432 491
254 490
440 405
362 284
108 343
77 225
298 263
55 85
171 188
487 178
205 227
203 206
318 112
28 307
206 249
376 172
295 252
287 305
206 308
211 23
80 105
165 60
449 90
354 462
113 124
440 458
128 271
347 364
200 82
267 379
445 41
300 248
444 376
297 91
470 184
487 459
72 457
32 337
330 15
318 390
126 57
389 105
368 476
163 487
194 133
362 462
240 241
112 391
231 151
403 274
190 13
117 31
317 189
304 484
143 218
239 180
491 411
423 229
102 447
456 303
318 346
3 66
419 280
322 110
22 46
347 94
52 324
269 240
193 334
360 471
476 159
218 468
462 429
478 12
333 212
422 472
107 381
54 458
427 255
32 158
102 344
210 40
318 286
269 301
35 304
269 37
56 311
129 304
189 310
115 140
8 239
214 212
267 73
93 203
402 46
270 421
159 405
146 365
422 338
68 345
324 16
317 247
13 391
82 428
254 183
412 338
109 277
459 164
31 141
324 43
179 122
235 448
92 241
123 231
288 201
286 148
345 77
480 100
306 194
40 397
414 452
16 209
261 96
393 121
400 193
355 196
331 382
65 167
423 349
118 34
445 253
482 132
356 37
214 10
254 7
175 116
397 252
402 168
157 439
274 173
323 416
445 359
340 266
15 423
169 423
62 182
345 284
169 334
68 117
308 434
82 199
305 458
56 420
11 370
151 267
327 176
117 2
17 403
165 487
392 234
307 309
91 341
332 74
260 340
51 52
72 165
172 125
324 72
101 352
384 271
73 457
314 46
259 52
172 228
45 58
21 448
100 196
56 464
334 321
313 112
156 5
108 13
184 430
372 104
233 328
91 24
114 233
496 82
125 248
401 366
143 200
435 41
251 141
226 157
491 195
388 207
254 222
367 193
46 28
259 66
409 239
427 397
221 4
437 62
298 98
21 124
432 346
112 400
454 111
448 205
341 38
398 417
222 81
12 227
252 76
185 211
231 426
402 449
7 146
102 23
33 223
443 384
341 209
486 150
108 459
478 231
111 120
243 316
323 438
149 176
375 145
465 53
376 250
472 456
89 238
457 185
458 91
78 299
484 447
61 48
104 357
332 46
132 477
443 171
431 207
251 288
472 168
164 155
114 297
332 400
433 499
269 266
149 257
275 463
367 218
293 330
272 154
480 424
359 314
38 360
294 377
426 436
495 309
80 318
330 494
107 405
190 79
260 144
412 142
110 498
400 115
135 38
300 360
327 233
178 239
10 41
34 32
2 349
103 254
431 353
401 50
42 320
238 237
105 189
294 49
43 54
190 256
61 331
226 127
145 35
416 209
202 190
490 245
384 364
260 423
183 266
356 100
487 169
299 124
272 306
292 373
76 333
454 366
264 292
452 21
380 365
444 423
417 32
325 483
299 23
445 5
395 170
444 387
184 379
428 86
38 4
367 195
476 263
483 479
161 139
88 299
337 338
24 172
418 134
99 378
241 492
118 402
484 214
269 441
373 491
484 402
212 4
12 321
126 330
241 50
365 414
227 64
69 66
244 444
118 8
420 412
59 270
453 34
226 366
367 177
187 305
427 175
241 226
369 352
263 71
156 205
179 57
156 492
282 249
8 37
182 329
204 20
168 115
19 22
214 273
179 226
13 324
481 163
293 1
268 89
327 433
327 451
494 406
257 300
356 424
291 74
474 493
95 317
379 297
151 221
131 429
191 157
44 107
339 472
191 292
65 273
167 285
17 264
157 416
265 203
63 483
129 256
291 485
452 106
57 48
254 374
193 440
100 1
76 447
6 142
51 473
339 34
183 474
490 141
461 338
83 27
185 83
207 241
161 276
184 315
258 355
332 383
47 145
312 484
84 490
343 251
183 442
341 311
326 59
265 377
10 15
248 454
67 314
73 189
213 478
225 370
176 400
208 482
239 288
389 184
59 345
464 166
21 438
147 177
347 471
15 413
45 205
97 47
254 285
101 476
229 478
435 367
415 79
153 348
445 444
61 209
44 410
240 380
250 480
261 447
124 426
429 0
473 45
176 403
83 80
33 151
149 402
387 106
50 55
390 51
179 167
430 498
499 162
240 303
309 412
473 166
156 413
159 491
192 283
100 404
72 137
469 444
55 496
311 383
124 186
376 255
17 245
329 206
316 181
415 393
242 121
310 269
339 238
271 324
94 196
65 223
265 236
478 220
215 142
215 17
255 252
430 277
300 259
498 269
306 372
325 488
422 409
333 260
166 339
247 169
247 481
484 421
251 202
173 373
103 284
197 436
296 478
454 427
113 498
22 179
489 450
201 433
337 424
29 176
97 453
27 234
276 351
358 144
171 110
68 64
30 105
217 199
233 346
485 369
259 337
151 351
197 87
442 73
26 9
63 200
257 316
156 240
92 319
384 474
122 382
60 88
236 85
359 393
349 487
199 134
432 92
414 77
99 220
424 126
164 138
270 131
3 277
71 443
0 440
210 2
429 400
78 382
422 209
58 185
267 23
325 235
299 445
349 100
408 372
65 457
325 399
45 407
60 118
403 72
160 75
252 109
85 11
48 100
119 361
194 300
100 375
444 366
193 469
445 15
146 322
315 106
371 356
85 398
492 184
93 312
16 100
493 466
126 490
413 222
251 166
28 200
472 330
167 176
458 220
197 340
175 84
492 165
206 299
200 16
465 124
43 90
122 454
442 279
174 468
96 420
267 71
228 345
419 202
133 497
287 253
116 307
461 382
305 44
378 43
451 28
375 311
385 284
226 278
195 181
349 178
369 275
423 153
90 445
89 317
224 495
225 14
39 407
158 25
173 244
275 232
467 191
166 180
440 260
15 211
348 360
145 97
477 415
401 175
364 143
372 272
299 211
93 165
200 314
343 76
467 420
416 349
12 203
477 254
357 265
449 237
263 452
222 397
255 356
42 367
232 77
296 247
357 481
300 391
294 348
16 81
43 403
255 455
333 265
231 405
443 346
245 461
364 35
237 328
29 453
28 222
12 351
43 219
235 454
24 39
284 281
495 72
241 25
477 436
33 345
51 25
193 338
180 0
173 457
12 185
317 485
430 394
451 299
224 104
141 323
407 177
493 14
233 206
26 481
321 316
145 0
431 256
261 225
366 119
296 300
426 133
86 342
384 222
338 104
376 175
390 422
83 111
465 274
166 397
278 179
14 46
205 437
54 6
473 474
17 364
187 164
87 311
43 263
139 242
154 384
464 272
315 410
456 42
62 471
108 252
435 453
396 463
115 223
342 343
218 12
68 416
201 442
440 487
86 168
107 432
229 212
5 191
183 31
127 113
153 241
223 67
314 56
238 131
203 109
371 346
453 491
223 46
138 244
422 260
29 262
365 59
465 399
132 155
371 68
440 402
245 480
186 145
241 342
96 320
10 202
390 466
164 111
143 153
251 146
81 460
379 234
485 401
195 437
12 179
354 273
173 10
334 276
280 227
6 361
456 436
232 326
2 334
389 456
44 400
252 366
357 148
204 302
231 165
344 35
311 155
252 471
323 327
410 45
473 360
305 72
465 421
234 413
76 435
66 134
137 414
37 415
27 296
320 360
417 428
103 219
402 208
227 215
24 38
284 343
239 334
133 308
29 323
163 407
91 36
192 193
21 231
187 71
212 222
430 268
456 189
314 17
82 227
282 237
177 125
139 444
267 39
223 436
459 265
258 257
114 24
238 405
95 41
427 274
96 378
278 75
101 434
423 245
217 116
397 319
42 241
288 255
263 47
120 306
58 122
185 15
54 468
155 27
408 312
179 209
191 411
256 224
61 97
31 100
275 276
91 172
268 320
346 307
125 221
220 389
236 108
331 50
14 333
112 80
497 234
24 103
262 395
117 71
124 261
298 5
36 279
91 421
116 284
93 154
148 496
434 66
139 385
211 294
161 80
401 280
490 358
431 248
247 139
452 73
224 371
120 300
296 26
157 113
0 287
285 319
125 246
389 219
345 226
193 333
88 27
272 213
236 463
278 90
418 493
147 473
373 338
440 235
269 496
491 202
265 350
47 206
371 241
38 245
233 336
319 464
352 295
61 433
452 323
292 26
72 283
109 206
119 205
145 261
63 325
136 276
98 287
88 95
498 282
412 398
382 198
235 226
75 76
295 495
353 484
145 195
39 183
278 482
368 19
100 30
361 389
307 497
12 184
319 155
308 334
366 83
428 358
340 10
202 314
212 16
296 340
169 101
157 293
387 493
269 309
158 67
62 42
404 3
42 51
277 251
471 142
297 469
333 425
167 255
91 217
393 243
414 459
367 59
406 300
298 338
193 463
281 358
215 271
183 335
417 357
195 268
217 437
324 162
320 259
393 404
195 124
309 285
298 65
350 289
438 287
444 200
76 290
71 277
458 125
115 297
200 373
450 156
141 279
335 67
352 216
391 350
100 52
479 4
219 345
55 22
128 274
10 409
234 365
128 417
391 388
398 349
312 7
158 149
376 207
446 139
406 344
274 149
276 254
19 50
204 164
171 289
373 498
6 84
339 402
257 348
444 462
95 338
459 327
292 158
365 203
485 301
34 406
125 85
359 182
277 295
139 492
171 88
23 182
381 119
366 135
358 482
385 142
394 204
222 402
76 450
359 240
47 376
36 411
176 136
219 418
47 278
151 11
391 72
34 173
316 273
4 330
451 155
476 6
146 291
65 464
492 129
260 295
268 296
44 366
249 244
181 174
281 309
46 372
14 108
436 301
113 326
166 482
276 307
90 163
87 477
219 45
4 68
426 71
299 428
363 345
408 72
158 182
188 208
415 468
202 183
343 216
201 221
435 238
425 463
484 122
139 482
382 349
384 43
154 4
80 69
6 78
288 450
15 320
226 446
212 233
76 286
322 307
259 69
109 188
357 272
40 365
42 364
142 4
239 499
326 263
290 459
132 57
8 81
40 123
289 35
107 173
154 106
76 318
360 465
256 327
437 421
16 89
358 238
376 23
185 143
293 419
171 169
33 53
229 220
221 176
269 235
202 364
226 204
224 379
264 311
98 79
432 102
395 101
398 261
190 44
180 198
178 221
149 374
259 279
280 82
110 482
90 492
173 33
173 183
406 498
274 96
220 497
294 483
249 324
383 303
418 246
360 185
499 280
218 67
227 224
188 301
7 157
139 376
399 168
199 489
297 407
78 471
425 474
67 276
270 330
292 246
115 117
153 483
105 448
90 339
68 455
44 495
495 272
203 305
351 171
200 401
187 249
212 27
42 213
409 220
59 19
23 163
275 360
412 89
345 310
356 260
85 372
227 438
90 301
209 228
20 78
125 195
44 231
130 409
384 294
44 4
271 333
180 372
361 411
208 230
465 447
205 480
250 163
324 381
105 175
159 399
380 293
301 342
107 318
79 168
227 107
51 388
135 499
456 50
336 152
183 366
125 235
205 13
462 273
220 456
204 317
19 42
198 185
89 330
371 190
283 48
243 97
140 97
218 75
490 439
216 414
375 62
114 361
61 452
196 203
441 88
341 369
184 183
242 471
453 18
277 113
20 193
325 474
184 122
262 416
358 251
123 173
395 365
439 472
130 355
114 198
140 434
467 124
29 259
167 29
285 310
34 238
134 146
57 98
94 451
24 297
50 30
487 174
10 104
424 441
49 495
385 86
327 389
118 400
353 143
471 174
237 293
86 10
66 232
230 147
8 370
85 296
107 259
256 415
326 125
499 375
276 223
202 287
241 348
418 133
166 189
65 178
267 394
490 415
480 206
139 204
180 125
490 1
485 460
394 236
331 446
81 463
47 31
371 225
279 488
274 243
39 296
11 243
80 52
468 127
232 9
85 286
492 54
348 60
37 137
349 444
314 58
196 80
5 393
372 453
418 485
231 412
375 365
459 180
34 234
424 495
228 396
36 298
0 431
314 149
130 302
42 60
88 302
264 337
386 405
395 368
197 115
147 119
146 183
431 209
422 272
210 32
117 118
493 214
63 445
275 392
391 31
229 221
24 252
269 479
461 167
164 141
295 417
46 159
493 367
333 138
279 221
20 465
394 119
86 100
180 431
326 267
47 224
220 138
140 10
112 204
259 219
159 182
373 388
105 296
396 146
410 236
280 436
327 306
62 153
5 179
15 242
266 140
474 117
79 325
357 203
235 236
192 0
73 95
426 202
35 71
273 44
450 299
384 385
496 15
474 317
399 37
158 460
473 225
275 135
306 333
337 310
91 9
1 302
76 153
440 122
432 339
41 71
336 440
187 423
37 286
233 73
236 436
13 49
184 426
187 69
390 334
213 14
328 393
362 14
33 464
14 490
87 470
178 118
73 386
17 144
120 198
148 254
232 81
86 62
281 67
75 375
119 280
50 39
284 147
372 457
222 68
121 219
328 421
166 299
262 156
412 3
155 355
397 55
408 489
34 489
139 339
136 255
7 205
339 138
485 257
473 119
125 316
57 493
323 361
75 2
162 244
181 68
60 290
227 121
183 116
191 353
32 362
456 473
384 78
221 95
87 246
471 34
423 123
43 129
132 58
423 78
171 498
292 1
300 458
129 66
420 215
291 343
176 419
78 152
298 66
15 298
488 490
448 302
0 169
450 372
411 365
427 352
202 39
54 326
412 123
453 433
360 28
169 186
82 391
104 335
439 494
70 239
37 105
472 29
454 247
231 224
18 309
64 80
278 441
208 103
75 496
23 421
406 474
68 400
201 344
358 271
470 242
23 219
188 395
436 90
368 244
367 27
361 341
261 23
240 102
120 137
202 237
238 382
388 50
486 120
478 412
459 121
224 326
140 268
279 468
481 433
307 356
180 225
222 158
50 358
144 483
141 139
478 425
275 3
89 99
142 95
491 2
369 340
147 68
169 257
326 3
405 132
260 287
303 162
63 293
82 65
242 218
6 289
472 124
39 465
278 328
111 138
39 310
18 310
250 61
384 351
193 498
200 185
497 33
49 389
477 370
122 46
286 1
147 23
443 205
483 155
215 401
414 149
225 94
43 207
172 269
350 374
473 79
284 129
267 60
5 319
169 11
306 446
152 322
50 302
374 249
309 333
466 450
177 497
113 164
420 61
183 308
263 322
429 172
95 91
268 351
119 328
194 19
268 375
459 390
422 108
377 82
156 355
100 240
24 434
127 295
152 69
30 86
116 76
282 457
461 82
204 287
48 368
156 237
166 160
168 138
291 401
203 233
402 313
398 375
170 457
48 309
216 119
196 277
50 372
308 360
458 195
446 93
253 228
317 26
58 44
88 201
464 103
134 13
312 462
336 219
285 422
306 200
452 464
295 82
8 321
249 327
46 369
16 487
307 153
215 141
437 249
51 172
30 291
214 291
332 388
449 243
323 78
165 253
395 148
290 298
226 85
303 484
79 46
222 286
428 348
386 487
295 115
304 481
486 215
112 413
417 303
331 462
287 462
322 72
15 52
84 18
323 37
432 141
367 51
47 165
437 307
10 339
408 146
215 212
103 99
471 111
131 4
128 285
53 170
239 435
381 240
171 247
184 316
424 306
448 74
294 100
218 437
219 446
420 183
256 2
210 273
149 144
9 290
26 387
184 168
55 52
471 8
436 257
125 167
166 75
320 348
328 302
450 21
216 107
22 489
332 62
271 143
303 134
230 24
498 495
449 339
499 286
319 51
450 485
277 14
201 151
19 52
346 129
339 12
76 19
4 76
343 457
118 75
373 330
304 269
228 211
394 247
255 397
475 184
305 66
71 88
197 292
354 271
8 30
84 50
309 260
451 91
164 171
172 375
123 411
499 76
419 236
72 365
244 371
486 36
282 64
157 162
91 146
54 271
85 480
225 15
441 162
408 45
477 194
189 284
13 392
161 74
11 266
20 153
123 38
421 266
170 56
66 273
440 177
393 219
134 314
101 239
293 430
456 151
409 436
37 416
390 254
348 9
376 243
211 203
405 46
356 126
296 332
67 419
335 471
179 239
472 89
313 319
56 33
143 157
283 232
209 182
419 155
431 424
57 139
397 273
396 81
472 403
472 373
182 88
426 273
143 442
108 209
166 249
379 431
221 430
328 376
489 123
482 285
55 5
76 123
74 320
466 67
319 369
270 291
49 424
367 398
192 117
5 210
21 461
432 229
374 247
409 22
105 18
247 324
496 464
443 147
381 400
364 494
86 206
278 240
332 48
470 453
313 101
454 341
90 353
268 293
323 281
121 407
184 284
199 100
95 143
398 403
339 174
1 452
459 205
455 360
130 196
401 142
151 378
27 45
267 25
88 67
217 486
198 217
451 83
286 481
459 30
437 493
137 144
81 426
8 68
393 327
326 97
252 216
68 247
182 449
226 270
420 298
116 353
465 119
353 132
144 373
386 391
366 319
365 167
34 403
256 413
409 355
345 78
425 199
45 338
380 340
164 409
130 287
129 44
458 423
381 465
350 341
402 150
271 282
38 102
134 450
199 63
188 116
245 371
113 57
319 32
420 48
241 490
215 58
296 43
215 274
343 246
364 232
384 80
377 147
279 98
498 85
489 479
469 264
258 36
287 342
181 328
419 286
37 133
419 207
24 46
139 241
392 264
30 155
201 224
400 445
254 212
143 181
5 213
0 374
240 379
420 296
248 183
93 49
293 286
63 275
168 420
215 226
386 58
338 431
28 274
168 262
229 99
332 98
194 322
136 412
327 448
213 313
426 204
314 217
299 374
376 161
16 74
64 21
39 455
473 265
48 319
363 219
179 309
95 195
271 136
113 136
290 421
268 215
17 176
77 18
422 377
175 57
104 315
158 353
440 292
307 461
206 63
100 97
296 248
328 46
286 212
467 18
104 201
195 381
244 423
383 343
188 484
364 490
281 449
493 460
233 292
316 43
197 32
143 378
62 249
115 54
477 76
3 9
160 69
115 483
242 360
27 110
278 206
207 117
80 172
209 355
446 180
63 394
26 98
150 47
131 102
174 146
155 459
159 437
308 490
327 225
267 284
460 499
248 144
275 331
265 304
314 406
140 56
246 24
186 83
397 380
251 11
469 452
190 91
390 409
387 187
355 485
304 202
268 360
183 430
75 373
242 349
149 482
186 357
493 340
76 11
143 17
304 274
217 205
26 53
349 67
381 101
465 134
380 177
288 65
158 498
158 389
175 333
347 300
406 447
266 447
135 239
48 364
305 177
455 326
380 295
428 310
307 416
478 61
301 391
215 434
232 377
243 452
53 498
300 386
226 119
18 368
105 336
411 193
308 145
151 425
24 197
434 456
44 81
397 410
34 426
147 419
377 154
375 301
452 162
30 113
234 17
33 387
493 187
153 349
258 402
112 296
128 131
148 108
299 412
398 328
8 169
194 93
295 452
375 464
336 386
74 246
373 356
225 54
52 59
255 84
212 64
477 32
295 202
135 412
6 247
238 313
154 3
66 37
58 96
214 321
219 356
476 378
231 172
479 488
494 143
103 111
254 402
404 390
386 10
282 450
147 451
248 481
271 334
101 63
187 0
348 248
222 202
222 345
174 329
410 352
23 312
395 433
449 65
455 224
61 20
430 450
39 411
439 244
45 124
27 2
285 234
198 249
87 56
47 468
152 38
11 286
378 386
86 131
336 441
105 214
471 250
131 393
193 105
292 263
354 470
414 11
176 197
229 86
357 129
40 225
204 289
350 429
441 472
86 79
286 394
10 118
7 286
421 32
234 130
378 63
417 304
143 373
16 230
491 150
18 488
256 32
209 369
312 261
80 198
374 173
206 436
487 78
414 332
496 270
273 203
126 354
19 195
286 58
488 469
395 400
147 478
338 322
470 129
481 218
349 366
390 130
177 69
289 334
487 136
132 131
100 402
432 50
332 370
419 477
376 183
247 223
180 9
416 279
20 198
282 198
329 138
297 65
348 438
435 487
444 468
388 488
217 282
372 399
472 399
24 233
228 407
23 70
446 59
156 180
227 389
462 249
365 21
453 84
21 284
446 115
325 59
387 103
461 453
361 232
11 138
450 81
369 96
402 109
428 364
400 338
94 352
466 406
58 216
363 46
464 354
360 194
104 241
321 364
414 266
298 194
154 42
359 477
64 297
14 497
31 228
464 462
128 36
240 460
348 417
178 375
248 73
93 449
27 106
174 117
100 299
179 465
126 202
381 249
265 38
44 37
40 183
189 303
299 216
424 481
287 288
246 358
322 14
106 144
92 321
1 240
166 334
304 9
192 255
393 408
97 148
348 156
97 150
3 202
1 481
491 335
138 78
327 194
85 115
189 394
326 248
302 164
267 89
183 425
49 190
76 86
228 132
43 94
210 413
76 297
64 18
273 30
363 96
315 378
470 405
15 100
357 36
465 34
457 373
57 471
418 63
323 16
286 291
73 372
319 257
272 178
410 7
361 113
122 312
212 478
28 86
370 128
315 397
57 331
368 277
498 448
386 44
199 256
459 400
421 494
283 465
287 61
318 280
194 0
137 114
442 196
51 117
269 212
202 321
327 175
28 334
473 391
143 147
26 458
128 312
98 83
101 44
422 33
112 419
216 270
456 131
316 286
61 168
496 89
286 374
378 442
88 447
363 307
16 64
488 271
459 129
116 494
213 245
487 259
460 430
155 71
65 287
55 267
53 5
6 275
378 338
51 277
469 464
317 368
146 329
166 216
337 469
284 388
492 358
22 31
240 301
132 377
118 200
282 90
110 173
134 160
370 438
185 463
44 435
316 492
203 445
117 269
396 171
99 34
353 239
455 321
489 150
282 488
82 139
20 380
339 143
90 46
498 345
131 189
81 84
124 297
399 130
128 198
10 245
155 279
383 105
36 233
494 291
474 161
257 176
457 120
69 342
435 416
64 440
434 276
224 50
469 37
406 254
236 351
351 38
404 362
350 447
197 305
251 76
81 331
410 328
137 189
349 56
106 198
213 393
322 265
19 385
438 48
137 19
145 230
410 406
446 206
96 1
494 58
101 415
284 170
250 182
0 479
410 289
70 245
235 92
494 332
29 286
191 251
118 454
197 474
460 50
113 403
247 27
316 13
9 211
158 198
212 132
107 255
166 184
314 188
5 151
192 369
61 302
451 185
330 61
388 128
406 425
437 165
162 11
457 64
391 101
201 446
323 156
430 401
271 169
130 337
182 478
237 60
472 388
28 19
294 432
77 9
226 328
450 353
398 397
376 61
342 493
351 140
326 170
43 287
329 441
72 189
261 103
94 230
248 408
371 352
81 211
4 347
189 385
11 78
34 18
476 21
209 322
22 397
314 325
121 341
103 118
157 245
175 27
136 219
103 444
91 64
79 308
294 336
247 198
413 53
281 145
330 284
380 344
355 99
222 307
373 286
302 214
259 429
294 127
71 254
306 101
98 362
287 6
332 228
185 120
25 189
440 24
305 335
149 212
430 375
145 470
10 425
3 188
131 491
175 463
142 488
480 25
66 469
443 314
331 207
119 140
79 285
256 357
321 371
353 187
350 196
336 64
130 346
219 86
415 486
21 463
72 115
395 105
312 271
74 342
143 383
255 340
370 7
194 305
381 99
404 174
283 392
218 1
284 87
212 230
382 79
146 482
310 316
424 265
301 83
416 497
195 42
305 424
115 196
91 457
133 480
245 418
181 305
430 320
265 313
317 117
318 222
157 345
276 364
33 29
194 281
24 104
145 374
437 74
74 425
147 428
90 374
428 168
173 188
112 289
161 391
461 137
215 472
112 307
147 115
475 266
109 12
443 250
315 485
424 367
497 52
172 472
93 387
352 232
31 336
252 469
207 75
469 381
276 32
390 236
55 415
404 135
206 383
317 175
434 168
110 150
327 190
213 383
259 217
44 323
41 189
123 250
201 93
75 462
352 243
341 255
207 261
50 253
324 309
249 227
445 48
116 345
442 371
216 161
272 245
263 55
156 161
57 472
340 213
27 134
75 386
8 0
252 43
132 448
1 281
164 347
400 383
50 235
286 231
145 15
11 297
332 112
158 316
321 310
416 303
10 331
203 490
59 414
307 314
370 410
320 182
334 315
223 9
179 497
461 367
66 119
207 492
291 332
403 202
233 207
178 204
11 149
178 422
30 66
19 472
189 412
454 278
203 352
252 423
462 100
304 109
303 220
417 349
292 291
78 417
30 74
120 133
132 144
435 341
475 150
25 210
209 206
322 120
67 153
289 373
256 239
252 33
205 453
360 175
366 113
319 294
313 497
476 127
269 228
426 191
194 13
178 271
194 191
384 240
304 471
282 458
73 87
311 357
288 209
129 257
496 476
109 339
204 377
20 145
176 463
339 329
104 159
133 21
202 417
350 34
293 229
376 290
18 107
97 42
27 453
414 475
228 466
356 387
297 410
275 165
332 395
29 16
438 354
49 388
72 395
281 495
34 96
356 259
260 292
184 337
158 62
454 349
336 407
349 142
403 21
408 218
9 126
43 3
254 298
344 239
157 156
26 209
90 29
264 309
197 246
171 277
428 30
446 202
435 7
410 172
269 70
78 394
305 366
486 319
55 9
456 121
434 134
442 411
298 50
497 474
365 350
184 230
498 271
358 134
358 229
30 268
148 491
377 327
470 245
87 25
326 98
169 129
238 65
232 226
190 65
239 357
348 205
341 263
261 234
9 71
253 409
155 14
378 119
68 89
420 134
52 17
457 55
44 76
254 318
228 250
339 209
481 338
45 339
155 61
482 18
28 55
289 426
429 187
430 191
329 275
153 192
67 28
457 243
356 331
437 497
231 331
100 324
205 397
55 100
177 387
242 27
24 306
474 295
418 18
225 367
71 190
423 368
28 335
471 135
487 39
204 410
11 357
101 203
26 21
286 223
281 432
170 182
11 407
136 3
286 414
171 248
453 115
45 116
1 326
64 284
495 188
389 7
3 464
447 318
200 473
327 180
367 450
303 276
206 60
482 257
266 246
223 495
381 402
275 175
92 136
64 327
211 417
237 263
2 57
24 101
385 173
281 77
171 411
358 3
452 17
84 22
381 86
286 294
296 123
374 494
251 150
284 66
333 174
275 267
14 98
323 227
11 256
237 477
195 315
85 152
462 300
417 488
209 418
340 21
426 391
375 351
440 301
433 132
322 348
133 258
40 118
156 123
392 465
332 193
358 342
24 88
292 43
342 436
459 97
59 62
37 138
397 120
179 470
359 245
3 313
63 215
278 253
498 335
333 426
413 385
253 129
309 446
203 205
370 84
368 293
244 350
36 364
121 397
493 307
497 289
138 192
428 403
151 94
322 147
10 441
218 405
265 355
33 45
213 67
223 266
229 130
85 88
420 404
279 401
253 78
208 169
165 330
150 288
85 123
67 476
430 123
10 23
290 332
442 160
323 200
482 157
297 269
367 150
350 250
122 196
67 436
207 14
326 28
314 209
149 25
376 310
9 149
364 109
147 6
87 188
182 481
266 87
35 39
399 397
332 207
276 246
257 287
439 111
395 137
85 42
369 28
411 249
249 348
184 124
281 468
418 420
492 474
485 316
329 324
364 277
382 177
217 206
445 150
401 172
115 22
434 491
304 138
7 487
130 53
333 473
451 201
72 419
204 315
16 138
494 460
191 462
452 268
107 16
154 157
162 238
499 160
497 314
360 21
386 47
452 194
330 241
108 269
190 122
183 228
262 200
406 280
241 318
341 488
408 331
360 34
313 331
353 354
393 32
251 438
459 311
18 374
174 475
487 130
266 157
375 191
496 361
451 35
23 236
171 364
361 102
474 115
468 67
359 44
38 358
202 151
249 446
403 414
399 418
250 421
100 351
413 371
292 333
111 365
104 204
182 332
134 144
283 80
298 387
385 484
85 460
89 59
237 341
294 329
22 54
356 60
340 252
98 457
461 154
93 397
352 353
388 270
414 351
373 375
445 45
84 164
354 477
361 157
79 311
492 15
11 403
317 337
444 168
108 319
24 126
283 226
296 302
329 273
298 188
305 58
32 241
264 217
492 17
282 154
367 28
361 270
243 201
41 418
246 71
385 228
16 470
342 353
439 409
274 64
454 364
270 492
339 101
418 479
478 344
63 283
476 428
301 439
322 124
329 488
471 1
261 350
240 413
214 262
12 430
360 184
444 202
494 60
189 299
34 289
371 383
397 200
309 441
431 3
398 191
305 380
261 83
495 20
42 206
125 124
330 420
214 240
357 178
19 438
254 229
29 340
49 425
242 428
0 469
185 91
159 95
497 172
483 462
438 55
343 325
445 488
379 301
190 43
294 373
469 351
404 173
33 452
450 186
123 495
133 252
93 296
177 82
465 340
322 252
319 174
230 433
254 37
52 308
444 213
346 102
142 139
241 293
453 153
270 28
315 346
428 369
417 57
139 451
474 168
18 66
87 187
478 101
178 391
303 32
115 279
28 64
256 469
1 351
418 289
146 246
426 173
235 34
317 432
157 270
165 294
195 141
414 130
44 202
364 353
88 494
440 362
200 349
376 229
125 113
69 107
4 56
9 152
497 146
145 119
351 229
27 384
349 275
447 351
45 471
93 117
420 213
383 89
15 130
471 343
180 46
93 267
486 301
138 319
338 158
394 22
296 189
477 92
57 388
283 406
375 493
433 116
52 462
465 160
114 189
69 231
15 36
399 177
154 103
171 187
96 348
410 238
74 418
255 191
107 4
259 38
341 67
339 240
140 342
186 40
252 448
224 374
118 167
114 0
484 297
24 399
267 18
120 244
70 390
445 433
159 76
148 417
437 180
248 298
387 245
273 420
485 88
47 336
494 192
211 267
115 75
311 44
483 302
368 370
221 237
155 285
454 357
408 73
334 54
390 406
258 164
423 301
235 473
398 470
185 30
295 317
95 350
292 133
135 189
203 159
17 171
189 297
463 353
204 300
304 445
375 238
383 273
89 137
337 81
54 315
67 381
161 365
59 141
318 201
171 333
251 214
373 276
45 54
243 150
179 39
333 372
175 416
267 317
448 160
284 31
107 225
457 217
425 267
181 267
449 169
157 390
274 361
220 30
306 70
491 187
137 8
177 489
91 13
27 0
150 417
250 291
251 280
129 200
457 326
160 119
455 32
339 323
89 58
267 488
8 405
106 322
77 217
421 121
335 479
277 439
253 116
164 65
289 136
334 393
12 186
469 291
273 148
378 34
168 92
385 39
91 470
228 424
161 185
124 457
255 434
333 97
269 215
111 199
388 444
97 386
142 42
417 79
124 393
38 165
253 256
220 113
195 292
37 237
192 9
350 202
256 217
124 36
144 378
428 115
374 437
192 74
456 362
219 147
230 210
363 401
391 318
407 36
160 190
199 377
306 380
137 31
226 341
419 59
382 91
327 494
343 29
294 170
310 331
475 89
318 487
442 141
178 146
439 345
497 390
5 144
160 59
440 261
396 234
236 406
463 258
34 29
244 420
447 37
229 115
404 322
306 262
181 88
191 57
45 217
76 424
105 433
423 293
452 170
477 53
217 40
239 387
41 403
215 61
422 488
431 360
141 467
470 478
231 481
177 192
149 300
234 231
199 296
119 201
475 228
208 162
447 488
255 212
204 406
362 281
245 91
260 433
410 66
196 135
245 103
48 383
31 451
479 423
250 83
103 143
275 18
176 270
411 377
357 268
225 194
169 212
483 12
419 123
171 490
214 178
156 35
377 211
398 356
2 275
396 256
86 59
410 312
360 39
489 334
89 77
319 262
355 495
46 263
313 32
474 462
457 322
466 261
22 497
296 79
199 446
60 418
167 244
282 482
163 491
456 495
45 419
257 355
232 136
225 411
9 273
101 100
444 129
8 23
148 233
164 243
262 404
63 282
156 213
284 160
383 122
138 473
393 49
247 416
57 236
42 164
302 326
384 120
456 433
150 280
168 436
226 155
295 458
377 87
436 238
162 128
439 16
394 102
244 59
125 297
205 409
423 391
144 208
320 369
399 473
42 69
108 187
16 157
434 196
94 176
305 32
135 493
355 369
86 186
114 177
327 464
486 175
205 126
477 226
191 387
358 91
260 306
398 358
121 61
78 369
344 483
59 228
209 231
341 415
218 13
268 120
351 362
117 363
177 445
306 74
91 5
492 398
153 322
240 356
325 147
14 329
56 115
394 185
221 119
176 360
61 482
57 324
222 408
362 335
391 216
176 330
2 186
292 247
401 178
424 397
164 362
335 327
272 80
253 397
193 51
73 361
271 10
350 499
108 303
314 141
212 289
226 329
126 314
4 339
85 112
193 101
370 214
53 315
197 424
153 29
20 39
223 445
5 486
477 73
277 253
102 219
442 64
217 465
329 216
149 0
459 303
170 333
493 271
295 144
398 9
188 450
174 430
486 460
73 133
126 468
495 28
156 70
236 86
18 356
407 404
32 452
36 349
318 51
85 9
192 23
442 319
444 494
401 101
352 384
283 479
123 459
390 433
328 387
343 449
72 166
141 93
394 45
499 307
215 18
314 242
107 151
100 251
183 416
98 50
176 304
350 82
109 166
226 299
114 54
94 248
197 408
102 251
50 136
289 463
288 258
207 171
467 383
366 243
248 407
308 120
70 391
86 136
283 442
94 349
366 302
491 130
352 249
68 355
434 406
341 85
346 400
375 431
368 314
85 272
119 450
376 450
247 53
221 0
125 413
358 261
212 227
192 233
468 411
73 149
125 176
357 445
8 215
19 451
428 341
111 302
265 273
492 80
89 9
231 106
104 419
289 360
397 209
253 251
213 59
305 55
140 152
69 346
328 385
408 208
456 455
247 386
205 411
101 348
167 469
229 105
31 134
102 487
325 261
22 411
334 97
44 132
104 136
180 200
161 319
98 209
381 411
6 213
306 467
440 312
173 458
140 81
468 8
47 1
92 340
221 439
307 205
285 270
443 103
12 245
58 442
437 381
350 102
498 447
281 370
281 408
234 247
52 262
129 351
296 225
47 438
6 79
114 152
168 433
55 226
167 95
27 467
297 248
123 149
158 448
90 16
216 106
155 415
35 80
238 384
370 0
247 232
29 455
70 6
7 403
384 425
225 108
346 462
471 410
318 311
454 497
374 457
451 33
231 211
47 425
155 196
18 217
377 492
479 410
230 222
71 384
42 119
251 485
449 300
253 197
272 455
411 158
343 119
173 203
203 465
293 266
161 194
243 493
337 361
170 247
409 251
97 486
172 84
280 75
262 405
285 207
216 237
252 180
195 117
69 254
449 369
285 124
403 499
157 454
69 480
389 370
293 62
388 461
6 110
277 465
239 85
139 314
89 102
350 452
149 378
405 176
353 465
15 72
85 145
258 464
16 76
33 363
282 276
71 131
101 288
5 190
405 178
271 224
98 45
202 408
178 152
33 82
477 493
59 129
18 351
402 79
104 43
330 307
344 209
222 168
479 432
290 223
416 431
285 177
380 178
85 100
450 423
201 320
305 401
211 423
221 118
242 237
224 25
497 163
402 28
161 420
199 253
58 268
441 302
472 186
194 165
336 258
271 409
218 171
432 386
431 171
40 10
457 192
197 201
164 435
410 473
430 282
270 491
444 222
487 434
318 260
72 334
271 331
137 382
219 467
223 466
292 196
176 467
8 234
355 184
354 175
261 24
151 25
338 84
41 217
117 267
388 265
328 64
137 9
79 481
70 283
337 423
462 150
476 162
444 184
235 7
413 36
285 289
231 121
202 70
23 322
349 212
199 307
73 326
359 203
136 436
340 356
322 305
162 122
432 242
4 272
128 75
129 137
360 177
267 76
124 361
443 455
491 385
224 418
323 437
365 489
317 190
373 151
480 385
438 384
345 12
326 215
281 151
226 209
352 29
155 180
75 409
350 3
445 6
351 179
292 301
496 483
239 354
242 88
360 31
222 290
449 275
413 474
110 128
387 305
268 247
391 151
207 133
113 232
13 95
14 171
145 79
0 438
235 477
232 179
53 197
113 138
399 322
199 345
58 320
139 21
359 493
317 459
16 236
471 350
387 330
369 1
393 190
248 313
366 52
325 183
27 208
368 460
218 52
412 428
429 359
148 370
397 164
335 54
54 471
117 459
370 308
262 62
195 0
192 374
319 438
242 169
155 292
3 77
32 175
293 13
8 155
299 60
126 223
460 271
387 253
256 235
352 342
120 343
158 56
334 243
318 277
257 115
48 39
7 407
225 289
210 460
72 80
330 345
484 388
449 61
454 181
105 242
289 63
408 19
429 124
283 425
297 311
70 171
111 143
220 7
22 282
437 29
196 492
61 142
114 109
383 14
8 349
110 499
418 131
386 148
63 152
328 437
493 254
19 280
9 37
48 208
152 143
410 404
236 487
367 418
77 164
55 341
72 182
249 68
316 313
311 367
442 296
257 417
494 203
396 59
97 401
117 140
207 393
456 119
31 53
169 264
231 219
439 468
460 1
254 379
314 346
490 61
122 89
3 20
83 11
236 376
198 328
97 297
348 496
115 449
84 378
485 226
24 475
306 237
157 406
208 401
93 225
147 140
291 63
173 122
464 396
498 57
343 445
415 213
408 407
132 192
97 199
120 37
240 238
397 379
153 123
3 496
330 252
124 412
111 37
15 70
257 106
328 482
51 360
133 55
127 16
105 323
251 376
90 4
474 424
453 188
96 200
325 140
429 234
123 345
287 396
51 27
282 159
424 269
147 114
90 345
404 46
474 105
381 491
327 18
128 208
143 317
434 467
458 454
286 448
491 254
434 121
245 419
448 339
174 456
92 217
203 429
208 343
26 489
242 377
257 275
135 449
309 276
68 395
275 283
109 195
495 87
259 161
165 406
435 188
79 340
108 96
203 98
290 88
420 12
117 406
297 457
34 356
215 469
36 300
166 413
470 471
286 118
147 459
341 282
403 3
61 31
423 374
277 453
387 428
17 300
229 373
465 221
315 93
235 495
460 169
147 487
72 150
285 154
378 336
295 85
166 404
100 131
373 288
170 365
217 360
379 272
375 124
496 375
76 51
45 269
319 436
127 64
244 306
97 168
307 470
73 21
174 313
209 363
49 161
46 333
431 388
481 317
23 444
133 336
78 57
447 434
183 66
98 496
417 486
81 74
121 479
71 355
185 348
477 489
17 434
340 194
319 264
59 423
37 449
220 333
435 105
27 217
142 400
392 388
438 444
419 399
304 38
261 110
108 89
402 162
244 490
294 46
34 102
101 77
415 123
39 284
363 294
408 315
483 178
223 38
207 96
110 35
439 491
429 467
458 375
348 464
195 287
435 146
14 237
43 218
224 96
489 434
440 418
184 317
69 87
490 257
101 112
99 277
239 306
298 197
470 53
132 42
293 136
447 331
232 469
125 104
78 494
448 135
16 383
103 31
129 17
87 160
363 18
124 1
495 55
280 375
436 450
302 94
334 47
275 180
96 3
86 91
161 37
335 57
469 187
447 372
350 313
150 463
474 455
324 117
194 325
452 379
234 246
328 248
35 105
454 432
181 13
326 399
338 229
253 355
286 140
295 66
264 411
112 379
379 425
334 184
278 430
455 258
159 264
255 302
427 62
79 104
114 491
342 321
108 22
441 482
271 393
483 40
4 370
218 306
267 398
332 323
168 8
441 123
172 460
62 263
195 132
42 433
123 37
65 469
204 404
305 15
252 344
213 150
26 421
445 235
140 112
398 232
89 349
7 24
400 139
293 437
438 167
489 98
482 474
201 75
110 357
164 303
433 81
29 280
4 335
340 262
147 67
246 441
261 87
325 418
437 51
60 4
322 339
62 279
198 471
285 127
152 17
452 55
398 199
172 65
406 415
303 0
47 86
200 489
397 401
407 6
91 403
274 497
434 153
190 30
42 158
310 87
234 440
475 460
44 420
207 224
299 74
433 473
443 161
430 98
79 438
439 482
265 454
357 402
391 487
306 176
260 125
123 14
5 232
458 44
151 31
340 144
151 74
53 165
90 136
136 396
170 13
280 354
426 104
109 342
264 342
442 115
293 133
304 149
211 147
230 307
175 232
265 112
38 285
207 166
178 466
200 32
211 48
169 497
310 288
432 9
234 6
375 290
245 37
378 421
266 381
476 135
29 319
68 373
480 338
331 463
469 414
61 481
307 412
329 483
139 32
384 362
105 283
1 309
59 146
197 122
252 487
145 182
17 372
98 325
212 116
103 133
48 425
246 48
303 289
319 259
383 423
60 191
310 446
123 273
487 96
275 11
225 397
199 132
180 195
448 334
85 222
489 167
59 38
203 457
428 492
206 362
305 443
226 340
77 381
489 417
138 330
47 163
433 489
298 60
443 155
21 180
454 387
217 288
420 290
191 220
223 146
465 230
428 290
238 369
15 374
143 281
324 440
26 180
378 59
432 65
458 498
105 305
363 53
434 52
105 120
293 352
456 166
225 164
67 399
384 150
83 282
283 151
478 401
476 491
431 49
18 185
75 182
123 121
334 14
180 442
322 425
201 411
418 397
144 317
173 88
157 394
391 335
332 361
367 463
205 410
182 394
236 453
333 96
364 22
161 282
39 10
432 438
228 451
90 274
414 415
15 174
341 336
474 7
425 1
328 484
272 312
445 485
9 90
395 64
62 413
225 202
449 350
145 442
7 326
176 95
19 100
173 117
466 86
323 387
145 275
9 483
409 1
136 466
330 311
318 24
344 338
386 236
6 435
179 254
352 392
474 458
286 187
263 209
273 264
427 349
346 240
128 120
57 273
303 65
240 42
125 374
182 400
461 284
380 208
245 278
396 487
262 479
465 245
306 108
8 344
258 478
494 25
212 153
104 180
480 363
399 499
31 170
490 236
43 140
286 356
88 247
148 48
485 83
496 133
82 86
354 494
19 89
363 10
386 152
254 319
480 230
106 240
308 453
12 9
30 479
490 371
215 68
453 90
316 36
278 216
384 66
213 227
197 169
102 466
205 164
378 173
43 174
277 226
374 278
164 499
249 293
86 278
58 239
76 236
381 173
307 156
20 1
342 3
174 314
391 144
429 363
2 483
164 126
97 177
432 384
325 196
371 15
139 216
42 173
100 12
459 375
455 390
63 255
122 226
292 389
23 487
337 87
436 49
349 149
1 322
375 77
51 238
343 399
387 8
326 132
175 320
174 235
176 190
477 286
221 458
241 273
292 140
407 222
174 132
348 462
321 93
296 344
293 35
279 269
23 262
270 18
346 35
487 86
233 99
54 116
340 107
256 204
385 4
160 466
41 440
88 352
404 323
110 291
441 144
265 177
74 481
361 362
105 142
106 204
160 116
4 63
337 137
376 393
276 330
184 234
67 54
36 51
76 181
225 9
63 146
224 142
411 362
170 298
21 13
36 289
359 31
47 420
483 131
299 499
186 463
266 175
438 248
263 170
132 16
499 54
424 364
115 452
284 334
105 348
398 452
237 251
358 380
387 403
262 158
331 442
493 198
487 234
445 118
318 481
358 1
220 400
329 168
98 61
425 233
57 360
263 373
101 256
469 263
260 57
430 120
332 170
345 427
432 498
229 173
111 201
104 63
117 453
477 265
148 306
324 392
341 77
480 138
315 182
239 349
119 496
112 189
248 277
294 453
293 5
121 234
360 349
100 443
162 84
93 319
490 305
473 58
221 354
204 455
30 5
335 402
309 233
446 203
46 134
214 287
191 4
470 473
463 458
367 143
138 416
102 370
389 244
245 396
274 443
371 216
430 288
371 57
249 260
412 224
246 63
472 145
496 29
183 242
211 314
492 120
2 38
341 294
380 210
91 315
436 51
373 120
400 280
313 394
64 150
130 493
175 119
490 432
401 145
65 181
83 56
433 41
247 358
180 314
50 431
320 188
223 331
165 99
394 62
337 452
424 348
171 51
265 330
435 241
157 341
60 498
366 290
375 9
340 225
66 321
147 351
106 100
379 68
111 234
397 356
451 366
87 251
324 493
245 120
56 177
104 489
422 168
322 439
467 110
72 234
204 417
348 375
462 449
104 240
378 425
182 160
241 183
190 162
284 193
258 457
456 190
170 2
108 423
219 185
38 141
72 97
176 45
247 39
214 414
235 77
447 185
77 90
440 284
128 329
180 182
465 216
83 449
352 6
235 460
40 121
150 25
204 133
148 215
161 411
304 415
2 60
484 349
428 44
451 287
136 281
101 19
19 475
335 11
177 302
139 74
373 231
20 123
22 465
11 299
23 319
261 113
341 452
49 149
52 271
207 36
433 315
248 420
102 289
339 377
350 210
473 134
143 221
178 175
207 4
137 462
162 179
462 405
80 170
298 68
79 237
128 412
100 397
12 71
134 173
490 263
137 406
349 55
499 417
362 171
388 61
218 464
440 44
427 176
23 109
318 278
476 344
399 213
109 17
370 100
134 140
57 299
361 52
290 430
337 11
374 85
38 274
479 222
100 121
276 218
208 143
183 63
299 441
266 187
21 355
210 360
335 296
457 27
111 443
288 37
242 177
184 196
64 422
51 452
228 137
290 423
55 439
261 22
56 42
256 202
438 87
141 80
90 124
14 381
238 337
369 48
430 68
471 300
334 396
412 74
49 88
357 5
405 27
436 438
152 229
489 44
363 99
61 368
279 133
287 423
434 386
215 244
315 119
352 67
394 302
199 24
168 22
25 14
69 302
28 487
15 184
231 264
478 414
319 463
112 449
204 264
469 478
432 52
462 142
346 343
305 17
175 174
433 149
285 260
355 192
306 314
319 470
288 284
449 221
384 234
331 468
88 436
122 316
183 323
426 136
233 329
27 64
8 218
410 67
108 447
240 182
475 488
319 467
472 437
215 27
239 285
342 193
307 22
454 104
26 118
196 264
300 25
493 354
366 31
481 228
58 398
243 460
342 246
323 423
10 421
332 155
106 308
331 472
34 7
233 344
191 442
429 316
386 37
257 294
169 407
386 498
467 168
124 89
162 255
214 429
415 297
459 115
328 212
492 249
484 455
349 86
472 363
436 153
138 446
178 76
30 129
110 369
468 479
213 294
286 452
260 495
299 322
193 199
395 470
399 39
342 288
446 70
485 38
464 299
372 113
155 320
482 309
288 34
1 333
401 146
334 286
360 60
351 225
259 398
180 58
132 127
387 141
44 228
286 468
472 47
137 164
472 382
162 92
258 366
375 170
90 376
149 46
65 353
109 105
143 232
428 485
322 382
341 92
284 73
328 105
440 127
443 56
116 435
234 149
231 370
51 105
419 298
144 108
39 154
243 429
438 132
171 485
276 188
175 276
30 221
277 292
95 385
284 43
16 178
171 180
163 6
449 16
160 273
232 112
240 239
220 381
33 108
415 209
137 390
440 239
153 257
19 57
431 406
258 87
193 321
351 143
183 43
313 82
103 290
282 36
466 62
24 451
394 264
245 16
453 484
257 342
359 64
149 97
88 223
491 404
297 268
377 284
175 167
314 178
322 77
151 120
355 83
101 35
200 453
206 91
159 439
200 221
486 25
489 460
196 48
129 250
316 443
481 332
309 368
459 438
267 135
8 94
437 315
407 197
39 306
439 427
477 209
352 296
58 418
198 40
412 360
130 271
325 255
367 88
48 141
99 339
15 188
69 406
6 491
101 225
386 321
67 475
464 461
462 243
332 87
40 162
17 400
0 289
338 74
382 393
476 64
216 137
305 362
287 455
170 311
76 169
219 128
434 498
162 152
359 191
32 287
6 82
489 205
101 350
8 27
82 162
185 237
154 113
314 321
408 273
92 468
212 420
388 354
126 196
428 106
232 479
319 18
233 319
170 495
356 101
410 438
465 499
388 151
13 157
463 203
148 93
306 450
495 263
17 141
73 273
402 465
263 238
463 488
67 392
216 190
250 299
288 125
212 460
157 291
167 172
466 407
139 245
324 140
387 497
447 14
381 318
28 172
66 4
437 440
497 431
453 185
182 393
264 300
495 250
401 293
221 415
414 390
350 18
199 144
77 146
17 491
421 101
229 186
109 216
70 373
264 327
439 388
275 250
414 311
111 406
105 485
150 459
171 366
424 398
338 139
22 459
462 65
43 439
150 187
247 340
93 352
141 231
162 25
464 334
474 33
464 199
265 42
5 281
209 167
385 453
263 497
375 3
135 127
123 19
450 2
394 105
6 252
384 83
31 46
318 397
103 105
332 232
321 160
461 192
13 185
231 147
197 183
131 407
48 58
321 138
168 112
225 461
369 137
171 92
29 299
399 453
53 63
445 32
82 333
31 253
136 428
145 439
125 134
119 240
418 272
470 78
139 348
94 427
5 287
5 93
136 432
16 155
233 54
341 221
309 170
200 369
127 437
247 208
460 427
345 319
7 341
342 165
396 65
174 428
192 60
481 267
94 335
229 382
60 40
355 94
86 220
330 253
108 481
291 198
71 338
321 422
4 215
476 8
235 121
74 234
494 272
470 252
329 117
217 419
125 3
356 41
489 217
267 224
276 352
179 453
465 327
278 362
241 281
46 255
146 34
238 486
297 399
99 128
241 343
429 9
23 330
487 238
391 271
154 122
320 404
346 385
76 317
459 318
110 153
77 295
90 246
309 461
475 340
463 280
325 298
473 54
237 255
211 261
311 182
174 87
33 258
108 240
140 208
39 408
332 267
227 157
392 30
305 272
162 140
211 495
387 345
160 196
292 401
409 474
392 469
309 408
407 235
139 231
489 169
225 60
206 242
443 428
483 398
102 52
87 407
484 493
57 134
93 77
170 96
96 149
43 462
116 172
287 407
130 60
68 297
488 351
335 185
463 151
355 9
295 449
495 357
283 210
218 107
384 230
439 33
19 474
242 458
63 1
83 143
490 466
493 52
438 376
242 68
387 225
172 464
165 237
70 340
473 207
126 327
406 7
379 211
444 268
202 101
1 85
416 191
438 360
348 215
226 423
224 475
203 425
470 464
486 318
26 278
350 468
223 71
163 233
135 265
496 14
209 427
144 393
38 479
138 18
297 227
147 62
388 9
494 303
278 78
414 409
163 336
316 479
434 36
389 46
176 233
161 13
422 22
96 241
3 463
442 9
318 435
322 94
89 429
337 278
7 381
412 248
72 464
146 286
116 42
205 79
63 465
170 148
306 76
404 208
355 328
320 145
288 8
305 163
292 331
70 91
6 181
202 486
50 197
51 269
380 147
332 284
313 441
211 175
94 444
52 41
132 335
329 478
110 213
323 10
390 276
385 24
284 240
303 275
143 20
178 33
359 227
290 150
39 345
129 375
40 114
329 72
440 174
366 496
154 293
323 36
423 117
318 116
410 206
246 122
39 255
444 428
294 387
84 177
310 103
124 327
377 185
38 119
454 203
83 455
348 347
206 144
34 443
149 85
217 51
94 197
393 218
68 335
44 441
8 144
458 348
166 340
86 231
277 73
35 404
299 160
370 465
56 385
335 322
155 488
88 2
221 139
155 277
271 81
169 339
218 144
437 241
175 378
283 483
55 471
404 255
90 164
396 488
452 122
37 51
157 342
449 258
180 395
9 217
44 283
195 493
52 363
161 407
242 301
30 258
464 227
80 242
333 31
238 276
376 298
313 311
397 297
94 215
295 119
227 261
211 247
33 383
404 21
96 303
287 237
120 79
448 240
294 86
364 407
145 406
195 139
347 241
477 371
138 341
203 282
409 135
304 26
241 286
119 225
451 38
388 456
61 344
121 480
485 303
190 259
281 221
44 290
178 145
110 116
13 142
399 212
210 17
253 174
114 59
394 53
424 161
227 151
491 461
364 114
451 419
240 224
366 442
113 448
79 480
59 385
270 50
470 401
307 81
279 94
179 444
179 468
139 426
149 129
122 239
101 62
116 352
378 491
413 420
278 358
493 145
97 29
343 45
67 42
79 401
349 321
42 375
339 474
248 499
138 2
383 82
436 260
16 420
39 15
162 3
448 23
48 88
344 472
127 268
251 236
298 140
250 26
217 269
108 217
381 39
300 380
144 171
135 327
463 1
86 289
383 151
109 341
414 31
104 423
220 304
408 260
355 391
266 304
482 229
210 482
403 377
373 86
261 235
228 321
171 141
84 434
87 233
405 265
75 428
210 199
317 275
335 144
29 216
438 266
127 261
472 116
191 184
432 222
466 303
203 447
55 325
285 411
289 476
356 153
196 319
62 151
177 491
401 182
241 34
448 101
368 237
390 126
364 391
455 14
81 82
300 172
327 118
117 145
356 196
286 201
317 57
157 456
216 49
426 387
384 445
210 306
444 43
11 104
297 111
154 225
489 40
252 122
487 351
451 352
12 324
473 86
104 101
35 434
317 178
19 360
53 137
242 358
198 222
383 417
140 25
386 138
191 372
355 375
339 456
49 321
399 311
415 335
179 323
118 72
178 307
141 10
434 146
253 280
357 101
144 498
258 414
322 361
268 428
219 110
444 382
196 455
76 426
33 287
484 85
414 231
11 315
279 353
44 488
232 3
402 73
414 338
220 143
81 185
94 235
448 320
313 263
396 87
391 213
68 66
8 78
246 290
147 163
131 366
305 327
269 336
200 40
70 349
40 287
483 309
75 430
351 353
196 272
28 460
181 211
247 327
32 151
254 484
420 245
286 134
441 5
2 86
50 166
191 322
204 209
84 427
371 448
175 369
412 119
73 392
22 358
414 113
245 379
17 438
265 168
442 424
157 152
30 76
455 6
253 104
186 364
461 380
239 134
298 13
14 336
428 152
5 310
153 28
125 26
118 198
271 468
190 50
39 193
174 240
413 213
448 42
106 358
30 409
476 420
323 284
405 17
152 84
342 50
307 340
147 166
491 445
126 186
187 432
221 275
219 478
198 405
80 434
485 225
43 220
84 435
6 374
471 226
372 119
315 386
237 454
373 350
146 132
294 198
34 263
273 156
123 57
71 146
130 6
430 210
308 165
200 265
285 425
30 411
430 80
184 462
350 78
48 337
412 369
337 156
367 101
105 449
60 260
145 354
185 169
174 170
133 121
63 304
347 288
386 309
472 260
421 353
236 283
419 125
425 256
370 412
6 364
116 141
379 372
383 232
63 443
410 430
216 438
56 187
180 213
414 19
412 120
24 317
307 59
139 196
401 462
140 328
335 359
271 353
374 34
89 352
87 375
308 291
432 88
453 474
280 456
79 463
225 369
383 39
468 46
114 176
392 366
225 432
499 226
6 136
82 329
414 384
408 212
351 327
316 104
32 487
499 426
67 212
163 139
325 466
446 398
268 71
137 309
343 187
99 90
454 108
66 13
190 101
118 252
389 104
180 193
440 316
310 377
275 8
281 264
496 215
197 110
497 205
494 4
227 370
117 367
484 112
420 356
396 186
161 348
164 260
116 18
446 156
339 345
259 412
439 193
200 312
440 102
442 471
390 314
144 127
333 194
279 13
390 328
287 386
154 196
392 191
113 245
236 369
499 254
411 119
452 442
53 188
420 198
228 469
395 2
67 192
440 67
126 220
462 412
418 119
1 388
262 51
393 145
64 66
145 420
267 69
445 60
298 127
145 66
356 80
392 186
358 456
168 438
375 479
36 492
86 125
315 328
366 78
381 302
355 393
263 118
467 368
284 455
484 12
83 249
389 245
353 30
364 349
427 234
34 371
320 364
54 9
342 143
121 425
263 264
15 31
158 296
3 121
174 179
43 194
403 432
328 8
323 324
432 404
51 357
403 36
222 53
362 51
330 401
421 490
328 115
18 269
409 166
149 282
206 221
91 336
87 480
95 419
204 461
103 436
105 137
281 287
275 408
399 304
83 298
10 56
162 237
416 147
30 423
145 433
431 36
184 152
249 134
478 121
51 347
35 342
23 150
9 482
48 201
230 361
340 219
181 234
83 303
277 195
362 260
439 455
20 36
391 80
404 246
330 222
337 265
456 44
451 242
4 488
244 122
399 171
310 427
259 336
214 90
490 366
90 347
285 211
316 258
291 249
405 329
380 338
187 316
195 169
271 88
479 94
6 171
29 114
122 248
304 286
200 374
383 446
299 438
342 142
418 3
248 474
323 195
498 392
122 474
123 169
204 485
6 129
421 76
345 496
71 354
366 49
322 28
62 150
357 56
41 34
447 235
393 345
321 348
179 103
384 112
265 414
418 267
470 115
254 19
81 389
196 212
183 204
65 13
281 85
424 370
78 261
242 326
232 394
63 45
217 238
496 339
133 283
288 317
421 211
189 279
297 200
468 421
260 248
156 103
128 174
387 342
393 468
422 339
85 261
324 239
386 71
232 36
94 342
366 297
376 427
243 173
189 352
35 478
18 29
479 165
205 335
455 21
287 492
57 167
334 49
15 33
305 480
120 100
374 474
151 58
259 233
337 26
104 469
239 28
420 257
405 254
11 418
318 96
164 79
166 428
443 456
220 82
499 180
145 150
324 290
177 358
318 320
253 25
369 69
179 265
252 449
91 235
49 50
250 273
115 66
496 131
273 418
197 106
86 403
210 290
43 26
481 368
485 146
346 260
456 17
492 446
324 161
440 496
447 360
371 330
61 217
81 486
241 210
196 28
369 497
79 44
459 66
260 469
244 54
263 218
208 195
146 194
368 102
45 216
276 315
207 348
384 447
442 161
370 259
118 268
468 317
374 498
490 258
391 403
271 349
199 42
348 130
461 49
340 140
395 242
434 68
322 67
62 223
355 58
402 68
120 29
102 93
36 160
302 371
33 133
44 38
233 436
275 425
213 174
378 14
67 75
353 248
136 399
333 447
496 58
460 393
49 123
471 324
423 21
460 153
429 169
35 309
182 38
499 50
441 213
99 1
29 223
462 37
2 478
222 121
240 92
308 9
69 23
148 36
29 306
371 91
45 36
233 481
270 205
264 259
308 139
418 457
31 129
128 436
310 341
420 137
439 323
418 200
342 171
62 311
44 277
68 312
314 167
3 384
17 259
301 451
45 184
416 355
404 416
267 397
480 235
350 108
76 24
478 126
476 454
21 314
420 81
290 303
70 343
204 231
486 191
486 234
142 266
11 420
491 212
397 474
219 6
51 287
415 111
266 220
396 167
126 150
145 325
357 152
496 413
61 73
365 482
321 313
33 97
34 202
138 144
492 291
78 327
20 328
137 259
442 317
52 81
497 17
167 226
5 470
258 27
63 76
346 449
282 81
477 83
486 127
121 423
49 410
40 231
308 25
23 26
83 329
359 218
338 454
446 68
392 436
438 261
24 198
217 232
277 262
365 303
211 5
353 138
116 127
265 157
289 232
263 448
325 165
282 283
420 58
357 123
461 495
145 224
93 69
87 84
171 372
31 367
338 419
253 19
219 84
194 222
374 133
486 370
59 240
455 227
425 110
301 13
103 172
214 170
416 420
340 182
479 372
344 157
157 83
459 182
228 131
411 455
228 334
156 319
100 290
78 238
371 349
47 50
409 109
351 465
88 449
352 372
326 199
117 342
275 357
412 51
310 330
302 273
30 424
126 53
243 171
432 344
339 78
48 130
159 126
42 329
52 412
318 484
19 261
118 54
12 299
396 173
128 299
272 15
174 336
77 365
50 1
55 258
218 373
493 308
233 180
357 443
439 69
137 13
167 328
302 53
145 106
483 369
81 184
109 200
95 485
234 398
379 321
367 116
336 78
321 268
86 394
37 212
71 200
192 186
26 276
379 357
86 352
0 102
167 473
407 386
431 113
92 461
85 378
410 150
184 398
258 320
316 177
187 309
145 471
112 252
314 31
322 42
277 181
4 313
64 447
270 1
477 483
290 24
307 381
470 116
147 223
232 290
196 334
491 158
105 291
280 14
94 179
482 493
56 150
267 46
12 134
366 425
5 451
94 113
117 447
107 60
143 145
103 243
229 154
433 482
98 451
10 428
255 150
209 125
393 405
446 234
100 227
2 297
190 125
294 428
261 337
107 26
102 170
163 205
67 402
226 438
333 335
86 371
131 281
368 296
185 325
27 17
301 247
269 86
33 23
54 371
243 239
351 67
73 192
271 489
186 283
17 352
140 415
49 96
320 278
424 165
307 240
330 362
306 249
481 106
217 390
204 429
69 129
443 417
408 249
5 397
470 202
49 8
252 83
68 91
94 319
421 335
371 473
342 79
293 455
295 6
6 67
115 161
344 389
342 10
93 123
360 92
57 315
135 227
224 171
146 28
180 129
498 368
95 478
65 74
372 397
145 302
418 122
85 218
63 74
473 461
439 231
418 69
424 158
104 26
246 480
227 292
382 417
389 216
374 48
116 304
449 268
439 251
38 84
169 404
331 111
47 346
3 260
368 377
176 318
304 261
353 58
181 443
325 401
265 137
184 33
308 45
296 453
394 360
435 53
172 120
278 255
499 340
356 72
462 187
123 351
412 316
96 191
19 436
35 206
113 255
280 130
332 216
235 229
16 227
102 232
68 433
239 103
308 474
422 319
439 418
2 115
48 98
154 156
403 20
43 224
76 198
476 493
400 498
105 177
185 262
220 41
318 434
139 137
374 306
395 217
319 450
330 143
161 66
424 394
261 204
247 436
131 127
267 212
147 113
130 127
358 165
125 429
351 257
390 461
348 232
194 347
420 440
147 435
3 426
150 36
235 173
41 462
445 371
23 131
397 2
48 223
53 396
341 94
474 186
152 10
188 321
41 121
378 241
230 196
289 280
110 324
251 458
105 91
298 244
122 269
331 226
329 53
394 149
186 140
493 478
366 413
43 97
187 119
281 87
102 378
437 149
81 217
297 103
14 354
61 295
333 495
301 351
488 295
455 440
232 204
161 390
207 403
373 127
107 351
349 499
144 425
254 188
281 70
214 135
460 74
113 239
421 370
374 287
43 189
232 157
105 290
177 274
147 238
174 417
42 129
331 170
93 302
319 407
145 45
204 362
58 295
157 209
411 486
402 429
425 295
397 177
140 64
271 83
193 300
477 232
271 295
481 32
185 471
425 361
231 102
54 379
241 268
398 286
52 298
47 29
419 363
368 441
244 177
340 162
34 285
357 395
111 380
53 479
332 235
275 129
23 158
210 252
283 25
250 468
355 86
210 231
375 22
423 451
422 158
97 347
141 313
97 298
25 328
69 475
23 310
77 173
81 458
273 46
101 122
340 183
442 204
373 215
236 457
477 70
441 159
216 188
377 301
167 117
365 376
75 321
163 499
408 335
210 149
256 229
67 407
490 278
141 217
192 381
450 359
437 268
169 324
407 307
70 160
250 460
103 28
442 413
129 20
278 95
99 371
433 220
400 292
143 178
477 481
210 166
414 166
443 228
440 54
429 301
262 253
218 195
104 347
222 41
452 97
376 1
342 163
81 308
268 85
251 132
58 217
3 233
280 161
359 221
425 229
461 22
211 428
87 372
276 262
216 447
126 279
415 194
327 415
80 58
352 474
261 469
395 224
237 265
313 126
289 477
477 400
112 288
286 380
438 381
227 474
398 384
415 369
301 407
349 260
329 79
248 29
24 112
356 451
31 192
48 410
368 8
401 319
20 107
14 219
272 98
18 118
255 170
13 327
249 153
73 393
139 276
418 229
360 388
202 306
241 291
279 88
423 455
317 277
245 28
168 197
165 89
349 493
115 380
5 199
497 381
328 395
493 497
259 3
282 182
160 397
497 160
337 150
415 64
340 342
391 27
347 319
44 31
393 431
272 451
268 171
49 283
223 132
201 81
125 24
454 480
276 160
104 174
59 224
319 425
173 124
39 271
15 244
11 147
67 187
297 308
67 471
357 190
171 246
310 410
11 121
268 323
399 1
184 453
489 127
226 404
355 120
368 166
415 359
42 442
313 28
471 473
227 103
201 108
247 227
180 286
213 448
433 130
55 223
293 120
318 143
317 67
486 277
189 168
114 200
265 485
12 119
351 290
39 75
341 120
335 88
309 183
227 129
105 454
458 311
408 252
346 434
412 452
38 473
9 414
265 321
328 41
492 51
222 399
35 121
386 284
475 20
126 51
404 373
358 196
155 52
312 54
343 295
154 203
223 167
460 412
418 128
335 477
328 113
477 277
453 469
230 328
388 39
122 7
397 332
304 406
0 325
377 186
377 146
39 91
98 281
391 33
275 231
119 21
458 182
328 171
351 117
192 87
293 8
329 137
446 84
235 383
55 286
329 222
233 175
201 15
328 216
95 123
90 495
48 429
435 139
381 498
376 383
271 204
230 15
436 86
290 444
430 442
226 466
149 138
59 55
489 250
484 150
213 164
239 38
355 152
134 64
372 82
400 309
199 252
143 408
198 483
189 241
434 42
190 426
43 37
37 52
320 467
472 149
347 295
180 11
270 180
467 303
226 86
412 199
226 348
464 28
431 236
419 294
379 363
481 458
414 54
446 204
19 299
393 314
170 50
329 176
250 303
44 374
29 335
291 113
323 118
353 156
240 198
329 150
316 174
113 260
327 235
230 416
217 334
444 417
417 62
56 364
330 303
485 50
34 40
455 249
199 124
466 239
451 64
382 312
288 189
223 364
391 270
408 423
478 360
377 247
449 479
243 377
133 413
108 114
259 305
146 400
177 256
248 61
84 312
177 70
420 84
57 240
481 290
392 7
284 435
20 413
295 197
54 410
186 8
485 365
440 457
484 3
226 46
234 228
216 485
363 233
263 281
114 208
89 105
426 87
76 137
193 264
331 344
310 449
184 457
443 332
383 156
133 34
484 374
197 269
247 249
59 27
143 89
474 471
441 497
284 499
422 463
106 485
182 295
408 471
312 17
236 318
343 316
316 34
48 342
337 91
424 2
336 487
386 211
296 38
90 63
345 458
441 77
251 421
435 460
26 365
268 162
168 302
167 34
397 63
22 400
152 350
225 155
191 168
294 488
41 363
487 123
449 450
114 190
316 213
374 257
451 237
92 390
143 4
468 470
152 260
364 249
283 54
497 320
377 201
285 446
44 125
35 285
133 475
277 0
56 381
485 152
306 131
0 68
360 368
287 312
393 436
395 33
2 193
139 432
242 198
20 254
359 84
46 303
279 301
373 189
392 330
348 300
229 461
312 205
82 448
293 192
170 168
199 98
103 478
353 17
195 460
279 329
126 332
411 14
386 260
440 165
26 63
212 250
338 302
450 110
432 410
175 361
78 360
27 220
423 18
97 201
136 199
359 290
371 196
177 182
265 440
429 497
239 123
425 131
90 465
454 194
261 74
499 484
477 228
238 205
329 332
455 413
172 256
330 136
447 328
335 31
369 177
405 385
200 240
467 301
339 232
484 183
282 170
53 261
350 359
331 318
316 86
389 58
87 298
279 77
277 387
44 13
367 443
139 23
299 413
116 121
228 341
101 282
244 40
392 222
205 436
32 185
109 33
336 320
424 193
188 139
452 362
167 433
463 187
48 380
2 331
242 493
166 390
444 3
83 76
129 359
27 451
189 33
465 122
85 264
85 135
345 475
184 227
13 35
34 128
172 130
460 453
394 48
2 494
116 100
53 96
240 216
93 54
226 41
301 0
378 40
306 92
290 119
333 346
109 438
243 418
132 414
102 243
29 341
393 154
461 6
30 165
167 116
130 204
81 408
100 342
73 355
10 133
487 230
299 224
232 158
55 178
492 132
120 490
393 83
378 473
256 75
476 455
74 300
465 121
142 201
190 25
165 288
236 176
217 324
469 199
218 111
187 78
486 59
468 266
123 190
490 357
316 237
242 151
364 158
425 105
457 143
232 119
315 241
256 88
65 152
230 18
426 214
81 299
341 457
462 96
142 165
57 190
63 93
35 361
451 322
94 201
466 345
156 223
430 334
428 293
310 465
103 435
482 191
284 47
393 223
11 452
15 147
156 414
209 494
102 479
43 130
61 17
214 470
205 477
337 348
208 277
221 193
58 440
360 49
287 358
187 283
474 301
108 387
20 205
308 400
362 354
57 370
287 92
162 405
48 392
142 364
83 90
27 332
338 279
463 467
348 365
104 255
6 268
197 173
66 109
224 364
130 417
348 419
197 237
92 297
432 193
56 257
485 342
350 377
163 359
185 423
133 434
298 409
122 212
254 118
292 335
327 496
487 456
486 274
225 258
270 20
180 380
246 36
253 288
302 125
409 242
324 188
242 417
239 412
129 464
149 491
356 292
251 342
332 448
451 207
474 447
282 367
319 308
497 329
80 398
344 316
462 160
439 198
132 478
489 273
435 376
352 9
9 325
194 447
133 43
82 255
170 286
23 259
39 462
52 443
333 140
311 34
430 207
61 44
181 312
223 238
487 106
57 264
39 120
147 462
444 425
190 167
411 366
347 86
7 248
352 341
269 484
455 240
222 391
485 305
390 76
132 136
334 296
11 462
37 430
411 59
459 477
164 344
377 25
283 412
48 311
220 28
83 18
433 484
283 455
75 221
264 335
438 122
4 468
321 37
404 71
350 229
237 145
156 473
302 453
445 173
85 164
312 246
106 345
388 455
71 407
316 188
316 76
124 20
34 182
351 296
83 441
361 207
204 167
7 343
346 325
411 95
469 460
271 248
46 274
142 264
446 412
258 236
296 325
109 95
206 12
356 499
36 381
85 79
375 34
234 493
59 87
1 142
359 105
459 328
114 85
115 41
391 199
226 384
374 101
47 443
406 402
495 112
82 441
490 492
445 186
236 274
246 304
0 172
407 74
417 393
111 91
352 176
86 437
103 343
407 438
222 326
323 321
253 2
80 495
219 226
49 446
10 370
81 54
369 375
158 104
19 35
260 272
322 223
55 460
158 283
49 433
470 300
344 182
476 393
56 7
83 347
286 100
269 384
281 185
97 345
304 165
382 48
411 164
297 378
111 456
217 327
45 468
189 55
342 344
248 4
108 392
54 105
46 171
77 94
418 158
347 44
11 216
314 29
27 454
451 252
467 332
31 478
490 381
371 95
210 229
3 70
156 137
438 31
468 197
17 1
163 111
197 49
16 189
223 340
365 103
405 426
286 40
215 280
63 492
413 177
444 391
127 213
198 446
420 222
180 224
319 160
411 132
107 64
401 318
173 212
260 138
193 262
235 417
36 203
163 3
317 99
61 156
64 322
359 206
274 320
76 162
129 148
154 1
332 334
380 473
104 146
270 43
453 410
49 127
389 434
156 54
247 350
292 365
28 413
124 317
82 242
42 465
90 322
296 254
308 403
159 8
21 82
448 441
219 170
139 116
388 71
231 126
107 329
124 266
191 211
481 56
102 61
18 33
252 291
488 249
345 317
116 247
131 468
209 386
93 364
68 219
162 366
164 106
97 488
373 66
282 284
346 453
476 392
351 368
346 134
278 449
423 65
349 304
477 221
381 94
453 136
445 240
312 254
351 365
84 292
268 445
232 486
382 93
137 63
406 68
54 139
425 290
484 128
301 388
141 160
193 214
398 443
12 275
17 420
357 287
300 7
95 465
106 89
398 370
359 304
220 421
61 225
499 490
247 4
196 357
373 436
222 304
164 338
268 80
15 23
201 33
141 494
430 497
176 393
325 227
65 294
394 494
435 450
191 425
115 184
94 45
485 424
185 164
467 22
55 128
449 488
284 432
177 118
141 297
56 441
434 441
395 57
266 387
287 277
494 289
311 247
275 147
115 342
69 210
107 272
373 354
38 322
142 367
486 69
144 165
86 108
16 145
130 93
361 5
462 31
315 196
206 339
463 438
262 67
482 473
54 464
69 331
137 444
448 266
216 496
35 384
458 27
205 16
83 254
328 164
396 353
292 316
184 292
224 419
269 251
309 50
397 306
155 210
494 273
416 357
124 233
83 480
24 78
137 286
296 386
341 418
11 298
419 491
174 25
56 401
84 496
410 112
286 20
431 85
71 228
19 319
243 235
352 92
420 284
269 79
54 369
85 221
119 82
311 95
1 295
289 423
194 61
301 443
110 242
430 340
29 208
385 6
57 203
126 151
131 214
476 89
14 92
211 16
132 171
417 475
246 461
33 166
185 387
177 228
276 256
279 80
72 195
229 498
186 106
175 115
137 446
374 335
401 165
104 138
221 32
358 220
179 459
163 464
392 189
188 360
9 438
56 64
80 281
235 294
138 92
359 366
66 470
307 268
406 451
298 282
400 442
421 170
252 362
71 346
358 225
240 369
75 222
480 57
214 391
334 477
85 22
338 289
263 260
12 48
210 279
127 470
305 60
190 173
10 487
183 394
391 333
495 30
44 432
1 182
477 203
242 149
493 378
261 18
59 247
241 461
268 300
52 53
119 432
90 210
210 207
488 242
157 295
113 146
373 116
258 172
427 295
419 49
270 426
490 301
229 369
417 31
350 356
103 358
96 67
313 492
472 302
301 399
257 269
455 31
404 77
45 127
173 475
239 305
96 276
457 230
106 383
26 290
434 98
173 391
182 96
305 59
213 460
491 14
84 233
423 497
142 292
398 164
203 202
271 209
471 425
225 26
289 48
269 246
431 246
394 18
357 403
45 474
308 344
67 144
349 253
452 187
130 161
74 59
298 237
23 81
177 139
146 344
390 190
160 173
201 407
444 64
26 132
360 369
190 275
151 320
194 16
232 91
412 442
242 257
181 200
375 374
257 476
96 91
126 123
285 54
78 186
212 419
60 436
217 383
152 499
369 51
378 184
189 178
430 219
38 216
129 100
319 179
216 85
350 482
231 24
81 478
223 226
32 402
498 476
213 380
25 1
121 177
210 490
412 186
130 135
364 50
134 213
310 402
289 68
112 388
38 163
384 422
52 176
363 425
459 442
434 201
490 39
399 54
43 155
443 309
191 182
164 120
329 1
405 136
20 477
248 318
294 283
49 358
156 232
109 183
463 197
437 155
414 172
110 287
156 448
389 363
70 304
498 167
446 195
437 146
136 2
371 1
28 261
437 401
19 171
286 117
387 300
352 108
21 393
179 16
360 193
288 355
237 284
416 472
308 355
428 154
149 333
102 288
284 224
369 199
342 197
201 52
287 326
435 313
301 38
407 137
39 46
117 490
289 165
12 343
311 494
362 114
181 270
148 280
473 70
344 38
398 79
243 50
150 416
436 33
35 129
23 6
16 118
20 34
143 41
179 367
24 138
92 174
117 456
61 228
108 119
429 22
24 247
415 291
188 322
360 22
76 415
423 40
49 91
77 461
208 266
272 164
463 172
119 277
467 114
271 412
276 199
173 180
101 384
18 165
468 392
307 257
158 443
341 281
188 179
64 222
222 457
424 460
42 50
331 335
380 135
157 163
106 426
181 45
126 467
289 169
317 462
36 199
131 161
467 111
49 267
31 231
498 261
112 107
411 446
1 230
498 218
373 474
172 89
245 319
94 168
407 160
130 212
316 406
284 63
359 273
214 225
444 247
331 330
80 386
400 391
361 134
204 288
182 456
87 244
351 192
344 266
105 496
19 370
427 76
360 209
243 209
396 204
149 298
270 114
342 1
282 241
257 178
233 138
363 228
136 389
496 374
106 476
195 278
14 251
3 341
55 278
97 109
487 217
335 64
459 193
483 27
322 473
110 258
244 161
136 244
30 245
182 103
383 117
289 323
458 203
88 142
309 397
312 344
250 59
382 285
141 121
322 467
375 154
378 47
419 410
67 360
4 12
120 328
481 95
449 400
122 240
67 337
380 379
400 66
460 201
479 356
163 171
55 222
245 145
349 357
106 271
0 391
323 147
374 10
367 471
389 64
70 460
166 455
118 438
378 276
133 70
421 127
223 208
437 88
142 56
12 296
458 100
96 373
135 399
396 205
174 335
374 107
149 254
430 13
269 10
288 435
314 259
11 292
270 135
11 231
421 214
77 466
325 439
493 310
163 120
130 37
394 478
29 421
119 491
81 205
401 374
468 198
470 272
204 408
258 338
473 232
393 337
348 364
37 281
352 304
497 264
159 369
147 474
115 443
320 349
460 329
181 278
345 356
370 323
135 147
120 176
281 431
235 475
420 386
258 394
353 173
397 158
136 49
385 89
275 417
78 274
360 117
442 57
177 161
208 417
314 454
211 135
297 451
0 307
379 11
455 433
56 281
353 11
268 471
262 461
318 47
11 184
70 321
53 55
139 71
314 400
11 305
272 448
353 478
463 155
185 196
343 270
58 278
125 276
400 199
446 346
413 25
128 431
413 431
24 30
328 318
149 56
356 495
384 309
232 78
404 14
291 331
415 409
302 99
29 179
398 176
341 225
429 65
391 107
441 459
118 301
401 252
173 178
179 252
144 196
124 443
220 378
93 439
299 403
146 366
354 472
237 363
213 32
95 367
177 335
439 190
480 18
472 417
261 31
487 21
235 244
418 287
89 25
193 225
13 127
307 302
154 13
470 98
6 372
142 299
342 364
304 441
70 425
311 369
310 335
436 486
495 45
393 297
15 261
237 337
241 345
325 111
351 149
249 453
261 95
144 296
328 372
12 393
432 233
484 204
42 259
172 387
259 57
467 252
95 181
176 355
212 249
53 7
188 251
78 461
440 410
190 52
37 366
294 459
330 417
168 337
310 51
257 186
208 375
186 405
146 281
367 228
65 0
94 449
441 399
201 290
190 309
275 109
125 274
109 412
365 490
419 48
102 371
49 122
285 169
360 375
344 302
401 90
477 452
401 163
357 464
122 59
288 358
334 198
205 46
454 162
414 337
489 64
204 423
410 217
371 358
281 10
318 231
188 126
236 92
289 297
102 319
428 203
114 288
385 323
423 377
77 408
209 419
29 163
443 70
457 337
298 241
348 103
99 185
363 98
69 446
118 478
95 394
385 289
287 166
259 435
65 459
44 35
230 332
259 63
282 144
123 222
38 18
71 255
95 144
167 357
26 452
439 224
208 184
347 73
211 383
357 147
202 420
291 239
237 230
151 21
118 134
346 256
264 99
266 272
323 207
80 341
490 356
382 489
169 267
203 64
70 441
369 392
55 204
279 343
434 20
456 158
116 286
83 116
268 56
131 95
352 198
354 218
327 499
487 322
37 475
119 170
25 478
304 426
330 422
72 333
467 57
130 380
394 104
190 316
332 331
163 456
457 447
312 112
384 270
337 462
438 130
174 381
297 70
261 435
47 33
12 263
453 209
455 297
202 200
361 404
179 109
294 62
254 343
151 434
297 69
202 414
425 389
1 91
312 32
116 157
185 89
278 14
56 266
498 267
24 497
86 242
333 120
321 361
406 391
486 204
192 354
290 465
228 224
273 80
292 375
153 262
265 123
338 459
229 347
246 156
133 22
375 130
268 477
64 14
225 365
90 498
142 0
253 457
68 305
451 345
222 309
54 490
26 133
440 394
267 66
9 172
21 302
399 495
259 483
26 110
304 457
110 479
338 30
277 259
221 339
362 71
10 367
307 399
96 169
225 118
108 200
148 133
150 41
475 234
395 290
310 220
31 467
159 250
359 5
452 27
45 475
2 295
160 255
22 393
105 444
389 433
141 84
384 340
25 33
77 380
80 468
216 197
467 77
385 221
67 406
346 211
193 294
339 130
484 40
14 147
383 132
181 198
336 231
63 128
242 49
139 463
71 382
188 94
25 247
303 131
329 207
436 118
144 423
334 475
87 102
211 88
231 296
224 348
83 499
51 332
164 313
485 441
350 424
411 334
22 182
98 250
424 47
121 78
25 48
86 417
370 420
311 350
169 48
421 425
241 66
52 482
98 128
466 432
307 297
157 382
292 283
382 451
158 172
76 156
168 478
240 33
393 499
164 412
424 116
229 321
240 67
287 373
446 30
8 79
442 338
215 456
408 53
326 420
201 489
486 21
335 450
0 446
172 87
282 21
419 413
450 362
320 282
309 231
445 450
472 387
116 295
84 473
319 26
337 398
307 398
336 56
357 217
381 22
200 11
29 446
335 97
4 91
66 108
397 301
75 180
195 438
5 286
144 297
346 386
293 331
418 379
68 193
476 39
406 311
78 13
109 377
341 367
368 116
327 365
118 404
201 279
480 204
409 230
291 147
474 305
79 171
201 102
51 65
93 71
169 202
