500 3400
273 401
154 248
373 188
351 460
70 301
78 405
242 196
306 312
465 166
456 268
367 94
156 270
467 116
317 357
36 289
430 335
232 71
171 191
126 379
241 168
422 94
246 173
133 205
422 8
9 187
457 119
291 354
167 94
468 392
319 301
360 344
246 111
242 490
175 35
289 297
26 440
376 341
134 287
437 307
256 306
443 476
450 128
484 154
292 84
170 372
357 485
472 205
11 241
370 29
476 421
281 137
303 95
288 431
361 22
262 273
238 164
305 482
323 252
185 301
57 382
364 139
41 257
94 187
365 303
316 353
493 451
79 360
222 261
143 6
16 452
70 288
297 363
489 6
125 376
269 290
353 201
2 309
394 421
272 229
295 184
113 330
151 147
249 463
27 377
129 395
147 489
442 36
441 36
103 61
0 198
251 418
222 262
371 176
10 153
8 297
26 343
224 475
302 75
368 351
477 224
44 421
407 313
356 240
77 482
171 119
313 375
475 315
135 366
231 213
368 248
16 162
43 213
228 193
369 330
108 310
58 363
487 464
313 379
363 493
147 404
282 66
182 462
20 128
451 231
33 394
359 300
199 106
358 464
430 101
105 200
480 21
238 412
451 108
26 188
45 481
243 320
260 30
234 248
219 256
78 172
250 99
396 397
288 85
339 361
43 455
23 137
188 50
61 127
50 273
484 169
438 394
398 428
10 314
432 139
366 338
247 350
194 17
335 70
328 457
185 246
384 306
306 134
172 206
101 370
15 57
173 166
127 271
267 361
78 206
486 464
425 134
216 429
95 88
476 273
166 83
472 56
489 57
198 22
34 307
68 481
276 209
33 26
463 232
365 24
296 422
249 221
228 305
242 54
115 88
412 486
89 268
140 142
147 481
37 106
168 142
301 210
379 173
140 152
260 412
225 43
351 414
490 389
112 390
342 234
496 290
161 99
220 45
414 312
473 353
92 89
291 312
146 490
492 140
74 96
86 38
41 498
186 212
226 345
82 188
39 254
271 426
497 43
246 202
118 426
152 100
345 168
200 197
442 196
232 170
356 58
85 109
40 287
13 242
221 56
454 434
137 5
337 26
54 211
252 243
171 227
401 165
253 291
351 317
381 108
212 247
466 285
217 26
408 108
230 462
303 240
238 395
128 91
18 96
131 134
393 369
340 38
209 273
47 233
495 419
85 474
154 389
363 343
70 141
267 334
212 259
204 66
467 176
36 139
72 88
303 387
43 44
6 153
0 184
109 301
165 373
489 370
74 490
98 389
56 361
5 329
275 124
434 225
294 494
418 147
126 461
43 18
263 270
460 423
151 8
152 196
4 336
121 94
46 89
182 427
426 80
32 149
194 460
185 183
230 39
331 345
233 423
57 9
6 79
26 424
9 33
340 404
51 107
148 456
188 389
117 86
224 66
196 61
187 324
5 421
171 461
65 161
423 171
284 453
25 54
272 495
472 275
486 313
3 317
331 334
177 399
206 268
101 343
235 349
64 76
438 208
310 196
362 438
15 405
338 345
95 460
89 485
81 31
435 132
460 461
162 286
61 223
184 106
151 112
230 459
253 319
91 38
107 377
451 373
377 420
140 356
284 60
161 343
426 202
154 336
220 318
487 54
47 7
186 253
389 102
10 73
213 274
80 387
58 233
129 46
3 7
313 234
394 133
339 451
340 266
353 148
313 395
346 458
238 104
308 347
315 426
421 139
277 387
201 362
389 304
0 164
56 246
402 65
269 428
256 496
99 171
497 293
313 71
369 360
398 201
32 357
430 355
495 422
387 201
47 441
54 184
277 30
391 39
156 182
440 17
435 497
484 441
108 194
475 375
317 64
473 312
84 138
76 434
267 192
247 477
163 190
350 193
284 7
170 85
418 55
100 385
21 336
257 221
83 143
397 172
157 257
450 228
319 166
178 443
410 490
433 86
178 370
175 380
311 15
405 496
356 145
126 33
239 106
179 170
9 5
25 15
349 189
134 54
14 99
475 482
199 289
442 100
403 455
305 99
220 323
291 32
469 27
62 367
208 319
156 221
484 267
117 150
255 355
52 480
168 497
328 342
30 442
109 364
261 342
174 404
400 193
222 214
380 309
11 283
100 292
93 153
406 334
256 411
315 165
396 289
320 220
69 261
113 434
242 495
299 440
20 82
185 336
48 447
173 147
354 323
59 147
349 210
385 174
206 430
92 117
440 362
441 35
186 100
463 67
320 329
62 299
351 291
125 482
297 321
0 397
281 183
152 248
78 276
296 155
292 120
160 413
396 265
121 233
221 339
75 262
68 156
361 12
278 312
29 105
77 20
482 287
444 185
276 490
123 297
252 180
362 286
56 309
253 245
235 445
20 226
357 318
378 451
13 250
234 139
304 386
491 155
290 332
53 172
307 497
472 430
414 128
422 299
496 4
357 142
351 344
120 246
248 112
348 445
117 356
427 86
489 21
88 231
24 1
404 23
475 301
137 125
116 324
351 250
278 323
307 53
310 434
314 289
112 119
167 86
180 244
356 201
371 66
45 110
36 2
111 202
72 403
340 481
234 325
260 321
295 271
44 20
81 383
188 320
82 178
152 29
183 360
291 190
73 3
29 268
2 249
428 384
25 297
254 112
176 61
208 486
471 311
432 12
368 122
308 11
19 376
372 197
38 224
352 49
188 475
459 61
45 91
240 274
342 480
69 447
420 498
394 27
137 347
275 55
74 300
489 313
158 430
412 205
28 264
362 246
96 91
54 263
487 449
385 455
6 89
166 487
170 478
164 100
406 75
197 108
189 458
162 156
60 160
55 152
101 327
10 467
250 293
490 42
285 430
88 421
390 184
117 359
138 335
162 101
412 331
303 53
278 55
458 9
247 306
485 420
446 280
126 71
304 393
162 299
17 36
271 404
486 318
394 161
350 14
123 479
371 446
133 486
320 287
11 52
486 79
427 495
483 176
362 397
456 432
6 497
168 352
101 293
377 75
306 243
404 186
160 10
271 47
235 386
303 439
468 60
487 411
17 204
272 161
321 474
246 125
483 232
330 175
360 76
255 460
437 421
76 260
110 406
491 233
77 255
388 442
148 272
300 194
207 350
192 228
303 183
57 305
229 174
206 246
204 35
249 396
430 464
248 434
7 83
277 126
218 192
207 364
254 425
5 424
308 414
56 120
273 200
209 479
194 340
311 354
188 232
19 331
140 314
180 144
262 411
375 407
14 35
325 281
120 177
330 42
182 17
434 179
454 247
320 400
159 132
232 169
219 347
272 169
56 153
82 321
450 416
302 140
356 303
15 83
102 205
82 8
203 1
55 454
9 307
144 161
126 378
485 212
374 119
125 234
6 241
138 392
125 360
327 162
21 117
111 451
494 316
320 476
230 228
192 75
8 202
339 364
168 371
291 211
239 186
280 496
138 1
428 287
324 232
127 351
320 143
174 164
112 309
438 128
265 376
357 425
470 1
396 411
121 130
370 149
15 138
68 229
462 483
112 80
418 49
4 156
299 339
295 115
12 217
436 90
474 148
181 466
92 4
338 32
188 406
126 91
223 53
176 313
195 110
364 459
369 318
284 228
138 218
24 402
224 238
81 19
423 492
101 365
390 462
432 38
219 404
275 341
30 385
334 197
485 158
12 370
344 411
314 437
486 199
332 407
130 445
391 301
402 76
0 274
239 452
58 370
235 96
109 442
177 472
412 43
290 103
151 220
153 114
54 26
262 266
282 69
438 475
295 239
248 352
416 200
60 22
423 456
305 112
273 252
224 372
187 470
33 354
274 263
16 467
388 456
391 160
75 497
68 257
313 309
198 124
353 391
433 492
126 424
298 221
339 165
491 477
67 287
384 294
415 239
79 494
238 166
336 289
403 491
435 197
314 107
475 231
176 347
241 191
397 382
493 472
72 384
495 245
174 497
373 131
378 456
238 0
226 412
367 356
226 386
202 418
320 109
22 65
268 418
103 357
63 284
225 411
168 473
15 351
244 273
274 381
260 491
492 442
357 300
175 336
356 295
335 493
240 497
423 131
425 297
242 138
106 224
312 127
289 166
153 3
412 49
131 352
118 5
436 407
419 446
418 309
421 25
124 477
428 260
398 131
211 124
252 317
137 234
355 32
319 464
496 305
396 139
223 2
12 380
304 199
177 57
146 237
165 52
138 390
190 42
361 124
357 128
399 302
128 98
69 255
307 63
191 289
414 257
30 17
495 135
206 153
52 33
113 124
470 392
296 413
9 361
342 126
368 358
241 261
400 247
416 286
191 424
354 71
51 16
10 329
466 178
193 182
155 336
134 128
449 336
312 455
382 155
421 14
348 266
317 384
0 133
68 80
396 244
174 165
215 153
122 38
383 381
84 258
249 258
450 227
57 109
362 115
222 217
56 215
212 205
275 33
396 197
116 308
103 217
167 415
272 343
209 54
5 69
437 285
302 2
313 214
272 32
419 365
260 409
385 225
338 428
243 312
69 347
309 158
36 344
402 495
51 134
318 33
218 452
346 425
272 74
192 62
248 258
59 184
11 236
91 400
491 187
73 289
62 256
236 155
339 462
287 377
120 296
432 457
441 405
175 496
88 69
31 22
496 490
31 139
384 65
162 360
27 448
332 345
340 234
69 107
336 56
296 470
164 29
260 124
279 381
247 421
373 307
497 370
78 27
270 16
418 235
25 66
185 429
307 13
125 415
31 278
478 233
205 136
332 176
207 452
136 334
315 193
45 378
39 128
449 202
29 157
346 168
251 332
497 381
438 386
71 134
325 489
285 182
468 55
152 192
323 351
424 238
67 295
124 19
143 288
438 499
259 173
230 193
334 268
55 60
22 99
281 252
251 38
12 26
237 460
109 457
448 242
116 191
34 386
237 20
320 266
249 330
371 389
167 83
148 93
259 437
190 372
466 487
56 39
388 138
353 23
117 489
272 24
228 246
114 289
240 270
289 267
299 204
78 16
299 300
69 303
412 164
377 242
310 97
137 102
35 131
310 142
1 254
410 438
109 124
209 439
5 294
95 444
172 133
454 473
170 266
166 223
282 142
86 387
118 176
87 97
465 182
355 113
15 320
466 365
115 149
430 281
426 489
86 210
397 112
480 223
13 344
260 162
394 266
43 14
351 93
350 376
210 10
496 202
37 120
22 461
411 75
332 256
340 268
256 443
88 154
320 189
448 307
223 334
334 443
494 445
163 80
329 243
471 121
179 58
337 455
373 127
433 454
19 66
210 477
237 360
333 2
488 64
210 34
408 23
327 131
28 127
14 101
490 481
411 243
472 423
92 267
107 423
103 416
212 400
249 355
219 350
355 337
293 228
439 483
286 180
311 48
300 224
324 244
261 494
67 178
120 404
366 399
328 227
119 383
171 430
360 463
415 174
278 86
334 492
115 343
134 278
400 74
88 354
186 462
137 253
457 77
453 330
356 193
441 430
142 69
308 488
487 211
484 345
460 98
70 38
390 481
9 0
465 46
270 318
4 155
142 21
131 392
145 85
379 436
94 235
215 77
149 33
75 230
286 143
74 310
475 319
144 395
370 369
151 55
379 212
25 332
280 315
173 28
241 87
356 16
464 262
329 96
450 230
196 422
360 144
149 30
181 22
223 345
149 134
55 248
128 154
375 123
65 374
204 213
318 105
392 294
300 176
325 210
482 452
71 117
327 190
39 174
409 21
9 457
116 322
50 381
465 175
259 205
69 91
97 156
400 104
236 453
283 395
120 341
77 73
478 374
417 493
387 420
5 493
370 349
43 297
307 190
238 191
472 463
179 472
441 438
42 281
131 150
72 98
387 416
486 402
435 82
158 313
409 219
397 203
254 235
113 334
170 382
22 325
113 368
253 236
497 375
337 21
293 168
156 493
385 353
285 37
59 90
314 348
338 387
437 473
52 470
289 458
86 129
268 428
487 113
279 40
180 3
144 173
304 475
497 231
402 238
352 234
229 347
302 154
394 211
447 343
220 34
44 380
25 457
90 94
64 93
202 18
361 432
413 109
293 311
475 120
43 428
471 44
302 476
175 371
433 278
272 345
104 135
395 399
479 472
256 478
159 169
3 491
133 110
402 134
236 459
268 410
344 144
449 237
308 403
473 110
55 365
412 21
450 269
184 98
203 410
45 497
433 314
100 321
367 9
290 453
407 360
364 338
393 431
16 94
89 120
440 364
101 405
323 402
98 417
473 45
401 308
274 251
73 173
418 304
384 434
191 346
331 337
73 469
451 249
461 311
95 439
366 73
226 497
376 171
448 409
117 471
294 314
189 80
126 129
427 350
320 443
382 356
41 122
476 470
347 217
238 18
408 430
146 276
85 110
337 471
175 138
140 420
441 269
291 357
86 244
7 193
355 405
40 197
226 8
315 387
127 298
114 199
230 244
179 140
160 435
283 350
234 7
375 396
148 264
493 452
91 244
468 200
332 474
405 209
35 263
444 144
459 196
222 492
79 461
157 419
11 64
343 102
34 419
339 12
439 248
447 182
115 132
159 24
176 478
292 124
340 332
271 294
426 408
420 324
57 431
109 387
29 93
342 103
301 189
251 487
104 438
477 443
117 61
111 63
276 368
235 49
319 406
402 203
105 405
460 405
102 134
268 482
205 467
98 17
307 103
190 79
141 324
242 304
120 333
490 484
347 43
274 229
216 253
334 245
417 425
215 152
486 246
162 498
307 261
412 307
44 181
154 173
272 187
472 245
36 351
139 45
149 264
355 159
213 455
349 44
265 319
300 411
368 71
268 390
111 25
199 278
337 201
407 195
428 355
113 0
177 94
329 485
76 100
433 184
469 29
47 311
379 225
456 68
35 388
475 177
296 326
195 290
245 170
145 36
0 78
357 64
192 132
56 466
164 314
305 64
252 56
32 270
344 93
217 99
465 355
349 449
206 442
321 346
153 460
250 33
314 340
131 412
78 103
285 463
168 77
110 387
306 416
432 340
1 143
137 94
164 14
49 278
181 361
203 104
12 70
17 391
1 235
3 43
332 476
75 140
356 47
34 7
448 80
112 131
196 22
63 21
471 228
54 151
68 36
196 204
253 106
44 160
454 239
204 110
171 66
358 350
479 6
252 154
434 379
320 179
9 233
358 237
367 186
251 403
193 492
95 124
279 183
125 44
29 249
74 405
215 121
82 169
468 113
175 306
96 369
415 301
388 221
211 449
101 236
65 157
150 366
82 51
87 104
374 460
89 162
276 86
267 80
64 453
120 145
280 242
110 170
104 197
199 326
393 28
198 305
90 135
191 430
270 417
341 75
196 95
97 183
64 47
399 466
370 467
50 495
39 79
220 107
451 469
148 207
214 206
269 247
471 102
132 309
185 242
462 60
266 213
40 155
453 115
91 288
482 190
395 454
318 372
415 317
73 110
355 244
385 273
324 252
431 298
3 37
377 386
385 146
343 216
366 100
250 245
51 47
411 218
83 355
27 12
287 498
198 245
171 280
169 173
19 46
15 266
381 347
235 410
39 248
68 210
279 358
133 234
459 453
112 120
259 372
210 230
77 175
351 224
58 387
268 209
329 280
187 249
389 88
255 375
208 265
476 104
454 257
458 236
389 47
36 475
395 26
17 7
352 282
122 495
348 336
301 489
441 488
231 311
359 437
124 191
97 234
27 176
468 169
305 85
236 154
138 213
82 23
11 463
172 134
19 271
49 487
364 433
332 385
3 385
224 354
58 301
377 110
451 46
182 314
319 476
74 169
6 223
367 235
381 241
19 52
454 491
50 304
183 219
31 348
368 44
32 459
417 310
29 372
114 455
274 239
340 337
65 85
351 44
321 227
303 483
378 87
23 53
301 292
263 141
258 50
6 348
314 447
208 276
154 477
395 464
303 215
133 58
487 79
125 177
377 258
318 15
68 206
19 150
220 201
69 383
429 256
137 470
124 4
218 139
89 396
349 254
425 382
244 149
442 60
212 308
346 193
446 324
371 127
496 467
499 324
370 475
372 464
366 89
126 96
387 101
314 234
107 30
366 95
114 424
443 87
191 308
291 11
243 32
240 168
219 343
423 29
463 461
343 122
331 37
378 37
425 42
112 319
336 483
338 492
383 299
322 125
280 474
39 415
326 437
488 203
357 8
166 159
165 113
194 142
85 46
284 99
180 334
23 259
162 21
317 134
246 402
463 359
241 375
187 318
44 489
347 463
289 463
479 263
376 441
40 71
232 140
400 165
134 495
60 76
428 275
163 494
279 52
458 303
402 50
170 454
234 212
24 178
244 121
140 39
482 485
139 457
330 411
412 172
278 476
157 443
299 51
473 265
254 36
237 40
54 76
225 8
64 194
9 124
39 323
257 264
300 346
153 463
345 439
251 380
267 30
274 428
455 488
152 436
450 262
227 15
218 21
71 146
475 115
73 49
99 101
96 456
233 62
449 63
14 135
452 34
352 266
156 26
211 271
363 355
350 68
86 456
400 38
463 437
262 215
286 272
454 115
325 203
64 197
473 268
209 409
395 495
452 132
303 194
200 333
213 57
83 280
300 80
362 311
182 258
397 83
65 222
421 331
4 419
30 59
293 383
237 342
490 100
34 304
423 215
466 9
378 71
491 199
437 286
390 90
28 212
310 293
35 273
201 459
269 368
90 200
173 404
27 309
442 455
107 340
447 407
106 259
258 247
308 154
490 385
110 393
259 25
22 344
37 33
35 199
455 133
384 468
176 216
377 438
369 55
391 144
327 462
281 229
353 247
147 103
64 455
15 486
128 376
168 480
177 422
192 259
281 285
398 280
43 100
428 42
304 323
302 138
410 131
127 455
321 461
166 199
323 154
407 346
312 409
298 58
446 462
480 101
214 444
368 193
227 467
319 390
166 3
244 225
130 352
274 45
435 344
380 166
456 369
339 373
70 194
418 99
166 73
436 288
396 337
36 443
45 339
396 229
66 214
193 161
103 146
479 476
282 275
283 146
269 111
289 296
494 378
284 223
192 135
234 189
348 409
87 166
202 214
122 74
35 165
493 346
40 402
303 93
257 8
402 397
83 406
345 343
231 495
234 379
122 448
297 361
91 451
225 54
285 220
124 494
257 161
438 370
335 404
440 123
210 265
284 221
134 497
279 294
162 171
91 88
114 444
266 122
57 126
259 143
476 159
130 91
466 48
419 154
256 372
217 269
234 441
383 406
470 181
291 136
338 183
389 338
452 3
22 161
300 175
54 101
83 334
84 467
28 191
226 245
498 299
378 270
97 246
249 484
148 364
1 336
189 74
159 489
293 223
441 264
463 345
477 387
470 202
126 278
83 463
201 218
152 454
430 185
11 163
340 142
109 447
62 357
194 129
274 322
115 440
23 215
442 194
483 228
377 61
373 359
107 58
461 137
385 386
383 97
98 271
116 499
216 440
408 467
78 11
498 49
63 383
479 240
376 4
21 386
47 169
96 412
460 76
493 163
270 443
458 45
454 148
478 1
280 436
463 391
480 106
468 190
51 454
287 486
319 159
448 493
4 449
375 356
260 365
301 266
373 291
8 487
190 200
150 8
0 332
377 400
485 451
395 9
473 275
52 444
433 30
489 209
366 236
364 473
387 247
241 297
205 476
283 207
234 220
390 489
150 33
233 213
6 457
99 312
157 452
94 303
92 327
244 7
297 415
330 326
101 53
45 214
467 377
330 235
337 465
166 256
206 244
401 272
409 401
430 209
134 356
229 330
463 169
488 253
277 213
376 355
365 36
169 289
401 426
348 428
413 354
183 82
471 439
47 362
341 182
486 30
93 233
179 150
69 148
456 430
273 405
384 33
177 63
120 166
257 303
108 335
252 349
68 24
107 400
408 159
336 65
89 118
459 446
158 230
358 258
129 499
267 409
326 428
417 7
235 357
369 464
136 473
227 83
267 17
69 393
63 220
233 202
444 127
484 411
334 19
407 297
7 316
269 246
192 108
164 443
356 346
480 401
253 306
460 120
250 369
342 479
95 122
91 159
118 411
215 124
449 109
356 420
369 267
324 84
220 250
236 391
192 260
326 435
362 425
422 142
86 146
468 10
388 180
446 93
490 158
426 205
297 428
391 401
145 81
460 259
42 392
337 212
305 98
181 454
250 270
290 235
200 235
341 14
285 440
73 319
160 161
17 340
194 326
300 220
62 81
389 366
371 383
255 434
25 233
96 308
424 301
131 263
125 92
312 233
493 424
380 340
104 191
413 334
93 442
149 295
498 116
226 65
446 344
364 71
62 24
328 482
183 411
354 22
406 497
485 96
113 408
469 117
40 213
280 403
236 163
439 48
150 12
148 404
321 398
109 78
318 62
394 7
475 129
429 175
495 204
12 388
46 135
231 240
202 32
404 420
227 484
165 97
236 254
218 431
402 113
134 101
96 269
420 258
304 388
128 155
435 252
127 196
325 443
169 175
176 132
420 296
449 270
389 462
433 324
108 128
451 452
460 453
246 432
184 279
4 245
21 266
459 167
168 364
296 281
364 395
195 174
171 220
28 360
498 228
43 234
3 60
410 60
199 453
307 193
425 14
265 221
96 391
431 470
116 493
173 110
476 451
286 141
19 78
276 419
299 240
98 472
20 472
198 390
85 204
86 397
265 154
355 338
427 371
244 302
121 179
209 303
389 479
426 48
28 435
93 286
477 214
218 259
479 185
393 88
467 142
418 426
76 236
12 115
72 356
392 400
459 490
360 169
182 104
427 483
180 105
247 80
120 62
246 239
468 251
477 264
264 379
484 162
338 15
285 24
468 375
399 284
336 278
107 495
377 6
341 219
425 122
293 376
48 32
460 248
88 90
56 2
56 220
277 217
77 431
356 255
282 456
482 63
391 46
255 219
74 260
134 205
34 294
124 193
14 196
103 386
206 169
475 179
339 32
71 299
83 239
67 88
165 262
327 453
57 105
323 460
337 285
101 257
347 467
278 342
463 137
373 264
247 431
95 424
235 68
81 459
366 108
85 116
71 433
390 292
289 239
427 335
25 414
297 58
456 275
360 266
250 478
410 389
154 179
339 316
354 445
496 249
1 483
118 375
105 212
459 41
280 108
176 134
394 125
483 86
131 121
348 429
351 51
432 144
326 424
103 176
45 124
495 183
85 326
186 444
455 89
410 454
26 199
169 14
327 124
351 75
349 362
197 138
499 10
16 100
127 284
56 77
101 29
31 56
114 490
404 455
95 98
187 464
141 484
163 492
489 175
117 351
306 417
290 175
359 112
165 228
386 433
4 142
153 106
465 157
284 194
344 321
418 384
382 474
258 406
67 344
442 101
242 430
247 367
444 62
341 211
3 387
353 182
273 349
212 335
296 385
346 107
492 346
470 174
228 299
57 63
55 475
103 112
46 478
471 476
422 351
386 146
189 153
207 63
105 112
400 310
243 467
396 483
293 52
1 28
355 110
354 414
413 292
141 61
57 315
490 299
153 21
245 453
113 95
32 141
70 23
70 274
90 447
364 156
478 464
389 45
289 225
462 256
311 490
124 400
77 395
175 293
84 353
108 34
285 229
482 273
183 359
489 220
28 0
365 308
360 179
425 267
146 419
428 342
290 484
153 92
433 60
51 192
18 487
421 278
132 140
251 53
303 103
337 187
478 321
85 361
206 74
354 242
287 127
436 355
60 116
45 244
392 250
178 106
323 297
423 234
189 262
378 132
230 272
48 240
172 299
360 249
106 122
214 267
417 126
201 42
269 390
322 36
380 245
22 167
36 177
86 43
351 69
241 232
33 44
432 286
445 359
256 201
244 112
484 129
74 162
98 421
87 278
82 43
53 135
114 55
270 386
107 321
442 436
142 90
20 171
410 90
452 488
264 325
458 466
169 305
230 392
9 332
239 189
445 253
418 327
167 284
98 475
26 252
229 36
261 382
257 198
474 394
377 125
403 21
185 103
332 53
283 155
205 424
390 191
20 377
68 375
195 155
235 99
103 198
129 388
229 196
422 136
461 389
329 2
309 231
317 19
52 207
392 317
259 30
305 249
103 111
183 204
281 67
376 476
279 334
402 201
289 337
4 438
391 31
46 1
124 121
67 319
93 422
59 428
455 302
56 348
41 244
495 450
84 347
469 93
486 426
56 52
90 141
459 30
25 407
204 65
435 0
28 484
343 369
335 329
40 118
184 361
160 404
279 414
442 104
122 20
188 17
369 4
43 480
287 243
137 70
250 8
346 412
440 179
88 0
275 20
130 471
305 364
336 286
457 436
351 183
111 211
69 429
145 84
60 484
49 320
134 381
146 399
16 295
323 27
321 424
393 246
449 220
38 201
45 316
435 335
121 173
225 376
232 460
497 4
437 471
9 428
459 366
441 69
347 388
166 67
325 313
329 218
190 274
75 474
453 165
137 110
44 348
379 481
280 477
102 97
311 94
33 485
399 185
199 430
438 7
198 336
132 287
285 392
201 200
260 140
434 305
176 221
389 187
462 278
168 12
249 309
126 20
217 84
85 78
133 348
133 56
465 477
461 193
248 95
216 21
198 95
9 373
90 271
46 319
125 21
85 77
251 474
278 32
394 353
483 79
127 99
190 82
360 42
58 235
352 211
100 421
414 381
201 151
62 201
251 264
207 277
327 442
157 474
108 351
467 340
220 494
265 434
133 462
487 71
452 27
412 422
72 429
2 264
155 251
362 420
131 238
30 12
110 92
248 5
269 345
175 50
71 418
391 59
233 164
187 398
48 217
245 455
204 43
307 399
125 76
186 11
286 129
230 233
160 175
28 230
134 37
157 363
329 285
205 318
439 307
89 387
57 424
122 457
477 17
347 21
151 425
320 306
117 363
459 23
461 473
494 408
17 166
118 32
285 381
340 70
181 315
98 96
171 375
416 47
156 208
78 279
12 116
314 160
298 251
400 476
455 226
471 158
189 220
127 286
56 235
9 17
54 395
161 223
230 246
366 122
10 16
382 313
142 435
282 338
230 310
354 267
55 243
312 77
455 441
135 419
149 165
499 402
136 206
45 201
254 376
165 273
19 255
397 438
362 147
394 169
357 279
173 432
435 23
147 341
444 5
222 56
140 387
175 135
254 251
218 286
392 219
159 107
272 369
34 223
180 304
359 94
269 336
285 415
488 428
322 244
140 171
413 157
87 123
396 481
444 96
75 453
463 409
99 496
447 262
139 481
419 197
109 389
51 57
103 397
123 183
366 492
213 96
343 250
125 229
110 408
306 390
99 288
256 362
405 228
131 86
408 261
362 109
411 19
130 195
69 290
355 137
280 331
404 119
116 453
211 469
58 13
34 56
347 282
48 281
205 296
51 61
485 186
233 247
428 23
15 48
210 453
37 210
447 261
72 323
97 205
44 407
308 466
491 186
192 487
59 168
146 19
324 146
389 390
229 471
205 305
283 420
203 154
105 175
207 387
139 136
433 117
20 242
91 79
363 16
91 363
367 26
221 334
119 441
343 10
0 414
365 125
489 164
159 223
441 15
236 75
469 370
167 419
285 20
59 35
458 130
36 362
80 93
16 105
280 270
300 122
159 461
101 273
177 215
312 142
152 75
147 115
252 385
360 441
245 145
307 421
124 37
243 419
189 375
110 175
344 384
389 471
384 208
174 175
240 43
258 379
25 27
219 217
265 298
226 249
342 470
379 448
242 296
445 349
342 154
88 451
403 26
436 456
370 398
75 180
229 336
147 340
116 171
491 36
444 137
211 279
426 337
59 136
159 170
477 198
109 27
428 121
80 7
307 376
236 365
142 105
8 479
350 178
218 65
179 256
268 169
205 108
174 202
73 345
214 94
50 212
309 282
219 303
358 313
227 195
444 417
72 452
208 51
36 450
121 188
487 304
416 196
393 461
398 161
323 63
214 496
6 21
467 295
268 74
482 447
203 153
328 308
394 118
56 28
273 487
469 475
4 131
334 79
148 369
297 490
331 373
21 355
283 331
176 247
74 294
495 186
329 39
432 33
157 88
232 55
117 331
471 167
28 396
104 229
255 248
181 254
184 197
159 150
423 373
178 47
122 198
2 275
76 143
440 96
280 11
400 378
449 274
388 155
36 182
144 193
276 306
407 349
179 383
44 135
334 380
75 416
229 13
289 34
443 98
459 93
453 367
372 496
179 97
80 171
459 135
218 60
89 293
210 334
331 315
379 96
479 382
41 230
194 283
300 11
16 72
20 194
88 161
201 470
78 217
104 133
391 94
8 45
85 412
464 468
337 453
21 199
289 141
48 13
345 278
278 38
198 402
364 449
442 198
36 249
88 104
421 325
462 223
393 329
335 134
331 465
315 406
63 491
170 230
176 205
99 25
106 10
90 354
133 295
154 107
247 243
81 332
490 352
190 228
352 447
267 86
39 139
203 220
232 440
29 121
375 107
462 491
209 47
282 410
303 79
441 280
144 447
70 456
450 139
277 341
277 276
52 474
380 9
478 380
34 157
399 411
481 4
269 165
150 175
27 441
401 241
1 372
468 58
152 382
27 444
393 460
138 412
447 58
182 215
326 43
38 137
486 192
493 474
201 486
297 362
70 26
294 51
249 375
168 124
5 82
496 23
258 282
258 374
492 241
366 276
362 32
217 369
35 442
343 319
383 49
3 412
80 69
69 490
423 140
401 465
401 58
1 222
145 0
213 334
111 270
61 399
71 331
16 120
418 328
209 128
345 166
285 257
428 339
259 37
459 122
299 366
15 440
104 467
65 39
489 442
65 386
198 147
204 370
323 199
365 348
77 259
246 442
361 138
267 296
172 55
161 142
421 103
325 141
274 495
66 468
154 207
472 370
231 222
23 445
275 461
165 444
121 254
414 407
251 140
285 275
31 464
431 299
304 18
1 216
374 448
197 27
445 4
148 237
376 497
306 199
73 433
381 412
465 229
491 82
32 189
222 87
225 9
464 76
84 409
150 271
284 197
440 159
339 252
132 200
255 207
63 442
25 438
186 34
333 94
324 90
368 234
54 440
312 190
316 277
42 84
431 345
363 28
121 151
1 146
416 428
330 328
420 433
402 3
276 38
124 411
351 334
7 338
494 74
356 368
3 303
191 361
205 381
378 175
407 446
70 278
441 446
389 137
429 150
19 174
46 31
70 34
55 371
476 162
129 62
436 117
339 68
326 169
309 146
211 368
366 324
366 75
284 429
450 417
103 138
46 476
497 15
278 200
420 95
181 472
244 168
477 394
325 448
117 132
490 95
223 111
417 366
375 256
207 123
39 206
302 363
447 381
433 284
307 444
360 7
58 226
221 487
466 74
301 113
67 216
117 300
42 409
347 38
381 271
340 257
229 137
174 111
201 88
225 382
156 25
28 73
230 411
416 398
265 450
469 274
433 233
472 72
170 93
200 429
142 16
296 220
138 184
448 322
326 385
