20 190
8 2
13 10
16 0
5 3
8 11
16 14
13 11
8 14
12 0
6 10
16 13
5 11
11 14
9 11
3 6
11 17
4 12
18 16
10 2
10 12
2 11
5 12
10 0
0 3
16 10
8 6
4 5
1 2
2 4
14 6
10 14
11 1
19 17
0 7
19 12
17 2
11 0
2 3
17 0
14 9
8 17
7 1
1 10
17 1
7 13
13 18
6 5
16 19
9 8
17 6
14 0
8 18
16 11
7 8
19 11
8 0
17 15
3 16
11 12
17 9
15 13
10 18
15 9
14 13
6 13
7 14
2 7
6 4
10 4
2 16
10 17
15 3
2 18
0 15
19 2
7 4
4 13
16 15
19 6
19 5
7 15
3 8
2 9
13 3
13 17
5 18
6 18
9 10
11 10
9 19
3 17
14 1
12 18
8 10
14 17
11 3
16 4
3 14
5 15
1 8
6 9
6 0
13 8
10 19
18 11
5 13
12 2
16 8
1 12
7 6
0 18
19 18
9 0
5 17
0 5
14 5
13 12
15 4
4 9
9 12
7 9
1 19
18 14
18 9
9 5
1 4
13 1
7 3
6 2
16 1
4 0
5 16
12 16
14 15
7 18
0 13
12 8
15 10
19 4
16 6
11 7
1 18
13 2
5 10
3 19
4 8
12 6
10 7
15 2
1 6
9 16
12 3
15 12
15 11
5 8
7 17
13 19
15 6
17 4
12 14
10 3
4 11
18 15
2 0
11 6
3 9
16 7
4 18
19 7
1 3
5 1
15 19
15 1
8 19
3 18
19 0
8 15
19 14
2 14
3 4
5 7
9 1
16 17
1 0
18 17
5 2
13 9
14 4
7 12
17 12
