40 780
1 18
39 36
17 29
12 13
32 38
28 25
29 18
34 3
20 3
22 11
30 27
29 26
32 36
2 32
5 29
17 2
34 9
28 15
37 20
26 20
14 37
18 22
5 20
19 36
6 37
35 37
33 19
0 32
25 10
37 2
22 35
3 35
15 11
16 26
34 6
19 3
24 18
3 32
6 29
31 21
27 33
1 13
34 2
36 30
22 31
11 21
30 2
3 16
30 38
31 13
24 26
0 31
32 35
18 12
25 39
9 4
4 20
7 34
26 36
6 39
6 19
11 0
2 1
5 19
17 14
9 18
1 20
19 2
23 28
3 33
12 11
5 14
1 23
30 14
14 34
27 21
19 1
18 35
32 18
15 22
31 25
20 30
15 13
12 17
4 12
29 38
21 13
14 32
21 20
23 38
30 34
10 37
32 13
24 38
28 10
14 13
17 36
36 4
5 2
10 4
27 31
16 17
29 33
17 10
16 34
9 21
8 6
36 34
24 19
18 13
26 27
38 12
33 7
9 31
31 5
3 38
28 1
3 28
21 4
4 2
6 38
33 22
34 35
1 33
28 24
38 25
9 27
17 0
28 21
0 13
6 30
10 38
29 30
31 11
14 6
36 3
8 38
33 37
28 8
26 39
4 28
22 38
2 3
9 38
36 21
10 1
1 37
35 33
35 13
10 23
7 8
27 22
33 30
35 39
21 39
5 9
30 13
36 35
22 21
8 9
16 37
5 8
10 0
14 18
28 33
1 26
34 39
4 14
31 7
17 35
30 4
36 10
11 16
17 4
10 31
25 35
14 28
15 24
34 23
2 31
5 23
0 33
13 34
26 31
18 8
14 8
1 39
14 12
0 21
7 35
17 18
21 33
11 25
39 10
9 16
34 20
10 32
11 1
2 9
8 30
8 29
16 12
27 32
13 23
18 11
35 1
28 12
28 31
27 5
12 27
4 23
25 21
15 12
21 17
6 31
39 23
38 18
9 20
26 3
35 29
38 27
37 21
20 33
25 0
3 25
39 33
30 23
9 17
38 19
33 24
2 24
4 13
33 18
8 25
39 9
1 16
16 7
7 20
32 26
2 28
4 26
23 21
12 19
9 14
19 27
6 4
39 18
16 39
38 11
14 31
5 12
28 38
18 28
5 22
31 15
34 10
9 11
21 32
32 28
19 16
31 33
26 22
5 15
18 34
39 5
16 25
19 29
22 16
0 8
30 5
36 7
36 0
10 14
33 15
5 11
8 34
19 20
4 0
21 2
21 12
33 38
9 37
29 12
34 22
16 38
10 11
4 1
23 33
32 20
18 19
23 8
30 18
3 18
37 13
10 18
18 26
8 35
35 38
35 28
7 21
17 33
12 31
17 30
26 14
11 8
0 16
5 32
27 20
7 29
0 26
5 34
26 38
30 28
27 11
9 12
25 2
10 9
32 15
32 23
36 13
1 22
31 1
37 25
24 30
5 35
26 15
5 36
24 16
11 6
32 7
3 22
13 7
13 24
18 0
34 17
5 26
36 12
35 21
23 2
21 18
30 19
29 32
6 22
5 13
25 6
12 0
1 30
32 4
3 8
16 27
25 33
32 1
8 19
32 8
13 11
29 9
9 26
13 29
20 38
0 23
32 17
9 33
35 6
34 33
26 37
38 15
15 10
12 37
31 16
8 26
33 36
28 20
7 12
36 11
2 7
20 25
29 22
13 16
26 33
27 35
35 15
0 34
4 5
0 28
11 33
27 29
34 32
37 23
19 17
16 21
21 30
14 20
36 28
35 24
34 4
35 31
1 5
39 28
17 13
32 6
9 22
38 1
24 1
28 29
6 5
15 20
23 18
7 17
30 3
14 0
5 3
25 27
9 3
2 20
17 8
23 3
10 27
3 21
37 11
35 9
30 32
2 22
3 7
10 35
11 32
0 38
2 13
6 3
22 19
11 17
0 35
6 27
28 9
36 23
14 29
14 38
16 29
32 9
19 21
1 7
15 23
7 38
8 10
14 25
0 24
25 17
30 7
2 11
10 30
18 36
4 29
12 32
17 39
28 26
36 16
22 17
16 35
25 36
10 2
23 6
1 21
22 13
25 12
13 27
21 15
6 9
20 22
25 1
32 39
17 20
15 1
8 22
9 24
14 11
30 9
21 8
6 16
8 33
21 14
4 7
9 15
7 18
13 39
24 34
2 38
2 16
15 2
19 13
4 38
6 1
17 23
34 12
25 13
0 20
34 26
7 24
35 2
20 29
8 15
2 18
11 24
19 25
28 37
12 10
22 37
34 38
26 17
12 8
15 7
12 2
9 13
2 14
3 31
19 26
6 7
9 25
7 9
14 7
19 7
34 27
23 9
37 32
7 37
15 3
3 39
20 18
1 8
27 18
4 22
23 31
29 11
3 17
32 33
15 4
12 22
31 4
10 21
34 25
4 24
4 16
39 7
32 24
37 19
39 4
31 19
2 39
35 19
13 28
28 22
19 11
19 14
27 3
29 21
9 0
23 35
24 25
14 23
28 34
13 8
19 28
22 23
34 1
37 3
26 30
35 20
29 15
1 9
6 15
11 7
13 20
6 20
26 10
10 6
7 22
29 0
39 30
29 37
10 3
10 13
2 8
14 36
17 27
24 8
23 11
16 10
26 23
15 39
35 14
10 22
21 34
7 5
18 15
36 37
16 20
21 5
26 25
13 3
19 34
30 37
2 27
19 9
17 31
2 36
37 4
25 18
7 27
12 6
15 25
5 18
11 28
27 28
14 16
31 37
17 1
15 27
29 10
24 39
8 4
10 19
0 3
2 0
12 1
28 17
39 14
0 30
29 3
6 0
17 37
24 17
22 39
13 26
39 27
10 24
1 27
5 28
7 23
34 15
38 13
11 20
21 24
37 18
18 16
30 12
1 14
8 27
18 4
23 24
8 16
35 11
6 33
24 29
28 7
3 1
28 6
24 14
19 4
25 7
7 0
26 11
29 39
6 2
33 10
1 36
27 24
29 2
33 16
9 36
15 16
15 17
36 8
25 5
31 29
11 3
20 24
17 5
36 24
14 3
5 24
7 10
36 29
4 25
12 26
22 30
31 8
30 16
37 24
10 20
19 23
38 36
14 27
15 37
0 37
20 8
33 13
27 4
22 14
34 11
36 27
33 4
6 26
20 12
39 12
31 32
16 28
11 4
26 21
31 34
24 12
5 0
32 16
30 31
35 30
39 31
18 31
39 8
18 6
12 33
0 15
31 24
10 5
37 8
34 29
19 0
35 12
35 26
2 26
32 19
19 39
30 25
23 16
36 15
29 1
21 38
32 25
33 2
17 38
13 6
39 20
27 23
37 5
23 29
38 37
4 3
19 15
34 37
22 25
29 25
0 27
38 31
21 6
14 33
36 31
15 14
5 33
35 4
20 36
20 31
36 22
38 39
6 36
20 23
37 27
16 5
15 30
0 39
6 17
30 11
22 0
32 22
26 7
24 3
5 38
12 23
1 0
24 6
11 39
37 39
24 22
25 23
12 3
