1050 1000
85 1
156 48
660 1014
872 616
347 81
289 1024
167 35
529 336
163 331
361 571
383 887
771 414
219 72
556 194
677 656
18 9
337 90
517 859
1012 562
905 226
749 571
520 710
589 249
722 52
707 62
519 485
830 920
150 383
694 216
1019 855
825 254
110 285
831 524
40 909
771 139
832 166
981 62
533 129
575 923
836 877
198 939
797 963
647 831
1025 599
551 465
600 47
259 423
957 504
991 279
332 6
225 1033
158 451
237 1043
900 161
132 348
769 807
11 230
81 328
765 310
249 974
498 408
545 869
705 500
105 830
449 77
870 812
62 863
730 893
818 601
362 631
1022 1041
438 981
855 365
266 4
350 273
69 445
216 224
700 392
968 724
222 873
542 657
347 166
900 589
220 348
548 263
4 341
743 974
96 293
730 117
967 935
326 198
933 84
812 804
145 343
0 308
967 945
275 216
516 982
360 596
786 469
338 439
490 277
933 67
162 617
969 210
216 255
694 258
315 976
188 190
989 736
870 268
668 622
910 414
462 1002
522 421
4 953
795 5
663 762
544 866
132 860
22 764
17 318
155 197
50 728
627 621
837 760
667 355
19 905
61 939
927 658
441 997
503 18
961 719
1026 301
928 244
273 597
654 1029
185 377
160 72
589 294
617 434
283 1025
602 435
578 356
926 310
33 850
981 798
342 472
291 839
944 621
332 128
11 755
132 115
890 986
400 773
404 790
467 811
784 41
228 671
219 486
797 762
367 843
31 1045
513 761
29 574
460 757
599 612
714 1002
34 499
343 5
524 617
430 1035
164 845
129 166
334 600
40 360
93 749
743 384
1006 660
845 231
431 285
351 314
1022 138
626 456
855 809
1032 48
472 876
1021 693
676 412
231 317
755 200
424 323
565 767
422 197
135 423
495 679
546 118
710 453
894 210
21 690
537 881
714 541
977 623
840 362
594 585
801 897
287 822
334 139
549 46
116 943
428 375
630 431
729 300
1005 760
705 208
554 187
937 383
778 668
211 777
600 712
1035 1036
988 525
267 176
124 725
429 978
578 988
542 802
76 143
825 39
918 832
40 917
792 746
110 70
935 338
762 107
681 289
906 477
766 16
1018 481
620 1028
424 174
745 693
143 289
208 723
620 628
798 863
178 508
149 703
780 242
757 874
639 426
244 180
168 411
901 349
156 407
656 435
241 464
621 733
312 767
84 52
190 797
546 554
275 965
691 132
450 582
805 300
763 940
484 447
938 1034
161 692
397 978
506 718
392 918
356 89
130 894
560 983
747 666
237 918
28 295
116 195
992 370
493 787
446 995
368 135
397 1021
95 11
946 1038
100 877
267 500
294 757
63 459
723 838
8 60
770 984
383 753
790 107
608 376
66 332
671 357
1006 925
613 517
330 155
644 702
316 73
21 703
622 242
382 155
690 391
290 205
892 674
694 398
540 838
988 310
849 485
46 465
298 791
976 580
124 200
418 466
665 672
235 332
990 585
971 708
77 311
602 947
448 373
800 586
669 406
605 819
37 901
947 635
906 151
723 710
597 914
935 862
1033 950
79 727
877 614
831 7
529 3
994 283
356 278
27 304
526 771
316 687
57 559
136 348
132 664
527 174
41 1014
728 281
906 777
562 333
644 860
820 55
220 368
767 83
200 735
211 913
553 477
938 177
643 234
449 592
317 820
1028 691
667 548
569 973
959 834
200 863
162 569
1004 494
396 1049
1002 274
734 739
314 460
455 229
789 209
827 10
371 672
112 188
470 858
908 832
171 813
765 842
161 275
384 498
891 352
261 376
580 205
281 259
653 247
1039 660
364 705
725 938
273 286
820 607
169 740
643 389
176 839
695 109
812 824
235 386
821 763
1035 682
84 713
273 87
797 424
382 213
1002 529
351 704
165 902
287 669
76 715
907 10
632 1022
639 713
918 672
963 775
369 543
197 616
138 351
877 57
563 956
95 793
822 854
418 548
992 884
777 370
710 837
472 81
58 114
751 467
431 31
426 183
400 823
692 113
703 981
13 59
157 181
21 519
57 852
1014 930
855 990
803 147
45 193
844 873
570 959
370 1045
761 927
124 963
222 864
1005 766
400 890
49 97
282 191
492 459
125 950
775 128
176 540
813 110
677 90
230 228
963 222
901 556
527 125
904 992
1045 17
491 1019
1017 255
605 871
183 469
348 729
59 42
912 1009
147 578
191 152
1016 790
143 897
301 138
799 197
645 360
478 926
1005 271
261 7
36 544
919 470
820 432
40 427
6 470
108 485
1047 462
158 129
804 833
942 340
327 148
520 4
139 843
497 624
722 364
142 981
1021 91
42 338
794 89
783 582
518 76
981 669
997 949
484 982
131 499
452 840
367 21
615 1038
852 471
188 837
990 1006
453 206
58 776
258 134
990 422
138 943
1038 798
224 485
736 486
261 1000
6 519
149 817
946 613
414 864
198 230
527 1006
579 900
252 1046
351 549
983 951
804 137
366 603
777 959
574 46
543 912
1039 818
547 843
521 554
812 958
1048 171
705 994
81 446
212 229
617 2
195 492
725 39
736 704
36 53
747 888
705 606
1017 823
783 673
23 816
861 248
938 347
248 391
882 531
354 751
322 874
557 517
839 180
611 258
708 1023
916 321
148 623
107 1046
758 785
120 422
211 533
565 918
10 219
404 570
1027 80
697 441
90 210
243 306
750 235
211 808
281 1
287 641
220 942
210 1021
641 416
897 533
1037 887
798 49
295 162
158 816
452 684
1017 369
781 268
5 202
313 774
615 27
66 462
917 98
563 920
498 712
856 180
673 568
372 331
472 854
411 258
872 1016
958 449
158 740
856 18
812 909
430 706
620 343
587 716
210 45
522 282
403 235
139 688
630 214
769 256
151 1018
617 171
293 658
949 644
352 251
198 757
334 59
963 290
205 358
182 8
676 684
542 703
360 366
407 306
463 937
828 449
40 546
551 57
536 975
523 755
618 388
145 173
126 472
358 303
424 12
137 676
403 227
577 651
34 13
214 576
489 882
752 271
417 34
504 937
572 635
462 568
1001 796
655 639
197 891
633 498
775 73
711 570
986 606
1023 765
540 25
321 685
416 607
181 187
388 968
819 423
828 416
731 514
560 595
328 550
1027 748
616 568
365 655
156 104
589 338
684 574
213 528
69 1043
274 36
662 1031
89 18
992 207
894 975
547 155
569 137
51 781
53 325
662 976
255 19
603 243
147 545
979 284
341 627
188 957
851 35
432 70
702 182
465 481
220 237
185 891
683 15
17 773
677 130
222 866
550 471
277 859
942 67
69 197
687 683
594 826
178 1016
16 143
788 158
95 26
609 713
752 487
248 953
1044 579
975 1030
7 78
196 166
1011 171
749 450
128 393
999 215
1043 587
338 310
861 317
271 337
639 807
675 956
413 705
553 554
615 1043
193 478
863 362
627 763
680 26
951 264
800 112
914 347
789 554
116 972
519 884
881 727
859 14
215 920
277 345
900 392
110 415
387 272
617 606
281 920
676 804
657 287
571 248
508 758
763 595
655 485
293 255
834 523
909 1003
214 216
780 22
148 668
485 871
228 321
31 587
165 104
730 522
855 397
304 850
307 475
714 318
6 594
57 136
45 813
851 146
29 868
593 44
727 50
140 143
219 390
952 802
700 690
186 829
58 67
976 417
1046 97
138 541
798 918
985 185
516 565
334 526
533 589
411 1036
208 374
617 939
10 406
161 355
907 85
397 531
899 906
19 89
427 1030
499 441
1042 796
90 262
155 296
198 245
757 903
614 462
230 388
734 839
663 718
680 74
369 714
500 769
424 759
379 397
502 231
419 512
492 749
601 145
758 179
286 300
241 85
851 469
471 488
195 730
743 518
498 528
829 374
128 41
518 822
214 941
268 355
995 8
1013 186
99 364
595 430
98 255
931 693
281 7
694 21
595 805
125 824
148 88
942 299
281 471
154 763
431 752
448 574
51 450
625 433
611 495
710 860
222 820
422 667
632 550
169 719
150 632
308 902
312 401
869 824
1 288
938 788
1036 79
315 400
791 15
357 708
593 248
761 800
1044 718
47 103
305 667
518 948
851 571
189 302
177 2
514 960
309 719
455 514
44 727
827 333
225 634
72 629
235 329
24 161
597 412
677 155
659 872
485 561
359 299
1008 631
504 440
418 741
204 912
999 296
139 229
176 1029
57 2
639 388
913 344
834 780
31 298
383 600
178 659
912 331
702 126
41 325
875 261
370 32
760 1035
119 582
1011 440
180 612
937 880
95 602
535 244
242 770
414 523
790 845
150 637
47 634
474 623
457 820
929 329
678 407
98 67
238 799
416 348
675 71
39 1023
355 768
966 1008
908 348
93 546
143 1046
477 462
736 258
781 454
57 812
945 166
832 230
557 455
305 240
532 19
213 313
996 271
566 457
626 795
1000 645
996 379
27 840
782 55
397 899
397 454
89 503
240 239
518 671
502 760
746 877
31 750
431 1008
605 275
30 608
924 145
630 617
498 493
582 948
517 748
301 841
884 316
590 848
379 269
707 969
194 450
826 281
1015 806
214 912
324 793
177 80
774 856
9 710
821 307
440 380
632 396
198 501
418 354
367 57
572 568
275 691
634 353
822 723
