3810 1000
2110 3413
3385 1140
1139 2272
1093 433
2956 1659
3680 2195
761 2313
1929 2124
493 1050
1459 210
3060 3062
3537 1249
2663 1777
3063 3269
1498 479
2873 3179
620 419
3188 2865
1556 1141
194 3556
2680 391
2246 16
3494 1027
2243 1427
892 357
490 464
145 1361
3295 2610
2228 3597
3752 3060
1918 3573
1892 1301
152 670
1702 480
3794 1457
414 2201
3700 3790
2740 300
1996 527
3122 1214
3585 943
449 3674
476 1713
2024 182
3126 1554
2268 1880
392 1421
1528 1693
804 3147
920 671
44 1453
850 2756
1960 3557
1427 1307
3527 2173
1023 680
2967 12
2680 2110
1689 1027
2423 165
1965 1683
1259 1179
437 3264
48 1350
2140 2619
24 322
1861 3590
2554 1337
2158 3741
2309 3009
2887 1447
1281 1184
484 1889
2652 1026
2431 491
3075 440
1006 1951
3802 85
591 24
544 2221
1734 525
3499 112
3781 3243
1488 3000
929 2158
475 1672
92 2902
1151 3727
2609 2577
1077 774
1814 868
2542 714
3714 3313
983 256
408 2387
3300 3227
3410 329
3803 307
2102 3709
1997 2883
3725 2220
3792 3456
3277 1510
2954 2509
642 636
3404 3068
777 2057
789 3190
899 2093
2384 2162
236 3751
1661 3331
3211 3074
2440 3305
2530 3334
1946 821
3021 1418
426 271
1505 297
3800 1379
3052 1382
2200 1187
3191 144
790 1813
713 2612
2639 3100
1398 3264
1563 648
2663 1125
2164 3279
1834 947
1410 2459
964 1101
2752 1471
2106 742
1105 603
2239 2922
459 2297
2342 729
1425 3008
2080 1741
3612 1413
3593 3780
3641 2885
2155 3446
3042 1047
3175 1760
3579 2458
2517 2145
260 103
185 3389
3751 2418
2378 86
2345 2703
1024 2944
1952 582
2036 3529
1894 346
3343 675
1233 1581
1844 1694
417 167
2376 773
287 2266
1278 2507
1160 3090
1655 2292
1942 881
1536 2561
3118 3013
3566 1503
2367 3172
3636 1020
2943 2952
971 828
1559 2360
2833 1969
863 1138
199 3052
3415 1889
2999 1850
683 3792
1199 787
2219 2137
3264 758
342 1557
2379 772
296 962
2590 910
2674 3561
1272 1237
3069 2135
1140 2075
2359 884
2601 1587
1737 2531
3145 835
985 2005
519 2966
304 3792
746 2262
2768 940
1895 3638
2493 2662
729 3669
689 1536
832 1716
1636 2420
3657 2953
1315 1846
950 2350
2788 3350
803 3672
1690 276
1426 3703
966 760
393 1555
706 2719
3351 2842
22 954
789 1417
942 1121
224 2131
1069 701
1556 1438
2669 3546
889 1321
803 1458
2902 3644
2767 3260
1475 2411
409 1967
3538 3182
3005 1680
3700 1216
873 1385
86 2671
2921 3490
19 3275
2489 3293
2059 2295
2356 2261
2561 130
2183 1847
3099 2573
1290 1905
2909 447
1068 94
3333 2965
225 2294
1723 346
2285 2252
3478 461
2404 1383
643 220
3077 1063
2760 2055
1355 2892
3068 1550
1252 1736
3457 2950
1782 2043
863 2216
3509 1758
2864 3136
3687 1832
378 2741
1386 3226
825 2605
3020 3521
354 2597
1078 1412
1403 2775
1644 3158
3251 2213
2876 3036
1025 2629
1813 1115
1562 2330
2955 3366
2081 2820
996 2143
2445 513
1799 565
2204 3432
2822 3181
1438 1697
2881 461
2932 1931
2555 3227
3322 3247
1731 1202
419 3405
446 2552
1988 3570
1571 568
3301 265
1916 167
2285 12
1010 332
2687 1611
961 2876
3484 1664
3660 1336
1527 2550
2302 2213
2810 2404
2346 1660
221 2820
550 1235
1011 225
692 3736
2901 2785
1656 1679
2642 2187
3098 946
788 607
2741 1837
2562 2827
165 2126
1892 1653
2021 109
1046 2148
1548 3669
725 1164
27 75
12 2678
1789 1616
2994 2596
1352 1381
3304 1318
68 2677
413 3377
1261 2192
552 2548
792 509
44 565
3476 2435
2758 2880
1403 1632
1725 1298
760 2763
1260 1622
3664 639
1459 1211
3144 215
363 2624
3147 891
3068 3105
1826 951
242 1514
3002 3106
2964 1984
932 3694
16 2069
258 638
1521 3282
2465 3248
514 1708
3091 1885
2722 2186
2686 1450
2610 1465
2888 1657
610 2026
3803 2460
338 3207
92 2344
1185 190
2761 1498
565 1827
3553 244
2096 1633
169 854
1001 1127
1425 33
1511 1309
2350 1946
887 82
2493 605
3394 994
1269 519
1207 1358
3029 3737
35 3356
3565 1129
1335 2862
788 2789
3285 809
706 1001
2119 2556
891 1797
1845 1620
1038 2576
1413 284
1460 1996
1058 3793
2228 3447
1135 3730
2019 3660
3265 2525
104 600
886 3120
3068 1408
2424 841
1162 1136
660 534
851 2788
3606 3261
1716 2617
1017 2786
2000 1075
463 878
3703 2458
2881 2217
3760 2330
1992 3698
2896 294
170 2790
2806 3700
2869 3589
530 1322
1766 1949
3301 3580
2449 2236
3106 1111
2912 694
103 2295
2768 3060
3536 2853
3090 1091
2975 1588
3172 1040
2336 875
242 668
2235 1581
1104 2990
414 1078
1407 312
2546 1598
302 3369
3645 3217
1233 1455
374 3352
2699 1814
571 274
2372 317
3 817
3766 3236
750 2883
3705 2262
3025 2229
909 1456
2659 3223
2277 1171
115 2144
12 2150
740 1252
2923 49
938 2670
3448 3155
381 3078
356 981
3155 1052
1740 1887
2878 142
2500 1707
2886 1850
1296 151
1865 294
1689 703
1738 1433
3644 3552
3743 1721
2997 300
3581 3423
3420 637
617 3212
3042 197
2929 1280
466 3453
1153 2450
19 2000
2546 3278
3584 1015
1645 31
647 1766
1832 3178
147 589
263 3067
746 455
3649 442
3220 2899
2183 3
2470 150
2252 3450
3254 3728
746 2016
3105 2906
3018 2671
3486 2694
3381 1038
198 1847
3192 2972
2220 1696
44 1391
2815 585
2265 2593
1930 3781
1952 1151
2541 1328
1262 1992
1304 136
1496 664
1113 884
3741 3776
3755 778
1027 1631
2713 2436
170 454
3513 2710
74 3278
2267 3452
2768 435
415 2426
205 3556
3726 3231
16 863
3763 3578
3205 1177
1790 2211
3609 3080
77 1559
1649 925
232 430
3320 1131
531 3594
1517 3448
3202 2140
3529 3569
1983 2485
2209 1734
2047 2023
2937 132
3679 1588
2076 1323
3752 181
3405 907
3491 3184
1098 674
3636 1746
240 3228
331 3662
3158 3002
1958 92
2220 860
3072 3297
679 373
2512 797
3642 1085
3296 2573
1506 367
480 3184
12 1388
1893 3282
2262 3808
3622 1573
1917 3179
3783 3346
712 3140
1632 1815
1174 3554
3233 2173
3729 584
1505 435
244 997
3398 608
3794 1676
3148 830
2453 1905
3304 2700
3240 2180
382 83
1024 2652
2578 3644
3578 898
49 1651
1839 3604
879 691
207 3267
40 1888
2186 1472
2825 1066
3177 2332
1705 449
1320 2853
3179 863
3593 568
2167 3133
1306 3170
2038 451
1953 3691
3132 3809
513 1881
1142 3478
2281 219
2122 3787
3557 1761
2802 1672
2500 2055
2764 3725
1079 2582
1794 996
2537 3271
1574 1338
1534 2858
2727 3689
2096 3217
2701 557
2997 2934
1758 861
415 2910
3357 2052
1498 1175
2033 1007
3629 3715
1363 2310
108 419
2418 2746
38 1374
399 338
2211 242
2169 2152
3406 3137
3063 500
681 3322
3474 112
516 681
3177 2797
1906 3118
2383 1635
3206 641
3095 489
2223 2029
2901 3764
2454 2744
1503 2810
2451 596
2259 460
1277 3033
2840 2951
3754 1444
1776 3018
1840 3317
455 989
49 3622
537 1991
3507 1592
2305 2371
1526 1140
2557 246
2916 2867
187 2229
1442 3159
139 1362
3707 306
439 1959
227 1282
2660 2181
673 2271
3204 499
458 1613
353 3042
1334 308
2556 965
3572 1575
2426 884
995 2265
2718 172
2626 671
2222 312
2294 1699
1463 2761
437 215
2632 1957
2903 516
1543 843
621 276
1621 713
2881 3730
3178 22
1032 3373
1598 2978
3013 2015
2014 278
2477 2424
1367 1048
363 1102
1893 2530
1601 3145
2389 657
1490 1365
3227 696
1149 1082
62 272
581 2651
3771 2306
471 1895
1630 820
3195 1597
9 1326
750 1416
3057 29
827 3481
2252 2471
3084 661
3028 812
300 2864
972 784
528 3502
595 3652
3229 981
1254 2003
2657 1956
416 952
74 1618
1921 2960
280 2340
1230 3579
86 2157
3317 1708
1554 1590
2229 2580
2218 3567
2180 537
782 1931
312 228
2125 2055
3392 2869
3094 1441
3675 2785
1130 3400
1402 3076
107 943
1628 1633
3754 2061
108 2908
2290 2410
323 3442
3369 2340
1301 1262
3182 2853
840 3585
452 1831
3208 494
1823 1150
1621 3333
319 710
738 1131
3476 2981
3450 1400
1608 1933
1141 1931
578 823
2179 3655
569 1690
608 1977
826 2853
2923 1519
3138 2453
1022 1424
1738 332
122 357
2579 3619
2462 1781
3698 1304
3025 2734
2129 3314
901 824
746 3250
1074 1775
3491 2896
2882 593
1158 1131
2376 3587
1175 1896
2864 407
2851 120
3672 559
1773 2204
3224 3508
60 2288
1250 3761
3696 1398
901 198
2552 401
1659 378
2194 626
1061 560
1399 3691
1620 2947
258 232
3064 2783
1520 2058
2030 2885
1825 3351
965 1227
831 3303
3144 54
2188 951
1912 1815
2584 1716
3644 1683
1622 2036
1845 583
69 203
1785 2731
226 2623
2651 1402
536 3219
2017 2965
585 503
11 3789
19 1545
1690 1781
1822 3642
1239 642
2913 1793
308 2957
1239 184
1387 315
735 2067
1460 1194
3544 1842
2185 3152
2296 309
2831 2950
448 3788
2588 1919
1699 2926
2144 826
315 2924
2282 781
3060 1077
3077 1981
1914 1853
117 1055
1601 2041
3759 3007
1698 2019
113 2612
3176 2710
1141 2965
1374 2251
2104 1783
1659 3287
3658 349
2839 1229
2616 2791
3409 3277
1511 2366
145 1294
2657 749
1795 3045
2148 3642
297 2615
1483 98
1265 2774
3515 2202
1078 7
2900 2484
1165 1178
2706 850
3171 886
3292 2226
197 974
2677 966
295 3515
2443 962
192 3522
2174 1927
675 1717
3518 947
1408 1769
1197 908
3531 3368
2743 2313
1849 2670
3614 2769
982 1239
926 3581
2253 1101
2825 3182
1724 2059
3135 1210
3270 3571
2782 335
2280 3332
2056 2008
1338 991
3800 2027
1530 1749
1048 1548
872 3148
1785 3250
3267 771
270 2589
1675 851
1512 2613
991 2212
2286 2645
724 187
329 1202
2971 2787
2336 213
909 2778
1426 1954
2955 2076
2162 291
2081 3557
2271 2194
2286 3691
91 3136
1431 3738
1312 3766
3390 3120
236 3247
3733 1250
3473 1021
3253 1190
257 364
2994 3658
2518 2597
1543 2667
3035 1309
2909 1767
903 2274
973 2243
333 134
1655 1033
3113 2681
2837 1074
2080 3366
404 2117
2163 1884
3745 3657
1634 3458
1834 3793
2701 673
1457 2019
3583 1213
1245 3174
3648 1484
138 268
2248 1904
1732 1040
852 2189
731 1196
1552 812
3603 42
1467 2692
793 848
802 304
2835 2851
2006 3734
1332 2741
1244 14
2916 3069
1134 2715
1505 1439
68 30
1018 2253
3488 387
176 3550
979 1151
2044 986
233 3126
2540 3311
3717 2725
231 3089
699 3349
173 859
1577 3471
522 2074
925 2680
3633 2071
2752 3014
3743 3533
452 891
1948 1767
2729 3292
412 3254
1866 92
3735 1038
176 3757
1805 949
1466 1141
847 2987
1815 970
228 543
