3930 1000
1640 929
2394 3265
318 2774
1642 3868
3867 3603
2134 167
1613 2742
2190 3251
11 1004
3221 1613
2189 3319
1277 2314
1408 3883
3872 1528
431 780
1144 2136
2858 252
2018 3915
2976 1502
453 239
605 567
1632 3126
2721 2890
1162 673
280 2044
415 3190
2022 1147
3374 292
403 2152
3305 3459
3257 3612
2765 1488
3821 3144
2855 93
2781 3259
1432 3292
1776 972
3869 3633
1465 216
18 1471
1304 1287
1089 1819
3858 1444
1317 1224
1926 1388
3021 3173
1103 809
2205 2561
3572 1822
276 1687
2690 1904
853 3665
1301 1631
3151 2730
2167 177
1182 2474
1523 2178
2743 1460
3442 1370
2478 297
1196 538
1639 3922
2478 2956
46 549
3522 353
3921 2315
1242 2933
562 825
2473 3892
3032 3278
375 3527
397 694
409 659
1632 1786
3017 1074
3024 621
2634 2403
813 3499
2906 377
3023 2938
1695 1851
1293 1312
1120 2385
2808 3557
3390 71
2607 1466
1646 226
1395 2407
151 3541
867 143
1237 2709
3382 3785
2095 2442
923 1998
642 2894
543 732
2591 3452
198 191
2784 1069
76 3606
3511 2818
1135 3745
2641 300
5 3135
242 611
3308 95
3127 1020
2145 1820
3632 2571
3929 511
2185 2624
1360 2246
660 3098
2680 800
2464 2568
3474 606
1489 1436
1216 3718
3846 377
3102 1232
85 2249
3438 2476
2837 3111
320 799
1422 3688
1695 1148
1786 451
3258 3766
2523 3336
40 2485
1095 1382
588 1867
3198 304
1181 3251
327 3570
24 1282
1710 2159
1947 2991
288 2700
3142 3177
645 2275
2251 3289
2623 370
3136 2048
3273 2427
3423 2767
2921 2501
169 1460
1825 1759
1494 313
1273 2513
1879 616
2908 3188
2176 3881
1666 3151
2674 1354
1321 3553
428 1759
313 1390
2546 2987
1671 2035
2991 2111
1908 1162
1555 3009
1528 1402
1862 1718
2897 1090
2449 2823
2906 1341
3564 3028
1143 3588
1435 3547
2139 1992
1541 3363
3105 3488
2375 2235
3604 2066
2948 1561
1261 186
1915 1799
830 3291
650 571
847 2585
3179 3322
268 1882
2759 689
74 1800
3595 3046
2933 1620
802 848
1311 3661
1448 1025
1480 1851
2735 3245
1567 750
2832 300
3809 3228
407 947
415 3283
634 3753
2733 1738
778 3262
980 939
1071 679
2 1823
2302 842
672 3189
888 2921
2673 1396
207 520
2276 236
2512 836
1619 785
1354 549
1391 2718
1110 2515
1272 2659
3029 2875
1529 2885
2199 2708
1366 1584
3780 3856
3620 2046
1804 3290
906 1735
1012 2643
2198 1832
3798 64
1811 3501
804 266
997 610
1970 494
2403 3422
894 1155
183 1798
3847 3200
3030 2230
279 3571
3661 2969
3289 3888
1389 2343
3918 2591
3767 3835
2509 169
510 1783
997 3093
3455 158
2448 3209
2329 1732
3427 1623
462 2377
930 2106
2035 594
645 979
3301 1984
2585 2891
69 2538
2072 3157
176 2094
606 2991
3555 2183
2227 3257
3111 2320
2859 2227
1253 2312
1331 1569
2234 3507
2850 476
798 400
2481 3322
3775 2060
1091 3356
1089 1616
1026 1182
3068 1565
2792 1897
22 2152
1986 1954
1048 1399
3510 3414
3746 3131
2947 2589
2726 2308
3010 3623
2135 1718
2125 886
2922 433
3777 409
1304 3546
2838 2623
3660 3109
1446 1626
917 2915
3331 3903
3259 428
3401 1791
2963 3858
742 672
3595 1382
505 3112
2085 2891
1546 3607
907 750
627 1930
401 3609
142 3596
2298 80
3508 2281
1342 2605
1470 3871
2156 1690
649 564
716 279
1760 418
411 3545
1968 1695
673 1687
1067 813
2262 2653
3653 77
2080 1537
626 3136
258 2309
1394 1035
2898 2757
587 1776
1723 3776
216 2730
358 1779
607 3204
2231 191
3052 887
2956 111
1406 2883
3548 2410
1402 2196
2120 2544
271 116
3339 791
3038 3878
1664 3557
388 2210
461 3033
2881 968
922 1448
1574 3332
3401 1230
158 830
1378 462
85 661
929 1005
358 2000
2891 3036
2527 2433
1687 3710
724 2410
3640 2298
1378 2345
183 3006
1574 2462
1648 2490
144 747
3290 2776
2740 2765
2860 3439
2146 3578
3778 3199
344 2356
1938 3423
141 1741
3021 2094
1911 3890
3473 3220
696 3292
1647 1651
1881 1019
2969 3901
343 760
2128 3683
1473 104
1263 619
2251 1131
2588 2970
3186 3336
3433 1164
3817 1678
2593 1674
3390 1971
2660 1110
3425 2663
2050 2405
1018 2550
2068 3668
3314 2805
3386 53
3181 2162
1799 1553
1465 275
2043 2720
2378 752
2918 1011
1052 321
1598 2156
2623 1956
2988 1905
2892 3488
2934 1747
2201 1563
2823 1711
2870 2810
2730 3666
3028 660
2529 3303
3251 3847
3140 286
1264 3198
165 344
1448 3131
936 689
2360 2827
1170 1446
609 583
3152 1335
3871 2755
1074 322
3263 670
3586 3616
2558 1453
2478 1093
2293 2611
2113 114
1933 73
3087 436
1733 2487
3821 987
1320 1747
2289 2226
323 159
1736 1275
2153 151
1432 1346
2255 2548
1939 2086
261 3495
3205 493
2465 912
1233 2232
2328 2453
191 854
537 1607
3558 3221
3536 989
3709 3474
1112 2877
1588 1833
641 3211
3795 2229
713 1751
3717 3096
2386 3159
782 45
2718 1285
2160 3886
2260 2372
3264 3479
968 3600
2839 3305
1578 2381
507 305
1167 1328
368 2351
58 2862
1978 3348
2507 613
1707 2102
3786 2301
3625 1879
3049 3588
2653 907
549 1366
2490 2621
893 635
607 3702
2251 488
565 3267
2293 416
647 3788
2350 638
1441 2328
1958 2552
3718 3142
3389 1978
1335 1686
3832 3729
3672 2266
3168 2741
3702 831
2530 1299
849 374
1632 758
670 55
2458 465
3727 2189
1847 2302
2417 2948
1450 3
842 2775
188 3664
1605 2893
599 2826
1206 1885
3916 1759
793 3364
3526 3146
1000 2061
3179 3180
2245 3490
3250 1091
177 3258
1343 639
592 2220
2034 2481
2988 817
1270 2623
301 33
2445 1591
970 2908
660 1163
3315 442
1487 3351
3231 932
3027 3387
1203 1549
3341 2020
763 2758
2284 623
3049 1040
480 2532
3476 1378
3107 1000
2633 1064
1924 3504
793 2308
589 2236
3262 154
3921 3136
613 1941
3468 1653
573 1521
1073 3721
867 414
2869 183
2982 332
3605 3147
2397 345
2445 1209
3726 324
3638 3468
247 1802
28 721
2097 1815
1864 2466
2331 466
1251 1988
1433 1168
2096 3263
813 2615
927 3690
3183 2265
1548 604
2667 957
2907 3516
1870 3708
1453 3747
941 1549
3732 1143
970 3618
1742 3064
879 111
3104 2458
3123 2244
823 1739
62 2465
1662 2039
3713 1037
126 620
3850 349
3657 268
2714 1007
3778 1061
487 1795
910 1303
1512 544
2375 1339
1737 816
10 3410
672 1798
1089 1495
2373 2997
378 1039
1399 2425
119 2336
3327 1386
1981 146
2458 301
3440 3508
1535 3539
567 1876
28 1997
3630 2842
1998 3462
1810 1292
248 1418
2490 1617
2919 1858
1369 1252
1876 2647
3688 1425
572 1337
1435 2052
474 1412
344 40
1889 2033
3540 983
1714 1076
1246 710
2780 3289
399 410
686 2974
2808 896
2102 95
1377 385
1416 3052
1342 898
1475 2450
526 3679
297 3432
336 3604
2794 2719
1998 1578
35 3393
997 2925
1574 3753
49 3504
390 3490
234 2751
1895 2579
2495 3555
223 2712
46 1721
1181 20
968 2244
321 2987
2772 2344
2172 2086
989 3154
2734 3630
222 1414
2906 805
3472 3503
2315 1864
1739 2760
3804 3708
2588 1750
1112 3708
988 2224
1235 569
2828 2687
2785 1242
1276 422
481 3863
568 2938
3480 958
1671 3470
3253 615
3926 2293
3662 2503
653 1565
2344 784
3194 3036
2836 135
880 3109
3691 1390
1100 3093
705 2897
495 3510
2226 3457
1125 3647
629 971
1875 315
3100 2949
2163 3079
956 3239
1011 1937
269 452
443 3213
701 183
405 1362
198 3045
3808 2486
3633 3036
3496 3667
3738 1334
1805 3746
1511 3041
2466 829
3863 2211
521 2664
3707 137
237 595
2210 3376
2790 3883
3601 625
2896 398
1495 1395
2402 872
696 3678
2557 849
3286 1277
1780 1949
2948 2952
1538 2992
1570 3249
1914 3278
2411 2900
2325 3023
1898 858
2988 1900
1525 161
905 858
3871 2831
3129 2299
3044 3135
3040 1787
1353 2699
3254 3648
3118 2881
2792 489
1465 654
142 2479
1431 2626
1441 1867
2287 346
1675 1957
1678 3605
1152 652
1403 2230
2169 3583
1317 3589
3085 794
2972 2307
2553 1620
1657 2571
1377 2018
2463 614
1410 2669
2632 2257
1624 1444
3013 860
1190 1636
1218 3059
3903 353
3621 625
3483 2997
2610 2690
1790 3336
83 1170
878 396
883 3134
3780 3217
289 3830
2061 1541
2034 81
1494 1738
1973 2506
1627 3733
3529 1883
3774 526
694 1483
1744 920
373 1268
3605 1465
1005 1233
216 2102
765 231
652 3541
3399 2723
743 936
2514 1459
1183 1093
3580 1145
3829 2056
1717 1753
923 546
3172 3546
3176 226
484 48
2514 39
2004 3304
1595 3916
1746 2189
3371 2751
1310 3786
895 1880
3603 660
2512 2810
3468 811
3224 2585
3737 3748
968 1848
2005 3815
485 2596
1756 3822
2183 1268
2330 3766
1344 225
3589 917
3617 2793
519 2172
1720 3522
2826 3863
3679 2278
1040 845
2174 1529
3158 333
2574 1498
3919 1631
3759 268
858 671
582 2730
1473 3187
1661 528
175 1484
3833 1804
766 2869
2329 2149
3646 561
607 3851
1894 2554
190 1754
1735 599
1043 2706
3334 3907
762 1827
1414 1818
407 3543
1769 3442
339 1948
2153 2508
1845 355
3118 37
2645 3350
2845 2412
2 1847
835 3189
1058 442
2105 255
1142 1043
2638 3586
2155 3644
3872 1174
3006 3675
2639 2602
1647 100
856 1925
2442 1730
2107 3476
2558 3353
3377 2659
54 3491
3376 3403
1435 3073
3098 2270
907 3549
2808 1569
3246 2721
1061 2751
1514 657
409 3011
1068 1574
947 3172
393 413
3889 1559
3473 1306
1303 1458
2709 938
3417 1763
2093 875
2731 2978
2007 1380
48 2943
2670 3471
1515 2729
319 1391
2877 1148
3243 1882
3352 1614
1919 3163
3510 2195
3900 515
1119 565
362 3118
1141 1794
2850 412
2621 359
2160 55
1061 803
3294 3323
715 2613
2225 1075
2071 2795
2498 3202
1934 156
2981 919
178 469
3066 672
78 260
1455 2245
1452 1197
1291 1759
3626 2117
3055 2526
3000 3507
2468 1975
1089 2063
1166 221
906 2314
3010 106
1066 1722
1886 2427
1579 1017
2853 3615
1075 503
1427 2276
2660 778
1968 3191
911 3085
226 3653
80 820
1491 185
201 2770
30 1009
3887 19
3856 59
1142 1057
2099 2823
2052 586
2350 2847
491 754
817 2425
311 3844
2975 2422
3348 2463
152 1625
795 2524
1719 1407
315 980
1284 3456
1696 673
2928 292
1881 1237
2394 307
1963 3262
683 1501
2732 3422
2671 1205
2760 2174
274 3516
3457 167
3101 1916
2437 3799
1206 210
869 1629
2759 3206
1351 1103
2656 1223
745 495
2495 3899
2294 236
604 488
989 2936
2842 644
2766 3413
2993 3321
259 2401
774 1421
3917 2861
206 1676
2961 367
1900 960
36 3731
2966 3518
3453 2379
2224 3325
3771 2715
3250 2366
3217 2316
1100 306
3453 183
127 3591
