2970 1000
493 918
1777 1306
650 1129
1510 1815
1887 1315
1190 1270
2479 2587
714 2199
2512 646
1635 1287
2857 1903
742 390
617 2906
664 1417
1273 2795
2693 1158
1648 2934
2030 29
2307 729
2588 2092
551 16
2208 69
1095 2068
620 2184
2808 828
2902 168
19 2341
584 681
994 542
606 1027
2725 2560
2315 789
2829 2900
2516 2924
1568 2689
2709 726
337 2216
2734 2573
621 809
524 795
2516 1072
2183 1045
516 2905
2217 1554
2432 1439
1520 2540
479 1999
2299 458
377 717
1240 2521
1492 845
1951 2697
1197 572
238 630
605 335
1472 2593
2399 373
1769 1353
2377 2203
2661 851
2854 2263
277 2589
1134 1664
225 2507
2231 1216
2950 2420
558 73
182 2511
1327 2172
1785 1513
552 2179
1706 1100
747 2814
2794 1220
988 1246
713 2596
2899 2601
2574 1895
2531 270
1454 1868
2822 2163
2830 523
1750 1389
1698 2175
1017 1997
2452 709
1573 1550
276 2205
2953 2779
324 530
564 1600
1859 1661
1279 430
872 791
196 1460
2884 1641
141 2471
998 2345
554 646
2382 976
859 2074
1904 2606
1132 2464
2056 964
10 2798
1190 2472
2921 2718
1808 1255
1819 281
2559 896
2748 449
11 2679
1447 643
1453 904
427 1312
918 2681
1398 963
439 743
1256 1875
170 815
613 2146
1900 2831
1006 470
523 204
1212 336
1919 1589
1817 654
677 1350
1904 1020
2935 108
2742 1838
254 1118
2842 2832
2632 1331
2350 1692
2293 1523
2819 1218
2601 2698
1990 663
647 1347
938 2541
837 2415
2274 137
585 1751
2260 2800
2682 1724
2800 663
1146 1024
2918 1771
2603 2664
1401 710
2863 1490
231 1700
1180 2262
1577 1689
2751 1767
1456 2117
867 1419
65 2605
1472 193
1823 107
169 1232
764 2088
2612 2721
477 405
1849 792
1986 2873
9 1276
2446 448
181 2416
1626 2494
2513 555
1024 1187
2656 1327
1318 455
1775 1981
1669 2564
2239 477
403 1689
2069 4
2608 61
494 2819
2197 1122
400 71
1283 973
387 2887
71 1080
1187 344
278 1204
1250 849
147 1910
1805 2392
2169 75
1238 903
2615 737
802 2963
1747 1076
2509 1849
2806 730
103 2010
1832 767
2292 2198
943 1379
2347 714
198 1780
2097 164
593 1218
1249 1180
569 2853
962 1853
197 1394
2500 445
2262 417
2703 141
1620 2764
1742 1267
880 54
1023 2415
2267 288
1139 1034
1775 2928
149 1241
2626 2193
1336 2031
629 1368
2003 2099
1792 1348
2264 2152
579 133
2965 124
783 2688
1833 337
433 2351
1386 199
272 560
86 894
2355 1920
174 2930
2658 2420
2694 481
2572 2551
1409 1250
2058 919
2017 1732
1170 2541
612 2224
2306 2322
97 2814
1062 536
815 342
471 95
1535 576
2186 1493
1181 530
288 2379
2213 2587
1450 2891
106 1780
2057 1238
804 1120
1599 2797
2344 348
1836 960
2138 825
2865 519
840 2956
839 400
2959 1773
1561 473
1188 753
1502 378
214 1618
1936 2648
2180 1545
2450 374
624 2244
1980 940
102 55
1670 2015
943 1376
1934 2082
653 1256
455 205
904 680
594 1440
1326 1552
2558 1855
1632 996
2658 1885
247 2260
536 1341
2 420
2283 1767
2546 899
1961 1358
1442 1335
2513 2026
502 1302
2902 2000
2264 2875
1738 484
1704 531
1172 2242
2607 133
2760 196
2605 2183
795 802
2236 869
1081 1147
1217 976
755 936
954 1446
1717 1688
1355 2913
1896 1548
248 596
431 698
1141 372
1940 1137
1050 2121
2317 809
1895 2375
2654 2878
540 2111
958 1108
1807 1366
2049 979
2597 792
1154 2080
419 1597
1136 524
112 1482
146 2585
2940 2792
2111 539
1475 1925
187 892
2796 2177
2479 2023
33 1545
1330 1931
937 1805
1045 1948
1118 2038
1178 1273
1460 396
2519 2847
778 1917
1083 2239
1916 1088
179 877
365 2563
2374 2734
1741 367
1509 1497
511 2754
1914 913
2935 2308
2216 2282
2205 1401
1413 453
1044 2388
2807 2882
1772 1215
2654 936
1165 702
2779 1468
1122 2625
2961 2412
2600 1389
1998 297
1745 705
1719 1662
1387 1237
1820 685
835 1653
2107 2060
861 2413
466 2420
1970 183
2049 1810
2125 1786
1902 204
2586 97
2451 2133
2107 2725
559 803
468 2359
1773 2274
2832 1751
500 2915
835 1599
2336 1906
1786 2903
34 805
1611 393
1896 2637
1881 564
1011 1430
2199 281
2838 2012
1358 1677
1833 2390
419 13
490 2708
122 2581
2010 2050
2894 964
2166 317
2850 2580
77 2109
221 546
2582 12
768 2099
1862 2884
2307 1562
1885 2687
2620 262
887 1840
441 2952
2795 1296
1927 1875
683 2062
1571 1275
1788 2493
1717 1022
74 175
2311 2840
336 1729
2684 1116
2956 396
1872 236
1974 2837
1356 2018
2919 2896
2673 2932
1092 1255
52 2833
1164 2373
334 76
2519 104
1734 2720
310 114
482 2696
1272 2235
214 2062
2557 2305
1196 2225
1864 1118
1213 183
2805 322
2176 1668
1461 1451
1234 2907
1066 1029
372 239
797 2582
2050 399
2010 2059
1207 1911
2940 1195
1956 2005
309 722
1974 678
1571 745
2537 284
286 850
1842 2719
2050 2399
746 493
1880 353
962 1935
731 2035
1574 1426
428 1388
383 25
2404 1964
864 305
2237 124
1170 2336
1702 145
1806 2515
1630 135
1764 58
166 667
558 2804
172 710
2850 1313
60 2266
2263 2483
1537 1672
2805 989
122 2611
1299 715
104 882
617 295
2131 1260
2806 775
2270 268
322 968
2658 920
1030 1302
1731 1977
2189 708
1292 116
2694 1614
426 1068
453 523
1306 469
1613 136
776 2075
2005 2422
0 869
104 2932
2643 2695
1072 1780
1932 2201
2369 1006
2112 2709
375 53
277 459
262 1096
2641 2077
1192 1736
2884 251
2417 2871
2879 1361
2187 1229
2664 2955
1522 1492
1401 1930
1582 2578
851 751
359 96
2491 2312
198 567
2270 1034
2298 1663
1456 2205
1660 1259
2706 2701
763 2146
2942 1378
365 1682
1808 535
1822 2222
2920 164
620 1501
657 2421
2065 515
433 2843
2172 1216
860 1199
290 1266
2396 607
234 528
2795 637
2513 368
431 772
1975 1219
839 2368
538 2315
1288 161
1141 1202
2238 1643
813 1286
929 949
2790 2824
2404 1512
1168 2945
2207 1618
138 2750
1843 143
911 1848
901 2219
2842 1454
2099 1526
2755 1032
579 807
414 1485
1851 2879
1628 1643
1780 517
1052 790
532 2307
523 2316
1955 98
2621 613
108 226
2489 353
732 1538
2342 2712
1387 1493
2303 1535
918 2328
1820 2941
465 372
543 1314
79 1786
1206 1326
1118 2076
1643 415
2166 1120
1534 563
2086 1786
2874 78
1942 2012
2526 675
44 1129
415 88
2824 2555
1633 1932
2153 1045
2370 1727
2537 1542
1337 61
2562 659
611 1066
2622 1369
2212 2269
807 2796
1743 2929
2928 2845
1323 1169
1155 2351
2801 987
780 1899
2521 978
1549 1585
567 2787
2737 498
1922 2037
1830 691
431 553
2026 969
2003 616
2601 2292
195 703
684 1421
2919 1125
2154 2124
1288 2510
2024 1326
2566 1345
2253 1684
1752 603
1628 1544
2375 100
2500 2068
2565 75
1450 2314
388 2056
1535 1579
1971 2025
2591 574
2804 73
611 287
2270 2147
750 1917
168 2345
908 2658
2839 605
1964 1123
1703 278
1480 2222
2700 2858
437 1257
2019 2237
2446 555
103 2216
907 167
474 1674
2785 1818
2772 521
2599 899
93 1611
299 1280
1385 1187
399 1033
732 2005
26 333
1985 2792
1698 469
2953 2072
975 543
2570 160
1282 2338
47 356
572 2754
1659 1173
2500 2873
1312 1960
1864 2725
2408 0
887 2670
951 150
2525 857
2707 2016
1153 449
405 1832
2747 2558
1087 1723
2692 2611
2755 903
168 1802
1969 811
1322 2183
2885 237
53 1212
2650 1605
2926 1369
2815 1328
1001 2077
1088 2165
1320 858
1433 2808
685 2271
1842 1757
740 2451
1766 1781
2426 1681
1076 1369
1292 811
2518 2759
1384 398
1615 2361
2486 86
1857 1491
557 314
1188 1670
1204 2030
1802 2129
1723 1236
1006 1491
1601 2393
114 1525
659 941
2626 2758
2319 859
349 399
651 319
1123 2838
659 681
2282 534
1602 2326
1476 2440
1907 1548
961 382
2774 1840
1340 527
809 1846
1331 940
349 1677
695 164
1181 1235
2203 2559
1318 323
1590 999
2145 1434
982 1095
2480 946
2371 1013
2126 1131
2593 2809
2458 100
1959 620
2207 803
1233 471
2104 1760
2165 129
1660 2241
1039 93
1943 169
853 1839
764 1595
1258 2139
1631 2163
1783 515
2738 1864
1616 381
2747 332
441 2580
260 2840
1211 392
1549 222
1736 1218
1486 252
2960 1888
1550 23
2030 1275
2376 32
1898 2635
1232 1247
1826 2703
1793 678
1133 1479
2005 1898
2416 696
1050 2194
1407 20
74 1247
2396 1485
1213 809
1188 52
39 426
1310 2789
474 2033
2310 492
1351 1003
930 340
2018 2673
1390 2699
744 1367
2047 2959
430 778
599 11
1935 896
935 2347
1471 1646
2431 946
560 2744
1831 2444
1221 2772
1098 2277
1185 1569
2271 551
1147 171
162 874
2251 2502
1598 537
1874 99
2949 1324
1920 2181
840 244
281 761
63 2145
2586 941
1329 1528
2887 486
113 1061
65 2094
512 2968
2906 284
599 1179
520 2066
1247 1372
1856 2179
1760 2291
1533 931
640 365
334 657
2809 609
306 541
1943 2644
495 121
2620 1335
2853 2735
33 2113
627 869
1995 196
647 809
682 2185
785 2077
1003 2795
1927 1788
1025 557
830 2736
741 1399
797 857
1605 2731
1457 1590
1607 563
1636 92
2946 609
1160 1066
2229 276
1672 1348
1622 1176
2720 2216
1478 2240
952 2709
2966 1369
2692 2340
80 467
562 2796
543 1515
2019 1371
1090 100
1427 756
303 2625
1749 2669
1629 316
898 2241
62 961
1188 1321
2517 1630
643 1110
2065 1299
1509 2355
422 1691
2625 2557
651 780
1679 2392
1680 505
1444 390
796 133
2084 1240
1895 2368
1154 837
1954 655
840 2325
806 1301
1860 2913
34 1265
2488 23
276 2515
2772 1255
491 2658
762 1066
2147 618
462 2780
2795 2252
1366 782
1791 490
2817 742
433 2824
126 1622
2003 1957
947 610
2358 1483
2719 771
2606 2247
1371 513
2413 2512
435 2933
357 2527
1751 1002
161 2242
1527 1777
416 2963
1250 2574
365 2923
639 2584
687 1550
1424 2862
2615 875
1086 1585
2015 1666
1604 1192
1326 439
1896 2191
2927 75
825 378
1464 818
2246 2506
2785 42
1061 968
2821 1823
489 1560
1364 1112
368 419
295 2007
1536 1161
1681 2913
2602 2934
739 1900
965 514
856 1531
1796 2904
2267 1419
2646 2021
1427 890
39 20
1238 1141
2206 1074
2519 2550
1351 593
601 791
1661 539
988 572
648 1511
2100 116
2761 1590
871 2517
441 2485
1094 2505
1764 1881
2307 2830
2704 262
1046 479
2042 690
2578 1066
2812 821
2704 165
2042 173
1750 1935
2759 2089
2219 728
2275 2323
624 1782
