3730 1000
1812 1460
3562 1857
2917 1065
678 2305
595 1491
2391 1429
1380 1801
3400 1971
3213 3484
1459 114
1455 1732
592 39
486 3424
326 163
1148 3401
434 3471
1925 741
3609 1319
1748 3093
946 3726
79 2518
1701 2104
1486 2357
1587 1210
1453 2114
2412 1557
2212 2966
2255 37
668 1331
1870 3727
861 3672
3357 1814
1191 2516
3338 967
1997 2078
984 3014
94 786
1946 3469
1039 3252
2231 1050
3613 2274
3710 1313
32 3297
2207 2629
101 3439
3457 2599
1382 1145
2269 1461
2244 2882
2446 1159
2127 2737
2789 1075
3708 246
2131 2623
671 3164
1559 3237
480 2731
1696 2435
3279 3216
3442 2123
3589 2853
2735 750
895 2300
801 156
3573 1596
1305 2754
245 408
2372 8
2572 2355
1455 1101
1892 79
2286 295
2993 423
2394 3025
3168 2486
3179 3406
2324 3149
2237 947
737 435
1442 2150
1820 733
1492 3082
1721 2411
3499 159
3245 3416
3364 2278
703 3710
716 311
3066 1796
3622 1420
3685 742
3348 2098
2845 926
1032 2246
922 670
381 665
588 3150
3450 3411
856 3668
1697 380
1865 1760
1617 2709
778 1756
3457 2058
3700 2903
2084 1732
105 3485
2509 2420
121 2038
802 1081
1919 165
158 1215
3382 853
1072 1713
637 1381
3651 2854
180 1708
1488 1883
366 1708
2485 3281
908 2528
2303 1889
2915 2618
1530 3541
1414 213
1433 2251
2731 3706
2029 2701
322 1491
185 842
1325 1569
2712 1112
1517 528
2440 1770
1337 2960
3022 2770
1685 399
538 1983
486 1498
1229 3480
1195 2081
53 2354
1764 345
712 221
243 345
445 2121
1197 842
2916 1568
2604 2799
1514 2727
1305 271
2285 501
2677 3283
1149 720
3715 869
2346 1094
880 1577
2411 1409
3406 1856
940 2415
961 2038
2467 2082
1914 2667
1334 891
2126 2529
3029 2789
3469 2301
539 2203
699 3717
178 3200
2716 2154
3134 1525
1519 2783
1785 3717
482 2891
2572 3665
3098 2733
2507 2072
3379 2610
380 3325
1477 3556
2059 3364
3175 3288
2028 328
375 1233
284 2811
116 27
1692 2831
3414 1208
3632 1801
2223 3638
2655 81
2347 870
3175 1395
2185 2721
2626 476
3589 2403
242 2269
2392 3576
2412 3398
92 1596
1890 2945
1527 77
436 3119
634 646
723 2664
1703 3289
20 2052
1167 963
2811 3070
625 977
318 3694
3247 3439
1678 3398
2661 2279
3650 2868
2633 1567
2870 3624
3087 250
3635 91
3367 1070
446 3360
464 3520
235 1145
478 430
3066 471
2342 2685
195 3207
2440 742
2025 2020
1642 2020
277 1711
2697 3107
1542 2531
985 2958
104 127
266 275
541 27
3167 1509
1311 718
1111 113
3423 2210
693 3629
3320 1201
2732 1991
2359 35
1312 2483
2583 3705
1517 3008
3208 1210
645 1678
1495 2109
2066 2566
3437 1478
503 3284
2926 1751
1569 2023
35 2468
3635 964
1456 312
3012 1326
2605 2064
2631 2586
2849 2531
1730 1060
3390 1153
1077 2825
3028 3517
2708 3296
2142 1864
3529 2100
2048 1488
2025 3468
3216 3061
2795 1883
3139 2283
1568 1861
901 902
3614 2085
3589 3720
576 3616
2369 3323
1807 2391
445 2427
3608 660
3 3196
2503 890
3333 2537
1691 3456
1602 3475
1091 1992
990 2116
1527 1882
1107 3242
1111 413
236 636
1153 3316
2977 2242
896 1657
2695 855
1135 2054
1960 417
2442 456
430 2393
1208 1406
1332 2148
1728 1400
1173 1293
1261 3080
2356 85
783 1677
3338 2010
691 3414
3073 3246
2939 3148
1505 1691
2692 1928
687 1508
466 3641
1124 2582
3353 2999
175 1341
56 3390
263 2707
231 839
1853 2843
3626 3319
3151 521
250 3483
1975 329
1815 512
1113 1944
1093 1188
1074 570
3580 564
2747 3124
3408 2510
1216 92
3146 3019
3321 2026
1852 649
3121 1572
3061 1116
3560 1318
2480 1574
1048 65
2969 900
2661 74
838 2715
2614 2889
83 1482
334 3388
2947 1543
1247 318
1592 3121
2731 535
830 1914
2045 1631
3126 2616
3330 75
327 1795
2241 1941
3001 2075
714 882
2586 3255
2547 2538
13 1241
3029 3469
2965 2229
1752 3524
2565 2787
2292 3303
1517 2312
1214 3254
3188 2336
3088 3313
1992 3690
1627 929
545 3519
1091 10
419 1413
1070 1264
254 397
2030 3720
2873 1692
26 1329
3624 67
606 2361
49 2030
2709 2774
1319 465
329 3261
1872 2898
2807 2588
2146 1727
2215 567
1835 987
2948 669
2798 1115
1504 3448
430 2455
2940 360
278 3526
1778 3283
2406 920
1026 1623
2406 3474
30 3365
1820 1198
595 522
2458 2944
3725 3076
183 223
1852 3715
3313 519
3452 2351
859 1380
2688 594
1946 2056
2418 1351
232 2923
2897 1020
1153 3064
11 583
3029 1371
2032 1822
491 3563
1950 1528
438 2767
620 2697
1543 1846
369 2134
2909 743
910 100
2467 528
146 1871
477 94
2300 3655
3466 1885
1136 1133
2335 126
796 996
519 398
1468 1082
1908 3079
2248 3549
3379 2483
1164 2390
1306 555
3121 1774
497 2639
235 2120
1851 2298
3305 2664
55 1217
1541 2104
3644 3491
983 2781
3306 1048
712 2356
3568 1698
771 287
155 706
2741 2797
3429 865
3657 536
3501 1646
1904 161
3345 702
1983 1546
1376 3300
2754 802
2117 3299
2460 1893
3517 1835
1142 2911
2451 79
3591 3217
3190 831
2456 2615
3370 347
676 920
2196 992
695 869
2357 538
2060 778
633 2730
3161 2047
16 352
824 3674
1004 3382
3271 2391
1833 246
187 1410
2827 896
886 1966
3668 1445
672 1314
436 1796
3384 3114
799 2638
1823 2118
2716 2147
3563 1796
774 3657
88 713
2647 3164
2301 3490
901 3118
937 2730
3659 2803
1408 758
2787 3705
761 2948
2241 1306
190 3039
2762 3642
1572 1550
2887 477
3424 3538
2684 24
2552 372
3126 2426
3286 520
2331 2847
2312 2586
3619 3725
2713 1173
3380 2104
3472 3433
2265 171
1373 2234
856 3695
2705 734
2223 783
2428 3485
682 2161
3515 2139
2993 460
968 2031
739 908
1808 2427
3489 3254
657 397
3165 2540
137 3411
1058 95
3619 2846
858 2486
2183 788
1576 3702
1354 2583
2994 1064
871 576
184 404
3248 1322
1404 1546
1238 2502
1747 3163
63 2399
2905 2547
2817 220
2735 1779
3518 2077
996 1094
3533 2103
3205 3111
1564 2751
2967 2147
791 1699
1789 1679
1399 1212
3086 1702
3703 1711
2182 1493
3057 619
1058 2495
3073 3618
1361 3004
348 23
231 3357
549 2128
1844 926
2524 2889
745 1382
990 2901
790 1273
1559 2576
979 524
1084 1883
908 3373
3572 1127
3256 434
3617 2916
939 1686
2879 1716
2450 2577
773 538
2845 872
3100 1035
2991 481
3183 3676
70 1964
2233 2464
2216 1150
404 458
1277 1517
259 892
3659 1836
317 974
440 617
1381 304
2482 397
3302 3163
3546 3299
3476 2917
2929 3184
1521 2675
1360 413
2958 2671
3559 3572
1975 1610
1226 105
1556 2051
544 1614
1814 277
1421 947
1845 782
2443 150
2182 2888
2706 2344
1959 1212
207 2419
1203 2665
2879 3516
188 697
1731 2197
1065 1526
1511 240
3568 3041
2289 950
1366 3042
3018 589
2092 1176
605 1353
1109 2176
2009 339
3642 3576
1344 2249
3645 1085
1834 3167
2822 1500
3285 3305
2583 345
736 2133
2897 2981
370 2142
2298 227
651 3306
1397 3272
3103 1519
411 2445
2462 1767
2118 2418
3227 2903
1008 493
464 3349
483 3385
2789 2998
3404 1852
633 225
1189 1767
1330 2277
236 412
2950 408
1272 294
1916 1134
3528 3591
484 3421
1390 734
2198 1853
1766 2774
1645 2189
430 2413
3365 1451
1744 2600
2288 1527
859 1883
812 1715
3174 3365
3700 2814
761 3181
3212 2333
3249 1890
1528 3562
1072 3255
2569 720
3358 1943
3241 2717
2567 1538
3703 3207
2699 236
2475 1090
3482 1479
886 1474
114 676
1603 199
1317 2971
486 2089
567 1837
879 944
336 129
3196 1417
475 2016
379 1468
949 2415
1255 505
3159 3624
1348 2143
3646 65
1672 2779
1662 3154
813 2136
377 2207
52 299
1378 1035
3277 2430
2832 3382
2525 284
1722 1707
2291 58
202 1369
1368 1191
3485 3402
2331 783
1212 3599
3671 2271
2076 2391
2354 3
888 3306
2388 442
457 1360
3634 2161
3081 3316
1506 2066
603 1478
2716 915
2044 1433
1351 3425
3466 1631
3392 1296
2761 2608
673 2180
1268 2287
608 2043
1512 325
1912 1296
1644 3233
1404 2080
3298 1850
214 122
2179 128
405 300
1626 395
3530 2540
1415 1108
462 2451
2042 3123
642 415
1636 2223
1571 2270
1769 2848
2226 3131
2846 528
3485 3472
1091 1018
2420 884
122 500
1938 2175
3112 1086
1391 1955
1266 1929
3525 3296
1417 857
401 231
2432 373
2975 1595
3606 2016
1069 2934
2250 190
1037 2116
2913 1005
2451 3145
748 1609
2502 812
1232 2467
1489 3411
1004 1868
1853 954
3025 3085
3143 1017
189 2933
2834 3151
941 2544
1551 1037
3254 2961
1410 742
1322 2521
2461 2827
1120 1984
542 1088
1000 488
2606 499
3496 3090
1775 1883
143 634
1364 3616
1810 1520
693 1313
3667 3206
278 448
3535 3533
2682 2179
2343 1202
1399 947
3101 1337
2732 2113
1526 2564
3138 1968
3280 2828
2206 1765
1700 944
3715 3520
2657 2093
905 3161
2177 2249
2095 1244
735 3511
1017 2076
3187 380
1016 1788
1266 2339
2730 1092
3700 3160
3249 1297
826 411
1715 2778
3265 1296
3448 1491
1221 3570
218 1798
2973 1771
3494 3318
245 1403
1579 1092
685 2738
1305 3683
1696 2847
1701 2969
2925 2435
3623 2730
2549 3289
345 2835
2196 3296
3372 1080
1311 3546
3237 108
3685 2858
3381 365
357 2287
1686 93
2016 728
342 440
2174 64
665 151
2079 2293
3529 1432
2258 1673
3544 697
1282 1326
2061 1412
2730 2828
1929 3633
2840 1655
114 2102
2728 1919
877 3444
3241 444
3029 2657
3144 2484
599 1016
417 3571
2403 1264
23 3679
959 1538
437 3264
3058 3648
3620 1377
378 2362
1191 2882
909 2025
2835 685
892 729
2050 1592
390 2383
1140 2789
145 1433
2592 1057
2754 3628
3618 1995
1803 1383
838 3190
3597 3064
1569 3030
3559 3667
2504 2191
158 2800
425 512
952 1812
3381 956
3652 731
3265 742
2844 736
15 381
3628 3032
757 119
3108 1665
3435 3582
1788 2754
2109 2128
493 1936
1523 1824
1223 734
1924 2283
1227 3696
73 2037
2600 1026
1196 3496
171 2956
800 2596
2697 321
2314 2594
622 2985
3568 2730
2372 1666
130 1613
2817 426
2697 3026
468 3415
972 1952
2654 3105
3664 3724
379 807
3511 1727
2696 3423
2660 2826
3507 3374
2685 3582
2877 850
1515 2463
880 3118
113 32
500 3657
3641 576
343 211
489 549
310 797
2344 2067
315 2597
1770 118
1802 2132
1394 1543
3347 361
1210 1211
3000 1686
2014 3535
295 3048
1918 2036
1645 5
3334 2002
2108 3192
1761 1099
2959 1938
2515 929
3685 202
2940 959
3562 171
1637 767
2084 1366
2126 3410
106 469
136 356
3125 1893
2258 1501
3496 3236
2112 2461
3297 3562
2193 1161
634 613
446 3441
