3530 1000
658 3342
2788 2188
642 2733
2281 2750
1355 60
362 2863
2292 222
92 636
2657 2017
3511 122
1199 653
3093 785
2069 514
2274 1698
1334 534
2583 2241
1271 351
1743 2543
693 3079
3054 1543
2020 1260
3488 38
2859 649
2313 1474
2654 1523
114 1672
2436 1905
2339 3467
1950 2532
3236 1738
3230 713
1653 2806
869 2967
303 153
1486 333
381 3305
3207 595
2411 3037
197 1812
1095 155
3364 1243
878 2892
2106 2171
1301 2626
1062 595
2177 1810
2223 2269
2937 2931
2958 1583
2691 449
3244 415
2856 655
30 785
137 3261
3436 2638
2040 327
196 1417
3425 3032
2367 1541
1600 3265
2412 1414
433 503
3269 928
2430 1541
3506 903
1328 2313
2632 3129
929 3265
638 940
681 1602
188 1727
2023 1096
959 795
1461 141
3145 1363
2588 2068
3073 2747
805 2083
1577 822
1287 565
1839 3500
2938 2638
1119 1244
1285 418
869 158
703 1160
423 2778
2871 378
320 73
672 4
897 1792
1469 89
2944 870
826 3508
257 362
953 1618
2434 2497
1407 1496
1905 3265
819 340
2039 3040
2953 2429
1090 3384
2174 3190
2212 1984
444 1157
2958 1336
1501 3492
2157 1494
1452 2642
775 1333
3121 3379
3518 2135
3515 3106
2076 415
2091 1629
1795 921
1680 1054
1440 1551
127 1135
439 1015
3183 3455
3340 762
604 3312
937 1495
1174 1550
639 2844
1449 2484
1811 1513
604 3489
1082 2104
2066 578
1997 726
3444 1145
2842 2801
2502 1552
3467 1211
3332 2994
2991 1300
1204 1004
473 3439
815 2989
2123 1412
3310 470
2991 3159
3504 2004
341 2909
2686 2176
2089 723
958 1166
1944 2399
803 73
934 1874
2848 624
3465 1620
2929 1076
1310 374
1037 441
1607 427
932 942
3026 3290
225 2785
2211 3102
2034 926
2343 699
3093 842
479 2060
146 3459
2514 1310
3155 1630
3235 881
2304 1391
105 1977
2647 1071
28 534
253 2291
1317 2334
2551 1546
23 1265
1132 3448
257 3268
1805 2165
361 730
1684 643
2350 1895
2035 1906
989 2536
3070 2664
2798 3314
186 563
956 2654
2177 3025
188 1096
2855 1192
908 1210
700 3156
2159 3479
1994 73
2918 833
2162 1619
1520 2777
991 1535
2121 100
2178 97
2344 10
300 585
2313 1371
464 1307
1808 2688
2510 1894
327 2635
425 2307
3003 606
2673 462
3238 1693
3437 303
2145 1681
0 671
2539 1735
112 2432
2616 3204
371 170
1790 226
554 2884
3316 1744
2761 1883
2296 1442
123 1458
17 2963
2816 1970
3528 1087
2386 366
1960 1938
2862 637
3364 1610
479 2007
2488 3502
654 2720
270 474
1188 912
59 2156
1907 3337
1065 594
1799 213
227 3259
2357 2783
1192 233
3019 1713
3127 564
2368 2309
2159 2700
742 3522
3311 1073
2887 2624
2630 467
876 171
3402 2238
1688 3309
176 3309
2258 1976
1740 1367
3072 3468
1023 786
984 2745
788 1755
205 1109
50 2669
439 1442
462 2423
1451 200
2106 1834
2803 940
1657 1242
2240 2417
2891 996
1459 1766
1119 1755
1562 2220
1238 2557
920 1474
2597 2883
470 509
2509 728
1624 153
2475 2630
1599 644
2916 1079
322 906
1792 817
1930 3505
1349 978
3401 2743
2564 2505
2871 2412
1137 768
903 3367
2252 2582
153 1426
1586 3208
546 1991
456 2982
923 3373
2670 3290
840 2415
2670 2177
1893 371
2817 2728
1558 1790
1338 739
1471 596
3337 2199
188 2769
81 739
2076 390
1478 3003
101 1572
1447 504
2076 2261
139 3016
1163 454
3228 3263
2187 2372
1469 2253
2124 1151
472 1281
1771 671
3219 1491
3015 2995
800 1372
947 3005
2458 43
1421 3411
873 3029
1154 1084
2703 2521
3443 685
86 1980
198 1430
2704 3356
1930 1210
466 3085
647 1572
1600 1623
1656 2561
871 2038
202 3037
2464 2052
1203 1644
3101 1074
1502 2407
3242 137
730 1317
3256 1335
1355 526
2664 2143
868 3514
3336 409
2741 2191
495 3160
1962 1163
890 2247
1497 1362
1283 88
664 1972
546 3312
709 2533
3451 894
1993 2770
1818 1289
376 2085
1032 2542
2192 1312
2289 892
2908 3036
1817 651
2393 2158
677 1506
334 3042
1193 1455
753 2318
2211 1320
1346 1143
3025 2229
3266 2632
2565 3201
1038 616
3015 373
2950 536
1505 1401
1232 2312
2817 3432
614 3360
1837 2415
135 762
2735 2039
890 3025
1945 1453
2061 1466
2245 2948
623 2230
1081 549
991 23
1900 2443
3008 658
2416 2375
3196 1779
2687 2167
1798 131
1331 1301
1324 2223
1579 1114
1629 2778
3107 3500
2898 1991
969 1987
949 2187
1025 850
1467 3464
937 780
781 1096
2497 1983
552 1591
630 310
932 2087
623 3415
317 912
482 1468
1685 15
1305 145
3093 564
1103 2584
713 1816
1260 2467
410 2995
2659 1549
63 590
2891 967
3370 2583
2713 2436
3166 2097
92 1425
247 1042
585 2050
1747 246
863 1626
2948 1823
758 3281
863 313
484 2778
947 414
612 1896
650 2690
2003 181
1481 1899
1056 563
1768 1354
3261 2287
531 3432
127 1742
3203 1803
3346 737
2362 2577
2729 470
1044 2004
2587 431
1214 201
2628 738
208 1175
175 2577
1648 1116
2942 2390
2473 2030
2293 1763
175 1619
973 23
3497 3126
901 279
1979 1724
565 1900
1435 1572
1344 3410
1210 110
1417 492
1700 2934
2773 1150
2039 2494
3501 3226
2775 1943
153 2236
3484 1349
1079 390
948 1992
2100 1875
1619 2793
858 2045
618 2309
937 975
2864 3351
3142 2859
2812 2862
518 3249
2034 1614
2980 2605
2181 2649
3299 2727
1300 1452
1922 3471
412 1193
2599 2010
2319 911
1406 2746
3448 1049
2477 1397
1167 932
1541 442
3227 2120
994 2081
899 878
127 3397
3490 2872
140 2553
1760 1686
1240 2850
1321 2813
1510 2257
2287 2590
2600 2912
2596 3385
1337 1767
257 1376
1730 1150
126 3341
69 2474
319 3109
2180 898
932 1144
3241 612
2295 2576
867 1425
1610 1236
3289 121
2056 2877
1582 2064
3383 136
321 1792
3275 3099
2556 2456
3053 1888
2756 1323
1918 2962
3116 3488
361 846
1020 3471
438 1833
3355 1650
1734 1743
125 2086
1748 251
539 1005
2799 986
1852 2291
2508 2265
3390 2973
963 154
1444 2020
814 3130
957 2347
1648 1823
860 1839
2306 1074
3028 1053
2993 1267
3099 844
1366 1071
2616 2346
3243 1960
293 3176
152 2105
1538 1288
1539 2089
3394 3468
84 2595
846 892
726 2347
1371 814
2933 210
232 146
2614 2783
2582 957
1740 1320
990 2862
833 342
1535 2839
2076 3033
2031 1820
2559 3229
1090 589
2913 2075
807 2273
3225 1006
2556 2041
1584 3028
1902 2099
418 1325
2078 1904
2919 1522
2032 1254
3206 2980
1095 2137
1288 1933
2751 2874
2730 1614
3364 3004
2940 730
617 3403
3071 2326
2816 2189
3400 3189
2485 297
2624 1755
1051 1295
1317 29
346 1774
2510 3443
3507 1181
1739 1269
3071 2038
563 665
1922 624
2394 1323
3294 1382
2858 59
2218 3185
3400 1596
3524 3081
3214 1886
1405 1087
903 441
3500 3456
754 231
3021 665
2488 2168
900 250
924 472
2598 2449
127 837
689 348
733 1554
1542 3014
744 1968
1434 1652
3390 2657
776 3484
2906 52
3527 438
1443 875
1536 3126
997 1624
1777 214
1587 765
1453 1534
2869 1418
666 2842
2667 2387
1175 1696
231 345
300 930
2834 1651
1127 2900
2920 2082
933 1780
1208 2842
1906 1182
3004 3319
1058 523
1076 1106
1876 498
909 3307
2899 3089
1994 1375
3052 3335
635 47
3075 1833
2047 76
1932 884
2114 952
80 2458
361 1292
944 3494
1212 3509
811 74
153 1919
2694 2402
942 2521
3397 664
2885 2188
2708 1296
2764 1476
2525 647
1105 2609
2353 2135
203 2370
2708 3521
2371 284
196 2927
2948 1336
2981 526
2078 1943
1854 1492
305 303
1584 3402
722 2318
1885 898
3486 3123
1781 293
667 3164
1479 2924
2952 1338
901 613
1528 3427
870 2648
1921 2779
3143 823
521 875
2895 2592
875 1006
849 2381
2405 514
60 3031
3442 2722
2229 3461
1793 3196
1539 826
3005 2545
3016 1302
3179 399
3 3185
580 1857
718 2201
1601 1168
1336 2248
864 1323
2970 546
2607 599
797 2120
2867 420
2016 3031
3369 1046
2003 2928
3371 2000
2926 649
3110 2489
1039 3524
1510 3300
3408 2836
57 2403
1767 1643
1037 881
126 1369
2989 796
1301 2127
1752 2458
2921 3085
2346 861
863 369
3194 2281
2103 2786
2370 609
3125 244
209 527
2235 2239
2635 2103
3231 1016
740 477
2256 863
341 832
28 1575
2714 429
1834 3424
863 1663
1403 28
2057 2256
2563 3307
563 3516
275 2371
2415 551
2934 1702
3435 2061
950 53
1296 1313
70 1146
700 2984
865 857
3205 3370
2533 403
1443 3143
200 3378
923 123
89 1310
2609 3398
9 1449
1933 1699
1656 2316
2133 114
2896 677
2443 143
2676 1996
926 2140
1557 1279
3450 2720
472 2759
879 2167
3225 1356
3419 3497
883 1575
1983 1542
702 101
963 2229
714 741
1329 1121
98 1274
1925 193
3518 498
3122 3326
3125 289
865 652
3128 1643
2290 2915
1853 2405
1505 2599
762 632
3071 584
90 1177
1264 2007
3263 3365
105 2144
1943 2214
3330 3387
1876 2236
418 2240
2454 2667
289 779
1195 1290
3438 222
1707 435
176 319
624 2439
2768 2521
3452 507
142 2809
3334 2495
2722 893
89 227
806 1519
288 91
2024 852
605 2435
772 3498
3198 1023
537 2983
3404 373
864 1617
1533 1881
1146 2879
424 1741
33 3009
1241 1768
2593 1689
1381 737
1915 1639
648 2128
1557 1844
2934 1664
1484 2530
1854 861
1482 2049
1526 3426
1548 1660
2376 1275
1450 2123
3013 3294
546 3465
2955 1658
785 2351
293 1677
993 3348
3139 659
310 1072
1732 3098
1175 2915
3444 1673
1142 1402
762 1296
2601 2951
2880 430
3246 442
3208 527
2320 651
2576 3115
1751 1937
851 3363
340 2964
571 1461
1457 557
3436 746
1101 3043
652 1273
2141 2035
1495 1823
2582 2997
2990 3301
1347 1701
2786 1072
608 1575
2174 2617
633 481
2530 1739
2493 3381
337 676
3475 2014
452 2539
1709 1813
341 711
1895 1255
965 2874
2915 777
2795 309
568 355
224 391
7 2855
3254 65
1367 3401
1481 1627
2427 2109
868 1889
3131 1525
604 1284
1927 2485
1090 2199
3161 543
1605 1361
722 2994
1002 1604
1519 506
3102 690
357 3409
1562 412
3163 2235
2162 3367
3045 646
1984 2855
68 3400
1042 147
495 2796
920 1911
2694 1617
2902 2113
2293 2124
1208 1018
1058 2388
871 1189
3190 2169
889 3146
2430 1982
3113 2999
1236 2478
1611 2029
3012 2820
1789 1878
208 1460
989 2919
1365 321
1030 2105
939 1188
346 1108
1862 912
2218 2579
6 1560
1200 560
3184 238
3171 312
3447 1185
1935 2691
1191 2736
1142 422
1619 1838
3253 1967
811 345
811 1177
770 3437
249 985
2444 1875
126 130
3279 3327
980 1128
3268 3447
594 1951
2362 526
1482 1789
2993 1293
