1930 1000
537 62
122 1015
1811 454
1685 1005
292 521
721 1538
1745 462
3 502
1763 353
249 1239
737 1029
148 1465
367 1847
771 729
600 1066
23 1119
769 940
74 1436
600 1758
842 1776
1097 887
1062 1723
898 1500
775 1559
98 778
973 230
1461 1743
1650 934
373 676
362 926
1858 186
135 647
1044 1034
260 543
248 1821
1711 785
1114 1012
124 33
1513 1517
1613 1602
57 1894
1338 847
391 1884
59 219
691 1801
1893 894
1291 1158
600 210
612 198
1442 814
1251 1845
789 1523
719 364
1161 424
1111 742
987 1100
1197 1307
1589 1292
1338 667
893 1031
534 1263
1064 1301
203 897
724 1264
869 1547
319 1130
1328 426
117 1618
982 204
1091 1718
249 864
1368 735
1864 1543
838 119
637 229
1187 1776
695 1005
470 840
1519 678
93 531
351 1306
1563 172
1542 1916
183 1397
1050 496
1455 72
713 1545
335 1053
849 1015
1172 1265
405 1810
355 1638
777 537
356 401
1611 604
908 1225
1092 945
156 1407
1389 694
1695 228
425 62
1764 1657
1493 1584
1083 1264
769 1903
192 971
1520 1827
1900 1450
24 1545
803 135
481 539
135 271
916 1171
1553 701
1018 1071
355 1824
972 99
570 25
1826 1211
1506 1563
573 1228
1592 1666
1183 448
91 562
1480 1285
1162 267
1908 1093
1592 1280
323 430
1547 451
1376 1860
1538 909
221 496
100 796
984 933
272 400
1497 749
1316 1299
664 1725
1027 807
205 764
239 1375
991 1914
1647 334
854 967
455 665
174 1903
1903 1642
1233 526
1483 1077
930 1551
1562 1535
908 1509
114 1599
1839 440
1245 1049
444 956
556 1439
1240 826
1374 413
338 39
400 1678
1180 775
725 1307
1128 800
781 1309
1888 9
1257 1039
984 336
1611 205
429 1319
471 1472
20 1807
1215 1364
317 1612
869 571
1788 362
485 1266
565 1132
1678 1753
1783 295
1710 99
95 88
1101 1487
600 538
566 1453
595 1156
1411 1353
1843 1537
1410 1179
1030 825
420 39
1515 1540
1526 1109
217 884
1314 1066
1398 56
550 865
418 1285
1083 1172
570 714
241 1325
204 1188
1062 1907
103 1428
213 817
439 890
122 1884
1765 1759
1341 918
265 1089
477 443
1337 1904
485 429
1093 403
651 770
659 1523
1003 1094
1593 91
1059 334
442 791
126 798
1589 711
1728 428
908 1487
1309 226
368 1751
1743 345
1285 1414
523 786
749 1379
1368 1214
1746 1383
9 690
932 1230
425 1705
1598 1722
752 1258
1464 954
1672 794
1050 1307
749 1305
893 1535
901 727
1087 85
5 1583
1849 214
178 734
886 950
907 336
695 1628
612 1014
1269 1570
457 855
1195 500
1512 1164
417 99
1781 1440
285 1389
46 140
626 1781
1299 713
160 978
311 918
1860 121
1612 1321
884 232
140 1547
1618 1848
870 305
726 615
894 1864
1887 845
1032 120
886 615
1815 1298
1106 1343
376 817
929 665
1491 1176
474 853
258 917
1588 723
588 1302
932 102
1094 883
1604 1443
1563 1550
1682 1907
848 1234
1280 1411
602 108
626 1418
1012 1145
454 1143
989 1104
453 667
1810 880
1597 760
278 1608
1240 1078
608 597
1240 1065
1082 630
253 1296
1232 1847
131 1077
1236 1124
859 1603
875 1242
1809 57
289 1493
1302 51
192 1550
1843 523
1453 1772
1191 1467
1477 1016
419 1638
1575 596
1796 1333
1214 1918
170 1788
640 1304
240 381
50 408
1087 902
778 45
932 1326
1426 1827
1371 1344
139 573
77 81
1604 1507
6 187
820 1621
939 1702
1449 1591
1896 1410
1346 1399
1031 167
225 1236
819 1557
23 1796
429 705
1601 1880
246 797
123 1014
1134 1003
1198 582
455 938
363 1855
847 283
1139 1079
657 295
727 119
1096 1211
743 592
716 221
721 888
1102 918
296 433
856 611
1867 874
1424 1562
579 1872
650 1168
1801 674
1109 1167
835 973
54 109
252 674
199 1050
339 325
1004 1165
1165 816
644 1028
440 442
891 821
1786 1303
62 142
53 226
1406 1097
1624 205
270 1461
87 824
654 273
1014 137
172 1130
319 275
1097 306
1425 1409
295 1085
10 364
1080 1566
617 539
349 158
1790 247
136 1167
691 432
1417 1461
276 11
115 745
206 1667
1162 1253
334 938
1648 110
1455 1619
1824 1368
714 114
754 1151
1476 1836
636 1550
797 1013
707 201
1694 1824
247 1878
1077 1788
1592 1159
637 588
741 1240
1047 1754
873 1337
1807 445
861 600
18 341
1421 1755
842 1804
1392 1125
1737 1885
851 1041
1102 1269
1107 1242
1542 1923
780 434
270 1266
1763 974
765 1399
426 1206
1746 840
574 784
1681 1575
301 649
857 1199
1261 440
956 305
1888 1012
152 586
1618 279
1135 1835
426 174
1714 1172
780 986
430 1156
839 917
1726 83
482 230
1876 1319
192 1311
1796 1799
463 23
368 173
1520 1843
544 1206
1182 1116
683 351
645 1379
299 476
1815 479
1006 1037
1601 574
689 1287
1112 1537
1135 1691
971 1052
363 1382
1335 1204
359 1523
62 1416
433 1398
506 682
99 1021
1346 214
787 1735
1464 1297
1783 867
402 1471
691 862
1554 708
270 983
921 96
881 837
1342 1113
1199 1690
1926 705
1923 1856
268 392
827 1732
892 917
1182 1292
379 1160
262 66
1650 1246
1000 942
187 16
497 1390
625 337
1457 208
1109 179
482 1460
1835 791
1128 1250
294 32
81 1048
729 478
1437 597
416 164
84 1246
1777 1635
1547 240
21 158
37 1214
1054 313
105 383
867 1579
1329 346
1470 644
1171 1814
311 1747
832 1302
268 1880
1167 1500
33 882
1437 46
1555 959
1291 375
216 356
1769 952
1638 198
1663 930
480 1782
1394 429
1511 1277
1634 1434
617 881
442 318
1919 657
1063 778
788 1122
163 1818
928 1351
125 1172
431 1584
230 1683
1300 707
1278 53
93 260
742 1908
1122 1467
1384 221
159 594
619 748
8 1605
112 158
980 1047
287 1295
1541 748
1255 302
33 1772
1501 1703
1673 812
1487 1464
682 1196
299 1183
87 678
334 1068
992 195
1367 240
1804 1187
1831 612
1750 1607
737 589
443 723
1402 87
355 217
495 631
210 1885
1000 694
385 852
1664 129
680 1694
1780 937
1698 1793
186 1295
32 1864
641 859
1394 806
717 478
1868 974
804 66
474 874
633 883
1578 1581
750 1673
976 502
1446 1517
1024 413
349 164
1890 16
1717 34
1224 747
1925 646
1709 1255
703 1912
1356 287
65 187
934 872
579 702
590 106
670 1391
1598 1376
209 931
1231 700
1171 1197
1626 1024
1761 246
524 1346
19 1887
1728 1144
1705 608
685 1277
596 994
240 1293
1391 396
1434 1765
220 1662
481 116
855 107
1465 1312
806 426
497 503
1385 1411
39 1252
1731 943
360 1650
1674 1114
1306 1136
1607 162
1611 1591
1565 566
1093 1432
81 1402
42 1793
613 691
758 1757
329 484
1588 302
1514 1027
101 178
1165 215
1901 335
1773 828
1159 1161
1081 1602
1001 1093
414 1104
1546 467
1427 700
1809 771
552 492
172 661
844 1083
643 281
615 1568
1667 867
960 1091
1320 1317
155 1209
1807 1424
240 781
1691 1254
1732 1354
1664 1858
1398 90
960 704
1768 1851
1395 1300
1378 441
1007 1862
1409 125
888 1399
1196 271
885 869
691 1473
751 830
1156 181
1752 901
418 1550
571 1707
1001 278
1701 1227
1679 1360
1455 372
886 595
1721 323
1632 759
847 82
1645 291
4 105
349 1614
673 1240
1396 910
1242 1712
1838 732
319 374
274 1439
6 1495
1127 822
928 1725
993 854
147 1666
750 1336
1191 1408
671 441
1866 1667
116 123
1189 1345
583 601
1546 427
1186 588
1594 1015
577 704
578 1238
504 1368
1666 1338
53 1851
960 1088
1607 781
364 1824
992 81
803 25
1732 413
1171 1862
1371 303
1298 213
67 1243
1009 779
171 1905
1068 147
1131 1463
1582 640
958 1515
765 882
590 1767
295 1891
1050 1182
1825 655
1231 427
547 854
1 1417
980 691
898 133
1903 1515
591 1488
1140 1451
1165 1083
1571 851
1507 70
1854 912
1008 1543
1386 1246
36 78
269 1383
1527 308
434 1586
855 1231
1522 1463
868 27
1041 799
1546 1139
697 817
1841 1313
1018 50
112 11
1218 1022
820 746
1756 831
1163 323
1553 1089
1697 344
72 210
1683 1481
1409 1447
897 370
1677 220
283 316
1656 1330
600 1209
555 829
1791 1119
820 940
1828 1714
1616 1719
1271 822
988 1927
209 1864
392 664
192 196
1542 397
528 1575
807 468
1160 747
714 821
1037 679
1907 1434
935 309
505 904
149 1535
320 989
454 374
557 360
12 1003
1783 170
1502 1147
726 182
1573 1509
1561 1347
1231 1378
1824 73
553 15
1489 1317
493 48
1196 574
1283 1198
1264 1076
25 516
1393 1903
1812 1775
730 881
1132 726
1783 492
1878 1081
160 1368
1186 1661
1821 1269
696 1900
193 646
719 54
1129 1504
1613 7
895 1737
1164 1343
1402 888
1834 93
1742 380
499 892
1396 963
574 39
317 158
767 1815
1144 708
1488 978
1450 775
1688 1643
1400 827
826 1762
949 1858
1375 1640
26 1393
1261 1832
1117 462
1652 568
774 1381
809 1540
1763 1634
57 81
425 901
1079 1249
1539 608
368 1650
439 356
1421 1867
673 706
812 1060
1425 1371
216 694
349 1012
791 536
1807 234
1585 468
890 985
1871 1880
189 1204
752 611
819 1566
668 456
1653 595
1858 1232
618 1361
1907 1335
1423 934
973 307
801 617
1479 1470
1586 1782
1124 383
764 1045
1865 1842
557 731
200 1193
726 1150
401 1249
992 618
283 1613
1119 870
1289 360
1888 333
696 762
1278 72
874 270
1360 1541
251 113
1182 1083
1856 1215
85 1598
1286 1304
45 494
1521 1402
855 1078
647 1030
797 1411
1779 1260
1333 292
27 456
246 440
1588 1491
1748 1261
783 824
1571 1244
1875 1633
595 259
177 267
688 1766
932 83
1416 53
488 616
1326 1335
1388 1544
302 518
589 1627
38 695
91 1858
227 1447
694 1730
1528 821
924 98
1026 1015
1351 332
1533 381
869 1196
1806 939
1596 1448
1723 419
1549 1351
522 115
224 111
1916 69
406 566
5 317
1608 1380
1607 346
1147 163
1440 119
526 991
1695 423
1825 1593
1365 1010
273 1000
347 1654
1875 106
1864 1813
884 582
857 956
765 1670
1346 647
1655 1287
402 1558
1138 1005
1690 1359
1545 1037
814 1485
323 0
1226 1017
1346 1915
840 1226
654 1200
1463 1225
1198 1036
1530 384
551 226
