1690 1000
293 710
547 93
1482 1488
1300 760
284 1454
92 744
50 898
460 978
1098 1257
1120 1160
1406 1298
894 75
237 418
1163 1298
1524 1156
417 516
293 674
1390 371
1430 1517
510 171
678 25
856 1009
171 1608
1472 1338
158 943
629 836
155 925
681 1334
953 1176
1439 1002
1577 1039
242 805
215 913
979 1526
748 259
718 1000
277 1482
1244 166
1510 1110
62 596
1154 0
158 1379
1348 1571
1632 95
1353 192
1468 687
1289 1667
1380 342
846 1237
1383 679
1200 1400
1148 871
1393 381
351 1210
443 542
1149 1453
526 1086
314 1090
274 246
321 825
422 54
1268 19
622 238
939 1095
1653 1321
1625 1466
591 274
1069 1648
198 243
1310 1303
750 853
751 558
373 1571
886 1465
831 1420
1387 934
1304 989
591 632
843 826
454 998
696 1172
1229 1559
113 578
27 824
78 241
946 1112
311 502
1328 19
1381 1059
331 1027
138 1360
1158 684
822 813
965 773
416 401
862 796
518 305
1502 1191
298 1266
1272 1090
104 232
1473 860
489 54
1533 923
1564 951
935 423
1002 256
422 617
673 328
1277 527
839 1571
0 910
721 1307
1353 1308
979 1059
1205 1392
1197 1512
1212 1516
570 1098
1553 1270
1590 854
1632 1058
705 1326
675 242
56 1255
1321 1021
737 1502
512 1165
176 1372
1229 940
1399 1489
423 543
1073 989
552 882
643 1361
350 455
397 628
1171 909
1311 1351
629 12
1563 1316
298 829
1426 51
335 1118
831 435
1670 832
819 295
908 481
1667 189
1495 1209
1254 1110
1207 189
1261 477
913 627
168 1215
1651 1623
931 245
907 226
674 705
277 983
1293 488
571 865
877 410
1576 928
1268 1184
306 1295
258 1181
464 946
164 496
101 484
1393 1257
525 1348
688 754
536 243
1 1313
806 1165
1557 140
85 1085
1449 863
781 614
963 111
1459 1421
271 1301
1282 1261
155 257
480 1074
323 51
1482 311
1674 548
495 177
685 457
654 1253
1462 180
1032 50
174 1541
1222 1251
1569 1006
14 662
1669 1503
603 598
1060 776
173 936
100 1400
1075 949
1499 736
982 767
768 523
1457 1485
1184 1507
732 43
339 346
518 551
311 1392
1380 1500
1172 322
29 306
363 1179
804 1054
1450 270
1100 1575
449 498
599 987
408 452
653 1631
247 568
1235 274
200 373
469 25
1259 668
1122 867
911 313
1575 1296
1226 662
565 891
592 813
1504 786
1097 919
507 413
777 1356
782 534
298 309
365 1581
1450 1597
1685 1013
594 31
988 1422
1307 1078
474 666
173 1306
1020 1653
705 511
217 1647
1574 1056
780 133
1060 1678
1223 1057
366 50
83 1228
1649 1249
1365 811
614 502
1305 424
427 1504
198 887
1028 1173
380 45
565 224
628 290
1162 176
36 275
829 476
1129 1
1243 1673
1208 1375
616 924
121 1326
340 1317
681 357
1602 1395
1085 895
1122 516
826 88
1462 910
1055 1204
636 1260
1683 344
934 897
500 56
150 265
1524 68
1428 1258
1316 1472
932 407
314 716
890 163
301 1061
92 1111
455 920
819 88
758 763
437 885
433 1191
347 444
852 180
374 729
1286 686
650 1318
114 1340
1463 1669
269 905
51 1314
622 634
1461 446
424 1057
769 1070
1278 864
747 645
1101 1285
1052 539
507 432
1220 777
117 336
1600 564
560 1441
533 1172
841 514
1402 700
1454 692
1386 641
435 1287
393 1245
18 963
1530 1648
821 1227
1286 128
92 597
1237 74
343 1014
1090 474
1381 454
754 926
1185 1478
1004 295
1233 74
684 249
1079 843
1564 1287
1563 31
43 418
1156 272
480 276
141 878
419 1310
1629 1473
453 990
318 438
1571 1053
629 624
1136 71
203 374
1350 1447
555 1238
561 28
176 433
165 837
1096 215
243 788
1235 1656
14 585
23 1184
1037 1395
1466 532
653 419
1461 660
186 1236
1 82
1307 357
415 1353
1078 1020
1424 704
1073 311
270 392
1458 685
804 996
1426 1505
1439 914
343 818
500 1376
1284 980
1430 1493
1075 672
6 1566
936 884
1578 1465
729 506
929 1679
772 1380
1039 1384
127 1081
760 1422
1410 1318
23 871
526 1085
1374 1072
1606 1496
800 155
1382 191
1417 489
471 164
1362 1473
301 382
969 1614
1059 1664
244 195
1060 1571
1490 387
568 1024
91 48
1558 881
429 719
661 1163
727 1181
1519 1482
566 405
561 315
703 310
1673 1682
1561 129
649 478
1022 744
950 759
1387 1025
1028 1676
986 1172
171 47
705 1282
1215 274
378 790
455 122
449 337
921 182
1228 379
1504 1191
1187 726
1316 263
1663 301
1137 1062
1572 940
1563 1274
1331 367
864 1502
641 496
463 1407
956 835
676 270
1061 1555
1548 1665
1523 359
958 410
620 1507
908 1127
802 876
1492 1203
1037 108
799 111
799 576
305 3
1065 1527
291 1081
1444 89
439 650
1504 1046
1362 994
1387 502
1591 508
486 1475
1596 860
1469 1479
1663 549
114 1603
1448 166
1406 339
562 534
1312 1428
1269 1435
951 1238
1683 27
815 136
454 1394
21 1504
1000 1298
204 1341
1058 1168
493 241
209 70
1048 127
704 1426
1390 130
675 807
867 1555
133 671
1334 1460
742 28
1369 685
386 832
854 1195
1012 1203
1480 631
1072 1160
1023 288
1095 1334
163 414
1408 1363
1514 1
1041 784
956 432
1127 1599
758 1435
208 965
378 870
665 1503
1280 1305
1427 1493
1497 1271
1508 616
45 174
1339 911
554 796
79 1352
1274 1267
1202 342
874 133
417 927
509 215
1173 591
1579 200
599 19
291 1354
465 691
1616 757
317 37
1558 1131
648 1577
38 473
830 200
41 1437
1411 18
60 1235
1611 577
1201 645
1670 1463
416 1047
833 900
498 463
694 434
925 1407
1261 1458
1430 1056
107 1639
156 1603
1271 1618
1030 606
1459 1365
1178 772
938 1610
1391 1221
47 932
1064 671
611 1418
525 1216
1550 1273
576 957
1461 1136
922 1540
706 149
463 872
196 851
407 1323
458 373
1443 951
880 474
1222 1388
1063 1153
76 1297
964 128
378 1356
1452 164
647 87
1198 210
405 481
175 971
1492 1048
1359 1668
1514 1095
1033 776
1275 593
749 1063
1440 1350
790 581
552 991
673 615
1595 347
57 719
950 806
209 232
1109 416
1633 273
1207 73
936 505
347 302
1468 576
1218 120
448 594
1153 519
1594 468
586 1398
131 1497
659 359
1500 1160
966 978
597 91
503 1035
1396 1397
697 72
242 135
1054 1567
1030 1269
575 1077
910 1588
115 1157
1225 508
230 432
389 608
403 1226
1115 966
1173 1642
853 1349
43 940
322 57
1083 1444
338 129
95 267
905 363
84 557
749 87
719 1366
1091 1327
336 385
1379 1386
785 501
348 1056
1189 1337
564 1485
268 1643
1268 828
1340 550
936 164
1227 50
1674 1205
1654 558
1463 935
947 612
1140 1362
165 1684
786 558
789 1649
1669 916
1251 889
1508 941
1608 1638
1136 1066
472 1123
1592 645
49 950
581 760
200 1456
600 297
557 1276
653 673
392 1062
1028 1211
1500 152
345 511
1322 880
536 188
1479 1380
1239 938
589 237
218 899
1175 17
1132 1065
898 529
391 155
1670 1557
291 976
753 79
194 956
534 1052
268 808
664 1612
1052 1488
1097 1042
1216 1478
416 164
1086 452
585 1567
3 1309
1563 1556
1478 419
673 1146
710 568
1130 1477
777 996
1249 561
519 477
181 1600
1011 933
126 137
617 1390
1254 65
1681 1337
1193 346
1596 1661
416 767
349 271
612 357
851 859
1539 1307
1476 1123
1461 1649
801 457
1228 193
285 1429
338 16
964 1541
338 921
568 437
1535 780
847 1513
952 379
1334 9
12 841
1517 137
762 139
426 1415
115 789
837 668
1054 94
689 943
1223 1571
483 393
310 455
971 177
328 1646
491 139
1538 600
777 1107
45 798
110 1141
226 1675
1062 1271
486 1596
315 203
237 459
938 316
786 817
1617 1049
788 1119
1534 921
112 1052
494 264
1555 1537
499 766
1325 1437
886 1328
1184 559
282 103
823 563
1187 133
1212 940
730 1022
65 954
1423 1393
1084 1373
1204 914
1210 883
1611 1483
1326 95
789 1208
702 268
489 881
1132 597
1051 311
262 682
1086 1118
853 1605
474 472
646 1538
1329 781
706 1616
439 602
661 20
95 1265
997 79
1469 346
1413 717
153 1248
833 887
656 54
1472 202
580 617
812 1500
1394 445
573 842
51 470
157 242
531 300
196 297
885 993
1371 824
1281 1498
1377 237
491 1251
1320 725
1600 198
1583 360
480 1674
521 1011
317 301
575 1250
504 1240
1682 934
1661 206
1203 627
991 969
65 487
1593 181
829 348
1617 1043
972 912
1133 1583
1591 1134
1267 1109
164 1183
116 43
21 185
1136 1680
736 1456
1534 1141
1248 137
161 221
252 1505
1564 200
962 1207
242 1271
468 1556
15 702
369 1578
890 757
723 1669
696 722
1370 272
742 1313
563 1275
831 1103
1460 826
800 308
1597 1290
1122 1439
1592 934
790 126
137 596
1668 1129
418 337
538 1300
938 733
1165 473
787 1556
406 917
86 115
1133 1026
1631 357
917 527
1101 234
264 106
1093 661
1473 414
258 1500
1653 1088
71 1172
1398 808
963 1526
958 798
925 380
999 903
88 466
486 143
1407 512
1051 772
476 1299
1523 377
577 193
388 762
317 406
972 599
206 1397
577 312
224 289
1203 689
1411 863
1045 804
929 1188
459 636
1596 922
1415 1063
1247 17
1031 1681
525 1615
551 1402
566 1395
367 1355
1526 367
42 951
1254 1667
1465 1168
922 179
459 678
86 744
62 832
987 1041
1169 743
64 1683
1054 1024
1638 929
18 295
182 324
1372 1485
848 49
427 387
1190 58
447 630
277 1089
1133 93
171 1531
1329 567
1092 469
1587 1257
1302 1166
727 1568
1623 287
1512 842
138 1134
1120 487
896 1576
70 647
550 1405
1097 1356
882 1036
132 1532
1541 96
1678 701
407 969
1341 1494
1298 1085
614 859
302 739
868 1689
1005 1
590 577
218 1156
1605 822
1215 438
944 464
578 160
558 1503
431 986
644 1450
737 723
1155 1034
797 285
104 902
1133 582
1367 1542
77 993
26 990
1259 1233
1645 554
885 1258
660 1205
723 370
425 50
1115 828
1412 1078
1541 501
277 385
1080 1212
566 1248
240 845
592 443
1516 1565
