2370 1000
234 626
1254 238
30 1421
1148 464
1949 422
1371 835
2133 882
1351 1504
2163 58
1711 2016
2225 2272
2134 1816
1921 371
2297 1581
1903 1704
1614 1982
1366 570
1431 466
1411 91
666 1214
2222 2039
97 690
140 1602
737 2227
952 1461
962 1397
1773 576
2203 1865
1762 2074
1516 1425
1004 1948
633 356
1839 1107
536 611
1339 1920
1291 2122
1854 2330
1027 1085
984 134
499 1388
98 782
293 1419
1992 538
2278 1242
699 1317
1055 2159
30 199
2267 349
1259 2176
1289 546
1345 2194
1814 440
1871 1394
866 2218
1352 1046
983 1120
832 1443
626 540
996 2225
2058 94
1822 463
1463 2305
1671 751
692 724
3 2285
1620 239
2186 1620
1991 1700
16 799
1251 1641
1209 698
366 39
638 1727
358 1181
2204 254
1948 343
1006 192
243 570
1443 455
1052 1092
249 582
976 1383
1263 99
1971 67
1364 2173
1641 360
1530 1085
1316 306
2279 1649
335 166
1345 2064
1373 1495
505 879
313 286
2364 215
1433 148
1437 2119
2152 625
322 1916
19 2359
910 828
589 1096
451 753
445 1949
1772 723
1444 2345
2240 224
2002 1307
1085 632
1515 941
1698 1977
1805 1053
1522 2103
726 1542
1891 208
181 1574
414 1583
1903 459
1547 1706
1447 1853
2319 353
1310 110
215 1977
478 352
1473 1869
760 796
25 1130
1216 1798
1565 1281
789 2246
1769 40
912 164
2119 1145
1847 660
541 993
435 1844
363 1383
475 1625
579 316
1694 602
2076 171
2088 667
1203 1616
2294 2349
2127 467
2067 1752
1024 917
956 1227
1995 1850
1137 209
459 2035
1980 419
1507 1350
1015 400
821 294
697 1678
183 328
1597 252
1229 2039
562 409
589 1277
1905 1808
1877 58
616 161
2229 1434
1918 2311
544 1490
800 2296
1991 1964
867 1797
1284 1358
701 2367
1100 2348
2079 1477
1286 899
888 42
1045 429
1199 409
1826 140
1029 1198
2026 1949
1991 985
1930 2166
408 1461
1680 1932
1596 938
226 141
1823 2270
2198 1303
379 756
1899 1949
1046 805
1506 501
1873 1284
1303 795
254 1772
1012 2054
385 809
1129 55
1580 1953
2264 1564
2223 890
805 734
1168 589
1691 1424
1838 1220
2217 378
1646 422
1541 2231
1403 825
1992 466
206 762
2241 1869
536 13
2172 332
795 1904
1880 833
2297 780
1318 197
1358 667
644 1944
1641 2018
631 44
1461 1882
169 25
18 2335
2086 1577
377 271
39 1181
953 246
2356 362
666 2213
1032 828
1880 582
1628 268
1897 963
1145 1956
610 256
615 1653
1550 1425
511 1183
1054 1102
24 1070
277 1437
488 471
211 2105
1592 313
1907 1398
619 2205
1345 145
486 1405
1562 754
1093 1877
726 1648
294 2227
158 1578
2307 247
2132 612
1856 689
1284 1309
174 909
665 2075
1845 785
1589 649
412 1828
1096 1971
1161 473
761 502
1613 2070
904 1916
900 1780
1557 2250
2213 2059
373 228
2240 1994
1206 881
303 2162
1120 736
1317 749
1134 1229
208 2226
1114 1023
1434 73
90 1005
2018 1392
38 2300
2307 2314
671 1647
792 1296
1785 844
1310 327
29 2092
1779 752
2248 1619
344 1368
287 1640
338 281
59 1580
684 46
498 2366
588 2061
1496 1803
777 78
2033 1852
1542 179
104 1613
1250 271
1474 961
92 2273
1202 2036
444 49
573 323
2259 106
624 544
2239 2079
1102 2115
2339 1193
1800 565
279 1688
1357 2342
1778 915
996 710
2210 1219
595 1112
2191 264
1904 499
436 185
616 702
1403 2146
1438 1842
1001 2269
691 234
1797 1700
392 422
1715 2310
1229 2058
1332 741
2313 649
677 1805
1446 217
2174 1838
731 1121
1730 912
1062 977
963 445
242 1821
1804 768
1674 482
55 1147
854 1569
1578 2265
604 1085
1427 2245
1518 456
1175 1861
744 1099
1571 1936
1334 1646
241 1562
645 108
2319 1698
838 810
1760 872
1490 752
1211 714
1461 5
1654 1159
1183 279
1250 217
2335 1925
1097 2168
1973 2143
432 1630
1737 984
297 1570
1046 699
1141 1976
448 2113
1271 1839
152 1662
1278 94
967 1555
2019 71
1920 2167
1520 19
15 1496
573 465
2272 2300
686 282
1707 673
927 879
1762 571
1333 948
1801 1574
1433 91
1084 1882
1961 905
2113 200
306 1839
1514 752
1098 1335
1304 2256
2057 756
1385 985
736 1167
2261 1545
1990 2080
2360 1721
1448 1531
2104 1605
1219 1615
1050 1900
1592 983
695 1796
2344 662
930 2046
1121 2045
779 21
467 907
967 744
122 851
2124 641
264 137
2268 1621
469 1171
1102 2322
633 560
1199 2202
284 783
2318 969
2250 1186
777 2040
96 1237
155 1395
1325 1979
2275 1910
1105 1241
2108 38
604 160
1559 1757
1942 2049
2006 1337
408 158
2091 1987
541 1917
1082 345
1157 113
2074 163
1269 991
277 2132
10 1275
2213 1867
1321 1345
119 1607
1348 1334
61 1762
684 1832
717 1118
520 1366
2246 923
1141 1567
664 179
283 263
1734 371
128 499
709 1939
1008 1391
880 1972
435 1371
1956 701
247 1735
844 1780
2242 2074
346 2279
1642 80
311 1662
424 1669
1916 1165
169 1145
311 1401
1678 2022
1348 1795
1124 2108
1049 1833
856 2352
155 2066
2189 921
1813 1085
1084 1614
1254 2308
1 2308
1251 2298
181 82
973 1025
1506 1683
256 152
1742 1353
1354 1431
1831 1473
1813 1772
971 221
1771 853
1356 1713
1383 6
1857 1960
741 1056
1433 1095
1455 160
890 1512
2237 367
1260 1101
950 1580
229 1674
362 220
1323 1122
977 507
595 1063
1684 1929
36 2367
1962 1314
1610 2208
2199 1325
1905 836
852 381
1314 199
1383 1568
1224 1751
746 1562
1974 500
193 1694
688 2295
1808 2129
2046 2066
2358 1916
1299 998
78 638
538 1205
1601 499
1629 419
90 1039
2363 1449
1015 1276
595 1741
283 2178
2268 133
1598 2006
239 320
133 66
762 75
1248 1375
1787 1828
2346 1933
856 1141
1697 1565
163 789
1733 1793
1035 1369
1321 196
1049 1236
1010 2031
1145 1002
1372 2155
455 230
1228 243
98 1805
203 2230
1725 1544
1793 2077
2359 896
771 1608
1568 706
1377 2226
2084 335
957 2007
18 2239
618 1550
769 902
132 473
452 1928
2287 1909
400 1635
1063 386
810 1954
1434 572
2366 298
1323 115
1110 1385
2240 1130
862 2117
400 2131
947 2035
1749 2250
722 205
1319 2303
67 781
1360 837
1592 981
1691 805
1336 1242
439 1630
1037 1141
2117 2058
2141 48
893 203
1499 1819
1128 1443
806 2217
1833 852
1397 1534
834 1254
87 841
2044 386
1574 778
2303 2014
1958 43
1451 1700
1921 845
706 1891
690 1974
1884 2107
1047 1372
2299 2268
1958 1290
143 2204
464 490
819 1067
2365 1105
835 706
2198 1719
260 1194
596 1769
2137 2222
907 1875
1014 2210
2173 1637
2356 1070
2102 1069
147 2289
112 1690
838 1251
597 293
950 1558
1425 1058
201 157
807 140
1213 351
878 1856
1656 1050
1659 2052
804 1923
954 1056
1430 1938
194 912
833 1516
978 1626
607 1193
249 1483
9 1543
1629 1441
2321 2201
993 2225
672 768
500 600
1226 219
866 1781
1568 140
1560 1487
431 1122
1743 2341
1003 1323
1358 2109
1408 80
134 233
1061 1966
2181 5
1723 2365
663 1856
844 30
1578 1967
538 607
1146 55
2159 562
1030 401
793 92
654 203
1403 653
2285 2127
105 1177
489 1403
1260 1631
978 913
1925 1711
1443 989
529 1193
1665 1489
2321 1970
859 481
2153 1242
2328 1068
1186 332
669 427
118 834
1408 2044
0 1408
2019 2308
1785 1780
2098 2167
1256 1615
603 1706
31 580
1309 1451
1587 1286
1463 775
661 396
1793 898
1239 297
841 1411
83 2053
204 1553
1948 2091
1549 1764
1004 1492
1385 1870
439 1861
1355 1103
1768 102
1408 1677
416 1812
2016 864
830 17
1040 15
697 1891
499 33
336 900
137 340
13 1573
656 1059
793 427
1288 1366
644 2102
2213 181
1289 1977
2195 1624
1018 577
1909 379
2350 1420
860 1839
709 979
972 150
1653 2109
1303 1615
1192 2180
1049 644
2314 1320
746 898
1984 2048
235 1927
1997 1071
1955 1294
9 108
167 536
907 509
1823 1598
174 2339
2099 1430
1184 1508
728 2183
703 385
1514 2134
1232 1416
217 2015
882 1686
482 1662
1381 536
484 1996
1336 580
1165 672
93 34
535 1107
1373 845
1615 1227
543 1734
2155 1840
1474 1639
91 505
2232 2237
586 1780
1465 3
1420 101
2346 2142
509 668
1986 392
749 1013
51 2355
751 1623
0 1935
1527 181
1660 488
1025 896
1945 1812
1527 2110
1484 1883
163 773
2074 1840
1444 1210
281 2312
2064 1897
1939 1763
115 879
1459 926
1370 68
86 126
1687 1562
266 820
953 1965
1764 685
1822 2039
1999 773
906 209
1303 1032
2279 1024
943 1628
576 298
1286 1111
313 2108
1181 431
2139 1504
795 2125
110 901
2096 1544
1422 711
1621 1239
1111 580
687 406
845 954
2238 380
1772 1169
1832 1164
1343 1668
2007 107
2215 2208
996 533
1507 2056
1264 496
2216 24
1741 632
1451 1605
1824 1213
2143 1984
1875 664
1333 2077
706 867
1051 1836
668 1712
1937 1299
2107 2277
1145 693
2033 1441
443 605
2067 1810
1363 555
1195 711
2220 44
1841 298
1373 2276
1683 1617
895 1531
1278 419
2208 39
1643 2194
1057 251
185 2133
1317 2199
593 2132
1314 1351
450 2209
2219 1313
616 1133
2185 2159
2314 1974
530 2346
998 554
864 1283
725 1737
420 2192
1078 2290
150 504
448 999
1972 2124
363 860
299 1053
739 887
1870 1160
1366 1246
1872 1245
1344 1552
1561 510
636 90
1804 2059
1074 2001
367 1643
1590 523
732 637
579 90
566 1813
65 1575
1325 190
279 450
842 1418
799 2203
1177 1164
1871 729
531 1559
1331 490
1008 336
1066 2204
2287 668
1937 2367
1586 892
1395 459
653 1536
2133 502
354 290
1481 1665
1290 44
1588 846
2118 794
1319 1193
1896 2009
227 1658
1599 734
1028 991
1640 2197
442 29
2015 399
1254 213
2027 1820
1775 1382
1492 734
1070 404
2024 1174
628 1000
1627 1686
2012 1962
2205 968
66 1495
1161 1906
1910 2284
2072 1843
1716 154
803 1039
2150 215
1721 324
586 1646
2276 1912
1578 1247
2012 1212
2353 2172
634 200
1801 2012
2125 2019
1198 1681
691 2176
52 725
793 2136
1636 781
2255 1196
653 654
577 2355
1804 1486
2251 2308
124 1352
1345 208
404 1198
1029 116
2007 1665
904 2294
1023 1551
2302 9
670 459
1785 1025
593 651
1725 997
2050 145
910 122
1395 1076
301 1378
1810 2062
1700 854
1876 578
358 929
828 1986
1589 5
1461 1014
1700 734
1501 2085
973 2255
2086 1707
2176 224
1673 745
