970 500
163 489
492 42
389 182
460 241
579 208
252 469
85 326
541 698
774 764
279 965
494 920
223 28
587 756
352 732
328 363
718 242
89 336
183 832
452 959
680 66
24 850
755 471
0 384
943 952
660 726
707 868
292 43
313 957
940 717
503 584
335 420
272 193
341 107
133 891
689 508
108 163
172 904
397 167
958 767
953 48
82 192
414 664
525 693
76 148
560 503
664 862
29 949
309 588
879 764
887 387
685 692
430 68
493 619
9 600
118 152
504 274
121 210
752 869
747 688
925 273
621 830
189 104
311 841
639 613
757 928
666 331
342 948
945 423
410 537
23 776
116 265
33 237
278 442
54 222
165 381
838 618
288 930
241 944
105 644
304 320
429 338
346 47
727 348
783 399
891 540
715 18
274 469
846 164
712 273
836 678
873 59
924 89
228 455
661 53
44 757
533 409
594 805
395 710
942 408
935 823
528 172
20 848
786 503
910 676
805 260
459 788
67 813
114 913
508 378
603 438
781 665
741 694
929 213
148 961
766 326
658 311
947 390
351 382
749 450
772 921
46 725
236 874
857 339
432 142
906 258
143 922
253 512
139 667
655 22
763 878
126 237
572 632
852 334
733 688
175 673
710 21
114 962
363 52
510 906
236 195
111 396
215 82
775 447
297 498
93 650
638 225
94 711
257 196
475 362
114 396
15 50
445 161
897 336
945 631
640 210
786 191
108 723
7 849
668 632
754 557
22 585
936 408
76 310
928 404
27 161
294 765
795 631
407 820
152 808
3 664
112 946
304 461
631 675
571 602
794 379
245 767
607 470
355 619
890 384
38 781
541 610
242 589
429 555
394 939
422 421
746 512
648 407
843 181
220 588
754 277
494 438
871 203
625 615
26 119
547 538
962 136
210 349
207 440
309 321
871 507
727 761
404 758
722 290
13 473
254 138
340 476
389 772
867 241
269 536
58 321
852 501
537 794
496 279
459 356
953 505
20 479
940 965
829 298
487 891
611 270
5 494
381 302
124 343
881 342
933 170
341 401
270 145
648 299
105 617
775 260
593 875
50 854
473 280
55 525
450 185
619 187
745 157
388 881
667 497
449 910
966 155
645 348
357 344
508 152
966 53
209 387
99 410
370 371
460 915
614 241
602 430
748 865
106 567
178 561
228 413
784 322
179 827
638 561
226 518
752 730
318 729
870 651
500 458
136 755
548 919
950 309
485 530
686 283
569 109
869 957
399 205
822 604
107 812
157 365
90 886
431 547
456 638
447 179
407 250
51 555
141 950
796 757
653 850
433 36
416 877
263 507
932 188
164 865
611 617
851 363
131 689
655 731
809 961
611 226
571 878
400 408
264 150
851 800
829 668
283 268
454 931
370 718
212 86
773 876
936 174
582 8
785 240
200 834
315 875
796 869
461 322
343 72
630 532
709 481
11 24
2 278
964 210
45 624
12 654
152 117
630 275
957 942
694 285
526 712
864 784
238 228
299 786
799 510
815 243
259 839
385 747
669 304
552 544
853 609
199 94
651 79
884 790
324 832
317 619
616 840
643 336
846 384
305 778
797 476
437 607
681 129
116 214
688 948
480 334
600 924
281 723
533 433
837 861
760 291
928 84
806 810
142 45
727 804
133 941
882 341
639 600
707 709
172 742
268 507
329 652
443 205
548 871
501 175
846 476
124 489
698 229
642 445
45 761
541 343
0 874
463 634
595 328
389 329
519 815
95 419
751 609
935 189
57 882
156 247
590 779
52 316
203 921
461 788
887 41
774 804
133 134
363 771
961 132
22 183
294 772
575 201
541 376
443 378
40 575
726 892
78 285
43 103
348 225
217 14
23 754
27 410
116 536
558 401
638 519
201 882
361 111
848 303
27 389
134 257
341 176
702 915
351 481
723 750
591 43
34 241
958 638
469 521
587 487
537 323
890 533
298 18
403 81
308 694
69 206
367 152
704 820
228 181
336 359
501 163
212 534
51 793
925 89
31 10
792 246
704 181
803 216
170 565
217 664
939 4
272 638
737 314
437 99
124 668
690 872
429 344
24 756
518 839
394 232
648 157
386 774
936 5
71 739
409 353
32 601
6 805
834 142
392 272
536 309
531 2
157 280
778 959
490 524
614 761
533 947
593 665
548 595
306 950
255 25
171 281
88 601
728 901
242 25
569 303
404 266
367 695
8 191
479 894
235 845
8 182
48 553
629 531
655 307
113 277
546 741
320 302
171 623
914 276
786 724
276 795
442 326
405 852
876 483
418 511
480 55
143 841
