1370 500
353 171
1097 512
907 870
737 1084
308 490
1075 670
281 924
670 1304
74 493
806 966
841 1092
368 292
794 930
1118 837
645 770
446 477
319 1122
454 48
1094 1184
1335 981
1004 1170
406 873
687 1280
1151 1353
303 946
801 341
472 1284
52 809
868 824
492 943
1075 1041
1198 999
1116 973
1322 714
672 612
493 1246
1294 917
627 331
1058 1125
1269 1209
1119 1059
905 277
734 1127
1122 732
973 1356
563 333
1126 810
498 674
888 677
1297 198
967 345
1358 302
233 136
916 179
1369 234
549 1340
263 1356
1238 1181
333 6
907 1343
920 1056
611 556
8 304
1001 399
1110 1330
1002 378
1102 513
1110 951
73 861
1206 987
166 465
1283 56
451 922
495 669
459 1237
1103 179
168 767
871 576
153 382
1250 172
329 146
697 911
595 728
469 506
716 1213
1333 546
1278 1038
802 1097
755 1335
468 51
148 142
272 1036
1175 851
438 147
204 302
722 1325
851 1071
1146 308
157 931
992 533
1333 616
964 1245
1351 1097
549 347
1022 802
1103 1119
299 83
936 3
810 9
980 253
459 219
845 591
161 344
960 448
449 791
918 985
543 693
1298 519
301 734
688 199
153 1175
834 1361
616 543
1033 508
662 158
581 1149
485 792
259 1111
516 764
1290 317
262 957
1272 368
336 637
1299 395
1113 709
420 1166
669 284
116 728
424 315
1343 400
691 1110
232 131
572 1359
389 1156
907 458
889 441
1359 197
573 826
62 1038
1232 792
610 619
1323 1063
1001 844
1027 231
1322 138
276 405
661 670
336 157
76 36
866 552
599 740
731 756
529 1197
1076 982
729 7
1307 1186
167 4
392 355
1188 21
146 1226
372 63
429 405
1208 1222
473 120
471 313
499 177
1309 455
819 364
457 63
924 419
961 42
714 3
605 686
569 917
74 852
399 551
897 1307
21 235
771 1118
755 522
667 612
1009 954
583 605
597 39
377 929
385 64
846 480
588 847
847 681
1036 906
1010 136
496 945
96 277
71 119
560 398
904 616
630 507
566 316
1027 1134
639 804
1184 238
50 912
1317 293
1078 583
216 408
1040 765
235 148
1293 642
1344 1231
514 1170
640 255
332 191
215 849
1354 538
52 215
715 698
1072 975
1283 154
141 42
1288 708
1056 661
771 137
546 733
507 1097
579 816
357 1268
1335 1085
271 125
166 1143
751 270
248 23
536 1205
1127 284
386 522
202 782
875 984
893 1290
1104 39
1263 228
1106 751
995 1183
1248 1085
303 656
1246 1029
19 203
1122 373
171 323
715 1111
354 1160
524 1129
694 790
77 1245
251 194
469 494
215 681
478 144
987 1095
1298 1239
1140 1288
1304 394
606 169
1152 1011
866 1219
632 217
698 10
905 827
19 448
824 1129
828 424
950 651
860 790
290 928
572 470
299 628
619 317
1038 962
289 1362
205 1305
241 27
373 941
261 99
223 374
830 542
432 1281
1273 431
493 1307
930 1106
392 66
868 675
1353 1041
389 1236
1034 1167
449 344
6 927
72 811
21 756
47 236
1117 905
566 513
938 154
956 588
289 285
1258 272
397 843
642 79
998 1309
1003 1079
199 1220
401 742
887 610
1095 443
722 554
813 994
303 307
43 765
838 334
1219 50
869 96
256 42
831 457
494 36
1244 891
919 250
240 811
24 416
164 878
1168 247
385 79
1319 1099
550 512
954 668
176 989
1109 544
665 742
890 194
294 1263
1183 698
1092 134
1327 791
750 1236
1120 323
271 510
174 1150
627 1199
375 376
731 198
783 22
9 597
1175 264
980 641
1049 821
345 387
254 506
1041 873
1063 1261
1181 712
404 962
1355 281
1215 266
1212 438
199 1194
1110 435
1061 462
625 1085
622 460
677 305
216 1259
725 625
1098 389
1049 383
5 785
789 377
48 223
1149 1190
791 214
1324 1154
1360 1015
213 545
86 325
206 1188
1287 452
685 18
795 1307
1045 783
11 415
999 1246
834 292
235 1183
280 519
1046 844
592 580
87 1293
201 924
1199 713
1339 51
1089 1239
81 1016
347 507
209 716
959 286
1276 1144
714 207
1248 775
344 1271
864 779
1117 630
792 1301
441 583
1158 1116
234 683
827 448
457 1037
480 12
549 696
1179 36
1007 535
314 1366
491 101
508 1006
171 136
369 405
1320 981
749 364
1347 1290
746 380
132 152
785 35
61 314
1039 40
155 403
227 307
1045 681
74 342
971 1104
902 103
1125 401
506 1105
401 1230
891 972
945 730
154 1016
516 445
191 1059
1123 636
650 622
662 1358
161 986
698 1108
277 564
183 279
161 1086
614 1228
1244 197
965 981
918 208
759 288
759 636
1192 588
1153 632
196 1071
26 124
1025 1140
190 8
219 937
1169 191
669 1014
1319 1001
692 218
1258 473
1072 867
311 1328
702 704
1029 1023
341 134
446 794
556 1192
1021 1295
81 735
1077 959
867 440
748 233
1085 395
985 414
526 93
718 1181
776 359
640 916
881 115
625 575
486 448
