1230 500
1044 1066
1204 1011
753 150
1211 986
746 364
166 912
141 53
144 694
589 1120
314 172
676 15
283 60
426 705
1064 1221
248 557
255 651
180 509
839 706
190 393
593 871
686 477
352 835
844 403
1105 82
933 1114
851 887
544 1062
920 1191
209 28
444 811
829 271
139 777
441 106
472 349
44 631
127 790
399 148
108 927
545 405
1010 446
53 1083
711 713
1079 732
400 660
365 1099
1113 594
1116 729
298 711
28 1109
564 1032
1172 417
746 693
251 929
611 478
1030 1225
207 930
228 708
924 263
260 782
233 720
785 743
585 881
502 618
698 992
671 581
337 48
1193 247
191 1227
1117 287
744 677
240 1155
1075 875
1198 10
655 4
1098 725
1026 591
1149 495
897 746
477 320
784 260
1168 608
920 466
799 780
1003 129
1068 501
1167 529
726 567
721 781
510 896
807 356
1142 411
1043 365
728 445
1162 138
1021 427
1176 1205
732 482
720 1154
128 830
1001 789
770 253
670 538
1111 98
214 410
428 986
400 172
698 266
367 574
522 717
412 243
133 143
966 894
310 460
890 1011
643 367
732 526
948 903
40 529
1121 805
483 793
218 1017
94 263
142 11
943 978
748 1027
330 601
1229 797
745 375
618 704
610 652
521 246
925 590
211 18
596 350
1157 1099
415 756
575 470
866 180
305 1222
722 1134
23 229
1176 453
425 1079
533 5
505 109
449 519
119 736
1049 653
1136 710
208 1120
930 605
765 4
43 386
1003 915
726 1091
1226 1160
389 1048
85 601
92 393
63 343
713 31
851 908
251 502
1114 1199
482 864
1185 321
643 708
191 52
908 745
283 970
142 1177
465 451
723 601
434 849
24 1044
1186 931
186 263
112 148
838 358
297 386
720 74
390 246
1149 1138
478 40
735 465
66 449
344 300
1024 950
830 968
469 569
1121 520
440 1116
76 52
880 2
491 379
442 839
181 838
905 345
1020 664
529 1204
196 1067
210 439
320 828
112 209
409 596
708 1164
523 346
890 436
763 631
975 537
268 291
415 534
751 504
1205 597
330 955
5 839
1154 92
7 705
393 875
988 923
421 245
1093 141
394 235
237 132
82 1131
218 125
1122 212
1212 187
139 2
1162 1016
1058 1198
1051 357
1088 483
218 269
45 809
1122 1224
381 97
645 1147
44 680
338 783
928 233
295 973
289 829
603 661
592 209
561 378
479 392
573 1153
344 704
776 162
347 212
1030 953
1212 1177
351 25
958 400
1124 191
675 216
793 709
496 460
608 137
595 812
154 596
1146 553
165 1156
73 787
898 384
399 38
219 1009
14 729
29 926
291 517
594 0
514 148
52 59
1126 837
1106 1144
1 519
993 274
955 65
642 497
874 687
1158 703
1079 1071
1053 872
909 655
249 1222
398 434
632 939
357 170
634 204
975 644
862 863
992 105
695 1114
526 1134
725 817
1224 980
1032 141
219 1196
946 779
935 295
119 366
870 569
1076 607
909 292
1156 276
244 283
205 159
64 490
476 625
921 1219
597 641
672 871
1130 908
689 331
324 550
828 989
402 721
715 917
1097 1152
1203 996
56 691
655 1075
267 184
114 505
1047 1225
49 861
816 757
263 60
1121 212
1174 287
597 120
820 1188
162 61
55 534
765 415
783 385
286 107
683 42
226 42
118 755
761 295
588 209
91 117
156 1143
693 1077
490 85
361 1160
833 301
680 955
437 90
512 452
721 168
761 140
504 330
464 321
979 59
73 385
44 722
842 233
770 441
969 606
1136 1
488 194
104 161
1184 1140
303 281
798 894
192 1126
250 719
1176 252
1191 607
456 1167
1063 943
234 869
354 1209
764 78
125 617
915 551
1024 1087
1049 316
16 341
330 809
40 373
1183 916
596 105
1026 1007
1015 441
814 27
1040 573
256 861
27 641
195 764
197 355
1208 90
665 205
1070 1144
504 52
276 141
836 671
867 5
105 126
1216 331
738 392
548 688
114 1065
798 479
675 16
230 926
875 877
9 765
325 694
817 949
198 447
587 1085
64 507
1195 213
203 138
1041 887
13 900
460 706
883 1167
582 18
584 602
883 1065
1187 1000
593 701
1171 885
946 1042
558 891
1223 587
236 176
942 348
1088 935
472 843
573 452
1020 325
771 213
447 596
318 299
674 637
897 225
188 612
1108 275
762 896
1222 862
335 875
795 474
813 375
1041 1043
136 802
343 792
555 27
921 247
365 19
607 1104
329 418
426 96
765 171
684 116
32 1208
856 853
507 198
316 14
969 694
1206 439
799 922
358 899
124 303
446 945
873 96
997 1197
810 125
1058 800
1030 643
1010 323
538 314
864 164
246 610
294 562
1028 939
1164 782
509 331
612 338
587 944
529 1026
589 1040
64 61
314 280
205 578
27 1025
1176 712
141 344
532 28
878 10
402 373
774 299
873 529
39 993
163 415
