300 2300
110 227
73 229
164 29
250 12
203 254
53 100
271 37
24 291
297 229
279 71
244 218
164 156
237 53
157 289
128 295
159 3
281 275
136 289
204 98
82 49
115 181
151 69
76 107
178 187
9 213
142 30
181 119
193 160
41 124
5 148
2 285
207 164
85 215
121 67
117 55
140 51
53 111
119 1
191 22
275 177
140 168
105 284
216 54
10 127
87 278
248 52
236 297
109 174
112 222
59 157
10 221
182 172
205 141
286 8
41 252
176 99
272 191
244 269
59 250
256 133
293 224
38 148
135 114
1 2
239 131
13 222
118 167
229 57
18 198
53 231
125 72
282 112
153 38
143 25
205 259
296 264
88 196
120 148
106 200
66 274
237 168
12 102
88 276
209 40
280 127
178 129
45 111
166 158
23 128
270 80
260 206
147 7
37 51
289 164
94 275
111 248
50 96
179 197
101 71
229 145
144 175
15 9
174 296
212 240
232 138
258 134
113 223
231 43
269 184
256 260
205 187
73 133
232 5
284 117
220 241
98 115
204 255
166 129
199 247
28 119
4 69
34 2
246 141
185 51
238 116
181 13
282 279
292 153
290 31
159 172
265 88
159 61
226 130
236 90
126 83
208 72
269 219
157 127
127 45
152 274
135 195
78 108
284 137
52 256
207 296
247 217
134 223
122 178
293 275
191 164
176 2
204 157
12 279
276 269
65 238
143 33
109 211
87 55
163 84
235 37
128 294
19 299
83 123
100 41
198 26
158 57
150 90
167 22
25 112
55 299
213 246
276 60
260 131
269 21
203 17
210 76
269 274
189 226
274 208
18 248
16 153
139 198
61 50
15 165
277 23
234 139
37 225
298 182
256 206
290 226
5 258
128 142
202 79
109 23
192 41
167 202
243 230
203 261
279 296
21 177
55 84
167 93
280 75
206 60
102 130
258 157
116 188
167 33
41 5
22 264
287 141
285 208
293 166
216 266
269 286
208 241
91 261
57 125
76 181
126 116
26 133
66 58
180 152
210 117
10 27
50 60
155 58
92 55
153 53
180 271
41 55
113 152
90 231
55 105
79 12
14 264
41 9
198 121
85 51
268 138
43 221
56 218
283 252
47 226
190 133
183 156
52 222
87 140
166 114
156 232
110 260
275 30
136 251
219 116
105 289
288 186
271 142
129 203
106 168
13 59
138 156
76 59
12 119
123 273
159 27
234 240
33 282
4 258
147 295
228 250
252 175
106 134
167 191
184 286
59 191
244 22
114 59
186 156
118 47
80 0
298 297
289 244
238 122
114 195
130 280
45 155
241 17
116 292
111 51
141 263
17 68
176 240
188 269
246 281
249 261
103 14
173 186
57 167
5 244
94 12
145 227
35 9
107 217
96 35
294 171
58 109
185 32
169 207
22 242
174 238
202 138
239 10
68 56
68 4
190 235
268 209
259 162
66 42
160 22
185 241
260 159
70 120
267 46
28 240
240 159
6 182
102 110
110 28
7 201
207 215
79 133
207 227
174 75
121 294
158 96
125 235
298 190
181 104
221 267
171 258
31 42
167 43
142 82
277 163
33 285
229 152
128 272
21 107
245 262
240 117
66 162
194 68
144 222
87 84
3 232
147 9
143 129
205 105
102 180
95 247
84 293
117 225
165 161
137 86
280 187
262 238
126 239
94 2
282 2
110 170
82 79
118 233
239 11
99 134
137 83
87 72
194 210
114 279
116 54
150 223
118 38
218 74
159 282
59 169
191 286
73 184
235 136
7 0
211 228
163 69
189 223
213 17
195 23
5 105
155 126
215 89
218 285
255 160
27 70
131 118
51 193
94 33
228 165
169 155
34 128
228 198
172 49
23 15
243 279
12 52
140 34
259 12
68 207
6 255
85 10
64 166
23 45
262 239
265 33
154 125
189 173
65 278
0 197
184 115
156 274
93 274
15 229
246 40
44 24
194 257
101 204
293 252
77 4
290 252
6 216
64 206
295 17
142 269
128 195
73 68
145 142
296 251
280 266
266 221
163 91
187 105
48 225
287 178
122 32
271 111
293 226
164 12
41 290
199 83
283 256
43 176
228 210
209 211
215 94
189 256
194 128
118 45
211 53
248 298
83 212
210 130
273 187
178 292
163 116
49 148
38 204
44 9
185 212
172 194
210 247
132 297
150 206
153 262
115 82
286 268
224 113
263 25
115 2
232 128
13 101
284 248
280 163
94 163
233 253
222 54
281 272
276 279
72 182
267 18
165 60
18 281
67 174
222 228
15 202
206 222
57 33
275 91
180 234
148 103
31 215
265 2
245 18
137 46
97 3
261 18
71 294
128 181
141 159
222 257
52 220
108 61
8 70
190 221
158 222
265 89
267 177
220 118
22 121
42 119
92 80
228 272
84 273
185 38
170 70
109 42
158 235
208 185
156 296
135 214
127 234
276 299
289 55
23 247
279 249
138 27
47 121
162 261
159 116
179 138
236 184
85 23
174 117
210 120
181 0
296 1
61 51
19 89
28 235
252 24
70 227
161 233
88 129
295 272
55 79
139 155
121 104
204 23
203 191
135 57
9 173
250 13
193 144
280 207
299 63
162 181
195 62
103 179
59 11
285 266
116 104
131 53
108 215
37 259
179 200
284 57
199 246
253 61
78 30
96 125
136 98
228 88
260 167
138 87
143 182
212 226
244 108
47 297
188 247
82 143
146 206
57 265
266 26
0 219
114 34
70 66
255 110
139 193
121 217
216 138
299 12
239 133
113 243
158 118
116 4
136 110
81 273
155 221
119 111
70 263
252 275
18 134
120 207
121 91
148 54
256 222
282 49
287 221
289 97
203 222
297 69
70 139
49 33
29 120
64 32
247 60
285 233
21 252
9 187
34 61
3 195
37 89
173 223
60 123
61 192
171 243
297 114
188 42
199 26
200 33
295 115
57 115
262 270
134 17
48 128
126 225
280 293
278 263
261 271
236 137
113 219
116 76
172 147
18 152
37 142
129 106
295 39
286 209
183 290
220 191
127 201
3 240
190 203
97 45
30 221
111 286
172 16
275 215
285 145
143 280
162 8
185 213
246 273
247 262
189 206
97 256
38 4
90 45
179 78
244 260
9 255
208 147
42 234
33 72
54 63
83 269
254 90
148 87
206 108
140 82
82 27
54 249
277 206
90 288
277 255
143 163
74 296
194 235
34 223
147 230
40 90
77 286
158 212
246 124
161 68
285 97
14 43
277 186
230 153
27 133
210 42
174 160
5 255
129 216
50 59
243 199
123 155
5 81
132 93
150 27
120 292
268 246
1 138
35 216
259 118
211 149
227 31
57 62
192 123
159 235
44 89
221 193
155 204
182 114
200 294
57 68
96 137
28 274
217 211
219 178
113 38
291 129
264 66
120 169
4 250
97 138
45 98
157 149
285 115
106 145
266 258
290 105
57 50
2 191
55 249
55 155
26 245
45 234
110 148
9 151
145 260
135 110
216 297
127 107
54 253
130 8
215 54
203 34
275 187
250 255
11 159
89 142
294 80
223 0
265 164
4 257
255 102
278 16
134 279
240 141
70 194
227 111
254 8
293 236
10 133
162 43
195 297
12 86
276 59
199 175
231 158
28 79
225 136
135 201
90 120
46 187
243 186
59 74
93 85
202 27
6 53
91 208
187 113
225 105
72 132
122 53
255 266
66 92
84 299
120 250
138 63
90 64
158 298
251 260
15 204
9 38
234 227
125 214
245 199
274 83
203 20
276 27
25 72
244 170
211 167
121 14
123 5
68 155
223 23
67 46
92 16
77 117
246 126
128 251
76 223
227 75
142 119
289 175
107 141
43 245
50 296
221 286
137 253
149 224
104 100
226 162
165 171
257 115
290 238
187 285
251 270
188 296
176 8
220 19
194 206
129 202
247 68
229 173
153 89
104 15
273 18
201 165
218 87
128 56
168 113
256 232
31 132
191 277
56 278
40 190
163 222
47 39
53 30
192 65
267 233
82 292
185 34
227 103
106 5
43 81
194 89
75 257
62 262
254 161
249 167
263 256
6 185
84 164
32 231
241 203
274 105
238 130
103 94
269 68
81 82
216 122
14 119
63 214
299 49
111 27
29 67
110 270
4 202
166 155
231 149
87 212
147 68
55 94
55 24
172 202
156 3
160 280
283 160
213 287
202 89
292 204
219 159
275 227
278 129
48 235
94 271
107 35
67 15
270 281
192 279
100 181
181 135
133 62
16 256
277 250
33 246
33 165
118 188
140 12
279 10
236 111
118 150
231 182
222 298
254 59
56 194
209 75
188 48
108 295
258 103
51 64
176 88
73 198
163 142
134 95
259 212
272 292
259 287
70 83
167 13
260 69
89 55
208 105
59 37
121 296
3 158
204 221
208 266
290 155
85 83
7 130
169 146
9 154
66 185
121 74
14 279
290 54
100 198
159 102
161 262
63 226
94 145
263 117
99 75
283 56
197 237
38 98
138 115
204 140
150 279
134 160
197 291
57 239
187 276
223 138
258 140
154 69
99 204
160 272
272 262
25 12
86 257
43 202
30 139
74 289
83 25
245 206
66 64
190 156
240 262
288 259
53 92
161 225
59 262
171 174
147 39
279 231
51 142
145 83
61 215
297 154
270 171
238 210
125 206
82 167
42 136
6 276
295 23
198 62
17 21
42 144
45 26
196 21
131 94
38 7
3 56
1 218
166 136
171 77
57 88
92 205
117 34
154 73
168 209
11 252
10 262
219 289
218 225
200 74
29 199
225 109
108 44
44 4
110 93
168 254
142 239
206 153
108 218
119 235
149 214
58 231
130 42
240 29
81 89
63 126
19 67
236 135
176 79
49 42
28 124
39 72
155 10
149 246
238 203
0 91
111 141
123 118
203 281
288 91
159 63
277 182
50 124
112 252
5 150
158 211
208 2
293 163
45 28
163 246
17 40
110 52
130 151
283 80
280 2
231 203
213 231
149 244
21 82
30 277
33 128
63 36
237 297
176 94
171 61
268 222
128 200
227 51
85 59
219 54
212 107
56 62
32 27
110 97
1 120
53 109
39 64
9 46
27 151
289 208
226 283
0 184
225 0
84 17
272 3
141 257
60 113
176 142
66 236
118 217
23 273
181 48
34 3
203 275
31 167
153 285
157 69
125 97
252 142
281 44
19 277
47 146
37 105
149 56
124 127
213 253
119 76
151 53
67 2
53 226
89 27
280 290
83 238
193 249
69 152
220 230
82 134
132 108
285 176
216 199
2 188
220 287
3 202
29 84
160 24
296 62
43 189
27 132
177 93
10 260
96 24
286 68
204 194
202 214
125 234
2 167
288 118
266 237
171 195
83 7
178 267
295 222
224 193
218 265
41 175
177 121
179 153
53 8
206 76
265 216
7 143
51 38
285 171
144 248
263 16
20 183
270 183
276 107
94 178
51 211
138 89
210 274
40 203
223 288
252 6
285 125
81 85
9 69
208 109
37 272
170 90
226 211
81 150
217 41
205 115
8 220
39 287
182 123
216 145
199 149
245 186
137 2
296 107
52 137
139 147
65 86
251 244
144 133
136 191
16 213
263 160
168 95
6 256
188 193
103 136
45 32
228 114
148 29
126 209
113 145
14 128
84 178
167 128
44 17
115 155
194 104
213 249
180 82
92 213
47 139
209 197
158 213
285 73
91 124
77 159
67 38
246 109
107 174
217 58
175 0
265 178
261 121
53 165
173 122
145 168
222 266
211 0
297 262
186 236
75 265
205 291
276 211
26 116
120 68
29 172
184 43
204 121
291 47
10 58
214 26
145 78
159 252
158 101
7 260
3 64
84 221
38 103
126 283
24 79
95 271
84 93
91 178
217 267
239 96
26 113
176 181
89 269
144 98
251 19
130 252
142 41
243 156
15 222
82 179
178 173
285 136
145 96
18 268
88 11
32 194
175 42
75 23
95 97
45 4
179 164
216 233
238 112
249 39
164 51
114 91
130 290
52 55
260 35
233 175
87 65
52 10
23 157
253 269
299 292
237 154
232 190
44 234
53 194
230 272
133 253
223 200
269 213
289 18
90 160
267 299
258 78
172 32
226 16
278 239
239 77
77 296
14 46
290 187
252 39
29 246
117 132
68 241
67 41
148 113
188 257
145 91
275 166
290 197
42 149
199 15
211 120
157 253
81 209
285 272
61 218
119 117
296 278
111 225
80 26
61 127
32 265
230 142
289 86
276 283
59 137
157 15
207 171
181 114
92 171
106 56
28 234
255 10
108 22
41 134
24 168
297 137
64 18
195 175
290 234
29 227
24 283
41 222
41 205
191 39
216 278
236 43
65 167
15 231
286 192
161 38
152 212
64 14
39 275
172 25
226 160
263 153
89 176
262 204
144 229
231 64
50 238
22 217
221 123
78 128
56 152
249 275
69 114
86 105
93 202
44 223
119 31
208 119
251 272
143 20
133 105
241 153
165 139
135 81
145 55
275 240
248 216
192 182
247 81
166 242
176 286
191 211
147 121
294 69
189 59
283 275
172 10
120 60
128 247
114 251
194 273
265 7
269 97
151 201
9 275
151 82
84 168
142 223
180 287
81 120
122 151
61 199
4 24
53 129
126 280
272 6
166 211
121 233
238 72
180 200
291 163
52 133
172 297
191 41
68 281
8 56
134 133
274 135
114 198
117 162
284 67
97 104
165 244
32 262
33 232
214 24
199 84
169 210
82 55
154 109
251 85
74 175
138 104
287 204
84 154
198 229
246 209
244 208
53 168
212 90
159 254
103 189
141 45
149 118
187 161
25 149
25 148
197 101
87 88
246 116
184 293
299 30
150 122
24 7
284 123
242 249
183 181
239 268
212 31
195 71
142 86
232 206
179 123
157 76
213 37
299 20
267 164
65 4
176 50
238 77
137 66
224 131
38 221
279 172
109 104
254 219
298 17
126 45
116 207
213 48
281 230
95 66
155 14
112 275
169 115
245 181
54 87
17 133
200 134
249 293
283 10
258 153
191 159
212 124
122 292
225 66
144 78
106 26
20 272
41 51
197 238
247 52
255 73
10 176
92 145
206 214
108 92
264 236
210 149
282 87
204 20
121 166
15 141
26 39
217 102
135 18
46 50
202 104
172 34
204 18
259 195
225 34
24 42
271 136
81 38
50 198
284 62
38 152
139 160
33 136
251 20
35 187
172 124
216 164
86 261
19 73
275 127
299 36
230 48
30 226
137 276
264 218
234 279
73 298
105 42
197 288
251 44
48 135
276 40
168 227
279 202
297 128
28 238
40 86
32 162
112 287
241 289
209 24
53 32
179 206
153 31
121 250
93 240
272 136
282 264
243 266
258 250
212 171
221 143
258 188
197 55
276 291
257 110
294 181
70 33
215 277
23 17
159 93
111 108
281 194
10 288
168 152
211 238
8 187
103 57
87 21
265 151
223 37
226 272
103 191
15 100
268 293
170 191
117 71
107 145
45 89
13 269
22 26
240 59
40 204
294 16
177 262
140 135
82 34
12 50
67 213
151 51
61 180
262 67
272 239
212 221
35 174
117 208
127 246
118 148
30 88
279 168
215 289
147 239
158 230
51 48
134 5
240 41
95 36
46 224
86 277
89 132
53 232
175 164
200 115
41 266
6 240
182 29
161 43
287 162
36 20
118 41
294 282
167 180
74 227
136 213
47 138
20 207
136 257
161 212
223 290
0 61
269 118
230 282
162 2
201 97
59 228
120 153
249 248
10 129
228 184
145 293
209 194
274 271
158 37
140 286
195 91
178 236
56 247
14 238
260 30
98 95
3 262
11 135
186 207
177 261
67 74
299 83
287 224
62 204
188 5
33 154
244 155
150 257
220 263
160 205
112 151
177 229
27 215
27 239
165 280
6 253
229 242
32 252
271 22
298 0
131 97
83 44
36 232
156 291
199 137
174 199
268 255
281 279
133 178
281 116
150 166
227 80
189 126
181 45
107 157
195 234
222 252
229 251
203 132
62 177
92 26
93 126
56 176
70 155
236 201
131 181
212 128
121 291
93 140
166 62
91 271
57 42
191 275
168 189
190 54
287 164
29 183
137 298
211 250
224 30
8 296
93 16
10 148
264 50
185 250
50 149
26 117
16 27
113 292
282 274
147 287
162 233
38 123
27 171
186 75
72 278
37 0
132 101
224 36
186 279
59 7
297 210
132 204
104 279
203 270
296 93
111 64
222 113
67 53
161 0
234 88
178 245
102 205
183 118
85 134
298 176
172 294
233 128
68 30
98 287
209 35
267 163
145 273
247 167
135 38
151 255
211 63
285 279
28 35
263 234
91 72
48 45
156 283
232 95
223 224
7 1
26 46
197 196
15 182
235 193
247 190
0 227
6 13
181 282
138 184
178 11
172 35
14 80
38 100
202 148
99 224
209 94
193 47
292 48
22 44
43 52
285 156
164 57
190 185
1 137
193 89
283 20
20 186
280 185
38 49
262 134
188 289
230 208
275 119
19 273
232 74
120 34
7 66
106 213
292 192
93 276
84 158
199 43
291 176
257 196
281 70
69 160
56 290
189 250
78 85
260 162
32 283
135 34
43 27
212 177
259 169
246 201
228 112
254 217
215 158
34 30
269 135
91 166
259 129
284 77
113 146
189 203
229 215
248 247
250 289
18 195
171 80
126 41
273 29
197 145
261 275
137 275
36 105
167 126
70 193
269 205
168 96
117 127
16 109
75 267
254 265
285 121
149 185
111 173
236 212
59 225
211 118
92 260
62 20
60 66
83 27
145 51
7 95
218 84
293 46
144 295
194 249
280 192
81 160
265 257
210 263
121 137
235 282
162 182
194 139
214 134
71 271
40 29
199 126
14 6
117 291
16 292
141 81
94 97
85 136
291 279
74 96
190 35
253 19
189 297
10 216
71 165
143 41
230 188
24 227
116 241
129 144
159 133
206 34
291 269
10 215
151 254
171 267
75 0
42 281
56 141
208 51
28 24
241 70
135 113
218 266
114 196
30 296
230 221
172 84
175 85
152 230
229 175
294 258
209 98
3 98
19 208
289 21
109 265
51 286
219 25
236 5
159 177
163 103
68 83
237 246
136 60
81 4
205 196
160 238
42 224
248 291
186 229
115 3
249 276
153 242
116 152
293 220
298 86
122 279
17 282
112 161
262 95
223 60
34 16
286 182
87 168
215 97
61 55
11 143
21 230
5 34
117 155
42 80
86 53
174 237
182 138
160 252
94 169
142 183
103 272
84 69
8 45
66 193
105 79
32 34
164 193
100 155
150 146
0 279
215 184
261 174
240 52
162 184
181 241
116 120
276 212
82 191
143 254
74 270
141 242
178 181
131 165
2 251
242 289
215 133
121 212
57 181
3 226
188 27
189 141
101 50
100 124
163 290
236 205
132 223
116 115
224 70
120 231
24 145
270 283
187 232
166 295
177 94
289 186
135 155
289 220
129 79
93 83
113 91
217 1
296 55
63 212
114 57
210 235
141 158
118 16
266 277
5 86
30 218
254 182
23 59
29 233
83 73
101 119
233 158
36 274
278 93
108 234
287 183
176 265
193 192
248 158
144 162
162 164
251 164
165 262
293 190
163 29
38 243
62 51
264 168
119 188
1 243
145 212
104 215
34 47
45 183
51 275
228 154
172 128
194 93
55 231
42 299
170 117
293 285
24 267
205 57
226 296
154 191
239 213
121 241
64 145
172 80
201 31
83 135
137 249
244 212
186 17
115 20
82 57
173 238
93 123
85 212
111 7
292 146
98 158
152 108
233 248
5 94
262 79
38 224
174 18
171 293
282 297
131 102
218 2
61 241
64 56
266 211
208 40
10 217
6 175
267 265
40 105
291 7
234 69
126 133
1 25
73 286
220 106
26 36
0 201
299 112
194 250
133 78
9 2
138 96
166 271
289 272
166 47
294 257
37 120
230 103
82 221
115 194
76 65
46 227
23 129
288 54
294 68
175 242
168 184
197 293
70 173
22 126
117 282
108 82
282 44
55 7
220 232
298 281
64 55
229 285
13 77
27 131
171 215
95 58
228 66
195 90
271 175
79 294
41 130
77 254
135 219
136 111
252 52
232 114
38 189
44 28
162 262
147 225
244 213
220 246
204 257
191 104
51 180
144 211
191 25
89 7
215 11
44 207
277 235
262 7
55 110
104 1
243 195
142 63
46 284
215 237
168 43
225 190
187 94
43 29
203 106
163 89
117 248
297 37
9 84
258 159
98 86
249 265
240 99
105 161
152 144
151 26
68 178
59 51
13 19
203 274
188 182
115 230
283 175
175 83
116 117
2 153
272 130
220 203
267 79
182 223
283 61
240 207
190 16
197 221
263 167
97 116
98 65
262 68
2 278
142 152
284 43
34 88
249 67
213 259
167 223
234 74
147 274
267 276
115 183
23 275
297 257
268 74
