300 1500
176 84
191 160
196 135
9 172
273 219
196 66
10 140
233 299
97 164
80 205
285 41
37 216
209 143
16 48
193 169
43 55
189 219
116 258
85 207
108 17
177 254
212 250
169 170
81 218
28 88
71 42
283 211
256 246
141 223
52 241
114 184
119 32
183 245
179 107
69 286
141 291
23 259
201 22
78 234
299 127
142 11
210 147
17 140
107 156
65 33
13 58
104 25
289 14
81 98
5 181
87 261
41 261
287 131
47 184
277 275
209 183
30 220
151 55
47 222
193 279
102 20
235 101
37 21
247 67
117 137
52 227
189 108
239 196
280 115
97 20
25 137
123 126
128 131
101 252
30 117
88 185
188 134
171 106
132 76
32 204
212 75
246 104
280 6
87 149
118 232
11 169
40 18
109 271
165 220
38 203
6 244
66 142
271 220
238 119
40 180
231 2
143 190
162 136
105 292
167 266
167 205
108 179
203 135
281 31
291 213
118 213
95 290
107 281
81 144
23 50
236 196
14 8
203 56
266 1
7 251
103 65
164 87
1 190
247 253
59 257
94 151
199 204
83 177
100 58
271 267
14 81
38 109
140 15
98 61
3 40
3 132
19 281
129 74
100 232
7 168
194 61
276 119
31 196
289 228
150 116
189 94
112 188
262 267
203 71
202 92
117 69
258 180
36 273
145 193
32 213
247 140
255 228
12 234
204 185
60 79
23 196
202 54
262 200
6 260
141 22
163 162
113 14
165 248
136 94
56 123
181 147
275 62
127 91
294 201
171 91
246 1
126 259
261 192
123 290
16 284
261 220
78 224
283 117
27 17
65 261
107 134
56 20
56 71
120 70
124 238
39 141
108 277
182 195
47 165
259 270
119 177
0 214
192 171
298 22
158 282
268 110
73 299
98 177
238 122
235 204
234 67
200 140
166 289
79 39
193 86
280 230
19 203
109 272
18 114
222 187
135 131
14 79
263 292
71 111
62 246
289 26
88 194
205 235
234 57
71 205
167 181
125 96
5 165
49 195
197 212
235 90
114 37
278 162
246 13
196 130
231 176
48 77
43 91
141 4
232 120
164 248
180 64
59 261
183 139
180 182
260 253
169 24
111 270
110 58
138 137
196 100
24 290
145 257
96 119
212 187
231 48
276 231
67 124
47 262
46 282
72 297
169 103
220 5
108 140
6 26
129 27
36 41
181 134
74 270
67 272
188 90
176 134
0 288
121 117
175 236
97 127
67 263
136 182
244 234
241 130
116 133
215 257
130 145
45 281
27 233
121 219
186 195
119 204
83 154
104 9
77 181
206 268
287 51
219 248
137 281
91 184
32 56
223 243
39 13
48 197
242 44
17 248
197 294
121 60
50 129
86 122
185 90
250 176
169 101
287 94
25 269
238 286
58 154
37 294
31 272
44 96
101 44
185 112
247 28
96 239
85 158
145 202
291 132
110 246
200 65
162 16
216 157
90 119
164 187
289 264
69 149
157 100
32 138
19 136
161 55
25 175
152 219
259 292
229 87
180 69
283 135
84 189
174 228
272 78
277 294
209 42
269 245
3 143
12 261
30 159
1 160
245 3
29 203
111 32
130 167
5 179
39 211
129 244
256 297
207 148
123 2
54 209
160 78
201 268
23 4
128 136
281 7
126 193
268 72
85 14
270 263
170 62
277 105
137 49
48 157
168 36
114 110
176 45
90 111
13 226
70 15
152 203
186 128
159 79
287 298
175 65
14 70
241 0
279 298
201 6
238 179
60 259
27 136
1 9
136 249
277 3
157 205
21 98
96 39
222 272
3 153
134 257
49 87
268 60
112 264
154 205
86 186
228 274
64 102
249 63
88 210
73 237
170 141
60 11
21 285
117 267
210 179
105 54
112 226
174 167
70 180
257 108
47 188
13 127
38 94
76 104
100 284
187 240
217 8
84 31
216 27
196 291
18 268
287 21
203 247
16 0
23 86
179 216
269 197
245 40
116 36
286 208
166 266
233 66
171 145
191 280
170 269
235 226
194 131
207 101
299 282
297 31
289 109
142 189
26 39
161 191
74 0
12 244
87 55
244 120
263 218
297 284
254 246
245 111
50 175
38 85
274 29
71 91
158 110
295 56
140 215
263 55
92 227
84 156
132 292
290 57
270 99
53 30
266 11
38 280
148 68
268 166
245 138
36 227
172 206
118 73
213 64
93 135
50 40
252 267
106 292
110 49
229 280
115 246
133 96
229 161
164 167
154 67
151 275
78 5
23 129
196 55
208 166
165 135
235 122
33 194
122 67
25 294
174 285
41 133
135 132
214 217
95 52
275 138
134 271
242 211
26 125
238 158
269 10
17 74
183 15
134 216
59 160
229 181
220 47
121 233
198 27
51 122
23 275
100 293
116 148
156 90
212 0
69 156
211 241
70 27
21 123
74 141
28 92
123 174
138 168
270 140
281 172
192 103
125 0
279 125
48 206
7 11
54 94
39 47
281 198
133 294
130 41
92 146
166 204
162 125
128 254
55 199
281 15
101 119
191 32
115 294
165 243
47 163
122 85
204 194
32 298
8 148
98 156
81 45
217 106
251 233
202 272
15 170
227 64
112 95
12 155
173 164
209 160
228 197
127 158
277 299
229 187
282 254
253 238
160 29
118 297
141 31
106 147
144 188
215 4
182 228
93 139
16 116
267 249
112 62
81 288
141 147
209 292
94 223
9 119
259 289
229 158
173 270
16 216
63 15
119 128
223 228
299 83
183 92
151 119
133 49
91 296
156 22
228 171
259 195
295 269
101 38
167 198
143 37
83 67
243 103
215 13
136 209
44 272
63 230
92 190
99 122
43 73
100 227
237 265
9 110
190 83
232 91
75 99
173 181
10 262
245 50
193 7
112 199
214 242
91 257
139 208
23 79
167 43
161 0
186 93
275 164
260 47
7 298
177 269
284 119
272 13
140 44
214 77
131 91
67 33
33 117
42 114
154 190
297 86
79 48
203 188
24 28
100 110
197 201
222 234
219 34
97 83
112 47
98 229
3 49
149 99
77 40
234 72
175 151
154 15
72 67
202 299
33 167
130 276
18 142
251 118
146 131
58 160
228 180
226 23
201 280
233 236
11 3
299 23
3 21
179 40
185 186
58 82
125 196
35 282
240 195
97 13
128 200
52 151
15 149
275 190
166 130
173 111
76 98
0 3
161 121
155 191
123 91
104 258
107 249
95 250
18 121
3 216
126 128
199 194
6 285
54 80
287 11
108 142
111 283
263 209
130 126
14 285
262 240
29 219
69 107
50 197
29 228
250 253
198 238
113 17
164 216
93 263
87 175
233 265
256 218
26 62
258 37
197 20
202 75
7 262
170 88
296 259
126 120
222 177
235 174
290 103
45 85
145 135
89 175
90 71
55 202
70 63
168 292
147 41
4 157
110 33
255 116
232 117
62 55
23 187
170 25
56 41
36 25
233 5
126 196
165 122
248 202
37 144
238 232
197 244
120 215
5 108
30 135
177 59
74 271
106 156
206 101
13 15
212 275
98 255
293 67
163 44
268 251
73 211
4 216
190 207
4 267
238 36
116 162
204 291
58 121
280 47
32 130
108 221
289 69
148 219
44 206
49 237
173 220
62 98
190 102
252 13
119 27
113 52
237 169
261 22
28 115
164 59
156 228
4 270
120 128
233 83
251 234
235 147
106 20
26 115
142 28
200 205
293 227
246 159
190 223
151 11
61 137
23 25
127 15
264 84
79 51
222 237
57 266
87 39
160 240
136 30
137 270
77 31
126 287
81 59
292 35
287 142
57 210
288 202
123 51
185 7
88 158
253 274
289 87
129 49
83 77
69 64
17 88
103 97
51 201
221 204
180 207
299 16
190 253
164 129
263 194
213 114
23 144
5 42
61 8
161 202
26 144
163 116
83 98
267 134
264 213
251 290
156 286
60 123
127 167
14 248
129 45
161 201
17 138
282 122
130 136
274 71
6 145
7 111
297 92
90 171
99 275
99 264
248 63
12 228
194 293
254 64
207 166
219 57
274 200
34 2
217 280
150 66
239 165
36 104
190 235
205 33
45 285
23 179
63 72
192 158
259 299
73 124
166 117
17 35
64 225
52 108
72 235
111 68
52 27
75 21
266 250
226 44
199 163
32 267
253 59
90 152
17 244
46 116
278 17
280 172
211 262
168 33
61 136
172 186
7 126
75 291
37 84
258 73
175 138
187 21
19 107
67 46
49 124
154 1
161 243
204 29
132 117
266 12
174 192
146 94
25 232
188 101
166 274
245 172
283 86
226 130
161 4
113 118
70 209
231 88
17 81
96 37
259 190
137 29
281 109
82 224
250 240
234 179
8 127
55 79
100 258
237 278
252 202
236 103
24 231
262 252
7 268
131 155
54 260
251 245
153 222
259 22
222 279
109 249
173 178
111 297
109 139
257 4
78 48
264 102
222 42
262 269
288 35
14 74
110 64
103 96
98 147
104 181
290 297
278 193
126 271
119 292
22 230
143 173
67 89
253 237
267 233
194 95
44 125
39 56
119 138
40 279
261 119
206 241
278 110
251 100
42 180
21 206
294 245
45 245
36 133
56 280
91 95
92 239
41 298
268 137
24 59
198 173
62 248
128 237
73 38
69 42
87 210
290 254
221 137
68 229
155 130
284 153
280 265
218 163
253 2
31 109
73 220
242 101
91 227
290 92
132 130
10 126
27 77
114 245
80 247
297 171
239 282
60 239
209 241
165 178
0 85
85 159
266 8
290 281
85 41
295 282
202 13
187 53
5 160
82 100
285 98
212 159
74 218
154 9
214 163
215 149
16 242
191 11
264 106
110 16
103 258
248 49
243 295
107 168
2 39
148 171
250 99
264 9
297 146
247 270
126 99
203 39
246 282
277 125
292 22
284 243
243 143
173 73
184 299
145 93
264 30
121 232
94 280
292 104
293 126
298 3
60 82
199 299
188 276
204 33
34 217
250 103
236 293
207 26
82 74
172 255
151 269
222 194
144 289
273 89
179 120
75 272
102 277
46 26
145 177
293 186
156 270
220 297
248 197
249 140
273 87
23 271
43 241
156 299
32 77
26 138
123 224
294 104
159 297
117 148
97 262
2 298
165 274
272 81
198 68
119 174
149 101
155 108
182 253
239 82
143 48
102 111
46 219
135 266
84 108
90 153
77 255
97 204
198 296
5 197
225 194
33 197
127 216
80 193
123 157
268 208
136 192
155 42
218 103
91 3
137 73
191 36
288 211
56 286
65 254
39 144
181 152
18 233
182 9
132 100
115 199
136 198
71 106
288 61
284 162
77 155
227 62
125 255
195 290
44 173
145 192
223 272
270 125
270 139
107 120
228 52
235 159
181 169
159 10
0 177
139 223
111 176
264 158
129 236
81 181
37 251
281 192
161 5
91 271
95 41
101 257
63 135
108 30
72 204
88 75
251 255
210 23
270 20
189 2
262 188
210 190
0 233
154 238
204 20
267 214
154 278
206 99
223 222
284 27
78 182
159 51
234 9
196 122
32 162
118 77
213 215
211 29
35 161
155 154
190 150
114 77
99 271
106 109
208 170
295 22
297 235
49 201
72 103
145 110
173 130
210 273
257 287
280 75
105 154
142 126
25 237
0 280
210 110
175 86
270 239
230 214
274 239
209 56
43 228
264 234
20 285
131 246
95 167
32 44
133 143
56 256
160 115
266 244
36 201
216 166
28 81
232 74
119 74
84 266
278 146
242 32
262 202
264 29
278 24
228 6
225 44
39 204
256 51
266 259
99 175
12 105
177 196
89 5
93 160
298 191
239 117
153 262
148 128
141 17
187 37
187 68
134 191
92 258
66 90
159 200
279 201
287 194
163 259
105 66
194 43
14 283
128 111
137 65
210 223
150 98
266 50
194 219
112 232
76 297
97 133
167 244
182 25
240 48
156 155
188 20
203 133
206 89
205 218
231 166
87 15
107 118
22 188
282 4
74 6
256 54
271 204
97 234
114 116
133 39
121 156
240 46
256 64
123 275
243 270
131 294
294 71
159 86
127 84
91 238
111 59
173 206
203 67
235 131
132 192
61 47
263 275
278 171
246 158
133 130
162 26
152 143
172 193
155 163
67 200
135 102
1 200
10 210
278 189
197 189
161 228
244 10
250 285
261 3
58 105
63 186
67 116
187 227
261 72
296 243
255 264
188 117
38 247
102 175
289 209
235 169
113 146
231 254
256 169
53 70
272 192
0 237
59 277
180 225
234 122
36 12
229 73
18 245
40 146
250 102
6 220
281 219
260 49
178 117
154 142
36 185
263 184
63 43
261 287
292 221
255 240
100 272
112 267
107 95
287 42
256 92
178 127
72 38
204 82
225 17
213 220
47 226
145 16
259 223
292 133
4 261
0 257
172 151
206 91
117 18
29 55
268 282
103 202
234 283
57 238
195 196
274 28
193 132
193 155
112 175
220 192
19 14
1 275
150 127
12 235
90 174
185 202
158 32
63 78
159 4
137 238
128 102
235 218
32 40
289 66
122 7
106 136
287 169
289 293
223 245
4 58
68 49
15 92
151 219
216 297
217 151
112 48
127 89
28 22
289 22
149 265
80 189
279 276
209 276
283 175
69 50
281 265
30 21
290 17
223 88
206 55
114 239
104 45
254 219
248 291
188 128
224 130
147 140
0 10
283 265
263 187
281 212
299 24
200 76
121 211
97 55
36 296
224 34
76 159
102 126
97 260
138 39
195 24
40 14
16 13
232 125
40 9
141 279
265 147
70 81
273 137
155 196
162 288
153 109
97 179
