1070 500
944 80
750 561
1065 1024
143 567
92 1063
215 982
83 865
732 90
462 223
391 406
383 38
1033 627
147 1065
379 270
265 511
1049 945
446 545
523 848
658 137
700 1006
995 225
611 700
472 919
298 789
580 454
489 298
802 806
449 871
779 378
24 158
160 287
226 510
7 376
55 794
92 3
471 759
534 74
983 384
945 353
810 156
370 1039
515 1002
539 290
970 528
531 353
381 761
348 1066
610 987
755 152
175 411
1035 592
0 435
479 361
350 674
598 967
641 612
775 663
597 978
510 773
106 592
753 431
17 25
360 534
833 6
274 171
561 133
947 294
1027 835
1028 582
238 807
693 202
96 275
397 151
173 137
861 478
369 464
119 55
1026 627
306 894
555 37
164 850
509 970
635 97
763 487
859 518
304 681
704 473
705 985
257 712
992 37
1033 82
170 903
625 43
439 474
385 177
844 368
249 603
956 1065
189 738
895 12
996 864
18 692
380 445
817 509
585 72
964 627
579 349
739 119
382 725
625 125
1019 589
807 380
401 1053
798 379
656 719
1001 136
296 682
531 722
153 114
539 725
701 214
475 219
1026 337
567 435
200 786
449 475
849 596
795 563
307 742
566 629
767 780
89 460
289 838
457 191
1045 223
823 51
759 303
923 569
486 162
1004 317
899 965
587 579
385 48
987 1039
908 853
648 761
278 922
609 264
1022 751
399 905
649 1067
355 485
575 934
747 476
1052 636
115 346
502 494
944 725
623 466
731 322
429 1066
269 143
204 302
810 990
165 48
883 747
656 103
628 810
402 535
406 384
534 250
134 423
154 29
957 461
949 891
702 755
102 700
839 506
522 408
393 926
37 943
992 1056
261 78
1054 958
216 15
1039 913
378 802
738 394
183 177
537 953
866 742
219 531
956 155
377 548
357 103
1019 401
676 316
230 600
307 350
338 625
926 138
837 850
523 28
301 1010
1025 633
453 134
37 589
59 773
868 732
182 780
683 896
968 876
729 954
590 731
827 221
157 758
67 329
902 1023
224 122
116 284
215 425
331 686
235 767
415 814
314 553
808 824
353 131
974 1050
505 336
750 262
1048 232
239 811
262 343
1004 487
405 973
902 130
131 538
76 514
1040 100
496 97
155 671
448 829
216 1045
133 307
432 272
8 662
1012 389
456 263
846 281
604 507
380 558
980 150
56 354
645 847
702 946
663 368
580 280
67 452
567 635
1069 879
198 1000
713 644
778 993
170 166
499 1
713 457
472 786
327 683
902 372
155 309
286 926
726 669
334 534
329 257
293 242
530 717
39 822
436 911
403 471
19 14
314 244
674 951
293 860
150 560
1067 999
171 662
808 527
375 144
490 800
616 755
740 546
714 161
749 49
962 816
23 1046
626 499
895 120
495 602
399 811
898 83
971 508
918 526
572 193
261 134
517 78
504 867
1049 178
701 272
890 942
349 241
460 1043
546 686
610 782
24 121
573 534
23 570
912 201
943 25
411 268
801 875
589 729
57 574
96 918
324 211
785 590
1057 522
1041 547
1021 341
15 563
769 108
491 379
146 26
40 734
576 1000
785 218
537 34
280 827
871 940
1063 287
800 75
816 789
1026 501
192 197
1050 821
100 1044
635 722
596 4
1023 935
843 241
818 653
119 28
875 791
1027 847
760 313
344 432
280 111
380 977
60 978
377 619
102 982
598 150
224 335
948 294
831 178
644 694
788 574
891 347
357 438
55 393
632 205
179 198
617 566
351 179
583 77
0 714
33 830
318 406
549 795
879 632
280 901
461 843
958 956
869 26
618 953
45 44
1024 1048
567 824
1066 584
258 483
803 1059
1030 493
141 459
202 682
123 400
1007 467
348 235
954 446
708 293
620 254
37 1026
267 943
384 897
343 513
514 609
429 504
403 866
996 278
843 321
743 436
117 900
615 671
20 282
101 228
326 1040
728 837
536 841
817 517
603 712
344 414
229 239
916 299
938 701
87 435
516 912
409 665
171 296
233 235
262 909
268 359
795 262
240 583
169 38
168 329
117 1021
1064 765
681 763
897 765
397 569
149 476
886 826
1049 772
591 563
901 1066
619 309
930 619
328 631
254 341
744 340
990 393
754 108
139 458
40 888
309 1006
438 844
441 412
31 494
917 698
937 1048
879 746
332 625
427 705
990 665
100 1026
490 1037
524 704
9 309
544 139
664 621
41 201
18 290
438 20
460 376
504 1006
236 120
884 43
631 35
418 875
285 776
891 202
902 822
938 475
318 231
687 351
657 48
807 463
675 937
740 400
988 196
153 125
9 455
149 288
292 73
29 689
686 985
791 600
898 987
467 676
169 930
127 14
58 369
