950 500
16 858
696 600
724 172
942 497
605 669
156 482
17 582
832 72
387 288
206 472
279 151
612 184
237 843
67 943
859 526
40 140
376 118
867 872
60 1
418 652
146 15
721 876
232 19
251 272
170 618
233 40
745 586
700 353
485 408
659 220
573 263
521 850
590 543
282 554
557 761
385 446
222 498
169 103
333 663
797 543
573 309
686 745
749 682
117 763
575 49
34 820
345 303
719 367
721 135
532 597
812 866
414 296
244 375
167 4
475 822
142 751
421 867
908 643
900 2
932 586
421 43
454 479
158 116
221 440
655 632
621 114
857 917
794 728
425 725
800 159
571 250
601 522
47 784
330 253
728 748
313 174
778 119
864 906
92 598
924 205
913 536
680 552
572 484
714 503
928 660
41 163
780 949
282 765
599 399
574 137
778 332
937 911
853 397
229 452
882 706
484 616
470 714
426 133
716 221
217 475
115 871
39 169
367 855
938 521
466 932
89 636
282 161
549 141
305 401
301 421
642 856
81 843
861 92
513 574
225 682
671 138
772 240
56 902
341 883
334 375
287 531
427 204
242 580
193 197
946 385
449 869
452 915
310 718
81 780
422 818
652 186
861 280
384 71
648 915
451 149
748 129
16 904
238 741
909 268
807 404
282 376
307 572
172 119
608 483
381 587
313 917
770 437
625 601
710 141
375 854
923 389
542 522
941 744
795 650
803 707
874 220
286 140
521 82
395 618
491 644
868 461
614 2
557 322
825 525
224 437
938 24
534 70
877 573
405 460
231 709
100 190
860 792
869 462
697 422
122 624
665 19
564 504
116 492
859 88
585 64
562 338
72 748
149 141
211 249
824 524
17 847
682 800
863 85
940 40
638 823
645 935
651 702
73 216
718 224
853 100
741 811
592 672
26 543
394 757
446 300
142 272
893 949
196 40
197 917
159 669
805 797
38 2
399 266
589 745
327 122
610 663
384 593
248 197
117 603
362 925
703 889
552 43
229 938
232 306
467 508
393 795
336 174
929 630
768 748
195 765
226 640
160 637
371 368
814 211
339 47
244 44
821 930
848 380
10 484
165 155
923 22
502 921
839 822
670 363
238 875
369 531
375 648
772 760
113 262
469 295
602 64
661 475
290 168
845 274
355 517
93 431
604 262
467 173
684 357
204 157
353 541
592 215
24 506
514 318
933 294
22 718
362 441
597 401
436 690
769 832
928 788
398 868
445 358
677 204
231 742
243 86
75 883
288 448
708 928
786 830
663 223
154 276
780 494
496 866
37 760
703 366
453 577
59 331
928 30
917 486
597 229
114 854
228 133
609 107
425 324
116 942
680 667
847 699
572 600
617 298
101 538
784 250
54 423
909 795
199 899
797 628
99 908
865 226
929 648
263 791
676 894
387 938
589 247
393 510
750 554
84 215
666 369
468 279
601 371
818 875
692 925
233 609
52 21
929 278
683 882
409 596
273 757
754 556
251 341
618 500
230 104
542 847
670 77
434 754
449 647
282 649
926 317
633 348
9 122
313 299
941 603
833 636
290 171
359 288
127 23
594 105
188 537
467 716
510 292
826 284
872 49
866 502
206 155
687 50
314 203
514 162
440 46
774 408
669 823
81 904
419 288
273 384
627 281
319 589
694 161
437 127
518 573
424 614
127 494
71 681
178 634
498 921
560 42
68 154
632 471
755 316
486 799
481 883
776 334
645 159
523 395
362 703
103 461
634 217
792 690
594 431
114 439
143 827
520 738
374 861
851 258
667 35
52 410
468 383
940 857
390 506
668 882
656 345
483 794
814 463
602 664
434 814
592 590
543 640
70 924
134 33
134 296
736 344
711 561
933 663
547 649
769 792
574 869
204 221
56 52
680 726
178 820
363 311
642 301
188 326
246 185
815 492
99 758
609 95
224 322
225 679
942 306
178 637
44 459
45 909
571 312
460 674
389 431
788 419
131 426
620 778
50 313
358 247
76 454
321 241
811 525
429 201
694 181
671 735
268 747
541 74
913 89
934 514
8 813
806 137
907 474
813 916
169 390
286 879
265 537
503 122
949 548
720 581
684 874
514 189
52 213
159 425
19 570
867 522
175 675
853 570
855 156
811 809
788 300
74 418
439 256
446 59
135 917
930 668
466 540
98 888
343 685
127 270
699 518
635 148
340 444
490 684
720 97
520 945
670 161
79 568
379 246
17 911
578 471
839 169
927 504
498 602
909 85
538 502
443 856
843 246
670 483
580 311
199 730
911 658
360 9
418 604
201 635
742 0
547 339
