750 500
334 322
11 657
443 240
313 97
29 230
358 233
436 35
581 427
394 117
673 353
75 8
49 300
697 223
9 135
206 532
749 483
630 723
108 583
347 235
321 21
460 40
95 680
657 232
193 538
594 301
656 545
314 111
344 684
481 269
433 309
181 426
473 591
121 278
623 323
483 7
464 600
145 425
384 641
194 474
345 61
412 409
514 300
598 341
13 182
517 549
614 412
348 468
338 744
352 149
733 222
579 152
355 690
47 715
623 55
22 521
627 133
294 694
256 91
367 453
43 323
588 233
570 246
732 113
204 341
304 133
522 637
449 615
60 473
344 135
658 126
45 628
117 413
679 139
274 47
383 116
99 234
16 70
284 710
734 344
105 404
509 187
242 583
633 79
432 345
539 402
342 741
61 154
726 637
569 416
135 533
192 705
232 60
453 249
4 268
284 522
653 535
78 31
324 306
249 358
121 0
39 524
425 579
258 31
182 97
193 699
720 170
697 736
72 687
269 361
312 615
72 610
480 537
288 156
735 637
256 678
430 278
583 658
256 114
686 521
391 353
495 147
517 695
318 183
487 258
256 214
475 693
324 73
493 743
455 405
530 538
256 732
577 369
579 240
626 359
212 722
140 105
319 306
598 615
87 694
427 668
461 146
565 267
340 484
574 307
485 46
304 257
529 579
303 342
270 393
104 90
335 741
617 8
287 597
535 128
100 309
485 334
330 712
547 356
386 40
514 612
329 181
403 638
11 715
670 457
579 243
284 696
122 310
115 392
526 274
467 60
184 683
609 1
97 523
171 11
261 454
553 532
96 484
293 709
59 659
141 422
378 553
24 670
55 593
745 232
69 483
607 569
603 590
118 692
202 139
9 617
640 527
509 451
315 570
407 294
624 644
287 550
268 402
610 53
629 16
649 430
477 24
593 410
129 213
419 445
356 598
261 3
383 183
310 508
431 196
457 745
303 606
379 96
28 478
403 160
100 154
78 417
194 707
630 360
495 152
567 203
5 596
672 432
635 365
375 684
488 222
670 443
737 78
519 45
187 603
221 484
541 646
408 274
185 132
212 409
730 531
286 245
315 10
196 463
483 384
200 736
574 27
625 337
547 490
727 68
260 620
221 639
3 583
609 34
85 625
13 244
80 243
368 41
567 439
202 592
339 338
635 464
96 407
221 181
358 588
157 741
215 354
698 612
465 705
265 685
674 741
548 193
344 644
185 574
186 93
163 312
187 112
399 389
635 455
641 659
365 127
266 528
650 378
263 477
462 301
23 155
370 291
155 258
603 245
466 188
474 51
564 536
187 493
725 423
250 484
98 385
335 169
174 193
683 316
451 474
571 704
699 376
639 300
270 471
744 566
683 320
584 381
382 89
48 580
294 170
261 123
155 84
431 430
331 178
536 202
640 340
258 131
705 547
448 198
692 362
586 654
242 389
502 49
694 73
695 690
447 284
380 716
735 620
376 663
367 720
420 336
108 228
360 506
449 694
78 447
591 680
218 129
210 489
98 360
113 351
664 13
478 370
61 177
271 5
459 615
372 254
181 316
193 509
584 490
53 124
498 635
459 99
739 230
463 120
558 251
218 93
205 410
677 283
411 180
658 216
280 602
563 270
646 95
280 572
603 451
273 259
749 508
14 65
422 409
124 583
61 558
395 704
517 726
396 11
276 715
477 392
284 184
538 98
217 716
389 370
603 291
178 156
730 676
113 297
664 384
509 679
157 474
339 8
408 495
438 726
615 348
351 421
725 202
184 353
386 160
611 480
135 433
569 84
502 446
510 434
699 156
414 9
294 165
587 620
251 339
707 397
369 91
182 93
312 404
287 289
711 335
220 674
241 681
255 308
353 559
542 508
1 2
648 192
246 653
371 323
646 686
130 199
229 704
432 369
368 668
580 695
670 739
600 94
116 706
336 22
383 75
390 231
345 35
98 197
92 176
317 622
279 518
526 363
362 289
182 232
61 213
161 603
303 625
679 88
618 549
690 224
723 276
570 409
734 132
278 648
331 144
283 232
89 371
685 257
492 194
436 307
39 265
683 447
178 422
263 61
642 602
480 235
637 624
686 188
399 257
665 641
238 137
258 126
22 150
273 672
359 710
122 513
244 162
83 278
518 531
736 226
486 609
571 222
526 743
167 217
209 596
145 403
118 347
472 224
670 53
381 454
177 721
297 387
529 220
309 644
548 85
652 484
513 353
392 706
399 223
233 125
617 547
424 605
189 374
269 698
234 472
300 415
694 350
382 608
343 107
116 533
