150
12 600 1000
30 654 718
56 851 859
73 692 726
90 355 706
64 22 979
72 78 374
100 207 529
93 300 468
7 595 783
45 285 553
51 256 541
63 223 827
62 46 510
48 258 474
100 92 599
48 396 411
24 142 906
25 506 883
83 769 878
82 14 491
17 116 243
18 818 904
91 7 70
4 905 978
11 272 588
84 353 854
53 779 897
43 294 318
87 487 606
41 160 214
91 362 580
79 8 137
44 530 925
64 289 551
58 18 242
34 346 716
51 610 727
76 562 725
33 400 905
2 6 946
31 373 738
68 39 334
80 251 776
64 340 766
5 437 915
80 210 541
83 350 752
4 361 629
81 877 926
54 437 859
100 229 407
23 216 968
14 569 922
33 567 950
99 244 779
54 91 864
85 445 782
67 16 176
99 304 688
44 6 599
99 485 570
61 555 672
19 138 331
81 192 394
11 371 563
57 3 53
11 10 385
10 341 589
12 289 886
62 792 864
30 248 289
33 198 398
92 402 408
80 222 766
83 225 447
86 575 617
45 131 378
36 762 835
26 140 384
94 20 210
85 642 959
96 737 776
38 75 813
79 74 993
49 382 976
92 254 843
15 30 106
18 32 702
63 468 692
26 35 775
19 12 833
36 51 98
52 96 715
8 624 653
63 69 840
3 839 932
55 70 897
19 486 863
71 34 219
83 52 307
71 110 388
48 89 168
89 908 987
83 596 743
96 323 370
16 58 890
15 400 687
2 309 375
28 112 380
53 513 612
37 153 379
62 698 802
52 667 895
72 182 703
7 62 688
77 517 842
97 503 550
64 357 965
89 721 766
52 147 306
24 147 994
57 125 447
11 300 669
40 308 749
56 267 366
96 406 907
46 165 979
27 21 319
100 161 548
9 494 856
63 702 870
48 835 930
82 689 825
15 372 980
78 271 484
77 182 592
92 283 453
75 820 961
70 150 471
94 394 979
38 325 735
86 773 987
37 12 834
10 735 764
16 126 282
18 85 210
65 570 847
98 169 747
86 21 341
