150
16 147 552
85 9 397
57 454 706
95 154 914
43 85 869
53 3 707
91 489 649
60 40 996
42 207 447
65 339 566
72 903 956
53 259 348
99 177 741
41 235 390
61 396 699
36 241 612
14 789 882
50 412 443
1 40 118
87 313 971
89 71 795
74 103 715
12 278 884
16 9 848
2 449 659
49 432 774
64 102 333
1 773 913
74 186 862
65 509 742
59 208 505
92 698 720
14 27 554
88 292 494
57 393 995
61 716 949
25 42 164
82 623 814
29 219 911
27 150 272
2 186 272
95 33 137
30 763 992
80 56 481
41 240 727
96 591 988
80 693 879
44 389 753
99 645 967
100 94 699
2 68 366
73 382 994
4 79 875
52 264 492
62 63 789
61 14 208
59 113 794
44 256 950
46 10 722
2 405 588
9 478 864
76 126 717
5 390 899
86 408 905
77 679 889
67 160 879
11 164 648
31 270 274
2 690 979
69 932 987
19 24 553
13 22 950
87 453 683
24 501 969
8 252 519
34 17 711
16 124 251
80 154 722
4 340 375
47 29 505
60 202 784
48 20 960
1 241 306
84 161 316
40 349 503
44 117 877
79 38 919
53 501 979
56 336 631
34 53 374
12 474 854
99 544 833
63 663 709
34 697 912
70 82 114
31 55 856
47 99 377
77 315 943
27 224 290
60 33 798
80 130 461
65 101 215
94 171 526
79 7 766
67 67 867
88 232 440
71 256 333
99 103 534
9 159 168
30 590 741
91 404 827
63 574 904
0 729 967
100 577 853
36 388 399
48 26 569
19 328 810
61 376 385
28 192 327
5 279 469
47 162 542
57 680 740
5 420 993
56 615 631
14 548 941
86 409 564
73 104 324
21 753 868
30 600 624
30 64 320
44 262 337
50 306 647
1 618 866
68 456 634
61 263 625
99 153 519
2 157 426
24 220 793
58 632 674
35 75 244
100 665 748
42 73 368
26 494 745
57 11 331
84 201 710
9 39 266
49 522 710
18 42 993
6 268 294
40 849 978
