1200 10000
478 1024
233 967
850 573
640 212
175 35
129 561
739 697
844 367
920 89
525 17
343 482
1152 862
350 101
56 633
704 612
176 678
373 123
442 476
793 346
287 1125
60 730
787 486
899 705
647 184
986 260
772 1136
139 712
768 24
510 863
1077 1191
326 289
1161 1167
43 831
429 110
666 631
465 281
633 805
1073 156
315 928
155 783
1073 1001
462 1127
789 657
555 618
537 75
1079 931
79 505
182 1124
959 56
11 738
523 382
788 813
1048 180
1144 783
909 351
914 167
1136 257
1041 246
498 1090
363 183
1187 130
412 319
469 187
761 781
222 1016
506 743
1019 1062
554 206
569 939
13 954
77 641
487 582
138 99
371 530
502 497
84 1043
98 323
432 267
7 576
521 617
1155 37
1020 424
507 155
179 547
383 133
182 106
1009 242
206 109
75 231
1019 704
671 300
1163 753
499 95
156 1180
967 783
1193 276
160 644
109 1182
854 1095
565 991
855 1103
737 522
1166 45
456 1095
93 463
683 1092
483 1162
1189 530
671 768
34 656
797 1149
959 876
95 500
188 80
1196 483
55 714
705 1198
1191 325
191 620
848 652
689 577
282 830
938 553
207 1007
159 1069
707 661
1190 925
461 642
287 689
273 49
671 1093
490 1175
879 1054
258 419
1100 279
122 413
234 830
48 714
898 879
290 1165
584 924
382 963
83 140
192 99
1079 494
1185 36
805 1166
551 719
39 403
445 849
1027 336
896 672
60 1126
134 215
983 155
971 1099
811 216
163 1049
823 651
1151 1079
801 636
977 728
90 1056
792 193
999 462
1186 708
229 64
165 791
1005 631
290 994
1131 226
132 1140
736 617
845 804
1077 290
828 974
104 1168
370 865
453 444
612 291
58 981
677 113
647 744
754 136
239 755
1172 102
167 694
38 1000
672 615
931 596
1177 238
222 919
114 467
423 600
302 117
1143 209
909 900
624 83
284 131
786 1065
241 1038
75 1128
495 653
156 1162
412 989
1156 148
1056 411
558 714
662 462
659 1119
75 855
486 378
1002 80
52 68
682 510
611 1046
88 563
877 460
202 64
740 578
239 741
520 742
384 308
941 507
913 1122
173 171
644 753
120 975
968 185
886 1185
935 245
736 194
554 644
130 909
1121 530
1188 1166
361 254
687 1102
684 271
827 239
284 250
1073 1027
169 99
331 227
350 858
267 879
859 953
161 357
380 1062
797 853
1159 999
222 331
854 892
1065 30
1090 79
919 227
783 93
1003 232
916 349
371 865
1068 1011
296 472
555 436
720 662
407 628
956 559
140 316
1068 538
1119 1015
958 742
23 1098
838 559
767 449
1002 875
692 943
734 832
731 537
642 854
652 1105
324 197
31 294
1088 1094
158 646
62 22
398 419
536 367
962 329
784 862
660 466
1177 507
120 415
653 266
976 253
524 720
804 1139
1108 350
247 963
744 521
297 651
587 220
241 113
1148 99
521 409
738 960
549 137
598 484
1038 824
202 511
393 757
190 1040
132 155
518 238
851 708
97 1112
125 310
939 720
372 748
244 731
491 711
20 1159
739 1180
1186 416
707 763
366 1099
208 60
118 266
1051 59
466 1051
792 632
311 621
976 703
814 1050
996 281
661 129
885 828
812 1146
1048 323
682 406
795 1116
734 140
837 744
471 477
246 1034
694 609
186 1139
528 740
695 600
799 51
126 782
768 369
126 133
482 806
1122 135
19 987
312 860
215 921
680 414
1148 973
398 266
882 907
544 1106
675 724
857 175
142 131
929 633
736 1194
809 457
810 299
1149 727
601 91
391 401
125 1083
1175 833
265 928
746 1086
531 743
393 462
984 596
1189 869
1117 100
759 291
258 616
1039 493
1128 224
697 993
685 531
689 354
284 661
140 488
890 406
42 1186
576 1045
264 234
500 837
412 145
592 1061
109 332
554 144
213 338
942 577
802 1078
741 1015
1152 1086
370 1055
185 223
415 693
372 861
681 311
298 832
413 1185
153 587
407 118
495 999
539 587
1140 434
73 679
981 762
1062 1185
906 739
397 446
795 682
1062 157
278 1007
1140 678
996 705
778 514
898 1154
1009 185
422 454
1158 992
479 1135
332 1058
1085 912
843 289
325 1011
1024 982
210 188
205 1157
445 423
1042 1127
208 279
582 655
1062 1100
12 267
486 1180
473 776
754 62
311 436
956 876
1190 652
799 1102
467 476
200 260
30 789
446 773
1188 964
786 999
410 1055
189 901
634 798
96 794
635 876
1149 809
184 1133
718 922
310 1050
849 1099
815 1154
681 264
561 1086
1021 1097
337 425
394 763
741 463
411 592
591 393
143 340
772 511
766 103
1047 202
273 425
296 1015
194 817
1044 354
295 154
633 498
342 692
1112 532
664 994
186 502
40 762
74 177
290 162
526 156
130 752
833 904
1068 192
199 786
403 882
1134 287
596 65
250 299
1192 49
1093 1103
103 468
523 888
223 1074
311 1062
710 686
340 1053
582 877
936 47
260 100
925 296
368 14
684 77
561 396
1125 924
442 107
463 845
663 660
1122 329
451 1063
771 387
285 136
698 440
235 384
572 418
860 306
840 658
751 808
844 1064
704 162
417 88
1168 964
233 242
234 582
1143 407
1089 1152
482 879
495 962
828 922
939 729
668 1173
489 435
465 369
492 506
379 245
281 536
89 272
892 1172
297 689
552 586
40 261
682 1128
540 1083
909 114
1084 877
1023 694
652 1077
692 343
389 891
1166 46
432 829
1088 400
1119 117
615 431
456 766
239 1021
269 154
259 200
1148 604
525 519
671 20
978 430
1196 210
1005 62
41 88
852 141
245 924
786 1026
844 542
902 18
795 402
793 603
1028 806
820 1095
635 208
226 735
307 933
793 1054
190 27
1056 232
582 1079
284 734
1001 817
1126 425
384 249
29 223
770 112
151 1067
177 827
392 1005
766 981
36 654
757 75
383 821
609 489
793 774
942 431
727 535
480 122
260 215
1086 304
852 51
1069 283
418 737
1037 717
939 159
252 363
749 482
903 397
1128 360
125 1011
548 307
1139 1178
820 719
244 1062
280 1016
1135 361
26 1120
215 603
608 693
101 1075
645 1106
1103 649
834 599
680 504
162 533
247 810
996 21
214 1161
26 211
679 164
717 1
803 96
436 951
550 316
400 182
149 90
787 524
383 1015
848 864
758 689
734 998
277 509
259 690
425 747
897 1040
324 155
436 258
501 714
475 888
179 1044
110 73
286 1024
395 245
937 1188
516 486
921 219
730 303
120 945
616 434
382 948
331 180
498 1133
696 899
319 1179
190 760
1065 381
907 156
681 192
497 74
1026 333
736 589
615 681
1080 227
698 141
221 151
225 998
841 120
52 672
258 938
880 348
647 383
625 800
109 257
545 13
164 983
142 790
69 517
952 455
984 16
1150 1013
983 630
747 19
142 1174
83 353
1120 1186
213 492
620 1035
674 546
895 343
20 734
739 847
556 660
800 925
1057 661
374 476
1173 1093
307 501
1047 348
965 587
457 102
468 501
942 1065
278 1155
1143 595
268 752
938 1037
785 480
1063 1163
1185 846
913 454
104 10
293 983
118 987
416 259
108 584
207 582
614 253
11 486
739 101
436 322
147 893
311 1000
571 165
1103 1157
337 1080
1069 362
427 461
644 230
693 723
992 719
782 209
283 818
1192 538
943 430
873 952
740 500
1189 812
113 445
965 821
421 65
1185 838
18 293
51 289
605 698
832 258
718 584
904 747
330 980
90 435
18 917
463 1111
58 1186
340 912
254 45
987 927
102 669
1138 921
1064 991
1107 739
596 372
161 221
762 390
228 42
983 1192
1151 883
545 1160
1097 890
571 1199
25 343
591 675
375 1192
1030 660
395 13
110 422
1025 409
179 909
645 832
1048 783
25 1176
203 1069
270 582
740 519
129 361
50 1029
301 240
144 243
818 325
247 313
225 244
764 357
148 388
640 866
947 598
718 783
145 441
61 206
255 1044
391 477
1024 107
1177 955
546 954
965 565
632 576
1184 323
332 57
289 1088
899 748
864 1121
707 121
1000 31
582 1078
633 169
44 931
651 8
753 572
1090 394
208 218
773 54
48 1161
1121 189
421 600
740 104
117 326
216 946
886 651
100 892
884 1152
748 854
736 568
220 505
117 769
909 529
787 514
542 242
291 354
276 330
145 1032
57 218
875 259
547 579
554 75
613 436
469 967
1154 433
19 1090
863 966
81 961
796 1123
735 882
435 525
529 910
1050 1055
460 170
742 1182
1142 783
127 239
1179 250
1071 125
238 663
378 61
47 98
925 45
652 352
765 1145
946 845
174 159
373 273
696 1018
315 1174
121 143
672 171
766 1180
312 1013
366 751
830 148
659 1039
675 312
236 1037
1014 126
246 292
1051 961
470 406
319 396
196 897
599 1178
701 489
758 179
742 985
855 398
488 490
438 750
841 1195
1089 778
559 1071
127 135
896 883
105 436
928 593
1 411
786 795
49 367
462 717
639 915
904 870
139 1125
361 791
962 516
290 43
606 854
942 133
775 519
674 809
532 786
574 51
228 111
315 823
114 371
1172 471
428 303
232 658
1151 22
138 384
406 220
933 843
293 1039
1096 707
977 476
923 1019
916 534
1035 911
684 562
936 759
1189 696
3 771
385 653
806 896
904 570
622 901
797 191
1008 1049
53 701
217 883
118 829
1049 284
100 337
1109 1057
131 1189
86 169
719 1014
376 1180
1179 267
980 64
970 965
504 48
60 381
649 956
801 927
789 459
136 1033
382 920
1181 709
704 956
1089 564
197 763
895 882
593 283
442 21
522 224
154 651
1072 323
289 1128
1194 112
624 436
1102 420
283 246
463 82
843 161
458 995
535 97
1115 139
130 586
6 889
510 1040
161 227
859 361
468 1106
110 126
567 649
882 908
886 1042
1055 782
610 91
277 148
926 122
302 612
150 418
476 455
1077 649
1003 868
676 1019
1022 608
979 784
838 155
770 433
1178 124
304 406
396 463
143 265
632 618
197 755
350 859
766 354
761 468
885 100
869 323
1186 808
1001 436
753 648
193 226
315 621
778 808
367 671
647 182
851 824
891 177
60 895
928 151
923 995
166 842
463 805
1158 383
546 770
156 962
902 189
242 450
566 1114
820 1186
658 361
332 288
1091 210
625 765
676 608
826 963
383 723
439 1026
10 415
9 69
756 282
306 368
735 339
165 554
156 906
1091 689
954 75
373 94
974 235
326 531
787 774
942 1096
464 780
1120 290
735 1048
429 1037
932 764
431 437
673 174
945 881
579 922
1096 960
846 1078
838 1015
968 139
321 168
944 291
443 831
698 240
707 342
932 985
1135 353
686 735
200 42
28 153
611 72
161 198
289 374
203 394
466 600
804 982
245 330
1162 755
974 379
238 514
230 144
29 901
954 1163
170 69
1000 385
1153 307
14 1038
241 626
106 351
292 622
718 225
670 160
916 274
652 936
1088 190
706 919
1151 530
715 1077
236 795
1108 124
1071 16
932 506
797 102
1142 120
333 1099
961 1058
735 1160
19 1023
203 41
780 20
521 308
963 383
551 597
666 106
3 1139
847 806
445 1033
1123 1046
693 988
772 1080
400 217
790 360
260 290
437 611
291 76
740 1008
921 858
511 382
1164 613
816 363
884 158
986 1179
641 185
208 821
667 177
837 170
767 609
1074 16
459 70
928 677
497 599
149 224
909 21
1131 64
90 811
1190 590
1014 412
196 700
1199 818
525 1027
1140 820
496 1076
670 1085
1027 31
250 978
725 1029
5 825
625 1138
957 586
470 257
952 512
761 22
874 685
319 54
780 235
1019 996
82 761
757 74
43 702
977 388
81 560
746 1187
723 257
524 250
1133 176
238 625
286 960
658 87
485 408
781 720
453 5
898 1127
437 1107
507 733
119 534
699 1021
206 224
957 1050
1053 967
766 405
918 940
326 526
905 393
352 850
1047 2
503 1070
391 386
1050 962
687 464
1175 70
1063 769
805 1196
457 1004
67 895
1015 803
935 675
1130 216
753 1129
307 1012
908 475
409 962
835 1073
404 375
681 458
1042 113
544 684
612 861
261 833
179 1138
62 714
541 676
926 625
103 788
397 67
977 735
746 802
142 1170
547 1074
691 165
203 314
398 638
44 27
121 1039
923 209
438 609
488 122
702 789
116 825
856 1062
1015 746
1119 42
205 314
419 72
684 185
797 994
682 640
477 1033
563 111
441 89
590 157
759 813
226 327
35 220
854 335
633 115
1079 638
537 737
248 867
261 260
696 506
643 709
1095 1014
883 296
31 490
480 199
1183 472
1030 262
651 809
974 393
777 880
1188 166
350 572
774 523
334 861
40 450
91 674
1131 1130
667 1151
2 1148
377 550
373 578
43 859
605 282
392 920
271 786
208 565
792 381
323 46
754 1169
839 204
417 317
586 715
1191 201
193 983
1143 360
451 859
1095 553
1175 804
1088 952
670 761
413 679
898 137
1156 12
827 1147
693 107
783 105
406 935
499 1031
60 147
323 229
913 243
297 890
228 207
1150 211
195 521
955 634
560 100
564 16
328 229
1055 540
669 452
374 1132
87 545
681 272
948 337
890 811
322 426
656 758
188 513
101 91
491 501
565 1120
553 591
907 80
150 478
47 817
123 1182
795 800
383 17
555 439
25 48
925 135
574 496
167 851
1110 1161
95 597
291 266
538 727
590 368
575 370
853 1094
1164 231
260 317
214 344
914 1090
1039 774
549 193
750 1083
1199 572
94 637
250 376
468 346
75 597
692 423
269 435
1142 947
232 1013
363 577
712 1071
1048 69
294 418
1019 1042
33 784
367 705
379 199
181 258
141 654
695 897
921 515
1149 911
308 1026
1141 374
842 693
546 38
112 13
234 1009
282 13
789 799
1010 1124
212 399
593 672
683 1024
503 462
344 146
688 656
882 664
288 633
264 140
320 1041
66 633
446 558
507 441
706 1193
936 400
774 554
943 48
1123 331
514 511
797 699
457 837
466 9
554 748
634 49
865 1195
1141 879
153 501
408 593
1150 897
482 1020
1196 760
1011 619
200 1072
1108 760
786 451
341 870
970 73
1140 1084
409 489
450 114
93 669
185 471
1094 74
903 351
279 390
1048 988
101 831
526 195
1194 502
3 390
1158 87
648 610
990 50
487 321
602 585
196 1119
57 789
390 642
365 239
958 245
1085 697
397 453
584 668
858 769
927 582
610 793
183 186
908 663
281 1160
84 509
395 472
835 850
441 1184
458 729
882 1182
618 249
543 599
905 124
605 390
722 587
486 1036
725 724
469 1049
777 86
128 1042
731 827
885 283
650 1107
1136 559
34 868
751 907
314 641
292 322
368 185
1034 731
156 832
315 126
285 445
911 318
49 937
120 735
323 241
300 230
262 366
1188 53
1145 1148
787 598
147 26
706 1069
150 86
567 456
470 564
793 434
818 74
1186 781
995 692
801 473
605 829
174 154
579 597
687 646
177 867
179 195
330 809
191 542
279 525
362 635
833 813
1121 1046
547 85
254 104
803 430
1114 305
457 1099
152 981
315 236
245 724
537 20
1064 405
575 932
310 399
560 690
19 1168
835 325
1101 689
74 1155
581 528
660 499
230 941
163 110
802 402
726 505
341 291
1198 742
754 164
654 750
890 252
1099 977
320 1107
45 427
628 204
822 1165
758 174
1016 425
424 1097
28 1072
903 949
172 767
1020 281
290 429
385 389
775 669
1003 497
313 92
813 1095
46 1157
739 135
833 307
840 1095
830 1119
86 811
649 526
936 420
1068 454
1174 554
994 306
1013 139
782 738
683 101
549 74
707 20
1008 670
500 988
495 220
747 611
711 542
502 1157
483 369
503 1016
767 995
688 249
70 519
895 1122
582 22
10 1100
274 125
858 264
712 1048
304 95
683 660
1192 708
483 1184
111 866
1197 87
1127 1027
1127 595
552 1195
485 45
883 1196
1073 282
457 1193
350 345
319 158
396 649
1147 513
231 21
468 132
458 456
274 461
972 193
227 355
324 210
734 409
634 736
1104 383
1034 938
288 360
291 57
1118 585
1039 259
484 891
82 71
297 34
745 581
351 802
297 75
700 839
576 49
742 103
334 813
1149 601
192 702
584 863
413 574
922 1005
135 732
975 985
452 34
806 110
1043 467
218 506
242 160
115 1105
259 1019
531 299
75 783
1105 1157
1074 1110
206 459
180 667
1181 926
579 637
210 175
412 560
584 207
104 1109
1056 142
1124 1109
834 1102
919 364
372 421
650 443
182 604
888 865
470 932
1101 819
896 814
1092 260
1003 117
29 180
94 892
763 428
383 390
1070 136
1116 744
1097 446
760 368
138 557
146 336
1174 174
65 1003
583 437
134 530
407 1041
764 645
785 915
152 166
1011 963
663 595
373 533
417 235
1056 772
36 323
152 866
353 1176
573 1153
447 433
1056 675
134 277
1174 124
518 217
1091 1132
778 263
975 946
791 1057
722 1054
694 981
890 717
176 271
207 1168
437 240
530 603
173 845
689 613
821 973
438 510
430 892
585 877
855 1015
782 1039
952 879
254 695
1022 102
318 528
723 877
1023 461
677 952
1182 1003
339 914
850 66
1125 1022
192 654
673 33
1163 517
3 686
497 1130
657 1012
687 244
103 486
863 513
425 543
1126 1143
1058 414
462 382
1057 1119
311 265
937 860
1066 641
659 325
262 427
717 1125
743 831
131 66
1118 340
473 647
228 634
668 1026
855 227
602 537
913 13
376 872
431 233
548 671
97 472
558 34
118 792
94 19
180 674
665 601
551 992
1019 584
933 1042
178 220
649 972
417 717
953 20
479 413
201 870
647 587
310 262
510 836
472 263
466 741
457 452
368 224
314 344
115 910
921 494
569 11
79 496
769 628
5 642
1130 217
304 782
479 1062
596 974
40 325
1115 1061
17 1095
707 1087
881 504
647 50
1039 893
141 64
303 1114
139 157
235 208
346 297
1022 547
623 655
996 11
109 421
329 1131
237 1116
316 579
926 649
621 19
585 1008
139 470
532 174
172 599
567 515
1146 943
1127 1151
856 323
72 886
1108 151
310 560
1035 496
336 755
534 1076
948 1191
752 989
585 387
680 523
327 1163
51 587
650 394
959 25
53 802
521 573
1046 552
1077 1049
505 784
1133 255
265 570
909 889
1097 936
802 1022
575 293
1049 2
814 387
163 480
1128 63
779 455
1126 395
1062 1131
618 1111
195 264
338 832
979 333
848 1188
46 891
133 949
409 415
407 345
194 790
652 317
243 1060
795 7
237 413
364 1147
1178 977
223 1154
1071 183
506 110
60 445
321 749
274 954
932 1095
839 675
894 294
421 1035
803 911
716 955
268 220
13 1109
480 422
291 1094
1050 1193
1044 413
1116 297
941 1165
857 80
391 26
32 469
479 1144
143 944
694 644
713 685
623 176
358 643
1187 843
737 658
1 1073
558 1101
356 900
954 1191
57 609
807 273
494 285
968 731
466 278
756 480
172 188
1194 633
131 149
744 207
490 994
569 673
767 1178
599 1032
274 936
1073 401
576 646
400 863
869 994
979 316
342 522
649 1022
1152 124
1117 1029
462 559
697 522
359 1180
1069 805
1151 1022
309 327
1188 175
766 421
817 319
364 390
1164 502
698 847
524 875
393 423
224 1167
183 291
334 141
636 18
167 1121
688 410
448 629
1125 565
1172 986
1018 1141
210 924
771 462
916 1039
998 939
469 906
863 503
919 393
698 923
489 600
718 986
492 759
341 1003
455 776
386 34
27 517
279 669
198 989
959 575
435 176
256 1115
250 838
234 710
543 49
10 398
85 90
902 1154
632 344
300 512
342 544
882 818
786 579
459 142
927 631
277 118
1016 1166
820 118
216 1016
479 208
154 331
1125 896
1031 972
17 929
867 1005
9 931
308 461
1122 184
333 871
624 1093
1083 245
467 938
891 765
139 954
113 473
680 485
993 547
176 564
978 431
691 692
255 1108
28 1021
198 279
1145 653
544 180
186 159
494 658
173 989
1126 851
1038 515
1091 605
741 839
88 633
5 742
177 700
709 191
88 920
663 1089
379 922
792 576
529 965
1154 505
486 1032
656 684
128 257
1028 207
724 188
378 897
607 682
107 1029
1179 714
477 537
818 1158
452 327
321 441
1056 837
139 202
167 863
756 465
1092 387
485 232
810 917
814 1143
603 728
823 331
589 753
1141 973
471 525
805 872
829 416
261 1041
181 924
42 579
323 1172
591 661
923 475
59 943
190 556
132 537
805 591
764 1163
705 574
1007 895
312 640
201 1161
281 914
334 640
19 222
523 515
460 193
708 635
1128 318
925 623
866 269
324 231
621 243
729 644
1185 1107
690 139
315 259
1158 876
995 535
585 402
807 1151
440 290
378 138
867 291
674 743
773 8
703 898
56 63
975 131
332 165
373 221
528 595
866 638
1030 392
1192 389
599 1009
632 436
19 1142
922 1134
548 481
682 882
1167 356
674 1020
790 374
942 403
90 693
110 462
1134 887
9 267
797 154
918 674
1170 695
878 1022
1044 726
943 1106
78 629
501 83
1168 251
1155 745
180 888
724 982
147 166
633 405
1088 122
1100 1110
1013 1117
630 842
389 852
916 601
907 606
454 297
1068 215
702 1136
884 1179
375 724
476 211
340 930
177 1046
989 127
5 1023
966 423
679 988
1191 18
279 1
704 403
793 1034
549 43
59 848
664 1171
916 891
98 668
633 692
528 179
166 175
426 551
309 55
173 444
155 179
420 916
851 546
1134 349
292 67
477 449
685 382
684 388
527 620
1108 477
1179 379
830 678
720 914
966 59
458 438
403 79
184 299
1105 547
749 964
511 45
906 107
52 865
1152 672
373 477
517 1116
161 1081
399 416
786 84
381 399
240 935
672 401
357 1007
737 808
50 287
945 474
1155 759
653 915
998 533
435 336
666 850
858 188
552 640
365 427
744 925
84 271
998 382
960 272
849 579
152 33
1067 812
701 69
1099 996
932 769
855 81
139 293
177 1029
1002 1099
1199 1188
565 1144
855 787
484 1011
192 5
226 333
183 939
901 494
169 1007
789 1100
540 8
139 461
848 568
462 1155
542 708
309 980
1007 595
28 1103
1179 621
524 34
147 636
476 704
107 1036
290 1151
435 160
897 354
1055 1177
39 793
533 401
602 668
465 251
274 877
356 829
517 643
766 529
1007 492
943 761
1011 635
1096 955
966 669
627 1088
1118 1065
98 578
541 613
1189 394
653 336
999 876
569 338
1175 626
480 323
928 953
943 397
94 53
1114 475
44 324
455 332
837 233
636 901
525 311
431 258
367 1060
847 1053
124 15
802 33
1089 1131
587 939
79 221
768 795
338 597
566 14
977 1
803 591
225 1131
714 797
1064 830
254 460
595 540
1194 700
1050 171
753 529
51 1173
815 409
319 728
865 339
1026 39
585 567
796 187
69 1109
923 562
406 980
443 1134
1179 893
19 578
271 852
865 559
1032 921
573 918
224 412
323 205
15 379
994 81
730 601
337 635
229 16
870 494
381 1164
867 615
16 532
687 606
1106 219
606 670
928 668
138 412
313 380
315 576
1089 1044
923 168
374 743
791 210
918 551
6 820
556 1163
826 777
597 654
505 418
871 630
1024 41
1166 810
1015 735
21 374
564 416
528 190
184 460
390 485
701 973
412 439
244 1074
706 920
834 530
630 1053
133 652
942 165
334 824
772 234
917 627
430 925
16 617
766 62
701 963
1013 67
243 782
49 995
941 843
874 907
684 318
569 805
1013 1035
74 787
1065 33
289 1131
1152 1053
937 724
395 1120
653 556
563 432
390 1141
1167 1134
843 225
823 1138
408 903
984 1103
879 825
368 1108
1073 618
138 882
45 583
1170 925
1127 498
1067 305
1179 982
1004 861
881 263
925 313
505 397
503 892
523 444
1001 444
762 780
982 952
457 624
1167 749
876 841
1181 1107
765 506
949 663
284 175
1160 645
817 1125
620 610
682 749
779 527
1186 538
782 792
531 1192
380 43
934 286
791 958
45 162
636 604
1140 623
1054 689
1121 278
294 895
824 1065
232 936
1142 438
349 893
59 999
199 638
532 487
1148 434
110 1119
859 678
824 141
932 1084
1017 956
48 953
373 500
561 495
507 867
268 185
319 959
649 230
13 242
859 975
999 1139
690 239
520 804
1038 1062
943 145
628 700
314 833
1198 580
330 136
206 876
320 597
1107 537
964 629
205 559
888 487
192 1058
416 291
73 90
248 1146
1121 202
468 172
696 931
571 306
701 232
571 488
262 849
1052 161
79 869
1089 204
1153 296
82 258
128 876
11 223
710 85
551 1010
941 750
770 403
142 15
1164 601
65 342
252 1077
1023 679
326 602
1045 26
479 876
1170 12
676 498
848 67
645 402
825 529
552 840
1178 813
1113 1059
416 1075
525 445
527 375
71 81
1168 158
393 336
1054 95
324 766
821 483
815 918
1047 229
342 366
914 634
3 150
986 321
801 940
952 936
448 106
1073 351
1074 589
1002 143
593 172
85 1071
677 970
115 752
1026 116
527 1190
1077 689
511 490
468 650
546 636
47 193
155 36
720 819
631 224
385 1088
993 1047
1165 131
368 205
1082 434
395 389
496 659
147 775
325 1061
318 196
441 354
977 927
1043 786
1015 512
648 255
626 258
1071 644
1139 836
1162 606
519 1041
515 662
270 211
613 908
68 335
184 496
1046 292
972 168
118 264
886 861
959 180
323 355
828 426
663 617
875 1149
1122 1177
112 898
698 1034
453 471
820 409
1024 138
345 870
546 806
464 643
716 627
24 776
1089 599
239 319
546 915
500 828
1004 495
20 44
971 624
28 234
336 337
667 925
534 831
512 1146
1147 975
555 12
1199 670
140 997
482 706
899 1139
419 372
763 199
1092 101
974 843
532 548
1074 1094
493 1176
1166 1032
148 531
286 188
254 544
1116 666
477 1103
126 524
975 540
351 828
199 382
484 707
199 53
983 1169
939 306
504 1152
108 552
32 1027
798 1147
880 530
32 922
94 417
1188 340
333 397
559 429
194 476
307 664
543 1066
825 19
457 693
846 523
907 1045
189 886
896 10
575 689
93 1169
475 340
944 597
651 332
717 1140
531 47
427 364
529 145
831 619
974 762
1157 1170
75 806
1074 1095
257 1132
603 696
1177 574
1129 1182
302 664
596 604
945 455
670 68
203 494
904 1072
523 662
579 1176
183 814
1170 100
665 326
1163 123
260 329
1193 741
1013 317
696 143
1058 822
113 1011
656 168
711 1165
0 573
1028 450
570 102
1150 998
1169 599
899 523
545 134
529 57
1164 86
939 961
221 1187
647 310
1190 1036
666 471
353 498
266 184
725 797
768 109
157 852
1067 483
542 851
511 918
629 456
1012 1043
210 317
871 405
727 20
133 280
1143 867
326 265
514 329
205 1165
747 934
746 203
800 699
136 884
198 1113
1120 879
110 722
895 534
864 26
959 220
895 409
489 835
757 352
635 300
485 346
621 577
1159 1139
1084 0
904 293
127 840
93 399
200 801
1042 691
630 78
1102 56
1047 205
995 1069
583 1183
74 850
836 1198
563 1186
182 988
894 276
47 293
461 122
1069 886
399 338
905 539
859 230
798 636
99 312
846 193
1050 583
454 713
431 594
607 1190
1196 411
282 1007
786 769
509 324
751 189
694 399
429 169
352 639
591 1002
307 520
959 1045
527 490
574 388
746 764
717 1041
469 238
137 969
799 740
1187 1018
588 819
689 110
419 764
761 805
153 400
690 153
1033 888
1052 54
826 165
29 758
223 841
620 503
955 171
412 278
294 958
339 887
557 153
223 1121
480 1087
156 603
1099 429
1030 1101
236 998
309 1012
149 808
674 974
72 423
247 290
901 932
525 327
833 845
358 1126
252 796
686 591
194 118
387 302
1074 290
1031 117
765 805
672 17
653 209
453 791
94 138
280 581
4 596
143 1149
1194 109
551 711
283 1137
560 429
945 705
882 207
318 364
191 310
1069 228
272 670
971 226
482 727
712 562
1179 1082
575 510
623 1167
438 143
1142 220
621 1076
371 801
1118 461
902 281
607 641
630 750
412 413
611 1119
254 621
917 511
88 1134
451 372
880 1144
199 615
367 720
608 573
172 1138
643 103
1090 895
57 58
572 31
302 1124
480 708
401 585
53 659
637 159
752 34
145 258
845 381
1087 956
800 259
1196 1144
774 234
1085 965
329 1103
731 1152
827 441
118 709
230 209
473 1062
252 676
255 777
16 535
1071 402
544 1040
63 767
258 624
277 736
480 506
114 627
937 738
277 1039
1157 1021
856 788
62 742
789 491
674 869
747 262
714 438
957 576
132 312
200 94
454 45
452 1083
659 869
130 944
586 802
827 654
749 560
750 151
1003 280
741 493
196 871
1093 1029
1053 422
825 798
364 119
723 313
1140 463
716 778
566 1182
1072 606
208 543
491 683
594 677
584 248
446 809
988 1119
584 908
543 816
478 195
80 472
87 304
902 230
1142 661
268 769
479 837
476 524
1167 665
1129 980
1066 972
1158 1150
1155 721
240 5
984 129
79 36
453 813
779 985
516 485
676 788
78 328
538 165
831 300
307 38
832 453
18 1134
906 229
830 595
968 175
933 461
117 253
929 288
39 926
101 1176
1037 246
630 134
823 378
315 24
230 479
327 1069
363 774
718 368
1151 887
859 220
700 705
449 933
783 153
191 258
748 1085
0 1188
436 919
1127 880
116 916
1049 513
359 955
573 547
186 965
365 875
950 1174
1101 1138
765 171
1071 880
61 76
779 336
230 755
82 1199
1106 369
1038 382
462 221
884 159
1193 333
291 1061
343 665
141 689
1165 428
778 209
689 637
327 1193
677 1089
493 1170
368 961
986 535
1103 1144
1081 235
72 471
574 1089
675 35
718 793
640 598
1193 642
272 559
588 490
951 518
500 475
0 855
580 935
235 479
1091 868
156 337
1158 152
608 847
351 1190
413 26
714 39
764 1011
302 465
721 357
359 604
7 1044
811 229
135 1090
1059 82
1144 224
777 1103
1170 506
405 444
504 632
117 586
64 727
514 534
750 741
853 862
96 636
749 202
170 805
731 920
520 166
933 17
278 667
401 1151
203 241
975 444
11 611
876 527
851 173
926 258
559 471
175 258
308 799
400 53
123 221
868 307
545 642
688 1151
928 836
601 563
1088 376
113 216
308 477
202 699
578 227
686 774
26 1037
1007 414
285 174
915 45
1142 236
872 394
420 36
107 630
1052 292
298 786
963 182
337 235
76 1060
510 757
692 658
1148 423
209 67
1067 1049
359 994
973 649
1032 864
619 155
438 640
147 217
1186 1053
903 129
661 261
665 676
464 712
960 680
903 862
1083 293
848 87
1028 126
564 115
47 646
834 494
1085 545
1095 637
786 1175
494 165
225 805
168 387
922 760
673 684
1196 680
52 863
885 330
312 720
348 947
1027 30
696 477
1101 429
331 829
1121 935
456 905
854 919
1003 849
781 758
67 287
720 536
715 527
1082 102
1119 784
442 1150
360 439
815 563
476 295
104 149
936 248
322 814
717 664
458 1092
560 46
381 1067
1170 966
295 685
746 627
524 1072
100 641
994 184
158 567
257 108
926 670
743 778
953 58
771 160
428 836
1075 1123
587 718
1138 288
179 181
852 463
1021 755
550 852
1011 65
799 212
721 16
501 9
503 628
818 915
942 329
134 842
1006 582
925 590
454 923
764 512
446 723
227 719
60 616
790 400
580 975
610 961
1044 335
411 456
1014 474
1009 1191
79 41
240 488
1020 447
279 301
902 332
752 978
642 592
905 180
769 508
1110 646
385 59
566 1082
1125 841
752 936
507 1174
1043 773
858 313
618 264
478 880
355 673
1103 591
44 439
335 320
543 867
156 344
32 751
17 1116
50 755
620 364
1099 194
369 421
199 329
596 453
1080 641
815 475
133 1118
582 555
58 730
1154 523
503 546
268 765
598 503
1028 352
632 885
647 819
582 925
855 504
296 306
1189 110
199 1115
139 38
1070 471
302 70
755 191
857 1096
604 309
933 14
682 702
320 166
514 232
336 1025
462 366
39 266
212 526
791 85
63 937
162 886
91 193
1055 833
667 171
44 293
515 761
693 498
702 49
225 796
491 904
365 212
374 463
585 674
1091 26
506 4
965 252
559 1146
931 1191
547 1099
1142 449
929 952
844 505
149 1122
1048 1136
925 395
814 43
1134 26
1132 1049
265 1097
839 45
942 583
466 491
115 1115
131 657
940 701
643 947
505 111
1024 190
1192 328
733 728
223 15
115 1032
886 822
497 242
265 890
439 295
700 301
41 800
349 947
952 405
824 1113
772 185
38 1001
204 1114
1100 170
233 283
39 960
90 470
411 602
364 330
631 577
1057 761
976 208
875 584
68 516
376 1029
179 855
1050 494
153 106
30 197
392 1059
1041 1037
858 358
787 410
93 792
1180 602
8 297
325 926
321 158
81 5
666 436
977 458
824 745
977 91
13 1019
1097 423
1022 648
307 1179
490 575
1123 732
1005 806
990 1161
387 773
977 523
765 498
745 818
587 1089
1061 1073
270 874
921 340
558 182
1074 254
30 1188
320 150
730 289
956 665
1019 25
916 603
624 313
1028 1182
862 819
1198 1036
1115 1199
67 505
728 95
662 1177
879 515
782 959
906 820
149 1017
937 837
1035 411
121 1158
441 449
805 247
990 922
5 589
275 993
245 977
280 1087
418 975
888 37
142 923
1068 823
353 10
990 296
390 188
445 471
341 860
431 250
606 948
195 102
447 759
217 971
446 1119
818 233
932 699
659 22
615 1095
1097 622
104 1086
402 751
367 646
880 81
337 19
1190 504
2 1073
252 200
1086 848
1048 337
290 650
1194 687
484 764
1161 839
1129 801
704 950
722 718
1102 351
114 1078
756 158
119 1190
505 956
813 1148
705 833
240 191
375 1039
588 428
961 156
488 65
81 313
517 505
696 88
321 763
441 513
996 1121
526 834
337 114
186 1141
1165 16
561 545
916 387
300 308
542 822
387 534
304 728
157 946
894 215
626 280
578 902
847 38
405 1005
552 1047
649 648
987 563
1150 342
910 759
1036 1199
164 1103
833 654
632 870
178 618
1065 60
608 628
10 155
277 1108
1002 756
804 1000
884 1048
673 405
51 155
95 494
635 14
308 731
532 294
8 126
610 869
112 676
130 743
635 176
495 731
253 1130
793 37
1031 581
113 261
840 473
135 1114
796 680
1061 313
1026 708
185 58
754 261
221 605
776 1053
881 1033
694 749
357 808
1037 866
522 362
1073 1163
16 828
168 290
689 128
345 1110
219 431
1110 251
942 674
423 1151
358 504
716 150
765 52
889 95
426 304
1186 1058
47 755
834 429
1039 1198
247 548
319 276
81 1016
974 357
9 518
1139 600
200 483
320 625
364 729
807 403
307 847
305 206
322 7
225 1036
638 265
804 641
146 43
893 402
276 935
140 419
721 235
801 172
1126 476
326 166
1115 693
170 1165
991 771
863 69
906 830
1194 387
606 796
36 1083
892 782
268 319
610 930
581 386
1037 706
61 358
892 1070
987 39
107 376
536 962
885 859
218 983
275 900
180 246
718 443
604 616
359 444
981 197
247 32
716 564
436 1156
94 441
1134 1050
0 559
285 1131
127 601
981 1116
733 796
323 123
900 1153
366 6
444 850
672 949
40 1170
621 421
290 657
1135 847
206 939
137 759
220 542
204 1011
33 546
501 542
1153 245
699 449
505 469
958 892
642 201
578 914
981 520
959 452
835 585
805 1028
1191 443
527 845
608 372
817 566
1192 851
616 850
717 1168
538 472
875 97
629 990
1020 415
257 315
878 624
27 508
984 951
765 1086
753 1014
802 943
601 444
431 868
308 1190
68 736
848 1081
437 639
745 344
238 400
1014 605
273 582
393 233
725 1147
408 293
897 451
11 261
567 497
249 331
1022 1146
301 811
111 1031
1079 866
620 273
136 112
784 488
801 504
570 952
779 100
826 1112
79 793
262 977
36 777
89 863
484 1188
514 624
733 755
749 1038
400 144
793 1005
899 717
831 1167
601 220
1059 695
169 851
378 1199
349 146
927 496
1177 48
936 1189
1100 313
56 258
407 818
533 70
570 168
671 222
296 313
1017 66
992 1012
167 368
1113 84
636 242
745 260
956 1082
627 100
125 466
38 1052
25 193
551 1182
783 411
112 1127
272 422
182 14
438 875
992 901
296 170
1019 1184
565 996
662 681
482 747
1087 54
423 464
459 1110
121 1
910 289
460 994
1075 373
562 770
708 175
30 541
783 521
206 57
839 238
761 519
708 173
1092 742
461 116
340 707
10 293
764 952
305 964
751 324
885 214
239 96
412 551
1008 144
167 11
167 43
173 575
18 925
695 537
984 840
399 978
198 1118
192 1171
127 108
135 279
791 159
764 1099
1017 505
717 359
601 794
1194 892
799 772
41 955
21 669
1189 940
1011 247
596 445
463 380
142 780
1169 426
615 465
561 256
173 1030
1015 338
635 347
306 907
65 467
351 895
417 706
51 109
1002 414
381 1155
880 592
187 291
137 717
496 779
420 61
1130 692
1039 333
599 628
721 322
804 1007
721 635
666 216
99 1123
391 1126
845 388
925 1
542 869
400 874
1086 205
64 279
419 587
452 286
1178 823
921 178
809 51
132 457
519 1035
777 1022
952 318
838 391
1003 1067
1112 1082
834 589
9 1051
486 706
417 643
187 77
824 393
155 580
182 343
514 892
570 554
99 639
695 777
514 1063
902 1153
236 1043
181 367
881 985
1185 479
88 761
455 168
802 18
513 1095
92 612
230 41
41 267
780 173
299 863
195 377
513 743
331 196
894 447
25 745
920 26
481 442
527 470
861 945
675 909
628 842
335 768
52 1067
1170 1168
817 1078
517 284
392 415
409 369
438 1041
1177 969
865 1148
856 457
295 765
539 342
468 121
751 178
1152 179
755 383
195 1146
238 557
593 1062
1006 383
1029 547
51 198
1000 882
707 346
892 833
191 221
563 521
141 307
1110 451
1075 826
900 748
554 1179
1105 249
512 1096
575 414
1147 315
950 657
494 776
867 226
1082 643
480 793
13 1056
1101 599
75 769
834 554
991 74
73 185
987 750
222 1127
409 1170
967 928
915 342
1164 150
150 345
77 657
186 1192
121 722
981 485
97 268
573 279
582 1121
11 460
454 1115
741 550
506 45
841 599
407 318
1038 1039
1179 674
1081 688
233 322
601 71
952 10
655 385
808 500
359 713
645 558
583 892
1109 698
206 917
221 1166
230 322
254 682
196 180
49 264
921 666
51 110
614 265
819 1078
706 281
814 1011
864 780
788 572
447 824
942 425
348 1001
340 497
254 517
375 410
65 1158
295 1161
271 405
1147 8
1111 824
228 253
20 133
499 106
9 388
1158 372
724 206
152 557
853 396
1048 904
878 65
101 591
579 613
1166 903
447 473
972 905
317 95
128 770
519 1079
110 1011
1142 759
1004 34
797 1185
1066 294
52 466
854 195
104 21
1034 800
1082 1136
729 1087
181 659
197 471
836 694
792 232
358 857
325 708
585 479
335 947
528 39
116 99
1107 1056
304 25
62 1065
979 336
218 571
485 658
1009 776
195 1038
659 438
175 691
819 688
170 756
792 143
808 1045
1016 69
9 225
678 468
459 24
335 641
731 418
1184 40
737 981
1102 87
372 886
772 773
621 876
892 140
560 131
1065 842
349 12
1083 305
728 717
400 571
1076 1075
667 922
528 506
497 894
517 26
807 461
52 337
1026 1103
171 442
122 1087
1135 65
438 139
216 829
854 1061
151 988
201 724
1106 264
749 1185
926 1028
829 237
1176 616
773 527
364 106
203 1078
81 893
394 359
13 473
208 1088
244 515
84 311
552 38
177 1052
195 470
1050 661
919 217
458 789
332 110
248 412
596 835
1082 1017
695 293
298 1143
136 1086
1178 1032
801 618
353 148
542 428
719 753
732 1129
1194 217
849 356
679 602
811 271
24 388
403 602
1193 912
1199 916
861 1020
854 338
276 928
161 1120
715 1138
1083 184
211 1020
108 14
700 762
79 987
909 196
477 206
1086 576
989 717
816 10
1133 906
986 903
673 726
21 359
580 190
363 673
1144 942
137 599
112 172
434 169
174 774
1054 133
1144 456
366 158
1166 419
1061 64
327 666
720 90
51 142
460 493
840 259
399 944
1168 146
39 1079
658 614
894 1082
873 1173
957 24
410 471
476 49
1156 968
1031 736
754 700
975 768
116 123
514 276
442 915
1092 835
471 1093
1110 702
26 329
598 313
962 710
934 615
589 1090
648 869
1073 827
807 616
945 550
236 961
780 818
440 1019
559 258
315 1044
146 875
281 229
784 544
442 1010
159 882
1172 755
838 450
121 1177
1010 89
410 568
304 239
91 946
713 603
1035 68
92 171
839 475
385 1071
959 419
955 153
163 252
834 1089
317 154
1031 1000
222 766
263 668
627 252
214 253
966 200
4 449
386 737
400 770
405 72
841 712
599 886
385 867
1143 1009
66 492
276 791
1090 228
635 175
660 904
398 702
729 321
48 101
362 775
503 348
160 1148
1181 757
789 437
49 83
146 1013
196 807
820 33
877 444
903 1
382 982
5 1161
793 166
286 161
143 223
306 345
1020 476
1164 213
608 1160
655 20
488 256
737 104
903 761
935 1092
244 771
119 888
897 582
337 113
81 591
409 462
61 1148
117 503
848 881
985 601
91 806
1054 44
853 378
1028 272
1067 477
355 121
181 980
370 91
47 1090
852 943
643 268
990 992
1125 609
1028 1025
487 77
302 1083
584 112
35 984
41 846
104 57
1171 155
304 11
626 872
511 713
231 236
311 925
258 615
965 780
921 374
360 351
332 85
76 638
413 764
507 635
892 410
218 618
664 134
951 565
1072 486
1113 934
656 1144
479 237
996 465
631 156
285 824
1001 275
877 500
1064 237
106 347
712 347
120 705
71 1181
610 970
596 993
1001 744
614 211
193 866
402 653
176 204
364 85
946 901
135 395
575 746
286 267
664 1153
124 525
459 602
426 678
175 82
463 371
420 1053
963 1127
927 963
699 739
604 334
1028 328
362 88
734 805
219 670
695 1004
622 787
444 346
394 895
1155 286
175 1060
573 530
312 784
1067 1092
1108 1028
597 153
178 996
1144 300
874 1152
955 278
354 388
39 779
1025 526
40 601
354 374
1039 167
228 358
618 597
938 1018
414 1051
775 14
394 778
671 845
1129 715
243 146
683 428
257 316
559 138
106 869
671 70
1162 1019
955 891
1176 751
1032 319
234 187
873 642
60 534
968 258
25 900
373 316
829 179
40 732
1168 751
1184 1130
116 690
954 751
58 213
294 799
550 425
566 401
654 712
847 683
586 1153
477 102
855 564
553 161
100 576
659 56
779 1144
560 503
68 909
502 877
585 353
697 988
947 145
5 745
913 1148
1141 209
1163 1072
738 983
238 887
584 563
448 923
301 99
493 1115
840 77
207 120
402 1059
830 758
720 593
644 1162
1100 202
452 729
293 771
1066 1156
412 316
506 311
350 265
753 910
755 534
473 656
331 337
121 943
478 698
115 65
146 842
742 1160
870 478
891 183
779 524
898 937
264 914
721 843
1064 1017
290 885
932 1074
478 282
835 461
165 84
118 648
860 1120
758 52
1014 551
867 402
973 379
143 159
1037 181
602 1183
307 638
887 169
813 450
959 832
352 240
824 791
930 1198
54 984
707 678
846 817
859 343
938 383
487 696
545 716
21 794
608 212
1023 776
757 734
892 74
22 669
1090 430
658 225
1023 640
752 1029
1002 1085
1034 797
874 1177
849 187
1120 392
330 1170
816 857
394 430
514 171
524 415
59 326
354 315
955 385
35 625
164 612
1040 534
680 690
229 465
169 296
727 413
1076 22
613 870
39 597
722 1134
979 574
295 527
802 559
1061 937
755 629
1078 237
698 790
414 281
1029 1098
314 425
168 1142
906 314
913 202
1135 864
1007 125
818 185
45 180
465 1121
931 1107
426 617
646 285
186 371
171 309
419 628
31 466
1084 161
85 732
823 1009
379 900
869 932
750 1106
675 417
567 1028
1124 1183
98 1135
1015 263
503 707
251 1072
9 571
641 266
681 877
499 101
507 382
758 698
666 1013
501 725
747 592
1004 289
37 380
554 772
107 23
1160 375
465 1063
979 959
328 1173
1025 700
801 207
1045 364
596 13
278 638
1088 1055
281 677
66 320
528 504
827 975
143 325
30 170
200 1138
894 1035
227 619
1105 273
46 809
620 384
737 155
1152 422
1082 652
706 544
418 910
611 1076
901 124
964 806
1194 966
936 657
254 1173
572 804
668 101
340 974
272 200
717 278
456 401
236 1092
92 991
661 664
189 292
476 732
138 1038
930 46
286 126
29 838
227 498
1185 517
919 1107
600 267
495 2
517 1131
945 278
380 355
1190 218
337 334
1181 49
32 967
247 702
805 345
177 813
466 566
122 493
610 1055
255 1112
258 159
508 620
145 88
40 792
232 272
400 1141
569 12
90 881
1004 1019
791 1
405 946
540 393
647 3
1117 1076
1191 147
1007 574
651 1015
1178 408
849 175
471 8
467 100
1014 627
1072 72
817 1119
642 934
344 582
338 1163
1047 525
365 1146
917 1022
640 429
163 928
464 603
527 591
807 976
234 854
52 36
946 301
276 560
96 59
1028 726
879 1087
793 86
302 53
1008 487
465 35
185 765
1116 1134
86 485
1027 333
1187 459
535 660
1126 318
334 590
1008 951
78 1170
1144 660
208 850
728 1031
709 636
797 902
276 599
920 809
445 608
1082 1115
1100 547
429 798
1067 154
841 287
913 650
590 365
1019 691
1074 843
144 595
20 1129
111 766
128 974
240 1075
403 308
626 237
293 1106
458 625
535 415
907 547
44 1034
725 1009
1149 465
779 347
1080 884
1140 944
486 473
630 554
514 913
952 939
281 968
882 311
775 145
258 86
573 933
1161 1118
563 289
570 959
758 556
624 799
735 917
653 119
459 633
739 169
406 480
509 325
289 484
539 1099
310 1121
1040 447
946 922
672 1189
925 420
310 1164
467 772
1097 74
1084 1159
486 900
369 90
32 258
437 417
405 662
1188 261
1144 337
644 645
601 704
23 430
826 643
729 264
1059 544
797 186
543 602
191 1176
212 1096
501 1159
527 912
956 277
1147 981
590 726
27 1076
1193 737
79 990
435 1190
669 980
714 1139
1137 585
173 305
1064 898
940 2
602 850
800 509
95 819
1184 943
1180 339
1095 1025
389 140
874 557
629 801
908 1111
441 403
491 788
334 919
905 175
163 722
701 783
343 45
171 960
349 429
937 586
127 936
806 924
1032 742
310 183
1040 344
219 483
1100 840
900 490
532 1060
754 340
263 1169
388 644
1066 946
547 909
121 302
333 1061
152 918
776 158
992 217
359 909
707 597
243 433
766 533
1053 1148
106 926
341 858
730 681
6 554
956 803
215 799
891 386
99 728
729 1102
197 497
1067 441
569 13
928 696
711 702
610 318
528 129
115 223
779 956
877 734
720 117
600 1176
1109 715
167 486
32 771
45 57
677 1178
973 713
630 36
554 684
216 291
918 1146
930 455
1003 919
173 828
117 1064
166 356
1109 707
160 515
158 390
466 1000
450 21
623 627
1030 260
503 818
675 913
1081 990
917 604
840 413
657 76
512 761
726 113
455 150
326 1027
238 18
970 511
576 263
1002 1121
1126 56
185 590
93 1081
173 832
876 319
205 945
456 1130
97 322
126 960
885 867
612 407
1022 109
329 327
149 64
939 1164
537 1129
691 119
200 444
257 795
235 430
777 514
445 429
523 969
109 608
278 1049
386 778
320 846
631 586
239 38
945 61
401 478
446 759
399 652
1054 325
612 171
498 802
1074 439
1022 1081
893 926
1006 251
547 991
339 314
651 531
987 98
175 620
155 808
764 530
835 971
788 307
352 1187
560 239
530 721
941 1164
1057 1018
504 159
693 1186
309 833
815 610
950 370
1182 448
524 436
566 823
1154 623
453 579
301 419
561 604
952 990
779 508
328 66
304 995
387 90
910 812
592 382
968 1073
1008 1116
682 196
5 198
628 837
30 1030
981 6
880 519
534 352
802 973
730 113
867 601
1063 1
1003 929
661 576
108 937
329 869
490 92
738 1105
948 101
728 475
722 1074
1011 71
1012 31
851 987
181 267
194 117
828 1175
929 877
448 778
1158 1027
16 889
727 293
236 461
1129 101
734 754
896 1130
1146 343
872 414
575 651
811 326
774 977
846 38
1109 446
8 567
1178 62
1105 36
197 906
575 249
830 1123
82 185
1046 530
721 650
403 343
465 497
319 328
196 863
398 408
407 137
758 1178
135 300
1159 688
492 1068
854 247
629 1
489 788
1035 939
620 243
1143 1132
122 818
676 1030
842 821
732 82
1004 692
590 1121
537 579
776 198
114 236
941 1079
351 531
419 841
950 735
165 800
196 926
1150 1198
156 728
628 84
235 934
623 771
614 832
966 594
801 809
88 275
751 576
623 738
578 377
1013 661
27 272
310 1083
584 917
405 286
608 195
322 220
654 890
507 542
1159 1156
889 392
427 407
663 180
1180 1053
1047 1196
603 815
61 653
1063 651
248 187
1072 1181
91 621
759 518
28 1114
121 1150
1046 876
247 902
5 555
130 231
697 354
594 1181
422 65
422 1186
913 837
544 216
568 731
354 1019
229 932
1065 34
1080 524
896 919
229 747
130 177
284 1029
777 1008
424 864
716 1077
113 1118
339 106
960 845
337 863
916 545
1039 957
671 994
934 733
115 487
786 729
767 591
10 550
128 823
952 798
576 678
44 1118
511 283
0 1112
494 637
901 607
481 999
661 139
1058 333
71 879
1095 784
1172 1144
251 614
535 930
233 774
728 215
264 466
83 841
1017 1096
940 31
79 344
454 1120
796 948
9 740
454 847
76 412
990 860
529 862
872 908
378 891
476 505
891 569
852 1121
992 610
480 1007
431 985
524 791
654 298
891 73
1151 376
483 284
1191 58
623 389
394 288
1191 83
654 1144
377 54
401 835
1178 795
245 985
111 868
542 766
1193 1031
1198 801
1113 109
146 924
37 284
384 730
1005 484
948 1064
516 1102
201 843
1011 879
112 955
988 8
555 1147
298 571
59 189
658 10
1091 164
126 279
207 337
853 75
665 286
228 230
192 197
101 1111
791 72
1020 1084
1165 341
736 321
336 272
368 308
556 429
168 930
893 28
993 1033
554 26
743 766
326 224
258 259
874 226
1030 1001
249 1007
742 976
249 348
277 1051
146 1157
204 700
139 570
680 939
1171 1082
890 681
1061 527
1047 1014
413 1133
614 27
635 316
1153 175
810 111
1072 188
58 838
511 791
854 42
441 384
682 204
790 1135
836 1097
632 1085
883 479
232 247
845 92
1193 564
22 1064
553 996
445 217
8 850
799 140
817 730
638 63
830 780
322 780
449 614
1038 20
724 125
396 526
478 763
238 525
15 457
232 134
153 239
776 598
1187 157
733 1180
263 322
316 490
915 282
272 36
1013 892
660 1143
1121 644
22 417
1060 616
863 704
1093 968
896 229
1064 30
753 133
731 64
209 417
899 732
677 296
1187 734
454 733
732 154
865 164
63 732
964 420
537 517
658 1032
869 909
1145 276
922 571
51 301
1171 189
668 304
721 302
243 38
546 1170
888 158
552 788
1149 467
612 739
341 33
538 530
532 1055
103 1085
647 519
611 1012
628 551
1112 794
208 428
808 110
647 710
14 57
863 524
156 891
654 142
204 273
1136 894
288 923
692 688
94 395
1164 288
1060 510
385 292
1101 983
98 1027
68 1037
504 920
632 615
741 1102
486 742
679 396
345 93
782 1015
529 25
551 703
269 368
607 1144
809 991
287 667
406 426
705 43
652 544
524 157
1110 856
834 603
228 877
752 1146
497 498
1155 592
904 276
186 679
57 370
1180 670
432 981
157 246
1018 748
1191 313
668 1187
887 1128
479 318
892 1067
580 1011
853 518
553 0
277 1044
764 739
821 858
492 737
1045 664
94 676
17 230
172 769
608 1009
319 731
922 980
1032 427
1153 804
141 662
939 23
1050 363
566 518
1169 1061
212 13
10 707
732 189
632 934
350 157
182 934
467 647
1047 1002
619 1155
354 733
491 391
34 721
171 623
248 53
153 471
345 174
383 547
64 197
276 255
1070 252
579 838
567 495
500 141
1175 602
630 50
85 502
151 145
635 839
13 555
264 373
354 1029
72 624
916 221
255 1102
893 226
173 522
1075 362
400 7
939 1045
21 635
1054 979
1175 614
758 142
939 449
243 384
378 464
1039 992
516 559
918 637
430 332
1175 1101
805 285
1188 1168
1100 929
908 33
74 1014
864 323
849 431
328 570
615 380
650 953
300 201
994 561
486 1138
94 300
122 911
746 1146
924 473
551 378
932 1038
67 576
97 679
1174 626
250 41
497 187
1051 647
86 1063
1080 746
1180 795
472 122
784 237
4 238
1030 201
253 615
317 1047
730 592
465 548
512 959
553 920
368 542
12 588
146 666
58 1005
1118 266
405 303
54 33
366 874
953 8
441 1096
308 1053
421 482
796 687
1158 420
748 601
962 826
99 722
467 29
128 783
269 749
356 376
631 658
984 94
1158 850
1127 413
380 949
318 603
780 958
751 1113
246 1180
740 919
385 543
79 376
996 1060
603 725
292 188
744 7
64 803
58 248
597 209
545 77
641 257
208 295
713 863
244 322
657 24
638 827
365 1064
469 895
758 614
532 1102
880 978
906 152
865 497
373 638
921 376
88 150
515 637
516 133
482 7
470 618
986 757
531 805
369 820
338 1160
1089 116
589 739
70 783
736 284
24 298
359 160
170 57
200 25
1162 91
315 594
594 1047
379 699
101 556
848 1098
506 335
164 450
164 566
254 758
1179 1048
1092 873
535 44
1121 1104
1021 187
639 1099
493 170
164 148
14 1170
319 196
246 766
395 1111
828 701
659 208
760 761
275 489
581 677
798 655
480 944
756 808
505 916
255 99
367 48
862 458
265 1059
189 933
404 121
710 1126
577 245
134 69
1152 274
1103 1136
659 985
167 494
750 656
869 233
357 854
403 212
316 1071
68 942
1051 340
1060 551
34 947
1163 384
1066 313
1157 355
679 439
171 670
277 408
652 272
940 1055
974 1197
233 1030
158 1188
642 1169
719 1175
88 204
1077 904
750 645
485 199
648 725
646 1193
21 975
384 144
1070 1064
1108 607
1028 659
1117 359
982 645
496 1104
476 861
974 113
879 829
453 825
732 1043
665 216
576 763
466 569
704 140
7 188
304 71
1101 690
944 163
364 100
931 34
723 1014
701 1107
1079 272
1013 565
693 796
1154 250
285 654
692 521
51 653
943 398
262 760
605 995
1182 884
786 804
1146 555
347 157
153 781
17 579
933 1100
1063 1146
1155 1058
444 109
1049 380
1154 171
376 236
1053 1023
630 485
1052 509
503 1008
664 990
128 634
190 326
457 645
559 610
558 1129
1057 143
1164 662
52 99
933 548
1109 1111
527 402
956 398
802 381
739 5
425 826
1085 579
772 281
1005 312
765 1176
921 967
144 386
586 374
273 372
256 1109
1033 492
636 922
591 1193
954 292
752 149
1064 799
840 375
588 896
912 1078
454 490
889 691
959 903
978 618
333 217
225 178
951 66
233 620
948 35
172 956
753 1080
567 326
111 667
772 1194
701 111
391 978
918 619
723 1114
330 704
415 658
260 180
981 658
280 977
1188 104
862 1100
526 1155
930 601
643 193
42 1139
1041 565
159 571
3 201
481 220
649 419
826 617
254 1089
680 766
779 821
594 395
555 736
634 1022
705 66
434 548
1006 467
757 938
964 758
1131 901
809 530
477 49
930 102
125 65
677 649
997 174
585 645
691 339
759 550
548 827
607 474
936 1125
835 487
437 734
516 18
278 13
95 67
802 469
426 808
508 48
535 371
1029 712
479 750
474 495
850 532
803 485
330 691
920 528
682 332
673 206
355 367
1178 878
1123 837
260 520
45 460
702 10
584 608
1022 639
890 748
429 881
770 213
581 338
766 1046
296 145
594 534
671 886
301 177
489 1129
59 1012
436 858
253 136
1184 464
336 773
337 638
1118 918
824 399
368 178
180 1092
925 360
172 835
487 139
923 520
39 310
258 83
936 670
606 918
1016 460
845 101
965 527
712 556
132 297
1051 358
634 742
1155 43
351 117
91 899
717 1038
411 702
1178 146
1071 184
960 699
933 459
498 248
122 651
602 708
1161 32
311 350
480 1099
793 684
1030 617
21 199
1039 296
994 694
152 447
616 1078
631 528
794 257
797 946
508 568
1113 933
857 713
627 779
300 1014
474 1043
842 592
250 407
261 629
522 897
235 687
398 731
477 1160
784 767
1021 90
825 420
771 913
71 1039
1148 676
888 493
450 920
990 398
569 385
1066 696
658 778
341 548
362 854
531 908
780 455
844 926
193 257
685 946
1179 582
1080 1189
455 448
732 844
499 102
1082 961
992 912
82 277
459 1093
766 696
837 112
1160 525
17 1164
54 274
852 301
519 796
564 952
665 703
975 503
230 178
950 954
1 107
364 375
1020 195
398 882
951 252
679 419
243 9
230 893
367 255
1 1158
853 156
857 1020
872 479
20 8
118 1180
844 704
396 1040
921 285
396 801
398 379
364 94
1135 357
601 842
721 916
179 50
1037 90
234 594
736 662
276 515
1130 1045
772 15
500 179
489 485
429 1034
64 633
895 855
627 648
1170 565
9 1149
1155 603
987 322
997 898
608 180
277 639
1073 1123
989 422
1167 718
362 1050
693 141
1035 639
192 132
832 378
1154 1185
66 1027
1174 876
295 52
878 888
285 236
207 454
436 712
128 626
177 828
299 872
357 954
740 237
915 1109
962 172
1078 758
908 424
1133 459
637 1028
544 751
847 1090
276 12
848 877
742 410
470 246
668 609
655 518
836 844
1033 257
263 887
405 784
787 579
110 191
800 91
524 1046
180 1119
903 552
916 42
254 928
75 963
697 775
548 288
165 909
267 729
934 1019
961 352
916 1125
156 126
764 425
768 260
273 566
319 851
645 617
333 355
95 636
542 671
491 913
374 431
419 1114
606 579
908 1182
1178 942
1025 527
567 350
727 361
416 418
1152 264
296 1086
217 789
133 1196
1188 739
390 96
511 590
1163 551
233 60
1033 347
670 1182
883 56
781 213
631 164
1081 898
1174 765
162 38
236 786
18 910
765 589
647 335
897 998
975 1181
849 844
378 724
193 246
463 543
663 906
1065 830
760 635
805 942
572 1116
32 626
265 894
991 784
1159 290
588 164
771 305
138 236
536 792
437 211
658 9
496 865
108 1058
64 878
156 411
805 829
1130 392
414 687
272 653
40 190
504 624
156 661
608 581
486 324
780 811
291 438
773 197
957 284
565 446
1195 137
1101 940
713 1028
1101 413
632 50
764 684
1115 1155
298 740
424 162
1090 307
830 1072
550 303
289 685
410 415
10 441
862 304
1071 866
599 190
1096 214
957 295
427 1154
1009 876
671 1142
903 1000
1179 21
182 1125
354 670
931 1058
677 1058
23 620
66 452
147 241
855 79
484 1062
534 430
903 60
291 736
476 933
989 0
222 701
479 238
54 1098
1183 530
804 369
900 783
525 1169
129 374
184 672
1105 403
324 267
551 466
966 912
507 414
1007 1000
1065 526
225 1198
1093 472
755 339
391 662
803 186
970 128
792 124
25 790
721 834
615 265
376 496
1053 10
355 703
993 278
851 1103
886 58
440 190
942 1112
841 516
134 581
921 974
1090 597
976 657
687 1141
606 1059
711 329
1178 493
389 360
89 1089
633 210
794 932
562 581
616 599
112 1199
122 535
576 508
119 1080
376 366
83 825
423 458
17 686
859 275
1166 156
288 659
461 1140
875 920
62 518
192 411
1155 231
97 599
209 321
55 386
281 271
1037 466
489 742
964 289
639 702
1073 368
962 866
1197 645
659 1124
201 798
851 683
61 1028
486 5
857 1021
820 691
77 427
575 993
316 113
821 614
709 332
631 959
319 375
795 344
146 562
1163 1056
1030 131
1160 246
948 44
591 741
880 401
63 985
1064 1149
992 197
1008 1164
1009 729
1085 111
961 845
469 599
86 450
206 1142
177 695
704 1134
650 167
774 1199
894 275
686 544
702 266
1188 882
148 1074
1037 1160
550 12
344 122
1064 345
1019 381
23 178
668 865
643 83
467 231
47 1159
1145 1156
1001 126
669 875
864 946
859 71
826 966
448 971
347 1194
795 521
25 1190
123 741
681 707
238 1194
879 1085
240 556
622 949
1032 959
1088 16
12 813
66 1057
451 846
871 643
1133 507
16 419
953 1164
101 394
413 453
388 1153
800 354
284 439
636 975
213 411
1018 152
253 319
783 596
27 927
199 254
902 402
572 662
631 287
1067 162
540 207
380 845
314 1057
951 177
744 374
1022 82
645 688
106 601
722 95
540 343
733 713
543 751
959 175
674 1112
992 688
200 729
495 587
532 560
915 303
750 100
54 273
1016 540
306 983
194 405
1187 107
997 1110
570 705
105 242
54 441
358 537
1129 477
967 314
782 754
20 386
1158 178
955 998
609 655
71 831
113 565
138 186
1054 564
808 632
317 363
882 371
813 920
762 1087
228 8
819 945
635 390
871 591
895 1173
932 1027
159 782
406 914
269 1130
922 707
249 788
962 1157
567 216
1045 272
1006 764
786 1135
816 781
971 731
696 1140
1067 833
189 1020
830 1173
366 410
1150 1104
907 1061
912 450
1035 668
1052 1108
270 238
662 683
94 253
889 665
1160 1186
95 398
97 983
313 522
761 32
1100 1063
159 1058
791 917
392 759
518 724
557 718
733 941
112 198
191 1119
1005 735
580 777
575 631
232 1177
678 757
1005 698
197 1056
681 1069
715 913
1040 969
322 950
898 286
467 992
153 342
559 1030
1031 637
681 835
836 620
528 100
1002 355
905 895
933 1058
142 837
1066 298
575 880
1092 846
410 38
544 395
294 575
816 173
685 568
509 809
404 569
768 992
246 757
6 760
714 298
1178 151
725 359
857 57
354 204
401 1071
714 71
648 1
206 896
785 592
180 868
1129 1104
833 926
108 408
714 668
43 389
40 789
680 477
307 472
249 1149
820 286
1140 152
627 769
344 718
921 357
1127 582
615 864
883 152
947 757
85 976
533 384
892 742
709 423
830 661
1067 532
837 250
211 54
495 1036
875 839
477 98
858 330
1125 1076
907 572
147 621
1027 872
975 788
362 352
471 536
1195 1168
1045 318
64 256
745 533
1090 855
538 679
1024 115
1110 118
418 214
864 1052
265 1036
588 573
789 1
696 408
227 984
309 248
504 638
533 365
1030 279
824 1019
121 1108
1152 949
448 234
810 1176
21 1187
172 1101
771 12
1145 856
163 414
529 949
801 113
936 1102
1183 960
139 193
712 201
101 351
601 869
797 529
453 773
531 533
1143 547
998 826
142 461
544 299
737 983
529 165
386 413
177 299
876 637
808 1042
1172 588
953 802
619 956
772 487
236 861
140 801
592 741
580 871
821 977
907 106
1064 778
266 42
418 1055
698 791
593 1103
1135 846
92 320
583 190
41 1128
49 684
224 588
646 962
700 230
933 186
467 1002
114 785
167 1000
1078 351
685 574
353 56
219 303
650 535
403 292
117 743
60 133
849 269
508 1122
420 292
229 917
716 1019
720 351
437 869
873 102
745 1072
760 62
1145 1039
328 331
533 382
1003 1131
483 560
298 1104
888 342
676 565
360 864
458 851
456 886
465 1099
237 69
1142 318
416 929
279 820
280 64
155 210
228 901
386 497
730 800
857 1144
323 940
134 1094
868 587
363 962
1180 454
832 238
1091 1159
119 1040
809 954
486 660
307 375
4 1168
607 54
1179 668
689 820
1107 338
453 518
24 558
360 980
351 262
734 1010
1182 1061
3 616
519 1126
1 32
616 338
367 424
703 1110
938 221
1114 685
363 625
138 1152
501 1017
178 656
120 848
288 990
597 765
233 7
224 882
1147 855
820 607
856 522
745 920
743 659
924 969
691 750
526 59
779 828
722 76
905 980
201 996
549 959
931 674
598 436
746 1197
617 147
900 48
411 1016
1034 280
562 164
169 462
1176 873
1127 472
842 678
617 496
283 78
958 1160
799 203
53 767
585 876
1047 754
816 499
723 521
999 26
223 244
879 216
885 470
574 1154
985 753
1022 906
840 1148
587 725
361 376
59 683
38 130
1031 698
737 1144
251 355
813 655
456 646
554 344
169 388
187 407
845 193
925 1077
969 151
441 766
469 887
847 377
944 61
970 527
859 295
1069 192
712 864
40 474
59 126
859 563
218 843
48 946
568 131
204 157
208 259
685 1091
1131 1046
866 784
1041 1183
414 143
1141 560
991 871
446 1177
989 357
678 120
88 185
281 42
934 103
801 806
820 217
321 857
1063 484
151 342
161 627
375 318
34 263
931 22
809 405
839 507
453 321
1083 282
1185 416
12 968
1074 965
620 1015
714 662
1052 839
415 0
990 784
896 296
889 1034
520 871
853 763
664 871
886 620
590 45
91 613
182 359
798 498
265 635
604 25
815 1158
82 851
309 464
1128 847
1125 533
180 814
450 703
421 19
712 582
313 145
534 1053
671 1039
978 732
900 764
366 905
24 41
885 464
860 179
165 1095
303 876
1095 126
398 624
486 1179
763 612
914 1016
43 678
547 422
605 289
670 1101
985 1072
28 578
226 157
856 380
39 535
441 688
1009 1125
943 967
1029 423
230 672
318 2
342 505
778 1025
673 182
1042 112
1055 89
528 950
293 889
568 860
396 647
1188 1100
374 134
462 7
26 1099
717 419
1163 208
337 528
966 208
337 681
300 1152
1164 166
1083 1162
770 796
304 268
98 835
545 496
799 713
91 833
838 310
713 282
1160 406
251 51
5 1128
402 235
1025 729
643 883
854 994
985 534
562 189
732 57
631 261
636 523
198 416
1017 633
459 474
900 988
540 784
641 869
444 240
3 43
943 198
1086 589
878 947
778 447
355 933
329 945
299 1153
298 989
222 1038
1063 365
22 1177
634 688
348 891
499 1125
578 765
438 511
412 1189
863 1021
102 575
1195 240
88 1159
1184 416
387 42
205 105
877 919
586 679
452 229
60 868
554 317
78 637
880 169
1046 254
508 692
940 463
1038 874
1071 20
922 320
328 921
152 608
693 19
286 257
230 110
47 912
3 1074
816 216
662 438
426 227
470 790
773 909
506 1063
774 669
787 153
746 106
376 832
551 305
1085 180
612 1009
474 577
1085 1188
754 1007
202 825
830 124
88 711
866 700
1027 787
972 243
626 328
1127 1138
555 362
126 321
314 596
522 838
496 192
723 1172
912 462
1173 310
1172 934
497 177
114 894
303 765
29 285
1164 681
431 794
309 966
492 844
272 753
1138 1071
746 1140
756 845
212 0
717 910
791 261
186 924
520 377
696 1115
291 212
510 718
1115 1000
5 47
347 1105
778 187
30 268
56 159
997 811
432 444
814 1055
1121 407
837 17
744 523
646 658
957 466
723 903
444 161
242 969
939 428
419 428
1059 678
940 1042
1132 1185
1153 918
1122 324
601 820
322 793
871 1119
406 728
105 231
293 942
970 507
509 209
36 359
1003 1134
146 147
487 17
259 466
1132 340
184 478
880 440
421 294
914 781
1112 810
479 1147
852 600
1127 415
1137 730
658 735
818 385
435 423
207 679
694 1009
557 665
459 1099
301 928
298 206
30 1153
246 781
199 429
579 41
954 729
901 1025
224 435
94 142
258 500
160 913
399 733
260 108
717 167
1182 569
975 332
904 461
468 747
1179 944
983 68
232 637
808 796
567 1185
522 164
424 616
672 700
342 722
1183 945
934 1026
1153 43
430 613
16 761
1128 257
872 402
784 1079
374 91
782 286
142 926
693 1189
65 929
967 2
1020 432
283 956
1152 254
404 237
863 143
544 854
941 145
64 609
1097 607
923 753
858 34
46 179
363 265
473 976
894 898
992 881
1138 499
681 375
268 1186
1006 583
766 106
1042 866
914 261
518 318
877 602
1159 905
425 756
291 129
459 1190
472 1024
317 340
603 438
629 262
1117 430
148 1050
138 285
45 556
351 824
1161 757
164 1078
595 210
164 152
585 1117
960 1181
626 112
1178 532
386 630
677 153
799 572
134 448
724 774
896 710
63 210
853 26
302 497
290 275
170 873
77 777
126 190
1073 101
668 187
30 867
604 475
883 839
958 107
9 316
970 260
109 632
827 122
1178 580
591 1120
371 561
460 794
197 201
1194 1000
696 1013
1189 643
795 295
1030 927
304 72
572 224
1164 87
424 637
375 450
573 1053
961 1102
1151 958
682 185
36 284
591 104
630 576
1030 1054
722 34
191 898
75 774
621 259
107 238
808 497
1020 1169
72 775
323 947
648 858
361 560
455 724
203 622
1037 305
615 920
775 65
321 965
20 821
932 248
263 883
688 157
1130 553
752 153
1144 72
681 591
622 391
224 1072
483 696
437 696
1097 767
253 1077
667 1023
177 162
881 1152
909 1047
987 393
182 535
94 207
100 537
694 887
853 423
345 495
768 1016
577 780
823 900
995 28
606 131
1128 561
1057 655
963 85
726 1018
192 1077
203 113
970 191
831 504
692 992
548 23
959 963
839 462
1100 205
915 523
62 541
891 455
486 555
830 944
509 393
1148 548
283 369
96 499
1150 764
275 400
733 715
225 795
954 320
1050 26
790 118
527 621
359 221
645 86
389 594
89 785
923 1155
1164 1047
716 93
891 676
711 524
377 720
799 34
17 985
134 1039
1132 296
1108 385
330 748
953 843
618 350
191 769
778 465
138 1199
81 595
653 324
694 362
896 1186
762 696
684 829
72 1117
972 286
725 685
207 577
831 418
152 103
1016 124
429 398
888 757
306 1061
939 597
720 484
958 648
1140 855
1072 255
1050 8
66 383
992 802
944 976
505 93
30 807
1129 329
393 289
1011 1105
200 549
986 104
334 28
417 637
1027 381
323 1076
989 540
889 898
1190 894
268 663
142 894
564 686
702 1031
1192 650
15 479
1116 669
751 391
1175 851
746 53
300 240
1159 1092
365 272
889 296
228 960
732 599
805 537
1084 12
115 831
198 225
1026 1008
559 1152
625 368
356 398
207 1151
389 437
963 1193
575 168
909 992
377 200
481 265
932 266
960 370
11 1188
582 975
775 581
1153 854
342 228
368 114
722 167
354 647
479 458
723 1089
691 133
550 1128
935 999
409 122
247 904
900 1120
740 654
592 465
462 190
769 1114
453 836
168 312
621 32
645 1163
398 441
804 811
362 1034
12 47
133 104
914 1063
1031 1093
454 609
776 307
373 757
107 366
854 379
769 58
716 661
351 1135
944 1192
714 1177
118 738
573 284
279 936
859 67
458 630
219 1027
1086 1005
236 935
446 577
603 246
560 519
395 361
411 432
1154 1126
380 141
1186 979
699 73
729 571
178 371
395 994
815 1150
1097 213
1098 1014
363 1086
203 361
1131 346
491 583
818 970
466 392
1111 765
125 114
595 539
623 924
1019 724
829 768
184 1148
978 612
531 1140
1126 752
205 936
1128 558
1010 526
352 999
1141 37
662 288
694 1152
638 897
994 515
480 768
798 799
693 283
926 525
436 372
1045 662
1066 203
26 533
1191 258
72 713
148 266
1099 508
159 1078
1166 850
371 611
600 66
689 146
272 921
715 580
803 414
721 1104
37 949
570 433
482 186
234 866
893 755
700 696
687 471
1 659
632 301
670 461
634 191
913 69
568 948
33 933
927 1185
289 92
760 427
972 341
685 452
969 1088
289 987
26 473
496 859
163 718
866 483
181 571
178 95
386 295
883 1173
402 112
1123 625
961 66
985 732
1140 538
594 1082
651 495
423 640
233 628
449 739
696 366
661 391
1171 1060
640 1082
928 42
379 989
882 1116
435 301
832 1113
1090 1006
830 92
1000 877
215 320
599 1121
681 842
1071 924
758 804
1177 757
274 550
1088 1045
824 338
1123 1118
889 1187
414 995
628 536
1169 355
1045 521
310 862
1153 22
1123 881
617 64
1052 1184
269 1120
279 728
967 1024
265 823
982 737
875 435
473 23
898 488
1188 342
153 413
1020 120
83 806
277 229
553 296
778 167
359 141
1064 531
220 675
354 433
77 140
649 1059
183 481
948 103
469 360
95 321
302 250
474 674
5 950
64 639
433 331
317 142
672 402
983 933
740 1176
964 737
949 797
70 991
871 1004
1166 833
541 1138
1182 777
949 1001
799 611
731 1046
940 211
1052 749
317 744
627 491
609 170
308 1016
476 229
75 700
770 350
780 804
801 180
1056 731
237 553
860 539
813 653
136 535
1010 554
1105 479
674 1069
768 140
481 349
229 190
1056 823
685 144
625 816
112 1157
27 353
772 503
397 686
691 724
24 1125
1063 123
134 673
798 768
76 371
13 352
1191 968
359 757
432 759
102 544
1077 661
597 469
493 871
566 478
327 735
504 437
879 315
577 1004
1060 695
157 1044
1030 1112
182 1193
52 427
227 1057
532 223
463 566
10 434
1037 265
486 542
669 1034
1146 1041
663 845
241 1101
6 1074
1155 1113
110 349
1041 121
222 79
780 459
1060 67
1160 433
573 699
829 442
423 586
102 1051
264 1049
724 4
300 946
590 401
479 957
446 633
591 560
275 825
651 632
733 793
335 370
957 901
67 1007
1130 453
252 546
1088 774
252 814
1077 496
823 402
783 295
851 910
431 954
894 1006
289 236
499 305
924 572
600 364
817 192
93 879
932 540
535 588
776 456
403 136
1177 1111
428 956
965 70
106 1044
49 406
542 342
503 1150
1031 339
668 1189
221 1107
826 554
669 400
269 687
136 765
1125 213
1113 25
420 463
23 86
1183 1120
1070 765
740 1020
417 574
908 757
1061 911
902 1111
946 1115
71 807
522 871
650 601
987 1179
671 207
942 469
386 550
334 784
243 1008
86 899
176 152
933 961
535 1083
742 641
935 946
264 1061
165 604
119 141
772 268
896 480
427 1190
221 489
449 473
392 204
1187 251
409 322
337 1022
196 801
207 408
541 172
1044 484
605 317
150 988
746 93
179 400
147 927
130 14
1160 298
516 643
532 396
927 518
848 425
744 272
947 342
355 195
732 265
430 219
367 746
539 1032
881 369
755 512
701 451
597 649
378 3
991 458
542 120
331 499
360 81
840 881
766 231
1177 654
938 12
692 871
223 56
1105 705
608 91
933 406
756 266
748 202
855 647
247 933
1119 165
211 1068
803 645
141 881
63 661
658 503
683 992
919 316
1116 890
1070 78
553 910
796 763
1048 341
245 854
457 1093
971 458
1154 1139
975 126
605 675
320 1190
937 304
320 884
567 161
977 681
264 30
685 384
1070 49
1062 66
872 33
847 218
595 1170
592 1187
815 324
685 391
321 799
59 719
108 722
1095 417
795 651
929 1001
22 10
799 491
1174 79
895 400
525 721
1118 364
351 881
251 739
246 162
783 1006
468 118
937 550
824 620
507 132
855 1154
487 651
329 927
720 640
328 686
599 154
1110 53
412 1146
1102 1123
26 43
381 80
285 90
996 1075
358 506
1042 914
1117 273
110 361
111 791
147 612
216 150
809 888
148 333
59 827
27 610
59 93
1018 770
41 971
208 81
567 85
403 406
404 769
103 801
1133 494
443 68
278 664
703 207
214 186
751 4
690 499
206 748
919 188
1110 315
350 163
109 264
256 330
574 510
445 48
188 1126
187 276
974 362
96 285
719 334
1160 330
1125 615
844 658
470 553
610 1162
1067 182
812 82
322 979
121 522
307 55
635 628
189 278
1136 945
174 834
659 492
1113 704
444 366
423 1119
462 744
338 537
418 1088
1150 568
469 1055
958 674
793 1194
868 189
1072 337
839 631
1009 319
399 929
237 1165
715 12
511 1029
294 43
926 440
461 1145
1127 314
913 340
133 164
108 1130
1091 236
895 89
1135 690
859 364
458 966
618 347
630 67
316 913
1123 738
255 881
356 72
1058 867
538 1159
276 780
855 330
407 1109
222 1145
345 289
629 900
1148 440
929 903
504 425
702 116
1022 151
1167 552
263 940
653 524
134 1198
850 0
1181 420
539 456
1135 134
342 1098
807 49
15 1170
1192 699
368 425
1196 1143
482 935
210 1152
402 75
843 781
694 462
296 945
1121 233
859 416
867 631
737 1196
1043 77
448 745
411 1053
135 623
445 406
1148 719
163 1051
1110 463
1103 407
435 996
370 286
559 992
1071 962
313 1166
1131 27
837 703
609 794
218 580
189 974
1169 1074
367 213
1113 385
941 432
416 43
1030 53
518 733
909 947
838 227
304 747
913 895
81 852
99 950
591 506
335 963
1116 805
844 1128
300 409
737 1154
929 931
685 1044
849 125
1095 474
174 541
683 389
346 258
377 66
1143 321
1048 1020
449 487
288 698
1005 880
427 651
693 817
970 1188
1197 430
220 367
1052 513
910 397
1003 545
674 545
189 331
684 2
36 930
559 227
233 280
221 1175
901 770
629 615
707 324
867 297
779 290
1188 59
670 950
532 1196
153 849
882 229
1162 255
398 1081
876 1037
1072 590
735 240
226 621
1122 529
423 891
193 754
779 868
242 104
502 1165
604 866
23 1176
998 799
210 310
357 462
407 420
45 202
523 199
13 330
851 336
347 660
629 618
1073 888
228 1118
1055 182
298 217
928 1014
220 787
356 339
896 337
798 1066
770 334
91 744
21 765
69 1049
1079 288
607 525
227 901
19 353
234 100
1150 830
926 467
482 17
535 812
521 612
683 383
594 648
1152 1066
809 1053
1142 208
469 470
739 1031
20 152
715 191
387 571
847 928
117 1089
1003 516
864 764
387 822
35 845
852 1065
66 1195
919 643
14 925
427 747
700 923
588 188
785 189
376 427
1199 705
1070 793
702 383
995 343
499 426
86 166
1198 1141
342 489
992 1047
722 581
173 82
113 606
609 108
353 268
21 643
16 110
138 242
1191 736
573 417
709 594
519 372
806 848
676 151
1078 885
1008 790
76 730
646 722
157 898
505 1052
695 1164
485 24
1024 553
95 504
561 840
1038 381
1010 285
1097 183
683 277
1194 239
551 874
286 732
1142 924
188 755
639 309
1162 838
415 832
394 867
909 42
1065 574
1075 331
663 210
74 864
885 514
549 771
50 252
883 820
773 847
1171 190
200 324
223 635
389 15
146 150
930 647
132 983
967 720
4 211
131 1153
523 1030
781 91
917 385
291 145
1166 376
190 353
147 153
850 1193
1136 307
97 870
665 844
1152 968
1180 907
604 222
205 134
161 631
959 252
68 735
654 321
212 97
932 1145
393 1097
934 107
882 259
461 530
655 324
303 544
595 328
1040 81
716 1075
204 917
370 549
1183 248
1107 699
60 488
856 677
775 763
638 81
1113 144
940 1196
1008 579
312 220
1127 333
89 340
428 787
218 1003
711 607
542 1051
1047 380
1030 358
356 1132
1026 37
467 212
4 385
818 496
9 189
920 1095
1034 175
899 1020
340 373
1152 1159
228 595
406 60
1006 502
887 297
629 369
558 369
604 438
522 68
188 423
1060 1137
1183 189
1181 841
24 361
85 942
984 215
295 738
976 500
703 270
1149 403
1131 719
392 128
862 1154
731 1187
61 1154
528 1031
927 715
1156 184
658 914
663 207
286 263
1171 168
640 1112
116 1104
164 1197
193 940
263 359
916 0
1144 237
106 626
1144 390
660 798
304 1163
43 544
1115 191
317 53
688 242
900 269
14 970
562 919
812 1198
259 29
330 1038
1171 1107
9 206
493 1014
1146 1150
331 754
339 675
17 610
901 1023
1000 514
4 116
536 1160
390 537
956 173
1116 37
717 956
1046 404
966 1032
1197 393
860 412
473 603
693 92
126 342
901 865
1049 805
837 742
839 267
405 591
377 71
383 518
813 193
74 1061
598 1002
857 157
1006 518
946 663
167 292
972 212
910 413
276 1015
515 932
986 953
322 101
993 45
494 230
975 132
549 125
335 1073
753 630
689 365
4 1127
1119 310
195 1141
716 301
538 939
24 195
564 53
28 421
1076 865
408 369
353 580
741 3
105 281
252 778
489 987
463 608
688 893
765 76
1066 360
837 771
503 1060
549 932
817 444
123 312
1155 33
483 4
970 821
172 933
557 989
276 398
62 171
779 155
1002 890
810 24
461 652
922 1167
759 315
34 67
611 384
879 59
484 281
1135 47
670 150
844 12
174 702
1077 829
242 602
685 140
877 280
1143 335
656 478
1160 1165
1170 231
493 956
401 625
1009 2
641 1196
625 543
897 919
1140 81
101 911
886 1164
673 236
561 380
693 398
99 58
206 1049
686 82
10 242
434 278
588 765
1092 1048
837 620
263 162
697 1157
810 667
11 718
1018 108
56 680
1177 439
587 235
184 92
349 383
682 197
1014 711
955 331
102 449
123 910
783 733
589 746
397 421
590 870
1046 522
24 1019
32 551
560 222
84 993
499 772
165 226
145 555
198 782
217 906
82 715
838 1159
426 272
1097 222
1012 8
938 477
928 964
498 216
485 474
99 854
1041 96
236 255
680 355
73 753
1145 67
700 416
1057 750
42 818
872 334
917 1048
1102 157
165 676
465 684
438 1056
700 646
923 170
55 64
623 140
952 1082
429 727
94 931
1057 817
380 538
1014 312
960 528
268 606
439 606
1098 133
119 1116
567 1107
539 95
579 704
818 953
750 685
1102 355
805 944
801 380
458 261
179 1173
627 1129
482 465
526 939
175 991
18 504
549 1009
846 341
49 47
248 123
715 829
894 680
768 331
114 318
1183 1062
871 116
300 419
302 547
468 140
512 894
451 454
506 524
671 104
993 328
152 202
173 648
473 5
1080 419
1162 1042
177 12
995 792
76 895
243 1085
297 572
804 731
1038 680
644 291
772 79
225 1015
997 796
607 11
179 210
923 746
338 275
1160 288
789 720
1129 799
1013 753
237 790
261 276
321 397
870 1085
682 969
292 583
176 637
699 240
1130 483
1171 1124
1159 879
1011 948
1041 655
642 542
807 1153
1093 535
1158 893
1031 1001
658 365
1114 559
1145 522
615 1140
44 685
510 1141
192 940
92 1105
413 156
544 766
905 412
847 1163
549 795
628 162
941 585
28 410
902 43
140 343
995 395
494 4
271 471
226 593
763 231
598 946
610 487
330 985
751 1086
1063 897
975 563
130 244
108 1119
300 337
610 301
477 478
170 314
736 552
681 400
591 615
1007 437
558 481
117 868
1100 606
215 881
283 847
353 116
708 944
109 10
222 440
554 237
767 351
905 96
960 376
806 750
177 677
1016 630
1140 726
592 252
288 214
408 1173
759 489
24 280
669 287
792 795
804 995
1058 775
889 167
336 1160
1120 1172
347 867
933 959
327 515
996 398
482 1002
590 489
77 937
431 692
187 481
951 383
312 583
35 1149
194 241
658 350
83 860
481 1158
425 94
1107 784
1 1132
282 1025
311 590
542 1076
757 797
501 943
1120 412
758 389
147 623
159 120
662 674
830 1107
336 494
648 716
814 907
208 211
121 853
178 1102
25 1194
1065 1082
744 476
217 1108
25 482
975 901
557 924
174 419
331 673
677 430
912 797
317 161
754 883
571 981
956 1024
205 953
544 476
997 522
1127 549
228 612
157 475
813 494
295 230
586 1122
649 394
931 974
1159 56
8 1063
355 670
133 1009
1128 388
108 1064
227 831
89 594
903 245
608 721
1033 874
324 918
144 954
79 269
410 490
25 842
210 176
857 1131
1123 170
1113 350
142 468
484 802
728 820
332 1072
1161 185
571 915
544 381
744 303
772 1152
1146 873
221 644
947 775
115 34
846 388
730 691
631 96
739 436
927 50
1159 363
612 485
73 106
429 1023
906 167
737 618
384 1056
537 769
604 557
20 489
1005 754
788 1083
158 932
420 256
76 16
213 1194
532 18
1062 5
648 712
1100 332
860 1089
1128 287
110 33
398 623
74 380
584 464
114 827
779 625
99 1034
886 377
810 1100
458 554
850 845
18 1106
609 965
722 1070
281 828
829 212
614 1031
434 502
783 357
694 782
869 93
871 331
850 196
744 52
209 1019
1195 860
615 413
208 721
481 937
719 350
766 38
499 490
1084 556
670 358
357 327
747 53
96 66
1077 1057
492 558
262 779
1020 1114
903 509
938 527
227 686
581 132
223 795
553 972
739 732
16 600
1164 10
228 565
122 280
432 10
781 568
453 871
257 296
221 342
783 1172
649 1054
782 663
185 668
1089 1125
482 138
87 326
162 35
1033 680
655 1183
116 356
130 568
1166 1112
689 913
385 217
762 59
432 852
795 569
700 1133
800 1192
919 94
417 682
301 1012
654 44
1121 468
103 131
485 768
756 340
158 831
378 411
859 1031
858 740
252 446
253 124
776 1181
710 15
4 67
960 509
578 241
1020 474
940 726
576 710
104 823
41 1051
358 246
195 275
365 703
248 533
1140 727
1189 576
1198 1020
273 165
532 910
700 1172
535 664
982 339
585 489
701 126
1064 1130
933 181
50 670
563 48
881 317
932 335
828 568
110 293
637 519
1173 80
843 1027
106 1020
436 405
1191 248
233 1096
469 481
788 912
207 131
456 70
1025 761
978 841
496 540
551 463
719 495
1060 102
210 107
1095 143
1107 809
464 337
692 189
272 1168
372 832
753 771
985 415
952 444
342 293
342 662
703 175
440 934
916 699
956 975
1007 153
430 1057
572 1027
30 439
374 1076
1156 964
727 111
820 821
958 23
696 936
139 798
1012 178
724 854
251 730
170 1193
652 93
908 1113
220 682
106 910
486 737
355 575
674 893
962 654
49 417
710 25
303 538
982 601
1139 431
1058 486
908 802
161 793
333 1054
485 546
830 356
148 436
196 469
830 567
1019 886
222 860
630 1181
788 460
643 91
1042 193
561 156
1075 70
1010 56
643 770
68 846
663 840
157 1054
443 617
1152 797
479 236
705 220
1031 107
804 1
62 502
330 504
764 356
468 73
236 211
703 73
879 756
911 835
749 286
695 653
238 16
1039 1186
306 263
79 795
59 968
675 215
872 591
71 409
400 264
1190 1050
1139 513
568 885
787 989
935 612
625 1168
866 1022
250 355
961 5
527 1020
1088 325
8 1150
250 350
203 953
402 781
889 469
712 900
259 1146
483 374
341 96
1148 1119
82 342
368 377
824 736
1067 20
415 969
1160 229
623 83
948 39
508 810
809 773
1071 857
1110 297
758 1198
276 250
289 998
667 935
1195 1102
1170 196
289 716
228 1039
943 12
710 1125
139 730
1011 1006
212 941
694 57
629 102
141 221
716 930
1078 963
618 265
665 407
271 207
1074 603
109 888
921 303
1019 660
841 1086
1100 108
664 466
834 38
689 703
880 715
549 244
472 770
416 1034
920 571
1086 585
339 458
638 452
788 298
241 100
802 1027
1014 49
723 685
69 555
1194 1187
422 1122
1199 1038
1010 242
159 757
9 790
1037 1093
526 1118
343 281
569 866
196 671
552 188
1055 74
477 1132
360 610
609 517
809 41
883 435
587 230
1073 13
611 926
874 627
213 757
542 739
658 183
988 490
351 1117
1175 1170
136 427
223 307
182 538
149 423
698 705
300 411
691 927
444 368
762 458
702 1145
598 998
911 696
933 725
91 383
1146 279
284 24
1165 902
771 1038
27 303
813 675
903 605
25 878
391 342
873 209
546 590
584 601
956 563
671 432
944 301
295 513
561 1007
641 505
264 537
515 112
353 223
905 1140
875 1181
1136 1
125 156
451 1175
486 945
865 233
207 916
631 816
966 144
194 1047
322 353
1198 145
863 158
196 747
557 814
924 897
1149 1096
292 130
70 227
696 1034
495 623
356 1061
953 336
551 106
84 492
230 593
856 823
463 1187
553 894
925 1194
280 894
335 160
926 295
519 426
534 1182
355 839
751 667
212 1086
1060 951
839 197
258 530
475 993
1024 391
429 772
742 1054
425 1007
1187 56
1073 1137
1178 32
86 116
928 851
559 874
406 334
138 85
428 417
362 317
1171 172
171 215
47 597
1103 91
830 113
393 842
767 106
397 492
611 898
199 824
656 692
957 1187
775 318
468 669
697 147
652 293
923 1187
431 841
425 380
823 663
1097 328
759 345
653 614
33 818
590 1003
583 656
535 729
509 453
574 245
466 133
558 1073
1135 759
524 623
525 448
594 947
1042 137
28 1000
626 869
256 1154
1112 989
410 956
176 566
349 772
731 645
467 707
38 991
693 334
187 1115
270 1160
595 1023
249 240
834 848
167 571
122 500
827 172
1029 445
687 552
596 695
717 549
106 1046
776 833
193 190
817 457
212 1189
451 1185
339 939
73 240
591 796
1057 429
1117 726
153 810
462 472
518 607
715 684
1015 350
300 213
973 188
426 701
133 27
421 679
1059 249
616 537
432 417
784 440
879 926
326 41
1194 579
394 852
612 881
436 379
598 1063
1056 8
583 348
97 136
799 1066
544 359
710 195
550 333
1047 535
638 132
524 289
1126 383
97 463
111 759
450 952
722 1072
182 587
443 127
888 609
881 183
800 491
961 1106
559 30
81 772
114 310
220 747
732 863
116 919
391 486
552 250
406 271
650 739
188 171
368 987
1016 955
956 1053
725 546
674 1096
578 495
187 924
251 445
390 737
141 570
590 897
808 279
373 1177
464 802
769 898
418 473
100 793
383 1106
463 370
292 527
33 1035
814 29
603 735
828 882
151 288
1125 421
900 784
565 842
580 724
511 449
15 673
1059 1098
685 249
359 307
1026 1174
856 264
491 1182
1141 480
993 898
780 729
780 1180
1 124
525 722
1173 343
999 912
655 30
1033 919
397 544
271 315
677 679
567 125
79 1093
363 28
664 719
641 967
444 1142
221 1085
1100 294
387 924
1179 163
361 1187
1114 376
182 118
660 716
941 121
568 613
1195 708
963 140
765 1167
130 616
30 798
825 667
160 1113
531 233
256 56
710 1083
959 74
470 1051
6 401
743 1046
355 771
920 535
167 160
58 1095
785 793
1194 458
1145 1081
647 927
932 765
644 851
651 514
278 517
641 2
765 269
96 1152
1082 919
1142 368
395 857
815 405
576 33
507 28
505 53
1074 908
858 1027
394 154
203 527
871 1060
956 780
153 236
647 1025
756 727
855 542
539 1104
822 605
950 786
527 895
54 1096
309 515
1160 441
320 134
214 230
222 542
488 1175
281 155
1191 1160
7 466
278 519
452 183
867 396
67 764
602 845
1120 1198
1100 595
281 472
428 254
144 226
730 400
1141 17
332 806
892 505
412 746
324 1077
262 113
646 327
671 533
987 747
299 706
511 1005
860 350
36 460
1115 286
135 267
1012 123
1122 200
900 1121
239 947
266 920
341 241
715 511
945 1191
186 134
324 848
886 600
132 730
1043 337
736 651
347 1192
942 1055
721 403
123 403
332 263
577 439
758 71
604 136
355 286
21 1122
617 135
1194 1019
190 447
1113 277
251 40
146 555
678 418
206 770
863 134
262 283
1033 953
520 125
176 715
64 75
1043 1003
826 728
365 524
610 909
245 520
389 1090
446 979
292 131
800 362
237 36
538 291
889 788
1089 232
534 185
521 159
1077 802
897 1071
264 22
795 273
1173 470
605 303
485 458
455 592
785 72
1041 97
46 621
477 172
529 1163
716 504
682 465
158 1184
61 814
575 1091
114 93
1134 662
385 357
958 130
779 661
370 143
229 358
343 90
670 692
793 885
749 293
842 160
741 938
937 262
757 1141
184 1026
482 823
1157 156
415 87
1088 621
587 590
569 687
1189 905
502 496
722 492
136 921
192 424
1177 730
410 230
603 399
676 52
7 1146
875 353
297 485
276 693
489 330
204 829
651 1086
681 143
113 92
486 980
703 1033
499 87
671 959
178 1152
324 701
86 495
1085 400
1043 604
605 704
823 395
593 640
97 432
614 715
753 304
570 918
288 96
369 947
112 1133
926 789
55 1073
614 348
927 1036
509 692
819 983
191 106
966 320
255 445
395 451
360 447
935 117
326 903
324 1013
892 667
965 485
987 1135
50 716
513 1154
48 1121
1022 17
644 1095
708 501
1056 618
893 106
852 740
1068 619
521 803
221 219
394 703
472 1042
544 741
446 647
21 303
21 883
907 1044
318 504
258 369
18 884
655 101
393 1007
423 673
381 448
605 773
1036 1189
1029 240
728 666
579 1127
1047 876
987 1170
598 91
664 939
243 601
811 750
193 187
712 190
1098 934
417 36
982 994
342 17
432 714
774 610
490 963
826 384
797 1159
660 226
631 495
1103 1177
431 154
72 372
552 415
717 628
1038 1131
1086 544
130 678
725 577
464 409
573 651
290 759
514 1089
302 786
859 755
968 1137
743 354
398 65
467 923
340 899
786 182
1096 669
807 994
884 883
1049 167
1084 348
489 175
886 732
1143 720
218 389
1122 975
577 324
1183 539
610 1075
331 14
582 127
325 499
776 533
188 819
561 921
26 884
628 587
773 1187
189 260
325 1149
982 830
824 759
409 280
330 919
588 280
807 473
857 1134
1067 216
989 632
594 385
468 702
306 856
815 562
1021 557
889 477
275 1033
656 1174
551 80
250 20
1174 869
4 587
20 205
1109 107
815 437
637 966
281 622
1076 106
1100 127
537 830
252 616
490 1064
417 834
171 957
173 409
587 1033
1127 24
480 272
477 725
1036 1153
270 668
385 1093
350 831
1030 231
1117 830
127 460
170 207
37 907
65 587
302 1031
517 380
426 379
828 1170
1059 905
781 739
1120 1052
107 1025
456 946
1133 536
30 544
430 134
546 694
1049 818
890 612
152 1133
765 1030
386 714
515 69
692 941
885 1055
240 543
146 592
922 326
97 730
441 1154
744 497
588 740
148 472
1124 524
396 910
1116 778
131 49
622 628
143 392
1197 501
264 690
803 742
742 845
756 336
53 552
1123 626
862 897
242 560
411 893
396 999
630 547
177 343
567 388
161 817
20 997
70 1038
144 909
1039 455
247 26
520 960
521 852
308 140
814 888
322 280
223 282
779 650
1148 1135
143 986
423 727
36 1169
1076 771
347 530
855 620
144 636
598 316
105 376
844 1084
460 219
53 9
1047 306
297 120
9 472
881 577
421 826
546 212
473 217
911 674
1191 420
28 534
552 163
1018 849
822 236
610 5
133 1004
1137 854
30 803
558 519
1195 189
435 763
921 853
1089 684
1081 77
275 1107
667 326
186 575
480 1115
633 43
672 584
597 304
829 552
738 460
597 1034
151 725
286 670
369 24
1134 561
1134 629
438 47
847 896
593 486
646 754
1108 1029
61 587
322 960
640 1013
72 827
592 457
805 712
697 676
456 314
52 541
1063 223
766 96
56 348
925 1189
938 963
290 780
895 1152
827 296
802 478
993 497
125 1058
169 1087
1143 754
851 1149
787 776
492 82
38 734
853 533
389 1028
465 93
1138 126
280 44
226 1052
742 800
993 885
708 564
679 323
615 825
213 14
166 865
837 441
662 791
265 15
465 707
510 447
1124 634
455 986
485 501
499 723
831 305
256 294
257 239
861 175
820 93
1172 336
738 653
694 764
435 527
125 947
386 598
60 458
139 1129
732 405
1116 1171
469 301
1135 359
1038 868
1020 768
986 441
490 379
372 606
928 905
20 529
224 215
494 614
308 329
908 748
1156 716
849 1082
584 982
984 103
1053 735
906 497
926 681
805 939
387 679
191 114
375 242
817 255
795 210
409 520
584 95
72 1025
697 257
396 309
1081 48
449 169
989 315
930 420
113 435
738 795
682 784
444 665
213 990
1052 274
483 501
408 18
236 992
68 248
1139 738
463 1109
745 452
856 446
110 748
42 614
443 639
1162 1170
545 921
1118 1109
207 942
300 482
94 235
1073 868
396 677
501 125
68 963
616 120
607 219
679 765
974 1188
938 953
473 175
369 431
1160 693
154 108
342 1119
1181 12
736 1003
689 273
977 500
519 492
702 465
779 902
927 40
669 927
1098 558
586 976
711 442
801 704
1133 289
201 1070
214 1103
798 353
72 558
1009 919
609 513
1007 458
418 1188
802 1099
370 598
1199 185
303 332
958 282
1104 107
1165 1194
1019 929
634 907
676 96
428 601
643 708
1001 248
569 87
573 364
388 446
853 77
85 0
598 755
38 383
595 1122
98 934
