900 6000
610 170
33 648
567 655
788 412
303 699
486 493
624 415
209 378
555 159
431 471
848 261
207 543
220 537
862 547
153 502
634 415
890 864
895 189
878 142
527 798
623 700
777 749
507 228
271 513
871 338
545 414
320 844
344 746
505 853
747 751
767 521
10 28
685 198
390 461
260 616
86 218
840 674
297 601
71 487
252 399
542 567
617 163
211 792
844 688
603 867
208 75
395 412
127 799
500 527
95 868
724 375
878 401
627 582
404 299
804 682
425 372
842 450
116 338
128 868
170 427
233 300
637 736
864 8
332 649
747 258
319 843
628 824
431 86
131 370
483 127
321 319
274 346
125 94
296 209
893 373
68 453
26 266
585 400
246 491
284 701
563 498
342 123
588 520
802 575
222 329
805 745
21 14
855 326
15 78
611 882
475 545
727 90
659 559
499 578
840 458
161 79
752 743
428 452
590 42
187 125
233 886
874 764
508 306
782 462
791 318
528 1
631 595
466 315
585 614
0 303
91 722
139 663
194 49
92 528
508 0
543 545
396 785
380 261
240 717
60 550
780 738
370 306
368 404
239 616
31 173
776 701
63 638
287 807
435 358
882 593
141 361
505 611
221 10
897 234
707 702
235 859
207 81
228 476
545 45
876 896
765 793
778 114
462 428
839 579
828 151
517 220
439 19
639 59
688 126
152 295
9 469
753 784
502 875
287 111
172 537
858 394
785 717
435 355
789 190
90 178
272 544
596 837
746 110
364 797
363 828
609 214
301 791
678 444
598 332
459 136
508 445
99 703
120 183
243 675
889 513
460 810
74 306
642 574
645 159
124 23
450 510
116 517
731 723
680 846
871 291
879 42
668 531
143 34
816 864
25 733
569 282
268 17
531 830
431 536
514 494
820 171
37 551
34 800
9 124
123 600
702 710
167 446
528 230
212 759
590 135
149 8
385 505
383 198
130 614
270 532
729 855
571 258
67 170
780 391
365 833
731 201
328 350
712 542
30 234
653 789
799 544
401 542
513 682
675 731
641 750
449 98
475 706
345 667
291 367
245 749
334 96
619 547
105 788
301 193
328 717
416 354
520 680
300 418
266 448
187 215
30 587
868 500
395 116
408 811
738 877
894 239
348 538
488 530
514 93
55 899
154 526
58 622
379 509
2 60
485 691
383 609
767 237
231 357
26 9
767 846
602 146
645 584
823 56
882 878
651 245
775 123
675 645
242 224
880 201
157 243
400 611
626 710
173 486
52 50
615 196
805 607
39 715
465 550
109 869
45 359
270 177
840 347
161 331
866 603
726 417
745 701
807 578
255 74
200 119
101 258
546 556
619 418
618 260
568 593
348 865
21 77
387 268
404 227
224 779
870 343
893 663
368 626
59 688
71 296
575 737
209 897
175 459
509 678
185 372
830 719
152 510
724 149
747 814
3 760
38 120
54 278
416 320
734 628
885 700
49 1
466 769
501 507
209 259
316 174
96 706
360 608
459 19
414 878
107 621
643 72
886 765
552 41
429 873
72 340
196 686
645 737
395 580
650 411
226 4
722 446
641 361
62 247
42 811
17 197
572 12
102 717
671 198
690 857
97 705
402 638
610 807
107 346
807 734
319 867
227 723
166 645
254 552
129 238
450 747
531 734
104 767
36 592
895 384
793 257
586 786
896 280
380 165
752 460
359 5
180 329
725 492
107 315
466 443
146 179
630 872
368 464
777 560
253 660
669 887
377 118
437 317
667 655
367 823
661 87
681 767
105 86
415 65
88 731
663 761
148 787
749 662
806 834
310 107
844 564
747 105
833 645
708 737
351 505
400 371
585 272
432 311
420 763
625 213
523 8
742 29
656 649
31 457
273 812
183 123
128 577
734 37
639 49
384 750
754 876
143 368
39 139
690 856
594 620
146 20
54 110
282 439
119 409
551 829
686 749
876 288
440 782
54 193
446 406
261 828
695 213
563 416
734 375
563 693
554 163
861 546
68 477
238 306
781 453
46 843
497 154
209 4
400 668
897 601
513 226
477 773
740 275
604 580
627 150
886 368
559 301
42 135
537 527
336 278
726 296
431 864
870 843
181 832
730 233
522 339
365 857
417 861
410 898
749 781
899 577
468 736
805 540
706 701
182 830
392 616
489 365
441 776
288 39
283 851
435 399
195 445
594 668
898 820
492 260
81 896
660 584
516 80
620 156
342 405
176 138
272 852
738 586
534 81
191 852
781 299
226 166
467 132
709 651
819 616
80 853
223 793
218 877
615 692
631 562
209 553
680 713
521 394
184 296
509 479
740 133
127 452
803 708
509 550
20 237
129 266
473 27
237 515
257 847
197 888
690 216
592 521
707 845
527 740
425 771
472 125
273 662
839 766
117 267
457 513
242 801
611 883
419 684
828 168
298 806
337 364
13 17
32 185
369 549
790 483
157 86
487 515
403 572
399 765
723 521
819 617
693 294
735 756
178 435
474 437
641 824
499 743
234 615
119 547
537 53
695 731
825 870
225 480
754 621
533 773
333 233
563 421
357 4
335 127
817 678
334 18
600 521
310 645
791 523
475 540
816 391
178 749
38 154
589 43
233 489
234 608
495 302
688 106
255 271
195 389
615 41
607 467
243 20
647 644
301 629
731 887
785 521
2 35
282 688
707 636
380 23
465 20
72 881
286 594
755 5
206 524
652 421
280 899
425 518
619 83
868 650
878 352
21 765
141 172
710 450
189 17
88 692
551 800
803 647
459 885
69 502
704 115
74 847
135 703
661 625
736 276
417 469
420 118
892 337
607 293
823 345
671 167
182 334
27 452
434 528
48 414
10 853
154 865
33 758
840 360
575 199
783 843
144 777
623 79
790 53
316 73
124 550
431 659
381 884
31 698
573 739
874 762
200 337
474 482
392 544
644 454
479 493
528 344
335 65
157 887
773 885
621 41
417 615
735 413
750 435
380 821
273 610
852 458
893 882
441 169
51 378
780 719
577 363
837 895
283 79
230 122
277 553
806 672
394 86
255 268
289 484
206 758
222 875
500 695
368 556
225 703
760 27
548 744
891 41
404 224
438 365
97 420
425 321
711 840
327 329
77 440
300 730
87 871
73 586
439 449
157 364
10 48
650 586
205 699
578 517
808 36
392 139
285 194
510 56
181 85
220 491
830 641
716 476
755 160
426 460
169 407
3 74
371 59
425 675
782 725
235 266
875 759
707 484
546 565
299 384
712 672
572 95
146 467
714 808
183 106
652 787
298 26
33 255
692 679
292 158
734 574
525 492
608 215
194 505
847 884
200 182
49 177
333 653
462 418
143 176
743 456
82 680
609 34
212 149
355 621
450 757
302 653
820 269
320 490
730 778
747 140
27 603
774 617
148 576
718 587
31 270
674 240
275 526
354 665
338 357
159 812
315 576
827 50
556 235
879 574
707 215
486 307
551 21
608 688
643 649
631 364
837 181
84 4
889 622
5 122
754 614
718 610
257 380
66 223
862 221
834 547
253 83
36 549
824 592
619 693
706 143
526 464
387 615
338 644
847 748
404 757
294 657
298 707
434 670
123 272
530 703
753 756
876 259
887 189
516 145
57 422
338 651
35 444
111 871
18 485
202 386
289 66
798 506
349 720
297 497
123 380
439 663
221 623
893 205
175 265
709 889
164 355
34 544
382 798
72 221
896 203
228 648
873 109
487 634
399 518
742 722
14 494
298 71
873 114
138 189
34 266
871 292
269 102
302 327
495 786
48 824
800 45
463 143
179 214
255 559
423 23
463 168
553 221
105 377
28 5
573 818
152 529
632 66
400 544
749 597
787 194
318 607
786 117
868 502
490 834
464 786
498 213
850 124
437 480
30 738
585 385
863 234
46 257
771 574
550 713
288 533
286 399
808 721
583 776
647 807
41 724
357 789
896 1
345 558
75 306
501 793
147 375
432 698
413 200
92 271
735 440
207 314
692 59
227 741
756 489
103 531
800 753
297 764
738 387
391 837
699 2
433 75
338 816
55 422
63 108
204 890
45 372
686 702
456 180
553 279
653 847
740 194
22 129
459 411
898 683
588 716
72 527
401 3
209 257
455 729
382 507
26 765
366 497
338 345
358 696
179 244
259 223
193 371
561 205
511 324
880 62
40 103
331 851
316 23
146 654
282 268
432 825
86 869
350 446
898 794
422 683
813 18
127 126
430 8
873 461
150 295
169 99
595 670
13 403
39 690
870 497
856 416
634 693
78 555
759 371
539 117
645 838
614 195
578 787
46 599
461 330
75 503
364 137
559 122
117 758
4 433
771 707
802 318
784 432
371 226
668 643
452 869
339 698
868 120
152 112
402 72
883 405
815 778
149 115
520 378
1 25
99 788
138 566
370 640
153 7
811 776
333 601
459 742
565 74
198 227
105 805
755 223
508 331
105 725
899 508
893 651
406 846
54 870
811 6
721 562
165 894
316 74
290 815
258 868
134 796
42 804
244 876
684 515
495 359
238 758
87 337
327 537
173 56
778 430
33 343
119 438
533 667
93 161
764 891
854 278
488 259
775 619
372 152
600 134
93 751
487 397
677 342
878 334
188 527
392 728
11 325
239 571
699 248
649 251
307 304
114 431
736 167
320 242
52 383
270 422
398 35
138 579
268 415
53 498
595 302
260 449
136 394
552 283
786 486
860 818
641 377
699 290
874 494
599 338
436 502
31 351
850 610
742 450
66 537
626 814
557 862
482 91
630 344
138 693
92 372
453 468
670 698
779 476
192 131
239 396
176 625
160 193
379 412
374 734
33 878
695 332
608 556
358 426
126 876
93 414
158 554
258 585
664 700
803 641
847 380
656 77
478 78
308 21
63 895
871 341
873 835
887 85
791 838
641 504
94 733
540 794
869 32
471 329
514 661
551 379
156 277
837 398
899 710
586 485
71 217
444 518
654 456
790 97
665 698
120 104
290 757
207 102
526 323
196 148
566 386
122 586
200 314
662 16
53 31
500 570
813 85
358 284
659 287
204 359
826 619
279 174
345 809
546 653
735 866
489 497
554 776
26 827
776 58
58 460
7 612
335 171
93 292
240 321
173 262
184 714
730 565
451 234
658 36
7 314
507 23
195 522
254 481
345 793
514 205
859 797
699 602
64 688
581 638
486 463
496 662
634 449
207 239
594 579
841 54
314 364
731 645
644 279
246 644
324 405
482 426
666 288
670 103
655 23
288 192
471 712
826 872
510 420
891 404
397 75
388 397
842 132
31 9
423 411
667 8
656 101
640 380
833 78
307 254
242 420
799 428
431 854
304 182
590 382
682 634
161 884
390 465
737 186
257 414
474 312
266 356
90 67
48 14
334 874
385 279
338 132
299 402
653 75
478 824
440 257
599 142
742 872
228 844
194 234
269 24
857 463
765 356
723 492
4 188
447 287
454 364
526 335
573 580
726 608
614 446
878 560
166 19
253 327
160 264
49 228
690 502
578 740
541 367
840 536
287 225
455 9
346 500
591 541
807 306
369 155
706 25
194 439
268 232
286 476
776 628
764 887
731 82
365 324
308 411
153 111
758 676
484 535
331 880
787 419
74 884
297 713
236 878
412 816
893 840
807 332
365 382
8 477
294 517
615 170
48 297
509 434
124 296
489 454
835 518
175 127
552 270
34 859
682 151
707 387
216 280
860 14
694 803
501 593
232 230
765 533
182 396
69 283
89 103
826 882
39 504
482 710
595 757
89 289
362 478
732 38
1 223
521 687
249 495
461 252
360 332
490 27
323 850
895 661
191 10
709 162
88 98
184 55
426 232
199 467
351 296
726 719
733 860
69 325
227 692
696 565
583 270
296 250
108 659
141 202
345 261
224 319
662 125
573 762
707 515
531 9
383 880
57 532
620 64
6 554
300 774
68 364
357 418
481 602
40 692
886 326
244 494
523 328
318 47
355 337
563 810
798 67
499 211
747 799
298 533
839 391
469 599
225 833
39 295
285 592
533 91
93 301
332 233
882 196
254 750
171 231
805 548
7 37
775 638
147 256
445 244
589 460
804 709
447 578
152 758
474 130
43 108
147 779
804 417
711 874
516 413
526 559
784 273
601 735
434 446
439 858
81 464
851 603
235 152
17 669
527 478
371 584
420 752
586 3
134 567
355 892
717 896
517 286
357 191
421 120
741 565
516 569
360 131
617 14
664 780
602 49
518 793
610 240
692 174
200 84
112 210
111 589
30 141
236 521
367 224
711 823
342 896
500 625
233 247
639 337
761 30
866 888
587 737
475 243
757 400
478 800
823 404
799 330
347 100
888 508
608 419
317 324
378 168
106 205
513 557
158 577
482 731
447 224
156 74
44 16
594 395
471 294
383 834
546 350
734 744
384 582
8 470
228 853
554 861
449 94
832 308
141 174
808 585
17 423
182 837
795 642
851 234
56 646
614 821
198 530
252 258
704 188
664 764
849 879
629 895
385 778
407 201
122 52
517 761
175 465
524 119
705 174
287 539
484 526
350 716
512 128
286 515
123 758
442 129
599 334
714 262
716 708
562 628
362 220
704 893
60 56
827 810
549 404
243 470
417 52
640 475
889 845
352 503
296 76
278 151
372 73
737 875
720 363
496 22
244 395
767 278
76 834
352 757
501 381
765 547
602 528
780 768
47 764
376 39
896 615
721 853
797 264
194 834
115 668
894 102
785 156
723 442
405 683
750 332
339 808
342 729
838 606
113 181
870 663
108 307
792 566
456 384
606 253
0 786
133 729
513 212
410 825
58 160
325 405
237 477
135 75
792 748
79 94
376 692
249 217
740 842
863 423
539 825
184 18
210 261
35 774
293 290
631 187
596 270
788 864
269 372
342 476
693 325
284 800
870 408
35 692
143 581
692 11
260 855
877 285
715 329
746 899
162 759
628 712
689 746
289 503
84 144
469 769
186 791
673 842
97 802
116 279
852 623
618 670
596 170
781 267
73 848
281 595
113 255
283 218
142 395
521 786
853 710
591 467
223 576
312 862
520 430
32 624
894 666
689 621
117 229
723 114
156 183
772 725
282 543
30 278
212 766
98 532
537 849
599 586
601 231
367 321
76 401
433 644
741 355
207 623
459 363
468 883
647 566
162 465
835 779
640 252
621 396
437 379
771 370
756 726
161 37
687 445
884 138
552 883
154 631
818 390
594 329
54 646
714 99
333 818
457 382
122 791
743 710
14 130
564 700
252 779
886 130
892 596
691 98
439 759
140 440
647 195
519 24
79 669
321 553
25 402
78 861
176 512
147 19
495 684
419 488
601 526
406 412
166 399
829 844
385 465
831 291
46 162
336 589
662 684
69 146
19 314
410 862
67 93
504 859
205 235
240 273
689 742
504 850
153 530
247 491
720 743
132 522
235 418
831 108
359 751
644 213
453 273
174 16
281 35
18 324
409 154
374 735
172 165
524 886
410 424
795 171
228 482
303 736
139 884
610 43
716 225
540 640
523 287
486 144
853 650
575 869
148 679
589 876
813 533
840 35
741 814
280 707
81 739
275 200
703 743
714 625
584 202
312 588
96 173
175 523
326 700
137 505
235 540
860 604
74 444
412 865
109 414
201 401
533 4
223 713
40 707
208 241
610 97
580 299
443 47
408 41
107 670
418 757
556 7
216 270
590 136
820 460
201 724
103 388
69 421
572 806
531 433
203 839
30 397
16 742
439 873
520 423
754 208
609 262
133 400
359 553
243 791
614 320
770 259
668 194
776 485
742 861
559 97
585 111
397 573
886 454
827 807
743 435
179 16
545 362
144 264
777 19
686 432
83 513
251 650
875 41
626 261
653 247
703 880
230 695
202 220
479 75
762 70
498 646
295 814
287 231
640 341
798 899
742 817
200 202
882 74
385 294
148 796
793 364
713 341
732 398
531 373
14 848
804 751
105 846
616 7
278 463
3 147
177 151
881 271
82 403
57 402
28 762
125 556
853 729
391 166
747 70
806 883
677 888
140 869
878 250
313 234
746 102
549 594
860 402
889 485
626 703
820 750
698 217
890 386
358 183
232 448
444 199
480 895
171 728
675 410
206 886
77 414
372 868
843 539
564 422
585 792
274 816
809 523
619 812
631 862
172 194
305 409
165 315
143 698
172 105
331 734
775 367
728 238
248 13
863 684
408 544
4 151
601 685
104 701
879 779
312 622
802 724
429 276
256 196
59 43
865 34
686 253
898 533
280 219
424 123
434 188
367 121
482 606
879 8
565 234
557 654
727 538
762 813
23 863
379 328
843 83
727 853
827 546
506 72
114 226
113 433
740 230
503 833
3 58
395 486
307 707
148 823
93 256
894 363
602 477
718 626
364 0
619 63
409 288
705 398
315 303
156 812
714 162
820 459
640 0
309 148
821 574
655 661
328 335
769 447
413 810
852 231
542 855
767 495
419 176
612 39
138 873
721 614
213 71
205 320
864 512
547 185
818 191
617 438
49 230
552 826
835 263
105 891
282 309
189 205
632 727
827 0
254 526
220 631
817 721
344 582
498 347
727 197
134 29
633 244
401 37
526 195
15 360
730 398
578 362
886 1
150 96
290 618
612 691
218 351
891 383
573 558
893 258
672 556
645 311
274 52
652 378
45 374
568 557
744 789
398 629
505 216
865 58
612 155
294 16
794 605
772 230
896 524
819 7
538 566
96 641
442 548
382 686
754 458
135 78
21 312
400 373
539 152
38 415
751 508
812 143
721 97
208 417
613 717
797 302
590 526
209 353
501 150
869 652
576 671
69 422
304 297
193 1
452 88
569 639
51 499
188 65
198 186
882 244
425 45
44 37
414 229
620 442
147 417
230 278
299 877
736 152
655 764
803 486
5 453
94 792
416 626
829 744
420 722
254 813
384 859
137 489
633 494
678 881
399 454
181 762
618 846
600 325
881 568
146 635
527 616
746 237
272 895
493 143
281 82
135 189
848 541
453 410
896 228
153 194
382 734
345 635
513 6
126 176
608 117
804 124
581 894
672 861
521 442
377 708
737 558
315 92
255 549
784 359
610 825
51 332
119 749
761 145
98 733
223 502
24 420
297 32
554 807
283 746
20 296
62 45
476 566
662 806
692 707
714 489
428 274
837 876
200 410
413 325
70 75
105 665
714 860
631 392
610 371
195 112
352 124
492 139
347 120
313 689
545 600
231 268
676 218
407 261
399 525
736 52
651 597
491 855
590 7
69 352
473 455
449 610
349 238
535 343
754 96
123 687
866 312
786 376
750 812
279 184
205 741
233 656
9 679
823 476
365 126
862 227
605 381
22 766
331 769
411 592
616 503
580 532
467 553
885 84
318 843
691 475
89 455
774 95
158 623
144 770
835 340
327 668
382 145
749 225
832 609
863 563
249 802
710 751
778 671
607 225
709 354
715 156
415 79
585 538
409 518
735 423
205 593
521 672
214 150
358 718
363 864
131 855
22 393
6 258
789 423
735 104
428 168
896 145
468 306
210 603
196 29
874 803
687 30
650 587
594 46
97 20
315 714
26 286
558 713
742 880
405 706
223 799
220 611
47 282
564 774
293 170
98 612
277 878
454 552
525 850
735 436
84 579
300 296
565 780
333 136
281 330
153 691
303 333
855 657
704 55
59 173
509 719
831 547
886 389
68 458
225 332
465 604
620 500
174 864
873 890
787 376
249 100
736 547
594 333
430 117
466 304
379 504
724 836
118 631
304 317
847 535
291 813
276 38
680 877
463 86
245 340
826 690
140 806
216 701
488 564
816 665
795 594
170 750
189 538
407 865
185 17
351 681
277 68
308 345
658 374
220 710
704 411
887 64
505 774
216 538
338 851
122 520
771 542
567 608
49 497
126 374
683 759
579 362
84 136
616 275
327 663
453 648
396 188
552 699
445 860
819 296
899 470
765 780
599 822
463 403
9 537
786 591
647 875
496 153
76 575
854 676
594 11
185 432
5 50
262 612
280 258
524 153
600 448
750 223
206 302
379 500
104 573
303 6
586 603
808 351
769 173
73 614
297 705
896 556
798 39
319 614
243 743
587 817
642 16
442 67
406 683
784 214
265 889
507 638
606 479
497 341
616 181
379 370
458 304
602 851
734 695
613 828
214 406
13 367
88 830
482 90
181 896
78 245
24 673
521 66
784 431
411 696
439 314
364 771
884 481
64 608
452 884
709 601
575 167
22 80
219 138
563 206
620 32
184 178
668 758
477 739
206 588
591 486
686 185
540 461
293 420
505 477
173 240
553 401
533 606
773 260
214 716
83 199
204 877
406 423
800 210
792 280
780 374
274 208
448 25
863 418
420 12
664 751
889 629
415 464
411 675
121 341
860 873
321 101
478 411
740 605
419 287
603 444
500 706
509 97
506 458
332 93
309 549
747 821
539 313
773 494
745 557
335 20
494 847
722 77
248 604
695 819
236 205
744 235
442 411
130 154
544 390
216 861
520 799
313 776
835 735
88 165
284 731
870 45
27 870
790 143
368 90
726 149
220 55
788 443
576 609
9 770
427 145
809 29
751 179
316 58
496 246
179 640
217 602
233 229
496 275
657 25
838 534
640 894
211 1
68 619
306 680
275 510
137 336
35 257
864 671
876 709
152 631
520 278
738 240
418 401
44 356
315 860
212 151
198 358
381 330
607 726
433 697
204 122
718 798
840 466
295 839
242 483
227 415
343 190
799 488
100 25
721 296
651 113
833 607
215 289
202 411
872 480
256 361
612 463
740 48
893 655
472 708
816 809
864 730
374 720
888 593
405 307
27 606
508 379
890 714
289 293
573 889
256 239
415 887
51 294
552 583
852 93
507 77
212 591
824 426
161 828
364 217
417 694
343 258
307 630
109 253
161 406
337 605
653 547
865 68
621 351
203 163
499 757
566 48
887 39
396 187
5 115
305 366
670 425
582 793
64 121
342 398
341 555
803 165
405 832
22 319
529 278
712 707
820 873
392 854
532 333
488 790
46 625
446 693
697 734
892 745
98 348
170 417
169 121
51 607
285 233
182 626
113 670
367 58
218 535
506 777
757 397
810 168
771 583
422 158
502 812
571 876
666 617
317 717
679 321
866 314
493 242
790 96
43 326
391 460
270 38
389 525
830 421
336 204
514 554
2 807
590 399
760 639
265 821
347 104
559 71
182 219
711 834
797 667
665 669
100 745
308 602
774 307
464 332
121 842
890 670
30 380
693 159
876 768
427 468
284 76
697 251
103 883
116 684
17 438
462 608
113 225
140 386
339 624
379 345
130 470
626 520
221 16
206 405
59 662
572 57
136 163
404 202
753 689
500 353
778 587
76 866
41 488
251 607
347 283
426 483
15 495
361 703
317 840
55 776
577 118
168 604
883 876
119 252
579 497
739 68
364 100
51 429
865 17
233 244
544 771
891 340
721 41
40 379
590 202
324 884
713 323
142 52
324 886
15 104
498 794
221 139
616 793
611 618
228 877
894 306
896 152
679 432
295 891
697 541
560 142
362 148
702 101
737 682
519 802
867 858
545 736
408 126
39 467
261 571
886 806
337 199
101 159
632 492
859 733
330 392
770 672
485 838
489 3
248 517
871 855
210 689
401 647
868 357
628 95
616 465
372 127
416 337
721 823
306 323
740 688
506 889
741 698
396 889
50 633
522 632
806 108
123 317
372 587
760 317
306 677
539 632
564 382
30 247
74 631
22 793
35 141
223 719
379 539
852 652
650 45
284 389
519 698
405 22
575 308
592 280
691 461
219 162
425 666
721 620
25 58
494 574
765 715
333 128
789 78
679 313
829 149
862 670
82 826
899 495
400 59
193 869
412 454
744 306
867 224
828 588
647 578
195 801
496 565
477 803
661 324
41 47
546 624
784 189
20 85
833 72
655 705
742 838
355 434
431 797
757 468
524 290
529 788
472 568
55 201
170 633
325 44
338 180
839 587
885 820
260 343
189 548
56 6
460 509
21 266
403 263
443 267
895 306
581 770
875 732
423 538
440 506
162 728
500 704
565 300
879 100
872 283
433 514
726 566
572 143
188 9
295 478
745 317
816 584
869 392
675 202
124 160
365 217
354 92
255 315
16 698
163 591
49 548
158 779
328 647
431 30
646 487
311 129
582 100
693 807
262 117
751 644
377 816
90 335
895 500
816 236
879 88
400 719
845 734
247 854
615 652
868 4
581 250
345 571
642 300
566 855
189 151
755 558
703 12
754 506
492 159
680 771
855 834
575 613
391 254
677 838
802 838
714 176
821 690
117 349
180 797
219 468
121 223
673 186
162 274
252 828
302 770
324 330
224 597
131 599
322 859
730 281
393 615
679 288
459 224
536 160
894 855
190 875
187 419
37 276
887 710
180 751
724 676
171 460
376 609
19 388
240 338
694 18
818 832
106 813
544 307
141 777
33 423
762 531
362 403
121 416
345 837
143 778
167 528
696 244
104 690
883 637
108 181
307 541
54 777
205 703
547 779
277 503
563 172
352 590
237 753
620 146
262 240
356 1
182 79
316 491
617 866
246 760
609 850
292 110
883 652
179 565
635 22
742 355
171 732
442 3
653 312
406 894
465 593
195 840
351 121
327 324
808 767
651 14
99 505
580 293
377 810
251 595
890 548
20 149
341 523
674 471
463 884
443 449
791 519
306 10
564 804
35 777
149 108
553 633
309 17
242 149
253 876
691 63
603 196
756 235
226 736
481 234
631 256
620 231
867 460
625 628
743 467
66 485
488 39
381 26
162 311
454 738
739 48
182 37
865 99
462 235
704 109
227 574
277 275
363 666
781 360
816 805
251 554
446 764
611 594
782 557
554 349
387 665
787 546
113 109
865 218
770 868
43 121
53 360
304 530
766 525
536 896
870 894
479 483
695 814
693 562
674 350
583 816
737 240
108 75
239 543
507 555
886 300
853 614
678 825
12 383
4 142
447 5
830 699
788 698
638 217
618 21
290 116
837 459
823 690
75 714
736 134
53 137
882 107
817 593
572 365
333 561
575 81
370 712
752 845
342 327
868 885
638 634
817 388
403 128
332 104
626 142
240 95
304 533
269 560
730 596
772 616
606 531
405 451
444 745
241 715
590 381
620 688
474 760
214 308
718 627
390 844
632 660
162 565
32 602
853 0
526 319
741 586
763 377
447 587
655 322
345 498
194 263
561 848
539 668
596 786
565 614
600 528
2 565
773 827
497 459
196 395
149 419
1 373
136 309
280 160
568 27
212 103
186 484
464 488
671 387
489 701
294 736
780 206
515 39
266 847
168 291
581 712
313 664
616 511
147 448
723 161
143 44
9 502
464 649
786 746
890 627
195 824
161 455
44 793
649 874
143 347
841 490
653 730
728 239
259 114
572 373
459 660
399 762
890 261
156 781
650 186
549 223
108 51
796 510
368 852
627 61
226 191
580 314
557 580
803 236
167 329
361 369
756 309
831 560
186 439
780 588
594 197
624 337
749 307
520 576
765 221
753 485
495 201
83 287
353 416
98 195
371 484
636 138
603 777
236 55
819 502
778 303
500 364
467 815
846 77
211 403
655 585
274 250
383 700
872 564
672 677
213 787
309 91
614 855
72 809
252 659
357 747
138 322
739 391
659 544
480 727
715 486
558 430
40 596
149 423
346 837
301 331
388 689
113 20
846 863
384 532
882 669
254 11
734 631
691 334
741 272
898 777
104 566
351 627
261 453
604 631
418 195
802 301
699 882
717 676
200 864
417 819
13 436
468 820
856 756
308 314
54 529
850 465
556 312
399 55
8 157
340 350
205 329
705 9
167 697
656 561
400 258
191 595
321 790
653 225
777 31
259 867
50 738
650 269
803 142
449 813
162 860
126 605
269 169
182 94
862 246
297 730
84 161
43 596
577 44
837 861
461 803
639 647
896 63
675 149
786 587
386 598
141 566
222 788
171 711
108 367
67 461
171 712
460 802
525 762
456 7
344 664
412 366
752 830
565 601
342 558
711 781
475 456
252 299
352 161
613 816
522 500
873 521
114 656
512 822
486 192
34 667
38 292
429 637
186 426
328 789
763 160
823 46
7 140
394 218
590 595
61 798
30 584
881 138
437 291
385 488
133 504
241 755
202 355
666 639
222 485
425 629
888 700
223 761
523 588
780 63
409 460
762 860
266 409
244 331
796 388
749 24
718 501
443 433
387 503
553 322
32 800
736 16
868 374
462 897
369 454
515 86
405 652
665 337
116 264
408 804
824 783
184 740
535 624
13 503
111 459
871 135
772 617
563 393
582 875
870 508
235 562
796 318
306 551
795 836
245 292
185 720
331 193
632 824
541 303
654 313
358 348
256 127
71 895
735 220
526 241
622 814
540 160
479 642
12 624
264 46
554 312
524 474
537 194
90 150
870 167
612 297
562 351
364 662
263 47
767 399
223 61
787 75
335 585
871 847
449 289
178 416
367 262
858 609
77 763
448 883
196 549
823 800
149 489
631 623
46 4
653 106
700 577
547 696
854 842
468 172
728 585
637 633
872 423
595 607
840 112
717 697
6 613
279 634
256 318
755 468
797 873
843 710
16 895
16 747
77 90
178 550
356 852
288 444
57 689
478 492
451 598
13 899
689 857
645 640
363 119
851 168
221 73
293 562
146 366
518 897
349 862
154 396
557 863
643 339
842 200
22 171
851 384
289 192
770 266
69 294
23 738
207 668
278 131
619 65
841 200
867 15
840 514
739 256
414 624
489 697
879 420
414 173
866 658
518 605
887 698
364 17
542 681
518 845
538 402
130 878
119 431
646 301
808 419
553 881
849 388
856 485
677 799
371 798
583 189
430 859
662 633
719 650
457 681
690 90
243 156
533 118
108 459
801 441
120 371
459 238
276 58
639 868
886 490
574 91
47 473
816 519
290 779
546 673
480 661
317 738
230 353
735 49
472 516
675 867
879 620
522 605
668 641
630 885
707 9
821 231
401 713
166 757
366 446
20 785
588 239
63 762
764 96
828 731
672 787
560 453
88 541
107 408
504 33
644 685
356 279
707 28
29 729
507 181
153 613
671 27
790 22
613 234
278 12
576 296
295 317
113 817
308 212
722 198
291 824
867 411
229 244
137 4
83 727
503 443
28 784
78 737
258 308
769 77
398 492
287 827
627 102
777 698
104 854
334 663
728 59
858 624
420 439
338 24
139 306
620 237
61 175
634 142
629 871
793 707
575 457
82 425
500 396
411 368
281 150
285 532
866 251
750 829
679 572
653 292
301 567
382 770
59 826
18 726
542 725
382 261
127 852
377 217
620 125
571 14
387 587
424 866
532 95
211 493
136 753
495 572
832 320
739 729
312 818
744 590
134 308
311 426
701 403
640 171
614 553
805 532
862 898
324 329
563 876
842 397
551 625
8 227
769 389
426 423
654 283
443 739
30 899
663 333
370 248
807 888
302 64
392 138
422 773
708 107
532 632
281 192
764 735
101 826
689 619
145 846
625 310
875 341
1 191
67 484
464 62
822 764
727 665
615 795
140 44
433 694
450 108
303 101
456 859
537 419
15 367
199 140
337 809
125 273
400 177
646 146
84 593
264 670
653 327
297 453
731 484
588 237
203 813
376 862
298 858
89 164
309 864
495 23
793 116
684 869
308 444
4 699
540 424
148 888
409 601
826 79
13 331
869 538
866 200
79 783
712 720
773 86
697 256
343 565
454 557
826 10
54 346
660 153
269 82
390 110
387 781
876 697
402 367
579 130
769 547
463 681
759 661
172 498
790 398
312 746
799 593
224 768
814 713
146 398
127 93
863 501
764 782
698 271
252 68
465 588
793 560
427 880
294 504
447 752
880 149
196 255
145 472
113 839
616 28
256 261
396 701
87 852
54 877
161 649
796 792
267 865
337 499
121 878
288 724
508 738
37 558
488 365
270 683
517 797
11 358
337 664
618 166
387 381
232 731
117 373
237 264
492 300
500 599
178 605
777 36
316 654
374 452
53 725
492 545
458 887
718 504
494 60
784 520
695 623
689 561
424 413
525 383
491 813
586 660
267 268
210 138
285 151
401 451
836 431
94 298
77 392
224 667
552 711
507 774
30 166
98 528
273 229
336 359
130 426
888 711
303 93
123 807
606 829
756 723
375 343
239 764
639 763
293 172
99 821
804 669
852 121
741 230
295 541
178 158
421 121
711 429
56 516
427 378
230 644
177 7
477 590
805 370
24 223
169 623
760 737
796 451
406 812
782 651
564 148
659 7
456 40
642 605
825 661
720 424
222 52
763 521
555 718
409 109
51 81
325 289
594 688
284 839
245 777
874 418
738 362
492 239
686 186
454 837
733 100
843 395
229 357
424 102
319 433
86 211
618 193
136 830
72 79
808 744
240 453
620 106
512 871
152 720
568 668
100 369
559 618
361 284
16 364
420 840
856 775
258 115
224 116
890 547
466 5
478 363
344 229
222 32
479 658
609 698
127 130
817 351
400 441
569 289
488 471
312 551
801 653
54 652
186 707
426 101
740 28
386 391
250 445
767 661
72 404
749 209
767 769
68 265
217 202
561 469
210 320
157 73
135 518
191 727
845 574
573 446
336 832
891 357
387 618
313 382
15 675
401 815
615 524
95 82
336 198
318 618
245 277
356 106
336 215
878 809
40 702
217 84
309 641
375 271
247 18
41 870
885 370
718 509
350 366
390 653
559 14
370 30
601 201
653 766
65 144
581 151
863 294
714 512
710 197
6 492
237 29
898 728
70 587
770 423
788 832
411 324
487 771
211 412
189 83
94 704
172 397
335 428
571 625
485 749
621 403
774 848
466 122
284 485
385 330
717 722
608 777
184 136
72 629
6 641
426 834
407 217
294 611
887 100
183 486
475 741
187 4
397 377
374 189
218 318
52 484
794 312
893 431
146 303
73 415
710 145
757 83
48 269
38 588
414 188
229 588
632 726
639 425
763 824
274 336
533 55
348 116
628 833
727 668
144 473
846 556
123 31
290 94
489 96
141 451
819 835
381 846
291 564
582 509
705 33
141 562
201 616
159 236
349 758
858 351
829 630
122 657
334 888
115 277
81 566
38 139
605 875
737 763
496 60
142 323
624 732
724 101
733 781
27 89
396 371
107 228
849 838
250 72
156 44
222 1
400 389
286 655
868 301
709 420
766 569
613 95
11 294
426 649
312 434
260 602
746 43
187 586
443 43
498 450
274 587
313 589
632 625
735 690
810 265
711 195
194 569
368 352
527 262
240 646
700 446
870 2
0 274
766 250
188 899
455 809
625 219
873 442
476 801
271 445
337 803
832 691
2 99
261 312
209 153
65 473
138 525
469 660
582 349
452 612
815 320
471 309
710 155
185 246
854 121
457 625
219 241
265 254
276 136
109 478
421 251
871 742
404 631
271 34
365 638
562 179
207 46
554 109
70 330
143 241
126 329
418 631
544 668
667 804
31 633
849 578
164 707
654 74
267 318
641 585
318 411
505 306
392 660
80 776
511 199
361 249
122 439
298 424
630 837
484 572
791 458
568 48
168 78
35 433
311 773
334 101
456 426
824 820
444 388
707 450
88 146
311 846
568 205
532 294
525 647
855 416
375 552
180 446
285 420
66 82
321 574
333 19
46 347
884 674
661 454
837 539
183 514
121 132
364 240
34 123
54 709
558 469
696 679
306 412
97 51
205 211
712 892
672 361
216 102
506 583
137 290
395 317
350 680
262 877
532 84
256 197
276 838
249 432
150 702
83 883
862 415
196 741
351 247
351 722
822 866
287 598
245 432
525 160
394 746
478 828
764 342
854 859
188 100
833 300
18 144
890 139
122 284
222 79
352 173
782 437
485 116
305 6
821 799
574 621
643 161
808 318
557 145
651 705
561 410
45 30
857 392
138 151
300 889
760 181
296 313
803 326
639 328
223 298
361 162
143 400
703 537
460 779
202 656
53 834
649 309
639 118
101 291
375 174
590 872
233 863
709 588
782 883
178 871
771 498
793 23
28 718
529 594
664 453
486 590
758 199
539 53
238 603
798 400
715 898
688 580
809 498
260 716
205 423
421 415
598 383
428 60
732 298
490 42
126 762
858 13
805 711
770 72
293 120
827 257
398 44
861 467
786 742
257 717
440 801
868 247
801 213
428 546
864 19
454 97
94 818
159 647
515 463
666 537
284 46
479 248
741 330
441 788
500 725
802 873
899 842
707 471
543 681
597 838
894 368
411 4
179 705
668 675
137 884
745 752
199 129
530 573
808 726
95 855
888 681
838 222
692 418
828 769
242 740
840 625
601 512
27 404
76 220
405 452
227 75
175 567
310 707
377 702
592 806
451 252
614 631
576 656
777 872
698 586
601 463
821 525
164 374
895 181
266 653
559 139
52 729
336 713
751 580
326 16
525 348
442 559
134 411
637 577
187 802
109 279
898 498
834 6
288 827
796 879
503 686
416 787
235 701
524 509
20 348
542 763
639 287
614 2
126 656
412 679
264 794
194 866
83 348
731 257
831 123
861 522
4 401
769 771
716 544
371 591
153 625
788 873
683 883
154 593
262 585
92 314
746 721
848 25
613 479
860 485
139 799
819 542
675 238
516 23
720 859
275 90
74 614
130 36
557 59
438 814
656 898
346 487
872 743
700 759
849 1
528 355
520 313
207 261
244 825
73 892
153 102
480 152
243 208
255 406
132 439
846 473
859 609
355 589
472 573
114 450
660 531
787 281
288 290
700 1
872 758
153 238
718 646
751 840
245 568
44 118
890 799
561 6
835 716
15 290
442 808
334 40
722 277
397 642
334 743
438 630
489 142
822 756
621 899
304 69
510 549
96 672
233 310
877 710
450 688
447 334
77 76
605 365
721 861
499 4
636 390
14 310
810 424
18 374
458 238
557 151
312 803
811 410
78 554
831 60
774 684
271 761
680 398
592 237
454 280
768 638
234 674
532 772
385 223
26 357
365 443
87 565
780 897
881 761
501 324
433 363
389 78
79 700
16 8
168 215
259 841
576 483
208 284
339 68
716 100
784 60
892 844
683 198
440 127
89 633
890 347
518 507
600 855
598 548
291 741
883 594
85 575
16 847
356 798
346 530
40 229
754 608
600 422
229 162
899 390
626 308
495 715
538 457
160 791
799 688
307 127
609 197
65 244
865 21
72 173
663 430
199 256
54 687
106 583
206 136
543 161
511 842
266 57
106 741
428 101
94 135
155 655
507 685
701 178
274 856
8 421
289 53
889 349
830 670
189 603
832 355
80 282
466 628
592 123
376 739
640 363
678 250
451 755
784 598
769 882
824 410
433 422
718 861
163 748
447 893
791 493
287 658
34 604
274 654
20 753
665 37
44 99
861 854
49 266
794 595
449 31
576 104
184 895
56 685
622 817
284 808
585 285
87 292
641 385
776 173
696 75
431 303
515 249
845 805
811 540
877 276
740 755
27 553
759 374
653 25
399 500
721 407
873 358
545 688
93 639
422 881
810 128
830 52
541 299
672 390
336 707
597 522
153 436
441 458
570 704
410 328
614 705
119 839
138 11
780 605
172 869
147 373
485 484
692 52
402 769
559 882
634 680
849 620
653 462
897 427
83 752
602 434
77 734
92 428
35 13
767 267
342 363
66 352
774 332
80 606
217 549
801 44
338 96
35 347
440 873
812 855
427 158
821 477
615 114
100 380
354 294
324 625
651 463
789 523
441 295
131 618
47 813
390 515
364 383
854 29
139 69
25 569
882 567
301 641
42 523
552 529
168 770
96 91
807 137
182 47
319 653
99 523
71 891
582 76
663 437
792 845
436 363
13 194
99 176
217 838
282 806
266 158
884 737
99 16
786 811
739 220
531 557
425 850
527 823
288 541
182 378
518 554
410 579
372 850
559 439
331 647
489 129
327 49
437 347
821 208
62 336
74 130
836 255
869 523
88 357
721 650
688 839
140 175
819 528
674 830
93 199
637 828
145 140
678 196
327 857
575 339
346 335
540 579
798 312
821 61
198 630
564 855
3 230
636 804
849 276
720 438
315 34
173 824
804 397
488 647
873 103
463 170
213 842
631 894
64 270
771 179
493 780
652 155
547 720
811 798
428 393
404 260
654 547
374 613
156 593
135 246
576 505
59 378
307 731
78 848
742 470
740 538
316 168
175 260
770 755
410 746
305 784
710 731
839 204
715 773
65 48
257 545
364 658
285 623
869 35
786 35
816 113
715 150
709 382
487 367
301 591
98 851
895 174
178 627
384 487
362 636
415 663
160 262
627 69
140 882
467 90
147 89
797 209
163 222
829 556
147 213
265 127
206 702
729 564
469 687
692 513
760 545
624 652
674 4
107 519
290 678
629 173
467 700
483 459
758 144
65 616
343 779
798 879
269 190
186 875
335 345
20 10
134 836
703 77
133 562
210 465
214 118
481 430
268 265
733 75
348 13
55 626
894 559
662 737
120 534
307 191
134 687
242 691
230 633
362 95
353 135
713 334
139 604
379 510
698 27
455 156
479 263
210 300
751 380
737 102
131 447
578 224
730 31
244 848
547 797
473 134
241 433
777 143
678 45
33 537
893 892
405 309
274 511
810 496
563 298
459 322
413 670
595 214
607 812
780 109
262 127
596 659
378 609
464 696
247 423
399 812
5 160
889 804
894 92
169 841
376 115
860 125
177 124
429 55
49 119
2 371
821 20
158 618
174 500
206 868
676 233
709 789
756 892
633 635
800 679
613 850
757 752
591 203
549 89
307 698
347 574
869 146
234 744
476 673
251 198
644 133
247 828
193 553
297 673
818 457
785 518
400 644
337 826
619 746
581 709
862 51
439 300
862 794
452 606
848 65
596 207
686 409
796 549
687 342
654 871
815 219
664 526
776 438
122 402
784 163
630 682
632 311
124 154
285 720
420 337
571 84
751 532
298 314
809 208
17 454
34 115
236 556
238 2
453 830
755 410
597 131
15 469
806 500
426 599
895 470
581 20
212 698
659 730
739 745
213 562
146 441
675 445
740 272
486 712
38 806
695 429
598 387
520 35
480 214
50 801
780 540
530 341
818 788
59 115
642 632
256 95
143 373
428 832
629 667
442 714
314 142
359 898
26 699
324 341
443 694
41 338
335 497
408 499
132 300
418 52
62 292
362 160
152 621
3 252
576 669
518 368
789 176
651 525
228 3
682 821
125 639
892 550
890 74
813 125
446 212
497 453
483 530
593 30
285 804
307 527
92 412
27 458
91 871
277 510
786 354
848 344
643 176
398 779
21 338
564 26
66 702
658 753
563 502
801 25
809 655
453 376
892 350
58 16
537 253
311 227
294 482
833 825
173 619
144 366
658 853
27 278
814 238
525 638
836 496
594 312
555 471
526 392
417 751
32 266
309 145
437 367
628 219
456 244
130 382
663 589
813 138
773 485
431 152
323 898
356 101
685 559
760 764
273 137
382 787
817 301
751 390
685 385
305 656
699 174
25 550
486 540
439 348
142 591
705 487
794 561
522 272
825 462
819 640
752 6
728 691
440 519
557 431
80 628
558 224
879 272
169 538
420 500
733 112
245 173
295 72
214 208
898 500
180 720
115 505
638 140
808 410
744 770
282 191
787 553
573 525
805 195
66 629
740 440
64 503
848 894
507 135
885 89
134 514
767 873
69 846
750 615
669 130
825 572
335 29
860 383
284 349
753 781
727 523
73 111
867 438
687 101
267 319
148 121
302 287
117 85
771 660
405 375
718 439
576 111
525 538
546 537
842 436
325 215
669 471
834 465
884 717
102 606
622 660
600 840
400 186
366 356
353 710
585 662
109 453
813 36
276 360
145 849
662 659
78 369
150 537
796 450
768 753
405 123
873 407
12 845
535 790
778 880
537 752
459 116
724 731
446 674
325 118
710 82
648 99
423 819
694 282
528 529
399 483
526 623
18 582
226 365
681 802
731 627
244 829
891 393
209 64
181 829
714 218
480 168
407 196
468 868
228 504
814 421
400 31
505 861
753 759
145 492
315 355
716 258
181 619
400 151
387 499
692 244
223 504
754 853
162 481
879 18
169 234
171 380
776 702
670 505
662 546
287 156
341 349
216 632
79 485
863 820
543 526
122 642
739 632
555 343
1 369
31 76
424 183
584 586
53 782
32 591
488 616
579 94
307 744
279 599
587 540
574 54
533 415
375 711
329 288
761 277
868 834
723 875
877 522
848 454
742 699
673 835
219 818
753 779
49 568
752 257
13 416
476 187
401 270
562 363
174 622
290 551
778 444
55 567
0 591
696 810
729 728
475 666
308 426
647 348
67 289
842 632
172 207
451 840
885 433
568 526
2 628
788 257
499 208
652 495
783 237
193 111
40 506
62 327
364 156
205 634
444 154
69 688
116 878
168 211
758 729
55 120
81 763
474 447
159 572
54 114
824 49
253 105
804 352
157 536
691 348
522 279
681 747
57 608
575 818
201 313
102 533
706 198
64 112
823 462
675 377
294 486
665 440
21 85
70 579
243 647
614 22
224 590
744 899
56 635
882 345
808 16
483 155
766 513
460 242
194 4
207 194
112 158
733 77
499 785
159 847
305 121
357 6
428 175
378 223
288 868
489 865
258 29
661 548
249 233
403 106
385 391
483 594
268 568
882 177
736 693
194 578
228 138
769 281
73 195
325 17
310 371
131 604
784 871
454 395
542 672
479 469
509 743
128 433
510 322
824 590
213 418
869 401
12 780
381 540
142 588
786 892
205 870
773 142
420 877
51 867
288 95
364 197
887 867
547 383
144 114
434 646
686 352
423 347
793 562
763 805
805 221
555 420
390 478
187 240
781 218
883 237
802 59
100 164
273 363
376 877
388 661
777 727
20 100
164 6
596 654
104 551
271 44
891 741
597 478
687 796
488 273
382 123
775 653
558 811
11 697
452 10
424 583
385 283
292 250
536 206
768 9
555 10
324 113
262 600
800 867
688 796
252 888
514 846
639 797
64 156
776 44
501 561
276 300
60 238
238 797
807 600
853 333
21 30
302 566
163 30
849 392
13 841
460 611
521 609
794 806
142 107
332 614
161 262
529 315
189 646
201 411
748 6
595 412
873 449
24 763
16 556
287 218
26 595
640 831
575 875
464 284
678 277
631 491
623 712
280 135
833 259
300 353
304 722
589 485
5 481
253 365
368 763
190 562
253 254
198 835
809 153
822 307
793 429
201 568
678 425
574 877
427 637
454 492
135 636
572 299
527 82
390 313
600 474
1 669
332 343
465 38
55 383
379 70
390 1
732 798
825 496
645 785
769 663
883 436
732 684
891 282
691 659
447 323
353 781
507 564
703 527
266 876
247 294
547 801
650 104
452 99
838 659
4 123
639 581
155 571
456 198
135 83
880 231
793 784
340 458
850 395
283 268
763 848
13 703
769 719
521 842
331 265
99 763
318 124
416 255
104 725
160 194
84 638
512 400
456 211
355 121
300 419
372 67
860 576
385 256
271 827
206 733
557 758
145 686
162 223
841 406
233 90
573 49
545 323
270 129
504 37
102 371
595 152
113 407
375 39
594 665
583 505
642 798
544 665
563 812
159 772
424 581
847 805
556 860
301 2
318 620
472 550
378 510
181 817
515 659
881 110
810 750
24 854
197 102
872 267
614 568
826 137
437 388
282 507
381 334
323 367
542 370
405 634
541 242
571 15
312 769
551 436
481 268
205 585
865 452
177 473
376 492
818 137
40 486
480 358
425 648
560 384
136 585
490 699
62 589
511 122
86 363
522 498
458 354
361 173
752 438
894 513
100 267
337 127
129 704
517 733
497 636
457 820
492 295
498 447
631 142
729 696
234 523
5 529
151 864
518 434
211 852
458 233
692 327
358 632
348 615
449 53
19 92
57 530
234 803
378 331
314 427
415 563
40 136
123 650
796 73
379 406
139 529
344 143
348 368
35 703
668 460
131 279
485 696
371 172
703 172
485 681
400 584
190 303
56 253
309 481
374 499
660 826
37 387
723 480
277 729
696 779
732 385
312 838
762 706
698 260
675 397
863 105
491 511
874 160
116 524
436 409
517 177
861 814
668 877
524 675
642 43
750 365
386 498
472 280
650 304
552 86
831 220
74 462
766 108
157 477
654 625
595 618
868 336
683 146
589 870
234 462
678 202
822 404
280 6
215 762
329 601
168 157
384 741
576 322
148 584
530 344
112 216
603 774
854 805
439 20
767 794
631 471
371 724
43 367
203 60
553 676
255 529
362 718
43 477
862 455
833 844
426 321
188 823
834 83
178 707
654 338
684 395
588 555
52 666
203 611
361 599
4 852
805 558
293 164
755 237
840 800
452 221
806 112
187 296
267 161
794 598
134 133
318 81
559 829
114 429
456 104
895 348
448 107
629 329
730 245
274 475
110 4
571 117
583 204
446 508
878 526
710 379
847 892
609 227
706 44
735 685
898 147
528 611
196 498
463 553
405 521
414 329
867 746
737 279
339 412
593 50
416 771
617 701
345 673
131 303
121 22
764 494
702 401
418 549
602 702
395 618
535 155
439 264
755 325
870 846
837 364
858 133
269 119
570 649
414 604
788 402
619 463
624 427
614 463
209 803
897 826
145 444
878 42
370 374
504 422
193 780
40 471
56 605
773 352
650 550
623 672
456 30
750 697
53 795
761 741
545 628
158 5
403 86
261 789
361 671
379 671
451 53
864 648
606 572
225 718
388 472
474 676
102 835
861 609
530 164
275 650
664 514
386 137
500 57
157 526
54 343
33 729
40 849
59 668
857 847
396 741
551 302
53 708
780 635
706 357
814 450
825 50
393 885
488 121
820 143
880 365
848 309
720 51
629 108
409 710
755 53
105 489
772 75
517 717
807 72
259 803
141 572
394 205
280 264
831 415
218 720
625 175
847 894
501 609
887 558
21 648
219 777
509 777
302 47
186 869
403 143
108 524
418 2
244 257
689 60
773 447
95 643
859 508
3 418
791 267
312 422
434 205
434 688
823 227
802 100
215 786
885 862
279 172
507 31
319 566
426 798
714 726
42 597
281 660
600 755
515 817
496 260
5 723
827 733
724 30
239 815
153 503
588 346
710 673
289 116
364 896
788 280
548 85
89 568
773 386
624 433
771 714
819 289
867 862
99 384
797 520
426 298
539 766
387 643
646 579
781 396
750 292
104 39
254 720
189 77
551 75
869 816
280 105
216 700
452 842
401 298
642 557
873 272
627 850
264 78
73 180
777 135
37 625
54 391
812 227
843 238
709 887
440 778
620 537
239 371
321 800
847 91
74 256
295 52
386 246
844 460
519 80
5 744
179 167
830 398
75 471
384 658
527 269
721 193
325 683
119 460
350 729
693 47
663 581
492 695
182 504
682 514
864 555
488 791
648 383
311 828
571 169
104 396
316 25
836 1
249 268
88 476
18 26
496 593
209 303
895 610
578 769
40 666
788 681
499 153
128 713
732 199
563 176
310 670
677 505
557 93
695 470
556 644
376 896
453 60
851 684
356 363
4 429
161 793
570 714
275 462
645 97
748 352
817 800
134 509
53 589
469 646
727 31
128 296
607 26
711 136
150 255
1 613
572 289
511 533
141 269
28 587
834 392
769 277
335 237
231 757
856 144
271 803
615 730
685 550
70 53
898 281
563 886
449 87
759 532
430 467
709 600
598 892
746 772
537 368
87 310
87 689
784 493
838 655
115 708
554 482
823 584
763 378
64 461
683 697
297 769
809 580
186 346
5 287
870 630
490 785
225 41
779 140
573 522
342 256
345 829
605 288
148 709
740 680
785 856
768 125
589 689
542 689
621 641
335 296
831 737
693 401
771 596
147 755
488 191
562 722
470 420
321 314
334 208
528 234
211 194
817 258
814 240
320 228
64 480
558 252
391 818
875 469
693 153
451 67
550 711
100 209
836 460
868 265
313 164
493 621
192 270
796 380
890 540
457 106
622 452
688 776
676 551
55 841
369 214
764 622
367 67
352 475
641 625
28 325
823 719
6 212
655 270
448 30
415 583
324 510
841 174
833 527
136 171
59 272
277 429
831 69
255 634
511 577
516 72
297 284
406 327
124 653
94 360
332 110
54 675
877 352
761 311
168 37
746 783
185 853
571 342
330 825
249 200
479 155
81 188
873 512
155 231
98 535
1 256
301 143
833 526
3 24
479 807
169 164
750 68
281 233
296 349
217 518
368 212
563 682
652 648
178 321
886 335
810 659
702 609
68 63
749 785
600 131
237 6
331 560
7 670
248 540
820 823
73 279
277 810
879 869
798 93
605 427
427 668
46 113
382 351
584 5
318 565
509 203
625 692
186 397
735 724
880 63
488 12
309 379
560 521
712 178
575 775
608 758
742 42
431 777
88 810
633 155
220 90
0 679
495 837
749 615
612 595
288 506
159 295
176 648
185 222
742 533
274 152
692 851
851 639
111 730
688 211
289 835
779 654
861 821
119 421
246 108
104 897
268 791
554 691
342 636
862 73
638 578
495 248
186 743
31 189
220 706
849 230
746 789
399 301
544 580
415 162
422 329
638 367
636 70
799 104
162 531
851 204
597 740
133 664
138 275
18 295
798 78
592 374
323 0
263 62
611 521
222 147
582 670
242 450
802 0
158 568
891 192
608 842
552 159
693 581
99 135
270 799
638 815
475 163
394 599
425 826
633 534
129 226
687 476
227 290
143 854
789 638
240 887
850 309
169 666
408 88
705 381
359 111
484 509
274 516
462 294
809 856
377 236
747 304
30 99
772 536
66 841
63 852
233 756
11 859
406 814
32 67
276 209
828 846
146 403
808 304
172 62
810 130
185 303
334 45
544 703
714 210
457 814
680 673
761 820
451 107
426 683
54 577
797 233
38 43
202 763
896 314
216 135
652 756
814 484
818 240
150 296
265 180
26 846
519 155
9 692
512 632
540 581
1 884
186 304
120 662
61 39
388 35
821 705
381 49
468 578
715 66
416 663
581 751
44 45
167 198
802 45
255 740
606 392
262 463
845 285
716 53
322 771
152 868
849 298
14 637
394 144
818 18
190 55
303 115
321 230
611 796
100 680
644 662
178 155
800 89
725 671
764 554
232 91
109 185
293 542
590 122
84 756
488 520
609 695
41 531
738 894
875 5
869 823
348 742
324 664
185 201
402 431
211 125
51 19
419 831
395 108
759 87
867 743
544 753
485 89
76 397
210 566
181 752
484 778
63 31
638 870
108 851
878 263
467 278
647 893
