1200 11000
793 538
866 787
1165 633
170 132
376 417
739 178
564 104
1 877
1120 64
716 725
844 548
640 472
958 1053
529 180
1023 876
573 1151
268 696
884 660
923 315
375 803
369 29
1062 906
397 258
778 1040
548 1096
428 812
75 681
110 803
671 119
187 1138
613 542
1017 54
624 71
943 569
914 787
509 264
1093 208
593 206
1118 632
292 561
23 367
1195 351
1109 982
667 295
442 37
223 16
893 516
105 721
1013 905
867 168
504 934
721 213
505 54
443 304
617 933
44 611
547 290
1024 194
68 358
869 279
929 655
160 95
153 406
773 183
613 285
525 788
1106 271
428 368
1167 3
753 168
154 878
829 1091
1192 30
210 712
414 930
221 1122
1095 718
449 672
1175 1168
28 836
1113 1115
129 884
641 799
1037 387
920 784
254 567
721 130
146 1067
988 998
944 541
240 45
57 757
536 661
83 1097
746 74
3 85
503 340
401 298
756 737
1188 61
785 863
1087 921
583 994
456 263
490 783
545 573
427 875
425 510
899 365
396 1099
309 213
228 428
645 812
252 281
991 431
759 737
643 962
1058 672
246 1054
152 867
118 861
574 519
1 1198
627 1013
185 1109
1010 895
477 927
230 647
1080 676
636 1090
87 244
510 740
588 101
766 351
680 436
559 570
1010 504
1188 7
799 972
911 60
446 241
813 170
514 379
140 208
969 377
344 675
830 748
1054 137
81 1090
944 962
772 870
1175 584
819 493
272 58
480 929
1101 306
852 451
1092 322
1107 262
399 673
851 292
63 423
184 687
1168 879
1011 675
772 118
37 1026
1032 499
471 370
689 699
871 366
828 788
275 630
128 817
591 266
991 777
1134 203
1125 277
313 1184
398 163
416 584
914 1078
182 86
897 584
290 605
550 629
55 1156
286 1103
817 695
290 542
1036 537
410 1070
337 722
452 637
761 14
432 450
784 856
780 935
947 946
218 167
1113 955
1027 1189
900 1065
594 62
472 992
448 163
82 122
108 890
1014 883
1094 1175
692 881
47 1014
1126 207
1016 1069
176 420
332 171
639 888
13 105
1054 150
1150 350
1161 703
1015 440
1190 1111
581 844
886 817
1015 1075
212 583
1148 1180
460 820
649 554
747 1027
972 685
271 1075
859 327
209 229
124 1132
1196 389
650 285
88 28
1160 836
893 835
392 369
637 351
1020 293
184 802
87 741
1049 905
371 183
686 787
821 469
394 315
149 1168
190 479
1070 429
85 101
772 838
996 1121
920 556
644 481
1153 315
54 1018
1170 1090
385 778
561 1125
870 1018
541 1070
184 876
974 802
869 341
1075 461
381 424
610 428
492 353
850 948
598 543
846 282
852 960
255 252
936 454
387 180
1089 349
364 340
155 870
60 1061
1190 883
350 239
493 54
210 424
1000 599
260 269
92 935
110 543
263 929
486 422
1151 260
1068 517
716 590
215 946
886 317
48 1092
907 42
70 723
781 1028
545 846
199 137
1174 299
1067 653
770 697
368 83
1157 359
758 664
461 804
264 469
17 637
990 262
628 410
1133 83
1180 949
1117 8
1168 852
122 1079
1051 131
692 910
1091 130
769 868
1141 226
369 433
1130 172
1014 605
129 900
901 486
665 830
547 451
412 455
431 924
1029 890
692 25
243 1138
1046 288
1092 453
391 347
214 1177
441 179
864 164
1026 161
814 36
2 1136
745 1191
879 557
678 98
327 127
863 497
309 1170
131 1052
503 682
250 51
126 168
484 491
772 911
314 2
1161 960
1127 626
245 1140
431 753
918 544
693 1111
602 0
514 376
894 400
448 429
236 525
440 1145
877 934
130 624
821 531
201 517
1004 437
183 761
955 147
222 672
1031 483
516 198
339 37
758 1104
565 965
1107 484
219 801
810 1151
802 1042
610 669
140 91
814 656
481 243
668 406
869 326
578 510
500 211
540 681
197 171
1009 794
534 392
634 126
802 847
841 1161
449 396
779 1026
391 717
105 788
656 742
66 727
951 751
939 396
7 67
956 1132
542 224
476 942
334 344
685 1033
416 743
192 254
325 265
721 158
578 208
1110 922
1016 584
1174 1156
895 763
429 245
328 290
760 369
28 507
380 199
724 206
1064 975
353 611
308 171
93 425
164 216
366 917
449 1025
611 812
585 134
218 693
749 349
1002 1196
894 1142
472 168
1136 727
417 289
1185 607
830 511
892 615
244 993
170 579
163 714
343 979
1042 3
1165 438
638 907
693 1057
1061 1141
1000 297
1049 818
861 799
171 55
963 861
226 204
839 153
941 748
26 988
846 139
1165 100
42 735
179 393
31 587
1096 921
401 227
1109 8
393 1102
433 144
583 852
313 1110
698 815
871 619
212 945
1036 127
264 478
328 503
519 1074
439 21
464 785
1041 920
77 647
783 1150
267 1177
625 977
201 1079
858 126
1110 1108
480 789
384 899
874 776
763 552
336 473
536 226
822 537
466 695
329 752
30 910
1005 406
557 321
527 545
209 938
811 560
834 564
866 857
142 209
532 1190
862 990
198 16
1108 406
530 99
49 876
438 554
399 837
1087 1012
1029 804
225 934
639 1008
400 857
1 659
804 1044
1009 380
836 863
453 436
577 78
239 483
334 677
51 321
866 531
232 363
116 492
856 1048
1143 691
874 439
958 163
775 460
963 910
950 77
374 601
1134 916
1027 720
549 332
681 1105
1162 264
441 529
454 1194
882 1186
851 677
661 658
725 1066
643 306
685 473
93 681
371 680
1063 79
81 1107
619 140
101 1043
835 307
1037 1072
909 36
884 1176
368 720
850 508
252 750
468 704
630 915
648 836
122 437
949 542
489 344
864 1112
406 54
709 108
867 150
1019 514
823 1163
256 133
61 139
1173 897
402 37
609 656
46 1155
189 514
889 124
229 397
205 170
650 478
1069 785
866 108
1194 880
514 512
371 117
1026 1052
976 333
1105 1160
904 944
30 34
1117 976
278 892
384 528
858 409
987 972
115 1154
1025 570
486 666
49 1072
249 1041
578 562
831 1175
1042 522
1194 386
1157 643
687 894
450 922
956 609
612 620
544 647
117 464
926 884
875 965
147 834
1197 559
48 170
965 1008
242 563
132 838
406 893
730 408
873 433
1116 334
584 188
511 117
490 465
823 175
215 489
50 234
481 550
621 1049
373 727
648 417
941 52
1049 321
1059 768
982 130
782 737
886 207
391 613
298 1079
289 171
132 645
411 557
844 1059
870 1082
989 1006
451 754
428 1095
528 406
329 1100
1024 560
75 1184
246 196
0 1002
1167 529
934 277
295 107
880 833
551 133
527 1133
727 618
838 868
166 1199
853 344
449 507
957 659
435 875
267 193
41 1105
626 396
939 300
824 662
248 1071
508 1155
1135 1177
140 579
62 388
320 741
353 815
884 781
1130 834
171 1018
815 778
553 530
123 1062
638 391
191 1140
843 961
1133 142
646 672
1152 396
141 541
718 133
276 365
821 814
1115 879
141 181
97 607
777 1045
528 12
595 931
28 686
1132 513
253 1147
931 751
860 752
570 585
653 1198
887 970
1145 387
509 181
661 252
1125 1158
1193 368
1052 565
555 360
195 403
448 420
662 157
132 489
540 598
982 470
144 1089
183 312
1194 136
281 960
639 1112
378 1003
940 232
380 86
144 837
189 818
575 985
1031 606
109 1141
719 733
567 956
1020 105
443 645
435 1036
464 917
814 897
342 521
410 750
240 1176
491 75
479 640
70 1076
1098 537
1150 738
315 1111
414 752
50 174
758 817
838 108
1085 420
561 741
197 18
893 937
926 1171
517 1045
188 579
3 258
1175 845
588 381
999 602
328 417
759 816
897 647
1073 220
1150 1093
6 598
963 1008
80 331
429 243
17 259
749 691
705 700
377 271
872 446
143 385
712 644
780 392
975 379
423 136
54 504
395 228
1122 757
1075 263
34 868
882 699
209 227
427 985
1066 1096
96 283
599 458
1180 685
127 273
979 205
382 103
602 1028
728 994
470 682
927 653
1024 799
1168 759
18 519
222 316
51 905
266 1176
626 225
541 936
344 101
867 40
274 1027
219 1097
1105 60
638 726
651 678
237 494
451 307
820 470
934 177
763 599
774 489
1031 730
121 582
2 89
1085 331
591 840
484 1090
371 341
1034 81
476 756
904 696
1020 1140
792 4
819 769
144 87
1170 306
899 67
564 68
66 144
799 928
354 4
1020 962
975 433
276 741
1065 1171
106 332
934 1130
425 890
2 741
139 847
302 96
183 420
1159 1176
855 866
95 1066
926 871
1066 1167
410 97
736 577
95 1169
400 60
156 1001
129 533
18 176
849 881
440 846
758 531
422 716
421 1140
374 427
663 780
345 878
5 137
463 286
726 293
912 222
161 660
1023 360
1186 664
679 1149
563 1140
227 1166
1176 719
379 805
462 362
547 90
136 1067
198 1054
1091 627
940 755
866 767
633 835
608 711
797 355
493 470
442 40
731 893
406 117
711 150
136 309
143 647
910 370
1102 92
337 546
591 460
950 715
615 351
990 835
344 1143
634 790
1087 607
632 381
290 532
664 637
1140 1013
135 623
504 350
270 856
255 173
434 1186
555 667
1002 728
895 911
958 568
747 543
271 834
607 1080
991 964
162 261
824 20
284 389
453 548
503 127
926 1143
497 197
262 1009
351 910
1193 1118
205 479
116 490
1120 1155
104 1144
700 361
297 487
30 403
706 85
279 891
761 590
1105 170
1106 788
704 144
622 188
544 1048
682 379
512 958
59 1169
322 241
880 492
397 409
80 291
693 115
195 521
127 1061
173 742
650 259
705 269
247 262
616 930
1185 906
1044 631
265 281
472 680
1029 923
782 1136
1037 767
1039 435
36 677
393 967
778 827
866 1140
815 348
506 1155
181 594
1101 299
625 1106
858 45
811 94
898 1068
160 397
1124 1041
523 662
782 840
758 1141
455 388
518 881
62 476
828 1049
871 568
525 171
432 287
468 831
176 832
970 309
1066 1178
776 537
516 538
947 1094
877 603
432 479
1137 154
103 453
629 319
259 814
758 458
150 813
941 230
1127 749
120 285
17 1183
658 1149
221 926
944 1122
514 407
758 291
80 554
208 1186
862 792
5 687
844 1087
1030 980
786 1083
619 227
16 540
569 369
832 727
9 777
1154 863
1173 78
993 255
51 1126
1019 1151
164 496
233 1181
65 1164
1095 767
1051 97
369 417
112 286
525 566
821 162
487 745
26 793
85 579
449 554
882 446
163 920
222 194
971 535
1159 679
273 955
137 273
598 289
421 410
749 588
472 488
415 678
864 275
304 550
532 288
11 590
494 978
371 1063
616 5
324 1192
122 970
963 762
25 55
998 1182
820 676
581 946
1177 626
885 390
239 222
869 548
480 982
811 689
82 626
164 847
922 1143
36 517
701 366
1114 763
171 372
1087 798
738 592
177 573
176 1023
641 1127
742 1114
623 578
78 742
30 445
1048 820
512 723
856 46
69 809
60 502
72 362
963 274
1023 93
1172 475
790 747
225 108
1099 1033
1147 226
501 58
685 684
227 216
171 214
1121 510
619 365
615 122
1132 6
21 610
178 1083
942 704
669 33
583 747
974 653
211 402
819 1024
855 871
629 137
591 447
1168 49
1014 2
372 592
829 705
832 569
946 873
1051 465
1138 37
796 1048
493 706
1161 962
1116 1162
374 657
566 542
342 370
1077 848
516 166
1140 482
300 410
882 1027
162 93
795 1004
325 480
1061 1000
917 665
920 1070
1138 189
244 990
834 1032
578 1095
238 1076
447 718
18 773
816 454
820 591
201 719
954 692
1187 848
914 436
75 1164
406 518
441 17
21 905
185 85
649 896
1191 1177
310 390
837 1054
633 577
639 1150
366 713
7 674
758 448
369 67
100 1013
1085 782
1111 345
443 483
469 941
278 987
782 205
918 641
680 509
519 241
724 404
804 1
125 344
1166 719
611 481
993 749
643 1172
284 238
481 27
981 714
69 555
372 644
896 147
77 270
661 367
422 836
1026 484
837 1171
225 215
1075 1133
825 322
613 122
851 792
537 625
17 317
233 586
913 932
185 529
294 901
782 781
913 941
443 965
971 149
1045 488
519 503
797 285
174 583
58 86
1025 720
37 1158
550 385
8 527
1045 604
286 1036
872 429
637 771
1103 199
292 289
494 764
318 821
1067 874
114 916
573 613
147 537
346 23
447 314
867 237
956 743
520 1076
1006 361
1080 1079
1 215
19 869
781 715
806 71
435 641
748 624
111 456
887 583
949 53
517 102
744 794
117 578
185 84
543 1163
728 116
787 843
180 807
1170 1081
1077 53
478 236
519 432
1134 637
925 727
786 1101
584 331
22 277
346 1127
733 419
749 1142
257 510
298 893
743 1174
402 17
735 222
890 143
20 615
85 151
634 772
1047 53
557 1018
606 620
1123 946
538 828
291 543
70 857
927 499
55 1192
588 1144
218 169
135 984
687 602
1005 555
673 904
664 229
399 642
815 711
453 1133
713 403
537 593
855 789
471 429
650 703
858 99
805 1163
1141 850
34 1
878 1122
684 791
880 24
1096 778
118 653
159 593
417 282
698 652
102 532
453 122
865 350
658 7
482 686
657 1015
679 325
257 482
1158 71
1161 766
964 861
1199 27
1000 191
1110 650
846 8
123 270
309 695
180 237
73 190
681 598
783 805
845 456
559 1046
1180 366
284 1088
299 1155
17 260
560 930
1021 746
849 336
721 711
522 856
1030 1038
865 521
1047 119
1087 163
328 355
1028 340
8 598
1103 486
261 668
670 269
741 319
370 930
599 1107
923 1191
398 271
964 208
202 969
362 569
719 519
264 1055
398 17
739 347
477 764
322 617
782 1041
1172 1028
60 207
398 626
696 135
348 1089
674 990
21 525
298 456
705 122
657 899
436 659
477 382
804 526
563 765
1073 467
376 317
313 651
686 446
590 475
153 399
187 1099
583 979
970 1041
419 590
76 806
624 223
974 1151
98 671
20 1093
425 377
1099 78
915 154
167 470
810 712
251 835
959 1175
982 268
624 505
1017 223
446 712
1011 218
747 763
185 511
249 262
271 547
661 686
1033 321
56 60
1020 724
556 104
929 849
1114 560
1163 780
657 805
1102 584
1164 109
191 375
822 1186
742 915
191 761
26 552
1176 1121
964 854
161 1015
979 626
62 1089
754 528
799 856
242 761
341 253
1076 540
84 560
662 335
682 628
364 869
467 147
730 797
34 634
80 691
967 639
31 30
823 1084
1028 932
622 3
1149 735
516 323
23 1167
354 921
832 903
32 263
817 54
463 449
251 634
36 616
992 251
1072 435
1100 148
709 1005
888 1066
1037 456
601 636
797 493
1057 1131
843 619
1147 365
405 1065
274 891
357 655
696 343
45 353
619 561
46 911
837 634
973 352
373 1177
360 810
1184 1077
457 634
269 1197
804 675
321 135
1063 769
557 250
926 1129
1058 923
420 428
715 1023
204 972
722 143
448 31
1046 1047
414 456
335 712
323 1147
462 1043
1153 418
923 889
696 222
305 459
866 366
875 148
699 1042
919 1041
886 1173
65 800
734 22
520 204
388 979
697 505
1083 30
434 546
884 138
1142 31
814 314
635 173
479 57
189 327
776 99
877 394
899 567
1185 1036
821 521
361 133
861 828
1001 461
555 335
270 62
890 644
1111 829
500 970
743 797
418 358
688 95
257 602
820 160
1059 1123
613 785
600 236
18 60
927 1025
671 365
40 1115
1064 640
559 491
93 189
842 1141
392 550
175 774
64 145
572 883
305 725
141 248
408 894
267 855
207 1195
1116 713
116 525
818 253
432 660
865 98
292 136
1128 742
973 257
801 731
1088 675
1011 458
769 141
427 282
1162 849
206 697
1129 883
1157 401
445 352
285 966
412 715
1033 315
632 561
466 902
965 111
869 367
213 107
1147 70
569 845
1012 964
663 867
9 601
100 1136
228 503
8 1111
468 821
207 331
285 666
16 548
592 1109
260 81
285 670
392 630
376 443
1129 575
218 421
691 317
542 43
622 38
30 1148
788 515
1182 712
768 873
64 684
1070 1001
992 902
957 463
956 250
451 487
68 1022
189 299
2 228
709 727
200 342
428 446
240 27
810 1071
948 983
418 607
784 149
773 146
359 94
199 194
413 1192
761 443
57 541
1130 1054
299 495
400 237
504 324
899 273
789 991
116 775
92 792
576 1034
586 1119
1144 141
305 284
188 704
587 152
1166 388
614 983
1195 190
675 392
1144 813
327 309
552 809
702 772
655 287
460 1161
471 779
1095 602
123 137
1015 710
544 324
463 1032
720 740
368 403
120 1057
581 1051
24 782
34 498
430 163
135 51
996 93
702 416
974 658
497 723
495 124
264 73
713 310
764 1157
66 657
1067 1191
577 977
1161 915
1011 979
962 1123
920 852
968 987
1099 116
256 324
343 282
48 100
961 103
761 875
421 137
747 957
665 645
492 1198
880 254
793 702
271 452
263 701
494 538
1091 1077
870 679
913 404
1067 462
466 893
1096 574
258 1197
1194 1135
249 81
880 365
144 1068
320 568
918 5
829 1092
842 1174
657 568
798 836
215 781
134 1192
362 555
1042 784
723 652
44 532
1154 959
425 155
674 504
265 810
1153 772
57 315
1190 1150
1029 911
119 720
1195 639
1159 244
250 972
137 901
514 1151
587 519
1193 227
135 470
772 254
532 977
594 728
621 522
264 839
260 597
751 699
632 903
201 414
772 182
994 1132
45 541
438 56
627 1146
948 1150
108 201
584 403
624 809
610 834
912 290
646 965
74 787
92 609
661 955
612 724
616 848
33 949
874 1009
1140 281
922 1161
1073 802
1068 1056
501 506
1030 650
741 40
189 353
899 171
815 269
593 227
806 959
193 924
840 896
146 1001
990 254
457 1024
311 102
796 442
510 3
752 743
1116 943
1109 557
59 908
820 491
1151 144
389 843
613 693
1111 381
372 733
469 955
32 331
382 1116
474 1162
380 948
560 1036
459 807
302 124
592 1056
176 752
245 853
1057 372
1004 811
999 1106
1070 964
1197 1072
1134 363
905 340
105 1025
1119 425
886 324
590 747
852 327
1005 996
5 460
314 297
590 874
399 855
653 474
936 764
218 289
791 197
968 713
934 164
461 506
198 635
347 218
1030 525
936 583
598 624
5 364
1122 311
677 263
537 270
609 743
410 10
5 188
506 242
418 299
705 626
158 1129
1006 940
632 1042
646 39
872 1122
774 148
1127 528
238 268
542 818
4 284
651 1091
5 753
346 784
1101 1067
796 563
1032 958
344 342
1110 100
57 350
716 968
815 101
437 450
506 299
1105 249
383 1018
862 31
860 799
421 1015
78 999
165 801
490 901
311 80
862 676
718 279
363 646
319 924
536 853
1175 328
1109 582
218 481
62 418
454 1124
58 579
1115 251
1011 982
645 189
55 421
674 139
780 1187
580 964
1196 972
1036 88
822 184
272 251
1072 461
704 249
586 1163
935 752
1148 1023
39 410
595 1004
393 142
834 894
875 798
1142 194
649 617
628 659
637 150
409 716
789 1141
1159 795
414 913
921 126
421 25
352 1076
834 720
926 1056
588 865
274 813
560 504
956 456
1036 240
222 946
102 38
875 211
138 534
155 730
366 598
492 742
870 419
1137 504
948 1159
1000 825
1096 1122
320 164
385 581
891 105
1189 1188
458 512
15 165
843 960
427 166
875 863
134 416
1160 345
40 630
481 91
789 225
1010 194
1108 552
376 776
143 718
567 115
881 982
982 215
7 1130
483 1162
54 126
1173 662
718 47
148 840
850 871
111 331
758 868
148 1197
295 218
35 836
117 713
391 17
265 853
57 804
1189 724
775 855
1080 532
621 175
241 497
723 539
564 555
850 364
1141 991
713 571
130 469
315 963
47 289
913 997
811 942
844 942
510 825
261 789
402 667
202 529
708 1180
1124 185
1169 126
48 1031
196 903
778 1023
873 808
509 714
808 856
902 83
1038 611
961 899
981 293
1116 1054
247 1166
1105 400
30 122
1086 1095
679 13
815 321
605 296
38 1136
1186 306
1106 401
650 46
945 979
639 63
1011 465
764 979
468 1012
379 1019
690 859
439 956
61 675
842 10
943 62
344 102
865 269
218 1155
492 565
16 629
212 268
632 758
1161 678
334 478
1083 1077
260 511
88 1167
1171 1099
114 690
1080 1053
317 216
287 754
164 133
349 949
691 462
718 619
1187 142
62 1151
219 255
649 960
1014 459
1047 195
888 72
94 535
873 844
1032 1053
11 921
135 555
857 1040
141 560
139 764
636 1063
925 51
629 750
226 710
892 1096
1073 929
607 823
828 893
1161 644
339 141
1042 353
396 1003
734 861
567 718
195 392
850 1086
567 451
327 891
368 73
648 668
620 666
361 961
1050 1054
85 290
774 270
781 535
610 352
387 69
248 1134
506 746
714 702
324 947
412 457
355 1030
322 551
863 613
1095 950
1169 631
747 388
790 966
55 769
709 726
227 126
597 714
1082 900
807 1013
817 215
530 1161
627 785
847 1183
760 696
894 576
139 670
1110 251
134 689
717 467
866 359
65 330
958 895
113 128
925 21
257 298
817 628
534 896
441 706
186 85
967 168
1195 1161
1150 1010
1116 292
176 495
1015 1102
356 196
424 518
391 749
784 945
991 287
1193 153
11 1001
1028 780
89 610
217 127
1070 111
1184 404
3 786
831 647
417 214
734 452
935 756
165 1021
22 730
1006 375
1101 449
882 783
145 853
206 611
412 919
975 576
483 17
174 834
509 535
185 941
1179 628
372 967
826 59
557 1004
760 498
117 861
94 456
48 742
428 1004
558 1096
795 674
1184 65
817 676
391 1199
805 743
225 470
278 965
322 694
1140 210
264 723
497 1023
841 1125
315 877
1144 161
850 1035
51 43
928 118
741 165
1076 395
747 996
377 970
218 205
855 424
282 936
539 509
752 575
624 450
311 338
1089 508
1172 1169
657 525
648 1118
562 850
292 1170
254 323
714 162
835 977
92 385
1163 400
287 325
1115 283
994 450
708 534
568 395
727 858
608 225
590 292
529 188
195 1036
7 1058
224 507
385 432
805 1149
939 674
317 432
730 300
879 1129
1099 557
19 1165
1174 457
79 636
446 1054
192 1138
267 75
1024 938
737 837
363 811
27 367
686 1121
631 156
125 546
193 670
495 2
1008 602
196 250
314 85
101 1086
860 1061
797 913
843 1129
911 860
279 531
477 702
639 114
424 1072
1167 61
1077 479
562 830
182 46
1057 352
1141 723
1183 162
192 1067
568 652
770 850
480 1117
772 659
833 873
341 907
528 294
1178 967
447 606
763 334
1163 1110
780 150
936 342
1085 11
682 1196
981 671
935 912
949 71
954 1086
665 752
816 1143
302 118
997 1131
1145 23
836 1001
1159 45
56 1022
808 252
291 574
388 385
852 105
1050 917
294 1096
1117 1164
874 69
506 691
614 390
577 764
332 748
703 686
620 657
311 594
794 31
344 149
1043 864
456 1132
572 1115
393 361
708 805
138 657
810 85
1050 1100
516 147
725 1150
292 380
304 578
31 192
1155 75
439 184
1146 797
1196 1119
1073 356
1134 220
156 152
330 265
563 393
718 1030
1114 697
1114 787
491 209
71 1093
70 793
547 893
557 427
536 955
451 383
60 1098
9 429
26 29
220 504
587 880
599 959
49 705
142 661
302 744
989 1122
842 156
410 585
740 1142
901 980
816 198
554 417
124 54
725 789
1008 524
702 405
9 520
56 387
42 255
825 132
139 1094
960 47
601 859
895 363
993 765
1011 612
1056 262
500 268
287 1162
1002 987
1161 236
1025 940
1112 253
429 704
873 634
1094 792
752 545
949 66
689 1050
461 269
657 630
1180 383
591 112
197 452
5 1000
379 536
883 830
488 870
931 369
1163 39
433 957
1068 989
578 749
820 809
278 134
57 1175
1166 862
524 463
400 841
41 970
303 582
7 1186
537 859
1056 984
445 151
995 1193
179 659
182 252
326 996
97 1179
211 452
1040 528
955 804
486 782
298 472
658 155
21 513
467 207
420 361
402 772
454 797
458 600
677 961
17 152
641 796
650 583
803 233
255 59
289 38
1102 255
942 133
695 1047
1017 306
52 41
260 464
1155 1041
584 649
1160 334
168 1038
1170 382
645 485
78 1031
845 101
350 201
1082 874
1134 232
1043 655
1188 364
302 1092
295 662
832 150
316 155
271 658
912 696
1034 1118
12 449
766 85
702 1043
306 330
795 597
250 995
200 215
1029 778
75 475
142 832
109 711
697 130
666 312
1160 1116
93 705
610 844
1010 386
966 653
674 993
251 1179
987 44
529 5
1037 234
816 760
422 12
859 1012
187 42
1064 519
337 23
487 799
247 168
747 651
201 237
1146 1151
29 1080
612 184
746 339
964 1079
870 428
140 252
1058 602
189 1051
434 740
88 24
1130 1065
845 1075
457 887
833 680
484 717
131 425
50 628
1091 738
776 366
401 455
931 311
878 696
1102 212
1177 1145
56 1103
626 98
96 383
158 371
505 1048
431 1079
878 48
869 228
376 848
701 736
999 227
62 786
538 322
161 982
528 887
798 163
566 507
27 1192
256 772
460 881
108 1024
214 566
130 309
50 331
1199 8
756 353
293 27
1117 46
860 1125
567 113
381 168
398 372
460 693
739 824
884 1028
535 697
1104 131
559 907
88 828
969 796
944 1013
192 849
500 70
71 1100
494 1034
917 558
123 695
291 452
290 507
1168 90
918 1084
786 468
345 958
936 886
35 163
897 504
618 214
636 593
62 450
983 580
415 958
1079 610
640 1076
430 1151
100 660
725 801
282 1153
713 829
811 642
170 884
190 138
238 895
137 300
288 159
1192 504
759 336
765 98
1048 399
112 796
713 332
888 1110
713 643
550 673
690 340
514 16
701 434
899 1155
236 564
447 900
541 767
173 19
668 74
607 505
29 236
1019 210
668 474
1028 459
126 934
368 176
271 323
963 411
1064 959
1093 542
769 1154
753 1021
678 453
964 1077
177 236
1042 266
761 683
199 54
177 591
751 113
487 844
374 556
1124 675
470 37
85 779
571 925
373 824
1007 752
958 517
483 372
155 306
449 588
223 671
104 536
539 562
191 1091
515 1023
169 698
761 168
1059 846
103 927
1069 263
85 912
689 695
1107 160
591 540
493 1135
224 1093
1162 573
515 714
98 317
327 13
621 286
1186 230
786 885
839 52
1131 508
221 1065
278 482
1125 141
192 1078
434 689
423 927
992 926
518 503
800 585
1063 132
252 342
797 56
682 875
753 319
823 271
239 357
297 1167
230 860
31 560
823 910
1151 85
697 167
770 112
351 18
991 465
1104 617
1183 503
1142 242
81 853
1154 439
1055 951
130 482
468 826
152 252
231 723
670 418
772 1173
128 1089
951 1174
670 569
762 509
483 1072
578 1175
65 927
616 367
385 1030
392 734
367 63
590 986
58 410
713 1192
359 597
576 109
809 922
898 262
738 776
756 137
105 1119
502 903
1118 568
1174 352
879 1158
537 606
276 1187
751 740
756 218
393 13
664 510
10 1195
887 769
387 444
129 709
984 737
140 701
299 571
466 11
125 1132
250 149
94 177
985 1126
509 275
257 937
36 74
877 697
332 141
714 969
433 350
975 310
1141 967
562 881
231 1059
650 86
169 222
105 1194
1149 484
622 905
432 8
787 715
1177 948
1122 430
313 397
398 415
333 477
610 392
239 750
452 953
746 615
400 936
25 443
1124 664
374 393
279 310
1118 906
437 1130
1085 283
865 505
337 959
524 441
839 314
58 1013
486 432
136 928
1130 742
650 457
1036 991
18 1039
981 329
222 252
706 583
975 256
583 1012
181 174
1196 1084
705 146
110 529
939 278
806 678
588 202
887 986
243 722
311 290
391 795
385 1112
852 773
1195 657
141 743
466 1036
1079 1021
693 739
423 614
60 1048
89 27
220 974
105 12
647 400
800 1019
754 497
9 82
431 999
570 976
982 1179
1152 1008
1039 179
696 1003
453 600
722 1173
90 454
822 606
218 802
110 388
865 793
683 2
174 1186
162 723
978 895
418 811
1109 82
563 532
1007 1032
706 726
200 695
17 20
543 606
911 23
1027 681
115 173
1124 931
441 3
875 545
164 1182
872 842
759 896
771 155
1085 528
801 787
543 378
574 517
865 1054
10 924
954 640
372 893
891 302
932 1000
946 944
529 534
859 375
401 923
1031 47
984 664
462 330
506 870
13 562
512 573
234 1105
197 518
700 119
890 995
737 264
169 260
850 511
783 35
364 36
882 852
744 748
587 198
997 37
782 463
603 85
802 712
520 731
459 674
1159 612
405 1186
337 218
178 810
464 456
1113 1171
42 1087
690 197
10 1081
384 374
765 315
420 190
277 1031
753 572
563 126
84 462
629 624
908 90
630 960
1177 943
81 524
787 198
443 797
75 908
987 311
1115 336
618 45
972 984
344 182
1174 424
940 1059
443 759
406 226
785 777
689 374
1041 355
892 321
181 538
409 210
273 842
335 596
337 750
792 907
562 591
166 229
333 67
747 536
316 977
1192 890
1068 34
125 338
731 296
1017 514
43 326
1176 272
659 14
631 217
981 57
295 44
1172 465
235 1133
1077 455
159 733
1170 444
766 294
930 191
396 1140
849 522
1021 998
962 545
777 998
64 596
894 169
1058 655
772 843
121 130
547 1173
905 874
213 87
200 402
125 348
605 539
61 1125
820 1133
400 132
218 697
213 711
706 395
1054 189
943 770
915 821
881 1190
652 265
101 670
296 37
617 280
385 790
516 246
718 174
310 686
145 373
335 1177
992 1120
1104 839
299 557
676 40
446 990
615 230
1074 55
149 139
745 1193
537 1001
460 679
480 1193
285 905
1104 307
909 919
1101 384
581 933
89 81
948 153
613 1016
1150 891
567 760
1172 890
1051 1011
894 35
162 1150
569 711
795 53
869 509
330 363
1005 724
109 619
68 1082
413 218
39 588
64 683
303 152
39 665
309 894
989 846
463 611
39 1007
297 75
730 691
977 1191
857 740
371 746
571 380
1101 57
195 312
191 765
1176 392
516 716
1123 868
288 114
668 320
959 375
975 1195
1086 214
537 761
1095 612
522 385
1001 877
1170 811
141 85
1029 859
1064 296
1155 322
103 1164
399 65
954 849
766 1012
1124 834
584 262
32 487
761 852
522 514
1162 749
462 857
821 477
1124 440
802 31
892 196
552 673
373 1146
98 774
318 361
590 302
543 551
897 786
944 538
345 408
73 9
175 1116
682 301
940 965
341 1143
492 72
825 90
906 951
527 973
553 581
677 478
1051 1188
791 585
89 260
1018 1074
866 67
849 578
725 625
131 392
235 76
62 41
515 917
615 333
542 281
1168 215
154 664
241 2
293 902
592 935
1183 291
446 1095
1001 626
1005 201
455 820
805 733
1183 768
451 508
479 674
21 526
257 387
300 440
858 754
1049 276
736 535
569 680
1039 99
991 265
550 253
665 840
75 728
267 424
572 520
1176 521
734 525
349 466
286 16
655 554
89 236
1137 1144
385 237
353 1084
658 518
1145 1022
912 441
623 692
760 370
704 1114
604 9
1133 1026
1118 720
800 185
365 1137
848 797
426 530
735 1078
636 1132
1014 552
148 382
171 714
1097 743
526 361
676 586
250 79
921 25
1063 627
815 1150
83 206
868 1176
1160 647
768 1182
782 275
471 836
280 965
704 1005
649 808
758 1105
595 925
48 150
598 529
487 534
339 439
355 928
490 1005
54 148
1139 694
1046 1196
1117 429
949 874
954 88
899 690
1014 20
49 332
418 812
660 443
979 50
653 167
355 812
1087 416
583 1169
804 1136
682 86
543 269
974 502
645 958
435 71
1079 835
634 339
294 1054
743 287
158 810
18 768
171 453
450 273
929 752
891 817
523 76
314 565
296 1041
526 393
161 278
214 409
1124 486
451 473
620 291
237 1112
758 717
366 1050
1156 461
778 120
558 237
975 1158
369 596
553 155
581 974
723 256
603 1154
1126 1119
1135 288
725 181
854 939
270 1170
1047 1065
269 518
452 632
8 864
572 736
777 409
531 276
1148 217
707 955
471 598
1076 86
986 680
685 14
666 895
1155 1136
605 1024
193 887
1051 718
274 342
180 681
545 619
446 472
164 307
1043 676
381 1077
236 995
281 829
529 1135
847 933
96 1135
51 1135
823 455
752 395
69 406
607 1107
314 176
461 1102
225 47
115 1153
281 479
698 1142
29 994
1105 803
40 270
689 1063
924 1069
250 978
733 1038
1086 58
152 142
1119 849
455 465
581 625
329 769
158 316
399 210
282 465
59 547
699 132
988 592
305 857
516 352
613 1162
970 552
349 665
1176 604
1015 624
1004 934
659 728
1081 510
376 464
245 171
1003 1135
412 963
637 22
452 6
543 297
815 352
332 1145
1174 700
628 276
819 273
1075 520
819 331
34 104
719 262
698 643
507 790
729 296
544 229
250 301
106 1036
812 745
636 577
918 824
533 487
412 117
407 285
144 1111
757 18
1131 517
421 824
186 617
201 512
352 120
412 555
1151 549
867 937
24 1137
274 327
510 1027
412 165
782 575
545 1003
1174 1059
582 886
9 888
525 1125
261 1138
49 1117
1042 387
186 207
143 53
748 1127
475 437
192 159
230 240
400 1098
1155 874
234 598
12 11
1097 601
1067 979
702 348
1155 804
271 287
741 698
95 1151
330 542
321 31
544 27
133 151
975 628
841 94
344 56
1048 30
278 87
204 837
342 998
503 97
1162 764
374 1111
494 55
1154 961
508 642
576 873
799 436
199 23
737 1145
321 386
13 45
11 591
477 782
488 1168
152 700
870 594
1073 273
22 123
722 181
1010 986
964 741
551 652
11 745
703 186
356 745
1066 941
760 349
138 599
459 414
10 134
578 582
231 840
195 979
1121 385
519 66
1177 475
203 1098
969 700
653 531
1017 312
372 114
418 1056
341 1094
715 123
712 312
337 529
461 81
3 275
312 119
385 1026
932 925
463 691
193 394
977 698
923 8
774 161
156 125
1094 508
325 362
889 920
706 551
108 537
711 127
458 210
875 93
852 645
1159 359
790 418
944 361
449 1146
416 1072
330 971
589 938
1182 775
245 998
115 751
835 151
827 414
621 367
1100 995
617 813
183 153
219 1065
98 180
813 965
1028 54
854 143
85 273
1162 818
1006 1182
1039 473
991 266
1197 1106
133 699
456 493
1076 987
851 136
342 460
69 928
763 759
61 1076
427 417
295 92
412 928
775 423
1137 542
5 578
392 172
775 356
398 10
342 622
157 1060
14 228
1057 67
1031 1107
156 296
790 677
349 284
57 139
1196 174
131 1066
528 603
263 538
111 825
1098 646
125 1141
932 1090
369 1120
829 146
520 687
163 800
973 1099
510 856
1043 639
959 943
236 1005
892 928
355 253
779 464
1069 15
417 909
234 1001
658 649
391 614
86 250
1027 853
257 84
1038 218
445 1018
1066 1157
281 556
565 767
260 859
746 639
678 842
585 191
163 785
782 980
992 1113
354 1081
1029 883
333 323
391 666
890 980
925 314
814 1166
172 971
532 999
596 1002
148 532
747 1112
581 675
172 667
293 600
885 913
389 862
810 1087
968 86
129 577
652 796
1153 895
267 631
413 152
10 577
222 727
1021 312
1074 560
689 121
678 1186
360 964
1182 25
89 185
890 754
475 1013
1196 128
293 1168
122 1114
28 962
478 1179
554 1080
332 819
1064 868
64 1042
975 326
690 998
480 254
1195 305
848 359
1008 884
914 470
175 386
9 133
138 967
1013 925
617 309
918 543
96 1145
523 137
983 33
181 40
1058 1085
73 525
921 112
937 180
644 429
456 127
739 813
313 862
832 1145
310 1109
460 103
844 557
826 827
102 386
974 86
178 622
852 647
484 341
771 665
640 336
695 1033
1137 1192
444 797
371 595
593 1195
955 593
483 284
104 571
884 816
34 467
420 465
968 371
1166 998
358 940
978 1139
281 697
501 15
878 464
963 419
873 520
1043 683
1114 1187
477 224
758 165
762 1154
771 1139
855 692
92 635
1072 268
834 335
425 751
104 909
838 996
809 1180
182 902
739 129
718 860
562 359
1033 1162
960 313
867 72
1099 637
865 49
622 750
936 669
163 59
71 401
584 964
159 52
441 377
694 1047
763 36
937 53
377 927
308 338
229 1153
782 687
881 405
657 317
765 924
527 1004
881 813
720 941
664 633
346 1108
924 597
947 343
390 932
610 591
1 449
280 1097
571 868
577 448
1090 610
10 75
396 894
407 402
855 284
860 158
556 403
30 91
545 436
299 327
1051 1197
702 196
220 223
777 1151
482 775
434 954
1091 883
282 10
927 332
520 431
63 451
163 1026
713 422
577 551
908 505
297 1050
834 1062
634 734
426 1070
341 849
160 150
487 469
768 411
1094 1137
707 894
444 1115
569 537
513 423
330 127
525 369
936 1108
469 431
966 1051
303 359
169 63
1130 698
553 666
240 293
535 729
29 290
900 1041
287 634
934 847
283 352
1144 217
954 358
330 699
804 1162
1102 1145
545 986
1078 909
981 729
32 413
711 233
243 334
355 293
1175 141
1037 990
965 37
659 122
150 533
1022 1086
298 205
725 33
990 899
859 475
1125 760
489 862
635 505
732 65
416 389
1046 1123
993 1157
693 59
658 1087
55 582
726 1139
866 817
1006 360
155 386
239 1192
826 652
158 1121
630 443
105 1073
552 766
208 354
390 262
482 180
445 77
1153 1097
1018 1087
799 518
1134 453
356 635
957 846
594 173
818 651
208 470
181 1064
788 492
451 187
160 1188
530 950
1132 18
1191 155
324 799
989 358
540 642
1185 1139
641 847
293 1166
539 7
885 818
289 725
120 324
742 1144
318 896
1077 567
599 257
905 115
260 785
913 736
671 143
375 62
51 793
1077 210
382 474
161 738
1042 1018
297 799
295 37
93 563
364 195
594 809
549 314
434 886
667 417
1182 109
238 645
788 1134
15 545
963 24
870 769
963 917
712 569
67 1079
670 549
937 685
1136 725
290 43
113 181
362 178
425 950
931 264
723 796
972 841
38 1006
957 930
528 584
558 697
1037 413
600 1023
955 702
136 205
139 1177
1 343
923 580
1000 393
80 600
1161 101
266 325
59 847
973 937
602 757
938 286
946 356
197 580
287 52
365 637
665 1024
316 1126
83 321
1120 395
1133 65
1176 658
916 318
302 391
918 509
791 407
592 340
1193 952
1088 625
207 894
415 1159
1009 754
1006 1076
846 759
114 425
982 899
389 135
766 687
877 376
303 712
228 980
1124 596
985 163
38 1035
862 455
685 533
86 1085
702 469
385 928
868 581
229 510
186 834
1043 1007
386 568
1151 18
1105 1186
1055 60
630 707
695 1002
474 388
217 594
122 801
906 926
314 175
838 308
964 263
543 296
228 1182
1122 793
245 158
1196 710
970 588
754 440
257 46
782 462
328 282
149 200
4 521
811 340
190 642
1103 709
731 94
215 903
24 460
303 633
427 1159
140 434
106 777
260 95
887 920
779 340
179 537
112 555
190 569
1053 1197
634 480
690 420
1039 178
921 781
328 1015
1036 981
86 1016
197 1196
1140 48
262 1111
371 504
550 1111
425 990
1176 828
82 203
425 686
701 545
833 717
525 341
584 170
289 593
49 163
920 85
212 648
597 832
291 254
371 686
372 609
628 389
553 51
1032 98
88 1067
887 683
470 158
77 359
488 151
579 434
125 871
133 961
1094 27
589 502
1142 697
252 173
940 457
100 405
450 582
91 392
1161 1194
358 567
553 563
203 842
241 1010
254 361
509 750
870 638
896 672
1161 1120
1082 668
1009 277
108 213
951 926
20 470
1046 34
240 383
970 59
545 593
237 981
376 804
1162 504
1179 859
1169 1174
796 739
663 683
384 541
949 667
189 539
1037 800
412 670
1169 536
660 109
588 827
435 1041
1119 630
336 11
185 1140
781 723
653 631
680 197
943 1103
69 796
283 250
1009 193
154 75
544 1115
399 867
53 690
1126 769
121 528
910 32
199 179
172 1109
676 53
87 885
258 837
178 545
534 123
417 1194
181 215
1104 668
167 620
78 25
909 911
969 376
195 21
1184 73
976 775
1016 820
142 257
1022 418
1144 452
621 527
1132 1002
809 224
862 294
204 576
929 691
749 829
936 294
1041 684
870 1065
675 1104
985 784
907 338
894 599
542 979
227 826
1031 661
484 1198
641 278
218 266
206 745
149 1055
687 597
841 742
1107 775
922 276
1155 718
1078 945
727 226
977 772
156 252
1013 734
292 268
526 1079
902 985
898 1051
841 1145
817 932
461 1033
1075 544
485 234
775 1180
124 121
674 1148
435 856
977 757
1067 592
1004 918
978 970
642 454
131 113
685 677
388 783
113 49
891 325
81 564
94 972
117 465
876 533
620 841
179 573
27 674
754 166
978 658
90 1154
808 1059
293 464
947 535
1022 1037
1076 772
1074 8
99 125
764 813
512 822
110 44
430 122
243 51
436 547
807 1047
898 144
172 1183
529 1048
196 1098
490 68
478 74
1167 12
1055 0
713 290
881 742
1015 518
365 77
848 696
367 448
453 1038
31 133
1098 176
1072 357
146 815
2 640
93 872
1002 1184
1012 472
644 950
123 959
460 889
71 307
378 205
1065 356
177 1084
22 921
839 59
576 958
483 273
1150 442
857 590
194 825
1124 1044
121 656
657 608
1082 559
715 930
673 447
830 1013
696 552
432 95
662 932
1022 1043
86 589
916 433
42 706
1023 84
440 547
440 528
666 92
1162 938
15 548
554 70
359 725
628 796
913 342
264 62
379 471
354 869
19 421
378 183
733 676
127 71
715 604
836 709
1077 428
258 309
1178 44
417 99
126 456
934 905
1090 125
468 1130
843 727
57 950
1153 57
612 1067
896 1050
753 856
177 558
625 1127
558 445
506 314
1134 491
1153 902
1077 184
748 603
292 552
871 780
50 1096
1074 505
1118 1044
791 1078
816 917
852 290
121 1072
1027 578
344 517
819 364
432 174
144 450
98 104
944 257
1159 781
1014 679
919 891
476 794
95 377
496 98
179 1065
45 248
1168 748
524 857
704 1148
161 206
149 408
482 630
183 1171
926 172
464 610
172 673
862 542
249 251
981 132
985 33
156 57
863 473
545 1112
155 1085
361 157
1179 589
132 790
670 634
453 1006
804 879
350 254
484 1157
125 506
124 1090
403 1144
779 268
1151 266
813 121
544 158
458 962
1116 795
466 624
642 168
393 693
699 826
513 378
987 355
914 119
1179 317
59 1174
459 976
152 124
693 1021
784 260
883 147
112 339
680 403
200 420
818 655
943 782
279 252
695 1072
918 162
980 346
1047 689
279 1081
1193 1119
1158 350
856 693
382 891
685 492
203 117
43 16
920 566
859 724
1003 863
734 983
552 291
689 1070
238 433
438 399
80 680
896 660
1069 200
908 814
127 90
436 1017
1102 913
446 426
557 573
974 456
1097 825
581 258
171 60
636 188
457 551
404 818
898 818
248 619
853 596
538 193
533 1161
1144 192
294 1024
1011 436
542 523
588 435
852 50
278 685
155 514
33 972
568 1082
794 736
781 675
339 1058
1162 144
821 17
283 880
481 630
96 646
235 662
11 509
944 36
732 764
211 791
125 215
981 855
980 713
952 656
124 597
109 442
413 42
945 1149
799 522
519 549
22 547
785 721
523 92
724 708
670 118
399 1063
443 815
871 1086
805 952
868 966
1047 772
803 975
891 705
1150 1184
198 30
936 733
32 151
14 916
916 1154
60 1175
453 764
1154 688
791 399
742 190
763 300
1089 925
286 39
610 609
1193 958
816 689
287 66
764 811
368 148
1022 1183
321 468
387 655
1171 1178
1036 681
62 936
758 12
1077 1194
589 1142
357 163
754 74
657 109
327 1133
285 1132
928 143
996 79
607 321
887 33
921 784
480 1123
415 665
76 1023
118 819
785 10
345 755
228 940
482 1040
1129 442
1195 779
1122 268
260 466
974 530
900 797
525 972
665 1097
294 551
1161 963
19 1103
141 717
1110 147
56 36
194 18
430 369
84 26
1162 782
253 113
276 808
554 47
314 24
212 1063
46 364
296 1128
245 798
15 33
824 138
656 859
1198 71
765 790
550 405
67 515
942 602
291 377
139 1103
83 1115
382 36
356 498
305 672
1103 165
185 434
1090 737
878 511
1146 846
1129 342
612 610
1058 299
13 225
632 627
439 983
496 414
467 883
349 243
809 1023
36 19
21 299
511 4
509 644
985 545
330 1066
118 42
1090 298
363 1123
1191 615
42 297
152 1058
875 142
225 1058
563 153
1139 196
49 330
963 472
744 224
580 490
408 461
450 90
358 264
902 282
602 264
498 863
379 281
323 990
316 1089
1172 542
230 352
614 773
615 1050
993 739
791 57
803 790
77 1052
436 750
366 959
722 728
557 882
957 120
196 597
1000 593
871 699
19 98
1088 1066
405 1067
773 405
349 467
616 973
1122 92
976 513
137 416
46 890
210 929
132 395
21 678
184 843
818 757
821 217
1118 446
959 697
508 545
768 569
703 335
253 1004
818 42
1065 67
130 1092
257 672
832 462
370 202
1121 622
233 206
275 698
103 1041
50 388
1141 602
161 1092
830 201
773 1160
807 801
898 230
467 1081
543 842
984 902
784 384
701 489
850 627
1030 1050
190 1123
722 32
770 332
1183 1159
88 591
888 250
921 796
27 1037
269 1021
1080 1022
503 306
281 763
213 621
329 675
393 406
476 633
566 707
160 530
663 418
933 209
255 167
47 1040
1029 250
480 788
16 929
345 115
235 944
1186 557
163 330
100 269
679 239
548 1005
291 997
860 464
181 1080
509 905
567 1103
396 1093
560 1018
990 726
192 580
938 287
1129 293
767 371
775 1145
546 1068
359 472
453 575
1112 1163
427 634
129 206
1094 850
670 801
263 131
161 520
951 977
79 490
470 1099
958 844
111 385
142 799
1010 973
334 939
991 756
1114 47
451 812
767 15
945 711
971 978
201 17
853 1154
730 19
313 810
1010 677
470 24
990 36
102 911
768 1126
473 909
1197 644
801 501
435 401
746 586
70 790
293 634
595 692
1115 550
1016 390
279 760
472 1043
824 919
965 1049
809 901
1049 570
903 166
202 166
923 148
195 730
487 135
814 398
566 288
329 780
877 1026
853 469
898 276
937 287
360 272
968 103
1076 416
820 156
928 39
848 1005
938 394
960 775
680 584
907 485
1066 55
540 608
438 552
59 684
996 924
423 396
839 89
926 908
204 1063
694 178
392 1010
694 772
152 674
1107 961
622 235
228 714
437 1108
1079 785
575 528
434 906
681 522
623 310
240 15
53 325
927 542
904 91
274 266
61 554
23 28
179 1087
196 252
670 292
1004 355
242 483
840 1177
78 531
92 1143
677 815
281 588
832 1116
274 194
858 517
758 328
349 956
455 84
1118 1102
286 1165
844 304
54 672
63 683
214 977
1132 679
1192 1042
481 325
1095 1195
977 890
316 899
789 757
38 296
1124 277
121 101
997 700
648 180
1060 117
7 175
128 918
259 785
855 675
818 1182
195 575
1192 234
242 520
738 1128
1137 850
941 179
926 708
1169 1147
40 798
942 311
7 337
445 722
414 558
1115 313
401 377
839 448
563 352
998 904
100 554
702 600
819 258
527 857
66 1056
625 1164
151 40
179 295
580 301
1053 80
540 571
170 163
431 843
43 1197
386 40
51 564
213 112
834 587
653 397
759 686
340 555
871 1168
775 219
195 224
420 83
1134 577
214 85
299 300
74 495
94 956
418 677
1141 288
124 861
934 696
353 35
251 407
965 1178
789 399
735 1155
794 356
98 255
916 28
635 97
670 415
676 168
968 31
1160 1002
546 136
1056 1000
1027 159
358 14
519 621
449 850
756 460
693 689
891 607
54 226
159 975
215 658
11 364
781 996
546 664
882 218
851 78
937 1053
1008 175
916 1093
964 412
60 6
1112 102
113 1176
674 348
686 102
23 1091
151 960
674 291
54 394
862 1152
482 344
612 134
51 1035
354 621
1088 993
740 376
924 871
372 1037
54 209
250 623
670 721
56 715
266 406
540 352
863 1008
985 455
799 493
981 753
406 497
550 400
232 113
1052 898
459 643
1100 895
186 857
314 1015
389 773
24 167
533 219
531 911
46 179
696 823
1132 70
311 1182
925 617
284 981
1137 189
470 423
651 1183
985 579
872 617
737 959
583 684
269 974
578 1060
27 984
1178 256
521 858
1037 830
767 136
223 1043
280 1138
319 179
996 580
803 788
197 63
521 1014
1108 1003
639 759
927 738
96 151
1046 500
109 249
771 636
832 570
1012 99
1006 119
828 841
256 938
775 182
1029 1087
1196 58
216 876
1180 891
154 960
367 800
810 906
344 126
769 689
1149 59
621 334
1008 1118
674 889
816 266
556 336
1109 856
986 20
964 1127
404 371
1127 137
741 1073
798 1038
19 354
50 543
801 127
904 56
963 225
1007 27
49 918
302 7
756 134
349 647
165 1014
524 539
723 755
260 1038
1142 380
362 90
904 808
175 627
939 1080
1105 1104
1030 660
426 349
737 563
702 278
952 33
148 450
159 253
585 812
748 81
654 495
941 172
87 71
1155 373
811 69
210 913
1149 466
495 386
1044 194
45 1166
24 300
544 898
1151 708
1055 189
626 358
696 429
86 429
269 971
228 490
1099 843
48 165
489 305
358 1015
599 506
553 1109
530 1181
1176 1066
160 738
316 221
528 1191
980 774
1041 44
395 409
280 536
508 45
1082 51
1180 953
633 256
250 262
1051 46
701 201
396 166
700 68
30 837
503 30
933 382
143 477
183 839
739 264
38 510
170 657
251 796
350 137
68 353
647 1075
823 571
320 791
120 825
1048 1197
826 1018
120 246
344 94
278 409
493 753
1046 779
590 47
818 840
459 837
649 143
721 139
85 250
690 1037
858 676
774 966
272 598
78 1118
637 941
66 81
877 355
1012 352
1059 726
848 544
63 996
1165 630
506 1183
643 796
876 1151
733 849
215 720
1142 857
698 76
238 1081
862 825
380 710
794 302
332 765
1064 976
643 720
1076 459
1004 769
1139 477
1107 644
251 129
625 716
662 804
303 912
287 657
778 374
388 152
983 442
134 699
1148 1156
691 416
1037 501
397 1155
574 458
924 143
484 458
486 33
878 835
1193 134
57 74
743 89
659 838
969 460
434 714
142 276
281 727
893 178
476 173
531 868
456 1113
733 627
1182 329
275 983
597 601
1128 152
833 392
867 31
479 311
702 1180
552 602
432 953
923 230
943 1057
76 977
265 654
704 25
516 834
1191 1189
497 296
627 208
961 509
961 682
151 954
176 892
176 607
970 36
604 1085
968 166
654 192
764 985
672 564
544 160
1171 1107
1181 1006
926 189
668 867
688 823
484 1171
340 761
744 1096
1175 1133
73 655
397 1059
12 617
954 213
149 580
788 534
1026 590
595 513
442 771
16 515
1098 644
1031 399
34 107
124 834
253 408
61 645
354 1044
918 849
74 39
1127 134
170 854
1132 854
89 142
78 73
80 969
874 1026
460 631
600 554
543 312
1149 895
1142 772
1151 644
975 525
586 460
221 1072
1054 1107
251 949
1034 12
417 250
436 133
998 272
660 323
516 162
751 690
524 440
753 995
336 561
877 485
302 865
854 635
844 130
361 368
149 1157
414 1065
496 103
646 334
720 329
101 465
1184 1089
720 350
830 290
585 659
125 890
805 226
888 306
693 1022
610 426
551 37
310 1070
31 159
969 981
946 405
20 363
569 108
157 861
417 438
980 831
1192 179
903 617
979 846
661 1096
891 653
1188 1086
996 21
1069 548
868 217
768 756
1141 356
127 374
256 554
774 545
862 571
198 855
652 231
8 860
313 189
651 702
414 1123
973 1107
879 1000
1163 13
1157 184
554 390
364 283
776 1052
12 437
711 132
1128 428
1175 455
453 346
945 457
29 451
993 570
489 230
1123 1
107 1048
554 1059
985 203
1173 956
1162 48
896 617
449 628
959 430
398 744
448 1088
1178 625
635 842
959 388
500 1048
131 168
870 904
259 197
720 290
1166 76
1058 861
754 603
1199 915
646 122
348 1079
409 745
800 774
381 728
100 883
939 928
1057 640
908 419
366 566
59 17
244 494
622 1189
1006 271
630 564
521 987
955 155
749 32
797 1060
973 552
72 113
180 85
269 224
1057 1001
998 443
56 1006
644 1114
457 56
473 966
557 590
999 119
638 1190
1051 921
426 473
973 907
594 583
1177 1176
1081 438
21 649
404 531
824 741
299 505
75 948
1065 754
1058 432
641 983
971 629
153 803
229 837
643 973
805 584
66 266
1069 381
682 337
68 542
46 972
321 791
998 135
105 727
927 190
885 82
704 215
1014 1126
184 307
865 51
544 1135
154 1164
500 325
305 813
955 1077
964 984
1168 1041
693 721
589 1135
1124 920
1182 986
1096 669
15 1112
315 547
588 618
1191 979
646 193
680 272
473 830
312 736
985 793
1142 1177
1111 793
1135 976
696 1033
83 600
218 897
243 118
1022 645
411 979
1095 1117
1192 1135
1118 1134
160 248
591 671
620 312
722 1189
659 1171
284 236
177 918
455 1193
183 891
1033 717
994 678
552 1096
1140 98
610 452
370 658
191 738
346 308
274 1022
477 195
1050 273
1081 339
956 1115
504 1109
114 99
1047 961
568 121
1022 308
105 1129
1066 862
580 892
127 1002
325 803
605 109
202 667
278 626
349 1055
57 1183
820 415
431 570
744 352
325 262
191 557
188 713
822 33
1074 90
370 543
419 742
422 196
954 964
658 1198
1051 765
691 155
646 957
400 517
115 822
439 918
755 914
500 311
428 162
446 469
571 629
1155 424
804 1114
853 703
1041 1082
64 1138
490 945
693 402
736 444
583 633
814 910
1028 1035
821 1012
225 749
513 331
1083 538
366 25
28 307
92 709
899 781
1120 716
593 437
618 300
508 28
985 260
556 194
639 346
243 772
923 842
1090 940
267 36
599 1093
155 473
210 370
498 766
1049 173
1002 223
348 1180
591 212
903 78
329 635
393 205
187 157
1033 771
204 628
280 770
1029 1173
432 235
841 668
859 673
255 1105
612 370
670 1016
461 681
987 988
1195 925
571 209
157 571
1086 704
990 1152
144 420
57 609
1005 918
365 259
1096 747
293 115
149 1001
662 473
428 84
1083 939
380 267
718 739
952 1041
657 595
792 1101
378 990
65 547
785 645
584 226
769 217
815 1047
112 322
787 687
1034 937
83 309
659 458
1046 716
641 480
35 681
462 754
1108 450
657 638
92 982
548 1118
634 541
691 418
756 194
1013 30
1133 1088
220 284
374 121
780 650
196 867
680 492
342 1175
648 1171
1181 322
404 1074
41 131
75 793
414 829
87 334
465 797
318 1176
1053 479
292 619
406 1107
1120 360
1126 1105
717 99
926 202
420 78
896 968
917 173
614 763
79 455
464 602
657 742
668 10
298 953
1000 917
35 1137
131 108
712 695
639 614
782 563
983 814
663 466
349 1114
309 729
423 1002
586 704
145 592
737 1091
1055 991
464 757
300 121
844 978
460 507
533 342
1168 112
587 842
953 567
240 650
186 204
946 275
317 565
110 783
489 666
457 146
1178 1192
645 532
126 296
734 206
463 1096
165 207
46 325
929 245
544 115
777 63
18 944
413 793
1115 42
1161 404
823 406
419 453
583 647
746 493
1058 792
565 799
694 46
106 360
54 292
183 1100
366 517
1051 1059
766 527
1146 576
1190 482
907 494
1126 1115
834 722
521 1012
1049 117
99 28
869 402
951 481
626 516
496 257
439 934
961 478
855 1146
519 411
395 424
74 976
362 1179
649 164
1069 613
867 517
622 1115
575 222
651 572
366 118
951 356
629 360
385 304
697 1189
675 594
822 1147
464 1013
396 461
543 975
353 1058
380 519
1197 377
1065 86
17 1030
404 521
32 575
652 564
398 1039
1078 730
637 373
939 404
172 1159
844 577
1157 458
137 781
840 764
99 312
564 1052
859 40
833 1181
283 1138
943 252
967 352
9 732
198 976
71 863
544 784
1010 844
486 691
1048 286
954 998
302 253
698 727
263 247
480 523
686 905
856 380
327 201
1070 775
435 968
466 881
465 400
158 10
416 766
718 187
368 126
143 313
968 850
1144 815
992 302
238 529
656 1105
571 278
849 778
98 242
952 114
421 944
137 616
1128 685
665 197
1086 457
789 488
5 1120
665 954
855 1171
623 274
880 810
545 322
576 518
335 605
812 980
1053 303
348 389
414 1076
972 1111
1035 581
202 505
533 226
161 422
371 503
80 1080
874 982
884 686
818 1120
522 565
701 474
879 71
300 539
58 956
865 207
313 778
307 903
1181 406
695 340
72 1120
325 963
782 103
921 550
205 1152
882 249
36 587
1150 794
361 247
159 1182
315 248
1061 903
57 723
681 369
252 467
781 323
6 1015
360 364
1129 845
344 416
892 898
831 733
277 887
905 369
1175 512
82 783
1070 191
730 629
1100 846
428 153
586 1043
243 492
1176 231
60 821
656 987
932 685
121 755
131 662
743 762
14 394
235 112
1056 488
29 141
1052 1166
1145 691
1199 833
46 799
99 43
269 853
122 1016
1160 675
956 231
24 788
743 748
530 853
547 902
72 100
445 1106
354 1183
541 782
763 344
382 481
988 860
774 730
637 433
867 1048
883 686
1178 1150
416 507
751 804
1110 70
131 1177
1037 66
823 136
807 709
704 927
379 544
367 302
1143 355
1182 191
717 727
124 558
1139 16
85 1185
367 680
136 2
1064 619
3 783
168 919
429 43
842 644
396 925
314 560
304 62
701 528
730 772
88 789
497 561
246 265
107 454
335 500
108 598
198 862
374 759
913 296
961 985
337 703
83 343
921 1147
78 1148
896 634
1121 296
302 10
934 213
1108 448
1193 612
809 295
665 276
1133 976
744 268
1125 950
1025 88
982 891
331 308
784 677
700 825
341 57
1141 828
971 724
28 858
8 254
804 1165
319 926
1157 822
1145 963
782 866
1113 1042
772 929
1124 210
430 703
665 368
171 405
699 592
1031 1019
1044 1128
789 669
894 982
555 708
524 1154
460 1049
1166 941
421 1144
157 696
456 340
816 1141
841 493
177 186
696 367
244 290
611 219
588 119
502 869
159 1091
754 1143
1193 355
812 500
253 201
630 66
943 933
719 989
1015 971
705 1064
779 5
988 630
883 965
45 553
879 404
1146 840
316 86
1147 961
66 547
434 232
512 1110
1122 25
310 1188
29 221
155 265
65 131
224 935
463 672
428 977
385 377
1106 144
938 289
6 430
419 303
979 102
312 309
747 129
885 1142
757 457
54 293
185 1081
240 389
39 610
448 859
687 750
514 629
179 978
1054 892
925 142
897 861
534 463
946 791
940 1020
517 512
196 387
1187 809
676 596
941 658
1075 752
108 79
688 643
391 25
79 246
616 110
309 374
672 888
134 453
481 1055
564 936
500 571
159 862
181 318
1160 223
508 512
369 413
842 736
857 488
877 660
656 91
647 665
229 53
448 924
997 61
431 183
329 529
91 843
1138 610
521 1118
352 713
566 488
13 1095
167 979
579 1160
1169 180
1109 1168
422 563
685 980
73 1193
829 975
130 181
913 682
786 241
862 401
448 657
548 575
258 701
514 32
252 335
1101 325
330 491
816 638
451 6
740 393
529 1099
205 258
1106 465
45 300
178 1088
1112 610
800 1165
321 420
1130 797
668 928
959 724
40 405
178 101
680 377
491 1015
989 169
319 620
689 955
826 486
652 222
224 578
1153 911
374 400
208 86
1158 499
437 813
500 765
308 401
282 1147
483 668
384 598
943 669
1138 1150
754 684
733 883
953 1164
95 752
457 630
176 398
191 713
238 450
1084 1153
471 169
891 443
489 62
827 341
157 300
1190 245
467 804
383 614
203 694
339 566
93 1131
341 202
1067 818
421 762
109 331
699 1022
671 9
771 1174
389 1160
886 483
251 802
52 23
765 886
664 415
70 398
1083 358
131 739
1023 803
528 3
384 2
251 362
898 107
621 1146
1095 78
945 749
528 698
930 806
1068 550
558 625
940 1078
170 297
826 255
350 469
572 676
846 978
490 119
21 828
488 671
773 185
100 556
835 73
246 506
668 162
823 180
501 598
1117 918
739 263
1092 641
270 747
201 1113
233 1185
850 11
96 47
132 580
1069 1130
905 1138
679 1055
943 330
1119 684
1180 71
293 1090
1148 184
199 766
50 162
937 778
139 64
380 74
1181 144
1063 790
339 593
388 1144
978 583
55 935
509 989
154 630
606 647
963 1165
209 738
322 46
68 141
1005 337
859 444
1104 194
711 889
19 131
111 847
825 125
1197 903
414 731
198 0
881 774
1023 347
1043 705
765 1159
523 618
822 40
1026 467
1012 1010
883 766
207 554
388 310
17 1137
774 24
1013 586
414 80
27 1117
68 679
205 989
230 117
95 852
1155 717
325 282
459 16
323 262
1171 311
642 98
704 1085
938 122
614 668
703 30
812 630
885 999
908 722
777 828
713 82
366 463
316 91
1017 403
237 317
586 582
925 486
184 845
604 656
455 474
90 400
200 924
674 352
726 581
441 412
731 439
375 265
1052 301
366 1198
966 63
265 390
402 963
61 935
844 595
293 551
621 268
1124 173
329 772
1000 717
763 890
979 949
419 662
260 645
584 1029
405 986
893 881
578 135
1150 510
445 313
734 144
501 25
1047 563
809 522
272 743
665 695
1134 894
766 707
290 591
140 569
637 754
1183 408
123 528
1120 588
127 1056
647 1171
1152 109
786 1153
147 13
397 562
465 929
962 971
220 743
1165 495
783 105
22 285
991 566
211 41
914 460
307 590
187 714
132 909
1112 419
183 275
731 1097
589 607
20 255
881 1007
151 754
319 640
482 421
474 453
905 1003
1181 130
570 588
1091 1087
1006 952
375 146
612 164
59 422
299 737
80 68
389 807
1187 990
355 1016
1073 852
469 120
908 1014
915 981
889 520
14 908
648 1094
362 1177
1165 108
114 233
1050 195
439 1038
723 462
587 223
152 235
752 1189
513 776
89 507
85 1141
51 300
732 102
984 7
87 206
9 78
223 536
329 1053
166 925
1006 464
1064 591
81 265
1005 999
1076 985
447 52
695 535
517 911
11 467
791 1089
77 230
1041 764
259 938
833 85
1017 149
850 1148
1117 963
772 186
791 825
0 880
494 657
407 424
714 425
815 74
1013 244
969 388
1018 165
1175 583
324 153
892 841
199 714
197 436
71 487
252 1007
194 1137
1195 240
1070 257
1115 114
501 1014
62 340
679 56
80 865
1077 372
806 791
955 296
862 204
325 723
620 12
983 934
357 439
51 627
235 165
206 20
550 100
641 952
1042 664
25 1113
164 477
1176 591
415 259
211 853
754 198
1076 831
272 62
525 161
764 1075
1041 460
858 136
345 695
47 55
827 291
388 400
35 957
646 393
28 1025
605 782
728 708
411 686
821 578
314 1148
416 984
1197 1076
306 963
612 539
218 177
1090 674
460 656
999 702
832 821
105 973
346 731
153 713
777 775
806 1019
498 964
612 320
119 460
788 414
826 853
610 123
341 96
1103 475
493 199
98 553
206 268
1072 497
847 769
317 679
319 1151
1063 697
748 486
584 330
1048 77
721 106
1146 101
1195 570
344 399
517 503
1052 1183
58 368
1144 689
268 449
461 942
307 771
921 202
455 374
1088 880
26 1098
1063 107
227 78
115 448
945 304
758 485
590 506
74 49
177 755
294 122
436 713
485 538
731 441
524 880
806 28
217 1047
273 704
245 196
584 601
118 738
11 315
73 685
606 1165
735 1135
913 801
492 1192
1051 834
520 527
867 878
647 342
1010 556
570 1071
449 518
238 774
984 627
426 211
1003 1099
730 256
818 201
602 829
395 798
894 677
902 43
53 710
1082 1181
604 809
807 1168
142 685
678 1121
807 1159
700 40
1147 1190
247 340
1056 171
1082 448
329 767
8 943
86 906
1136 769
1127 1038
422 749
516 531
2 1188
446 139
121 154
847 627
908 244
127 365
651 559
715 251
135 60
503 9
193 1034
927 49
805 302
1003 170
685 1101
145 54
587 422
954 752
147 708
61 496
522 273
1043 920
1012 651
596 257
927 970
1180 575
152 386
187 303
1025 952
472 1075
953 194
225 736
417 1089
957 810
316 1001
26 945
678 855
1149 577
265 256
180 952
1023 501
596 520
383 237
116 142
846 1073
462 669
317 277
773 409
623 564
331 39
824 873
566 871
538 1027
53 678
647 1055
1182 694
650 60
649 871
924 198
1124 1118
28 218
33 551
128 423
49 488
1053 1043
585 712
917 48
93 869
99 608
660 895
654 785
897 656
492 252
31 1072
1171 224
787 240
650 64
766 965
1051 208
108 957
1048 881
446 525
216 388
603 229
951 180
918 891
938 864
92 337
1162 985
1132 457
459 1087
387 893
861 900
89 205
644 131
670 516
778 96
810 1155
708 840
231 339
459 911
283 60
1120 17
423 168
679 382
146 896
19 340
549 1008
393 1166
169 176
222 633
262 1197
626 1134
961 253
591 710
946 907
769 816
1159 1157
30 1105
575 88
791 1031
674 1076
348 858
81 1097
654 1091
770 38
30 804
529 58
1170 967
627 715
143 406
1181 47
882 517
123 708
386 146
258 908
639 219
1070 634
312 1088
690 868
691 386
587 137
138 682
269 968
856 1147
1146 1155
664 574
610 384
1105 51
193 422
323 634
905 321
748 133
515 477
72 449
663 1051
976 62
394 77
963 904
442 297
356 397
495 371
544 572
726 100
179 863
574 1087
1177 386
104 144
711 122
543 1048
30 332
378 500
1161 225
357 268
1056 663
115 643
451 952
901 254
1178 1085
594 114
851 973
82 555
1003 160
978 238
114 1162
217 963
608 59
166 397
402 272
911 641
843 330
797 1108
318 18
739 1058
791 856
406 1067
1039 351
921 1193
1007 6
1079 1107
500 385
913 685
57 951
713 1066
26 1089
976 306
72 103
801 148
908 230
74 779
1075 249
262 586
216 838
534 705
508 132
1014 608
710 438
532 368
721 485
689 1085
565 810
560 360
576 866
667 250
139 792
739 29
855 595
533 688
295 971
1184 628
118 1135
21 428
936 1154
1190 298
706 971
408 1
481 1091
923 731
1058 924
106 923
892 751
495 659
960 1182
1 854
253 712
21 852
539 823
849 593
853 466
17 645
910 1055
710 1046
218 1090
307 818
1020 854
825 332
370 983
815 316
101 732
997 978
69 470
324 243
595 648
871 463
995 994
317 582
181 587
1036 1056
453 195
344 689
846 615
947 17
795 1085
487 923
449 504
258 1030
428 915
776 744
443 894
191 1145
344 822
1141 1054
899 956
462 192
629 786
86 615
514 817
320 672
701 836
652 863
717 869
782 460
443 743
151 1075
580 493
75 1068
1158 1179
852 322
375 583
996 840
943 861
308 1097
61 889
177 731
299 679
591 273
213 491
112 405
776 1055
724 54
891 625
1099 499
627 875
627 667
1018 1176
914 614
558 1039
80 1130
801 1169
239 593
663 342
619 676
836 1031
751 950
339 835
1197 446
406 806
768 150
9 948
116 60
516 879
228 800
257 1103
548 719
696 556
370 78
171 1163
873 146
1177 195
350 130
164 909
862 883
1134 632
1140 715
581 648
1197 1142
595 1044
551 1012
724 75
575 578
691 204
1138 557
585 716
597 583
974 359
899 1146
1174 356
494 708
918 1056
450 239
434 333
506 38
1120 504
922 161
657 196
110 993
1086 268
783 837
847 425
32 311
1097 809
858 811
954 934
244 830
477 167
495 1147
543 576
94 538
705 118
510 213
905 987
352 724
603 1197
1090 795
560 262
219 318
880 592
1160 1017
781 275
377 516
566 894
165 674
653 405
1185 445
421 541
932 42
814 117
968 239
280 924
194 113
5 35
554 651
447 927
601 515
695 152
985 270
118 326
544 1128
997 983
140 1090
799 410
310 1095
144 346
667 957
47 878
236 642
135 399
992 524
298 1176
675 819
1088 105
371 766
255 1116
990 1015
727 163
153 282
131 942
517 146
911 5
861 732
1082 1112
472 1175
290 279
1150 1185
100 618
493 780
674 217
541 1005
293 143
19 517
634 428
992 591
341 660
1131 1195
439 618
415 1155
452 112
1068 874
284 915
55 455
758 1076
1010 448
406 992
256 840
888 396
731 56
731 256
364 1139
394 749
1041 91
676 389
1095 910
173 525
1055 974
965 210
981 238
382 1098
113 241
1022 358
486 1134
1154 352
596 226
391 544
734 35
584 782
570 396
673 1117
1066 726
81 786
821 289
1009 543
99 1034
1055 946
242 120
779 1050
345 363
156 782
985 443
113 779
991 25
97 1113
725 423
344 589
614 703
829 658
1107 762
410 175
1118 508
495 570
628 913
404 1180
382 1054
1123 21
511 645
895 1167
826 852
1008 651
971 21
327 122
927 146
267 258
1092 953
717 990
119 177
312 687
686 261
856 1029
1067 361
149 809
530 601
998 34
650 543
118 313
851 685
97 146
614 10
814 840
1163 99
617 889
286 389
1030 668
657 396
316 1045
398 1120
1098 175
149 571
917 744
526 227
87 443
1024 186
7 21
528 752
394 281
520 74
1106 958
507 454
799 683
764 177
365 727
693 432
75 480
1013 1071
35 400
902 706
158 466
553 11
1071 50
610 678
292 11
506 398
1033 168
887 296
962 712
455 871
1071 74
510 618
146 676
248 1125
858 1001
305 213
481 362
48 85
537 699
316 859
557 664
130 277
55 904
1187 49
168 1045
1089 278
39 434
54 1163
141 175
829 811
1043 75
648 33
669 412
214 671
1105 965
844 337
6 738
737 1051
562 863
346 8
905 503
490 835
760 677
1155 21
1039 810
162 996
742 697
1052 153
614 168
1034 992
140 765
77 850
380 842
335 97
425 897
1052 664
795 516
230 736
892 1053
879 1081
773 177
931 782
1092 1059
931 1169
167 1111
24 840
773 38
736 1059
234 761
893 942
32 747
919 296
100 913
408 849
960 971
967 1159
414 822
505 728
231 811
137 732
871 380
546 485
54 1085
36 831
305 881
985 1134
1165 484
560 493
846 845
1183 424
212 1100
1137 30
898 382
374 598
440 225
237 715
94 777
227 728
64 613
867 899
583 762
685 57
516 221
950 368
173 1168
935 86
1147 886
894 344
1150 81
577 674
479 101
712 523
195 642
859 634
208 1037
274 72
1184 406
1134 981
372 664
325 401
903 983
142 1155
183 109
276 604
424 553
186 125
320 893
494 400
92 804
492 940
796 709
449 1082
457 715
595 1146
107 205
644 221
57 752
60 979
1164 119
534 1063
590 1073
1058 1020
494 674
515 622
1112 1084
855 434
620 36
300 658
672 82
503 333
72 574
457 1168
38 714
469 795
889 217
456 877
671 118
88 69
963 1061
813 352
724 1084
648 91
1125 707
1061 92
172 954
98 103
1084 936
266 349
356 787
134 615
722 768
71 539
769 433
349 303
410 456
308 806
1158 207
560 588
536 916
475 850
877 305
944 386
909 1028
347 760
574 30
806 372
25 747
865 201
927 602
582 584
194 1091
133 871
248 137
883 194
770 862
94 144
618 547
245 583
1166 1063
534 477
844 721
276 646
97 869
1189 1168
395 90
331 1042
741 616
480 1199
1076 702
754 386
86 527
702 725
222 285
666 295
881 258
13 866
583 780
1026 273
935 107
555 235
156 1156
530 49
1 810
1086 1183
809 696
594 747
185 717
1042 679
679 116
434 1129
531 640
464 781
227 499
340 541
175 978
711 455
963 1163
599 1172
1029 435
723 137
659 194
486 308
674 344
859 417
1162 14
986 353
1130 898
753 73
459 462
1064 834
653 1143
739 298
893 854
1061 1165
556 539
299 894
293 440
159 252
694 1177
1060 850
662 909
128 338
1001 1018
968 587
571 1140
57 1132
458 198
966 638
474 89
773 531
424 1199
670 259
251 84
676 1176
411 269
1150 914
101 332
322 197
815 340
824 512
384 950
95 180
922 510
201 912
452 1158
123 1126
803 561
435 352
321 1136
869 730
608 348
561 465
630 322
441 944
323 852
1045 470
1094 367
1148 641
798 768
465 578
202 737
931 299
861 1020
669 195
298 561
553 71
110 361
1183 922
859 1022
1006 61
965 174
502 1141
981 574
923 572
771 240
644 1046
713 220
1127 663
686 1117
114 58
9 301
833 248
299 457
116 170
1110 1109
130 987
737 479
818 749
160 705
1018 711
238 964
1024 318
998 793
383 1020
35 488
147 1169
647 225
1103 695
926 814
494 200
754 621
375 1038
540 992
1023 1032
754 792
133 609
77 584
232 445
8 271
4 635
797 952
810 1170
1040 491
760 514
997 145
259 75
24 458
359 837
1116 448
1193 616
514 986
322 668
438 719
38 812
817 530
75 240
104 517
333 3
419 639
809 405
5 99
395 731
884 446
6 901
263 746
810 713
669 803
257 887
1198 349
1130 816
166 341
711 944
425 274
352 11
890 1025
965 556
438 59
214 828
922 933
719 892
705 335
18 147
766 1024
248 827
1080 733
928 172
746 732
912 678
622 1131
195 142
738 565
1171 215
365 1043
838 135
451 305
888 765
419 737
646 5
1070 786
152 61
452 1014
62 318
1002 517
284 1164
67 614
84 391
967 854
692 355
110 1189
287 10
452 320
937 989
952 717
965 459
741 330
782 528
54 538
168 906
864 734
80 1140
1122 1087
292 381
1011 700
1130 401
442 102
819 67
293 595
233 819
801 366
615 32
702 459
3 566
788 546
560 520
686 631
1066 1199
303 378
334 695
80 561
1073 964
360 445
787 471
928 1051
859 143
263 33
646 1121
851 414
618 1036
683 715
555 933
948 1065
915 1007
1149 984
390 1181
413 628
216 551
357 202
823 1085
896 308
1198 262
446 871
276 846
386 686
216 1113
835 117
26 89
919 1154
1188 626
91 847
462 283
1081 109
730 603
295 989
1094 1114
365 999
847 654
922 685
50 878
3 649
488 205
753 424
619 357
601 1106
223 625
95 577
839 110
383 190
947 1144
289 33
271 503
855 164
1136 95
181 43
809 232
22 199
891 478
19 203
652 325
266 1053
451 194
363 723
482 18
504 382
715 388
1114 1039
135 38
320 942
214 880
73 422
1056 182
1076 957
972 858
326 971
52 788
949 1178
217 679
908 885
602 1179
566 80
820 340
204 962
7 360
357 625
683 830
706 521
831 693
68 1096
768 1085
981 947
229 533
1144 334
331 721
1028 329
272 418
635 646
766 773
88 712
448 236
561 798
1033 183
562 799
649 348
620 486
563 444
217 95
523 194
597 791
948 748
182 557
396 285
1045 816
276 35
698 506
396 898
600 707
520 872
850 154
152 227
698 532
186 1134
1083 610
8 154
196 69
42 743
1068 696
1022 529
345 589
1047 1168
1019 186
1144 364
994 523
988 383
430 956
978 886
356 260
967 1183
539 50
836 1028
973 1076
845 1043
268 1033
501 406
222 158
805 431
2 148
1143 786
861 114
402 888
967 765
1068 104
1082 1034
1063 813
295 139
464 361
1154 650
288 729
834 205
363 820
954 150
493 46
472 1110
882 210
329 200
88 961
873 996
381 870
720 1145
750 461
28 1103
612 1181
750 977
2 845
625 153
90 527
405 549
974 253
216 85
143 474
493 290
541 111
917 789
807 813
62 237
469 302
726 790
1097 761
641 897
416 719
225 64
221 966
220 1065
585 677
469 23
299 523
897 1060
942 290
982 363
1000 779
946 738
378 1006
1053 278
511 862
178 339
421 512
458 632
783 332
529 253
588 975
393 1027
116 1126
55 925
220 1026
348 90
148 715
539 1102
617 2
1185 316
244 848
1041 206
849 39
1165 939
311 646
1098 838
213 295
398 579
859 36
1170 1164
883 664
343 407
777 971
612 940
1114 52
1061 971
7 55
892 664
790 72
247 1181
442 6
784 685
663 286
1105 325
104 607
623 409
1148 512
1157 872
829 17
324 1023
1090 677
688 1081
613 632
758 437
1129 942
236 657
844 471
804 359
786 1164
62 768
739 230
934 993
891 1183
640 746
632 984
642 227
1127 1080
1089 464
1088 911
217 1196
1072 598
721 223
895 304
220 1019
858 376
24 731
633 1094
953 286
409 352
125 208
959 1097
719 1032
224 1045
805 1142
945 665
689 140
876 800
292 248
44 49
1097 170
890 766
727 668
908 850
673 249
596 809
1161 977
962 462
1151 448
801 316
469 981
342 305
436 110
1169 873
555 501
400 757
494 768
262 217
949 1016
279 882
891 859
622 1105
454 186
591 443
605 747
49 835
540 300
684 1042
544 323
327 388
168 337
966 31
810 1042
705 637
58 726
208 162
1177 1143
162 605
371 611
256 488
5 1183
154 374
509 362
1064 168
1058 1138
335 409
800 270
1182 966
291 279
1095 1111
550 634
1179 1170
1007 702
814 488
810 506
86 302
259 900
784 1069
1138 159
1010 583
157 764
158 1135
51 1161
1170 888
1128 214
239 340
284 613
1010 784
269 1027
676 311
741 1031
1003 694
99 420
538 90
1120 570
780 106
262 308
829 721
1154 242
327 21
1042 616
1162 1151
961 278
906 1063
522 1064
131 984
750 243
595 486
824 503
1016 709
828 1034
193 752
670 453
63 527
577 412
877 289
292 356
830 212
1159 409
961 325
1027 733
514 503
724 957
994 184
473 315
104 86
817 477
305 289
736 1142
368 36
686 220
702 863
982 178
20 460
762 986
793 224
209 89
242 145
15 104
677 1138
142 679
309 60
54 423
781 1053
813 630
995 500
1140 370
605 194
800 17
400 1035
1147 302
243 712
822 1193
491 297
1156 423
587 705
706 907
688 520
19 215
876 1109
769 132
776 848
739 86
886 321
140 199
153 568
421 302
607 975
105 578
397 623
667 975
1123 589
817 584
658 226
954 870
611 885
26 221
13 509
291 490
837 706
789 1088
135 398
215 91
412 582
642 752
270 529
592 523
564 609
870 1004
641 1065
308 997
31 216
47 278
763 1139
100 511
45 1031
943 947
494 751
905 1170
841 85
674 988
201 262
309 886
809 31
188 471
67 777
1038 606
86 671
296 864
651 1048
626 713
292 968
1045 879
1155 258
1115 948
743 850
1068 534
327 65
1055 122
91 735
425 740
1008 983
1161 731
509 1052
638 154
875 208
196 770
341 206
879 154
971 1103
406 395
867 1133
522 219
136 975
627 506
1114 42
440 141
1003 125
105 107
185 731
734 1192
872 525
843 611
361 1102
47 56
1116 738
758 887
683 212
104 935
78 1010
234 1024
1165 619
16 51
797 307
633 328
735 445
367 1138
128 274
637 23
649 280
219 155
607 952
400 511
1011 256
719 557
428 841
879 328
739 296
196 695
629 1092
370 868
269 149
814 1153
161 492
86 598
412 1138
483 881
298 519
1124 190
489 1051
1195 687
398 355
945 311
710 785
1136 876
659 304
738 682
1039 245
709 51
996 851
1052 1049
562 248
754 33
956 960
271 1097
68 903
802 913
105 730
1108 684
220 454
570 753
539 658
381 256
426 635
586 985
716 404
45 1082
216 646
253 980
686 551
977 861
34 639
1170 770
211 37
352 651
42 1146
16 340
103 761
222 682
268 1099
212 17
58 152
818 106
8 134
605 101
866 1164
676 151
1163 467
503 585
847 186
1126 169
1119 43
255 172
3 1011
1071 1172
290 255
366 156
558 340
73 283
940 27
479 1116
352 786
522 1027
150 303
888 1068
447 432
150 657
787 470
595 566
83 857
948 1094
627 616
688 332
95 985
845 599
94 640
513 1196
205 798
320 373
600 112
1186 749
627 101
409 325
223 752
1036 1133
147 1188
397 737
829 725
57 450
140 585
855 1167
1043 213
1072 1104
865 20
987 84
230 583
15 1163
122 521
143 1043
595 965
777 873
215 587
108 788
67 30
364 1168
645 648
175 252
588 129
487 397
122 356
687 967
69 1002
934 104
351 448
948 60
785 16
981 536
294 731
440 649
171 1058
1112 474
143 462
27 494
756 1016
907 63
808 403
641 856
919 180
603 661
274 64
116 1075
693 183
823 1097
306 498
907 1146
586 698
634 69
1132 1099
818 877
18 330
23 935
1171 1039
906 528
569 849
418 962
453 802
599 428
90 997
653 1199
547 452
230 47
727 243
868 720
35 136
1148 551
1181 638
972 147
1185 20
1160 525
214 17
455 36
1079 741
200 186
1105 550
261 1039
508 239
428 110
719 857
246 548
960 1080
30 229
1112 1044
1026 926
151 206
220 111
587 1014
194 735
675 271
601 621
378 1065
1184 30
313 908
317 1003
170 585
605 130
195 345
969 623
137 1088
628 976
1054 127
607 969
1075 598
840 759
395 429
61 661
777 485
717 531
122 349
62 186
779 1108
308 937
398 515
543 577
667 743
990 956
958 1065
882 877
156 891
191 850
28 783
777 246
599 639
1136 1186
96 181
533 692
830 590
983 820
901 825
700 614
593 93
113 499
79 247
687 240
71 99
113 721
261 334
398 1138
442 1197
501 77
1134 1034
351 32
1197 499
285 491
24 835
1132 1015
1128 538
143 546
283 210
362 74
747 354
983 654
679 680
690 918
647 1192
274 941
26 839
597 157
891 10
902 522
171 1085
1071 132
236 914
186 898
1155 1108
525 772
1167 178
344 47
110 372
730 941
251 339
923 1099
465 559
546 283
769 206
719 619
395 762
729 792
1155 896
590 1198
385 951
671 649
699 1169
959 517
1016 886
30 1021
571 1017
639 1100
91 1050
39 751
466 1150
1162 459
1182 1050
710 809
228 700
1156 510
364 302
784 862
1082 321
871 577
862 803
877 308
653 957
650 661
1167 763
719 1169
1052 416
1028 978
745 19
976 157
1129 839
151 1049
1091 161
726 1170
1148 712
844 122
319 582
811 207
1019 99
872 804
754 1017
476 55
1023 995
944 921
1181 888
923 867
315 403
594 77
1183 251
825 929
702 389
372 934
992 229
1152 79
726 221
440 0
908 195
184 1043
771 1018
1142 476
1163 680
1016 969
1149 3
733 1091
322 231
433 604
556 508
466 462
93 1045
468 937
603 1132
441 336
1176 1123
204 1093
393 19
1170 276
247 372
884 262
940 666
1118 406
901 343
936 731
415 1000
359 1124
695 300
881 1124
169 1039
1173 97
755 443
288 233
730 937
783 827
497 355
433 11
292 1010
199 577
723 525
494 16
981 881
386 1130
191 7
519 1061
541 623
240 921
917 727
130 964
276 266
321 356
606 774
968 618
562 657
705 318
377 293
766 513
299 742
207 791
148 572
619 1113
66 485
75 540
800 1006
411 425
160 930
1097 141
207 1141
820 702
425 1109
988 803
153 650
1183 361
930 236
196 551
712 883
502 508
44 24
1111 47
860 824
193 1022
425 354
505 647
554 187
1002 257
687 250
173 217
60 1095
3 83
806 761
904 273
981 20
453 527
409 759
484 711
945 565
308 728
1195 910
435 864
990 1000
1 51
118 539
127 842
472 1152
405 224
315 9
48 1103
102 435
291 690
71 1118
387 839
1137 236
571 1106
1096 620
626 243
411 962
173 1159
914 320
1036 826
929 833
104 22
1065 805
1124 258
174 520
421 504
445 956
350 342
87 1196
1057 807
415 763
307 643
591 327
724 274
872 926
299 1192
865 694
296 850
371 896
749 99
66 158
274 614
349 433
712 163
562 97
97 227
1146 532
360 169
195 65
231 2
289 757
380 807
464 552
99 587
261 268
447 106
559 516
394 444
889 564
114 894
868 437
986 866
127 763
138 912
761 1105
12 783
210 870
1065 12
385 530
756 132
695 789
552 873
505 405
229 830
847 1058
173 550
983 600
1180 1144
459 601
1171 736
390 809
136 1175
169 946
373 321
291 1117
310 1198
346 771
654 606
539 393
434 911
438 1122
228 672
727 788
174 714
943 802
424 1169
323 281
571 610
397 681
119 1158
389 1118
242 1172
82 675
936 1015
1190 640
1185 748
107 1112
784 276
227 614
1051 978
363 965
0 326
898 622
38 861
285 825
231 317
659 566
286 258
46 874
850 987
784 95
452 1093
316 149
713 23
393 528
741 390
902 964
597 336
902 60
420 379
37 277
250 1107
223 542
1100 334
576 403
1076 30
46 1060
75 738
1 203
845 164
354 843
949 72
1041 482
332 857
1127 160
275 301
824 134
779 750
631 1147
283 326
83 22
529 315
222 129
1183 456
86 979
1008 142
715 475
194 558
865 388
250 322
907 388
188 679
542 446
489 530
816 186
678 268
184 584
1061 864
438 418
393 595
1135 136
370 1181
808 826
918 397
434 201
1195 654
1192 455
516 111
119 1135
84 109
987 391
159 745
262 720
787 18
158 872
935 765
748 489
836 291
886 93
1075 512
648 809
22 616
704 781
892 286
792 488
15 124
576 1015
590 1172
221 1
871 1160
266 943
350 1085
1069 1133
442 1176
32 478
88 1085
695 458
390 119
919 1084
511 1157
301 588
736 1125
38 876
316 866
850 270
160 445
120 982
84 1199
1008 551
1072 324
819 704
66 736
784 1183
730 1008
698 425
746 177
775 563
645 1196
141 860
951 99
790 749
526 413
26 735
400 723
1053 280
945 248
200 184
134 32
987 266
945 80
185 88
203 753
1010 51
788 485
1133 516
911 521
1194 964
336 958
293 1043
813 777
678 37
103 972
474 757
36 1048
177 1071
183 53
444 354
1 756
630 561
348 159
99 833
1049 648
339 952
523 727
738 134
716 1059
40 335
825 30
1061 499
1074 1085
696 663
566 761
212 333
438 553
625 991
129 218
799 653
987 85
407 859
1061 78
247 1146
135 1189
604 461
481 1105
1128 141
582 213
701 33
289 407
326 238
618 976
201 53
416 963
1112 1001
977 1158
580 402
550 1141
473 731
592 202
1177 740
1097 261
926 728
1093 552
724 990
1149 882
322 528
1152 443
546 1006
57 248
444 533
752 781
224 688
1064 693
1159 418
698 131
328 384
483 1191
967 252
1 668
785 880
412 388
798 334
1101 294
985 140
206 796
614 206
96 1019
288 477
764 694
898 517
634 629
721 373
752 353
926 129
754 160
626 392
512 91
1007 1023
494 425
183 1147
186 353
952 615
224 931
211 1005
112 925
927 1038
278 1134
856 261
559 1130
872 134
1116 742
978 45
208 517
572 1069
941 871
598 973
877 65
1040 802
181 545
377 379
857 943
485 806
830 180
916 1128
38 78
1087 65
879 323
756 932
84 698
47 778
120 1005
500 1068
954 949
1183 998
1018 240
526 180
46 309
654 1119
934 23
680 421
1187 1095
1146 816
45 111
524 1112
359 912
782 318
132 607
921 124
569 554
5 390
342 780
328 258
509 395
19 1159
345 391
1082 277
921 670
763 49
399 1034
7 17
468 601
45 476
1088 845
216 506
1033 447
719 202
546 378
358 131
1120 742
1036 317
471 334
1087 788
413 418
364 212
63 827
769 710
499 306
225 1072
141 623
10 1175
1172 893
452 24
644 784
558 609
405 30
643 365
762 559
945 172
834 800
135 932
652 965
1010 743
448 445
833 343
347 359
695 239
677 770
998 1125
452 469
972 282
82 21
1107 755
647 1150
448 141
665 1103
611 789
25 770
1142 201
615 216
1077 935
1069 82
814 945
111 1156
453 483
863 1045
544 928
461 1179
712 17
145 390
88 826
338 935
1157 636
980 191
509 319
175 925
518 1133
1160 417
451 1183
169 1130
360 1107
877 131
841 149
911 48
353 629
913 79
275 740
965 678
149 187
758 1101
467 574
816 501
3 975
209 394
438 511
912 730
1117 1170
1146 949
493 291
338 633
257 445
422 45
311 223
54 201
358 1078
11 233
671 1060
769 585
284 341
425 746
827 689
29 316
36 1059
1191 603
1167 32
1125 590
34 421
1042 1147
436 906
1026 486
502 872
969 1199
939 52
220 392
1062 454
589 446
884 140
135 546
175 221
897 768
57 128
680 1059
225 511
554 1123
641 939
967 173
129 585
1193 890
718 191
616 792
178 577
162 229
1119 1148
318 568
848 904
385 756
799 974
711 284
1187 261
1077 675
488 1061
950 1021
935 923
1023 1053
1103 843
433 700
330 385
56 433
763 1068
509 1113
884 767
733 579
361 513
1007 1066
109 498
267 1164
973 626
42 60
829 509
1194 776
89 793
244 301
548 318
882 922
268 217
269 689
772 62
1187 874
1160 999
398 1091
207 706
484 62
1119 689
243 565
879 155
1032 585
1100 424
427 1032
645 525
1026 42
477 252
591 812
784 775
64 184
1142 924
376 69
364 972
178 10
712 97
1021 1013
845 416
453 20
234 163
895 339
958 704
370 360
1162 757
592 634
541 868
1162 915
4 908
272 203
23 376
874 908
1098 810
172 1142
580 790
618 498
294 751
566 392
39 197
1151 464
937 187
14 537
375 731
553 692
637 703
18 483
433 427
318 1017
1177 1117
952 279
444 53
296 685
873 926
77 638
1011 149
668 115
330 594
834 341
222 1050
984 521
806 852
520 443
618 503
1045 352
995 36
660 1096
804 421
612 272
114 1135
932 607
228 732
792 915
838 535
437 226
277 440
679 1039
1123 1093
326 942
1075 906
126 69
736 249
886 781
935 1125
98 269
725 62
134 669
727 407
476 859
1192 468
615 248
861 1121
202 493
70 573
756 657
491 883
55 911
235 414
982 28
136 602
280 740
416 877
765 583
1143 1111
960 231
305 411
180 192
492 425
989 694
836 1119
707 288
1093 536
460 461
129 836
1007 856
1037 720
684 632
984 1059
978 377
620 82
213 193
209 691
1123 899
165 793
770 1164
231 935
898 726
1187 179
1111 142
351 142
230 659
1069 65
949 746
700 137
1013 207
953 260
244 157
785 316
206 507
885 322
215 790
301 610
334 411
943 663
503 344
27 233
114 1049
748 619
455 199
412 1065
1191 330
315 812
1165 174
927 291
860 1140
80 830
1089 1168
1036 54
844 1143
1155 597
613 770
922 845
415 530
96 546
767 339
195 636
840 848
736 1194
1047 800
1052 773
906 867
356 1083
26 266
510 1109
855 914
64 1067
708 75
424 462
449 16
180 131
782 824
1060 277
353 465
756 660
125 1179
1065 409
973 512
674 349
91 163
110 712
1181 30
719 182
585 700
946 161
513 245
383 729
336 346
317 307
1142 722
760 219
1194 220
69 650
430 346
431 1131
705 645
508 707
17 1019
801 443
1085 728
1192 787
1111 718
709 738
833 632
508 576
235 458
888 233
725 134
124 1190
793 52
371 1142
895 804
308 485
1031 280
686 101
1101 345
1060 693
198 639
1150 925
472 615
425 901
108 35
967 894
566 1150
305 695
157 348
444 526
560 353
308 606
112 1005
973 31
123 758
200 585
867 298
174 590
469 1097
1024 1174
800 869
875 811
511 510
596 1125
513 432
989 122
90 828
15 385
83 821
179 774
276 878
1160 1118
577 447
1184 721
1003 332
557 1160
1025 1032
324 339
2 497
947 1178
414 299
794 477
812 436
155 320
464 6
485 953
200 480
328 97
317 942
65 159
811 220
311 356
1032 738
1185 17
821 271
608 998
917 898
221 330
530 892
1064 101
625 637
1118 509
457 958
646 67
799 285
664 286
515 587
823 640
694 798
401 460
910 374
336 723
601 300
559 125
886 586
494 1011
32 1120
603 394
233 476
101 996
858 704
400 352
1153 883
189 1083
813 687
1113 1086
826 944
21 667
390 252
248 60
515 1171
903 346
749 928
685 1161
685 818
1127 1050
1087 876
667 302
1062 760
386 452
1120 542
593 256
942 387
312 877
852 287
704 1157
1048 1123
1124 388
7 780
67 148
379 86
344 112
861 1072
1103 57
336 798
188 601
80 770
3 490
1053 876
714 1020
1091 86
656 573
1060 974
984 593
832 640
671 842
753 1169
777 729
898 930
767 756
1168 232
561 206
851 571
293 1194
34 477
446 776
107 66
693 616
652 797
231 1044
530 1144
198 8
816 718
115 735
14 1106
612 605
595 754
841 956
696 571
1049 113
1052 371
541 584
536 155
516 608
959 660
838 53
854 270
130 81
666 941
866 536
904 920
482 1165
756 1164
1109 1145
1187 155
573 461
575 971
142 154
977 1179
265 495
1137 951
387 823
897 124
659 467
560 890
242 1070
1093 274
1030 1055
17 516
1014 540
461 1121
910 803
67 984
492 276
446 401
458 361
674 106
916 1084
828 772
928 346
1057 196
329 837
356 1117
683 582
903 534
958 145
361 82
666 726
1010 750
911 619
437 669
564 1137
237 14
78 278
337 1135
1111 788
427 451
28 862
629 195
784 753
695 891
22 353
557 2
913 588
1187 161
950 738
687 783
90 815
183 931
1169 626
635 226
1169 880
168 1003
154 277
620 615
897 230
955 832
575 270
1091 1124
1094 964
701 247
152 439
767 99
1165 845
846 955
63 504
516 700
562 199
766 97
458 0
702 344
80 559
37 18
1191 524
792 448
833 252
723 379
682 115
448 969
1044 1155
1170 710
867 397
937 565
258 996
536 960
277 28
763 168
263 78
916 1030
857 846
260 1043
617 166
446 411
158 182
565 403
675 89
10 458
780 718
1179 180
45 752
708 976
361 761
1017 187
388 307
780 866
1089 720
183 417
19 888
247 871
557 797
1197 74
593 296
133 472
699 784
524 312
297 232
490 225
1036 653
15 875
760 923
953 566
619 32
404 917
719 795
593 104
465 718
1129 656
1028 745
351 550
50 779
925 245
1004 588
857 973
173 1082
323 784
1021 807
307 462
1050 774
317 425
162 521
325 17
213 867
629 1104
228 767
49 914
269 719
580 697
120 383
556 845
299 665
12 1008
58 797
837 396
989 77
142 75
1019 717
777 1059
262 657
953 451
634 134
76 921
431 1141
548 594
118 1070
926 825
790 182
311 68
359 362
349 918
820 1004
74 317
843 1076
177 1152
132 1153
552 34
916 840
1078 289
1143 838
726 832
885 658
6 4
756 317
1078 280
155 914
339 977
96 952
728 383
587 771
557 232
973 103
17 588
506 126
456 853
704 1072
763 232
478 222
820 146
987 175
701 1024
1171 89
589 991
200 1105
227 1139
152 1070
395 1189
630 1025
318 385
1198 163
664 853
78 333
673 1176
863 758
638 686
66 335
994 71
984 134
838 421
354 346
110 927
1040 113
591 743
530 566
515 736
187 133
772 165
112 1102
183 538
891 11
167 690
465 925
563 481
518 755
395 759
1035 806
909 1189
865 236
897 90
153 213
682 594
1174 213
1016 82
6 459
803 647
43 463
351 877
262 1024
869 212
167 518
867 647
497 1116
1085 111
384 707
896 808
843 1125
520 627
1041 623
24 439
399 68
1163 201
951 164
247 836
1107 109
137 1004
695 822
1047 671
382 632
805 616
1065 1059
766 1143
943 274
287 583
1076 34
443 918
194 216
883 148
72 756
628 180
993 663
791 219
732 496
1197 466
1163 187
424 999
912 24
85 611
813 322
720 57
548 605
689 22
1008 624
234 1135
662 42
65 41
185 72
105 955
856 589
724 698
963 870
171 499
1140 666
815 780
703 114
687 812
455 1070
1055 59
1032 352
712 1178
815 33
608 499
27 477
255 457
289 717
1084 951
759 812
1118 1017
349 66
768 918
550 41
904 214
361 1024
874 1104
1013 1156
543 1095
240 243
1193 1098
725 529
361 740
908 371
1174 367
674 898
97 393
947 528
587 578
194 1158
899 941
988 280
810 417
634 606
688 970
1100 731
1090 4
538 16
726 335
387 642
419 627
256 482
793 943
232 584
1018 880
995 584
190 640
804 38
161 25
83 56
980 649
413 415
593 1175
648 101
1175 510
556 545
909 48
1090 981
984 519
357 586
821 1036
190 1055
306 189
963 106
591 535
382 903
1122 355
1040 53
899 616
1097 511
1012 1073
211 919
1173 459
526 199
630 758
708 604
190 516
787 517
1027 424
781 543
692 1179
1065 117
727 671
801 1012
1037 1128
781 820
91 375
733 696
832 514
1175 1125
433 371
565 149
728 969
504 323
5 1136
388 169
843 1081
295 625
308 1052
1126 864
608 1167
373 1123
728 550
642 828
30 286
616 838
990 627
114 727
222 799
35 273
115 914
1190 968
291 787
81 644
421 259
390 162
168 1092
412 308
216 390
836 461
1148 866
1083 1167
701 596
470 302
104 1050
582 1130
209 84
50 22
440 1018
551 803
273 73
201 336
753 1107
810 357
230 5
154 887
847 809
92 805
339 1083
106 569
1080 1144
602 1067
165 555
883 538
1156 69
481 299
37 661
557 398
760 751
928 210
172 653
907 682
84 1101
423 755
777 835
1173 720
211 1023
240 91
348 800
617 707
1164 23
741 340
742 368
791 547
638 151
329 561
25 438
1034 825
577 242
488 80
994 35
339 747
812 276
99 661
438 435
439 1028
503 982
893 718
877 503
305 23
174 478
674 1022
92 974
933 1106
466 816
1122 175
968 395
919 119
967 1019
709 555
1078 591
665 528
1108 147
310 243
742 923
612 233
505 667
1165 620
1173 482
1195 1090
356 963
573 669
224 871
270 346
469 380
1075 1029
1185 1199
360 896
802 1154
552 117
929 254
724 1070
633 414
80 612
673 805
578 859
245 336
313 41
133 214
1087 239
178 228
459 926
610 60
332 921
888 593
745 755
373 685
692 619
406 1121
41 155
865 995
641 895
853 482
757 1139
56 1192
837 670
535 172
1185 932
291 910
611 165
955 197
482 647
711 728
539 363
796 918
675 114
42 1031
219 645
148 435
195 1094
1081 792
1032 820
371 1025
639 743
588 97
961 1103
381 387
130 1148
811 416
1025 1140
542 72
1162 75
131 471
801 545
601 885
599 512
115 833
112 579
731 573
881 77
657 318
33 1062
657 485
695 1137
569 591
782 407
1011 376
656 1173
790 324
31 219
407 442
529 290
1150 89
1066 844
362 521
391 595
1139 876
440 365
1077 1025
261 444
575 973
1097 546
937 562
858 233
117 121
54 1165
997 752
1019 628
1055 879
337 503
850 209
865 1070
995 903
997 909
907 965
920 954
928 183
1041 400
461 157
847 321
948 437
917 874
1190 341
899 632
863 782
1153 135
942 841
817 556
680 474
383 516
612 509
553 1164
226 663
486 754
696 1186
371 815
55 142
571 1067
1184 125
1093 810
720 876
215 528
212 1142
283 747
828 148
983 510
218 1009
209 856
685 299
927 292
987 525
745 197
50 879
1118 739
387 591
520 196
282 643
1083 338
221 975
81 876
736 3
116 562
799 389
1078 703
62 276
739 1189
86 696
710 405
1197 473
759 753
276 956
410 430
45 1126
395 377
921 1117
1167 1146
727 531
236 81
751 596
1137 173
1145 879
656 293
537 445
486 752
703 175
448 951
422 864
1037 1008
465 43
1199 352
700 597
592 79
577 1146
506 1192
1196 661
715 575
738 278
377 526
576 1059
791 957
395 139
298 356
385 159
878 976
879 831
1044 660
781 49
778 487
434 344
91 167
823 190
145 258
1047 910
1009 153
303 1101
350 740
625 35
1189 845
1027 258
1118 361
579 860
554 152
825 536
1142 369
698 145
670 350
306 358
105 181
286 209
513 311
1195 1052
1164 1191
782 114
1100 876
1137 1071
635 1003
718 672
785 715
1118 366
221 534
700 302
306 259
312 1166
73 982
247 861
807 860
892 12
5 608
345 1161
1198 867
1193 966
576 882
1184 25
861 223
1127 436
99 874
426 908
30 315
546 1037
987 13
761 182
532 1007
280 104
584 885
268 385
1106 435
63 502
629 522
449 337
982 162
1186 69
1052 491
87 711
1040 1176
320 994
924 181
140 841
636 958
19 93
290 1197
494 926
234 701
916 412
841 891
1054 1037
143 681
491 1081
525 743
808 1133
432 1132
340 234
798 1029
917 1054
808 63
26 1023
1091 244
1101 313
1044 214
157 466
341 27
657 718
60 214
39 29
1192 281
407 939
319 1087
68 14
927 847
212 630
218 276
517 544
1040 667
335 1162
164 722
926 1191
531 739
288 990
108 47
354 59
219 646
928 695
836 394
435 1018
28 419
1087 611
670 941
65 1186
508 310
826 947
902 701
551 1038
266 941
605 315
706 1153
955 117
511 186
725 724
650 128
705 668
543 317
990 136
917 320
273 962
686 188
898 874
1011 869
965 1147
602 525
21 771
732 242
106 673
1022 469
1160 870
588 261
145 164
1055 887
335 1122
1033 493
190 599
286 504
961 591
352 544
1169 806
747 334
1183 13
1108 238
25 771
412 973
605 94
1155 329
1142 109
1150 542
1037 121
1 922
796 599
418 242
220 77
403 1152
54 444
849 844
285 320
1016 884
279 1031
979 624
1020 21
386 390
358 120
283 1081
982 956
157 186
1155 489
682 106
882 796
988 315
751 594
482 726
194 987
642 278
1175 41
1072 664
626 921
857 681
675 530
245 1061
1066 343
718 579
296 760
209 695
46 959
60 1040
730 45
1199 85
466 755
32 217
312 565
130 1099
479 124
1150 1057
577 229
1044 1064
0 1027
931 747
423 613
366 389
959 481
1165 665
1035 140
412 1060
968 757
188 183
397 59
970 804
447 354
858 548
116 424
134 94
1189 435
370 289
241 262
672 756
41 1014
1129 1057
302 123
909 43
491 959
328 186
963 922
363 1195
971 869
804 866
647 986
995 204
1044 487
204 1031
203 74
1136 914
183 270
438 827
453 985
371 462
1106 597
3 102
726 506
439 408
551 182
1185 601
758 1072
929 605
566 151
1107 70
788 844
602 993
507 950
1089 1159
754 1110
514 914
776 401
42 1052
749 540
782 208
232 78
940 73
33 10
832 498
186 322
1116 1150
224 878
377 712
1061 998
723 543
142 1149
183 740
839 982
229 938
568 141
226 516
125 221
794 831
515 1089
610 537
685 1088
119 1005
724 238
944 836
650 774
1112 1089
843 652
505 261
786 162
925 285
1066 445
1079 680
295 522
1047 22
752 108
696 37
1075 1017
417 1066
141 146
736 293
741 1053
116 636
264 31
450 1144
333 556
112 995
633 65
836 531
586 130
261 539
386 980
1096 379
933 724
721 132
124 709
548 277
203 123
1049 530
527 868
877 265
1124 65
583 69
455 375
1140 946
164 276
266 793
1100 210
1060 834
196 128
913 1061
1066 1146
1041 796
627 591
556 602
466 418
46 1191
852 470
1194 713
635 435
158 1140
245 268
144 179
366 1049
1161 1008
147 60
945 921
324 1170
1190 825
207 73
977 566
39 483
726 288
30 767
170 365
1166 897
237 947
534 24
617 1185
734 580
906 108
154 796
173 996
859 942
763 1017
548 729
1137 868
578 616
273 186
426 497
881 250
453 88
707 194
1131 976
235 53
258 104
338 583
379 153
316 884
1196 922
478 396
467 117
250 1020
554 794
434 497
390 137
978 821
267 1137
87 997
594 542
884 1071
824 27
732 1134
181 596
429 128
631 867
902 279
188 138
1186 45
855 512
1177 1188
698 748
445 398
646 59
992 550
977 89
175 60
310 941
1064 346
657 137
7 1167
717 219
597 404
1053 227
431 402
20 608
300 237
758 416
666 549
1143 658
972 1161
1052 273
574 1074
353 328
1147 1135
213 42
828 1081
304 0
85 1072
806 196
534 644
184 175
1147 114
439 911
1029 976
621 812
234 81
266 258
237 51
220 1027
1067 680
378 344
740 60
142 524
213 199
725 1193
569 1010
670 463
131 549
407 1040
30 529
595 1113
892 1132
394 6
1170 135
955 713
1132 1089
531 495
384 394
571 611
944 1089
550 1174
321 147
1071 739
97 561
808 1012
582 103
311 107
622 888
121 353
54 1016
212 659
274 334
601 137
357 85
458 626
650 1159
377 310
923 277
65 1090
665 250
1044 450
727 1155
1196 146
272 263
660 209
819 365
728 150
187 416
368 469
473 71
31 439
492 976
949 263
1091 805
280 929
18 124
381 608
228 172
686 1118
76 101
1142 1027
504 148
680 955
1165 1115
348 814
757 378
408 485
532 66
233 484
1199 116
103 866
272 1177
170 939
505 882
811 481
451 761
415 1127
656 620
202 235
54 395
686 1011
149 856
822 428
769 1010
584 935
16 1035
217 237
171 459
361 465
479 470
95 267
912 453
1163 743
966 708
69 507
1074 638
781 527
230 916
781 838
98 939
491 1198
3 405
1197 1057
1083 696
295 798
1179 883
63 911
482 1177
774 701
583 526
961 109
717 924
103 910
1176 905
25 544
1199 679
231 13
6 522
1155 861
67 452
507 520
541 105
601 675
102 1091
940 57
685 1147
778 718
358 910
800 871
26 1157
246 733
641 326
665 254
1026 428
980 1045
1084 1175
872 707
876 237
491 32
1130 215
380 925
1027 379
462 654
818 353
203 690
1088 1041
912 857
1001 1058
132 1174
601 53
959 268
1002 781
583 504
1026 1132
854 1075
699 762
874 188
1009 71
147 324
589 72
842 882
717 499
774 22
781 940
435 96
1165 242
855 443
970 293
171 923
157 449
535 1044
355 579
477 1035
138 102
63 1191
1117 798
804 311
845 560
730 717
720 1093
22 1038
156 791
930 154
1128 284
548 1078
164 723
1158 703
298 28
1030 887
1065 25
7 262
623 402
371 1021
1136 181
537 10
890 909
187 81
809 125
120 417
929 797
562 1061
132 674
346 778
605 1183
1140 587
693 347
583 777
1054 920
945 760
561 1154
81 358
1016 1109
1048 821
529 235
1070 643
832 526
1008 629
510 840
261 359
541 733
977 519
39 609
40 875
763 370
142 330
382 126
390 459
302 875
1073 479
363 764
798 1085
53 1190
218 93
314 187
232 758
883 40
1007 1105
420 753
1173 663
1003 516
412 622
402 714
90 138
1036 1024
1025 51
444 428
1091 707
653 475
416 236
857 984
303 1115
989 1119
294 504
913 865
711 388
926 514
572 1178
862 282
