1200 2000
526 5
89 1085
1025 751
712 588
1079 1091
674 978
388 731
651 1097
721 230
247 1093
1081 655
1014 269
288 863
1078 542
1023 507
14 989
538 318
1156 609
461 458
992 407
337 33
985 621
755 182
241 628
124 517
24 661
558 389
552 113
1198 952
377 189
821 460
231 222
856 906
366 396
1159 657
498 766
436 998
953 575
853 636
726 1199
675 527
578 290
1152 205
1078 761
139 49
445 164
575 1154
192 584
1052 515
643 30
82 393
1077 545
1012 319
1162 204
65 1143
513 613
138 178
1028 149
268 1092
1038 209
726 333
1033 400
63 781
389 999
1088 1047
366 736
665 358
535 1139
303 645
385 1198
1115 711
944 1037
49 471
684 112
609 735
599 718
990 307
477 830
881 1073
877 168
295 724
97 554
626 877
93 221
907 794
195 896
975 1145
971 278
963 539
1168 1086
1138 917
828 871
482 23
663 146
66 105
303 871
1066 1193
876 416
590 475
1070 139
58 649
1096 488
459 539
153 297
707 1089
498 380
96 722
276 751
510 72
668 831
313 517
346 1001
426 466
438 374
121 80
433 875
831 1119
65 398
151 191
765 881
744 665
92 579
354 386
558 1050
255 762
207 983
465 664
689 463
538 449
1136 639
722 357
118 379
558 968
64 729
351 330
788 110
1001 1192
1002 409
1124 381
231 725
178 605
1190 299
880 798
234 527
1186 511
216 299
305 220
1184 956
1101 361
579 37
226 143
851 1165
49 955
1004 449
324 512
469 291
765 874
282 264
980 530
779 483
565 1189
310 619
126 875
784 1127
224 928
75 821
552 691
115 774
905 169
748 351
827 918
347 655
614 352
478 640
995 614
716 837
792 254
765 642
444 765
1023 878
670 662
1089 212
315 199
737 711
258 543
618 640
493 835
1011 1064
713 344
378 179
363 882
994 167
1087 317
1138 1079
839 149
350 118
658 846
5 377
665 1167
143 382
681 481
820 815
747 1188
995 1045
100 1001
941 128
604 590
38 948
511 829
611 128
1162 777
1049 949
954 1154
1164 562
587 375
838 304
1164 984
1068 615
704 1137
817 949
960 1087
190 446
301 164
849 1192
854 310
375 822
388 1114
1162 583
469 631
78 1008
456 1146
407 1153
105 724
519 859
896 581
938 400
1089 219
836 498
26 32
489 109
629 996
209 975
901 58
1005 16
585 1142
563 196
980 552
921 15
1012 665
609 312
714 666
782 327
1121 197
773 159
646 93
1017 894
247 646
102 232
105 238
977 761
1064 41
160 1160
856 380
1096 427
389 754
257 3
920 966
1187 896
163 751
1197 346
1126 765
516 390
1037 24
1042 5
500 561
1145 741
369 279
397 27
206 8
113 1156
798 499
557 362
478 392
223 1111
496 787
141 232
606 28
703 1134
925 375
54 753
100 937
573 157
24 486
157 706
559 1041
363 80
480 1162
961 439
1054 1121
705 862
633 952
237 186
361 973
819 603
216 1015
1092 355
271 1138
335 822
189 354
753 793
38 359
606 415
592 317
1126 665
972 1075
654 388
1043 1177
1029 884
78 800
951 281
1092 1006
14 781
1020 729
770 308
1140 156
49 342
547 453
737 415
1063 1006
964 511
317 12
354 1077
762 522
1043 24
791 922
483 910
99 529
1074 213
555 474
144 536
425 1175
433 280
475 1143
142 161
991 1111
441 1160
534 624
591 182
851 1050
107 114
356 233
1038 1036
1121 322
408 253
666 327
164 228
107 842
132 78
957 1023
1 812
259 179
315 656
207 6
1002 1008
551 288
171 204
223 138
73 599
129 425
957 843
212 228
474 252
415 1103
314 1080
462 799
103 1055
692 482
873 879
667 938
941 496
911 1194
565 557
1013 342
957 377
70 1147
813 888
826 750
1125 535
391 752
433 258
1089 177
965 1021
734 1096
74 984
569 797
495 605
244 222
54 576
1115 380
3 77
621 447
1141 782
596 320
545 635
1106 1109
611 890
986 25
1169 743
1033 659
358 144
118 433
335 308
351 208
825 4
723 1018
1035 888
328 114
614 163
1078 942
787 684
12 585
35 203
680 937
377 243
846 353
117 1130
1188 831
651 198
104 328
945 482
467 303
345 1090
104 173
477 769
990 948
840 535
1010 936
723 535
1014 582
649 564
1150 979
195 166
418 172
968 940
362 1052
878 435
196 408
411 991
617 25
641 192
183 313
870 995
963 101
40 590
776 481
987 228
1111 773
496 951
994 424
875 774
1180 1061
580 994
702 125
411 589
1120 888
731 571
715 160
1043 1171
209 64
681 358
753 95
379 559
934 4
659 305
534 996
274 51
905 56
349 849
604 538
319 698
135 717
1131 860
172 25
345 433
345 1187
1027 1021
372 1109
210 233
1130 744
1113 764
621 385
778 478
557 807
391 657
802 38
557 579
719 661
1187 1137
284 101
968 154
674 871
866 357
149 506
415 224
306 547
591 585
239 1174
589 196
667 625
630 899
249 173
814 401
277 798
207 597
178 919
115 883
1048 57
993 142
1032 1186
951 947
897 849
874 43
586 246
739 273
978 499
1004 1002
176 336
622 150
647 72
693 1174
233 264
10 466
496 124
64 231
780 1044
342 13
342 5
443 532
468 1161
463 203
658 791
17 622
914 341
1085 24
659 73
489 619
552 312
582 741
213 1145
581 264
1053 1187
207 1069
911 257
360 684
507 118
990 633
109 276
968 104
14 669
495 11
410 1026
933 721
622 732
389 946
80 1129
914 410
815 528
617 86
551 513
194 225
2 1164
1140 863
1057 463
1063 1023
229 969
220 570
837 728
34 604
891 159
612 239
168 55
475 290
722 843
830 365
21 710
621 169
454 1065
702 860
950 1113
570 577
74 990
114 361
1175 1198
1169 92
494 412
444 209
751 969
1105 683
420 411
637 813
152 1129
665 148
560 529
608 1002
865 187
540 1109
400 439
124 228
754 393
403 523
162 1194
1069 345
295 171
487 883
960 303
386 392
1104 554
755 977
1087 815
167 69
1189 717
755 1154
821 790
528 821
1057 748
813 784
998 371
873 55
514 166
408 660
131 46
334 193
437 1025
1061 874
471 1136
43 413
711 114
779 594
797 313
567 111
1158 1004
406 45
1132 63
556 859
369 521
42 840
1179 1118
90 692
97 369
361 984
655 283
937 1148
1007 680
1014 1187
507 28
648 844
924 902
603 375
239 998
598 657
1 639
740 681
662 915
1144 63
848 833
182 1126
69 651
557 841
846 19
84 1171
1045 832
875 961
399 699
812 772
963 656
967 620
427 141
491 241
521 806
776 629
1021 1114
106 569
1055 169
990 631
1120 997
948 3
1021 1185
307 265
144 1136
261 423
476 964
1112 465
1058 552
943 14
725 819
623 674
533 457
884 767
891 482
430 201
211 702
202 604
93 261
1192 71
506 952
25 833
700 148
968 511
683 208
281 171
381 223
1049 742
396 419
704 261
1160 1172
126 373
454 142
39 670
1095 931
587 372
586 574
336 167
372 97
1107 1
389 440
946 164
971 373
205 445
77 920
282 806
786 418
82 533
282 494
343 657
333 1145
877 1083
390 800
72 746
871 1185
876 778
107 316
438 1025
967 212
188 170
752 107
1089 855
148 675
361 896
560 1035
944 163
132 341
833 78
460 758
328 106
976 259
318 142
971 889
1143 1197
1131 209
1170 1151
509 193
177 604
177 571
1080 29
693 380
1022 327
540 605
19 2
289 848
384 273
788 1021
458 905
111 677
120 289
76 696
960 813
1073 458
1105 507
83 622
983 858
322 493
263 1163
684 1027
1056 108
1127 107
981 1161
166 300
727 91
611 577
698 188
82 812
769 1021
314 522
52 576
205 1035
386 576
154 853
1096 703
420 414
24 330
1169 669
1097 921
498 562
603 1072
946 248
523 1101
435 334
723 433
53 778
1167 1199
465 297
480 362
493 877
196 97
487 241
73 467
68 870
98 865
620 154
903 618
336 678
89 1193
1137 869
1031 348
290 832
1173 610
589 1100
847 1096
333 850
452 230
1095 943
1185 34
698 325
554 688
576 1037
1169 434
1077 735
56 401
894 401
62 590
779 1026
480 380
753 263
728 956
369 327
1176 113
715 573
441 319
917 362
1004 1031
332 1172
837 713
1061 1138
284 714
437 598
606 38
567 745
459 10
381 676
359 1010
640 341
795 157
777 1067
485 86
1068 961
35 943
442 1123
944 248
508 837
387 487
450 348
143 1011
618 1088
420 1018
534 22
1195 873
306 33
840 207
294 262
641 558
358 761
175 943
832 994
62 653
56 762
316 898
474 1160
303 217
174 69
160 131
202 500
717 536
1137 668
1023 917
265 199
610 456
251 164
997 1118
27 1057
323 984
232 43
532 1077
631 822
625 176
378 930
319 75
244 32
901 304
55 805
867 1004
349 902
571 863
1179 497
544 1063
266 358
882 498
1062 695
497 973
992 777
383 409
407 351
667 859
199 369
874 802
733 283
116 1110
408 1137
112 923
1135 103
259 1141
718 898
1001 643
63 985
684 575
852 842
467 227
204 1197
688 111
441 1083
369 59
7 606
913 481
101 361
869 12
1173 133
904 451
107 467
419 238
488 673
456 222
319 751
1197 1196
653 186
737 225
669 435
262 1032
877 417
1123 861
674 1162
116 1100
176 620
1053 655
543 236
437 484
502 949
537 837
752 168
41 1165
131 295
1187 1016
555 846
452 191
23 196
1176 721
1060 754
552 1094
897 516
10 412
364 51
309 577
509 1021
492 277
242 796
156 507
519 135
1185 266
2 447
252 323
224 716
77 249
99 325
564 597
547 932
729 310
176 349
533 933
41 796
522 192
195 534
715 531
796 684
953 963
173 513
419 939
1144 723
383 1012
631 820
192 769
742 1159
230 660
1058 240
941 948
991 176
462 972
273 786
599 951
371 180
665 658
69 262
318 475
798 1013
13 688
317 470
226 371
1177 389
307 976
979 184
490 921
216 606
88 1000
918 729
24 381
555 1154
550 1136
603 527
572 117
850 207
980 723
823 525
256 595
1003 1069
260 162
74 961
947 741
651 181
797 750
961 665
1178 127
647 628
484 180
925 700
941 1168
26 1006
781 531
745 267
953 89
1121 565
1139 1103
577 962
1153 787
703 925
974 192
847 808
1179 327
1058 940
1005 599
1104 510
1045 695
910 858
213 803
357 570
1161 21
786 558
545 637
447 382
910 959
442 119
962 942
904 101
581 207
719 5
1045 275
211 1132
516 1103
1122 893
376 759
245 445
823 1060
720 396
153 1191
765 343
1086 272
1173 722
280 609
43 256
313 950
993 509
71 304
612 973
837 847
1060 584
428 177
289 35
370 495
637 673
720 299
170 1138
421 687
1066 501
879 390
51 503
1025 927
697 12
166 768
124 705
90 568
559 288
134 527
1022 1186
876 812
1074 4
321 912
501 0
928 1011
210 556
975 1016
127 619
631 241
943 787
758 898
878 1083
1013 1177
416 186
331 552
517 486
734 946
1059 47
489 418
325 117
272 832
1110 1185
1117 66
494 696
362 1188
865 667
104 331
157 419
1034 373
697 248
950 317
1042 589
915 536
784 985
152 232
225 692
827 448
200 702
510 1101
859 1029
758 241
822 602
573 927
635 967
144 582
64 426
333 408
258 978
1153 137
954 57
890 1146
1077 210
962 1170
740 250
131 1145
264 957
947 1070
485 371
1102 1022
800 189
17 45
373 365
833 865
1033 866
327 1102
745 119
89 455
462 415
575 1120
802 1051
838 682
1072 772
1082 134
475 813
600 420
1094 579
969 442
376 855
966 287
1139 325
325 80
695 861
1161 732
670 811
936 1075
286 339
489 848
177 322
1101 1114
462 848
190 429
1061 321
539 95
1161 363
943 857
979 1157
599 710
818 959
792 639
1014 727
213 1122
674 1062
1007 1119
698 215
634 1180
518 112
143 55
1019 144
395 508
55 1077
80 1105
891 754
292 898
650 282
961 1056
436 172
155 1120
177 566
568 771
826 1070
1114 1132
834 320
764 511
108 187
213 194
257 1161
1131 590
713 998
649 174
1003 979
182 1161
1090 561
336 662
732 640
664 810
687 21
984 251
965 72
1053 359
571 654
1153 91
300 268
199 830
791 978
50 1046
1156 442
1075 710
505 314
1010 600
140 389
259 733
1163 216
896 71
331 1087
187 1005
154 1156
442 1193
385 1003
1040 772
1097 662
53 612
642 932
464 624
801 1007
731 216
730 971
288 1142
458 1057
1017 1103
1066 857
300 449
622 572
978 554
448 149
1020 110
385 1076
744 809
340 646
214 779
784 541
397 494
109 1088
806 706
550 1108
535 1099
158 327
504 442
419 25
862 96
1036 1172
406 581
402 26
1122 924
136 771
96 660
203 830
128 49
634 231
284 536
374 237
797 1054
425 432
223 1123
699 765
383 1165
79 828
176 122
904 1168
24 1089
610 514
621 494
383 426
618 976
938 949
385 1114
858 430
682 677
353 294
2 497
20 684
602 1176
564 843
701 3
549 550
613 393
1052 1081
687 1115
1183 32
970 375
284 557
1026 608
309 449
21 1028
6 894
471 515
836 339
588 412
439 912
1162 560
1168 682
1181 197
51 87
248 479
1032 84
440 217
591 334
943 740
2 1188
1151 513
971 685
194 656
539 23
172 596
119 297
692 857
644 1168
564 726
210 962
739 756
233 209
801 265
480 914
809 834
551 723
654 977
565 662
52 253
900 938
553 843
240 52
273 225
448 563
245 388
1030 100
676 963
220 34
942 1163
1056 37
960 270
885 149
71 723
1012 974
1181 443
335 904
509 701
230 804
797 817
117 842
792 50
668 1055
539 377
486 701
201 490
1018 325
544 351
103 382
947 442
206 843
1087 944
94 608
706 200
34 260
155 236
192 442
188 433
202 503
166 897
755 109
738 537
737 1010
224 736
365 1030
733 1045
51 346
748 1035
323 17
818 309
712 802
23 1010
889 534
1160 39
836 751
101 726
950 794
886 545
557 767
386 324
242 485
88 635
861 358
816 978
840 432
781 434
770 1044
677 756
474 994
200 1067
309 334
95 464
103 1138
227 603
440 1015
244 703
236 1051
816 494
529 1199
748 359
627 311
82 754
1015 826
695 105
1010 835
986 1178
1061 1176
799 776
279 1043
1010 191
1010 348
423 411
926 451
1066 487
819 585
568 903
583 1005
23 583
633 43
705 555
970 961
714 1111
278 1056
813 23
565 91
419 767
145 575
297 929
191 578
597 458
1029 989
386 603
656 642
252 492
168 949
54 925
1091 880
1123 273
587 846
646 711
517 157
1166 42
658 722
1080 1134
747 51
715 636
634 407
1047 1125
490 120
163 1052
72 1163
182 575
921 357
988 1197
1154 344
206 708
274 365
897 290
966 877
247 100
255 571
1152 193
711 323
453 592
1176 397
844 295
1089 555
686 546
1089 16
382 657
776 1139
801 1150
946 1093
1089 6
467 704
853 231
265 1001
486 923
1138 620
283 1089
112 961
1158 421
1036 585
775 158
980 958
5 565
470 1061
193 635
638 205
1102 869
17 318
1166 192
852 249
423 1110
675 293
172 128
698 473
161 520
324 1064
477 181
300 326
194 1071
985 450
662 364
956 641
344 185
1086 954
882 1003
665 70
1023 83
1090 728
1008 941
482 790
911 277
1189 645
898 833
985 413
729 785
411 1185
948 2
272 819
298 600
813 921
625 269
152 593
238 943
1187 653
649 922
378 115
259 943
240 104
246 895
252 903
294 1183
595 885
1164 150
311 767
1197 52
472 181
291 996
336 1085
377 997
330 480
730 802
531 914
264 392
25 50
113 1000
1112 443
737 1134
930 1173
450 1028
491 771
747 221
666 716
357 1186
675 600
234 229
474 183
532 1032
969 293
419 111
174 449
464 676
165 662
639 1004
474 61
762 84
775 536
91 787
52 1122
436 617
1044 261
355 84
750 63
302 1055
186 966
1093 1177
706 989
471 998
1190 1063
925 48
785 441
96 301
596 499
746 943
622 149
603 1175
385 48
1059 1131
575 739
762 994
274 1094
739 778
538 476
520 245
1137 314
509 518
692 686
413 331
634 178
1006 726
830 669
719 220
164 639
310 147
1187 463
512 155
199 638
511 485
12 744
562 836
394 853
623 631
514 865
849 864
558 514
501 91
1068 966
52 1072
268 556
801 923
218 763
48 1036
809 220
453 675
438 559
923 537
372 500
576 700
335 583
838 23
1150 898
734 562
693 68
958 189
1007 839
677 610
48 749
1088 415
867 117
1008 13
207 81
869 994
121 888
1132 147
584 750
977 1027
1171 857
1091 1045
1063 724
165 307
212 163
1162 178
41 293
259 549
68 544
180 1148
312 894
213 1050
754 692
673 1076
1057 745
369 1086
814 352
222 485
1124 498
255 591
360 115
358 669
1095 461
32 246
501 1184
105 991
680 983
964 768
588 749
811 271
1147 307
1083 510
103 415
997 440
447 1074
365 854
606 403
1009 293
175 824
594 11
897 257
585 142
752 1150
56 799
193 623
556 401
487 763
736 376
690 780
940 202
616 323
171 668
540 467
949 407
778 16
912 550
996 551
1193 523
80 664
106 686
1173 259
243 1015
241 975
928 146
1146 74
5 762
1185 452
317 831
594 80
235 620
582 275
460 861
433 814
704 574
255 321
1073 1138
496 162
794 1144
1135 781
866 396
148 1100
1043 600
273 115
241 958
288 548
764 465
220 310
849 191
259 74
1184 999
605 383
885 860
493 838
858 147
174 1138
413 530
698 91
925 497
212 1075
633 1128
621 725
1117 635
68 406
982 482
163 1144
236 463
1013 492
694 583
308 966
583 42
875 412
642 804
829 873
786 888
1081 284
532 824
777 477
485 712
689 739
1050 952
68 340
84 1026
733 544
59 796
45 600
315 598
66 657
147 503
359 424
435 1151
785 872
429 771
816 979
1186 310
932 667
641 132
391 137
46 185
613 550
960 1134
545 1080
95 855
330 814
557 328
677 915
447 600
929 925
121 614
134 242
378 734
1024 1166
498 1167
195 496
28 627
266 819
696 104
154 1066
664 1114
868 698
185 40
0 1090
274 516
541 1042
311 200
1124 923
4 1167
689 852
206 182
526 203
502 174
337 748
972 733
470 1026
41 275
469 1056
327 776
892 1061
30 325
606 200
743 1092
441 198
550 125
638 977
412 693
428 893
461 615
652 571
514 761
663 1043
215 1197
179 978
722 368
886 1025
860 832
1063 527
928 277
1060 1147
573 1123
1094 287
422 1180
1106 1132
596 1045
647 731
392 356
283 640
439 192
1132 799
119 18
1119 250
395 439
331 112
473 243
583 1025
260 200
559 1149
38 78
754 139
802 198
255 611
843 612
505 1090
412 894
412 854
369 377
605 1140
338 431
620 139
642 1187
977 1024
638 348
807 1134
6 508
1195 680
65 1167
179 57
729 568
147 317
875 627
978 1022
1145 918
62 805
357 539
1107 1000
886 301
751 594
1061 283
196 946
513 909
394 1133
1057 106
33 52
1031 430
823 1159
885 946
951 849
696 596
101 234
355 1038
631 50
366 553
921 1015
598 817
1169 302
915 951
1001 884
65 842
299 473
971 924
1090 1042
1035 684
1141 1061
879 825
886 1189
1014 1164
433 1087
50 1055
350 844
657 1031
52 1166
197 690
692 655
972 686
154 1057
837 980
491 1023
1051 366
