300 9000
249 110
195 279
60 47
8 286
46 178
272 239
73 104
131 36
94 147
27 86
64 246
165 252
129 86
112 296
108 110
91 108
138 91
48 58
27 280
208 25
116 69
9 141
258 125
194 266
14 166
108 167
187 56
23 66
279 233
112 21
58 125
20 283
59 78
47 138
153 282
134 64
148 55
61 106
34 176
17 21
18 109
22 197
144 140
291 244
244 180
195 267
8 83
5 53
134 170
126 256
174 25
6 199
143 184
258 141
58 64
268 191
132 239
241 177
280 108
163 281
254 268
230 196
90 26
7 237
158 214
19 272
69 252
269 202
116 76
56 89
150 259
44 130
65 45
294 11
232 107
117 46
81 290
247 159
236 94
62 161
187 270
255 210
180 286
115 96
179 53
116 83
37 137
124 64
2 188
195 51
6 113
62 184
226 233
275 3
193 67
6 192
118 150
176 175
80 220
24 47
226 200
66 292
88 50
291 148
230 290
186 283
284 101
266 150
178 264
293 179
219 167
63 108
249 64
227 49
130 285
85 49
40 243
203 273
140 190
77 153
195 185
200 54
197 277
264 226
88 42
183 274
125 144
180 76
253 2
105 199
131 29
95 275
237 32
72 26
125 194
264 76
49 169
73 170
5 34
78 123
257 113
13 31
174 187
85 166
112 247
7 160
45 229
84 42
178 91
4 184
132 120
31 288
108 270
112 10
8 141
197 112
219 193
161 147
141 41
208 262
275 81
45 193
225 59
299 282
198 291
42 217
137 44
110 12
235 294
205 16
111 155
206 59
215 254
227 39
68 177
106 245
89 257
290 184
260 207
254 77
89 179
17 101
49 225
3 218
261 86
19 155
286 278
130 176
113 35
48 46
16 223
149 10
59 143
51 297
228 65
117 78
180 8
108 271
220 295
200 194
252 72
99 81
80 201
279 138
279 158
101 122
110 276
111 287
206 194
188 295
123 126
223 114
264 26
78 229
27 61
39 268
241 209
23 189
53 146
94 238
233 66
37 170
158 255
244 155
105 51
24 62
150 29
89 203
252 3
225 221
40 32
174 86
254 204
59 80
280 113
135 155
132 83
77 85
87 231
149 253
266 177
20 249
158 155
244 240
180 223
192 148
196 157
124 84
62 257
123 128
280 272
208 105
27 68
46 83
30 280
85 68
195 26
279 244
270 8
112 150
179 211
195 49
18 248
138 250
287 23
186 26
5 248
237 77
222 23
192 43
71 214
212 104
61 215
163 21
2 64
168 178
113 152
226 29
230 203
90 199
116 242
298 257
189 84
36 63
157 218
107 53
14 161
62 116
271 30
144 192
141 15
217 102
57 90
247 194
11 266
114 99
46 187
226 103
189 27
111 126
112 0
292 192
143 280
92 97
3 179
136 247
271 146
235 126
110 242
299 260
165 218
48 286
114 124
165 215
93 16
215 238
13 229
279 190
57 290
39 21
53 162
31 11
167 115
132 119
31 28
268 38
264 233
195 2
264 106
246 258
211 46
13 241
117 25
277 299
291 181
9 16
245 197
53 65
207 169
156 27
239 51
293 127
235 239
267 292
254 80
167 12
107 235
187 190
171 226
34 53
125 180
291 32
154 50
45 183
239 294
190 214
270 209
217 189
53 199
263 193
242 29
199 130
68 166
14 140
141 135
292 104
203 92
118 48
119 205
39 15
218 103
263 97
63 127
7 278
213 73
47 114
247 128
130 216
129 297
117 23
40 60
119 218
69 96
140 148
299 280
214 73
76 43
160 31
151 12
160 86
184 26
114 160
202 84
107 141
185 232
230 155
35 259
114 70
31 221
84 184
160 72
51 148
99 151
8 211
15 36
22 39
229 261
58 6
103 39
190 218
90 277
231 75
219 161
298 191
64 263
102 154
46 279
279 285
214 129
36 72
16 75
266 157
209 224
205 83
252 234
157 216
295 38
183 163
181 164
136 233
4 159
26 50
270 35
53 240
237 181
67 26
206 92
285 258
134 113
116 58
0 98
228 185
45 97
20 27
77 230
207 195
276 257
279 165
167 54
238 87
26 263
63 46
136 250
97 201
20 206
24 250
179 127
92 95
172 213
23 135
54 191
129 267
225 254
120 50
124 237
185 33
243 126
296 259
97 72
122 289
144 63
165 280
297 286
50 46
9 292
147 176
54 289
223 45
217 81
53 204
115 154
101 104
10 275
267 109
171 75
122 51
295 209
295 2
206 203
2 269
12 292
99 80
221 91
84 67
213 150
193 42
96 186
236 166
200 217
156 109
295 138
73 210
184 73
281 155
40 179
37 76
133 92
261 70
28 174
273 105
125 202
227 284
247 218
114 142
261 282
297 153
212 61
144 268
21 15
173 52
202 193
78 119
265 193
209 248
258 249
183 201
248 100
81 165
235 261
253 197
201 107
225 262
72 28
165 34
128 227
27 93
125 119
262 58
231 85
40 136
1 188
261 109
150 170
170 288
7 244
213 160
226 221
257 6
81 48
121 220
288 84
259 2
254 236
46 78
130 217
261 295
17 271
1 269
49 117
146 293
178 5
192 101
204 177
46 54
260 46
137 56
78 176
141 274
256 276
74 181
117 65
3 132
11 275
38 214
162 48
234 80
150 246
272 72
166 1
235 161
5 282
299 201
75 280
3 119
286 99
71 108
1 190
57 110
4 13
212 100
133 47
180 121
172 87
176 132
207 287
69 212
168 138
39 159
205 269
91 222
37 236
89 113
252 95
21 243
135 209
220 83
190 51
3 145
126 30
234 89
44 120
281 239
86 22
136 188
262 112
116 269
79 14
204 46
297 15
231 192
250 158
223 295
18 1
244 177
85 257
26 242
188 51
15 220
228 200
178 30
116 11
214 294
220 262
181 47
56 254
36 210
45 171
50 282
216 151
115 268
110 293
161 47
230 288
261 18
215 234
213 57
271 224
76 120
89 90
210 262
223 159
189 195
246 132
148 238
5 121
67 196
244 202
46 64
126 226
204 114
277 247
228 47
255 76
141 101
21 222
168 274
172 191
53 160
30 121
20 276
51 222
241 159
76 235
34 179
136 160
40 172
10 205
251 254
171 193
188 240
15 49
270 181
213 215
284 103
228 263
160 99
141 295
212 296
79 9
269 260
98 55
139 259
258 157
47 0
174 200
115 90
25 32
63 68
175 299
299 78
217 289
185 266
193 217
22 75
142 218
208 117
83 234
258 107
44 231
222 43
291 187
7 89
15 28
240 274
240 211
36 216
108 235
174 212
125 223
93 195
2 49
144 229
206 103
85 278
222 14
121 177
46 281
84 218
61 31
243 227
84 237
267 245
120 38
65 128
74 90
185 233
141 55
282 167
18 246
264 262
212 153
256 27
141 54
219 127
25 20
57 108
77 50
155 23
44 281
165 26
77 262
203 246
120 23
90 189
99 38
97 112
216 221
235 164
76 103
115 191
191 170
68 117
290 128
252 203
139 193
256 160
49 1
289 48
277 114
102 146
25 93
87 7
46 47
79 40
183 145
233 24
240 271
115 109
188 34
224 263
244 209
119 206
149 34
14 265
289 49
73 217
247 78
272 134
166 190
47 176
231 144
46 227
290 106
273 268
69 142
279 72
175 277
52 198
262 120
293 35
112 99
32 143
239 72
109 165
14 178
105 158
119 76
59 134
20 263
19 84
7 225
192 50
235 227
87 35
191 227
91 249
50 190
165 88
294 121
38 278
291 194
168 155
21 25
2 51
98 268
241 126
227 204
65 176
161 127
117 157
260 178
280 33
101 53
224 186
170 212
249 114
34 119
189 22
253 137
174 175
87 171
181 165
216 268
237 207
20 161
249 61
38 273
98 200
177 164
80 135
109 36
140 215
122 154
24 153
74 218
206 200
116 125
39 53
256 170
114 25
33 121
238 165
291 164
219 148
59 107
251 176
159 25
295 93
164 239
135 236
281 21
239 29
15 167
76 218
244 241
208 72
298 20
242 103
270 71
152 281
37 171
22 96
254 74
29 22
116 181
106 63
190 57
15 97
244 112
195 288
10 136
55 189
225 141
287 33
271 218
279 18
102 296
240 108
210 134
156 92
67 19
262 191
144 82
35 41
118 79
164 267
130 192
33 36
279 191
9 113
20 57
66 273
163 283
245 88
185 8
67 261
63 257
209 112
129 279
83 12
82 96
248 258
279 10
180 143
199 126
47 2
6 59
74 200
36 186
176 49
155 215
115 134
89 28
289 126
242 299
255 0
266 22
111 92
89 5
68 7
83 271
247 287
3 219
12 228
46 232
229 199
9 44
16 170
36 268
59 245
172 11
20 79
62 48
243 183
111 3
130 127
21 88
21 95
64 268
56 273
79 60
116 51
138 86
291 260
273 43
207 175
72 114
255 75
206 216
203 9
82 23
85 118
136 168
115 124
299 276
63 61
4 162
26 63
284 38
194 257
264 67
176 183
215 221
282 232
50 262
206 143
199 135
152 88
4 122
168 99
176 298
34 246
89 109
165 251
218 37
117 256
213 176
130 19
227 12
289 159
293 87
228 265
44 290
13 205
277 125
93 105
72 85
133 29
115 13
202 82
131 51
154 135
69 233
287 170
16 24
91 242
120 247
204 188
113 282
95 209
11 231
72 151
292 0
115 175
197 103
187 271
259 173
241 199
13 153
148 90
255 206
88 212
208 122
158 124
269 208
251 23
185 249
159 121
143 10
62 101
71 272
290 204
3 25
162 110
72 137
10 32
15 236
104 281
131 23
30 67
188 283
61 230
93 7
60 246
16 59
205 211
157 67
209 93
298 3
194 214
262 81
297 6
285 71
180 140
183 200
103 54
137 148
188 21
215 82
112 297
258 40
29 207
261 112
114 289
263 284
145 180
127 17
194 93
87 279
88 164
218 55
78 295
244 236
170 38
33 164
256 82
182 145
20 202
12 121
18 163
154 172
165 20
257 55
132 276
76 101
23 186
106 131
3 15
128 81
248 266
57 149
129 249
298 252
11 226
178 104
299 27
156 111
147 85
265 135
100 62
249 135
79 160
222 109
17 160
33 171
174 294
72 115
148 87
163 187
214 1
288 289
204 222
142 35
287 87
179 65
166 207
139 116
108 260
153 164
7 71
237 66
39 185
101 43
148 128
56 244
22 92
221 253
131 22
50 169
70 187
58 207
54 9
18 135
245 190
107 225
61 23
257 237
70 176
138 180
212 98
296 164
290 129
106 195
285 50
197 201
244 2
233 116
74 112
287 58
194 168
295 26
250 286
24 118
83 72
10 223
273 71
35 178
31 260
125 191
236 129
221 126
111 133
36 119
197 124
77 143
153 113
192 252
138 77
177 174
162 86
224 286
86 75
127 92
63 282
69 30
121 151
120 146
12 282
292 141
183 229
243 17
261 262
191 286
166 147
156 113
103 115
88 259
103 212
185 264
119 6
68 73
223 33
192 126
119 265
215 137
168 50
55 92
88 129
70 33
14 92
97 265
51 127
24 208
151 259
95 25
41 84
71 96
207 83
183 72
238 18
290 146
296 19
270 229
228 244
122 48
216 247
43 272
93 163
206 125
81 41
261 129
163 47
215 108
288 64
283 203
280 240
118 52
102 193
270 164
141 212
149 86
162 290
209 255
273 107
217 284
149 289
131 161
284 109
238 82
201 10
33 220
154 205
182 111
203 77
75 131
123 117
136 41
194 228
78 243
238 145
23 141
235 2
254 67
59 175
11 14
234 186
81 135
123 140
230 201
224 43
4 33
112 199
249 86
20 272
102 98
81 149
171 79
128 229
121 17
281 133
213 18
188 293
90 13
156 96
88 237
45 13
253 96
120 87
204 264
68 121
202 234
97 46
101 230
160 181
193 109
98 37
245 193
24 232
144 246
276 60
103 163
289 272
187 195
274 248
295 126
116 49
23 116
86 241
269 140
145 243
260 42
162 39
216 133
210 26
284 162
117 279
1 182
155 199
110 244
127 177
4 237
226 122
11 196
102 79
80 154
49 167
183 283
95 148
230 36
50 67
259 240
241 188
64 20
53 170
154 160
166 107
216 298
22 81
220 178
204 120
259 211
110 175
137 251
122 11
7 220
78 105
205 29
74 102
205 214
247 24
244 250
249 288
190 41
200 252
96 260
189 222
185 38
11 77
116 142
239 192
266 182
44 26
39 121
274 100
94 145
130 115
196 49
76 219
148 42
2 224
219 45
49 179
203 64
68 168
221 239
74 68
128 179
204 66
96 225
131 192
215 277
230 128
159 176
82 299
180 197
213 56
164 248
133 94
223 89
126 6
34 178
34 206
170 14
16 52
296 72
39 41
119 83
110 53
18 149
295 203
171 203
100 157
47 280
40 86
34 20
188 279
97 98
249 45
263 197
238 257
8 36
291 233
138 268
296 133
159 136
14 220
104 27
296 50
286 166
248 1
252 147
48 279
82 150
151 56
104 192
45 212
155 227
206 178
176 220
15 226
35 206
89 23
145 292
6 79
240 126
164 126
244 75
60 117
235 123
11 69
179 144
42 98
69 18
269 76
32 210
107 36
52 292
15 95
272 162
74 163
78 269
24 231
137 101
127 190
143 44
123 266
2 11
297 109
0 185
83 4
274 74
239 275
263 247
211 136
128 2
28 158
243 295
156 288
23 208
258 146
236 93
111 212
248 66
278 246
291 145
252 257
66 189
202 18
183 216
227 184
6 26
56 130
122 167
111 81
207 121
67 235
269 153
271 175
12 103
256 238
247 296
67 132
108 296
230 28
105 224
297 131
50 83
126 252
79 264
272 75
9 114
143 294
245 230
264 231
262 101
0 57
17 77
190 18
241 154
248 89
286 199
36 161
248 221
142 93
143 223
182 199
150 215
244 90
243 25
68 113
86 167
163 27
56 272
177 153
108 299
124 199
61 85
167 148
275 199
24 203
248 265
13 261
276 73
46 74
113 276
186 236
270 61
293 172
206 282
177 293
270 41
175 198
181 94
67 38
118 293
160 203
93 185
231 214
139 138
31 43
188 219
265 90
3 64
4 64
262 247
298 243
163 296
59 75
236 25
95 223
209 289
273 28
121 225
64 244
109 248
168 181
35 90
190 109
52 274
125 184
217 63
94 67
130 293
214 22
298 58
65 156
11 22
163 285
11 85
52 166
190 206
3 284
251 68
135 260
130 150
189 107
201 176
98 134
104 176
10 222
195 201
225 278
123 92
260 45
207 59
214 219
58 73
286 23
19 118
90 296
261 296
133 15
218 17
59 248
55 228
210 34
9 7
294 74
232 248
125 158
126 76
237 277
74 58
245 244
76 170
154 221
108 27
139 126
136 83
33 64
286 198
112 201
260 283
57 27
187 59
101 217
123 86
85 245
186 194
102 244
1 62
251 53
24 217
214 281
192 75
287 237
14 138
201 235
57 252
156 0
3 152
87 16
97 69
25 259
279 272
94 198
87 265
72 171
160 233
174 39
25 207
75 94
206 16
162 55
100 156
39 131
236 82
29 36
196 225
124 290
65 238
217 55
134 141
134 203
5 122
118 228
65 187
176 14
185 131
152 288
286 46
287 225
176 165
56 122
21 258
251 69
180 153
292 206
151 69
99 263
204 255
157 54
166 150
221 247
26 61
158 185
260 114
16 121
100 235
265 175
53 45
134 214
176 98
48 42
68 62
19 128
55 146
27 124
174 51
30 81
27 144
222 238
63 49
103 278
52 201
236 133
37 27
163 161
131 232
186 63
12 263
120 248
214 258
131 234
149 237
6 253
248 7
118 157
167 244
129 128
156 66
201 58
278 227
233 276
249 263
83 20
205 88
236 137
160 170
186 142
63 172
202 128
261 252
158 14
76 51
10 131
51 226
86 259
86 7
283 230
27 4
87 139
100 128
69 254
281 219
39 6
241 40
235 138
81 112
265 280
104 242
201 289
131 292
184 90
100 45
75 281
93 9
179 5
23 230
6 132
84 132
159 5
223 30
66 238
189 146
224 33
174 144
137 169
204 132
276 128
79 134
213 28
264 268
280 146
31 102
197 20
9 223
153 21
278 235
142 293
251 75
114 55
21 198
12 65
79 180
218 14
101 295
93 122
188 220
71 195
127 122
5 190
161 107
183 25
291 180
181 288
120 285
194 246
118 83
295 70
13 264
262 90
121 148
205 131
185 3
193 252
277 195
278 4
240 137
151 222
215 168
38 105
288 49
194 240
173 168
215 244
266 195
246 299
84 296
189 87
13 121
296 253
211 186
153 271
7 102
159 11
192 24
286 218
228 73
119 120
125 292
40 276
98 202
246 298
187 42
207 74
69 164
278 290
61 41
20 91
11 258
253 232
236 227
208 115
125 199
71 148
110 188
262 171
260 258
53 76
194 217
237 45
165 138
197 148
243 206
147 128
24 295
133 42
171 278
26 247
265 81
114 188
33 252
79 273
39 251
217 111
56 99
23 188
249 131
169 129
170 293
246 227
93 1
230 43
33 179
247 270
146 25
90 15
211 220
127 59
116 65
268 52
137 105
202 132
299 13
287 226
294 209
81 60
87 97
216 198
94 219
255 105
110 141
91 118
108 255
220 283
199 86
52 230
103 181
241 213
278 18
66 220
263 272
13 78
132 20
78 91
214 225
186 88
280 102
152 260
228 202
1 46
297 20
287 116
64 282
53 200
255 32
297 273
183 186
266 168
100 7
269 39
76 182
105 266
122 248
222 142
248 135
13 116
56 154
267 280
104 197
219 293
261 68
162 34
77 19
171 82
214 222
64 8
2 146
72 289
97 178
112 117
5 257
108 146
128 104
74 263
80 174
3 39
92 96
52 192
194 224
162 128
188 247
18 229
62 29
137 143
77 41
82 75
38 228
43 135
17 197
272 25
49 271
47 193
73 27
7 200
221 240
73 143
218 27
30 201
71 258
274 11
126 201
147 220
74 154
20 129
159 46
168 277
214 30
113 139
173 86
285 76
120 49
63 236
207 296
202 241
122 229
144 230
239 290
79 143
259 134
225 13
13 9
185 278
207 247
277 187
296 260
260 121
127 144
118 46
210 299
189 228
20 280
93 15
189 164
194 69
173 230
223 227
294 6
43 208
138 238
249 296
197 183
120 297
6 170
39 260
260 124
14 297
200 37
188 54
211 88
164 190
244 293
225 25
32 39
114 1
33 140
115 199
184 296
141 207
289 278
52 226
76 224
263 103
17 251
16 216
202 184
88 118
200 231
117 213
158 123
298 105
228 99
75 114
169 180
282 284
14 256
140 9
93 280
144 271
223 76
106 265
176 6
105 154
90 143
94 248
50 93
68 45
29 33
231 166
289 292
15 188
37 17
5 243
28 95
48 44
147 32
63 231
35 149
24 170
214 5
219 269
192 260
10 39
198 80
31 122
234 175
33 37
204 15
100 89
13 191
122 236
101 226
56 218
260 126
271 62
156 122
77 172
101 138
234 137
103 187
115 293
141 256
143 99
22 136
140 115
152 22
31 41
185 271
184 155
216 231
21 0
9 27
87 24
295 57
189 221
169 21
162 65
292 244
18 116
299 110
100 174
258 136
16 234
31 151
132 49
214 272
108 200
246 4
214 130
56 232
196 46
95 160
132 113
120 124
114 43
185 291
119 298
191 131
270 74
160 271
14 127
37 266
294 99
166 194
107 63
130 123
129 243
53 90
194 188
67 107
182 140
109 16
137 283
172 282
36 129
32 192
224 216
64 231
244 81
238 52
224 256
132 218
238 44
141 190
158 73
268 299
64 299
285 29
282 169
183 213
64 117
294 248
137 285
125 281
98 246
165 268
145 230
224 57
267 298
100 162
124 157
6 72
276 14
233 145
201 149
67 262
164 215
186 230
112 16
38 144
59 234
185 30
289 260
245 20
117 69
199 27
244 190
85 91
9 261
167 132
134 86
295 14
88 38
116 121
17 108
263 270
258 106
43 176
16 78
53 36
114 174
52 141
110 69
224 277
49 84
120 80
70 139
116 15
201 98
176 190
190 98
49 91
223 287
191 238
163 214
139 228
53 46
208 60
232 264
175 243
117 124
69 59
19 244
183 167
99 64
74 56
177 211
186 116
36 246
255 216
42 111
110 288
129 193
125 142
299 213
164 13
59 154
264 43
3 20
200 61
150 224
91 79
127 167
17 264
81 266
89 241
167 276
257 222
3 207
244 283
165 127
84 295
213 249
55 190
72 260
272 200
75 11
27 6
278 39
219 270
142 118
31 76
45 230
120 7
178 282
207 53
141 171
101 256
59 237
20 273
54 20
124 123
135 163
193 182
152 102
121 236
25 220
56 60
259 145
215 38
153 80
63 57
299 190
61 229
208 221
265 277
270 274
80 138
240 79
234 125
175 291
100 121
215 138
285 194
182 64
26 98
262 124
222 100
198 283
231 194
0 180
124 266
156 239
102 293
285 33
3 289
153 216
15 165
168 255
204 244
268 120
247 255
249 71
146 237
4 47
214 89
72 282
245 292
186 103
223 91
215 42
236 218
243 253
190 194
56 257
191 264
219 166
53 32
135 185
221 174
215 185
155 80
241 27
224 16
38 129
1 242
107 93
4 244
233 283
299 75
34 102
181 285
22 262
98 109
152 190
191 116
151 256
139 198
192 141
147 153
263 232
7 294
286 135
125 38
163 197
113 191
230 80
49 21
93 257
260 151
66 288
95 169
78 44
140 0
244 282
245 108
148 202
152 144
224 129
151 11
71 87
104 248
198 19
299 155
259 39
11 298
186 269
88 225
79 3
293 270
145 73
127 45
280 127
127 101
158 224
102 38
42 96
113 133
165 187
254 151
103 50
113 183
111 28
197 188
258 43
112 210
83 31
282 33
197 218
101 196
163 123
19 53
145 2
3 107
151 97
289 90
205 288
200 105
86 58
127 36
281 87
107 126
72 254
45 91
62 5
194 55
127 283
79 139
14 286
7 251
70 65
85 183
223 58
11 33
30 89
282 280
264 47
63 97
149 131
72 270
118 47
236 74
106 123
223 97
293 2
31 148
54 133
241 148
170 89
147 62
159 68
137 7
215 21
223 136
25 140
94 40
23 58
194 202
180 68
95 246
235 109
242 54
234 123
160 62
291 123
103 106
167 50
20 53
275 276
129 233
282 114
155 99
229 41
10 65
233 15
228 181
36 140
112 176
47 94
159 181
206 259
251 22
239 101
14 48
176 283
266 202
176 230
160 56
217 212
61 254
159 196
12 191
150 75
252 113
259 174
113 4
153 123
39 97
256 79
92 169
270 192
182 257
228 291
59 253
260 150
203 67
71 156
162 1
170 78
189 172
94 291
229 275
211 16
64 44
82 274
21 277
182 115
284 111
259 246
78 37
15 68
2 187
159 140
9 209
153 16
111 10
103 176
62 172
86 176
273 276
4 215
262 118
294 246
78 215
119 230
258 199
244 194
291 37
190 35
294 262
81 72
227 115
88 206
78 98
254 265
50 217
265 274
130 102
251 139
195 202
128 45
154 293
270 123
70 121
37 69
217 128
96 63
59 241
75 173
100 145
189 271
273 231
272 68
139 230
7 210
291 28
94 68
152 259
244 59
72 223
24 158
15 254
153 134
27 211
258 54
140 95
220 198
190 287
86 295
25 89
252 16
199 121
64 1
88 105
193 62
181 197
189 129
279 286
89 61
39 180
50 90
143 278
178 83
181 134
87 61
164 80
223 56
268 5
18 166
115 238
107 104
223 177
95 235
138 271
74 24
275 232
209 105
166 141
216 68
207 288
127 199
260 144
75 170
220 273
101 52
214 267
252 49
138 164
276 251
185 210
110 18
174 110
168 126
51 254
102 272
197 110
203 213
110 145
196 34
151 144
118 86
161 57
281 191
278 2
275 238
115 9
160 9
79 174
76 124
190 150
230 87
10 154
125 237
83 48
231 274
212 41
123 240
17 90
141 275
209 4
25 134
214 243
230 222
32 115
6 95
91 30
100 65
186 57
89 224
81 298
269 55
192 253
287 21
11 285
299 65
71 259
105 264
25 291
97 190
276 281
124 293
155 116
6 24
95 103
79 151
182 290
281 261
7 259
239 196
196 31
199 13
233 106
98 222
8 159
91 65
89 49
118 224
177 172
152 183
13 157
61 248
292 227
5 65
166 121
124 235
251 62
39 12
32 0
159 109
70 165
89 35
164 61
283 215
14 102
256 59
201 61
87 259
229 115
29 223
36 157
147 108
293 236
83 279
295 180
187 66
239 269
203 202
7 246
94 23
114 294
21 98
141 226
198 145
80 18
95 33
120 81
58 215
221 241
238 163
177 281
118 30
5 245
102 71
273 35
134 140
147 225
289 9
188 278
176 196
135 263
33 201
242 183
165 236
127 27
132 238
203 204
137 22
51 200
188 100
257 271
134 278
24 292
123 93
255 207
110 47
136 111
10 86
22 14
9 195
293 144
56 298
27 137
242 134
91 185
287 117
235 171
180 211
139 33
121 40
183 246
50 206
295 129
7 103
265 204
174 34
174 195
175 121
224 282
70 63
107 274
78 279
171 296
179 73
162 68
56 214
251 36
161 260
215 216
90 16
247 113
223 132
266 158
71 50
19 238
211 242
81 136
163 119
28 73
207 267
30 107
111 153
64 296
67 290
264 91
112 116
262 66
154 217
204 193
244 78
218 199
246 86
269 268
199 144
166 214
248 25
117 217
148 37
199 22
57 26
155 248
270 18
27 32
79 272
133 263
183 27
99 21
217 45
65 74
181 239
16 85
12 117
80 87
82 292
70 106
88 167
53 33
234 107
65 275
241 249
274 57
238 153
268 132
222 111
140 51
76 64
162 222
244 169
231 160
52 168
35 170
174 222
46 144
133 282
21 2
52 240
293 59
170 85
243 144
156 179
240 249
169 29
57 33
25 45
102 285
261 51
155 162
59 185
272 285
147 41
225 65
225 151
243 170
211 29
294 160
119 102
182 169
130 223
104 68
176 46
178 64
5 96
89 242
288 295
125 45
177 62
131 190
64 271
6 288
272 171
147 93
108 75
49 278
183 135
213 268
189 19
26 281
215 106
62 255
78 84
64 164
35 17
67 194
257 31
255 138
263 290
23 12
96 199
37 284
240 196
264 56
149 51
69 199
233 102
229 265
67 106
99 35
109 294
299 101
153 277
215 55
199 260
85 52
54 205
125 166
32 283
277 49
123 168
177 15
215 151
85 188
290 152
242 182
15 35
217 147
6 264
120 10
101 274
89 81
272 255
94 199
16 0
3 100
244 125
0 58
177 34
118 23
55 152
157 299
142 245
129 246
197 229
7 257
236 190
4 116
239 218
260 223
262 160
168 216
204 133
288 172
284 184
138 15
43 285
69 58
179 168
62 223
21 194
25 90
44 135
125 255
161 12
107 279
23 96
68 8
84 117
230 188
80 46
168 286
175 33
100 39
223 51
136 104
56 42
270 134
109 173
49 22
41 140
100 167
134 157
178 191
35 187
154 239
155 224
99 221
63 14
207 28
260 280
163 111
113 75
78 282
107 236
268 279
195 215
94 24
17 129
281 96
59 182
152 232
174 219
297 71
188 175
56 40
157 189
22 19
145 53
269 267
65 71
98 140
291 26
237 171
292 56
102 131
20 37
211 80
187 205
29 178
117 77
34 251
262 162
9 246
141 241
220 89
261 206
269 295
82 137
209 277
67 68
227 269
189 261
27 25
201 2
287 61
50 144
174 234
198 153
258 70
277 207
97 284
191 249
260 181
184 44
262 256
41 138
188 125
42 180
282 55
1 10
89 53
238 0
153 254
185 142
23 209
170 271
288 277
168 88
183 227
189 259
70 280
32 244
104 0
50 162
22 276
69 132
119 200
113 99
259 257
66 129
95 282
26 12
47 89
237 281
34 74
180 105
142 141
80 34
254 144
141 147
131 153
234 227
110 247
75 235
202 117
256 172
295 174
34 279
198 234
253 42
296 10
37 34
90 101
57 119
77 86
287 79
11 130
61 58
229 256
253 104
105 295
29 145
279 202
97 244
130 248
49 127
59 159
94 14
204 56
169 281
59 188
56 97
261 130
22 290
145 152
24 115
92 258
200 192
109 121
229 52
30 275
181 104
167 293
24 221
139 201
295 79
225 123
228 130
294 86
149 268
205 130
237 201
192 279
189 163
108 67
226 285
257 176
256 298
248 76
190 102
192 73
189 275
118 128
100 9
106 113
211 262
288 187
209 156
180 51
204 210
208 54
138 190
79 78
115 58
155 69
98 282
264 209
28 228
54 201
143 189
114 128
233 73
42 244
162 61
232 67
213 82
189 65
78 70
78 228
12 262
24 204
198 116
241 227
238 5
128 193
215 117
32 126
233 263
1 283
111 25
81 281
13 240
119 234
36 234
25 122
193 180
146 70
150 159
157 69
84 275
113 17
142 299
140 229
255 61
118 13
251 11
269 164
61 56
22 239
178 284
1 88
139 134
262 157
117 53
24 117
184 241
274 73
56 144
114 3
215 274
150 54
43 180
14 51
86 72
201 96
0 197
83 166
82 177
202 94
130 297
242 75
30 134
112 52
242 250
127 74
152 13
70 249
243 80
80 119
148 296
186 291
54 126
178 239
26 269
37 182
234 52
130 97
55 187
173 140
11 72
31 17
265 88
275 43
100 43
137 54
111 196
278 12
157 289
165 243
240 202
277 97
19 89
45 28
83 200
272 14
58 98
7 75
246 234
163 286
177 195
132 262
287 89
90 85
79 286
280 58
61 165
115 131
42 251
72 68
179 180
263 175
50 263
199 161
17 98
11 219
291 65
90 155
173 56
123 83
24 75
179 83
5 129
291 199
118 135
228 287
89 160
215 208
108 116
74 35
165 260
67 200
296 91
127 255
279 41
240 113
116 117
176 280
149 210
297 13
104 71
242 113
58 189
10 236
163 253
269 188
12 234
218 184
217 34
159 225
151 42
208 175
196 97
29 237
180 151
16 116
123 236
117 239
117 92
60 163
241 66
200 93
247 288
115 34
152 67
97 120
260 66
292 178
233 16
191 151
131 135
57 200
101 221
254 190
205 202
264 273
145 181
102 57
164 209
218 32
5 203
214 169
100 53
182 13
240 16
291 161
278 261
241 39
130 20
220 27
101 21
284 54
136 234
30 259
253 110
257 151
243 188
22 76
286 142
297 54
126 56
6 299
112 160
266 66
288 12
103 248
175 130
43 141
4 58
64 168
149 3
229 191
8 255
243 288
284 281
270 84
21 234
226 198
130 180
57 201
99 30
138 94
147 49
40 225
211 108
144 15
82 283
263 273
179 17
117 226
34 45
182 149
130 191
6 196
10 182
67 2
50 152
294 231
80 82
43 168
192 277
93 92
101 249
159 78
188 4
92 174
48 242
51 284
194 177
284 154
294 241
196 237
157 35
121 193
98 90
117 161
52 254
86 182
241 196
224 12
127 189
292 74
19 18
208 278
55 183
73 56
168 204
43 61
45 54
173 217
147 90
261 297
108 59
99 184
150 128
52 162
181 215
141 29
263 241
132 295
189 63
206 228
44 190
75 101
44 155
180 21
238 273
68 211
5 173
145 108
231 283
125 270
244 40
281 158
203 149
193 257
37 108
295 168
202 77
10 56
93 108
152 276
227 120
113 196
110 223
163 96
64 179
188 264
221 299
267 297
199 92
133 167
42 126
220 39
293 199
183 172
23 123
32 203
131 157
204 206
152 18
218 213
135 254
166 144
100 91
136 154
39 178
146 7
166 212
217 138
30 57
268 249
104 155
28 214
52 263
108 114
127 298
138 40
60 99
146 24
91 142
274 80
218 186
3 169
153 53
215 59
148 17
195 232
9 186
192 145
230 51
178 201
192 225
250 141
260 44
140 75
29 182
263 34
230 210
30 130
31 66
80 15
82 32
297 219
171 274
145 253
277 188
189 12
121 101
241 67
75 23
234 231
171 121
146 167
59 86
34 235
209 39
133 260
182 163
187 168
133 283
44 107
144 217
296 111
59 160
232 208
121 281
289 181
51 267
154 191
281 47
127 178
79 89
264 113
293 85
131 67
208 139
128 13
17 123
132 65
102 247
133 169
44 273
5 22
292 197
76 144
114 173
169 294
253 261
202 293
227 160
143 64
130 26
147 246
39 219
36 298
247 242
239 296
205 226
160 130
93 45
48 73
121 179
278 131
72 228
257 86
271 28
54 226
219 165
238 16
175 258
122 295
251 104
80 255
231 16
280 91
27 76
193 18
179 162
104 180
187 81
280 15
63 64
191 9
30 114
186 227
279 203
274 271
177 106
132 33
172 53
131 99
33 87
32 130
91 26
259 160
183 255
225 42
260 187
232 49
286 80
194 72
15 270
92 94
276 208
265 269
92 110
244 182
59 173
209 253
242 266
16 137
266 262
187 91
239 122
261 255
76 29
84 208
237 250
208 56
27 269
64 98
103 35
264 179
141 165
204 158
156 210
179 102
225 209
223 131
106 129
114 149
146 160
195 32
110 31
214 33
64 78
110 85
3 57
82 49
179 267
231 287
102 263
107 81
197 74
65 234
106 140
165 179
298 128
142 268
161 207
77 140
143 106
281 236
299 257
32 5
67 207
96 40
138 145
61 279
71 28
183 193
135 161
212 114
199 102
292 2
156 136
87 79
296 172
218 289
49 133
13 291
26 272
56 166
266 104
192 212
13 151
262 199
2 151
132 192
137 279
154 159
70 173
113 140
33 48
236 9
57 15
51 258
94 115
45 58
259 245
134 108
55 233
126 48
276 72
279 159
45 285
131 180
7 37
96 16
192 294
256 115
118 187
226 97
194 187
46 38
215 158
289 242
295 52
287 293
183 98
31 133
100 8
50 216
63 291
277 181
104 2
259 199
134 225
252 210
213 102
220 53
39 25
72 170
266 143
21 197
69 100
138 87
224 220
66 181
132 76
35 188
152 186
82 63
148 97
182 90
177 239
229 194
124 7
130 198
69 205
42 29
149 173
36 286
44 51
211 225
209 220
118 143
47 208
3 246
190 115
172 290
184 173
226 149
246 84
187 124
292 265
25 131
77 238
177 5
258 197
214 259
83 245
92 134
111 82
46 225
233 119
240 276
292 176
217 239
220 230
31 240
58 104
135 57
190 16
196 44
266 175
209 177
266 215
214 125
199 283
74 148
41 235
168 75
254 88
185 168
86 188
63 246
296 107
122 73
206 150
229 177
36 65
94 264
6 217
201 171
251 10
34 284
293 286
95 42
135 59
134 63
274 164
230 274
156 76
231 91
249 273
102 145
247 63
48 61
263 98
132 90
209 104
196 104
163 287
86 178
291 124
282 260
166 296
19 184
159 188
254 258
193 106
43 15
182 231
174 117
5 267
107 263
166 20
282 296
246 190
272 29
92 247
79 145
258 163
155 260
154 53
64 276
145 69
224 273
198 235
243 51
12 114
102 90
265 291
96 195
261 208
227 162
197 98
274 251
200 159
257 148
226 218
145 43
48 111
78 82
32 63
277 162
95 222
237 25
40 101
271 278
98 159
170 187
183 276
248 181
93 81
112 65
127 82
133 67
139 154
65 52
64 12
291 217
53 126
110 191
286 266
241 236
48 65
266 134
3 95
41 117
139 48
123 227
286 234
218 172
253 69
62 41
253 27
146 216
81 31
204 251
128 243
244 150
13 290
135 147
199 207
79 1
113 60
10 280
98 181
46 208
253 17
102 78
2 31
92 21
103 71
25 253
76 105
176 157
110 106
88 297
30 174
161 4
251 121
47 142
264 89
110 7
115 137
14 134
106 223
24 162
92 290
69 274
13 137
275 268
115 10
267 284
152 240
167 286
299 278
82 221
128 39
236 217
6 109
291 79
114 62
80 96
92 137
119 18
48 120
221 193
282 7
98 158
116 64
278 287
77 55
146 35
91 196
258 105
269 64
77 208
249 215
93 133
83 105
244 55
43 93
219 20
278 130
246 109
109 54
7 61
158 275
134 275
297 145
269 214
19 176
249 286
209 52
58 220
63 141
293 30
62 55
53 99
1 282
160 132
224 259
166 186
59 217
4 150
228 188
268 116
119 114
22 170
115 70
171 146
126 118
193 89
133 28
72 21
17 214
119 31
168 202
184 15
37 62
171 271
148 182
60 247
291 178
239 31
145 38
49 53
0 154
238 192
237 100
59 283
165 205
219 69
103 88
1 220
91 35
217 240
92 178
249 155
287 184
290 185
81 71
267 288
14 54
236 164
231 209
234 5
69 176
205 150
130 47
37 210
42 191
185 268
89 166
245 228
20 269
52 99
256 284
55 50
137 9
197 138
200 49
76 152
146 57
232 48
30 170
224 267
0 190
88 241
160 55
250 1
299 275
279 116
103 92
259 51
107 28
107 289
152 142
43 268
237 86
38 296
288 74
82 203
202 180
281 210
176 188
95 182
27 136
186 64
153 190
7 97
279 53
121 130
92 250
123 258
60 11
132 80
132 179
183 89
198 161
241 55
191 98
251 73
22 148
113 220
209 121
57 181
81 76
55 96
10 288
165 60
244 144
207 24
283 12
61 146
36 44
124 169
20 65
256 78
216 62
251 92
31 172
175 40
249 282
54 49
274 113
68 293
108 81
196 279
118 233
297 274
90 224
13 247
208 265
161 156
38 248
42 147
30 235
113 46
102 128
108 291
67 92
242 173
210 153
202 267
131 1
233 87
281 202
164 258
52 70
231 15
297 250
217 108
269 107
272 39
124 205
15 169
190 62
56 284
225 18
251 24
165 21
244 116
100 54
87 263
1 196
41 264
112 28
111 248
5 28
133 196
33 43
201 279
85 201
54 92
278 88
51 155
148 64
59 41
119 85
200 104
35 281
244 23
106 35
94 288
117 204
279 189
297 61
110 254
298 69
28 118
13 15
50 247
89 235
295 91
86 153
251 90
68 34
172 36
249 166
153 219
102 209
285 290
198 27
108 113
75 69
186 272
134 7
14 40
164 226
259 270
52 103
290 244
241 84
198 148
149 106
32 85
261 263
152 107
276 153
100 207
153 262
206 58
128 35
15 214
281 246
126 236
240 132
199 7
232 92
11 221
206 196
112 268
115 232
294 90
172 13
71 137
265 223
197 68
269 147
10 7
101 213
247 299
171 187
269 114
81 138
100 224
50 291
38 118
221 280
167 47
44 149
144 298
124 16
256 127
120 86
168 287
228 213
103 148
92 256
271 90
191 28
47 135
19 207
222 121
14 185
116 221
136 1
148 40
146 117
296 28
192 109
142 264
129 204
60 281
87 119
163 192
173 123
143 12
222 130
9 84
293 79
252 180
133 164
129 226
12 215
127 104
69 129
234 62
250 188
25 298
54 275
297 259
185 179
197 214
267 294
156 196
83 79
112 257
28 13
183 23
112 178
40 192
4 146
31 22
283 95
226 187
40 33
83 121
183 210
249 152
81 70
179 218
9 6
214 209
145 161
146 148
181 299
102 200
216 106
200 204
83 154
81 239
152 160
51 63
114 203
198 54
253 252
122 273
53 203
41 259
172 28
20 63
296 1
51 61
150 107
174 192
29 124
14 232
293 37
64 147
136 245
160 296
84 154
277 71
206 45
134 226
15 256
134 189
245 162
5 226
288 55
86 81
74 286
253 295
169 186
48 143
272 179
255 222
15 136
44 97
64 53
147 286
9 237
133 213
119 160
155 31
64 69
224 234
249 11
266 75
10 272
79 193
239 263
228 292
87 15
33 281
152 182
107 174
59 141
52 194
141 182
68 275
227 80
15 99
267 74
12 267
168 186
60 200
283 40
50 159
6 230
38 192
257 200
82 246
195 25
114 192
198 170
36 174
71 220
112 291
115 226
33 27
231 259
176 210
205 237
123 145
126 190
32 1
295 145
107 118
68 76
93 285
287 243
195 20
295 161
42 17
111 192
10 94
273 222
122 96
183 133
54 108
214 181
232 203
250 167
193 0
245 276
166 25
174 263
40 212
234 164
116 195
236 286
90 298
121 183
137 100
226 9
115 172
195 292
202 13
195 243
177 151
267 192
78 149
224 59
275 66
133 135
173 78
240 85
210 203
5 21
236 101
215 0
218 75
14 146
285 224
208 163
83 66
280 88
214 162
209 60
39 188
12 256
268 253
49 18
12 105
77 179
27 141
2 230
181 111
195 40
143 277
189 74
49 283
126 81
38 222
149 283
77 48
210 256
179 116
22 157
200 58
75 160
263 279
248 115
252 250
58 162
118 248
152 2
238 121
185 23
203 27
95 262
237 198
54 23
203 239
253 201
10 239
110 166
59 100
56 149
78 101
110 296
182 274
139 27
45 27
191 33
285 227
37 240
291 278
107 182
290 93
68 128
143 96
241 279
57 6
263 169
238 72
61 142
144 68
2 161
43 4
90 34
57 54
250 221
179 63
131 289
212 270
173 251
266 111
216 244
18 133
110 163
204 128
17 221
165 261
210 259
20 291
38 282
135 160
128 284
7 250
6 260
150 137
266 87
56 84
133 237
4 275
138 246
71 94
2 39
171 94
217 31
283 61
247 273
146 23
287 227
79 24
278 264
140 8
12 25
173 235
79 167
16 41
9 275
25 144
51 289
180 134
101 272
234 91
224 132
50 17
122 37
252 62
39 176
289 270
251 128
16 123
60 211
215 143
79 194
68 294
214 132
65 22
178 73
24 35
245 227
243 4
271 121
108 238
103 26
192 286
276 225
64 217
69 216
155 78
249 9
194 134
284 96
209 207
75 99
193 39
193 68
100 229
208 34
51 95
200 72
217 219
58 121
148 76
122 185
161 43
30 193
159 162
186 154
72 30
128 225
223 226
219 189
82 189
228 180
281 117
120 175
86 260
168 144
246 266
223 157
153 50
83 193
87 20
4 20
197 226
24 72
184 265
224 264
136 288
126 205
237 8
291 82
40 267
129 276
179 100
257 250
237 22
13 130
16 277
12 162
291 286
257 130
149 55
123 73
70 64
108 267
81 225
283 247
94 129
246 131
132 190
110 291
162 30
15 279
151 105
20 159
87 209
94 247
210 10
31 274
115 231
47 6
80 61
286 189
235 137
141 36
54 253
126 162
156 299
135 218
13 108
108 196
147 188
264 242
32 148
122 64
153 160
34 205
160 198
255 14
42 161
190 226
270 77
175 273
113 295
76 188
254 45
158 93
101 188
225 31
79 43
155 261
190 233
262 176
38 94
158 146
271 14
273 271
98 221
68 106
60 37
96 274
49 76
32 284
198 177
105 62
219 10
62 262
136 172
218 101
24 90
117 240
71 164
84 256
116 158
171 88
22 268
297 225
186 44
243 296
235 181
171 223
22 265
150 38
209 200
80 171
16 289
22 188
240 282
119 12
213 60
202 188
210 246
102 149
288 163
126 202
114 50
193 50
216 25
200 253
86 65
134 154
168 198
238 92
253 18
247 66
243 58
41 239
133 129
281 153
211 160
34 236
224 72
53 196
2 23
277 292
169 61
297 185
77 67
229 287
55 182
21 256
214 78
6 203
230 249
226 272
68 249
254 280
96 10
299 125
241 61
231 152
5 38
173 74
12 3
225 190
202 47
240 97
36 275
243 122
217 119
233 23
236 155
271 255
267 261
110 137
121 127
178 129
290 216
239 79
164 141
26 187
8 292
243 37
194 269
141 224
92 262
24 230
242 290
53 147
138 83
40 159
164 123
276 163
157 113
28 108
165 276
161 282
27 54
132 148
46 188
247 1
36 108
116 175
58 27
297 50
180 37
47 84
271 261
228 79
281 185
85 273
256 138
38 196
58 150
164 49
160 217
54 169
11 207
247 264
69 288
80 39
36 9
79 223
44 16
88 285
192 276
2 294
235 59
7 114
71 299
85 261
131 193
88 229
4 129
34 269
234 93
243 174
136 241
46 191
212 154
88 94
83 168
208 214
37 23
217 125
284 172
90 267
156 58
20 260
92 149
6 187
41 38
40 43
242 21
122 255
24 15
78 148
109 158
156 22
227 218
247 105
254 161
186 70
91 1
107 64
196 18
198 60
34 199
68 252
107 117
91 289
197 249
101 201
41 224
147 247
29 21
224 52
177 217
161 238
165 148
263 214
219 82
212 250
88 142
174 108
128 205
259 53
269 51
44 179
188 182
97 224
245 153
176 28
7 173
35 96
203 86
132 46
88 281
275 221
57 154
27 133
150 37
111 237
195 69
202 7
215 27
37 177
210 79
193 130
61 195
101 28
95 144
9 45
118 84
160 260
86 132
70 210
116 54
168 24
49 40
70 55
111 33
76 47
127 207
24 285
221 137
137 62
106 23
292 130
114 78
163 209
206 33
104 5
183 158
257 219
117 258
159 69
57 120
90 63
249 257
123 257
260 209
229 169
191 140
164 137
126 198
276 291
61 132
5 45
88 191
244 146
225 10
7 50
33 22
194 32
66 60
148 177
111 58
252 7
258 14
73 2
157 151
38 291
43 46
284 161
195 271
141 0
144 195
193 104
21 136
194 164
243 160
220 101
176 162
163 291
146 100
149 69
299 197
22 27
137 216
223 187
33 208
149 219
225 119
98 234
166 165
1 193
291 49
102 245
146 213
126 272
110 23
73 135
291 156
76 131
28 63
155 245
85 247
210 163
95 151
115 50
93 152
238 111
254 92
267 256
206 115
175 200
121 105
243 9
125 164
219 23
128 153
279 42
154 31
113 292
32 245
174 190
20 191
156 95
160 186
14 211
29 47
192 88
202 99
226 298
70 235
275 129
106 291
185 214
85 272
41 10
119 279
227 87
45 259
237 271
226 159
63 59
221 207
223 240
27 213
35 256
127 135
123 129
38 36
281 57
78 237
295 212
10 88
10 274
108 292
96 280
181 12
140 35
189 287
280 287
134 110
257 208
35 220
93 169
172 14
291 257
127 16
251 223
243 133
44 214
244 47
0 260
224 47
97 173
22 52
13 102
48 78
114 230
103 272
93 157
223 238
136 44
200 32
169 126
3 236
270 202
62 230
151 51
202 204
247 7
28 85
252 27
222 18
106 86
280 100
45 26
18 254
50 133
215 258
176 90
144 226
189 234
170 245
230 159
221 235
74 253
180 84
206 60
212 23
255 185
223 101
266 272
127 277
16 282
243 41
53 238
7 174
0 22
79 183
41 68
285 122
155 24
16 84
271 193
0 290
238 207
125 267
190 80
43 80
28 198
88 149
197 162
45 37
99 210
225 80
19 94
248 74
162 215
102 257
185 220
176 249
44 247
129 84
222 199
170 242
47 206
211 107
237 41
187 157
41 116
143 34
181 264
161 9
290 157
21 273
62 60
175 212
90 278
278 258
206 295
268 110
256 51
235 217
181 295
94 140
76 244
291 116
181 105
196 151
219 54
132 104
136 163
167 85
93 29
292 252
43 117
191 10
173 92
112 86
261 191
8 65
144 283
80 159
210 286
12 72
73 133
201 15
143 151
8 132
167 214
166 259
235 228
65 271
241 134
241 120
84 206
277 74
235 16
251 257
56 86
231 62
85 123
44 292
78 32
84 233
299 235
285 19
297 26
33 186
29 171
122 6
107 139
223 174
48 255
210 42
82 27
146 12
168 269
67 197
54 10
6 138
185 283
63 162
232 60
31 206
281 162
189 160
166 183
198 271
179 27
204 211
273 202
245 16
2 165
250 25
238 60
215 259
51 50
211 132
75 189
102 291
137 161
49 201
30 11
75 227
150 181
205 63
268 167
150 143
91 112
282 281
216 189
46 157
172 73
111 258
3 140
21 176
126 46
277 124
280 264
199 166
58 283
116 87
277 72
205 180
288 175
171 163
175 74
90 138
253 1
8 14
131 242
24 2
109 280
189 250
85 2
42 224
215 62
282 111
298 73
198 249
277 176
35 31
125 20
196 236
79 191
171 285
121 53
152 252
124 119
191 50
56 0
33 120
276 243
28 268
67 81
5 63
200 207
62 247
116 78
299 112
211 208
226 225
100 159
208 167
100 29
65 97
117 214
246 255
42 31
194 237
20 198
37 43
8 283
221 60
106 16
23 147
184 55
133 252
59 288
204 51
218 229
55 248
228 75
55 20
229 210
59 263
133 26
168 98
180 278
59 88
246 270
210 209
246 105
258 46
255 259
149 231
3 247
261 52
114 240
231 65
291 154
60 248
259 59
41 71
215 139
298 162
118 141
194 292
38 40
180 67
113 260
68 258
135 98
34 117
269 33
225 114
157 109
284 296
109 155
1 67
65 188
290 254
256 17
78 153
262 252
60 83
148 98
106 262
107 77
99 116
148 72
248 97
231 292
0 83
6 66
206 273
254 81
109 99
273 179
280 12
6 14
211 78
220 165
274 232
238 205
248 90
117 183
82 77
294 243
170 33
247 240
161 298
98 43
127 28
197 297
278 82
81 9
176 282
193 267
70 141
208 199
67 270
229 90
262 224
49 224
268 224
122 210
280 115
31 55
203 172
213 179
121 117
129 283
244 254
19 269
101 210
252 55
247 54
90 153
118 207
61 94
243 284
99 86
274 189
14 261
198 79
261 173
94 162
38 227
28 144
291 296
76 238
254 96
239 289
77 66
15 222
201 223
151 77
28 50
199 93
35 165
145 285
210 74
143 17
104 285
100 87
276 54
287 167
242 141
150 167
63 173
154 30
126 258
142 257
56 210
144 49
65 255
263 179
287 53
123 72
165 106
84 187
224 170
51 8
155 108
168 120
241 51
154 93
48 189
218 166
22 224
233 27
201 78
15 140
49 229
297 264
111 16
162 255
285 92
72 242
126 291
274 241
157 272
103 145
79 103
103 238
196 79
32 77
81 19
262 17
225 94
43 17
156 224
182 224
12 14
247 82
121 110
152 41
254 219
63 277
258 180
224 198
143 224
224 31
295 257
211 19
105 152
29 249
18 43
190 118
126 90
279 51
206 198
250 137
208 228
84 95
54 31
99 55
281 221
246 188
169 275
229 239
34 99
80 101
255 1
198 115
189 187
124 125
121 4
23 275
216 118
204 216
57 48
289 95
280 284
269 96
72 122
139 143
284 283
18 8
59 79
51 128
153 226
187 95
35 180
222 68
126 151
102 86
243 153
138 3
223 182
151 206
146 194
284 72
128 138
173 208
80 70
208 150
69 61
276 122
275 8
187 207
288 260
226 160
163 8
15 185
253 218
188 158
56 143
178 59
7 18
62 169
68 9
177 47
32 230
99 89
293 193
244 175
291 173
169 249
263 291
73 108
115 243
200 282
283 9
28 146
8 16
219 12
150 279
29 39
139 282
250 259
76 185
20 86
216 254
275 46
52 144
285 281
74 222
275 195
133 207
202 105
129 145
155 173
34 140
299 166
286 37
278 10
206 256
101 29
110 167
217 211
173 175
197 26
219 222
293 241
223 163
43 225
220 268
97 249
58 136
22 255
7 42
9 11
47 254
20 239
181 97
208 194
255 151
206 258
269 123
140 168
221 88
196 168
29 98
258 270
184 25
173 204
46 89
199 8
28 280
217 142
186 141
7 197
126 145
74 257
35 119
62 115
143 60
57 192
141 133
227 40
23 270
262 164
299 196
286 43
252 140
16 212
105 109
232 12
42 6
51 62
184 69
218 78
139 40
276 8
261 91
293 65
59 275
102 136
224 123
28 27
255 238
100 94
170 227
210 19
104 90
51 217
107 298
123 27
277 171
106 205
113 253
148 290
173 191
278 150
91 275
250 256
184 283
170 255
96 77
47 260
239 234
172 120
111 245
296 49
15 74
61 171
85 46
292 210
38 180
103 121
75 44
40 69
186 16
282 219
136 113
283 101
243 43
65 290
142 224
188 60
108 136
53 163
38 216
229 103
267 95
23 134
72 273
52 183
40 299
63 253
81 152
125 0
54 182
194 197
180 275
257 67
54 241
298 245
163 129
226 172
156 280
242 288
282 31
245 210
182 202
238 259
203 164
31 60
151 142
205 58
64 92
100 260
222 184
209 63
219 264
253 76
97 165
257 227
278 58
271 169
79 135
23 266
49 90
292 32
108 52
234 264
240 72
246 282
222 229
45 61
263 162
76 153
91 90
20 223
177 21
13 84
135 86
244 214
235 61
28 263
213 239
228 281
184 152
148 199
131 45
283 201
289 241
285 160
171 52
236 46
73 186
0 162
73 97
141 20
243 257
17 166
174 288
222 97
193 163
238 236
72 8
45 197
252 162
180 80
299 271
21 251
283 57
110 41
13 112
107 115
2 248
221 298
66 96
65 87
72 7
266 57
97 122
158 120
31 90
239 230
205 52
49 203
161 32
1 267
64 118
252 194
272 53
193 200
175 96
152 243
23 51
200 94
140 160
13 22
242 222
130 279
242 37
93 143
78 83
297 140
67 299
209 190
233 38
137 189
291 58
229 123
144 185
60 265
22 118
244 234
224 108
173 132
198 230
141 254
287 88
41 66
282 47
139 186
82 105
193 283
47 230
221 163
245 147
130 84
261 76
133 158
141 154
207 174
212 34
295 81
52 197
116 19
82 207
139 266
21 139
210 125
104 163
57 80
162 238
134 74
227 187
76 283
55 238
66 225
188 91
246 280
33 169
73 144
142 237
295 107
227 129
88 117
4 181
239 266
71 202
190 125
179 216
126 43
67 137
297 181
188 187
65 63
114 206
287 72
122 141
74 128
62 139
280 185
175 241
276 39
152 86
1 13
65 180
93 246
259 121
38 243
29 257
81 167
271 251
264 168
278 115
210 200
111 40
93 175
39 144
44 68
70 26
160 67
31 87
103 200
79 296
23 92
235 182
248 108
220 208
33 135
137 184
266 86
131 126
228 267
236 202
144 234
40 82
236 61
159 212
6 54
211 69
93 37
214 2
158 241
173 294
83 14
41 24
295 28
137 209
36 205
34 107
244 184
230 58
31 262
294 202
168 57
75 47
133 179
283 292
290 33
43 294
276 98
243 171
137 57
16 102
31 159
31 1
64 222
29 71
265 271
64 15
181 35
298 61
280 17
208 245
279 93
72 27
235 97
97 233
121 26
105 290
205 207
235 165
97 58
155 64
181 96
155 106
40 134
180 128
142 98
133 110
162 172
162 216
66 9
233 65
169 130
241 200
230 234
279 113
159 232
57 275
121 8
133 153
203 188
57 234
157 179
16 166
93 30
115 273
194 262
265 264
80 239
215 43
295 219
77 244
161 48
271 210
25 269
81 248
203 4
215 265
86 283
200 95
240 136
62 107
58 288
280 117
173 83
166 211
55 65
237 263
41 200
263 181
202 291
195 22
223 193
47 106
17 260
234 142
80 6
110 189
200 11
36 10
292 242
121 78
100 147
53 130
190 91
25 30
95 72
250 48
175 189
146 229
56 190
108 126
206 244
0 33
74 184
220 206
22 34
217 79
158 30
150 10
20 252
162 44
37 142
214 251
222 93
108 186
85 252
248 44
33 187
125 46
186 24
152 63
218 130
176 80
209 269
82 165
64 59
120 18
213 46
164 261
185 86
199 279
292 285
266 147
276 173
110 70
205 271
132 14
282 2
218 170
286 55
142 111
79 12
216 144
116 39
289 41
129 116
236 45
4 14
285 221
241 107
6 195
4 224
217 18
24 26
253 34
206 11
295 133
289 174
270 96
5 98
40 238
118 221
238 246
214 154
287 261
142 2
113 210
143 105
155 154
51 153
88 4
39 283
291 253
166 66
220 244
198 108
88 8
202 151
62 288
103 162
20 98
194 78
271 150
1 61
29 281
105 114
106 232
164 46
34 272
154 78
94 282
212 183
136 35
51 264
18 216
38 30
261 247
196 231
81 125
74 8
44 201
208 10
120 14
130 109
22 53
10 78
110 9
283 131
217 158
24 290
251 221
62 136
126 225
127 151
24 209
97 48
162 47
266 8
64 172
159 57
159 218
214 93
277 102
270 90
79 195
219 1
150 198
42 266
251 8
135 136
152 89
168 227
155 7
28 40
243 151
236 226
246 151
131 279
263 223
67 246
182 39
276 26
11 267
93 258
290 267
56 228
42 0
7 297
176 170
175 194
105 145
121 150
9 8
50 36
61 232
32 233
35 36
97 215
244 178
38 193
296 285
247 237
176 234
87 248
155 50
263 167
33 160
290 69
132 177
132 48
33 110
48 174
175 259
73 232
175 214
289 120
191 147
224 228
34 158
268 251
258 98
104 151
279 33
149 281
89 286
171 206
173 182
6 204
223 181
154 114
142 295
12 73
113 16
45 71
154 166
142 135
129 127
14 217
109 188
272 77
153 102
127 140
72 51
113 188
276 31
245 191
84 123
249 123
199 45
260 270
188 112
228 137
117 32
74 153
225 195
190 42
130 162
143 119
196 93
89 135
176 151
149 260
213 262
288 217
134 292
95 216
90 246
153 223
23 7
34 294
142 265
290 73
54 230
168 2
240 288
99 46
168 285
111 18
177 261
40 72
11 70
265 92
65 114
142 86
101 177
44 106
209 53
286 49
92 210
189 4
124 91
205 28
42 188
155 48
241 31
48 11
153 93
247 282
3 89
213 135
7 268
254 210
285 28
14 33
168 254
12 188
174 209
266 122
274 254
217 84
92 16
64 102
97 6
164 231
155 265
125 187
3 90
62 162
36 183
79 255
150 115
293 27
145 32
121 194
40 270
225 19
141 175
176 206
168 246
54 123
97 102
136 54
210 221
90 112
236 289
234 270
256 63
132 21
160 102
250 89
111 109
277 112
47 20
265 177
14 204
76 46
114 123
114 254
115 263
200 269
255 24
117 89
216 237
274 195
211 212
59 126
90 81
102 32
255 128
261 4
193 213
205 217
209 94
166 164
142 156
172 212
199 266
15 257
151 286
208 52
174 38
192 124
171 102
198 176
150 202
82 245
33 153
221 93
151 250
156 277
161 159
1 237
110 187
54 154
167 33
181 51
95 164
215 188
162 205
111 56
132 22
0 144
51 112
161 33
275 145
115 161
56 280
39 211
145 26
34 157
0 78
51 216
4 191
234 268
163 184
59 201
77 150
258 231
272 159
103 135
53 297
119 131
43 5
99 298
106 40
169 279
119 123
105 233
246 287
48 202
167 155
74 51
21 235
281 159
133 244
299 219
145 216
298 207
15 45
108 98
201 106
188 271
107 277
225 62
229 23
121 232
110 233
67 80
54 97
163 262
195 229
27 234
39 212
70 5
100 168
239 89
62 290
208 229
117 191
256 124
213 252
103 274
48 5
177 181
196 276
208 169
14 113
89 251
40 169
15 150
69 250
112 200
40 135
259 159
199 106
281 287
2 155
32 13
131 18
73 7
108 279
292 270
71 82
178 289
156 272
209 242
263 47
201 62
267 119
190 33
89 153
275 245
55 133
217 286
206 137
114 94
244 14
138 247
126 195
296 223
80 235
109 135
65 115
99 252
47 165
109 106
196 9
157 165
139 2
93 44
240 119
191 18
119 282
2 236
146 135
190 231
87 232
276 85
166 263
176 260
149 218
247 245
196 117
160 210
47 156
74 258
164 211
138 127
2 268
134 276
32 65
219 118
203 192
151 89
53 289
119 197
41 252
74 158
185 146
137 97
148 196
284 108
40 84
182 66
60 196
49 114
174 52
211 232
184 209
217 5
216 240
125 88
278 156
76 147
107 187
70 119
82 290
260 191
131 83
64 29
135 104
125 4
284 106
35 97
238 172
228 20
293 56
130 89
100 186
179 238
9 20
128 6
59 151
61 267
212 220
46 62
226 288
294 78
288 221
71 237
33 75
250 245
285 173
123 245
231 25
111 201
174 55
119 296
108 154
269 189
142 170
149 13
297 47
193 279
191 95
161 294
20 70
77 129
240 230
259 292
78 188
217 113
235 298
285 136
38 19
252 225
74 72
26 14
155 128
183 235
115 207
297 52
159 165
175 162
40 254
187 236
168 258
31 147
8 4
175 98
84 179
112 66
229 245
201 128
63 286
107 227
87 18
236 240
226 249
184 216
8 70
225 87
258 169
2 285
194 225
164 278
25 9
83 268
294 54
70 90
85 266
51 211
19 293
293 191
298 39
212 109
288 127
248 125
297 104
279 182
24 68
144 122
212 283
278 111
34 291
271 221
24 194
136 198
296 46
148 247
16 262
145 245
140 270
161 257
192 116
132 9
60 171
148 143
263 289
168 229
92 72
42 108
209 101
55 287
131 262
244 233
42 138
87 129
276 117
47 44
37 48
281 90
8 76
35 94
240 260
190 198
166 34
180 222
19 145
90 30
277 94
269 196
24 223
242 85
231 145
289 60
282 36
74 6
268 16
56 112
19 232
204 39
210 169
288 160
112 147
37 253
225 129
282 199
73 47
37 151
124 3
181 163
83 127
47 93
289 223
148 89
271 151
53 175
139 234
87 253
285 129
96 0
243 267
292 203
97 221
277 11
288 114
176 250
279 77
189 130
263 297
94 227
84 148
23 261
204 116
28 262
1 89
251 112
108 183
111 234
222 115
136 76
252 25
170 174
289 36
208 53
171 216
246 25
163 83
216 27
42 168
127 246
181 206
239 7
249 177
262 126
266 64
192 110
0 3
156 5
219 129
71 187
278 133
100 295
165 44
291 170
147 251
270 31
27 261
175 117
130 107
45 241
97 14
77 148
49 6
278 237
96 161
51 197
224 92
172 269
214 221
164 170
114 83
208 222
267 96
257 115
263 24
24 57
186 182
72 186
235 72
37 273
134 273
169 155
294 150
79 248
73 277
141 264
37 101
43 187
6 51
299 239
73 204
36 106
66 162
144 181
24 39
155 237
90 18
187 45
105 164
93 289
267 154
245 273
15 290
28 192
20 170
283 21
163 118
50 60
185 225
70 274
207 254
282 205
118 42
13 120
28 59
237 220
224 140
25 85
241 222
253 156
58 248
3 33
138 114
7 270
171 39
158 194
297 106
149 48
116 223
139 183
156 83
153 284
215 63
103 231
271 264
159 82
145 15
78 287
6 0
292 129
7 14
174 152
18 205
112 106
36 24
269 41
42 2
223 13
270 32
215 225
67 47
92 176
174 148
174 74
256 230
197 238
20 126
274 152
94 8
284 290
145 249
35 160
89 260
153 22
217 261
90 192
280 212
188 63
176 285
67 154
208 79
215 241
187 132
83 28
212 258
224 210
205 92
45 46
45 148
279 287
122 181
119 69
229 5
233 33
72 236
52 182
268 214
141 238
99 138
180 285
141 7
217 195
179 204
19 205
0 158
112 104
65 57
159 3
218 5
128 31
177 263
163 162
72 299
210 111
38 167
56 47
139 91
269 58
127 70
172 47
274 216
157 256
84 87
245 38
83 38
65 237
79 172
42 21
179 54
298 0
253 258
149 259
194 176
15 42
212 289
266 225
65 212
175 72
41 188
237 95
30 131
213 207
191 248
183 56
33 76
210 3
207 143
75 241
217 153
42 105
156 68
79 25
17 126
167 172
44 60
69 204
203 154
112 92
131 225
92 249
134 47
101 176
183 3
155 180
114 103
61 206
38 92
10 213
119 270
65 124
272 38
184 27
246 201
94 195
1 208
151 17
216 242
185 114
251 15
240 204
102 251
45 173
154 72
169 232
169 70
263 54
103 268
173 125
31 193
220 78
118 147
236 198
181 41
23 50
273 92
145 241
104 233
92 234
281 92
215 251
109 7
62 89
15 212
50 128
57 258
75 164
239 211
208 89
49 214
5 208
33 156
265 89
248 292
168 271
163 212
290 167
225 149
238 281
106 116
251 298
78 93
298 16
31 212
111 52
142 101
80 170
107 262
142 231
131 148
62 228
76 61
94 80
77 285
104 280
14 47
48 198
189 128
71 210
32 240
93 67
49 220
160 182
0 173
222 148
21 294
161 28
281 187
218 60
287 162
167 112
78 66
267 156
136 144
168 174
220 81
257 247
43 269
172 146
272 173
115 202
253 64
48 151
213 248
7 254
43 174
298 259
105 197
272 99
135 111
256 62
185 248
186 135
47 198
62 270
18 115
204 12
203 289
154 250
165 134
146 104
46 26
299 35
284 0
52 78
27 287
297 69
12 20
139 96
135 32
227 2
45 189
232 101
298 92
231 78
211 165
121 41
209 106
163 11
60 272
294 293
101 61
222 225
171 179
1 122
217 216
156 204
267 102
28 177
184 256
8 69
125 47
198 78
132 34
33 184
290 272
288 4
39 252
90 135
241 53
248 40
23 176
295 64
31 213
266 133
241 38
41 215
101 33
283 29
59 250
0 272
286 160
98 50
8 81
16 179
25 96
299 47
225 77
248 140
127 214
238 61
36 92
41 210
75 198
221 156
66 254
27 63
287 52
230 235
81 233
200 205
294 289
71 158
269 130
255 225
102 214
38 35
56 25
137 0
285 52
275 143
196 142
47 10
141 179
286 77
89 24
147 202
130 129
148 226
142 12
83 162
158 104
62 39
164 205
151 22
27 13
67 35
289 105
293 43
30 175
101 9
121 77
116 7
15 102
107 43
86 207
186 249
173 85
215 152
226 75
268 198
297 28
219 30
253 72
37 11
185 275
81 24
252 255
214 187
250 82
177 104
105 23
24 201
288 272
5 161
111 161
170 175
164 272
222 226
118 278
167 201
55 227
134 72
276 267
216 185
36 166
141 51
233 3
174 123
216 17
97 210
0 8
54 282
257 221
39 91
184 262
88 178
173 244
65 251
263 42
219 25
259 40
251 103
135 102
250 132
190 208
97 38
240 73
35 100
198 195
44 4
46 220
127 115
191 111
70 205
80 63
150 234
180 22
138 187
164 219
70 104
121 204
185 6
66 283
24 67
163 97
134 179
97 258
174 135
162 230
207 167
61 17
66 171
169 278
242 143
8 172
138 242
100 79
281 12
85 84
78 42
10 190
169 194
281 280
135 184
106 154
189 173
148 277
263 286
226 251
279 14
210 39
221 269
96 248
285 36
170 299
26 169
225 52
55 84
252 263
161 56
58 147
11 270
230 285
1 195
194 296
110 126
231 116
271 250
243 156
207 266
204 215
107 123
187 186
68 2
78 199
26 288
240 10
69 276
239 24
191 51
173 73
60 228
149 184
162 22
273 178
225 153
246 268
122 36
81 279
175 210
29 184
94 54
242 234
215 10
144 156
112 105
125 59
0 212
87 93
17 269
189 243
231 122
31 266
48 50
45 245
101 144
9 247
253 142
176 185
74 18
6 41
234 218
250 97
75 79
56 186
251 275
212 162
268 286
151 158
51 49
153 75
102 140
272 131
249 105
70 105
229 57
81 210
145 122
91 50
187 3
16 276
193 210
215 255
263 225
112 108
124 247
275 254
229 297
119 215
218 30
120 223
226 168
67 109
148 62
191 118
282 102
220 246
211 152
252 9
271 277
88 148
247 276
189 108
233 267
137 41
11 64
173 143
140 203
10 204
41 267
147 162
207 253
100 25
82 131
138 234
29 110
30 216
260 164
136 103
70 87
146 264
5 249
271 47
26 89
54 254
212 167
153 285
97 116
58 117
87 179
287 141
153 168
197 228
116 218
98 161
60 88
28 293
204 161
125 25
270 161
251 207
250 263
223 230
132 11
125 245
137 138
208 207
271 22
18 113
75 215
283 126
97 227
138 292
265 67
181 87
164 195
7 223
196 62
227 194
213 103
181 167
221 200
71 291
125 60
281 147
146 71
124 132
158 4
114 267
161 119
68 78
16 136
135 27
3 175
116 283
228 271
47 241
101 248
24 76
152 154
78 129
78 236
109 91
160 251
272 139
122 152
263 137
142 27
160 49
86 140
65 121
217 76
231 110
135 132
163 177
120 114
297 239
187 151
125 243
16 197
153 70
284 275
225 275
214 202
133 246
114 89
109 204
248 270
279 299
216 8
19 27
76 143
210 4
168 180
140 129
108 127
20 236
171 15
277 236
154 128
26 160
229 60
219 157
267 36
258 204
98 167
75 186
20 156
235 211
28 225
15 77
195 91
86 223
107 156
153 251
99 170
88 189
254 60
27 196
35 209
208 242
229 64
162 79
44 131
149 212
119 173
234 199
35 40
8 118
44 125
11 237
83 160
279 259
208 246
86 143
207 117
95 195
191 60
282 195
132 289
192 54
220 227
76 227
13 215
140 57
53 55
152 189
113 58
91 25
245 274
94 50
52 104
143 157
177 255
220 59
85 175
147 223
147 87
228 272
242 281
177 279
174 270
254 112
40 245
95 133
21 274
284 149
240 163
266 62
4 97
226 261
182 276
12 293
276 27
42 8
287 139
186 67
276 108
196 260
176 121
72 17
128 207
210 146
130 274
177 54
167 131
266 217
266 65
249 77
96 275
248 180
155 13
280 138
150 117
68 54
297 30
132 2
147 158
291 60
98 243
175 108
216 295
270 85
40 13
90 167
150 129
66 249
105 245
40 21
90 268
82 19
19 123
249 25
263 293
58 222
262 123
71 130
291 189
203 261
3 74
247 106
296 60
30 225
94 101
124 98
188 150
113 245
295 33
140 85
82 224
168 28
199 238
265 252
199 288
51 13
9 88
294 220
253 115
182 117
189 111
171 221
97 170
92 197
241 87
218 125
137 201
292 261
204 140
145 226
216 282
104 234
62 56
107 12
218 211
133 70
1 4
31 243
108 206
168 175
176 233
261 273
124 54
107 121
212 215
22 244
292 272
105 17
91 148
156 282
188 164
250 103
118 61
218 123
198 182
93 267
133 241
161 177
141 39
204 79
33 200
199 215
227 68
75 264
88 111
298 181
195 248
16 165
283 167
77 56
236 88
290 292
258 149
284 287
72 174
248 30
219 84
29 27
287 178
2 120
158 27
205 280
260 230
223 266
0 202
234 257
90 213
220 288
252 269
95 196
107 102
93 264
253 138
130 90
72 135
279 245
52 79
117 238
95 142
257 84
57 294
88 250
122 153
110 171
124 43
253 274
26 95
135 262
121 56
297 235
230 131
285 149
173 36
195 234
257 183
284 45
282 165
67 88
132 136
214 174
279 58
88 163
225 258
197 78
136 112
278 232
163 180
99 105
147 54
76 150
170 156
223 83
271 289
237 255
90 144
244 28
266 171
298 222
224 233
67 151
30 32
48 239
51 212
4 15
27 275
17 149
22 218
14 251
173 84
63 132
271 207
247 76
234 37
64 5
83 2
109 124
45 11
8 154
167 5
253 9
67 284
281 143
71 123
250 276
137 210
29 90
43 109
204 138
123 22
5 276
124 268
15 211
227 190
5 10
264 82
151 139
147 73
20 241
294 203
276 187
294 100
237 154
265 174
288 14
145 221
133 163
286 39
202 21
201 269
48 89
197 256
296 292
199 225
259 67
180 132
22 4
234 207
7 64
169 283
182 273
146 175
173 164
38 265
293 231
13 269
259 29
17 147
133 100
268 177
126 58
89 206
73 39
179 113
42 123
159 85
275 220
209 59
260 254
116 67
55 222
63 272
188 297
213 266
229 145
272 130
207 220
128 214
70 132
51 123
160 125
293 181
33 35
0 95
81 17
18 132
27 101
133 180
281 18
40 36
234 51
197 61
21 201
224 51
202 22
54 211
9 182
29 102
175 123
253 217
19 4
229 205
255 192
41 3
146 173
177 67
202 28
207 96
111 170
286 157
203 153
44 42
273 248
34 299
10 132
291 17
237 262
281 115
209 136
288 150
135 285
189 213
112 19
87 203
253 136
257 42
64 68
185 97
65 7
154 20
40 284
146 227
105 49
269 297
278 148
270 117
91 21
145 91
16 225
86 21
284 285
151 152
257 109
99 269
34 98
131 94
263 86
194 259
47 59
84 25
66 26
255 198
183 192
261 266
166 232
220 278
94 106
34 255
233 180
19 195
283 277
242 119
1 156
287 126
173 180
158 191
247 178
46 283
52 251
285 148
153 261
185 298
51 28
114 57
54 159
36 192
216 288
288 79
182 130
62 210
1 112
141 66
243 185
60 30
105 22
237 276
149 93
75 5
286 123
225 237
26 35
67 227
292 15
231 299
205 181
231 174
207 16
80 148
298 31
221 124
112 184
263 230
169 203
157 23
101 190
150 191
291 95
184 273
280 147
185 57
131 134
69 143
148 112
252 172
277 211
274 131
251 172
193 209
29 48
152 65
185 129
61 24
87 13
250 293
176 152
222 284
5 228
200 111
33 103
43 95
123 183
132 199
262 246
252 251
210 173
79 199
188 82
5 93
223 39
88 80
0 128
261 33
123 127
20 192
144 2
158 273
94 274
31 209
177 271
187 278
88 32
141 11
135 296
45 280
296 244
7 255
284 270
213 124
161 112
70 278
168 163
252 235
239 18
258 96
51 183
274 272
134 268
275 122
249 39
221 66
103 109
200 181
22 116
29 213
123 273
256 96
46 237
11 168
219 122
178 70
194 1
90 177
207 50
254 209
22 126
179 275
102 116
82 211
283 237
260 253
95 268
227 293
247 0
44 158
71 126
98 150
34 17
2 213
261 178
113 1
167 217
40 42
257 132
285 216
184 150
297 182
206 257
44 138
291 74
181 70
146 153
186 277
252 52
70 82
170 211
133 270
72 132
46 6
89 268
148 116
82 190
291 295
100 71
191 84
258 220
201 284
68 5
203 245
79 146
2 180
34 243
43 77
220 31
186 7
181 34
158 289
47 270
203 223
126 27
105 45
242 94
257 50
183 259
221 38
69 289
62 135
118 44
231 156
205 173
91 217
27 262
183 196
109 64
157 57
10 183
84 248
149 79
148 266
205 45
98 245
261 184
221 276
82 22
18 94
176 63
268 23
133 137
23 234
213 55
114 56
18 57
275 98
5 2
117 168
229 289
243 101
118 78
128 238
158 49
286 102
71 154
270 196
243 194
262 204
43 123
210 61
0 228
169 75
112 272
114 4
264 7
189 81
284 87
155 219
229 184
65 23
291 234
176 244
75 298
284 65
195 89
270 127
183 150
23 136
77 200
36 39
38 23
270 171
158 48
8 12
140 61
280 67
72 131
160 40
58 152
233 196
37 299
253 23
40 280
131 159
97 123
136 205
128 195
42 59
5 118
241 186
271 220
295 244
148 149
244 260
282 145
6 202
226 227
195 299
290 173
296 99
190 257
219 5
144 205
119 165
139 277
0 177
271 209
257 203
223 6
201 175
25 274
284 257
39 277
196 280
201 271
104 24
260 272
260 167
51 160
268 260
88 40
10 262
87 37
98 62
201 14
203 265
86 111
220 11
179 241
268 19
256 20
237 234
224 38
267 131
94 70
54 212
0 191
292 90
103 47
228 170
28 163
8 146
268 195
212 176
240 143
226 196
13 91
265 36
247 294
232 222
51 21
152 218
254 32
181 99
211 251
13 186
121 44
276 217
48 53
144 71
55 56
259 229
92 109
245 295
217 150
22 230
51 94
180 135
61 68
137 36
44 90
136 37
39 172
170 279
171 189
100 81
3 40
230 112
40 252
164 23
75 95
66 57
265 299
210 136
107 78
90 186
2 90
242 121
69 208
99 58
264 95
153 228
14 110
231 197
81 36
148 209
74 33
256 282
253 31
265 139
155 177
76 13
286 271
37 110
56 134
289 257
5 231
212 5
156 218
276 90
285 23
114 150
198 247
56 180
17 285
192 280
106 82
189 255
177 248
286 256
157 203
195 163
32 260
194 75
287 97
170 29
177 187
54 190
251 273
110 78
177 58
78 136
131 280
137 6
126 127
83 86
217 3
70 32
30 251
59 25
171 156
163 113
95 137
107 33
199 71
136 182
269 11
101 13
7 196
141 236
102 142
6 60
144 97
218 33
4 99
202 100
111 80
296 179
148 133
128 43
122 26
114 170
62 282
258 32
178 180
261 34
146 29
130 298
64 286
184 267
45 286
195 286
227 286
186 162
153 15
6 86
94 189
206 207
221 46
175 293
61 145
256 285
6 151
63 58
28 52
17 97
85 17
85 66
124 133
289 184
35 297
51 48
155 252
275 73
33 148
226 257
236 127
100 14
5 285
6 78
171 180
135 178
74 38
243 254
286 170
131 172
282 289
102 10
66 265
59 110
233 229
125 37
62 187
118 18
5 41
9 49
157 137
211 183
141 286
89 196
185 46
64 111
224 177
240 90
6 52
231 227
50 45
5 145
220 182
35 272
16 258
265 273
170 42
123 278
2 276
259 237
299 90
22 270
296 204
297 190
286 65
269 216
200 255
268 215
134 205
245 236
48 186
201 194
172 32
74 180
233 22
296 236
36 102
193 75
281 86
33 16
31 73
184 105
202 144
185 239
81 180
161 179
183 26
147 35
82 295
243 289
105 260
121 131
30 163
85 33
141 173
134 271
231 297
261 256
31 198
34 146
30 269
4 54
21 79
139 280
48 271
86 71
161 80
84 5
91 193
137 299
233 288
31 156
139 276
177 245
204 17
180 34
83 141
274 295
178 74
204 4
22 159
213 17
5 59
202 52
264 103
264 111
219 186
3 115
67 250
163 40
46 120
160 61
203 124
110 55
108 254
100 255
82 284
88 84
42 37
151 40
281 137
80 5
50 81
206 186
34 54
15 163
135 7
221 223
58 47
139 285
190 15
99 282
255 182
109 182
127 113
286 16
229 138
43 58
291 159
121 223
254 37
209 233
47 256
210 100
134 3
298 209
190 183
133 240
282 8
136 34
218 200
204 2
162 13
218 219
260 33
223 278
213 88
198 221
42 277
247 80
167 264
176 216
299 206
11 26
242 105
203 227
39 198
71 230
110 63
44 91
237 164
163 109
25 292
204 270
86 274
209 273
18 199
26 10
89 83
19 156
296 210
206 98
71 253
146 232
207 139
245 79
270 279
165 180
20 277
287 19
4 200
50 58
176 169
281 110
178 77
279 273
98 146
208 20
278 142
171 176
248 188
44 59
25 270
98 116
270 24
155 75
202 201
276 63
244 30
116 225
28 255
239 233
157 73
49 253
141 60
190 278
277 258
138 282
283 0
71 134
193 176
64 56
40 113
117 9
182 15
9 279
248 163
46 128
298 55
9 138
155 1
119 122
82 90
244 135
155 145
65 296
177 275
157 136
262 78
155 164
186 245
258 217
250 76
256 293
298 133
288 166
202 135
254 44
189 227
279 249
57 223
144 18
256 297
76 85
107 253
195 122
128 76
50 68
272 234
204 107
14 124
198 141
199 214
239 264
163 268
219 284
233 48
299 249
27 214
253 212
244 156
224 237
278 71
292 274
65 205
162 57
155 12
226 121
118 89
211 117
1 83
167 138
28 211
4 194
288 279
76 96
46 66
61 271
162 111
32 42
244 98
269 262
114 238
249 253
232 86
1 268
87 205
161 81
155 161
29 67
57 244
2 91
293 77
111 148
213 120
84 113
57 247
176 59
205 257
223 294
179 78
106 93
85 127
68 98
126 149
201 162
250 34
32 273
138 54
34 56
13 122
135 25
275 247
236 276
178 22
100 126
86 264
140 91
287 282
100 36
119 82
284 44
262 292
6 182
20 183
162 294
48 130
3 199
27 284
40 236
1 105
170 264
172 50
30 144
98 111
279 128
273 215
211 154
161 280
6 219
60 133
24 253
133 226
4 232
265 290
148 152
229 157
281 274
46 30
42 152
8 261
170 62
66 258
289 119
121 36
36 138
113 207
15 113
234 170
164 273
38 230
282 159
162 7
270 2
41 199
184 276
136 105
197 209
194 138
181 229
163 86
252 21
105 271
266 232
141 200
12 294
3 118
148 237
232 236
1 293
169 161
55 36
16 247
41 166
7 98
219 47
218 192
74 125
107 0
39 257
169 191
124 264
146 149
142 148
7 236
229 102
1 78
276 135
133 228
184 5
35 287
24 70
232 77
270 221
8 246
201 129
243 6
282 213
79 131
116 61
223 104
189 170
27 71
154 98
168 236
149 95
174 228
83 133
203 69
283 27
79 234
148 268
60 287
167 272
200 50
159 174
109 26
188 280
75 199
121 147
196 263
83 218
11 176
36 188
178 126
135 48
203 194
296 126
293 114
295 235
85 176
131 164
287 154
237 199
47 122
198 3
204 189
134 52
124 49
10 48
202 17
177 70
54 74
181 89
0 220
98 136
124 161
8 188
189 212
261 94
166 136
44 208
182 79
252 159
171 232
124 287
248 262
58 163
182 197
166 159
17 140
53 218
25 83
159 116
282 116
250 171
101 202
101 258
255 277
279 200
93 188
73 8
1 163
240 29
229 186
247 18
62 199
3 18
196 179
133 98
240 164
56 57
147 143
174 176
252 221
278 159
158 236
59 183
235 166
273 230
128 142
178 167
122 128
40 128
220 30
292 171
149 273
145 293
74 164
252 254
31 111
175 219
267 82
97 100
42 176
208 86
97 229
209 157
81 240
143 158
297 100
222 290
219 258
56 146
62 111
32 269
117 199
167 297
208 14
275 235
238 220
45 2
230 122
133 159
11 212
188 231
204 231
212 77
84 168
206 210
5 174
57 240
245 149
127 266
177 184
214 192
159 89
110 185
278 112
154 85
164 38
244 66
220 12
211 106
190 93
119 58
228 61
199 58
186 84
20 114
94 90
229 94
215 113
260 263
111 22
193 231
215 146
46 206
264 77
273 77
189 298
172 250
292 155
211 44
212 18
272 235
297 171
242 59
223 179
