300 8000
219 19
286 78
32 131
208 138
223 262
90 151
112 142
20 239
280 199
208 252
85 76
25 219
145 75
161 278
253 135
200 192
195 191
129 55
197 220
237 277
221 81
158 264
16 37
230 288
235 112
188 68
241 152
232 271
212 240
66 166
72 281
212 105
216 18
280 114
230 108
158 254
216 87
219 111
22 101
196 62
215 180
86 199
243 132
20 123
128 122
2 191
199 291
88 222
149 184
80 206
268 270
149 287
111 69
163 2
241 161
53 174
262 282
145 270
4 208
100 238
63 298
214 2
92 151
281 48
298 123
162 192
80 285
6 256
86 38
111 264
214 71
66 250
29 78
92 87
59 134
49 200
25 10
104 262
33 2
223 44
94 124
106 189
184 104
19 70
25 131
33 136
50 186
126 113
137 46
283 298
264 247
126 137
183 50
141 12
187 290
153 222
298 201
105 192
2 75
19 175
265 207
101 45
234 261
283 132
222 117
274 263
87 21
126 298
222 296
283 158
242 91
142 16
128 224
234 88
55 60
98 96
93 59
247 212
205 175
180 11
249 222
0 57
40 264
242 9
69 254
281 153
298 204
182 73
69 68
228 195
224 18
187 255
155 20
121 76
180 166
197 16
220 54
8 132
269 194
25 288
211 38
242 287
137 203
39 59
274 169
79 140
260 164
133 73
114 201
269 184
225 148
254 66
295 270
30 51
184 215
162 177
90 240
202 270
48 40
222 267
279 60
164 221
133 138
274 224
145 57
4 134
83 116
67 114
133 257
249 112
225 60
28 38
25 285
206 247
131 119
127 262
164 4
50 36
288 67
96 285
292 59
5 198
61 66
38 64
12 217
119 293
280 76
292 207
159 29
22 4
208 297
50 286
25 189
57 176
97 273
6 76
67 80
86 269
33 89
174 60
214 197
295 68
133 193
226 293
2 35
25 19
95 289
147 174
96 290
285 132
101 232
277 8
56 26
295 32
81 289
184 294
81 6
149 177
94 165
32 1
203 257
201 8
291 247
144 262
290 56
36 98
254 5
81 282
120 239
296 176
218 142
120 225
152 163
28 246
107 105
156 137
136 39
112 198
19 125
83 267
77 82
272 216
23 132
31 15
229 194
136 190
218 232
29 9
182 29
239 86
48 1
213 286
270 20
52 127
149 135
28 27
286 91
208 74
37 149
197 259
207 58
8 156
137 265
124 0
164 37
198 286
155 99
94 123
227 58
83 197
288 277
31 123
4 104
244 57
238 41
16 121
163 278
58 70
163 243
122 33
34 77
167 146
297 107
265 261
130 189
199 226
11 293
59 129
120 271
65 41
299 153
49 231
135 73
47 73
117 288
195 152
134 71
182 242
233 183
51 128
68 25
261 114
212 42
163 188
89 186
168 4
61 127
148 200
282 179
86 11
115 73
115 158
33 118
238 11
162 2
28 273
169 232
263 57
0 66
99 65
212 161
265 64
61 242
65 177
79 255
249 32
135 151
198 199
74 95
46 144
86 244
137 97
77 165
143 98
167 147
223 249
295 299
210 227
208 209
203 136
205 200
189 146
258 293
1 290
238 61
34 220
9 287
270 234
97 185
150 159
248 2
128 95
175 225
272 64
170 153
173 269
193 1
265 191
264 226
119 280
127 63
55 205
20 242
196 63
97 236
40 240
46 266
244 181
287 268
136 40
83 100
173 91
154 54
234 124
30 123
181 103
209 94
292 166
108 161
141 76
96 295
249 61
46 253
229 78
12 112
29 70
49 248
272 25
240 204
149 141
282 82
50 118
146 201
139 294
271 275
40 20
144 3
282 132
223 129
55 201
280 208
40 54
61 126
1 252
213 215
242 131
188 6
255 218
19 82
47 179
65 28
240 102
25 91
100 263
40 185
263 121
66 203
102 134
223 220
0 140
134 186
293 159
253 217
107 245
1 165
183 87
97 245
25 24
27 221
130 14
16 261
155 116
263 50
234 254
77 14
60 220
65 158
252 55
5 174
267 198
249 220
44 201
144 25
238 1
34 73
71 234
243 58
212 31
0 290
22 45
272 225
186 155
265 236
191 281
122 36
6 177
88 32
119 183
85 267
0 37
77 47
218 219
147 282
106 275
298 221
194 3
57 210
227 286
225 169
226 250
14 208
224 25
140 75
68 137
97 280
137 145
254 248
150 70
226 74
149 110
15 162
142 129
125 73
117 183
270 232
14 199
168 163
186 261
43 33
147 299
89 109
183 71
161 202
17 193
38 164
127 228
281 204
279 85
97 215
62 103
187 37
217 124
210 93
44 218
98 7
32 30
274 127
109 145
214 8
160 70
215 102
281 124
2 288
99 119
176 93
216 252
65 88
73 53
254 110
175 157
93 206
76 233
65 110
179 105
72 151
63 126
6 161
102 256
208 12
224 287
197 171
125 51
7 160
14 149
235 265
252 145
91 72
258 57
221 168
164 87
84 236
2 187
88 9
137 120
146 0
279 20
277 139
174 165
250 234
277 174
206 287
40 8
268 275
279 137
235 86
230 139
273 82
55 168
270 9
8 236
56 37
213 193
72 25
215 115
188 249
175 128
159 129
282 142
273 32
120 58
15 146
187 77
224 54
79 147
43 24
169 236
249 84
17 62
39 61
59 234
216 61
201 12
14 108
0 169
176 255
216 263
65 4
177 172
148 294
66 284
242 76
265 249
105 42
30 56
179 186
80 54
248 162
286 108
276 122
58 156
33 3
159 232
192 247
153 265
118 79
79 151
153 60
278 189
258 111
13 200
132 38
277 245
289 179
185 191
2 204
202 121
220 109
92 94
107 191
41 143
144 299
73 299
206 75
156 213
13 39
123 286
7 194
55 134
274 183
110 193
190 75
259 156
271 1
54 134
152 162
178 230
293 298
130 109
299 51
21 183
233 164
166 125
243 204
150 212
67 174
76 102
139 264
297 42
99 212
75 224
187 191
240 192
125 290
174 289
131 200
114 262
52 260
27 166
178 9
9 228
162 246
122 242
162 81
290 112
91 102
77 80
168 248
253 91
128 112
123 169
283 118
58 131
6 142
268 23
114 226
84 229
282 218
127 92
172 167
113 84
243 179
50 281
115 25
127 41
87 201
273 16
266 261
141 154
2 72
202 242
85 202
99 45
124 83
237 15
144 12
149 270
167 109
95 134
24 45
185 31
126 40
250 104
127 289
88 160
43 18
255 246
2 278
171 216
128 228
94 73
132 292
10 87
277 259
227 49
28 138
162 290
201 248
80 205
288 164
247 53
150 175
243 111
238 139
165 259
214 0
151 281
170 80
65 213
162 263
191 170
223 0
24 146
229 171
140 152
66 42
174 264
89 35
75 242
0 194
223 201
75 287
279 226
88 174
56 28
23 178
4 84
42 24
138 256
203 220
238 272
147 86
254 247
289 206
8 254
65 254
184 273
226 73
218 15
140 280
76 80
197 237
109 157
190 61
63 198
22 233
19 196
7 188
130 259
22 170
281 197
190 11
184 130
259 57
63 132
294 205
159 98
87 205
231 54
6 170
186 226
141 120
118 26
199 203
111 287
151 129
286 182
143 74
295 60
278 182
101 11
112 122
230 167
222 229
291 165
297 135
138 80
222 218
57 62
110 283
260 157
200 178
124 130
154 254
3 8
36 48
276 89
274 71
70 254
183 29
269 90
224 137
77 13
279 180
42 91
141 160
157 214
113 199
127 213
167 70
214 154
280 159
177 39
205 132
267 3
285 228
99 0
295 94
283 191
110 42
214 251
41 54
275 56
214 55
90 184
24 264
87 45
33 262
90 34
44 207
285 124
139 68
77 105
190 209
169 7
4 7
86 50
76 113
162 219
4 148
260 91
19 104
107 119
75 129
23 264
132 18
160 129
58 41
231 256
122 255
198 180
254 32
180 241
77 238
125 163
151 210
240 235
157 128
224 118
113 154
274 249
48 3
208 32
272 133
234 77
250 298
77 153
137 188
198 178
266 132
244 203
202 80
288 208
135 130
155 87
246 85
125 239
156 206
250 220
59 124
62 19
31 67
294 132
212 259
58 15
47 167
54 265
131 26
153 157
173 117
222 286
191 180
196 157
112 206
266 138
83 99
296 5
27 150
85 119
232 75
62 159
140 298
48 5
180 155
20 136
159 235
277 124
193 199
226 106
296 188
20 290
235 194
133 5
273 71
54 95
241 236
121 123
249 193
17 212
35 41
60 88
25 18
83 157
113 8
195 196
87 60
82 133
211 129
165 141
162 199
207 157
189 58
157 268
213 61
122 176
85 216
103 208
264 119
210 219
296 19
275 227
227 240
102 152
45 167
150 259
41 261
214 103
188 256
223 160
154 287
7 5
124 148
200 162
115 289
252 7
262 134
231 274
233 246
192 7
42 263
14 160
214 49
12 290
218 150
245 83
73 204
126 171
236 138
132 136
50 240
122 87
124 240
127 57
134 296
22 53
67 201
110 197
20 151
76 146
79 272
101 195
260 45
134 145
292 258
194 222
196 252
287 283
70 41
246 126
36 154
159 134
39 44
1 55
138 61
211 23
259 41
211 223
105 55
119 134
136 286
114 263
147 172
262 141
11 132
103 30
48 227
280 252
17 297
139 178
182 282
105 119
31 76
65 114
108 24
39 162
182 166
20 8
47 275
127 233
291 298
171 278
12 268
72 89
187 137
166 276
229 238
47 143
200 108
106 53
64 192
134 256
56 64
67 27
57 91
109 88
210 124
21 66
4 281
83 292
97 221
157 116
219 273
20 251
49 180
243 174
298 132
288 77
192 276
214 234
161 245
59 143
198 144
286 75
115 257
85 41
141 9
135 218
242 271
144 5
260 78
45 280
26 139
146 38
62 20
101 256
18 223
260 92
144 223
269 261
33 155
85 133
4 96
110 30
1 80
244 223
207 173
26 277
180 35
219 36
115 195
204 182
221 150
128 86
220 104
231 291
95 275
62 257
71 272
224 3
99 205
249 299
284 75
284 232
230 32
294 213
15 242
172 270
256 288
202 213
210 98
157 36
292 241
122 246
191 127
22 169
165 51
147 276
142 114
150 47
90 10
204 248
272 182
133 125
195 111
155 208
81 177
255 3
286 142
131 156
58 234
231 9
148 233
24 213
63 135
53 67
170 33
119 218
192 67
85 55
295 127
3 159
283 105
211 280
90 228
159 288
131 203
235 40
225 215
11 199
57 270
131 160
266 55
199 225
182 78
253 108
52 210
266 2
289 90
15 64
31 9
162 125
150 71
112 73
183 147
231 32
192 107
139 104
272 144
189 116
2 184
202 156
174 238
126 141
144 201
58 245
184 170
86 231
15 292
55 153
219 197
112 24
127 1
70 131
293 10
90 12
129 111
229 250
114 217
225 233
261 141
94 225
80 264
109 265
281 130
69 118
14 58
48 219
177 31
243 215
87 278
95 94
104 248
129 8
155 171
181 194
147 220
282 285
241 68
116 60
84 161
284 219
260 274
55 187
280 268
109 40
91 285
228 175
267 240
65 285
140 135
59 1
114 190
171 141
86 250
219 269
161 72
31 77
14 243
252 266
118 51
176 119
175 216
167 158
72 38
223 122
297 111
160 15
196 219
168 161
137 242
34 10
77 155
161 297
159 144
136 158
93 104
127 132
45 194
269 15
47 226
136 47
254 2
115 293
185 242
155 299
81 105
252 21
117 111
8 126
74 217
63 249
74 206
88 177
18 265
84 279
291 65
221 242
15 155
289 67
224 191
104 31
65 146
82 148
73 37
209 122
73 215
95 179
137 205
8 290
161 287
62 271
173 299
3 269
149 139
172 99
4 128
119 112
280 221
249 101
38 97
233 265
159 5
162 272
299 81
47 216
36 166
275 210
256 55
7 167
51 200
76 286
210 140
101 286
133 258
91 266
228 221
87 247
171 184
260 2
55 126
20 245
260 147
113 17
288 211
109 169
224 262
245 178
251 39
18 94
33 94
89 157
111 60
203 123
188 157
185 118
169 127
29 192
220 286
43 222
240 28
271 123
273 163
95 15
149 2
191 140
53 126
115 10
96 120
239 110
142 192
27 175
246 247
247 31
35 193
245 162
139 81
0 276
246 12
269 127
61 255
15 219
3 234
73 98
292 94
221 226
196 293
230 172
7 102
253 76
243 203
82 216
296 277
92 271
19 76
20 236
258 150
206 288
293 173
234 61
259 287
15 132
124 151
116 229
51 99
171 243
144 292
139 136
250 43
201 278
44 35
226 207
42 148
299 289
76 213
280 126
152 104
15 214
201 103
279 299
29 209
126 115
272 187
170 162
136 75
192 25
80 3
266 298
162 273
271 222
119 55
94 141
102 278
224 108
102 189
123 93
29 292
269 255
47 100
53 183
244 124
173 39
95 88
266 168
60 16
171 39
137 200
162 149
168 174
5 101
153 100
91 182
36 82
273 242
270 248
251 12
18 82
109 156
174 143
299 205
154 138
39 101
277 135
185 14
255 200
197 285
181 135
25 205
250 176
72 230
211 28
166 60
99 247
39 99
97 195
154 81
164 82
268 75
60 57
176 280
16 41
254 153
4 118
296 174
239 259
141 32
115 90
143 45
15 229
194 41
130 172
28 275
16 89
254 280
108 109
275 35
49 185
183 148
93 128
199 153
166 147
284 29
30 280
192 207
177 20
265 145
194 236
278 90
28 276
201 30
221 259
260 75
243 162
188 286
99 82
6 12
250 170
194 32
38 226
92 7
2 265
292 273
136 76
238 185
296 279
125 202
215 263
238 149
40 38
192 281
236 60
262 21
186 246
42 157
292 255
103 255
281 285
93 162
242 250
218 153
103 78
291 215
174 34
214 259
30 221
34 266
75 226
124 184
28 8
297 147
1 144
78 224
105 51
234 222
291 32
34 247
5 109
23 189
204 257
108 242
241 129
294 199
21 173
238 94
235 108
31 39
128 158
184 159
100 257
113 44
149 262
59 87
229 174
290 124
164 224
245 244
7 258
74 106
84 192
180 121
147 94
27 137
170 180
156 292
240 162
48 143
31 73
34 144
253 164
29 187
72 297
171 194
60 221
91 13
279 227
244 113
85 122
32 242
189 93
101 287
48 75
86 16
220 210
142 245
120 187
291 268
171 225
17 222
121 207
194 130
35 200
277 43
284 37
88 45
105 261
223 219
145 36
107 0
210 131
81 284
212 54
10 214
42 147
72 263
28 202
69 55
84 23
251 26
151 244
191 243
94 227
132 169
74 28
47 128
49 135
193 54
172 137
34 55
109 150
210 262
216 111
291 160
43 167
112 251
149 142
5 149
96 173
108 119
228 93
103 24
123 175
209 279
120 242
169 102
59 184
262 167
285 150
65 218
211 3
223 78
201 133
198 85
278 282
126 268
88 279
108 35
281 76
51 192
173 171
182 121
182 274
17 0
172 245
6 273
140 38
22 39
22 168
78 239
157 98
180 263
92 198
182 216
107 243
275 99
145 7
82 254
8 69
32 229
232 81
172 24
245 72
142 136
225 116
1 73
257 67
131 141
154 10
173 237
250 65
289 260
87 229
37 130
108 208
140 190
12 299
239 76
35 240
14 181
224 285
33 139
183 44
106 239
119 172
151 171
91 273
92 264
150 233
39 246
176 178
21 133
42 75
167 257
197 0
96 36
97 67
137 70
233 132
49 130
3 68
60 98
118 125
96 242
259 263
247 8
296 261
207 274
173 258
253 68
197 92
264 125
243 265
110 278
110 226
92 286
120 135
12 176
258 137
94 7
296 15
97 172
274 251
42 294
59 253
93 116
202 27
263 178
274 95
299 208
232 188
170 216
98 284
84 211
5 163
53 208
68 130
175 13
184 271
7 170
4 191
252 43
46 281
199 241
16 221
274 67
98 295
217 75
39 145
23 37
18 142
201 129
166 17
264 96
82 259
163 3
247 38
181 118
78 187
146 118
245 132
63 171
61 119
221 283
39 197
262 57
34 137
287 31
288 187
119 223
131 278
244 166
113 74
199 147
161 32
100 73
231 262
140 261
76 177
85 109
190 72
206 87
139 289
101 85
92 23
70 203
184 275
58 53
67 248
87 30
12 276
214 13
241 212
291 279
67 265
172 156
21 7
54 293
192 255
222 122
0 195
295 5
135 17
193 68
154 145
74 84
38 244
183 114
57 196
145 279
172 126
208 46
225 165
41 148
245 198
101 224
26 266
60 214
94 91
156 255
4 160
186 282
192 198
42 255
20 161
219 115
71 259
278 199
49 138
228 14
90 38
253 94
294 250
35 67
158 185
49 187
151 257
2 250
251 293
289 239
197 280
202 10
188 31
287 217
80 184
257 161
26 235
48 23
285 70
178 272
134 244
215 245
280 96
14 222
132 192
17 214
259 285
279 277
175 192
41 212
276 32
297 235
30 287
245 135
200 262
199 271
167 173
35 226
214 65
206 52
113 140
22 110
234 42
159 248
246 222
54 105
205 74
225 170
230 206
140 230
181 19
253 205
275 168
244 89
53 244
34 189
190 97
54 207
277 275
157 183
29 154
259 12
37 264
32 272
103 117
199 108
140 194
81 42
202 256
123 89
41 32
176 53
204 245
97 238
269 125
26 199
182 245
234 285
5 118
145 238
43 294
207 49
166 61
144 240
72 0
69 252
143 231
178 111
194 131
184 231
241 148
269 246
151 13
29 16
212 252
136 0
91 153
288 10
117 7
24 295
45 141
72 273
68 251
29 28
114 32
170 23
258 256
24 96
151 107
98 200
89 26
294 11
270 289
53 222
90 0
148 194
51 290
44 48
232 175
146 84
259 183
242 92
74 194
160 286
149 11
116 239
163 222
134 104
234 262
246 239
111 122
91 45
128 283
199 213
142 195
46 6
248 293
17 186
59 223
204 232
214 35
237 286
124 23
42 132
182 105
132 59
232 228
26 128
217 25
121 270
50 230
11 15
266 154
222 268
166 175
276 279
29 290
275 16
244 123
275 243
129 149
244 80
148 8
41 213
234 195
182 228
189 260
51 297
245 184
299 55
258 140
151 272
189 31
273 63
82 190
206 243
246 40
281 164
33 275
279 251
201 275
199 87
91 142
297 286
19 295
211 152
29 27
146 20
92 292
150 283
274 173
163 298
183 152
242 279
176 136
50 233
153 179
251 195
297 13
98 46
123 29
262 118
200 44
104 35
123 6
71 291
26 43
186 70
295 112
194 49
244 199
87 289
264 91
212 197
245 33
92 114
104 227
167 103
244 47
250 5
230 17
210 149
150 236
184 265
62 204
134 249
129 178
259 253
288 107
51 145
123 87
268 114
120 101
274 108
295 9
3 122
43 212
286 229
232 191
293 72
49 265
202 135
253 277
126 220
145 93
20 82
256 219
292 72
191 92
70 8
298 232
76 5
266 243
69 107
71 223
244 69
27 63
61 202
185 161
155 48
94 271
5 196
273 198
191 204
290 149
168 105
153 148
190 192
159 109
230 228
18 168
57 199
157 191
273 221
263 229
60 47
37 55
299 35
30 173
42 103
155 156
21 44
60 180
136 287
262 8
72 137
81 87
181 18
50 248
171 102
30 63
283 200
150 145
53 213
23 55
24 210
3 162
203 6
233 97
192 13
90 276
259 47
275 6
3 277
33 97
124 226
2 268
153 151
43 86
81 56
80 267
68 298
284 131
45 257
188 124
200 253
132 72
71 53
119 269
282 65
168 31
119 239
292 150
41 134
144 280
272 48
232 182
237 89
31 146
178 170
172 107
255 32
31 124
39 109
60 19
158 231
133 204
49 59
197 151
216 84
200 241
98 53
86 174
260 296
287 226
157 205
236 52
235 237
155 259
1 117
122 13
122 95
99 194
200 256
25 32
28 86
277 257
214 213
221 266
1 133
284 55
187 249
227 66
283 42
264 8
277 110
62 278
80 274
269 289
41 268
270 225
67 103
67 252
274 36
195 299
122 1
166 252
210 168
61 124
17 1
52 228
267 275
281 22
58 182
202 11
55 292
42 63
125 173
27 161
139 24
122 169
182 281
209 265
52 137
81 65
207 1
103 60
201 40
43 117
101 187
202 4
199 201
93 35
289 126
131 211
243 125
158 183
256 257
96 125
276 173
110 124
199 152
290 55
184 299
270 228
143 240
184 123
17 218
17 55
50 41
73 41
96 162
50 299
176 184
55 270
153 166
6 274
268 117
239 177
263 32
16 53
45 193
154 73
248 190
45 209
196 128
15 87
188 71
193 23
284 71
161 68
121 175
130 40
98 174
200 53
217 128
159 55
138 160
242 217
174 69
137 45
126 32
243 6
124 27
253 100
113 152
88 198
17 61
49 170
208 193
188 217
204 56
243 277
99 8
263 99
147 56
255 25
231 172
103 58
281 140
189 52
49 9
112 246
136 291
122 145
182 177
79 201
293 136
84 275
57 277
93 155
150 209
193 177
124 136
161 82
118 213
24 215
290 52
22 43
240 176
256 107
233 149
127 226
299 297
5 56
234 96
104 55
54 299
66 97
270 111
147 264
234 37
293 36
66 242
250 299
243 55
14 276
37 260
141 201
55 66
234 11
273 90
259 79
76 88
236 293
184 147
164 142
297 74
92 80
150 68
194 177
40 279
275 36
257 222
217 216
263 186
54 279
142 262
275 297
154 196
147 235
289 205
272 45
7 129
144 84
226 5
125 145
146 126
180 259
95 20
35 248
122 58
77 139
64 231
287 241
288 239
104 65
14 232
67 164
124 170
166 190
266 191
200 134
173 206
1 298
160 192
141 180
141 73
126 117
208 239
66 137
219 35
173 284
291 10
26 96
82 3
252 99
86 229
20 102
178 283
271 79
20 80
68 82
133 116
222 210
236 238
102 166
245 134
46 99
32 67
204 268
53 50
136 21
135 117
235 185
138 187
138 109
240 4
241 299
92 39
281 218
62 253
89 34
241 19
157 251
209 187
200 155
190 98
226 66
44 77
171 108
252 197
250 221
81 106
277 156
13 243
171 297
4 17
257 27
223 11
60 144
43 69
136 249
160 37
224 39
202 7
106 107
113 124
240 201
217 265
72 168
27 253
227 121
262 51
78 185
112 224
228 141
180 197
94 137
132 12
46 275
38 66
62 128
41 277
73 272
279 179
88 33
113 223
276 120
76 74
111 228
257 284
89 168
191 244
101 67
271 239
106 54
186 38
168 29
214 32
195 18
191 0
45 44
74 2
250 27
180 244
259 29
6 204
24 125
103 165
268 107
236 78
75 293
195 60
152 92
218 113
195 72
241 156
222 103
84 42
258 38
220 20
143 168
244 130
100 91
114 76
282 13
76 271
78 63
27 13
54 203
293 188
151 136
8 256
298 106
259 205
207 142
69 220
95 100
212 61
156 0
64 6
188 132
145 289
49 173
168 142
297 298
118 204
24 292
101 228
89 156
63 247
228 18
17 180
196 211
67 298
133 33
85 284
206 136
241 61
63 22
105 97
293 46
137 277
93 258
288 128
123 132
237 230
247 27
139 273
270 275
132 150
205 265
24 53
88 192
14 148
117 82
212 272
165 24
191 174
5 168
52 144
120 226
23 186
160 229
14 293
285 227
47 145
195 9
138 104
125 68
167 118
116 289
216 133
7 133
100 237
278 255
243 25
32 286
127 60
204 78
129 67
286 88
138 26
257 160
289 159
61 32
79 246
36 226
226 43
41 114
23 133
222 260
52 94
98 225
102 110
79 1
289 261
220 217
58 148
83 21
56 114
20 54
122 22
116 297
88 226
72 45
55 226
177 286
89 182
143 7
16 146
187 254
253 284
127 124
278 92
297 65
152 173
296 199
47 158
57 55
105 237
285 276
132 81
110 288
154 229
98 262
238 127
185 291
121 87
112 284
11 258
63 90
274 101
13 83
97 216
164 17
242 161
137 130
255 256
31 192
74 81
149 261
55 8
161 221
140 71
178 179
165 145
83 105
59 41
65 50
204 58
214 290
34 239
207 105
75 251
166 168
14 285
53 9
18 39
179 59
274 187
297 96
297 204
155 36
226 84
251 149
251 235
124 197
110 236
22 7
161 184
188 47
237 212
113 85
7 205
80 147
206 13
84 177
74 294
274 167
63 228
164 183
234 297
189 211
211 272
87 65
81 77
60 81
226 160
194 165
22 127
196 285
254 192
107 292
76 59
133 174
155 46
74 248
240 281
45 239
50 20
95 160
28 144
154 296
122 113
220 66
185 230
177 267
145 259
272 175
31 127
221 167
10 92
159 207
22 163
78 145
207 264
171 37
225 222
115 165
198 190
59 251
91 116
17 69
28 24
54 71
298 268
149 66
84 141
60 264
73 250
37 68
116 166
283 119
270 39
29 151
32 215
138 87
274 199
110 229
251 187
8 33
232 53
143 163
260 240
110 185
172 206
295 220
61 290
284 293
1 262
106 255
128 53
154 1
166 43
119 284
118 61
211 263
290 203
206 270
130 271
108 44
266 146
174 211
138 67
70 42
78 139
291 113
299 277
88 137
76 14
194 53
122 2
177 78
266 278
242 284
236 225
124 223
55 136
78 93
18 208
31 229
56 17
258 222
162 247
267 22
102 162
274 57
13 261
271 116
133 97
231 19
1 176
50 31
143 35
81 108
265 232
262 92
72 9
141 153
78 130
187 169
244 287
169 151
98 99
154 181
159 222
90 125
3 115
173 236
233 221
56 201
64 62
57 238
284 58
162 145
157 125
90 5
182 139
274 59
227 61
252 199
283 293
111 252
30 154
271 6
93 199
117 201
214 256
236 252
214 138
72 69
231 179
113 161
71 226
203 256
60 51
63 110
117 224
292 4
171 17
251 71
252 44
87 150
172 164
17 293
111 159
226 95
177 17
6 147
194 271
63 223
131 238
236 177
34 98
42 5
57 204
286 11
265 44
25 276
207 30
192 161
20 103
36 144
33 166
87 228
31 34
9 78
70 223
123 161
3 9
108 19
246 284
244 175
259 166
198 175
8 288
95 60
134 259
226 257
163 30
294 38
276 139
184 292
229 120
72 102
42 242
215 7
78 231
159 193
46 127
23 267
164 19
150 48
58 171
215 205
54 84
241 192
221 165
49 215
264 32
61 154
29 273
139 59
241 298
249 100
206 222
121 47
189 4
184 251
209 252
57 27
39 233
26 85
263 151
77 6
78 216
195 28
47 229
142 99
34 275
258 122
40 106
182 295
138 36
40 207
147 271
70 291
274 47
159 74
108 142
285 248
154 75
89 58
232 187
53 224
1 119
200 214
135 107
40 34
37 288
195 1
254 42
137 13
4 171
169 144
258 26
210 261
98 268
288 54
85 69
219 116
59 67
192 181
172 248
206 19
34 36
143 260
238 240
149 218
16 66
89 185
262 132
66 15
37 140
152 267
126 260
252 73
36 263
275 54
246 18
43 47
128 22
264 160
3 169
105 121
125 270
82 168
231 21
119 54
170 5
147 90
15 209
44 198
253 188
253 235
224 257
229 96
211 179
200 72
54 186
220 127
67 251
103 93
134 218
40 119
182 16
184 102
99 176
156 24
162 262
88 108
94 0
103 116
56 115
125 297
78 186
135 179
70 119
74 117
38 266
146 195
237 200
281 195
286 241
291 8
46 299
87 46
124 287
4 67
209 228
57 25
183 166
152 226
56 171
26 101
186 7
213 248
68 213
37 205
49 237
7 59
147 265
64 46
165 131
284 116
196 9
218 91
198 230
196 44
125 218
169 295
78 79
244 281
283 250
48 201
72 58
248 243
126 71
276 150
295 273
234 72
230 97
32 283
208 225
236 156
117 34
61 27
153 35
187 103
136 52
20 215
48 149
179 5
245 116
256 62
277 103
49 178
31 108
18 55
208 66
52 215
162 72
177 49
79 288
4 177
130 216
171 130
37 194
157 174
28 143
125 29
154 207
275 244
30 290
151 265
164 267
161 293
2 11
69 132
163 284
72 52
186 106
60 247
166 224
41 138
237 181
20 42
196 1
113 261
223 99
90 212
11 154
291 177
50 293
107 299
243 264
4 74
48 50
87 207
8 258
52 232
167 261
286 105
293 81
128 36
93 238
159 52
98 116
224 248
164 220
233 14
47 115
63 49
249 250
202 298
195 180
48 230
53 139
99 48
41 189
287 246
95 14
105 280
230 73
221 99
129 37
230 118
296 93
232 235
75 264
202 283
192 219
135 59
107 228
161 166
126 212
63 226
111 278
69 36
16 98
197 109
290 17
2 36
267 239
179 149
184 115
154 140
292 247
294 110
100 109
37 257
142 32
175 87
172 184
248 8
225 129
200 287
205 40
100 245
295 64
81 167
176 181
289 163
192 279
150 42
104 126
149 227
71 152
186 228
199 139
233 281
17 36
180 290
73 160
194 282
276 129
186 253
287 163
294 133
257 169
180 194
90 75
61 141
281 53
172 65
97 264
286 70
265 37
147 209
182 231
240 274
237 297
178 5
190 158
28 18
206 126
40 46
192 94
32 53
7 243
9 280
77 157
257 202
156 196
251 153
141 194
34 176
18 69
60 252
48 146
62 131
289 45
292 188
248 158
213 168
80 291
57 279
55 87
127 71
216 208
79 98
61 38
23 41
184 243
110 43
77 49
252 45
240 293
196 49
184 126
83 201
245 154
257 121
117 286
283 104
160 140
86 196
263 222
81 26
121 280
202 56
0 294
215 282
123 137
113 69
163 259
92 275
204 177
9 94
205 78
98 230
255 223
48 274
129 47
70 174
194 109
109 50
72 176
29 74
39 217
265 20
11 138
4 261
206 124
265 215
30 129
4 176
296 122
284 208
243 71
121 211
250 259
151 282
171 223
173 260
19 221
171 99
47 178
199 173
272 198
80 105
191 35
288 227
295 190
278 151
274 133
13 239
4 282
215 162
179 261
222 75
168 51
170 213
150 134
114 260
290 41
209 218
288 19
275 100
152 18
201 22
271 229
59 165
98 286
140 19
283 182
47 52
177 116
48 134
244 81
198 113
227 27
139 218
99 254
224 119
86 265
254 290
73 142
62 178
265 127
87 156
153 256
230 14
59 233
181 10
202 52
194 139
280 42
64 254
288 293
169 31
71 252
263 67
257 207
130 41
181 41
163 87
266 100
158 236
60 278
276 206
152 64
250 218
207 145
19 90
31 59
52 57
34 182
171 161
237 296
126 134
265 234
236 275
228 48
24 267
148 256
63 75
46 283
0 247
49 22
37 177
182 144
280 224
267 274
285 188
87 131
233 242
160 42
274 166
229 3
176 23
62 262
26 119
229 204
18 167
247 277
143 160
92 75
40 111
212 44
151 235
63 124
282 96
295 10
299 196
246 144
198 170
249 25
154 197
207 179
108 140
216 142
156 279
48 12
94 145
258 268
102 42
210 286
237 6
34 50
262 43
219 282
98 24
260 183
284 265
229 102
260 9
127 264
285 176
141 111
116 160
266 282
77 66
126 26
64 289
250 47
54 58
74 135
83 198
156 90
280 274
59 82
10 35
158 234
132 133
6 285
124 78
63 65
223 253
236 114
5 65
81 88
152 282
253 180
18 206
200 159
295 26
299 266
258 123
87 80
271 0
286 39
296 31
251 276
14 281
271 170
57 260
266 112
156 248
163 52
121 184
39 195
52 63
39 105
261 87
161 159
86 118
81 37
194 230
294 4
244 183
207 234
182 86
233 284
33 279
97 4
56 177
246 268
107 205
160 202
133 0
92 85
122 99
163 296
145 271
232 226
186 243
227 7
209 159
291 103
246 167
222 278
250 4
38 249
266 115
233 33
200 63
91 200
138 197
208 218
262 113
39 115
30 227
108 187
29 141
33 96
267 73
28 95
17 261
244 222
135 166
225 54
188 202
188 230
205 118
198 45
238 39
19 39
227 127
59 190
144 204
99 288
256 161
4 1
143 138
44 16
179 216
145 159
117 289
4 290
283 33
203 146
246 234
242 8
234 156
260 226
262 148
184 222
152 186
67 172
138 107
166 228
128 294
252 9
139 11
289 50
6 293
166 277
164 125
295 29
235 244
242 261
271 40
73 283
55 114
60 213
185 175
264 294
166 30
207 117
111 12
93 135
270 273
131 158
264 240
48 262
70 277
256 204
154 62
127 103
271 140
6 150
207 208
215 211
238 266
257 28
41 251
167 79
84 233
257 122
154 237
56 224
264 283
200 278
131 297
155 119
88 7
189 126
174 164
202 72
299 283
226 240
81 70
183 169
297 98
195 210
219 262
0 285
188 98
167 134
245 118
147 111
47 292
295 48
26 135
133 9
267 35
87 105
209 277
95 163
78 150
34 249
196 217
154 180
33 225
277 272
225 86
221 263
261 135
98 288
231 114
111 76
93 72
204 224
294 247
96 90
269 107
191 223
79 267
168 133
85 203
155 288
59 270
243 110
129 117
155 129
237 166
188 116
33 63
70 135
140 286
247 114
119 132
101 40
142 86
22 90
21 122
268 240
276 84
192 10
282 64
238 201
183 159
96 275
30 232
35 225
258 195
71 74
171 275
77 101
145 84
80 47
216 81
14 31
257 155
166 220
292 45
118 293
94 167
86 178
94 296
0 70
38 257
181 270
196 297
250 164
2 243
250 296
285 4
121 126
170 129
31 237
97 127
247 195
69 98
298 57
297 283
294 242
15 153
80 169
258 65
199 288
47 97
74 82
136 245
156 240
245 16
181 79
100 239
29 195
6 109
160 240
108 158
54 120
181 227
163 223
4 200
165 168
51 141
260 117
89 259
156 34
166 143
89 217
4 220
297 276
226 150
22 253
57 40
226 184
5 93
134 0
291 178
184 277
210 206
241 45
215 299
149 131
60 112
94 226
170 215
163 247
123 129
198 186
20 298
95 65
26 17
28 285
43 159
249 20
18 3
72 86
15 281
36 291
69 248
218 80
102 197
211 240
163 179
23 280
247 132
226 113
104 96
193 86
170 196
6 156
273 210
279 168
46 96
214 12
92 168
4 123
42 56
18 32
57 53
143 42
167 64
129 279
151 286
249 226
211 35
37 114
46 174
198 42
78 227
143 23
19 209
16 171
214 185
61 108
40 143
29 121
239 285
43 232
81 269
292 164
245 225
34 283
203 106
215 108
128 220
56 74
245 160
291 33
145 202
287 99
205 209
15 235
128 118
251 202
279 0
131 104
169 199
299 117
30 57
172 134
137 153
16 158
81 291
207 191
188 20
280 247
139 146
284 113
288 249
80 262
47 71
28 165
182 188
207 127
51 6
131 287
192 182
116 291
269 16
159 167
145 66
43 83
19 220
107 280
21 259
165 207
203 69
231 233
227 118
294 243
281 116
189 238
24 93
194 161
285 10
125 207
296 90
141 283
176 62
272 2
166 133
213 33
297 251
200 42
77 186
98 148
82 169
46 298
182 235
133 141
155 201
158 75
156 29
287 231
264 265
212 180
5 50
244 292
155 266
140 178
238 78
167 35
237 261
226 145
57 71
185 52
140 155
273 41
285 153
238 104
48 148
51 252
289 85
275 259
181 48
127 80
227 299
16 153
231 195
33 131
76 218
209 100
97 124
135 6
242 68
125 180
50 284
126 244
65 191
45 271
118 263
140 110
66 184
270 113
84 264
294 219
201 205
56 77
134 94
190 12
183 126
145 276
119 10
293 62
273 251
50 54
157 264
297 26
111 286
60 71
282 135
47 185
219 155
105 84
86 66
216 277
268 192
194 207
246 124
108 252
50 70
35 86
293 153
292 40
26 240
159 163
25 17
127 182
223 297
104 46
183 289
19 32
16 239
12 188
220 2
179 232
58 269
115 235
5 280
4 188
263 153
246 65
123 98
188 144
272 34
282 261
158 175
250 126
29 155
17 109
285 59
118 264
79 91
57 84
177 230
244 202
136 77
241 41
136 25
59 162
141 47
23 142
81 273
297 167
34 236
1 142
284 53
233 91
296 119
19 203
299 247
51 136
246 149
233 108
241 239
243 267
277 77
137 183
252 120
295 115
235 206
48 275
279 41
291 12
146 101
81 297
252 102
235 277
149 173
243 74
81 3
25 100
222 108
120 261
35 287
221 286
13 54
26 151
199 124
267 284
279 237
133 263
46 247
208 90
113 127
95 87
178 240
180 57
33 48
180 59
17 108
27 249
71 146
273 203
171 24
133 233
40 94
136 56
91 191
272 267
24 288
187 270
221 63
29 126
159 2
269 26
127 257
29 228
260 111
154 124
152 54
181 128
278 117
290 166
46 10
99 143
7 31
174 246
42 44
78 162
129 192
35 154
127 188
261 99
188 246
139 116
189 276
264 126
176 219
297 43
252 231
298 134
167 104
255 179
149 188
164 284
31 86
42 49
58 297
208 97
69 160
65 44
281 115
166 113
94 34
121 138
202 91
252 257
180 189
298 7
156 151
71 144
165 209
79 156
297 115
50 173
68 95
118 37
162 32
223 177
277 2
24 34
96 103
47 173
202 170
214 260
272 278
55 78
245 274
205 48
212 114
209 93
33 227
4 258
35 49
183 97
288 69
121 177
129 57
95 19
110 107
256 130
90 154
240 252
135 189
32 235
31 202
257 251
203 163
151 134
210 182
286 166
100 214
51 270
225 232
20 175
184 257
145 46
69 204
223 188
134 222
235 45
176 41
171 87
34 143
159 70
152 292
121 173
152 43
21 19
238 44
210 22
4 3
145 32
19 258
210 146
130 268
58 244
53 146
89 195
64 143
49 279
196 290
280 227
24 50
247 154
285 61
64 139
294 70
176 253
172 58
277 244
92 207
143 144
140 34
276 24
203 102
17 220
84 172
147 114
38 271
163 285
133 266
234 187
121 62
8 1
210 81
74 201
219 148
243 208
120 175
59 51
298 58
262 129
44 282
139 170
294 67
108 244
242 132
130 178
121 125
176 74
251 7
73 158
237 73
199 247
264 168
194 249
232 174
116 156
75 29
124 50
115 206
45 85
79 70
248 207
33 158
119 41
51 286
75 62
95 1
220 282
84 3
65 62
115 77
190 32
179 253
260 213
228 62
174 6
100 154
111 153
75 209
226 151
27 15
161 196
167 275
32 170
139 105
252 155
258 88
266 137
209 216
188 138
160 75
298 286
84 59
234 4
45 42
39 239
173 272
65 277
150 207
84 242
191 72
240 130
211 257
206 248
48 296
49 184
132 290
85 98
161 70
92 84
33 110
157 135
59 2
219 74
200 288
165 55
108 227
298 60
11 135
259 170
199 85
237 177
278 174
156 178
109 257
294 3
44 15
196 187
141 138
287 74
65 53
53 151
12 152
120 24
131 42
201 73
167 82
225 168
291 299
96 105
250 10
17 242
263 158
202 292
96 3
257 7
157 79
134 113
58 226
26 166
211 21
192 297
155 173
100 108
228 57
289 7
49 198
195 2
172 161
41 132
147 257
16 294
231 177
82 215
18 162
226 51
89 260
73 140
55 84
111 131
102 148
242 142
200 195
104 114
249 163
153 138
184 119
183 5
169 221
244 280
67 290
123 104
264 39
87 27
0 109
211 214
87 173
285 141
278 289
254 31
174 231
213 43
207 91
294 200
231 116
281 171
53 2
0 83
8 105
18 47
144 57
205 114
82 69
0 76
20 216
261 217
22 92
27 222
152 120
39 5
5 154
20 29
51 264
59 265
220 296
86 257
261 191
7 187
42 231
272 40
168 1
145 82
113 43
206 240
186 156
189 70
113 282
197 120
25 69
10 0
38 27
149 242
255 39
287 128
24 218
107 226
39 201
189 201
253 49
114 258
2 7
163 19
225 137
147 140
70 207
204 174
99 9
287 51
85 227
237 68
289 5
231 196
230 131
239 64
225 117
291 163
15 232
5 230
102 165
60 274
141 3
198 136
252 0
172 148
240 137
165 112
157 274
234 56
178 20
249 155
146 274
267 14
158 74
273 102
47 27
32 99
202 169
32 199
103 197
15 142
75 18
64 52
16 106
65 289
163 40
207 204
82 194
281 249
289 70
120 191
38 231
117 121
178 159
86 145
63 285
144 77
91 197
127 36
119 95
149 276
88 75
120 30
262 286
17 239
121 155
93 99
103 91
179 278
294 88
88 114
82 37
287 83
244 17
119 297
7 235
218 2
197 127
136 32
160 45
226 228
136 115
57 50
246 240
205 196
247 270
127 28
38 268
292 42
280 116
247 78
53 68
241 69
14 288
128 43
287 48
254 268
208 65
184 64
39 97
27 186
200 217
78 175
203 139
246 168
101 214
202 174
230 246
172 37
262 158
154 241
165 164
105 251
266 23
197 294
73 8
92 12
252 58
266 157
177 26
16 208
183 1
278 61
207 258
299 4
186 47
204 145
80 296
147 129
231 16
189 124
225 65
164 146
100 201
147 170
205 4
265 38
276 236
11 222
143 184
265 150
296 211
131 40
90 236
42 51
201 72
263 49
104 64
164 76
16 156
207 182
144 243
256 22
8 45
157 172
227 42
217 230
216 279
204 173
272 98
184 46
206 295
210 223
265 244
171 146
182 252
20 47
281 134
230 84
179 89
10 156
296 241
116 121
157 123
50 1
84 215
164 196
222 49
181 144
142 179
113 167
172 259
203 72
195 51
32 111
156 118
284 187
271 143
75 168
132 175
93 52
161 253
242 219
126 2
188 200
118 246
25 277
263 55
107 174
260 199
42 241
117 128
266 196
244 29
195 42
58 238
91 187
98 283
166 192
127 49
43 276
15 138
263 8
218 217
117 145
295 30
100 13
56 199
107 170
225 103
85 2
210 272
233 83
272 138
171 183
193 60
154 126
101 141
256 109
196 179
285 275
95 177
122 42
104 246
150 140
26 41
47 86
296 235
129 66
107 123
178 30
172 121
131 227
70 284
176 11
119 263
190 102
241 33
140 138
131 221
97 58
129 245
112 59
126 82
258 1
290 81
36 24
229 94
240 237
271 52
46 279
149 82
89 51
247 73
191 259
34 8
80 45
75 126
224 189
38 108
201 46
262 109
84 201
56 294
176 8
246 109
168 173
242 236
217 29
165 217
186 81
159 229
53 189
252 195
156 73
23 89
37 63
163 256
197 22
245 243
159 272
235 201
154 63
72 32
194 244
242 41
166 160
287 0
4 63
156 48
93 187
141 77
114 45
259 78
262 73
142 229
31 232
111 189
294 263
5 259
127 179
262 220
215 35
28 124
116 39
226 96
128 115
187 285
152 253
31 210
84 190
87 102
208 168
68 61
263 74
187 116
162 73
31 112
149 213
156 217
26 160
110 25
80 272
152 33
115 52
219 113
130 142
268 169
286 190
72 81
74 190
116 266
136 80
101 36
258 62
6 149
27 270
39 253
110 207
94 4
212 206
48 89
45 77
148 24
237 186
243 56
46 218
222 20
222 61
12 66
35 241
299 138
202 240
185 257
91 217
284 240
172 66
40 174
80 90
199 88
111 17
205 268
114 30
189 147
74 58
137 99
31 93
123 245
105 61
8 154
281 184
241 5
243 113
224 113
267 270
33 290
126 269
221 255
243 82
118 1
46 39
135 173
251 122
36 150
207 284
77 58
221 279
281 75
59 38
121 79
193 102
2 20
98 181
7 126
258 226
207 233
84 142
115 249
228 210
216 112
74 66
219 278
107 222
289 13
32 125
37 214
294 54
81 183
284 261
131 83
180 249
204 119
9 177
216 124
13 55
22 47
94 291
276 46
110 269
96 249
274 40
116 158
132 6
200 40
46 79
132 257
133 49
115 270
246 183
213 230
291 148
135 271
102 292
255 55
136 222
191 148
15 38
171 32
285 148
86 263
109 113
118 228
76 27
139 197
115 6
220 24
166 241
225 67
183 22
164 236
127 87
227 154
233 177
108 266
69 152
161 88
56 139
288 26
208 175
137 40
121 295
246 108
54 252
89 128
238 295
144 31
112 35
209 55
192 100
66 264
203 68
119 240
247 257
283 192
99 144
42 36
187 51
78 4
195 204
47 235
92 194
204 146
221 110
43 234
137 196
182 67
117 133
72 53
12 286
273 176
53 273
64 175
290 73
253 83
29 299
69 48
176 217
158 133
204 241
218 159
196 110
75 228
73 214
9 127
66 268
53 99
139 130
244 295
140 26
153 204
105 238
121 7
0 112
179 13
191 226
188 237
199 222
266 232
80 25
227 53
159 170
256 223
46 213
299 113
81 254
71 163
126 232
216 62
79 113
180 218
58 31
179 100
261 247
21 170
149 123
114 31
253 10
196 0
201 224
103 198
232 178
108 49
78 285
249 247
59 201
60 128
33 42
59 200
64 246
206 132
154 41
288 123
79 103
257 1
265 33
32 155
66 125
118 144
177 156
108 240
77 244
138 89
147 296
99 147
272 53
97 174
31 164
148 247
230 59
230 162
9 102
106 166
199 66
297 60
199 160
37 203
154 182
288 18
112 90
290 169
17 160
281 49
248 274
294 239
267 18
276 128
269 140
233 280
51 295
149 277
117 132
277 187
232 195
50 68
148 46
25 29
107 287
82 180
192 232
172 53
219 253
52 275
272 36
120 298
93 224
71 290
207 47
187 146
158 90
285 172
27 236
34 106
27 291
190 229
24 181
7 60
289 201
26 218
200 78
49 27
187 156
275 12
24 32
195 56
253 149
291 47
189 144
88 24
189 136
54 243
261 174
40 124
82 193
97 22
123 295
124 147
69 239
96 82
45 14
250 272
202 88
156 204
159 267
167 241
238 163
66 262
107 212
91 161
94 13
166 29
297 148
252 117
259 45
192 91
181 120
132 55
143 130
56 181
175 57
89 141
127 88
100 222
126 93
34 121
245 177
120 266
243 185
242 290
144 102
22 283
232 138
173 238
20 57
108 196
238 258
47 95
135 195
25 274
186 140
131 178
187 225
291 174
95 154
32 129
141 132
185 278
261 229
5 77
50 42
68 145
240 169
211 178
118 225
48 282
283 26
68 41
122 100
289 264
230 154
181 93
176 10
44 174
145 22
155 244
270 283
163 169
237 77
1 254
183 2
243 279
169 228
222 94
122 4
171 103
158 114
99 115
138 99
14 116
197 134
83 68
61 57
15 285
261 157
299 23
175 288
134 97
11 126
16 237
159 50
146 110
179 90
274 65
12 174
288 185
101 282
235 11
7 10
45 169
283 172
264 206
229 266
72 171
217 1
90 239
21 221
71 117
186 162
285 24
250 196
260 191
31 194
82 204
55 28
114 292
199 155
270 30
162 157
215 242
254 84
262 24
227 204
9 254
146 184
107 168
218 23
53 162
293 181
106 171
157 223
127 69
217 62
27 64
126 39
104 297
94 131
6 48
286 211
105 124
193 115
190 125
180 260
40 53
69 262
133 95
101 70
29 172
99 213
121 201
33 18
242 286
271 46
278 257
58 28
117 107
246 185
133 229
95 125
105 175
227 198
109 4
152 224
174 87
266 270
96 237
289 178
260 169
299 129
96 160
17 74
208 78
185 86
65 290
296 195
243 53
295 99
262 289
214 61
41 166
54 167
207 141
17 94
289 143
93 36
8 117
4 31
125 60
29 260
262 226
247 134
133 147
297 233
210 157
89 202
266 78
298 95
146 236
105 115
267 258
157 147
147 143
211 2
134 221
148 64
146 64
31 231
138 24
174 209
150 104
258 263
224 96
65 272
299 17
126 178
134 132
40 118
141 100
143 117
47 102
247 287
241 213
51 177
221 153
189 118
177 131
21 280
269 273
269 99
29 246
251 100
215 193
51 213
169 23
99 253
19 102
208 222
24 99
212 2
228 161
47 294
72 113
287 92
111 19
152 198
236 152
135 57
114 159
95 112
175 90
94 217
78 43
269 13
207 169
249 144
76 204
255 196
257 297
278 145
113 285
59 79
247 13
237 242
25 128
116 130
53 59
177 35
31 103
61 81
231 248
258 16
273 131
191 230
261 39
72 141
115 168
42 156
241 146
48 53
103 238
34 257
251 86
74 147
41 227
286 293
40 88
159 121
12 157
169 158
37 235
107 13
89 197
75 230
264 185
204 17
131 172
22 34
283 176
66 213
212 228
200 194
97 35
135 273
291 187
126 10
121 206
188 37
208 255
107 77
7 270
299 41
48 70
95 22
272 224
279 258
181 265
289 14
27 197
174 228
99 129
13 275
281 60
220 30
222 26
182 167
70 2
250 58
291 4
32 253
226 185
113 264
291 196
22 190
291 227
17 2
169 248
244 282
47 31
107 37
202 48
119 270
202 99
175 191
115 208
258 33
190 183
97 146
53 142
125 59
196 228
193 151
66 189
234 242
3 288
242 181
277 157
90 104
44 283
179 141
210 92
86 203
96 39
295 1
54 144
88 71
202 212
22 225
172 151
215 190
23 8
117 238
216 160
126 179
41 215
271 185
89 28
53 51
183 105
160 121
268 295
100 184
136 127
97 276
279 100
236 45
87 40
97 115
281 104
125 255
216 72
252 23
263 265
220 158
27 131
114 156
41 164
214 113
290 216
85 121
174 175
232 197
269 259
91 93
162 104
299 26
149 60
34 84
119 5
96 34
293 120
198 262
292 34
253 56
32 42
220 299
31 190
26 171
101 30
152 248
231 299
173 17
237 156
53 46
205 176
164 107
107 229
181 204
273 217
269 216
280 49
64 55
274 75
99 117
41 5
128 234
299 62
281 230
297 248
73 190
7 45
254 244
21 213
30 112
205 134
297 188
273 115
290 91
254 233
108 260
206 219
115 279
80 197
243 33
279 58
27 297
202 44
39 191
5 142
290 269
22 40
283 123
171 84
30 235
207 50
165 26
167 98
165 292
159 254
94 16
207 103
230 196
105 117
192 22
20 268
7 165
49 3
114 60
130 226
122 240
193 217
163 171
294 210
13 99
277 282
26 93
216 233
95 205
36 299
238 87
205 235
77 67
234 107
238 164
246 195
44 11
109 72
0 200
176 39
73 268
153 109
159 17
72 39
24 186
54 62
42 133
131 155
298 295
290 116
137 144
131 55
40 58
217 88
178 275
232 34
138 181
298 130
213 125
25 197
116 136
79 180
241 109
216 183
163 23
0 14
46 185
141 234
251 107
22 71
127 204
167 263
61 91
94 32
234 248
138 35
280 14
28 34
151 130
52 131
284 156
142 274
78 157
219 159
243 18
256 39
33 218
90 193
65 165
88 147
176 275
38 290
31 266
56 117
167 23
224 17
89 125
202 138
219 208
121 111
297 239
206 214
21 163
299 135
157 103
10 193
18 285
9 86
78 279
72 18
55 88
59 297
91 269
84 299
26 280
144 215
79 126
146 103
228 213
235 167
146 235
207 256
115 231
170 137
142 281
121 299
219 263
99 68
76 106
232 7
59 189
67 224
108 150
226 214
240 12
50 277
160 107
205 169
94 255
227 115
23 76
123 219
170 168
29 57
17 77
103 227
96 265
52 138
191 61
134 80
131 115
203 43
278 5
10 162
4 93
252 100
83 101
112 138
35 47
114 121
191 258
202 227
40 61
287 42
239 249
104 186
230 4
183 94
175 297
272 213
154 71
234 55
43 287
133 253
221 162
129 296
172 95
73 153
296 171
245 119
24 240
76 73
122 89
238 0
51 26
12 283
281 199
49 7
14 277
291 218
38 151
235 144
175 285
110 227
221 64
199 276
87 287
106 296
92 257
253 271
265 17
95 209
170 297
40 276
54 283
84 39
185 189
160 98
69 144
59 198
190 113
167 51
16 226
190 266
153 75
49 139
223 76
126 128
283 149
235 196
119 262
164 7
259 144
75 189
160 292
198 43
64 35
75 203
278 106
105 20
205 160
104 102
73 243
299 257
230 141
15 200
106 214
234 240
56 36
31 64
152 261
54 94
9 210
45 187
137 282
33 112
181 158
268 154
9 168
217 125
206 229
55 141
47 283
106 163
189 92
241 115
175 188
182 213
140 18
299 79
266 36
31 95
225 155
121 36
123 124
111 44
90 59
267 262
48 64
15 159
78 219
249 199
20 6
261 270
217 83
174 268
66 45
169 9
273 87
114 228
28 135
142 227
256 76
203 80
32 11
265 171
13 59
63 241
195 263
63 99
23 274
86 143
298 186
63 299
48 216
152 32
33 77
92 232
121 247
137 193
238 22
14 100
74 284
126 193
168 295
206 24
39 254
87 225
99 97
102 260
229 247
286 243
52 149
263 206
290 150
227 197
182 9
215 75
282 86
41 198
268 228
230 261
283 124
278 51
121 33
252 140
269 14
66 46
49 205
60 216
117 255
219 132
125 280
218 59
274 229
76 238
53 292
104 171
141 166
94 261
96 134
156 297
287 279
254 270
264 297
123 240
12 264
60 25
86 224
100 198
289 40
279 83
59 152
108 298
137 161
40 17
56 16
169 94
160 10
111 37
64 80
260 234
50 297
156 83
28 238
271 80
136 180
54 183
297 210
188 203
296 223
181 223
291 209
143 87
67 144
116 18
161 110
36 44
163 257
2 46
217 9
7 236
8 181
211 30
54 245
233 256
285 17
126 94
209 258
297 87
259 127
139 102
271 276
27 243
70 274
127 261
66 190
100 78
103 200
108 268
278 34
219 164
297 76
41 178
265 134
62 255
132 293
149 77
192 206
280 220
84 150
86 287
110 279
299 169
14 85
212 290
229 281
25 155
65 239
207 15
159 18
164 147
292 93
295 184
109 273
151 223
145 74
267 226
168 19
60 224
160 211
275 206
144 56
169 186
162 17
241 87
212 91
83 272
164 106
291 289
140 248
120 273
267 56
13 86
150 61
69 193
298 189
260 22
200 219
261 204
234 279
238 48
150 89
2 261
73 163
115 18
185 192
95 18
281 87
213 252
146 61
272 145
228 124
136 19
149 208
150 43
227 17
59 257
105 29
4 45
198 48
274 162
9 5
123 166
14 129
75 183
106 276
268 53
253 196
160 267
121 128
168 141
175 62
113 23
47 196
129 152
298 169
4 111
173 197
5 53
182 176
156 7
106 235
159 195
11 133
46 172
208 134
219 158
224 222
155 247
85 244
190 263
19 162
89 270
102 10
81 198
162 57
250 145
204 179
140 40
152 298
217 77
108 294
230 103
145 281
229 65
197 288
252 260
4 267
3 133
267 11
200 190
205 110
24 128
281 278
160 276
227 44
289 247
39 73
89 277
97 37
210 40
139 37
219 220
45 69
147 57
212 152
254 260
207 280
78 120
54 248
114 139
13 15
169 250
124 141
120 285
18 286
253 101
15 195
48 46
28 6
268 156
290 79
40 152
271 219
70 28
119 163
38 289
118 275
10 96
284 277
265 179
34 263
91 234
290 222
237 65
151 149
31 265
121 43
292 138
167 152
26 31
104 282
86 112
274 141
257 260
56 168
109 135
35 21
59 244
214 176
279 11
105 134
169 51
240 159
298 6
221 234
35 186
254 49
48 54
117 211
266 178
184 138
111 46
187 24
119 188
157 279
220 112
182 195
72 73
65 91
108 141
45 135
25 182
156 173
112 27
4 76
33 168
277 291
54 175
3 233
228 293
133 105
231 266
31 291
294 171
225 269
262 153
108 132
239 122
237 133
230 26
230 52
183 213
131 6
3 112
72 144
127 156
79 245
48 260
165 286
102 172
201 282
212 83
77 167
205 71
153 208
72 152
195 66
119 243
289 56
194 225
201 256
216 244
229 141
102 268
115 135
57 107
194 89
260 166
220 132
53 127
211 166
232 17
236 75
199 202
40 42
106 18
120 295
196 201
141 169
111 55
259 59
19 242
269 254
253 74
276 260
90 253
61 97
140 204
236 182
110 21
167 208
90 35
194 79
176 215
123 279
114 218
167 16
68 243
236 291
167 111
261 84
162 175
245 248
118 57
219 95
75 117
173 8
213 91
215 198
234 12
12 181
29 128
23 38
82 272
197 217
113 253
156 76
14 51
249 266
237 140
189 99
105 145
228 89
91 60
81 136
135 213
183 98
270 116
271 164
145 77
75 5
14 247
245 121
275 22
285 127
117 236
287 193
32 37
117 15
172 201
72 122
168 80
120 106
6 155
285 291
147 128
278 26
7 25
150 160
244 70
21 290
214 253
17 128
255 240
219 217
106 199
84 174
43 100
251 175
27 53
58 91
293 198
202 201
55 63
78 253
14 147
249 2
150 192
137 17
202 194
269 69
8 244
78 127
46 222
113 108
193 22
194 34
32 63
179 258
241 133
56 79
213 39
231 171
72 188
197 296
228 189
85 66
229 71
45 279
247 96
75 10
271 188
130 190
194 176
226 40
140 226
101 102
4 10
65 101
172 256
287 137
177 38
19 137
64 204
233 244
281 158
215 191
17 287
228 251
190 268
14 99
107 202
87 62
196 125
123 247
53 185
264 178
59 14
224 51
41 191
55 133
125 84
20 296
254 227
106 49
214 31
180 255
134 115
117 209
13 168
128 173
16 289
69 52
95 247
171 116
188 27
152 252
211 109
0 79
162 277
120 178
93 254
156 212
196 16
159 192
36 194
208 204
85 226
101 110
121 174
54 6
21 36
175 250
81 182
73 40
217 266
95 126
58 32
170 269
188 130
37 10
208 93
248 73
56 93
214 242
94 39
60 223
80 118
101 51
137 60
186 154
33 82
176 249
270 291
271 56
272 0
42 177
268 149
64 36
62 195
34 120
265 148
151 19
202 141
139 57
266 209
26 167
108 118
32 17
116 192
60 109
205 192
15 82
43 298
65 117
29 14
274 177
103 51
189 290
216 37
34 291
297 129
50 18
195 69
108 110
194 10
56 143
135 184
264 106
134 30
130 64
53 286
67 110
129 208
273 17
266 272
220 244
11 55
35 276
169 98
226 158
181 147
220 89
233 15
239 178
58 123
96 278
255 195
128 272
241 112
224 97
7 162
272 214
21 265
22 216
162 90
287 263
233 238
37 233
93 77
20 36
7 229
267 93
265 169
53 153
116 66
36 116
30 158
79 254
54 237
252 35
40 27
190 239
282 90
203 50
298 51
234 213
188 229
63 40
267 266
297 18
242 151
166 255
134 19
232 108
294 262
61 176
73 200
64 227
212 93
40 196
203 281
175 138
261 102
266 175
15 3
221 2
213 225
153 8
127 19
85 102
150 268
278 99
275 58
274 272
288 260
295 274
241 39
34 230
47 41
85 120
107 149
39 132
63 222
250 240
129 12
40 155
235 44
101 196
88 163
182 262
167 191
227 2
262 208
66 188
167 187
189 127
4 48
223 251
62 34
218 166
262 297
63 256
208 192
41 107
201 65
30 224
1 293
151 142
8 63
228 69
1 102
290 10
235 35
117 4
144 91
242 260
159 143
29 111
242 163
247 48
207 122
256 20
154 111
272 110
2 193
166 44
144 171
107 25
243 69
63 245
256 67
9 225
267 250
104 221
61 101
102 124
195 38
21 298
209 52
29 38
226 149
96 49
236 218
253 67
138 263
293 209
161 17
136 162
78 89
189 182
73 239
272 7
239 9
81 99
18 66
165 215
144 23
275 105
150 118
22 231
173 1
203 84
9 157
156 262
132 271
138 288
218 73
273 246
217 164
221 46
216 291
82 38
23 295
97 197
6 200
21 84
56 270
120 121
262 26
35 216
183 4
73 256
148 0
171 101
96 299
139 101
84 112
155 41
34 211
86 169
8 100
27 77
9 273
42 202
214 142
62 186
248 14
261 232
173 202
288 229
169 89
29 291
25 87
71 185
53 177
295 69
273 271
188 65
127 157
172 12
197 68
149 124
99 273
41 29
151 6
285 152
168 54
263 233
233 60
109 3
11 237
1 213
146 19
181 89
169 38
116 137
3 203
69 15
71 256
118 147
57 138
214 95
252 82
51 235
250 113
228 0
151 216
1 205
127 281
30 222
82 71
147 61
277 10
279 185
21 154
26 263
157 292
234 114
101 99
56 193
268 266
74 278
275 279
203 63
249 57
36 39
251 113
186 3
171 5
41 105
170 46
297 138
124 232
136 1
46 158
263 18
242 191
175 155
189 288
254 201
196 185
239 8
200 64
242 33
286 103
295 20
155 190
0 172
138 0
256 36
128 257
279 176
70 88
172 28
218 82
69 205
39 252
109 283
107 33
190 30
291 251
126 19
219 99
200 106
115 123
62 272
126 279
13 290
99 299
60 72
205 108
64 247
20 127
273 64
293 165
26 184
256 37
46 259
22 279
234 52
150 79
33 116
3 191
6 65
72 78
103 29
182 160
78 215
108 67
147 182
256 111
155 0
19 267
262 83
218 243
161 148
194 287
17 30
132 70
65 209
46 122
66 186
50 171
209 78
29 223
157 192
234 209
177 130
66 295
79 270
283 152
30 256
34 3
82 26
60 104
235 138
19 114
251 70
58 260
264 45
82 158
288 142
95 283
7 237
224 208
165 4
258 182
74 5
246 20
224 181
28 139
115 36
156 286
288 30
71 102
102 222
196 93
209 295
282 258
196 234
22 206
104 5
102 3
168 269
94 279
69 117
108 210
105 216
78 7
142 83
201 232
114 52
23 88
238 195
177 74
255 142
203 42
103 158
273 204
39 283
162 92
276 296
147 198
279 235
257 159
87 4
94 150
111 176
198 209
85 112
143 183
251 120
283 258
118 187
45 185
78 0
114 278
232 252
89 62
59 140
95 220
131 251
57 48
282 131
72 210
5 52
48 77
2 73
1 56
199 283
78 264
294 21
167 260
173 172
48 232
121 93
232 24
130 22
124 296
203 174
146 217
18 219
298 222
45 17
109 165
174 248
64 193
40 30
57 265
170 10
171 18
258 128
40 95
97 154
286 255
246 285
152 232
58 188
274 238
278 224
160 165
33 59
168 6
226 187
215 283
132 253
290 256
169 182
78 168
28 251
245 29
3 53
194 81
200 187
110 77
184 69
132 250
139 219
201 97
256 64
272 1
168 25
107 78
192 54
231 39
64 205
193 248
190 38
212 35
54 86
155 106
140 105
183 84
262 136
288 9
242 263
180 32
126 28
257 120
42 243
240 132
137 63
262 11
149 79
244 4
189 246
177 83
16 126
197 266
149 105
85 240
137 257
109 164
143 247
295 146
126 226
282 259
37 134
143 24
67 208
273 286
30 23
141 30
265 254
148 220
58 36
134 16
32 234
284 110
253 167
45 43
156 31
79 8
62 120
147 226
132 122
90 95
11 39
4 161
280 66
159 123
238 181
159 206
178 8
155 232
299 256
260 13
189 9
189 88
279 70
27 280
24 57
118 92
162 134
218 120
143 151
181 27
29 140
245 289
55 95
284 82
217 239
168 11
192 289
277 13
185 106
49 226
174 39
64 158
250 92
294 225
74 98
118 42
149 147
199 228
123 204
129 65
190 132
161 139
26 284
120 243
152 56
245 18
92 285
264 54
235 234
228 17
10 152
284 127
147 229
196 152
18 164
54 242
183 226
232 60
0 38
1 116
249 181
18 0
109 124
106 221
44 49
23 258
174 62
215 221
279 189
156 5
82 21
181 145
193 85
228 19
211 285
0 88
269 183
81 124
285 69
211 51
108 18
238 242
8 0
175 199
10 226
231 283
272 199
128 55
187 33
297 245
250 134
149 291
230 289
177 64
10 3
201 122
126 20
61 26
27 126
165 79
131 174
137 132
125 76
148 230
93 138
50 60
199 208
201 185
41 22
229 97
60 32
212 96
282 42
295 27
286 277
103 109
183 185
168 7
124 64
234 39
82 247
133 188
249 6
187 261
206 293
38 106
274 288
166 11
185 220
110 209
212 15
212 67
28 170
134 178
290 186
248 79
45 131
262 272
54 3
256 90
263 209
202 95
267 86
189 50
124 6
293 199
172 125
132 105
196 165
243 183
119 178
94 189
228 35
287 264
169 264
82 80
34 123
14 53
245 77
97 148
45 163
133 25
194 257
271 74
84 96
133 247
81 188
288 234
118 133
81 112
188 141
135 136
206 92
177 67
111 14
152 31
0 185
249 81
232 283
146 138
231 146
243 85
67 239
59 80
95 104
287 104
116 208
139 159
107 175
67 49
232 38
134 40
193 211
211 218
118 290
216 231
292 213
214 146
85 10
117 248
121 231
167 252
19 89
108 40
116 141
59 161
107 152
252 77
196 180
267 268
168 284
78 152
275 11
198 280
212 117
45 277
196 48
121 221
240 291
226 6
161 254
173 129
130 272
123 197
24 51
190 277
21 43
55 144
120 212
160 225
148 232
212 295
87 113
206 280
71 136
50 165
38 159
160 61
161 262
287 258
175 238
219 126
47 42
220 23
278 238
4 9
37 156
24 21
86 277
184 237
299 133
180 120
28 295
162 201
45 275
182 146
22 222
4 47
270 174
213 152
21 98
91 82
2 84
64 207
227 195
162 68
162 275
175 100
246 181
51 67
183 220
285 104
35 182
184 204
232 299
178 68
28 16
140 246
102 64
60 156
113 51
14 254
48 165
15 230
85 20
179 134
171 266
62 12
244 269
264 176
26 231
2 118
72 178
241 134
254 273
214 148
156 30
57 216
226 246
115 50
240 262
207 100
161 246
84 197
231 218
111 68
45 278
199 246
248 83
268 261
104 247
227 199
17 52
146 35
186 224
61 217
113 6
156 36
110 111
139 10
197 19
215 298
207 247
134 31
30 254
80 248
106 273
135 225
293 245
220 215
20 193
258 294
80 52
179 67
277 88
194 238
26 110
271 183
62 6
138 113
250 162
165 296
224 296
120 150
92 233
221 214
176 44
57 10
278 262
298 188
192 179
130 33
31 158
254 211
148 137
161 193
116 55
234 49
106 233
155 269
252 205
197 163
94 82
142 233
44 133
269 87
175 169
100 106
6 90
48 71
146 228
192 90
24 290
288 207
79 206
2 62
213 143
23 205
63 17
285 82
15 33
65 135
230 166
4 180
189 161
290 274
153 146
75 199
231 286
79 276
253 1
203 132
163 4
169 130
79 107
211 150
120 275
289 167
127 81
73 229
113 272
284 117
8 165
71 1
224 49
210 197
91 51
293 47
171 20
148 31
205 162
34 229
214 163
143 187
148 211
7 66
51 181
123 133
25 201
108 26
81 149
227 141
232 35
31 116
32 62
232 88
252 243
83 257
117 258
77 171
136 220
49 52
197 75
287 253
24 207
126 253
133 259
88 39
44 278
160 41
253 61
161 282
218 204
250 139
143 133
131 30
230 274
167 44
205 51
224 293
217 41
224 157
75 181
188 93
226 239
139 281
277 64
114 273
91 231
16 155
179 6
235 131
175 1
34 216
259 105
65 265
193 8
21 241
163 25
83 154
19 142
56 261
150 30
262 185
269 145
235 78
244 260
95 79
247 144
62 81
254 57
275 137
146 154
219 293
274 285
29 106
71 64
183 250
241 85
2 210
8 200
69 93
236 192
185 268
74 210
33 160
95 24
255 107
224 161
246 272
198 105
139 245
142 135
176 95
57 148
149 26
50 104
116 106
176 141
187 145
244 212
48 68
297 140
163 103
99 188
206 117
260 271
254 18
34 202
167 193
29 13
48 151
193 120
145 280
250 33
213 167
175 182
254 150
105 71
194 228
67 146
32 121
264 293
120 138
51 223
233 261
176 223
17 126
229 169
60 38
172 238
118 75
192 58
276 67
195 123
118 226
3 181
279 26
179 96
101 134
72 219
228 204
118 294
296 267
290 233
190 112
176 291
88 194
84 170
43 98
279 247
39 38
137 216
230 234
67 259
209 286
224 207
150 80
37 176
264 130
3 1
3 263
40 162
40 269
44 249
288 184
246 21
256 103
294 259
184 16
215 96
291 105
181 230
239 62
280 201
115 157
99 34
117 42
51 155
245 85
41 131
275 51
269 76
251 126
267 210
258 284
240 60
259 216
130 206
145 299
227 257
255 209
159 204
109 47
213 158
115 92
32 148
24 180
204 53
238 5
254 19
26 150
192 288
282 50
67 18
142 27
176 88
129 264
67 249
246 197
100 24
144 158
70 57
141 200
201 212
55 107
94 25
127 299
93 201
8 211
294 91
14 235
39 266
115 223
199 126
187 243
99 250
203 150
234 275
265 275
130 36
100 156
95 191
13 26
223 43
131 65
185 77
67 14
131 9
150 171
253 267
277 0
57 282
269 205
46 192
164 65
93 136
216 144
238 180
33 206
210 25
207 273
297 69
229 114
245 202
104 208
276 213
248 97
280 222
293 238
202 112
297 122
280 163
222 143
135 67
87 236
29 132
232 244
258 74
0 1
202 111
272 186
93 34
228 233
91 249
9 220
87 50
80 295
190 29
286 189
222 52
280 237
100 57
86 33
155 149
36 149
126 9
55 142
136 196
64 215
49 41
160 209
158 48
187 124
223 4
254 285
63 106
297 160
257 219
90 37
202 109
191 161
1 110
251 31
277 5
180 286
172 2
264 138
117 125
67 187
94 185
277 158
240 109
243 118
11 26
283 52
242 81
109 193
277 186
178 94
79 227
67 0
280 279
293 8
191 10
176 82
203 62
178 214
195 189
1 209
251 203
29 149
48 147
200 208
95 245
32 205
157 208
187 262
133 246
135 16
91 53
174 297
279 122
78 114
174 161
123 117
102 13
48 90
118 141
63 287
180 201
126 12
274 113
193 274
160 177
204 134
225 8
217 178
147 278
294 138
32 105
11 107
120 162
192 270
192 106
8 226
209 194
45 29
16 72
231 10
194 18
212 231
59 272
183 139
231 213
154 86
125 144
209 53
62 15
288 91
62 35
283 146
222 142
166 132
140 64
132 258
210 89
169 254
1 130
53 104
133 277
295 224
147 21
58 133
95 282
24 281
66 117
26 37
264 214
73 85
105 130
219 191
195 113
251 296
128 289
277 251
260 172
85 83
279 90
102 238
160 243
219 39
222 261
276 273
253 117
99 224
278 123
44 152
14 188
246 81
58 139
38 178
164 83
276 244
224 185
14 287
299 78
164 226
139 153
167 180
90 292
212 174
137 95
233 69
152 106
262 88
198 206
210 183
60 159
19 216
66 162
295 245
64 30
41 61
285 2
87 211
112 125
51 158
195 118
173 240
90 100
168 0
117 240
92 15
150 156
44 289
256 5
59 22
150 58
209 14
229 103
132 90
50 69
231 62
248 108
179 299
70 178
252 34
25 102
63 128
2 194
174 51
74 286
193 112
161 11
201 171
271 99
264 258
49 75
81 199
169 234
260 148
275 8
237 116
168 125
116 67
286 147
123 66
76 115
225 144
153 119
160 119
147 15
288 61
128 116
225 200
243 44
201 11
278 273
76 217
254 172
133 221
98 71
295 164
123 101
206 16
241 78
119 58
208 161
140 179
182 161
168 39
2 78
2 154
170 82
258 291
276 113
260 115
182 257
35 236
29 222
201 245
19 40
135 127
108 83
66 78
29 188
82 203
128 31
142 146
173 188
43 201
104 122
106 112
123 209
199 127
66 230
117 137
238 9
57 12
65 130
269 272
263 255
169 85
196 263
148 136
7 278
260 186
17 223
79 258
147 87
23 185
54 289
73 106
128 281
23 64
270 293
258 75
266 246
212 127
226 275
229 10
110 93
21 2
98 146
67 64
185 117
182 64
177 40
232 237
274 189
115 280
15 126
220 6
207 77
186 111
156 88
248 86
104 70
50 25
69 274
243 216
6 262
209 34
87 9
23 33
263 288
73 155
291 93
122 97
163 123
8 212
244 231
116 87
137 16
124 155
74 150
10 236
271 50
288 0
115 292
271 128
162 42
128 48
180 237
127 139
9 134
142 40
279 65
56 124
279 14
174 170
281 67
93 166
108 125
43 267
216 52
108 236
115 202
185 225
67 61
50 269
93 111
223 292
123 138
167 207
138 170
122 52
154 208
141 156
207 46
234 241
262 27
80 284
141 236
234 133
196 149
88 123
252 129
32 65
81 36
16 154
256 24
192 44
183 266
163 8
203 153
147 126
260 27
38 241
21 114
264 149
22 89
21 117
72 117
278 57
127 155
171 199
106 257
102 293
158 23
240 9
150 295
192 26
295 271
117 213
21 14
11 73
261 254
181 180
288 193
267 229
268 97
65 271
260 142
23 154
37 137
56 292
72 120
109 242
76 100
162 62
117 83
291 129
146 216
272 170
181 74
