600 7000
434 230
294 25
479 471
220 194
142 239
242 428
553 303
99 503
529 143
35 592
310 595
81 532
354 33
315 203
265 597
155 240
582 73
334 183
242 461
462 304
528 13
137 515
204 2
94 98
56 590
475 311
264 403
181 104
94 90
416 282
391 520
10 552
575 592
106 513
111 324
12 405
177 254
591 537
214 26
302 320
70 197
129 347
343 193
180 381
532 457
196 528
42 130
302 254
3 166
172 539
198 557
169 486
590 482
330 239
223 578
227 392
258 150
580 583
328 56
574 330
587 449
401 559
316 500
583 238
572 296
279 48
417 485
3 412
442 202
459 122
419 145
168 151
119 180
180 138
546 298
458 343
414 334
287 65
493 381
511 74
585 34
238 529
208 229
566 560
273 36
541 326
205 55
33 349
526 403
525 43
403 169
77 469
186 462
474 361
234 594
18 77
336 464
574 496
549 268
596 115
20 119
10 277
349 31
8 308
327 86
221 1
98 488
387 593
74 589
394 254
463 125
171 311
554 255
130 357
383 241
197 184
305 446
377 475
100 235
274 359
534 101
582 129
556 483
414 540
246 513
271 338
594 126
232 36
239 12
39 299
133 309
379 358
428 52
42 203
397 179
350 582
141 123
540 545
239 489
509 107
80 102
348 331
150 584
547 324
361 182
377 92
228 355
231 217
193 82
199 240
571 93
133 222
512 91
58 282
109 364
550 63
541 368
7 535
477 245
393 517
415 30
219 198
100 44
513 287
145 298
233 243
493 532
570 333
56 592
254 195
270 356
583 164
288 392
484 350
394 372
553 359
534 503
351 35
562 463
531 358
296 14
49 258
152 488
473 378
284 325
215 98
410 37
150 75
211 149
4 241
460 564
60 377
580 254
7 113
354 386
220 555
11 421
225 178
18 207
331 483
292 96
186 552
27 139
192 93
343 47
427 79
255 166
555 521
599 491
214 453
71 228
167 295
164 525
302 264
580 594
571 480
25 95
599 151
318 247
240 10
105 3
358 571
184 518
242 392
541 273
169 433
137 199
569 72
155 364
224 144
228 569
560 593
453 298
420 469
148 49
300 178
526 385
489 582
399 313
87 419
87 519
32 13
96 505
233 550
71 272
423 12
42 396
556 392
567 235
370 103
269 432
474 429
309 372
118 144
418 482
13 132
465 452
364 27
424 348
411 288
395 488
295 454
445 237
28 576
497 399
119 442
231 64
164 596
70 106
572 173
165 430
122 558
196 561
526 470
27 328
483 131
464 43
310 260
429 98
141 354
144 48
395 179
206 546
590 474
195 338
550 298
115 480
331 575
190 54
176 395
248 145
122 150
150 404
120 495
252 370
325 152
189 88
591 323
434 529
91 438
346 442
371 485
542 179
597 527
34 268
223 259
184 171
490 258
456 372
52 395
238 169
533 79
225 428
467 195
202 168
344 312
492 476
424 45
558 465
134 200
67 578
422 228
202 271
230 173
516 266
24 146
9 596
421 311
368 317
276 166
298 483
526 3
353 438
85 19
97 174
293 363
552 126
422 224
89 130
14 288
117 558
65 165
180 4
18 500
363 217
116 206
105 18
492 588
452 249
102 268
441 473
70 371
548 302
493 535
250 383
21 352
197 238
351 579
145 318
75 485
170 439
111 203
418 516
482 187
316 184
382 65
263 510
198 525
252 233
525 433
115 299
295 423
420 475
4 242
549 465
353 176
184 380
516 483
408 13
502 491
135 401
419 533
420 104
26 179
11 534
495 440
389 591
25 406
387 173
517 329
204 491
594 529
240 280
144 305
62 460
144 285
74 332
318 93
14 104
400 467
551 125
201 196
322 203
2 368
190 136
380 253
130 332
15 244
596 594
157 324
82 88
361 390
595 187
110 309
496 578
225 166
267 333
86 384
535 144
397 342
438 366
303 328
405 206
156 305
528 120
427 163
508 566
159 325
348 215
76 150
381 283
224 227
536 378
42 276
589 236
73 78
15 117
438 590
403 309
152 407
294 394
8 433
416 192
54 210
202 137
326 196
218 148
5 469
40 510
103 36
186 87
40 454
225 372
308 90
364 415
328 278
8 264
442 415
84 379
15 162
386 322
291 369
95 5
159 85
409 177
580 416
245 99
341 320
563 373
21 403
432 47
555 470
74 558
479 481
442 309
166 479
516 586
163 211
329 424
135 292
88 164
159 6
452 555
217 597
304 294
496 387
422 522
466 31
158 70
464 293
421 549
73 122
440 470
294 122
455 283
328 185
383 358
170 275
224 11
215 210
380 298
595 129
186 75
553 595
379 45
493 510
56 147
591 398
589 378
540 323
274 178
469 16
329 454
496 499
389 173
84 19
74 3
409 468
355 243
525 125
385 570
353 406
517 363
357 76
310 29
390 475
54 503
522 583
399 582
86 344
233 364
528 3
35 407
271 148
259 461
441 463
201 492
581 25
204 122
500 45
18 445
279 190
229 364
400 317
278 219
472 69
249 323
184 351
91 175
41 15
0 375
26 260
556 406
537 526
442 39
564 434
117 76
13 165
223 433
558 541
328 463
404 126
9 64
572 308
217 133
147 466
72 349
366 335
277 509
519 156
417 111
324 333
104 165
394 310
39 557
528 430
320 514
243 462
231 219
475 593
548 45
15 52
4 103
523 313
383 582
25 149
170 36
476 284
130 306
167 13
403 553
221 91
102 371
317 545
367 113
191 452
493 55
383 373
411 240
332 318
83 5
512 315
243 46
211 476
121 413
231 130
66 91
328 222
455 268
49 324
433 419
11 129
544 418
6 71
352 475
188 223
501 189
223 424
411 109
339 62
555 144
187 350
211 555
296 582
591 95
384 548
128 64
369 418
393 464
481 573
324 510
309 70
1 134
296 301
506 265
250 157
522 588
147 11
337 430
373 568
536 451
487 321
417 466
509 521
293 224
69 48
453 224
220 483
17 77
6 490
184 60
139 80
449 309
327 54
468 146
355 507
264 292
37 428
451 298
465 437
374 580
417 524
285 513
98 555
532 543
104 233
534 489
285 234
545 38
400 305
143 195
390 432
525 197
3 325
570 304
61 74
181 469
512 286
343 214
24 16
416 5
287 323
218 543
52 531
587 508
94 479
589 181
560 277
354 282
449 458
332 455
63 517
565 286
578 31
376 52
461 462
206 110
135 226
419 325
394 343
365 302
354 5
216 41
43 143
86 99
504 276
200 594
484 226
110 113
76 564
434 123
21 281
365 550
132 358
37 225
186 385
37 314
565 53
75 146
308 164
113 274
50 493
420 343
339 470
126 428
186 85
19 205
347 595
250 99
32 423
33 44
190 535
203 354
234 120
299 386
104 447
225 238
19 260
260 472
558 220
146 366
121 326
49 377
550 133
331 583
9 70
211 369
43 160
413 384
136 245
263 401
104 52
504 535
106 512
533 562
597 225
421 513
250 519
360 198
149 595
118 487
375 376
379 75
540 230
183 162
570 14
78 526
376 66
80 568
422 14
194 160
386 201
89 20
97 125
120 101
448 459
573 418
364 198
258 458
308 560
184 322
551 303
131 270
507 40
129 174
479 478
223 508
15 333
53 355
588 537
458 313
61 204
538 286
51 271
82 138
434 444
595 116
548 227
489 497
245 148
64 397
504 172
143 528
114 589
205 468
459 268
378 97
137 496
565 491
179 29
423 381
38 45
154 213
457 153
304 460
19 113
115 553
489 77
108 51
175 327
411 418
72 473
584 358
301 82
399 508
242 83
166 199
316 448
260 173
447 195
140 548
266 241
358 422
517 380
322 410
108 329
337 409
2 66
265 27
381 570
232 264
321 209
11 577
313 5
445 28
367 492
255 204
476 597
16 247
59 504
585 12
287 321
56 10
189 350
165 53
4 181
354 133
275 382
472 86
371 173
369 481
415 21
89 139
416 403
437 311
248 334
484 413
561 416
201 341
283 396
0 56
588 131
273 418
537 541
166 338
2 470
133 85
190 557
551 563
323 595
258 85
239 205
418 465
151 533
576 429
288 183
344 308
261 514
552 587
342 434
104 263
524 225
373 323
16 6
126 52
520 284
554 340
337 54
111 2
216 543
594 54
216 120
309 40
384 130
66 387
367 333
548 353
396 30
275 258
84 385
511 80
311 0
93 339
260 330
475 349
334 370
389 489
462 559
444 451
295 349
448 280
417 265
448 24
392 109
394 201
261 59
590 376
254 270
405 177
309 333
275 4
566 534
574 297
347 63
62 238
285 446
46 17
41 265
467 25
327 447
479 296
389 527
300 312
24 533
71 378
311 113
598 31
495 532
495 92
584 585
446 243
446 432
111 358
395 522
34 1
330 344
533 286
528 380
582 159
74 324
366 493
567 348
272 52
269 527
378 138
597 516
504 105
62 597
228 149
360 444
159 169
482 387
596 192
353 217
34 167
300 510
527 188
400 406
201 429
214 245
163 297
575 550
525 99
410 84
42 217
414 56
398 283
562 157
192 347
127 197
97 24
529 371
394 40
121 25
132 58
480 296
468 42
344 284
469 422
576 277
508 582
93 479
111 235
216 494
147 44
221 370
230 178
552 165
87 35
585 120
82 67
91 189
515 589
202 215
455 4
349 267
97 510
369 55
183 255
593 50
511 351
225 280
454 404
341 413
492 62
578 123
94 13
547 38
456 489
300 394
358 461
238 559
166 443
155 460
50 209
511 26
274 514
367 201
508 510
585 17
161 274
214 499
167 254
261 273
210 425
574 442
398 221
228 439
452 349
83 115
376 295
323 102
368 192
491 62
479 248
509 548
562 32
414 447
65 155
180 195
361 356
327 562
59 338
384 58
95 497
562 137
87 363
424 428
385 124
503 196
432 171
23 488
485 11
212 494
514 125
545 48
392 42
405 23
31 268
246 576
123 156
275 178
203 376
349 164
532 340
520 312
116 476
179 46
210 197
158 390
474 1
492 414
69 398
391 99
274 267
164 459
95 80
215 557
102 240
433 562
265 504
199 562
307 437
473 440
475 273
150 35
11 92
543 482
198 297
462 180
294 169
557 425
106 178
297 550
251 328
396 380
193 38
24 156
192 54
593 579
109 159
198 141
318 390
132 163
578 347
445 323
491 167
425 322
451 341
178 540
357 11
117 594
212 414
293 336
309 68
436 327
248 218
492 291
365 432
198 432
228 217
223 132
334 413
146 126
264 267
463 240
270 102
301 550
255 189
19 410
574 1
352 407
226 100
493 435
469 288
106 565
534 554
289 435
450 213
335 360
359 244
491 342
190 579
482 175
115 414
302 156
590 481
461 95
426 454
196 301
475 132
1 199
221 364
169 37
304 311
464 492
565 420
487 89
564 422
445 197
173 30
57 300
99 489
315 578
160 73
378 141
142 424
50 582
116 279
437 52
403 539
359 287
329 457
231 489
11 155
81 560
527 262
162 469
103 495
550 569
124 408
231 52
557 262
316 341
34 390
181 149
490 58
405 279
170 80
154 128
123 467
525 594
597 22
31 240
130 151
514 188
206 339
521 480
596 301
168 171
77 340
252 271
5 246
265 168
408 526
84 363
461 442
98 18
92 442
377 212
531 19
115 349
343 471
556 364
77 104
525 175
381 147
412 134
67 109
581 220
275 185
591 347
310 24
42 67
342 597
263 5
148 560
322 534
226 599
580 440
408 567
304 147
220 427
130 298
57 71
133 343
361 150
96 193
369 225
497 571
426 116
166 454
274 14
68 478
79 19
477 506
55 52
316 19
318 490
400 248
114 354
536 503
36 66
102 216
116 329
314 57
73 563
74 188
264 184
503 26
505 269
433 411
174 461
518 353
203 557
86 332
526 73
522 176
154 491
106 495
339 333
370 594
448 429
248 547
167 590
423 214
565 335
322 501
392 297
533 276
94 556
422 136
572 437
45 476
395 250
493 94
243 223
586 254
115 576
230 330
514 551
156 100
385 598
292 408
157 47
208 325
151 513
199 105
116 355
97 194
285 226
533 477
49 192
429 234
341 193
161 185
327 540
232 177
576 511
429 341
483 176
199 531
460 289
411 219
458 511
529 318
336 143
188 210
435 495
296 349
470 232
294 479
345 59
15 535
475 159
258 162
559 466
70 420
192 243
219 267
408 349
257 419
347 439
78 286
226 500
553 13
348 507
417 565
4 305
23 415
326 296
48 401
215 121
174 257
506 43
301 102
538 195
404 478
144 251
32 147
350 81
245 254
243 228
310 1
151 485
419 292
202 584
325 560
327 187
329 149
470 466
427 559
160 347
120 522
13 489
399 51
459 418
173 403
112 49
134 109
407 558
581 315
164 307
324 330
282 379
533 133
345 272
126 432
555 408
375 50
474 258
427 481
191 521
113 185
336 192
171 433
450 310
17 183
246 46
473 289
428 59
462 42
437 583
121 22
577 320
530 224
573 190
513 327
280 208
262 372
218 479
483 271
132 477
181 63
246 383
49 520
104 226
50 1
165 588
351 69
402 53
586 307
391 400
583 373
55 324
197 26
89 228
475 380
84 402
449 465
542 59
386 528
186 308
34 228
372 111
567 314
241 577
120 110
251 278
196 487
215 120
73 565
517 200
0 169
395 433
447 56
374 20
480 161
490 597
307 449
508 360
486 508
220 270
61 413
250 417
559 404
592 440
42 534
271 266
94 462
581 250
172 560
288 293
595 125
137 535
80 409
175 3
494 252
298 598
132 225
380 315
243 107
544 510
5 273
538 452
53 169
36 219
212 87
163 170
8 183
451 504
439 336
515 63
197 537
204 146
581 101
264 451
68 465
93 441
495 526
259 4
42 256
482 102
475 68
309 122
134 400
165 124
19 298
306 591
275 428
578 78
588 285
461 455
257 442
7 507
442 429
152 47
520 483
561 368
76 538
176 374
506 5
312 546
311 35
41 60
178 34
357 250
458 364
442 359
7 231
557 239
31 280
496 368
557 20
255 60
535 116
135 256
116 547
71 596
541 423
101 367
515 391
34 386
339 142
134 390
286 372
252 289
350 490
458 286
344 573
281 80
418 251
13 586
462 505
224 205
434 114
237 111
149 580
404 423
240 380
346 325
583 70
40 563
376 461
333 592
313 324
261 192
554 433
209 293
272 580
199 485
590 218
136 572
36 169
412 246
314 411
240 212
5 21
513 10
6 493
176 423
499 296
250 508
70 498
540 472
577 352
204 569
381 46
299 569
462 532
569 57
471 581
411 429
345 456
285 58
136 42
58 545
89 159
219 377
254 478
373 70
428 5
556 368
505 75
318 310
149 502
326 280
186 70
330 404
224 146
119 490
534 358
64 490
416 126
499 160
73 328
584 490
58 511
348 10
178 103
121 65
568 531
352 566
583 198
507 350
60 126
375 277
438 254
189 185
501 206
275 307
559 292
430 566
514 529
236 425
354 507
175 231
178 394
557 73
253 457
334 417
288 404
146 524
242 270
592 91
483 240
464 482
502 478
273 598
123 373
520 328
387 71
307 165
425 35
385 221
277 210
561 23
24 167
78 39
383 567
182 200
437 152
127 549
179 449
227 580
209 5
204 487
196 356
568 406
216 133
592 298
348 238
467 256
567 225
418 542
321 373
546 220
210 237
368 518
223 513
339 47
510 256
74 92
91 522
133 66
291 113
541 352
141 150
42 338
75 564
157 421
49 28
197 116
83 561
223 123
395 104
325 19
189 591
560 138
113 589
284 419
331 16
216 9
385 152
70 410
474 559
556 390
83 477
512 556
121 134
159 355
340 229
280 350
292 528
469 384
393 265
450 124
599 295
513 132
567 42
317 528
588 79
599 386
485 548
213 13
484 141
327 408
415 558
166 230
231 387
474 581
81 240
197 305
493 141
157 78
513 306
32 507
325 385
530 49
247 141
598 464
113 421
560 257
47 363
291 106
464 508
475 328
302 342
462 198
74 13
276 3
436 501
317 541
469 28
229 141
365 390
56 93
340 220
544 557
279 421
395 278
246 88
580 564
101 127
534 232
98 552
518 406
52 68
278 508
213 260
356 94
58 432
563 326
367 501
249 188
384 72
247 25
4 447
53 251
388 462
123 41
285 593
360 441
106 366
344 226
147 367
512 551
448 60
446 265
40 21
502 592
183 34
441 409
68 489
585 417
553 478
143 439
558 391
489 241
39 371
229 420
183 321
424 218
469 599
295 230
108 524
324 102
425 292
50 31
552 210
366 170
271 368
44 432
169 83
302 25
62 18
597 19
592 541
172 467
382 8
426 270
252 320
373 436
494 227
113 5
270 488
566 356
210 453
239 397
514 576
87 255
404 267
363 316
105 374
355 313
526 185
384 438
426 455
513 451
288 71
425 89
33 288
129 545
227 463
522 11
318 126
330 117
339 401
567 182
462 46
43 588
30 137
551 245
590 237
578 184
217 504
563 191
26 301
317 412
250 210
593 4
330 184
356 550
95 454
180 151
407 451
209 527
296 290
461 505
277 85
437 322
299 12
344 10
1 105
447 297
502 398
525 458
405 454
241 565
589 582
209 579
329 84
20 411
163 351
359 99
326 427
97 250
125 270
42 397
345 46
49 280
489 312
130 545
596 452
270 51
234 477
432 467
229 136
207 87
310 322
69 66
158 371
189 37
145 237
360 389
369 212
389 497
422 320
178 190
218 213
355 76
215 165
509 112
575 128
595 300
384 245
431 270
330 354
529 359
395 376
554 575
212 390
432 585
535 23
568 34
597 136
85 355
545 347
415 192
149 448
375 415
512 94
8 146
410 153
247 455
362 76
225 547
80 339
279 52
111 27
49 384
225 306
388 534
104 16
305 569
441 359
473 499
394 116
584 532
424 150
440 45
42 104
385 141
584 116
401 578
260 401
163 302
482 463
491 589
223 522
482 392
121 282
71 330
474 500
323 275
447 342
571 338
586 544
358 493
219 147
169 153
370 517
212 80
324 35
598 484
405 278
212 261
492 427
412 294
86 343
262 579
365 414
87 523
184 237
303 9
191 274
492 461
226 530
377 250
556 81
336 227
89 92
198 353
259 135
596 381
556 145
503 144
105 79
302 450
482 217
42 246
378 509
545 55
590 3
593 116
263 219
285 32
560 262
556 562
581 30
575 499
595 207
226 365
418 578
555 509
259 111
571 501
178 304
360 157
198 454
338 66
214 264
235 351
344 59
535 573
592 421
51 285
471 231
305 325
418 583
208 101
269 278
408 464
466 575
233 347
335 546
18 154
66 140
384 84
430 397
519 411
327 16
81 493
138 586
66 466
401 53
103 188
47 547
298 552
514 373
365 585
392 250
456 76
421 118
281 163
421 464
184 150
397 53
376 348
324 140
387 465
322 580
189 482
538 541
562 426
272 73
260 353
523 517
224 512
480 192
200 439
595 119
525 49
57 134
419 461
464 203
230 270
98 383
98 393
205 577
346 281
196 125
505 329
2 265
317 239
107 283
231 220
82 227
196 581
428 139
387 284
379 88
132 11
379 343
304 561
414 284
227 487
289 178
358 260
476 173
173 163
34 13
379 385
52 385
221 297
371 168
594 292
201 530
328 385
229 597
198 228
355 43
533 87
132 389
459 532
23 233
583 592
528 461
387 504
77 574
381 378
131 142
223 503
304 588
253 435
133 478
386 449
171 62
473 175
63 281
302 37
113 411
292 5
350 223
483 560
217 205
477 48
5 429
303 516
57 206
130 253
184 445
262 86
496 436
200 164
502 440
166 517
55 590
526 547
132 91
95 417
504 391
187 182
485 432
533 274
271 153
82 278
29 441
321 551
320 482
220 161
174 164
20 463
149 38
440 187
477 492
280 77
134 492
509 50
399 347
108 592
120 145
78 456
39 572
290 118
433 508
86 357
364 382
491 26
322 393
309 249
352 210
551 423
269 340
450 507
106 298
294 407
426 319
196 185
255 569
422 263
33 3
180 8
419 584
18 474
49 342
438 49
234 543
352 141
250 7
541 476
297 505
180 588
569 141
287 483
192 38
79 575
525 385
577 273
61 294
81 429
527 539
214 425
109 5
40 578
429 425
15 172
437 241
172 147
131 241
409 44
340 263
43 279
108 516
133 433
369 572
191 102
49 312
36 281
595 421
37 53
256 104
353 189
582 297
541 69
372 450
522 196
480 530
87 499
170 472
230 469
69 222
32 234
30 65
98 339
218 300
251 395
277 448
238 196
228 497
384 571
79 374
322 541
488 329
195 300
134 0
429 249
191 470
537 451
545 326
259 408
127 558
495 158
320 49
599 110
568 407
598 325
23 34
354 95
439 409
176 400
62 130
264 547
60 546
483 309
73 251
324 31
154 79
176 116
82 430
306 134
55 167
431 380
179 384
109 253
39 513
241 379
10 483
192 487
577 403
424 278
9 557
246 429
201 134
329 387
69 370
114 268
384 553
16 65
133 452
384 238
346 110
132 586
550 457
93 244
416 105
109 288
340 62
132 536
398 282
327 297
338 468
481 391
463 87
9 24
22 268
569 527
453 456
38 262
58 353
382 592
293 160
314 2
435 94
12 268
298 7
71 372
544 219
557 435
460 17
23 238
457 19
581 368
462 73
248 160
294 62
169 506
139 249
485 97
378 559
318 212
50 10
22 527
500 586
561 11
587 594
375 34
531 179
8 424
343 599
54 442
341 447
379 303
123 183
401 576
237 534
377 111
156 264
287 557
480 556
29 358
269 504
16 394
561 553
511 334
322 257
426 388
451 435
323 359
541 46
336 132
579 286
396 7
583 71
282 381
438 486
23 403
221 507
545 250
120 170
70 294
151 266
38 407
183 260
238 37
409 487
111 35
425 115
426 568
154 1
309 114
105 538
282 579
478 322
521 326
592 456
67 533
342 215
402 564
574 72
544 364
298 411
215 335
74 551
438 145
318 78
13 595
7 224
343 182
319 433
378 220
490 78
383 188
396 277
219 438
110 276
237 521
587 187
183 524
408 469
469 386
296 594
326 332
561 396
53 31
352 7
327 226
49 213
91 548
479 98
232 98
559 60
260 579
212 530
238 12
88 37
374 148
209 513
306 205
593 533
71 580
468 115
197 391
124 582
472 342
143 103
199 232
92 350
181 473
238 552
513 569
198 468
425 209
230 464
592 302
490 132
354 148
367 199
327 389
563 386
416 314
429 139
18 397
404 287
122 404
528 509
218 97
314 446
90 566
158 432
291 307
3 68
28 526
156 283
157 228
204 287
529 480
539 298
87 145
7 301
270 313
118 251
491 335
450 76
173 527
271 235
384 530
247 341
249 133
265 380
268 277
386 341
116 462
293 257
515 349
239 168
373 60
345 241
332 314
588 548
498 430
156 411
371 132
502 390
64 180
475 596
445 398
541 72
432 7
470 130
70 450
510 293
418 559
190 346
30 225
107 217
300 593
433 43
128 368
477 233
333 419
573 174
538 472
404 579
367 281
522 345
585 304
410 98
27 598
442 15
564 110
116 599
128 311
389 436
184 217
298 476
441 429
60 92
542 167
272 59
373 196
468 488
369 521
451 381
327 495
22 451
7 56
208 178
197 81
164 558
492 362
528 199
334 551
503 472
150 0
246 350
598 96
45 587
21 401
582 510
144 375
357 531
133 375
428 361
576 595
131 312
54 198
192 115
301 455
346 131
152 261
210 534
322 214
510 69
347 421
599 517
430 382
66 213
401 253
377 55
101 187
237 144
168 132
447 75
224 232
262 4
545 380
382 484
30 34
208 457
51 363
191 325
254 371
261 101
377 201
540 238
270 200
49 418
595 121
582 581
572 195
388 257
402 138
411 15
162 198
36 347
149 188
571 76
16 301
523 32
283 220
230 383
364 299
472 506
471 116
72 411
255 160
319 86
439 330
9 93
157 518
312 195
342 387
276 195
213 466
9 100
145 388
493 547
454 189
273 373
593 426
77 590
393 133
318 444
478 439
158 116
244 23
57 557
222 308
215 290
338 374
325 457
97 143
393 237
587 250
143 274
256 322
349 83
323 527
263 294
424 126
401 537
98 485
104 491
162 173
292 448
221 224
292 268
4 72
286 535
59 538
425 475
123 57
268 415
344 152
524 224
563 230
469 587
379 373
44 164
465 272
270 150
433 101
38 8
88 148
365 382
519 102
40 7
309 116
233 19
307 496
60 59
188 122
58 500
516 422
504 341
569 84
175 444
38 504
401 169
276 131
109 439
285 339
394 223
577 446
132 529
431 100
91 173
504 372
135 248
444 276
218 392
465 92
108 260
299 487
189 485
442 492
263 33
56 151
66 348
15 283
109 292
151 112
426 446
480 216
319 327
20 132
252 76
236 444
278 113
139 351
570 146
90 143
157 134
208 564
525 19
576 330
586 293
6 247
104 113
281 312
477 459
77 49
236 222
149 518
368 593
268 175
144 5
27 220
264 331
42 223
566 493
74 354
384 321
116 195
464 88
567 193
0 137
508 245
63 390
410 365
265 197
141 527
273 496
577 597
352 397
71 294
158 536
13 523
376 180
398 546
381 78
23 135
151 481
232 292
223 63
11 294
488 565
585 543
476 478
576 530
441 136
345 134
504 309
455 93
79 61
179 318
337 193
414 34
7 446
193 468
344 579
247 49
466 325
399 330
73 88
303 417
583 450
398 574
166 570
193 75
392 219
149 169
422 107
327 383
276 211
180 65
574 2
101 210
151 520
422 253
158 582
65 75
177 130
499 310
176 53
566 452
44 13
314 268
181 489
106 68
299 11
115 259
270 263
337 400
583 364
502 202
24 524
100 313
85 363
439 235
222 81
401 453
380 173
269 19
183 58
398 457
467 44
526 305
50 526
352 203
597 394
267 358
287 275
332 390
70 594
152 265
430 575
595 482
540 191
568 365
388 221
239 152
503 406
73 504
50 119
304 186
192 577
235 295
340 481
578 20
43 456
500 213
274 24
352 388
448 573
35 20
579 477
384 555
315 287
560 390
463 115
52 575
355 278
492 551
315 64
412 44
529 59
370 287
497 183
591 542
523 476
257 373
446 394
545 105
3 550
228 280
189 258
387 271
521 512
573 148
193 351
107 197
528 554
490 5
388 49
467 169
470 324
341 569
121 294
78 425
25 222
13 64
200 428
102 497
162 499
352 57
346 528
280 295
504 101
85 598
323 173
377 57
237 265
98 546
197 99
470 269
247 486
42 228
31 306
424 471
438 428
150 469
426 491
174 95
97 83
425 397
485 378
260 537
506 150
105 426
48 480
389 310
109 374
177 89
187 541
121 344
238 35
361 527
38 195
204 283
299 24
355 257
183 447
237 278
534 15
59 32
536 288
360 105
366 240
334 32
506 277
161 567
375 507
320 22
536 221
482 92
516 23
344 22
540 357
369 290
275 495
352 591
408 109
21 207
41 490
154 103
24 393
118 502
132 392
177 399
319 365
196 221
110 358
476 66
399 287
144 110
458 370
420 597
476 77
194 87
316 290
540 97
173 236
333 487
582 587
133 403
209 515
388 153
441 420
286 197
568 533
413 576
566 343
347 200
227 109
262 479
140 482
5 351
197 450
198 372
562 502
185 421
579 358
382 276
272 109
3 176
346 176
60 86
53 0
506 485
342 366
63 152
576 166
267 141
191 45
524 218
394 274
598 23
115 472
209 522
157 64
57 98
160 176
51 372
179 135
506 446
132 51
54 66
143 186
22 479
378 239
576 175
82 539
50 335
395 213
311 342
468 469
168 454
34 216
437 298
593 196
521 309
598 34
231 430
558 565
268 439
521 337
510 129
377 93
283 111
321 555
354 493
190 60
275 249
367 270
364 140
251 155
43 509
345 340
131 117
166 141
143 411
51 52
159 246
421 310
365 24
165 386
413 373
412 159
498 82
351 483
195 584
322 259
263 184
175 89
419 446
49 127
356 106
207 125
232 242
233 544
185 268
220 492
17 262
586 165
589 73
390 401
382 368
472 132
41 94
572 294
290 263
366 422
171 443
85 312
140 295
131 402
54 273
138 276
549 158
104 406
336 86
97 33
523 494
495 373
527 138
84 331
223 44
36 286
455 257
60 591
134 189
136 118
466 149
148 110
276 238
192 475
311 250
559 61
35 383
35 13
336 549
119 106
438 307
18 424
305 343
309 378
114 206
502 208
292 137
577 53
36 28
107 403
254 249
190 70
367 210
472 21
431 295
272 159
366 313
161 57
568 427
469 513
147 291
143 174
463 49
553 171
463 241
523 146
475 53
311 204
355 299
18 433
285 127
411 412
566 25
576 71
85 483
473 54
388 501
110 253
61 135
488 292
545 74
214 48
495 382
554 261
466 369
477 575
54 17
333 342
576 583
223 318
43 345
580 382
508 465
98 20
162 572
229 202
207 330
276 289
47 348
192 42
153 11
514 312
426 174
580 188
48 258
365 517
369 407
374 37
371 71
289 505
358 581
508 310
63 594
181 229
541 325
508 25
462 14
286 551
192 397
510 274
444 215
428 585
34 65
195 408
135 7
555 328
10 537
577 128
588 432
300 361
577 324
212 309
547 292
320 535
514 473
179 524
533 429
180 140
490 477
291 435
76 485
589 111
404 63
102 598
162 265
403 140
535 256
6 172
353 521
375 538
595 468
293 347
326 299
346 115
177 470
205 494
375 278
107 78
133 108
10 440
390 324
523 579
439 153
32 515
33 255
329 351
64 216
151 246
482 444
304 341
258 435
514 232
489 214
4 441
275 134
526 343
218 170
443 31
181 214
222 254
498 526
112 443
501 306
277 408
110 159
0 400
74 525
249 446
565 301
193 316
20 233
253 363
258 295
224 167
485 290
389 373
114 116
287 250
552 434
590 435
112 368
160 105
162 453
355 195
6 480
151 188
141 142
383 552
382 140
32 589
259 429
118 9
529 511
218 429
236 32
188 303
171 229
264 98
542 305
345 214
403 599
565 394
414 371
287 456
41 276
202 76
157 591
156 89
117 47
463 29
425 139
580 386
321 52
516 21
385 103
185 247
451 151
436 568
535 465
445 517
319 204
193 142
418 266
305 180
397 323
116 6
493 336
22 219
370 323
462 45
515 114
31 436
270 9
293 218
136 153
441 276
368 495
556 52
184 135
573 331
76 222
442 234
144 290
549 320
530 200
385 330
3 536
90 529
553 77
362 357
363 250
102 197
563 95
496 504
54 202
472 56
328 308
260 148
27 545
339 130
408 417
586 246
259 433
104 437
368 305
74 47
437 157
302 440
499 139
184 165
199 48
268 165
57 355
493 33
49 591
2 42
382 440
86 463
454 299
392 483
110 298
127 598
360 38
165 60
184 381
550 251
435 2
335 328
142 510
462 41
185 580
167 436
499 592
380 151
350 204
172 301
450 361
436 54
410 336
281 220
67 286
567 541
364 173
136 598
360 529
68 77
429 312
212 461
224 542
456 425
446 354
162 91
164 84
302 235
5 470
30 214
372 6
475 161
437 277
155 344
251 431
481 476
131 214
216 522
381 571
204 592
329 438
180 154
457 521
440 557
496 308
540 290
481 357
338 257
497 499
236 199
514 47
370 246
378 581
550 425
255 121
13 54
142 214
480 356
538 324
269 338
596 409
217 119
95 81
368 286
65 320
303 592
288 534
210 289
597 519
403 293
595 242
470 453
457 513
73 599
259 34
258 383
293 113
117 13
321 255
288 155
305 421
590 16
163 153
418 358
90 339
160 46
483 186
141 318
573 110
587 453
335 477
27 477
561 537
304 32
267 90
199 551
577 372
50 62
157 325
154 299
354 209
575 351
146 514
316 23
27 396
97 571
206 464
222 181
424 501
172 531
70 426
586 368
561 183
25 37
249 96
552 196
202 577
67 527
191 304
470 428
554 123
138 272
573 512
541 147
134 161
0 163
315 308
200 316
576 157
401 179
556 557
378 81
241 446
359 374
358 525
297 522
16 439
65 229
260 426
514 162
527 268
518 535
340 453
169 259
160 257
320 52
261 252
71 559
319 553
440 407
36 38
516 350
82 308
408 269
61 446
72 514
349 318
558 171
275 89
378 319
278 231
187 331
4 562
506 381
459 372
212 73
246 251
274 82
157 114
93 76
152 105
476 37
514 319
2 81
314 73
115 385
591 129
272 127
80 90
44 434
140 56
231 23
82 250
390 287
187 416
322 289
198 322
19 120
288 249
450 486
573 30
88 201
330 266
129 127
157 43
241 291
195 414
390 363
566 496
316 348
3 549
528 188
438 395
261 454
359 45
590 409
545 318
471 535
283 143
495 361
557 513
82 119
484 463
360 426
417 473
547 587
91 65
193 62
460 70
161 268
207 578
57 142
199 397
535 261
246 419
4 225
320 375
462 10
501 113
418 379
354 180
14 108
412 500
271 347
254 336
386 134
563 560
506 173
17 196
485 87
510 434
182 434
107 219
197 421
420 530
391 471
457 537
109 415
83 271
71 579
542 323
434 514
65 125
379 33
306 330
440 307
19 156
305 543
176 152
468 26
273 576
288 508
532 223
14 434
565 516
2 190
386 259
177 541
170 214
320 592
547 489
439 539
176 573
440 530
220 519
122 98
421 187
73 394
264 330
8 569
137 265
176 33
464 6
194 16
296 83
39 200
172 306
45 445
78 527
227 208
101 8
44 340
423 552
401 473
1 65
247 315
379 196
565 99
356 190
171 138
196 440
461 463
339 128
101 365
88 108
220 139
279 468
190 36
482 309
410 449
3 416
23 514
432 436
113 357
237 546
258 304
367 470
554 561
83 260
497 388
591 164
130 419
268 200
227 34
524 78
468 34
395 168
513 85
68 439
307 205
467 500
559 330
210 80
547 166
441 99
571 469
18 460
213 3
413 2
280 64
226 174
59 469
148 170
488 101
492 245
82 327
549 68
275 354
0 217
598 354
185 402
410 255
313 528
389 209
287 452
306 199
251 220
528 445
546 495
535 371
474 201
518 489
468 58
169 240
340 272
23 386
252 520
351 390
579 88
150 544
45 366
564 6
163 115
110 518
272 357
139 9
550 145
530 235
124 327
598 588
79 348
236 495
271 84
596 422
290 143
497 45
567 598
261 336
177 293
533 163
65 426
384 374
270 185
233 571
207 387
124 89
431 231
115 255
458 400
341 35
451 336
205 150
108 476
195 209
386 442
440 542
250 58
151 588
208 35
248 544
266 508
437 166
390 525
126 501
468 227
37 460
373 128
354 313
284 412
352 137
175 456
244 38
453 62
374 206
107 236
32 140
308 450
508 119
482 373
493 307
419 26
555 589
448 474
412 577
265 596
357 478
2 459
583 19
24 525
561 138
36 93
472 460
4 374
39 58
158 36
280 260
135 167
17 308
116 191
371 506
256 152
425 424
205 169
450 545
321 47
189 376
148 524
301 177
254 56
109 191
218 267
254 94
305 118
445 481
305 117
415 112
464 402
171 572
115 305
524 504
488 255
304 31
249 194
333 379
397 259
465 5
472 235
434 57
214 161
327 31
597 575
210 173
498 120
443 467
141 254
118 45
563 141
183 542
328 178
476 115
513 506
474 432
402 522
134 453
6 353
592 388
145 580
38 331
42 148
327 138
462 513
406 491
393 50
34 184
402 56
242 114
120 137
480 139
513 328
384 383
114 562
215 36
7 368
211 456
116 545
51 370
105 341
463 67
547 446
474 270
225 434
280 513
80 501
355 185
226 262
149 163
133 350
393 413
101 205
138 289
418 180
245 169
312 364
460 342
587 55
263 525
180 174
483 199
13 96
194 92
269 357
596 529
535 457
311 383
409 274
327 0
531 428
441 37
303 353
478 204
310 0
458 420
96 431
248 464
341 526
122 574
201 388
369 296
329 531
110 598
443 339
275 440
90 121
153 357
315 572
233 553
460 322
309 443
196 286
343 579
275 581
44 145
562 518
446 510
193 476
163 224
502 245
193 65
481 156
460 578
539 470
129 226
194 588
533 505
370 189
82 194
403 186
278 221
125 177
396 311
551 96
62 474
382 532
454 542
531 315
497 272
44 501
121 54
193 465
364 256
300 491
366 554
248 203
210 311
548 571
139 261
420 92
552 495
88 93
399 96
97 332
430 194
391 374
178 363
45 93
356 447
386 562
109 494
263 164
321 259
223 335
327 390
127 2
163 585
488 128
315 218
149 157
429 144
437 79
202 19
453 172
221 310
40 55
513 508
217 271
552 100
571 448
108 280
393 225
492 182
311 349
361 552
121 237
497 547
115 323
353 106
105 396
20 218
538 54
46 406
411 499
412 450
138 192
376 320
71 484
578 574
301 389
109 500
294 478
259 63
88 183
391 136
212 112
53 25
228 48
145 470
43 39
519 392
306 546
551 270
121 131
34 161
296 181
447 69
305 303
441 174
426 541
163 526
597 421
531 229
501 259
9 253
218 319
182 99
430 76
36 285
156 0
305 541
319 126
95 50
311 556
490 367
356 348
533 581
587 336
124 313
466 89
515 293
442 84
241 96
449 118
497 257
115 224
499 93
546 174
46 114
470 338
45 139
42 161
399 146
198 523
70 461
104 204
24 69
143 383
38 462
41 208
169 127
170 442
175 182
119 209
188 475
200 95
228 404
499 479
120 519
42 463
48 87
380 561
160 545
146 410
261 237
593 187
1 524
90 53
55 49
178 400
265 348
75 344
278 581
76 40
302 397
376 576
307 404
186 3
387 348
265 523
74 385
65 310
483 551
93 194
534 561
124 566
380 337
230 399
591 534
189 209
181 424
125 547
110 523
221 344
115 118
437 462
457 35
18 189
241 555
475 170
152 400
88 362
251 598
1 348
521 131
556 296
176 580
425 366
24 336
259 557
108 172
388 347
257 377
357 345
220 167
246 207
134 541
380 131
139 29
365 385
549 122
542 471
90 48
46 529
75 523
591 258
329 68
353 322
318 412
125 132
291 583
480 573
447 395
86 468
427 279
285 9
248 409
406 224
169 550
555 316
256 373
187 579
498 287
512 22
179 163
1 373
371 464
405 435
152 535
271 455
436 28
189 263
215 397
148 99
575 197
388 182
77 255
578 229
16 569
517 588
547 279
97 109
256 326
468 16
291 592
178 114
574 401
81 348
404 225
365 520
135 391
575 19
23 224
137 563
422 409
306 268
175 35
578 255
574 222
170 396
547 19
376 268
201 443
68 445
213 494
348 303
416 244
319 149
406 63
249 545
12 514
527 59
25 106
80 216
431 159
581 332
40 511
276 373
328 524
315 591
94 253
348 176
354 128
367 97
368 181
70 48
522 77
382 499
87 599
330 550
317 564
479 198
450 544
375 421
193 5
302 275
113 24
215 416
592 561
593 468
51 265
304 141
233 134
270 496
153 356
250 225
305 256
420 175
232 54
322 378
195 423
19 420
68 395
564 12
483 74
537 502
544 596
456 520
387 433
581 388
5 0
45 534
141 136
364 266
334 106
243 204
328 70
161 493
176 335
182 151
120 229
138 438
268 95
179 81
202 515
445 232
20 441
49 95
359 219
323 408
431 267
449 212
61 350
455 48
242 162
2 218
545 385
134 406
324 269
379 285
60 253
490 300
281 489
525 444
569 28
210 230
375 116
54 553
140 283
414 64
510 346
447 331
501 461
93 528
499 561
383 509
348 544
558 279
35 526
521 23
209 303
537 265
28 167
413 7
67 478
404 94
113 493
298 470
558 567
172 297
34 67
192 376
162 420
508 3
162 68
229 300
379 530
190 533
559 146
565 511
86 299
494 43
96 237
488 435
416 334
70 195
512 594
423 505
464 9
425 3
365 103
37 496
459 98
510 330
299 123
50 44
275 122
205 522
597 582
456 505
325 221
559 190
5 423
491 189
554 225
37 168
173 124
469 332
29 223
51 27
342 543
445 266
550 62
522 362
292 310
247 369
495 367
180 49
86 355
472 314
237 195
383 553
462 57
199 508
99 295
36 288
425 474
207 23
276 26
595 22
204 387
271 224
211 346
152 477
47 45
207 420
237 33
335 596
24 122
561 252
159 245
521 170
7 394
493 578
157 372
429 193
452 359
539 162
109 10
516 504
497 315
308 196
298 504
0 429
283 42
129 135
340 295
330 171
484 229
217 4
264 93
420 212
65 209
373 97
144 27
537 133
313 183
345 178
537 441
567 140
176 87
525 440
161 86
540 499
555 546
68 343
133 269
575 339
113 535
375 378
163 180
82 588
396 417
469 231
234 326
458 425
76 321
292 340
330 19
487 128
267 100
454 511
592 554
508 154
14 257
155 110
388 244
471 119
188 236
475 229
362 310
310 202
43 401
564 364
121 434
230 127
451 593
372 391
115 589
338 326
37 62
274 308
439 204
358 575
419 547
119 476
208 55
546 29
416 69
487 525
361 259
138 499
538 166
406 555
132 186
341 18
236 246
106 408
54 329
137 440
402 197
549 423
242 215
264 235
223 276
192 404
139 56
393 529
156 114
365 437
22 365
400 237
153 415
195 400
324 45
363 210
514 335
558 563
217 562
239 521
532 239
143 172
507 456
221 590
529 11
293 301
523 505
82 237
540 151
281 66
449 279
350 122
25 155
17 50
430 30
525 443
82 22
171 478
461 397
255 22
562 5
587 550
227 0
401 441
395 16
46 368
216 364
47 308
337 548
47 228
324 433
173 594
45 580
385 242
430 276
36 239
215 136
194 251
29 286
378 192
9 169
587 148
352 540
468 69
564 157
425 224
72 548
260 524
395 525
331 498
443 453
400 331
507 597
229 299
205 540
230 154
61 93
249 63
567 26
500 423
2 472
69 557
336 175
581 549
485 265
162 232
401 188
337 98
470 511
221 65
262 597
380 8
522 462
565 390
286 62
255 236
228 597
207 10
214 194
293 267
358 546
55 217
277 537
555 461
218 564
197 163
486 537
232 333
559 113
141 447
301 331
241 193
437 66
307 336
377 190
196 298
385 450
597 214
235 317
227 210
446 166
222 546
447 536
379 598
288 29
114 66
368 253
32 254
24 332
338 598
88 101
285 289
398 336
334 386
76 443
427 554
441 141
355 295
314 285
166 329
417 561
384 462
99 566
232 356
332 311
184 321
322 418
296 242
169 251
215 151
557 204
317 420
538 483
163 400
48 98
261 224
281 569
417 330
21 280
331 181
309 129
393 252
95 84
139 218
65 321
542 242
522 565
385 515
521 483
345 1
75 375
472 91
118 210
413 475
108 292
152 397
373 78
475 332
383 129
103 438
562 551
497 121
582 451
166 227
549 90
214 35
50 434
232 360
109 183
443 559
367 112
22 570
52 186
221 28
8 222
206 363
447 232
546 241
43 512
237 32
492 470
244 484
509 101
443 512
285 334
180 236
1 365
464 129
121 96
43 340
442 509
399 373
583 12
364 165
141 216
9 0
210 459
23 586
210 437
361 329
438 533
17 327
43 251
395 279
309 197
244 492
547 397
30 151
161 362
372 94
396 348
64 322
422 519
444 102
577 595
202 428
336 560
435 96
370 445
559 314
307 252
478 169
364 62
252 128
525 438
335 226
460 535
477 541
276 63
398 373
593 316
200 98
185 574
594 583
463 422
521 461
592 332
226 390
344 285
599 539
34 257
434 520
340 356
209 580
408 543
469 432
494 27
159 120
251 77
272 531
373 581
240 181
199 259
476 489
418 467
472 96
222 560
401 391
318 246
194 352
73 16
559 480
87 270
356 392
437 29
191 266
396 233
110 482
105 334
166 208
55 459
7 3
391 95
73 537
553 197
490 443
172 533
250 153
221 469
262 476
33 523
91 544
447 597
469 160
123 520
398 506
552 124
440 406
548 537
44 395
117 308
472 140
473 108
221 128
453 392
261 214
530 346
123 404
392 266
317 141
185 448
178 204
90 324
211 79
415 204
17 455
142 531
263 562
412 345
32 513
456 50
69 20
151 330
568 142
428 360
539 353
123 562
200 359
89 306
211 495
30 462
460 479
347 338
186 545
513 471
492 579
376 493
331 382
181 433
39 56
455 338
262 376
356 199
125 66
410 373
143 4
131 253
232 111
94 234
379 232
101 171
150 301
67 413
374 314
521 248
89 327
363 72
305 234
313 25
520 585
388 113
38 233
464 197
126 128
190 571
28 181
487 261
552 95
147 66
228 449
391 364
420 72
460 592
557 242
269 210
207 302
475 55
572 76
453 211
479 359
86 215
483 158
386 183
63 69
498 577
141 71
84 30
481 453
246 216
368 158
172 42
261 581
100 459
417 184
124 483
481 160
540 413
215 262
470 391
81 264
587 567
502 511
382 572
517 344
81 344
307 469
343 320
79 103
297 107
459 502
514 526
480 95
276 112
426 103
42 184
265 493
522 455
436 260
521 117
283 178
151 63
501 274
404 456
1 439
337 370
320 277
362 441
510 376
139 320
134 381
224 202
302 545
366 73
262 168
273 403
589 599
419 34
344 420
169 133
444 566
533 101
561 467
546 300
14 259
412 112
576 119
375 294
280 184
260 578
121 362
147 153
179 296
210 380
14 170
503 367
502 449
106 466
594 411
128 111
319 506
554 442
22 334
180 220
134 300
411 320
287 265
502 243
548 198
345 480
91 23
109 160
309 140
584 546
517 426
23 148
341 579
390 337
169 417
195 527
136 250
544 90
396 551
31 225
278 86
316 369
191 390
584 30
242 530
440 97
199 534
265 486
27 63
497 324
66 97
107 388
516 332
142 45
405 379
167 60
453 551
163 495
225 334
207 507
451 134
207 51
385 122
580 402
252 221
32 181
74 34
303 187
346 303
197 109
488 167
344 236
68 60
123 291
323 348
320 461
232 300
377 537
416 87
272 238
412 163
151 378
277 453
338 438
443 398
119 267
472 36
587 277
471 86
371 202
363 589
95 221
579 532
305 471
263 554
277 595
475 103
579 578
595 109
38 333
217 20
84 216
513 598
254 332
245 563
128 390
171 525
267 85
575 526
318 579
327 42
59 482
576 17
389 529
316 207
452 172
592 76
148 575
18 124
270 445
32 212
42 146
198 88
33 118
256 367
85 131
235 65
121 154
210 217
95 587
390 465
483 497
142 344
148 528
293 262
469 254
243 448
390 46
393 100
430 278
421 344
154 456
369 42
13 473
243 65
479 124
55 495
25 39
35 413
155 321
30 348
237 215
398 435
218 334
105 513
6 503
388 481
573 568
150 535
597 204
84 261
211 104
315 388
27 344
217 414
592 411
137 273
427 8
552 313
337 569
197 294
279 559
229 429
80 360
152 359
467 164
251 27
116 143
436 238
313 293
572 312
53 116
375 257
242 336
309 569
319 454
497 505
421 52
479 445
483 171
507 68
581 436
526 173
95 223
210 73
169 254
117 345
96 574
337 454
554 387
5 302
534 167
361 91
372 240
558 191
20 597
460 321
571 119
177 546
198 296
361 585
234 540
358 225
367 385
263 548
549 83
390 334
379 255
505 545
390 167
97 448
521 524
474 221
475 307
38 569
156 166
487 449
132 193
535 201
121 580
87 430
438 554
181 35
18 567
349 417
528 31
544 286
2 268
383 439
520 0
300 563
523 231
485 526
151 300
540 252
188 392
30 43
2 153
535 173
135 565
313 131
572 347
21 408
496 303
348 564
176 528
402 544
568 107
275 383
396 215
597 50
425 524
579 39
538 247
222 380
307 467
411 384
44 56
199 119
51 72
10 316
450 496
505 105
241 84
196 211
290 381
338 165
27 541
447 263
457 2
250 59
246 485
146 189
173 334
525 159
16 293
154 228
145 496
206 317
174 416
234 318
134 308
496 261
305 110
425 294
50 498
415 17
29 399
128 228
291 238
51 143
372 181
370 336
26 316
448 208
464 86
94 92
527 25
521 357
187 241
373 461
301 158
142 465
296 539
25 308
388 293
543 384
516 461
148 584
364 586
153 488
284 521
46 434
403 486
76 325
40 258
35 297
247 268
560 237
131 361
121 571
327 538
226 512
248 460
160 390
239 181
540 452
26 423
324 95
267 508
217 532
209 160
577 63
55 50
40 486
57 174
61 412
226 98
248 445
87 418
562 79
303 230
69 62
289 382
17 533
577 271
593 39
137 198
305 76
250 270
222 336
115 497
534 82
201 212
135 566
480 122
463 470
338 293
353 366
566 516
251 588
387 211
424 153
1 451
376 322
561 114
301 12
336 35
176 99
166 132
243 197
98 524
35 489
337 181
94 587
411 477
131 68
211 568
309 156
148 157
516 517
290 261
507 598
129 432
73 518
583 147
232 570
34 329
257 436
545 423
259 447
320 78
446 319
331 353
522 525
110 135
384 476
505 535
479 586
302 561
7 188
321 587
586 533
144 208
554 553
42 58
290 596
206 13
442 381
195 110
288 94
579 158
224 369
226 448
520 386
107 113
201 65
311 158
397 455
207 294
501 339
181 178
186 185
91 349
17 561
382 49
152 178
186 222
259 445
255 37
141 214
26 436
445 336
136 484
266 263
362 205
473 468
123 244
508 89
355 258
35 598
140 466
317 133
140 496
361 105
289 41
496 41
448 237
41 203
273 471
581 340
502 503
598 599
546 589
203 499
545 590
141 536
341 464
559 105
516 499
448 481
212 296
42 431
336 44
74 476
574 62
259 142
224 211
177 255
129 27
71 486
277 490
94 513
92 182
484 395
588 198
67 435
546 551
505 198
280 48
6 261
536 369
463 383
214 578
55 578
330 60
352 129
11 116
574 462
594 218
434 26
504 163
112 317
204 302
388 310
263 517
236 554
32 516
143 287
218 416
207 131
297 353
377 590
147 461
272 397
395 413
457 460
186 368
214 156
120 131
324 331
67 518
400 45
193 226
108 217
156 297
492 506
205 415
329 204
287 496
99 263
406 469
37 246
427 421
303 410
153 131
574 81
560 76
171 587
75 172
242 424
578 353
427 486
330 144
510 272
103 159
517 448
390 157
333 249
251 14
545 182
455 75
276 173
558 7
95 473
273 508
173 76
156 343
299 121
196 329
184 481
86 345
65 454
594 311
374 301
572 285
483 130
469 93
535 480
523 187
435 108
452 240
293 214
140 373
302 322
68 154
180 20
49 210
536 594
408 266
152 342
491 367
77 405
372 419
382 477
141 221
184 318
21 350
457 554
304 296
176 108
146 529
319 286
373 31
335 143
376 321
523 169
6 454
384 396
379 36
460 358
456 206
225 247
175 109
69 275
396 88
547 335
305 395
491 41
495 274
112 188
537 576
308 161
12 154
569 342
257 193
150 196
55 572
64 294
259 49
333 109
307 276
297 342
102 299
529 336
566 253
525 278
309 424
336 215
344 99
545 87
342 269
264 295
542 120
356 8
197 140
267 15
71 90
567 3
20 3
349 266
447 153
91 171
481 585
20 360
372 231
408 61
455 63
189 14
269 154
37 415
541 206
435 236
238 500
414 562
401 17
430 81
212 342
80 482
558 498
274 515
319 469
134 165
6 212
67 193
427 368
37 151
551 236
254 150
66 519
214 168
320 17
482 45
55 348
299 160
407 372
147 335
6 333
538 583
443 68
567 244
98 475
384 584
536 410
314 387
296 138
136 380
423 364
124 362
402 432
331 466
476 16
31 382
474 271
304 113
582 72
43 537
378 235
287 451
352 81
52 410
597 333
362 488
211 563
136 291
445 129
418 21
260 119
396 394
567 364
506 368
123 591
268 372
331 268
337 552
365 539
553 12
462 4
225 512
356 54
221 368
236 227
13 525
59 207
405 464
64 391
278 520
66 417
278 56
488 113
54 595
255 344
135 242
557 177
171 72
249 276
345 278
168 73
588 21
33 353
172 398
377 525
399 346
265 409
333 183
52 80
68 101
446 334
560 158
222 506
43 151
253 305
447 325
385 481
15 276
213 453
26 227
370 83
29 330
487 408
577 120
34 492
286 540
111 46
377 517
596 316
422 384
518 362
442 426
315 76
549 92
165 259
402 283
433 449
134 50
321 352
486 570
530 358
388 358
548 117
124 218
438 96
200 539
10 445
379 145
230 338
386 590
430 55
149 214
390 189
92 17
234 248
417 365
76 434
151 536
315 353
197 234
36 79
340 327
596 371
381 163
381 344
47 238
59 28
210 233
158 127
322 177
570 53
509 223
320 113
497 234
216 4
524 588
376 366
159 328
75 152
308 557
574 337
305 505
484 53
2 520
288 585
32 126
228 98
0 172
245 372
31 117
370 88
490 296
564 240
254 573
89 317
223 410
487 3
143 581
52 266
213 143
145 511
219 244
382 240
535 80
282 495
425 32
188 441
440 284
387 440
211 477
507 122
324 370
547 395
581 337
334 483
344 73
373 200
94 191
576 553
41 221
366 477
8 521
324 525
271 412
112 299
101 337
257 403
36 138
535 571
128 406
153 140
40 15
230 64
370 241
50 191
25 254
389 146
372 585
500 306
237 544
508 198
157 589
573 413
300 513
295 427
192 75
529 489
33 328
169 13
452 366
329 235
194 525
258 185
14 475
217 247
104 238
324 327
275 24
478 580
298 471
113 91
295 595
249 441
192 430
143 321
147 456
339 503
550 376
457 194
296 573
200 501
488 513
473 530
148 380
585 495
69 436
572 249
160 341
379 30
79 189
375 67
266 87
549 570
441 166
33 160
593 479
468 357
133 267
1 554
1 47
416 579
521 365
348 423
482 69
523 162
546 389
455 580
212 42
513 232
369 510
567 47
417 554
397 55
569 563
507 237
539 211
366 474
506 246
531 551
594 65
142 163
185 427
417 129
504 174
63 333
275 457
269 591
554 164
486 405
388 552
25 545
274 544
332 463
518 575
513 177
130 216
525 583
516 346
80 129
136 361
315 416
573 249
268 347
175 487
64 334
363 208
191 241
497 246
556 407
416 306
549 525
287 576
564 41
537 574
478 138
591 590
497 410
2 344
533 482
266 549
295 432
521 488
494 1
235 432
594 448
459 316
177 358
129 349
586 128
253 320
25 243
408 264
549 60
62 285
284 384
391 361
0 269
120 400
199 32
335 106
380 88
536 278
211 301
228 117
109 387
589 298
294 426
569 466
402 139
410 97
561 117
566 414
497 339
301 492
191 547
530 162
157 59
39 100
192 251
238 259
130 239
431 364
119 84
45 209
207 256
526 106
518 442
274 449
211 323
300 129
151 551
333 331
563 418
326 40
287 594
97 39
569 382
593 544
216 397
44 420
85 306
514 523
91 326
363 195
162 174
472 254
183 284
131 90
543 372
410 273
562 435
284 73
314 206
491 390
392 389
98 55
149 325
122 23
500 347
358 373
67 394
578 168
395 121
259 193
331 537
314 171
578 360
509 465
370 411
283 490
324 184
372 14
277 197
238 226
317 576
357 499
101 242
127 461
557 217
337 214
83 412
117 425
495 127
176 240
146 122
205 472
25 291
555 83
562 250
100 496
371 30
278 413
348 27
550 110
534 473
535 281
134 65
91 291
96 222
537 249
249 196
75 555
556 449
94 456
284 562
551 517
327 224
200 448
436 287
566 334
582 290
211 565
119 363
240 224
42 342
394 154
219 254
18 595
61 44
275 519
478 320
446 156
119 387
399 154
212 503
392 599
315 173
317 312
275 362
187 232
198 220
330 406
166 86
416 296
236 377
446 225
363 457
146 242
444 118
106 311
505 457
138 128
260 16
284 200
566 510
520 308
24 339
581 519
341 544
536 269
138 564
117 150
269 221
259 137
309 106
41 581
8 570
290 386
293 411
286 389
88 26
84 577
323 400
232 527
63 321
445 111
427 387
296 517
63 215
558 497
536 247
127 103
212 23
264 249
527 343
401 51
599 573
76 527
388 204
329 96
108 363
48 325
454 323
29 177
407 381
24 87
32 105
277 230
358 320
229 122
45 449
371 184
169 171
96 455
362 508
250 273
519 282
201 132
273 350
31 110
36 143
202 58
545 357
494 501
65 206
493 528
218 275
33 257
117 229
341 246
48 130
94 523
36 511
483 66
422 120
130 276
398 199
262 110
524 184
85 254
508 131
40 599
303 577
513 194
272 247
89 79
324 282
250 126
7 329
487 404
151 241
54 561
156 68
223 281
224 289
252 575
29 427
64 491
504 220
61 477
55 45
24 279
206 232
316 383
335 288
503 559
403 314
317 484
19 236
574 114
544 201
437 91
283 91
352 228
99 136
598 138
59 549
52 256
494 7
400 95
294 218
252 47
113 416
573 209
418 116
252 491
431 503
301 123
237 41
328 414
368 43
534 201
141 542
221 482
196 426
296 505
472 376
98 484
581 300
303 388
560 464
369 323
239 451
426 320
276 584
89 257
470 542
459 509
411 562
348 179
426 399
428 58
367 21
385 370
445 326
335 163
526 197
366 251
545 155
10 99
43 88
178 482
221 530
142 361
0 397
258 578
203 30
9 10
582 592
533 71
46 348
390 108
488 405
134 111
216 305
457 207
568 369
392 6
591 132
416 453
483 506
503 95
438 483
525 261
501 247
31 2
486 164
119 170
446 524
135 324
298 379
349 48
439 559
568 134
99 164
497 224
527 444
370 596
391 43
379 207
242 208
172 158
204 318
495 483
84 579
74 64
282 399
463 517
415 569
416 331
294 185
189 186
257 402
336 595
82 37
293 46
311 300
282 401
465 279
529 398
85 577
176 435
198 383
274 358
213 401
80 153
12 57
360 587
237 256
307 24
423 225
331 325
0 392
239 110
499 589
454 392
270 443
143 0
379 338
219 537
90 293
261 135
259 286
350 57
416 464
258 177
38 371
137 385
455 552
79 177
546 243
122 82
474 471
180 3
305 394
145 378
43 194
330 473
388 533
73 109
195 304
567 260
146 243
370 313
247 188
495 385
95 72
324 124
297 498
448 530
489 105
162 12
202 550
174 556
534 134
438 396
107 424
29 0
197 48
560 331
439 449
367 22
145 58
466 262
255 110
184 189
393 204
263 585
178 460
282 243
337 146
74 73
107 472
45 348
162 335
124 141
598 363
45 546
149 132
351 268
436 365
2 495
23 210
60 332
57 52
452 277
463 161
416 283
559 526
327 598
472 534
121 570
500 464
388 18
35 483
556 47
166 303
302 325
479 562
51 239
487 64
191 240
230 440
428 457
4 398
251 593
490 172
17 218
308 233
127 429
416 164
398 287
99 188
60 210
445 127
154 187
282 45
121 439
83 80
527 194
190 348
52 423
324 65
249 107
366 484
246 598
7 162
261 423
146 403
284 539
246 160
80 124
515 481
226 438
471 121
358 241
556 423
60 206
341 384
486 496
298 566
279 519
168 257
88 234
66 295
28 428
143 304
268 275
337 453
89 227
249 267
200 412
595 228
216 205
235 382
459 49
535 165
323 528
428 579
208 19
187 335
171 245
104 289
412 395
419 393
351 287
256 597
402 314
371 366
118 72
299 44
280 125
39 71
308 465
2 384
563 179
378 128
84 439
272 293
458 391
593 102
516 3
27 196
238 417
91 106
0 185
471 362
501 159
378 118
313 187
56 409
444 380
219 492
511 46
383 462
318 356
539 210
435 41
87 124
114 344
250 77
442 253
373 138
534 464
33 71
248 45
592 427
107 432
310 594
339 331
213 411
529 287
115 568
388 420
338 443
310 364
145 124
156 77
410 247
149 85
291 499
237 402
201 344
471 41
83 273
240 476
405 285
84 304
306 228
308 586
548 352
53 115
473 424
315 231
510 416
29 543
49 488
179 347
418 129
263 587
36 114
343 205
387 117
549 217
522 589
522 363
22 186
305 7
256 451
151 245
120 66
160 451
82 523
315 489
480 116
85 431
366 497
369 28
25 76
396 264
215 387
410 69
140 384
390 485
103 165
316 490
467 275
581 541
416 396
343 507
337 218
455 171
148 146
107 582
367 440
394 332
541 88
96 452
500 216
210 203
150 413
120 184
311 68
532 289
352 348
301 453
577 293
514 407
565 1
201 111
461 518
24 54
465 150
62 470
134 182
501 392
354 351
469 146
171 143
527 139
334 194
222 220
307 258
212 536
342 65
208 261
326 264
158 375
198 135
298 83
387 517
36 309
70 39
461 38
370 140
92 158
316 416
75 557
501 355
315 543
9 41
508 36
78 420
67 14
571 19
71 573
268 69
171 159
85 494
576 318
133 262
528 467
477 203
577 537
578 42
595 550
89 255
544 569
158 427
61 445
497 520
589 596
529 556
275 166
281 505
155 194
135 551
434 310
340 132
108 449
541 377
227 521
505 451
464 196
246 104
511 477
363 299
433 389
547 216
102 123
378 376
485 489
90 436
443 161
398 58
59 267
10 4
250 558
294 487
590 289
73 249
130 205
572 476
456 63
362 375
599 460
462 306
341 379
357 301
408 41
487 218
170 453
164 395
157 536
217 266
483 348
313 91
322 126
308 403
61 272
410 329
185 302
224 290
316 258
275 493
7 411
63 195
419 352
428 159
75 289
556 37
66 504
306 459
385 23
283 504
597 45
135 284
400 69
333 51
157 333
482 274
217 27
412 77
85 296
130 409
55 120
290 186
235 262
225 229
65 115
53 540
575 13
206 248
366 482
98 412
58 554
432 27
122 578
437 569
153 3
74 79
199 498
54 452
91 452
424 351
47 188
326 395
191 456
571 331
522 305
447 323
224 58
549 507
414 531
151 27
339 257
350 220
207 392
311 480
584 215
246 136
541 278
66 246
473 234
41 114
347 406
315 441
349 22
83 597
20 121
305 548
348 362
499 571
17 200
39 220
302 595
264 113
185 181
519 577
598 238
595 113
43 67
527 360
116 493
84 500
516 171
21 585
32 551
130 129
71 572
489 319
83 488
8 65
353 542
276 427
437 99
143 341
382 122
20 584
360 191
529 419
426 359
202 66
402 503
85 517
252 60
109 30
402 390
85 512
105 13
36 4
52 154
310 393
531 396
229 42
100 292
504 29
542 222
63 53
129 499
21 548
348 259
406 278
31 470
467 553
253 183
64 301
490 23
138 320
144 560
586 158
99 540
555 311
389 372
185 112
34 64
302 221
547 377
113 459
249 149
326 589
466 522
580 117
465 423
537 361
201 117
24 256
495 429
70 60
352 460
476 73
507 587
147 267
216 128
60 436
296 336
81 502
86 477
310 42
129 227
509 75
57 177
147 249
30 484
296 471
28 72
252 304
94 406
187 296
88 298
12 527
31 479
211 279
103 558
406 227
222 459
336 168
360 84
318 63
101 468
64 410
568 17
67 366
377 2
244 111
353 311
79 543
72 235
545 494
323 491
517 336
33 98
503 91
553 350
524 307
103 119
381 464
304 532
596 124
403 97
50 38
69 39
287 89
44 51
490 274
44 497
378 18
297 64
297 592
204 561
569 162
327 155
361 233
215 488
130 592
341 117
162 90
210 303
33 494
584 199
228 205
243 543
154 432
514 402
508 462
331 488
90 536
287 565
475 276
242 541
515 14
156 277
227 312
572 457
197 119
498 128
223 176
465 500
112 165
497 446
598 206
558 69
16 387
265 125
134 272
385 158
315 130
478 511
379 545
420 424
560 227
20 268
224 172
573 169
1 229
161 173
503 25
62 284
306 527
47 596
137 151
139 416
405 478
294 588
575 515
484 543
377 337
328 456
74 522
267 502
571 483
338 9
63 208
480 351
28 154
46 347
423 219
458 517
330 2
6 249
56 275
355 362
377 222
