1200 3000
264 42
864 941
103 1114
185 822
74 266
79 1070
636 106
485 494
915 999
334 650
245 130
787 662
165 1080
403 123
388 544
450 1167
121 1004
634 649
1011 187
708 811
1128 244
1003 769
938 592
484 223
316 644
1052 346
879 757
462 537
501 876
460 607
265 671
266 446
148 895
640 956
509 591
536 73
593 318
94 951
731 128
1027 930
802 187
963 902
666 1125
261 357
693 595
613 264
1054 237
607 848
1178 103
119 73
653 786
931 58
394 1157
898 611
1185 15
955 37
1166 459
182 53
746 1039
456 261
1183 963
635 1196
626 925
141 975
210 762
1035 651
865 1073
1066 255
528 1173
877 129
207 963
1171 692
529 418
375 1043
69 364
828 65
100 905
802 414
214 283
866 989
277 790
684 512
1130 767
731 242
802 118
414 658
865 51
602 496
1170 168
443 114
763 495
83 154
674 1025
1067 927
693 569
374 810
553 276
1133 856
1090 702
770 686
408 1111
196 441
844 19
635 1174
921 31
705 1141
1045 844
268 1035
850 76
888 1015
764 340
1146 1039
542 808
314 82
417 238
332 1182
310 445
351 824
705 41
714 278
560 10
996 89
444 1114
202 564
955 797
421 894
46 1072
541 781
639 1097
1083 101
488 838
772 480
571 1127
153 107
625 1144
98 470
720 438
973 661
1145 9
1137 269
718 1188
912 126
393 685
22 806
32 197
703 980
181 468
965 133
245 118
925 559
282 154
915 1030
1065 59
436 558
348 63
1195 1118
775 917
820 273
832 1168
800 292
468 347
1070 1023
576 993
105 992
342 325
744 841
444 254
777 548
1011 1073
69 553
58 444
283 581
802 459
555 702
857 1076
425 159
817 28
300 532
122 851
471 332
644 988
18 546
892 160
745 1064
20 590
1096 990
123 546
244 1042
890 151
980 953
983 857
438 1156
560 791
742 632
439 621
661 841
91 672
52 578
48 766
858 157
1122 391
1018 1158
298 1148
631 1004
18 717
964 1057
140 965
900 936
1176 829
267 796
323 52
163 100
584 1165
1067 1087
405 275
449 413
742 463
19 515
978 1186
747 246
1138 189
150 783
984 901
1144 825
1095 324
745 202
605 637
1188 1056
370 917
554 710
475 849
521 77
935 1194
972 939
735 116
322 247
847 875
760 97
187 493
792 488
525 173
988 193
742 771
53 173
375 1079
613 1014
172 364
864 614
483 131
1160 258
454 741
118 260
775 1170
1163 1182
485 555
595 135
179 155
340 740
542 360
306 143
805 317
857 447
274 630
1004 519
381 1091
939 630
992 726
561 672
136 1032
474 611
198 256
966 471
929 435
933 949
746 672
384 733
29 559
243 291
455 136
1002 1119
180 178
218 966
985 984
1032 761
398 765
158 425
924 269
528 1110
534 198
196 407
318 412
795 853
873 441
388 121
702 141
580 775
1175 138
566 697
278 609
1078 1136
234 558
955 827
338 482
475 946
1041 428
740 565
217 891
273 747
971 905
566 509
639 1003
583 986
816 1122
610 89
959 1050
165 433
527 870
520 1125
509 893
136 863
514 570
636 588
1013 1184
725 923
188 773
841 649
544 901
113 1
322 105
725 440
951 38
962 382
472 861
798 441
859 97
160 425
747 768
272 97
300 121
361 923
87 999
543 762
1117 1140
461 201
709 504
853 1070
1033 192
459 440
186 1006
391 1019
854 423
1051 127
150 101
781 855
929 114
1055 1156
124 679
246 525
560 1195
1046 135
66 745
853 368
251 555
460 1128
990 118
1124 969
169 1015
754 1124
1143 124
6 896
298 954
709 447
684 494
1113 1030
722 1040
35 893
518 599
561 405
11 1132
788 36
753 246
77 1105
743 615
463 495
131 665
881 357
872 1015
238 725
523 795
214 820
845 1037
989 572
99 1021
1108 1174
999 801
1034 162
505 555
416 889
59 754
86 415
781 136
1106 973
956 629
211 747
215 30
548 1013
983 198
648 912
86 670
1002 162
166 527
27 40
417 907
1190 549
1139 1013
307 526
564 695
56 1054
780 420
749 1111
327 956
542 845
418 51
967 168
762 880
265 580
741 372
729 912
348 174
387 869
765 1077
191 929
1105 424
1120 87
200 599
268 653
961 75
1017 1150
459 37
1029 234
336 945
812 897
235 596
244 651
613 114
511 1094
569 680
929 202
874 330
1138 1160
686 411
923 337
502 1126
450 587
359 999
798 46
171 704
726 354
455 666
742 1118
729 771
875 139
639 552
700 355
163 1117
1165 324
1078 587
271 750
633 305
619 41
695 386
809 185
111 579
236 504
1112 174
1129 885
635 670
112 119
1026 455
1123 404
11 37
326 205
667 516
968 540
895 297
666 1174
1134 1057
938 189
678 974
996 1152
507 66
331 110
383 1087
1051 39
574 174
486 86
666 747
816 34
1080 506
1170 953
134 1092
345 248
27 216
292 200
59 1109
783 578
179 596
923 1019
860 1174
472 1124
828 991
523 341
812 1076
481 1051
687 132
318 85
1104 46
466 695
784 390
865 497
964 656
663 233
281 185
1133 944
652 712
461 343
1059 892
1128 134
1014 1169
455 537
162 797
370 1056
847 542
728 834
465 364
463 1154
28 1156
816 245
140 51
122 649
451 159
991 518
53 1047
308 774
438 749
305 198
1122 981
1167 78
1153 74
133 747
1082 57
485 386
914 1104
380 641
329 173
962 1037
903 138
392 1063
691 760
577 369
514 702
31 387
571 640
1132 1187
1017 1108
264 875
314 80
306 678
32 932
789 514
385 490
689 700
885 65
250 1128
350 157
1140 144
1139 821
253 982
740 584
1015 809
381 598
606 618
75 928
853 689
619 468
255 1016
681 1191
771 148
1142 299
674 818
1010 642
414 996
1147 199
449 109
182 744
469 820
534 749
808 193
333 858
1145 1044
718 1041
1194 467
563 455
988 95
1043 675
995 255
853 703
475 252
1191 988
139 136
449 235
215 1077
1178 754
1 444
408 929
1045 730
0 729
15 178
503 27
540 508
1045 220
614 55
295 248
420 463
191 1009
559 707
207 1121
183 610
260 306
1098 629
866 779
591 961
345 489
281 1052
8 919
554 1131
1117 91
330 1118
959 697
919 1164
445 837
942 1166
869 1089
342 875
1098 553
437 1084
580 59
296 525
517 301
76 102
1127 1017
1004 565
713 417
796 569
653 15
761 181
469 354
323 13
673 1171
746 1052
421 714
1094 638
868 937
578 70
707 329
535 190
1141 616
322 708
409 942
517 1172
379 78
964 1129
791 117
680 993
874 728
336 613
81 813
850 758
586 56
1028 354
499 77
802 453
700 988
813 938
297 156
198 186
865 1061
659 455
810 22
762 233
1182 409
611 1150
187 346
624 625
870 36
527 38
321 556
632 283
677 40
249 609
278 689
81 993
266 918
16 626
79 1086
651 1165
977 143
1179 1039
777 845
810 1062
828 714
723 1034
675 990
298 912
647 217
521 780
902 21
1005 478
431 353
608 594
809 987
1056 308
112 1180
1011 1184
1104 905
687 186
225 788
151 608
1189 206
941 114
652 930
49 887
146 499
829 1133
538 194
1104 297
1024 48
1060 1089
714 581
622 405
414 63
764 73
477 1175
866 37
1028 747
463 873
214 440
408 837
341 755
748 848
135 518
11 101
156 151
1095 137
275 88
867 891
726 93
529 686
1088 268
515 88
648 438
522 1119
232 234
1167 281
221 596
586 1139
860 24
595 1064
1157 801
363 800
399 1097
583 254
772 29
921 393
289 186
616 1048
1145 534
376 845
342 892
713 1018
885 1042
666 1074
559 113
695 711
1108 1071
901 711
594 105
651 855
486 904
188 218
815 622
1139 725
422 255
16 292
952 11
683 348
372 527
235 695
78 920
816 1191
289 866
986 862
240 76
386 472
576 465
277 432
980 1025
972 755
1026 349
375 498
1182 149
592 281
158 864
87 17
934 969
909 335
1189 1129
584 13
794 151
596 98
76 1067
560 191
714 129
671 199
985 462
757 128
280 635
909 509
564 1056
769 358
839 1066
285 625
444 70
449 1009
959 816
561 778
46 1165
890 665
50 501
178 235
160 594
713 946
307 554
1169 719
1040 384
804 871
836 1063
873 517
730 889
260 1159
798 746
205 1134
709 208
132 881
742 47
1158 624
579 1011
369 0
1188 1169
110 1051
1178 1079
106 65
135 1039
75 634
823 123
414 717
556 138
690 1176
818 375
1063 25
543 895
390 90
210 8
1060 61
1098 297
14 594
1036 852
877 986
720 1142
764 361
852 452
561 297
1046 1
1134 1096
576 1138
64 712
679 513
203 619
1178 44
1083 754
1140 1073
144 448
565 1080
845 129
800 12
841 805
624 787
7 1164
306 25
798 15
1024 874
909 1150
1043 704
582 693
372 215
1113 49
76 949
1139 379
848 402
247 1016
256 511
663 312
720 1185
573 16
401 58
332 352
480 346
821 721
867 953
1146 29
156 562
518 515
776 193
851 247
768 309
911 30
867 435
12 1063
572 177
501 1091
1018 230
119 900
562 7
239 1106
599 193
988 411
612 903
660 296
1156 1197
367 1041
220 48
1016 396
4 234
273 688
608 428
263 10
120 497
1169 367
130 764
337 949
371 406
578 1144
209 278
596 887
702 429
418 633
697 990
797 658
841 775
1065 1161
368 975
964 671
499 1166
1112 515
1116 582
713 656
93 111
738 666
680 723
43 1187
1057 141
779 1077
226 170
220 55
1044 329
320 255
273 802
532 458
151 745
986 410
721 436
42 562
902 671
947 891
185 516
1068 1012
84 1099
319 47
644 468
1030 441
572 1132
642 1166
875 899
196 873
228 855
304 1191
116 1034
1121 205
773 365
101 628
733 512
523 511
112 581
937 233
1088 133
1044 1147
1014 1141
794 154
995 250
222 641
483 1032
645 1049
406 776
440 1068
120 1170
441 590
138 872
23 1172
899 700
214 896
114 322
623 32
303 746
161 29
280 866
105 475
832 1002
569 831
1168 1153
653 28
139 1111
61 964
631 222
687 789
250 532
749 802
1113 622
718 659
421 926
11 102
499 374
253 257
230 426
868 546
10 904
721 496
969 881
134 182
468 1193
1021 1088
158 1123
89 659
135 788
1038 465
916 1039
1079 585
1107 365
119 421
197 369
684 387
945 866
602 122
395 702
1098 266
871 1114
810 526
492 249
637 763
1169 525
1029 450
422 568
816 162
777 60
918 1037
569 1090
1117 157
384 831
142 791
45 1164
153 405
677 503
294 19
670 214
1156 726
185 502
305 875
586 774
299 842
515 74
516 731
422 722
54 241
803 818
1116 278
505 1020
717 977
557 485
68 858
98 427
586 862
539 1136
494 984
797 229
634 343
189 817
519 259
724 1133
1088 893
935 91
1075 641
87 669
831 217
1190 622
57 747
947 48
1034 494
258 379
819 436
371 716
148 573
586 654
1004 500
720 570
754 179
663 369
90 719
41 559
900 1147
954 446
155 324
482 702
760 55
1192 485
758 87
785 892
659 1111
579 626
255 201
985 361
105 605
737 352
207 492
899 631
838 246
885 1145
249 915
730 519
561 1132
469 881
417 56
897 246
869 480
223 236
17 217
516 1198
559 245
428 745
230 678
839 561
35 388
747 751
31 617
251 158
1009 320
124 94
505 72
741 654
835 795
318 738
678 706
62 1024
421 666
24 224
1027 1069
686 216
434 764
120 1063
46 442
1170 787
627 1058
1048 48
60 1129
791 119
1096 765
177 443
1104 545
461 240
337 701
657 548
1022 319
43 336
1129 402
498 363
896 162
738 1121
1093 265
64 626
1069 1054
498 367
1121 341
980 831
575 358
1077 1015
744 529
942 1105
233 962
357 915
282 195
1195 673
23 878
544 820
76 374
4 657
382 249
65 75
891 1183
954 865
337 780
1122 31
103 8
836 923
155 393
30 269
877 915
1124 906
903 800
418 568
797 586
672 779
70 1034
1132 272
1185 941
1149 347
537 1088
1017 794
1052 129
267 940
998 623
778 352
1166 637
614 799
990 93
1067 724
1072 872
666 143
514 895
364 888
85 1109
136 516
799 581
173 613
185 1065
679 256
337 753
413 1199
945 579
1176 1002
72 778
1062 972
793 911
705 490
923 1071
379 791
59 760
352 954
1070 785
647 738
922 612
148 785
44 97
688 755
792 494
846 1020
823 758
633 398
496 651
968 89
643 779
529 203
1030 148
616 1107
694 845
1148 12
323 889
74 687
838 910
554 794
309 1071
1167 1067
535 656
913 703
930 882
1036 729
641 1036
704 500
1187 759
994 136
950 492
734 298
1197 115
377 498
640 492
910 454
884 1188
550 425
1068 1085
841 891
471 1087
225 639
503 697
1178 69
88 960
793 902
742 1051
679 1028
1 489
1191 202
628 46
185 364
591 1174
455 389
57 563
1036 691
175 1171
263 552
1103 936
12 1199
208 427
356 343
422 1025
264 932
892 454
872 13
112 123
913 1136
663 389
227 258
22 384
998 119
26 1031
1160 1049
826 623
1186 434
21 94
1173 790
1186 720
954 1185
1098 8
465 1003
372 111
1062 241
300 1077
1083 197
905 1048
396 789
284 739
137 1054
1009 665
406 430
59 861
558 441
751 1054
343 190
791 1160
1002 1046
521 809
373 126
1007 620
683 839
612 1166
729 475
656 331
701 922
865 1052
31 113
898 475
1070 169
1007 1184
634 1046
56 128
267 1029
945 99
683 452
717 671
956 991
1122 335
749 928
197 613
526 578
84 842
147 701
254 1096
1025 579
141 575
614 478
64 172
431 733
870 84
1055 768
862 6
831 786
681 921
4 1005
910 115
782 677
494 232
520 203
309 415
810 280
335 241
848 519
14 638
640 118
777 642
91 741
720 1005
964 1191
298 1145
306 208
1105 956
1032 1007
931 579
49 660
314 836
507 589
13 276
715 1117
216 495
420 112
477 378
819 115
878 396
752 103
273 104
903 934
112 913
138 113
769 1115
517 479
124 320
911 782
215 119
353 1022
570 211
832 898
17 661
57 176
178 543
184 571
754 366
469 662
169 1073
249 688
1073 1148
911 1146
998 1121
133 899
345 946
798 132
473 164
11 416
233 1172
213 561
271 146
860 270
991 1152
783 248
456 947
838 409
871 622
789 269
719 630
181 857
490 773
281 181
324 878
838 500
696 945
420 512
384 594
144 491
549 1092
684 395
452 277
47 878
774 7
152 916
847 572
718 1081
1141 1029
485 248
892 710
969 59
284 936
611 1005
1133 576
306 465
1043 1142
11 575
521 16
680 545
994 905
522 590
880 903
898 530
385 192
358 166
419 391
411 760
595 1062
1095 1026
760 638
735 685
360 286
382 1196
392 615
1142 893
885 863
758 90
997 213
863 131
126 498
1006 338
1088 329
521 812
675 226
415 760
186 1066
302 409
590 685
483 740
1021 1166
923 46
971 45
427 1020
687 1071
860 363
28 300
133 1165
767 796
785 1189
1164 791
384 157
1193 933
587 409
629 65
330 934
337 587
1081 474
936 1011
248 958
1163 921
1087 578
156 477
1003 495
926 551
243 573
890 812
365 989
656 550
1017 773
1015 365
686 194
198 985
4 1156
677 656
260 80
564 466
677 724
474 177
823 196
404 1149
18 342
13 579
1090 833
97 629
53 192
614 1102
935 98
748 1081
1117 404
348 510
658 840
302 969
817 1094
262 700
769 902
347 636
497 1015
83 288
1000 712
645 810
293 107
815 1157
344 131
121 884
812 158
168 288
1167 1155
46 669
324 919
746 573
500 931
298 1163
394 569
1139 288
407 817
445 619
1046 741
344 394
794 353
85 406
729 140
1039 1047
835 972
866 1036
85 662
80 1089
291 123
410 905
488 1142
347 548
796 529
834 547
690 27
335 602
63 897
254 858
814 343
464 246
627 824
243 1122
347 675
434 107
947 1007
1097 985
1 756
453 942
1176 141
810 543
1124 507
405 706
1129 76
1092 545
1173 594
252 4
213 571
1105 828
283 956
463 973
592 940
360 1127
299 515
924 1178
1030 122
23 17
62 829
680 1084
757 532
606 1052
297 441
671 367
195 428
445 221
491 962
177 104
812 243
885 417
943 1095
334 1048
838 329
58 784
696 257
609 1059
1009 99
189 246
824 242
1042 572
814 673
618 855
500 346
1199 114
446 840
126 679
145 266
441 641
295 301
683 189
965 531
861 909
375 1114
1031 425
570 992
551 656
756 1005
718 464
221 1114
123 92
298 239
332 166
153 717
909 823
877 1116
275 1070
517 1044
551 1064
826 669
1147 429
739 135
318 316
538 115
892 627
1035 301
298 179
638 715
553 911
989 139
100 281
751 37
1111 1107
218 1185
265 23
44 883
943 409
869 605
132 971
311 505
841 28
128 343
40 1024
951 389
598 549
684 840
537 1190
429 1024
1097 172
108 596
697 192
435 148
926 950
256 962
1106 629
76 684
442 497
131 241
532 994
995 1000
143 760
421 818
154 910
924 1022
759 1017
685 827
946 767
31 935
564 427
881 39
220 469
1003 820
699 1125
800 833
1111 220
889 682
146 1162
1111 463
671 419
112 884
904 1089
442 645
293 302
911 64
897 1140
474 1177
508 43
649 892
1125 285
229 110
129 981
291 1096
925 161
475 895
686 265
1023 800
829 539
492 584
386 505
483 623
127 76
179 413
750 20
790 431
515 675
1088 278
860 466
996 264
996 510
1143 859
978 239
868 118
476 901
258 896
1042 1124
782 65
482 602
190 356
710 759
504 532
905 530
848 275
524 1173
581 848
1018 353
455 763
901 685
709 832
731 878
997 280
1095 552
187 729
826 914
1010 455
403 868
344 559
73 1115
272 476
1113 758
836 927
1168 603
17 891
1142 616
153 1098
867 942
1165 687
48 36
399 1198
134 1032
747 1187
586 12
1084 754
1192 214
607 396
1159 216
1184 1197
789 653
158 765
414 392
433 757
706 988
935 107
832 697
663 176
30 255
662 202
863 1177
412 817
572 683
950 1178
748 312
678 48
535 620
969 162
908 90
1103 512
178 530
340 813
934 73
908 38
362 1065
956 757
949 41
513 524
462 285
656 47
284 823
917 1173
872 305
75 220
954 557
891 668
233 627
285 128
540 874
87 328
301 848
1158 463
1082 1161
963 98
479 129
808 1001
78 351
361 600
286 1188
562 145
1173 853
1112 1003
299 1167
573 944
1153 133
576 390
899 1043
896 636
1042 597
799 841
490 45
877 557
729 947
733 455
9 490
512 371
443 528
222 280
626 591
358 157
1119 82
1102 628
578 243
20 110
178 447
709 792
110 456
597 965
393 80
446 501
829 327
833 1101
870 854
369 316
186 110
239 552
461 942
89 524
636 207
1075 353
561 581
702 1184
81 527
481 648
925 568
92 865
102 1158
667 279
582 260
910 258
93 905
1024 369
731 420
929 924
1122 240
620 1107
1153 1102
130 490
979 292
783 973
357 704
446 818
1063 1135
778 846
233 856
821 1057
1058 524
845 84
854 147
583 411
251 631
1037 160
493 1180
358 717
1155 89
487 811
1189 20
261 601
373 358
636 222
253 446
985 901
938 160
429 603
332 260
1094 509
283 1053
1132 646
304 701
553 41
681 961
313 590
979 741
1099 268
10 1066
686 113
708 275
940 467
345 882
289 78
967 634
1194 1057
163 1156
673 646
1111 656
70 1058
327 333
571 37
24 94
29 897
685 306
717 237
861 566
907 202
240 529
1092 742
101 143
1046 460
588 449
1011 51
577 296
183 1102
536 1057
84 87
142 804
894 749
262 260
55 513
1007 485
224 925
355 1123
532 558
11 444
958 48
198 321
1002 124
312 82
671 192
412 840
474 581
266 47
937 58
60 748
250 843
904 291
647 972
66 1058
978 1029
683 995
273 317
40 301
990 455
409 992
702 421
127 894
203 901
742 596
436 455
7 924
996 419
918 877
986 1074
263 1006
787 225
431 965
121 247
1011 62
861 899
847 713
1004 1044
816 31
87 524
1027 1150
34 464
107 703
31 1182
55 347
631 216
275 873
1031 1190
385 232
322 188
318 875
1062 34
741 913
548 487
889 989
235 386
1150 1007
726 753
970 310
1078 754
17 657
848 704
1074 784
80 441
295 794
1149 1169
346 251
418 1065
504 302
809 642
429 148
671 1109
1050 904
989 676
816 469
527 637
582 602
1147 1056
268 881
465 669
648 626
452 956
276 1108
743 684
473 20
411 299
575 1009
71 116
1199 1035
439 1186
1009 953
555 53
379 338
898 695
66 501
198 497
543 16
731 903
224 668
800 195
687 182
774 559
961 955
453 380
272 953
903 251
147 847
392 56
88 602
698 553
1075 249
198 242
600 710
1084 461
99 160
89 937
833 395
174 502
397 192
1182 35
219 484
164 1107
1092 479
904 101
730 1171
468 674
979 391
449 231
874 904
774 94
1189 1068
543 698
378 141
849 1096
959 448
615 8
1187 332
1168 169
450 18
11 90
196 1077
274 1124
81 314
10 620
570 95
377 1190
730 792
1138 866
396 51
965 834
493 604
664 603
821 973
86 40
258 454
92 169
1051 620
262 217
709 289
1010 230
635 703
607 124
1156 198
1013 633
730 321
924 241
827 1071
40 690
434 1114
102 1098
397 47
508 1169
748 651
1183 222
437 802
843 1052
487 842
1090 567
199 1136
956 669
557 805
516 1144
484 579
0 797
895 493
317 236
295 858
397 792
82 629
653 475
1032 1060
638 1040
712 814
416 893
205 139
617 809
1137 387
978 903
349 564
20 1138
984 952
366 982
115 803
251 370
812 1004
1019 403
877 1125
897 403
252 401
610 827
396 780
393 506
1143 906
89 948
409 1040
726 50
118 605
1059 949
649 684
850 1183
924 212
798 30
66 880
12 258
257 716
660 5
698 368
1158 526
751 171
1035 496
948 7
878 210
270 1052
676 91
449 1048
1047 421
429 820
407 759
754 725
893 819
165 797
656 448
105 441
401 867
368 1136
428 829
865 553
806 522
158 526
909 71
996 933
744 410
43 521
16 607
56 575
872 563
140 1079
568 1034
176 163
830 38
241 1125
630 108
390 616
461 927
408 124
1051 357
314 908
634 841
963 576
273 140
213 508
24 549
110 948
405 250
841 1153
1072 303
810 1054
1171 744
537 636
341 54
138 412
319 631
380 531
141 1021
1096 793
1183 982
134 1101
824 276
125 423
29 303
1069 79
321 446
504 951
1098 594
1122 22
1106 337
417 691
1087 1111
733 875
464 453
1088 220
896 953
1126 851
726 975
514 413
765 72
421 485
242 527
801 344
1198 1134
833 310
923 610
17 756
1091 444
895 401
707 198
382 602
462 418
57 699
112 968
462 111
685 282
891 1031
1150 150
661 698
195 900
23 763
841 350
374 405
667 546
605 401
413 447
420 579
798 162
823 421
29 466
604 1077
691 479
386 634
40 8
521 816
486 806
423 409
765 890
230 498
102 573
869 665
46 395
487 952
666 745
964 486
1115 38
38 838
475 1055
946 611
199 356
1121 925
940 281
689 1072
919 1154
535 558
768 999
196 883
217 15
558 155
941 1135
1006 758
1044 678
581 688
225 764
320 623
268 785
44 686
698 700
1138 582
414 984
646 735
297 734
504 839
302 637
701 767
1119 479
618 902
185 1062
0 115
866 740
1133 155
244 1183
858 8
151 810
19 930
478 928
1064 1187
1178 1043
1112 239
832 616
367 114
780 266
1006 433
532 1048
770 636
928 557
755 1110
818 408
938 563
263 1087
333 254
1176 185
456 989
992 748
605 1111
48 150
998 219
780 190
1011 447
1095 506
125 537
1154 421
548 1034
845 928
816 554
1045 508
525 1034
769 516
1003 57
639 372
505 1113
223 926
423 38
977 1127
902 879
676 547
577 1004
598 339
790 657
241 458
115 647
169 356
1121 565
55 1067
166 1055
607 722
49 293
83 539
1123 236
292 1081
147 574
809 768
274 768
852 730
891 438
788 252
993 403
794 539
1151 514
76 1015
727 764
447 478
398 454
1058 353
586 91
921 463
1103 182
1181 511
659 363
128 898
138 196
253 577
85 1164
602 1056
350 36
996 364
1183 858
645 93
1176 750
647 134
893 816
737 331
778 782
1198 273
67 844
506 447
318 1104
189 478
634 951
313 352
907 762
801 799
1057 1168
415 258
516 1183
498 262
232 809
1135 758
455 784
816 944
847 1077
222 728
411 819
54 631
948 200
86 496
74 139
200 431
894 398
540 632
110 252
334 799
860 231
575 757
786 832
357 570
221 422
39 1076
1182 415
374 885
416 45
224 301
202 396
945 1072
161 1185
665 954
27 52
277 430
254 681
756 638
469 268
230 329
990 1002
144 118
301 401
776 163
79 540
652 1003
982 1085
1082 817
156 383
1029 1140
656 1154
550 114
270 36
1113 246
51 994
291 1006
598 516
836 679
941 406
226 84
148 57
139 886
781 741
1159 550
663 418
743 384
524 598
246 66
796 937
328 316
198 940
259 695
917 693
780 1000
909 628
805 808
791 710
827 1019
297 943
183 231
843 4
1090 408
783 280
744 651
364 433
891 156
835 458
157 999
290 610
410 1005
563 963
1193 26
836 832
686 1064
1146 673
486 910
910 904
485 350
799 1178
706 907
726 116
1125 337
265 227
787 783
988 758
146 510
174 248
989 791
267 693
345 526
233 848
766 397
546 973
267 353
334 51
151 961
258 1102
1079 1140
1088 229
910 583
224 28
890 374
736 76
565 198
909 2
1060 688
947 810
412 272
624 610
122 583
552 436
451 816
196 612
188 411
166 1124
990 428
419 1084
357 578
572 334
406 1160
95 396
1040 557
238 331
117 675
626 714
336 635
632 17
739 933
898 263
779 869
164 857
362 565
778 842
181 610
1013 624
813 922
109 314
98 874
1091 746
717 203
736 1099
259 1065
660 181
459 21
184 1196
260 185
822 58
383 453
253 674
754 900
276 819
1054 134
290 772
184 988
534 1139
296 562
994 522
883 551
756 1085
1183 123
768 907
857 942
238 1096
547 52
403 1017
890 179
546 749
911 902
71 1074
1061 38
715 19
1155 500
592 450
460 932
196 515
469 1005
734 444
410 99
855 456
985 224
924 807
158 866
1171 1179
694 209
1003 203
1046 902
980 385
676 1170
749 839
996 555
1007 1158
248 684
903 1018
795 479
255 675
739 459
93 177
314 1165
53 354
831 974
234 352
92 717
1156 248
34 944
1122 846
70 644
179 326
941 408
658 20
772 1108
736 523
101 57
902 1087
668 288
194 1084
494 809
725 402
125 572
988 168
830 1106
929 921
551 527
1183 683
976 891
991 407
483 553
1192 554
85 44
952 571
241 510
65 1006
1119 542
161 182
704 110
64 713
537 984
164 405
749 710
250 1113
164 791
1131 587
1101 1180
347 130
240 696
296 888
171 715
571 1049
452 744
432 530
723 93
547 627
514 186
1020 126
751 908
1157 856
951 757
438 785
294 698
409 246
814 306
381 1005
101 510
956 360
534 277
297 741
247 678
1149 48
197 497
540 1169
184 336
929 1141
108 227
650 788
924 153
923 1101
913 116
1093 101
796 889
561 906
119 475
196 941
15 992
597 406
953 584
61 13
113 708
915 153
18 803
462 1186
543 314
547 481
384 870
905 457
535 5
348 1036
485 59
627 107
817 877
267 214
681 625
717 29
899 432
857 196
643 884
138 998
331 913
428 883
346 717
1139 918
341 372
802 792
996 150
288 959
474 224
802 473
985 1047
345 481
813 176
1031 312
585 738
362 1078
700 991
738 974
611 1027
1102 195
121 519
415 978
410 353
454 66
952 1049
36 747
689 819
734 211
1179 1135
674 725
333 360
793 221
554 578
117 710
838 863
266 1010
269 744
478 1044
320 857
466 993
737 686
475 553
920 925
483 794
696 777
595 85
939 1125
947 192
228 781
42 408
251 4
925 1198
221 1029
1086 170
852 1098
924 92
1180 609
176 480
1053 437
335 1118
1074 163
942 1047
907 801
991 1004
533 148
196 123
51 761
810 907
52 483
1129 59
1090 778
643 230
3 1138
687 624
361 833
969 484
1113 274
1131 585
438 223
511 963
883 264
120 878
321 676
161 433
648 599
260 1033
1185 602
394 1117
756 140
368 1104
577 563
239 273
1028 979
904 645
645 138
932 306
165 405
272 649
925 761
277 222
827 1199
272 1034
1098 778
899 1097
635 469
495 774
823 38
20 973
39 622
580 552
434 442
729 321
735 1193
121 559
564 60
926 233
1174 1137
1165 310
540 949
603 698
627 729
1120 1152
602 810
869 976
629 42
1173 64
230 308
111 762
325 407
1089 835
205 812
1158 119
339 115
1033 999
17 1152
394 1030
600 927
793 9
439 1150
642 779
1073 1004
664 1110
975 479
935 239
1166 797
1186 330
413 709
853 78
159 643
1147 129
489 939
1116 880
531 324
221 351
79 963
4 1111
172 99
815 129
11 555
285 9
291 582
518 76
