900 8000
42 76
793 453
142 313
621 33
886 588
153 855
608 677
422 201
280 583
83 428
812 741
509 685
642 798
393 427
184 820
160 434
786 663
545 218
349 374
137 115
561 297
503 240
793 439
863 552
110 849
499 400
63 552
271 666
661 733
699 805
138 899
217 846
847 606
670 709
854 431
563 566
554 849
547 324
357 807
443 649
217 232
889 238
332 539
308 340
805 708
126 282
745 832
546 347
648 144
196 488
199 892
411 49
140 291
209 381
785 98
199 529
262 172
686 221
792 424
335 593
60 3
533 600
570 450
217 108
862 306
533 854
736 585
253 454
643 160
241 480
885 788
322 463
807 233
465 12
832 667
487 840
137 12
667 575
632 348
869 597
833 734
747 444
459 564
21 698
474 797
337 523
595 449
534 177
727 562
452 114
268 716
17 665
475 209
265 329
666 695
431 234
351 285
869 21
97 145
66 673
0 826
879 394
333 454
216 685
213 131
410 540
743 796
582 453
151 692
284 561
358 425
873 584
219 197
350 181
665 485
84 570
482 116
393 857
260 30
216 815
560 609
266 126
526 570
231 679
576 753
107 473
603 520
368 11
345 487
741 59
58 129
80 842
115 352
64 884
872 418
740 45
18 316
358 591
716 302
746 804
306 564
494 33
176 225
790 590
300 304
48 819
760 863
316 366
486 279
660 134
853 121
155 541
287 278
47 839
130 510
739 663
404 76
861 81
363 821
101 153
766 6
401 246
569 101
134 830
433 369
762 20
276 648
7 662
747 592
803 412
714 190
714 498
847 402
560 113
748 626
589 700
295 612
44 792
561 239
824 472
630 83
877 507
697 350
349 321
15 790
83 194
720 316
781 217
514 685
737 204
877 286
316 160
5 135
115 192
773 54
886 708
155 622
875 808
784 874
192 838
89 598
764 886
307 566
401 169
558 275
313 648
707 531
754 283
690 1
451 520
27 585
810 490
725 594
560 487
517 390
499 345
732 535
4 807
727 673
290 872
66 230
685 354
165 473
805 556
236 372
155 211
814 124
855 834
292 40
201 817
791 431
232 407
311 519
889 593
827 610
523 390
392 719
372 657
236 2
772 803
780 356
525 520
836 127
128 370
305 488
115 828
563 885
684 652
92 747
730 803
567 87
545 386
429 80
815 340
100 158
404 289
836 699
730 160
486 66
387 440
601 376
875 621
234 503
736 728
584 155
515 617
836 561
63 795
410 218
655 175
451 52
433 306
590 555
697 447
356 171
398 144
150 877
422 658
564 555
843 531
721 86
57 710
174 834
369 837
458 882
743 844
490 674
95 321
869 460
622 578
46 791
552 718
417 188
336 661
401 304
742 689
711 16
891 101
40 869
802 711
563 350
540 846
32 398
360 421
577 827
456 382
563 847
546 349
354 605
242 856
451 758
79 47
75 791
116 641
788 255
641 270
418 349
577 197
504 534
297 147
784 776
292 197
799 731
630 717
231 249
816 181
419 171
323 877
314 789
63 701
587 17
458 361
207 58
588 609
10 175
106 224
884 231
300 728
817 253
225 702
734 633
782 536
211 2
700 691
211 222
80 188
420 303
879 491
432 370
717 10
359 405
867 273
494 424
632 155
295 450
352 255
855 569
616 346
587 830
708 781
359 458
798 294
602 692
616 784
557 458
859 202
896 419
163 831
632 534
97 204
540 699
26 678
828 486
611 95
667 636
632 129
567 730
478 829
791 513
240 437
835 528
505 705
240 839
170 116
251 628
543 311
88 125
159 347
431 616
174 256
819 723
353 867
739 366
751 426
260 526
523 299
381 389
328 58
163 495
298 898
801 301
797 170
13 778
886 185
743 88
13 224
897 156
314 195
148 413
734 737
583 150
395 430
830 540
479 188
724 624
798 855
426 156
165 487
67 857
522 299
31 888
574 121
0 884
36 573
521 305
810 678
259 29
535 624
66 799
108 493
687 156
555 810
818 608
764 426
883 90
105 154
290 785
400 124
168 556
624 288
47 451
142 857
323 389
684 27
735 312
559 101
822 197
336 557
602 854
244 365
256 324
539 28
809 107
706 679
525 424
42 394
245 411
425 734
444 290
214 28
189 225
291 111
544 138
576 752
794 335
337 602
313 374
407 348
861 680
725 306
404 368
699 439
785 257
436 257
31 737
873 377
319 333
812 221
647 861
189 132
559 602
574 229
544 643
690 273
400 267
784 666
834 848
858 183
171 312
541 425
451 214
155 34
332 698
816 610
61 214
762 723
153 763
44 782
189 499
361 421
616 132
71 534
450 546
806 11
261 366
660 518
99 10
563 190
72 341
650 44
99 488
161 593
72 515
203 556
589 888
572 637
81 424
525 737
897 736
367 685
724 198
240 4
678 461
235 293
683 168
183 831
650 121
495 460
464 65
155 367
712 205
127 255
152 723
395 371
817 320
849 656
686 197
839 6
866 899
60 197
683 83
885 439
213 888
282 101
665 251
800 658
199 442
23 146
689 410
735 10
462 240
163 407
493 372
83 817
338 426
518 64
493 321
834 522
448 509
333 663
34 693
322 200
805 768
425 7
572 339
526 232
707 376
352 302
584 12
449 638
840 441
290 815
542 688
590 290
502 93
262 212
227 806
227 657
480 519
800 444
287 345
556 811
144 757
822 389
172 524
742 199
529 17
356 892
507 656
161 232
786 434
518 104
652 89
174 301
570 474
856 80
391 458
317 747
849 532
237 44
600 375
163 453
218 380
308 1
428 555
21 521
600 727
574 839
623 888
138 592
87 609
773 729
523 671
157 498
651 202
757 708
517 493
626 674
589 690
722 859
839 490
422 799
363 403
398 615
711 403
848 338
549 341
59 862
723 870
204 699
361 242
19 898
1 774
8 616
615 754
459 232
167 375
416 320
154 236
737 459
480 395
235 72
411 136
859 26
365 315
237 810
788 61
511 656
168 757
750 309
333 735
743 182
170 814
421 237
655 145
618 898
245 353
618 632
315 776
36 428
878 532
547 603
67 152
887 573
113 462
406 764
97 117
394 152
511 331
378 758
603 264
251 66
738 230
896 856
217 748
629 426
721 591
405 169
188 331
608 402
590 795
618 210
58 679
609 388
457 110
255 371
311 534
535 635
283 838
334 445
899 128
493 821
847 524
160 820
354 661
271 239
841 206
751 739
897 544
762 193
797 427
805 555
144 638
463 703
53 576
804 757
299 875
395 415
633 95
280 694
158 88
360 398
501 644
395 351
451 258
405 128
423 448
774 523
616 353
173 840
709 264
695 219
583 427
474 778
97 814
779 886
529 158
380 815
589 896
752 453
555 55
391 83
564 154
291 265
606 636
770 48
591 173
690 895
896 222
884 788
96 555
525 88
343 385
201 699
299 192
709 893
198 485
390 414
194 40
104 541
206 281
239 781
405 619
551 183
312 129
32 672
340 45
17 293
128 37
425 186
653 564
649 460
127 892
848 40
703 521
347 635
297 179
686 577
28 769
673 206
137 120
494 631
440 400
481 2
634 828
98 509
458 779
809 826
93 666
480 412
669 519
811 634
707 895
207 675
809 210
628 823
151 414
644 402
631 532
233 483
783 474
761 624
440 694
189 287
646 663
305 518
324 23
577 480
740 373
185 6
138 768
411 113
780 605
808 15
670 551
396 671
215 131
692 392
766 370
228 830
414 138
86 842
146 635
780 614
615 891
163 321
229 93
10 63
311 742
522 888
87 777
505 290
211 224
787 541
881 643
493 617
548 589
418 351
309 571
512 306
747 126
749 349
170 328
623 206
569 498
886 192
84 60
402 223
534 785
643 428
457 892
480 84
56 763
497 866
32 823
146 569
222 514
624 253
844 254
322 114
404 66
669 151
494 83
497 207
584 144
393 495
466 142
704 708
236 338
199 841
692 263
613 230
363 22
15 587
730 23
566 166
34 881
597 151
481 518
128 778
630 532
133 884
137 635
489 75
882 898
254 289
617 192
284 448
690 542
227 19
398 99
369 170
556 205
173 150
878 849
766 228
194 474
878 858
93 601
639 671
215 235
90 515
362 694
518 632
11 445
10 484
59 641
692 389
815 857
296 322
703 42
98 381
24 693
577 145
634 480
278 387
542 848
325 241
865 808
202 629
231 256
821 299
200 449
243 683
837 674
400 468
401 848
674 519
732 671
569 524
166 683
839 885
403 547
794 129
145 525
785 701
45 199
767 410
147 148
647 871
53 270
207 1
494 417
602 105
272 774
673 122
601 36
899 831
248 48
465 255
490 65
385 460
735 261
788 520
386 692
560 887
742 414
769 272
343 487
340 732
98 882
247 160
831 481
140 121
818 98
873 737
387 4
252 3
380 728
25 392
23 243
578 148
300 181
71 66
823 276
85 789
361 180
752 350
473 833
669 368
531 859
442 686
314 533
777 177
405 475
121 466
678 592
298 806
437 822
494 592
585 110
51 584
749 475
672 396
212 518
128 520
66 173
498 873
849 445
226 421
771 506
760 853
794 521
339 370
535 151
510 14
165 458
296 493
745 521
810 546
257 71
733 609
218 583
197 813
447 760
893 52
446 33
501 645
88 674
632 290
163 730
491 721
127 204
223 5
396 124
152 771
625 689
723 799
421 769
239 304
395 261
433 412
475 120
684 527
741 96
333 535
531 409
841 839
792 414
759 228
98 230
280 308
167 897
888 99
575 590
304 817
449 90
40 662
57 750
564 111
729 126
536 894
485 128
563 186
677 738
370 158
354 145
126 45
518 710
683 810
73 541
543 799
787 439
191 492
759 177
708 41
519 437
245 282
857 673
537 765
108 207
721 321
176 611
51 307
830 846
814 617
462 405
71 171
409 615
735 640
171 27
748 790
607 110
318 118
484 607
297 90
702 30
562 861
63 25
299 366
248 211
750 17
536 373
591 796
828 585
855 309
683 503
179 897
89 199
526 689
143 319
75 817
62 368
245 201
530 153
347 147
510 619
438 294
230 193
754 127
444 91
152 253
805 297
85 780
315 148
536 301
784 669
448 332
455 854
502 622
421 621
266 631
605 837
373 843
239 213
695 781
224 677
526 278
261 870
90 562
69 633
303 75
590 257
745 727
741 203
175 204
119 518
551 552
13 339
287 721
872 626
396 284
749 317
114 13
307 581
261 559
127 187
598 730
221 452
704 536
88 852
532 301
273 253
204 173
409 18
268 630
375 894
185 726
418 570
76 570
546 144
600 209
624 53
812 735
348 808
148 664
397 644
144 850
662 98
758 364
421 848
495 658
270 256
628 570
340 487
458 22
498 508
854 186
735 240
196 827
48 848
28 340
404 461
773 747
462 663
40 23
340 687
797 242
305 147
18 824
65 114
205 793
2 664
873 754
29 787
859 310
132 3
728 883
114 185
81 216
515 805
123 60
436 690
229 758
601 64
600 404
888 578
870 116
305 418
353 260
734 98
211 727
455 454
364 110
378 298
874 587
410 578
34 659
199 876
187 170
461 556
746 332
677 720
738 305
63 475
324 451
131 64
397 599
521 390
377 64
351 798
155 196
470 666
599 398
79 157
92 840
440 866
846 683
171 68
105 141
457 502
767 594
677 12
470 875
724 860
337 810
566 823
595 725
481 579
213 640
234 670
611 423
709 897
2 695
19 215
812 881
753 549
514 60
113 475
94 242
14 845
623 769
496 473
457 445
451 688
83 705
708 173
447 46
266 258
856 207
412 441
102 848
262 50
884 330
707 434
634 691
835 768
870 400
631 748
407 797
29 621
585 635
127 125
503 820
665 644
686 365
90 692
643 806
97 235
556 346
367 796
229 568
718 171
731 481
774 609
57 802
718 747
520 386
894 34
255 230
223 387
52 388
821 164
102 187
18 211
106 749
379 317
120 571
313 582
245 232
755 639
276 712
351 650
64 158
555 141
524 699
737 274
849 628
169 472
850 698
678 676
512 66
871 266
537 170
428 864
592 208
624 501
634 138
169 393
698 802
239 866
439 518
16 102
600 316
100 199
327 293
615 737
275 19
297 422
821 702
269 497
646 577
480 825
729 148
425 653
419 276
897 471
366 347
536 137
875 97
440 687
838 21
253 810
740 44
781 216
859 880
614 881
491 650
312 821
568 542
409 97
196 733
237 591
95 675
898 728
180 109
599 352
39 501
714 575
509 880
352 449
666 58
342 711
68 514
354 587
237 569
402 572
349 347
378 371
633 417
83 571
801 705
400 28
447 717
41 270
423 170
404 139
688 374
228 239
91 321
110 699
428 52
580 192
219 318
561 547
629 188
454 737
317 389
145 20
878 38
399 455
710 873
57 483
583 123
137 347
639 321
70 269
297 185
593 793
847 325
117 168
869 718
645 733
133 457
396 693
858 354
853 365
284 44
864 331
362 402
786 775
718 143
214 414
338 384
262 588
759 30
301 277
106 53
137 211
875 264
192 199
749 463
44 365
608 642
796 538
42 884
457 539
282 322
718 505
298 522
97 164
591 847
308 208
870 114
798 86
419 547
777 629
423 695
852 598
326 437
308 886
145 297
269 255
491 466
218 755
264 814
687 473
417 117
739 414
617 101
880 790
49 360
95 826
857 64
606 259
397 750
829 771
788 779
694 208
75 175
382 363
140 484
248 808
238 516
416 653
339 125
768 369
574 655
59 898
762 830
765 405
878 856
640 442
274 476
606 282
676 477
579 869
725 838
734 818
563 4
416 548
158 279
429 71
22 331
714 84
625 0
399 361
617 315
516 817
261 370
146 455
535 453
432 648
399 163
66 11
501 385
420 470
568 161
257 700
673 59
552 45
300 618
530 38
804 636
73 532
287 331
12 651
13 296
888 848
358 384
346 91
860 35
186 169
608 715
506 891
307 868
690 668
413 308
752 749
845 506
883 269
514 46
260 339
619 682
457 215
243 166
447 95
560 698
322 615
242 670
143 481
158 671
774 132
883 865
890 756
800 707
799 413
172 113
447 676
45 134
637 893
712 259
245 524
135 772
713 422
517 844
726 469
43 324
71 653
540 203
671 521
715 830
398 395
303 422
11 869
164 774
89 541
783 723
329 189
498 349
889 648
507 258
417 282
733 870
554 642
439 80
821 552
40 260
566 43
549 525
855 483
647 327
214 750
24 698
106 656
326 16
206 633
495 265
620 158
130 729
831 473
92 197
745 622
855 212
486 523
642 889
505 627
556 465
658 222
10 155
504 591
898 845
177 352
346 332
809 750
682 209
420 207
491 584
418 879
419 278
600 810
815 201
338 480
282 819
819 635
413 747
854 633
573 501
612 267
311 455
42 867
240 865
337 686
543 65
883 444
84 165
19 262
39 710
79 192
135 189
559 676
662 621
587 663
429 655
422 484
889 212
329 406
727 426
520 77
636 72
862 305
744 161
245 296
165 79
62 98
115 172
20 67
642 367
717 312
165 450
53 867
322 25
899 276
747 497
167 44
198 170
207 872
452 181
591 322
634 628
351 873
743 640
304 819
485 133
502 319
298 710
846 647
432 362
53 401
345 640
671 689
133 46
316 738
423 666
484 597
351 786
572 509
671 568
266 667
373 504
218 488
628 321
404 284
692 649
505 275
554 324
620 258
201 91
481 627
682 747
517 271
701 616
760 787
879 451
459 715
648 82
702 772
108 784
48 626
755 271
227 47
477 771
11 436
422 715
79 653
47 75
853 768
329 65
636 73
744 768
418 128
359 899
448 704
171 18
468 722
555 582
746 751
727 125
258 16
892 673
4 418
817 2
741 469
824 311
616 109
249 327
518 722
639 554
531 98
581 537
773 171
185 182
557 796
164 300
749 16
378 160
344 728
171 115
515 211
641 776
342 713
271 146
489 877
802 260
464 144
42 534
676 91
368 567
183 618
239 467
521 599
686 342
662 659
464 554
150 138
128 66
593 595
430 531
14 8
810 506
735 443
892 56
890 542
483 811
539 191
69 210
552 17
142 227
600 608
820 885
165 88
866 101
36 593
871 512
485 407
850 816
712 13
606 783
49 474
262 393
229 161
8 373
49 716
252 324
372 70
489 712
859 564
616 364
251 14
619 117
9 135
125 410
780 389
511 545
401 501
462 388
563 361
813 388
340 622
540 132
591 744
441 303
2 212
755 182
725 0
152 488
659 343
89 229
129 826
4 239
26 159
149 54
611 623
541 21
877 342
435 601
625 759
97 797
727 152
125 513
251 436
578 515
220 39
847 706
480 315
717 692
159 792
528 60
107 50
204 622
378 316
643 353
128 107
404 580
532 33
534 218
366 343
550 650
285 690
158 527
771 599
883 192
38 406
546 358
531 489
272 96
419 815
752 641
347 270
232 886
488 507
625 134
893 297
55 62
772 562
494 68
856 14
458 844
566 574
880 611
5 759
287 330
114 280
328 832
608 868
165 418
472 577
507 165
375 641
785 207
674 429
170 444
883 119
70 774
155 549
196 830
321 54
432 538
767 405
65 234
147 441
57 652
329 674
739 291
236 30
553 753
45 461
253 823
419 125
345 681
144 834
537 75
893 62
200 271
22 718
73 536
690 295
579 437
534 736
579 715
511 814
457 886
483 740
333 599
778 239
427 170
456 323
743 798
208 787
207 33
716 242
566 331
623 580
64 18
152 650
756 601
665 60
860 554
776 668
878 799
292 442
607 246
486 307
403 156
873 593
377 409
546 532
152 823
826 9
331 517
136 279
107 396
785 484
45 795
829 598
441 461
762 213
879 325
545 201
148 139
247 522
495 123
33 854
521 889
621 833
737 739
529 91
228 892
371 641
69 635
87 615
367 254
42 219
897 670
823 692
355 131
529 857
194 721
406 698
177 134
214 862
897 384
480 178
718 777
414 583
272 149
606 465
735 344
233 758
70 799
824 727
547 366
412 543
549 664
197 781
719 173
85 515
55 401
656 466
580 614
319 68
173 769
495 396
453 436
145 604
23 87
250 887
124 485
828 236
14 159
261 251
803 127
442 874
815 220
372 556
728 257
390 41
203 636
808 258
628 366
702 713
188 218
880 216
202 66
864 308
473 437
444 185
98 378
575 646
750 527
827 281
290 571
494 43
63 864
48 795
105 441
712 686
150 377
315 859
891 65
619 814
827 659
825 483
367 756
191 311
46 52
24 567
432 584
202 419
506 81
137 323
843 818
89 321
542 314
177 629
372 639
379 725
190 159
780 648
689 29
465 878
739 659
92 331
225 652
471 473
736 351
427 831
717 246
497 241
344 135
899 794
875 638
335 383
234 229
602 454
658 310
694 250
491 478
178 111
242 60
279 736
217 324
379 420
41 870
307 163
37 199
171 36
768 298
392 749
663 298
670 125
424 286
225 223
324 719
359 675
517 86
672 499
139 592
674 244
570 427
342 0
882 299
244 890
159 36
130 207
350 774
372 858
262 720
740 48
636 611
225 495
426 280
657 333
106 662
129 657
656 39
82 756
208 348
31 671
162 241
603 430
269 112
205 436
559 818
571 72
244 498
212 281
290 569
802 405
611 402
468 725
137 28
136 282
157 259
468 442
427 107
383 574
801 65
629 333
30 396
412 2
622 708
477 859
821 319
458 201
338 561
547 587
463 51
213 62
283 240
242 495
624 249
769 701
332 328
228 281
586 601
70 439
98 398
149 723
248 629
89 657
494 855
163 322
326 513
767 54
192 164
16 469
472 512
536 125
744 547
210 554
766 415
8 221
665 222
774 683
450 430
566 164
813 281
109 260
357 8
432 22
433 888
26 422
373 241
624 726
799 762
141 633
575 653
125 769
237 29
470 652
27 763
422 740
675 2
203 126
561 419
291 845
513 463
834 766
573 40
46 755
800 337
547 778
807 389
108 274
305 676
563 376
717 693
348 144
576 424
402 857
193 883
128 223
346 122
86 537
526 17
540 592
881 713
180 375
441 740
54 17
70 519
296 873
559 771
616 254
565 527
639 440
316 98
399 19
119 830
380 814
517 362
58 247
881 737
676 323
502 495
659 538
766 464
673 399
741 519
531 1
781 401
377 500
24 519
42 115
689 705
796 40
870 705
779 621
750 157
438 884
528 587
547 490
188 164
182 144
848 18
488 603
484 253
64 648
320 532
50 834
169 778
559 397
897 860
593 681
796 881
334 224
310 744
305 39
397 349
431 884
698 714
333 103
767 813
620 48
341 664
789 864
751 539
712 241
801 669
170 292
27 893
346 253
757 699
118 228
66 405
158 376
100 255
54 45
413 598
463 725
447 842
625 257
603 678
24 863
895 780
630 724
614 290
122 103
808 693
124 143
852 406
85 223
515 791
32 296
351 76
686 358
228 632
466 529
475 252
44 27
583 315
21 720
828 178
774 607
810 438
184 773
785 303
211 295
679 404
323 173
349 185
696 711
160 171
110 557
343 67
458 8
884 652
883 664
809 635
119 376
155 823
464 706
783 498
156 163
587 171
394 340
309 692
784 376
724 614
262 739
59 377
234 18
721 288
722 421
619 453
181 213
791 288
389 878
869 289
655 202
350 404
438 548
447 27
628 824
802 161
613 871
797 707
460 367
624 172
854 495
761 34
436 1
552 331
696 442
325 882
254 513
186 160
708 210
366 442
454 823
519 779
399 387
841 167
61 194
776 11
337 286
214 209
110 75
726 890
426 632
839 192
507 853
591 74
24 695
357 481
736 762
387 396
500 287
75 734
844 610
356 274
148 470
101 480
160 684
856 857
204 405
208 741
333 685
422 79
390 582
362 105
634 514
351 132
676 532
144 522
604 475
707 302
609 335
376 591
96 433
35 304
275 325
571 809
862 480
754 661
27 801
801 881
389 125
117 247
798 69
358 483
839 811
139 338
423 789
567 725
875 168
778 263
105 759
306 39
647 825
23 379
895 224
767 658
838 716
760 383
667 160
29 886
556 710
397 70
489 77
186 370
447 538
90 771
95 224
423 120
380 446
787 713
450 218
64 337
407 722
14 93
817 73
628 143
738 68
818 494
126 793
553 357
843 195
381 688
217 612
263 57
77 685
744 328
43 741
103 580
126 696
886 479
704 846
866 524
750 643
1 338
171 225
677 410
247 463
192 185
794 299
439 605
595 549
664 512
508 89
324 427
799 366
416 648
356 78
456 747
160 136
375 400
42 212
615 817
501 538
244 618
743 737
19 841
707 156
679 806
822 134
208 899
810 402
622 183
558 400
253 188
250 723
212 658
823 602
318 825
28 257
605 198
518 716
648 133
86 102
698 519
808 360
529 499
706 800
205 509
425 891
456 390
459 272
382 883
265 14
408 518
214 401
195 878
116 98
624 337
517 724
163 48
679 818
156 473
894 408
562 895
122 797
737 221
145 791
100 620
684 792
528 685
602 868
189 74
576 173
814 774
484 561
262 189
747 669
892 368
648 885
857 882
164 879
753 48
823 10
575 564
350 705
114 290
3 637
172 231
716 412
451 252
634 415
383 713
248 200
553 750
139 86
266 329
160 98
614 397
143 54
46 354
409 136
38 448
164 118
117 786
125 375
703 120
511 363
253 523
409 313
133 826
340 636
517 210
437 845
55 489
362 473
830 574
251 805
209 108
88 104
276 298
77 881
199 49
440 210
340 785
867 282
85 477
823 542
507 585
53 580
131 118
832 485
196 434
336 210
420 104
875 617
565 176
510 2
319 400
58 20
305 813
836 884
613 459
604 37
522 309
665 77
527 857
778 361
107 614
67 201
124 31
347 271
342 808
380 703
585 796
236 550
717 764
10 578
298 626
263 113
352 500
133 881
94 428
358 665
865 665
49 48
174 899
754 831
839 807
159 475
553 717
109 57
674 371
704 671
13 345
327 18
295 809
814 306
420 736
6 405
803 842
354 733
140 275
503 9
324 149
780 279
145 184
549 103
193 31
820 759
598 84
437 453
496 319
700 77
2 331
417 249
502 488
71 841
587 254
283 735
526 611
256 50
266 429
377 242
715 664
124 636
327 266
421 73
575 77
99 542
99 14
691 771
111 844
211 750
873 824
219 600
286 563
129 702
27 661
293 221
20 96
502 452
595 263
625 690
85 775
488 708
447 838
511 6
312 142
527 43
111 202
597 612
511 402
431 28
209 526
832 651
110 114
276 549
406 693
629 648
844 580
832 64
227 421
420 455
868 333
207 560
134 316
717 694
189 164
536 400
843 186
12 301
262 362
756 429
491 656
774 64
359 472
709 288
197 325
124 721
881 658
446 335
794 801
571 423
25 547
828 459
812 323
113 193
666 687
469 407
684 23
1 28
765 711
577 42
620 37
163 804
631 864
835 648
15 74
123 201
869 661
608 206
570 280
744 167
795 122
651 150
513 245
597 20
550 775
568 305
644 164
309 753
562 346
876 487
862 783
98 865
772 325
511 608
651 482
199 288
701 888
639 450
114 199
350 486
246 617
458 26
598 309
229 559
437 765
772 615
881 388
115 88
613 794
61 814
53 549
373 674
679 163
655 156
764 500
236 824
416 495
842 379
444 807
564 191
467 339
135 528
583 213
85 359
239 646
374 56
14 168
83 678
804 798
424 283
438 46
505 794
481 553
619 518
872 867
597 243
83 468
788 463
574 883
707 106
654 360
605 584
165 4
403 631
265 146
481 121
676 670
884 344
734 225
318 831
290 262
404 524
367 336
183 205
280 406
670 746
834 30
564 39
642 463
603 651
515 631
536 555
392 688
241 45
750 95
170 150
561 619
665 882
694 591
584 325
501 608
771 722
630 79
899 753
356 207
140 514
646 143
214 531
186 81
38 802
331 303
197 205
274 752
683 73
597 674
894 227
74 397
28 890
200 682
802 580
666 730
598 605
577 189
759 485
166 877
115 230
238 544
746 792
712 43
100 658
776 136
352 825
98 382
869 498
241 642
514 289
535 59
646 474
325 347
662 785
401 408
884 880
678 505
641 545
583 450
759 734
800 2
848 384
728 557
81 814
697 472
489 717
309 287
513 49
870 205
679 892
449 505
537 283
680 842
583 819
488 790
658 858
153 671
534 388
748 128
336 268
174 336
272 144
658 168
470 622
209 623
636 625
490 470
267 61
735 727
449 741
22 82
876 812
660 541
476 673
430 801
638 233
666 866
854 578
274 443
557 742
328 324
329 299
748 453
353 319
698 811
544 533
191 157
760 4
535 108
408 577
788 558
439 221
835 576
303 651
237 498
296 375
188 799
497 554
281 741
799 661
837 393
345 428
619 557
202 62
522 260
700 402
359 470
525 215
142 303
408 340
235 62
684 517
640 403
580 63
655 439
522 409
642 450
624 681
159 659
4 484
723 528
870 529
137 33
366 355
593 766
111 873
717 687
376 87
522 475
133 151
563 742
615 771
818 493
726 215
410 275
639 746
807 868
394 138
201 435
803 686
153 177
296 605
791 378
731 447
679 11
199 28
581 605
200 207
466 28
188 212
882 408
583 823
504 610
452 143
96 341
727 526
822 753
702 625
33 897
422 38
285 96
735 664
42 214
184 8
272 736
169 199
240 105
406 465
414 611
448 97
676 373
739 708
586 673
322 447
357 193
564 720
441 573
28 70
632 274
519 65
32 331
550 862
892 251
150 280
680 279
381 483
787 599
14 864
879 563
580 649
164 277
86 813
344 895
332 374
340 426
158 235
34 710
456 266
342 478
89 330
595 590
278 269
899 18
457 396
21 397
741 552
456 531
756 64
125 259
345 76
262 145
769 514
851 146
366 290
210 224
342 238
689 583
351 705
464 452
145 758
474 819
894 802
528 458
736 309
650 493
677 432
586 298
39 492
742 479
809 259
54 794
203 465
347 24
532 865
803 586
38 53
212 497
30 751
487 405
693 867
732 635
808 737
81 235
397 809
335 181
385 404
735 813
371 122
880 889
114 752
548 752
821 898
606 789
868 9
580 842
588 6
96 756
746 281
596 9
157 721
320 253
876 127
686 555
386 676
581 763
720 68
269 348
74 738
287 501
391 418
669 381
596 473
102 844
348 138
428 113
40 37
761 777
141 8
473 42
464 736
729 495
147 218
719 171
91 127
208 742
363 364
421 52
775 781
724 98
502 868
850 50
423 509
78 835
46 651
129 33
668 9
646 533
286 868
336 312
750 90
93 593
742 152
376 103
796 216
584 800
897 9
109 591
38 807
442 355
856 759
126 137
59 757
823 161
196 312
240 307
754 473
298 318
42 695
444 817
490 194
3 493
45 505
590 813
94 124
697 648
706 804
249 126
193 456
746 613
250 347
714 737
219 55
171 173
514 185
362 332
370 792
553 757
58 771
818 156
735 166
43 655
832 299
586 137
871 373
805 820
296 312
803 48
728 245
770 838
810 770
571 426
792 321
309 622
175 614
245 381
503 807
529 492
849 764
258 64
188 353
109 499
53 419
226 812
621 74
354 69
152 872
497 277
100 33
789 469
844 613
422 571
481 7
831 184
122 804
800 441
24 799
256 245
30 502
663 564
790 832
49 771
154 540
0 381
845 67
698 551
321 899
450 168
774 534
41 226
435 436
844 837
60 182
490 177
64 105
764 757
678 142
109 665
630 375
235 649
548 576
403 357
753 408
124 872
891 167
632 402
750 137
623 426
267 108
383 462
635 267
318 363
168 417
237 204
684 101
686 866
522 483
56 824
38 480
413 589
414 584
495 811
792 379
286 645
860 649
183 61
794 84
819 573
417 101
748 326
530 516
645 596
133 101
288 531
888 202
855 866
686 786
800 776
471 582
291 376
397 145
275 85
4 89
886 103
260 768
745 252
16 205
700 135
381 228
838 104
700 742
268 412
799 587
614 471
546 232
840 249
31 418
112 624
393 523
206 734
625 21
42 366
261 558
518 127
369 394
443 360
147 276
346 785
641 57
118 262
177 14
765 614
200 407
702 873
423 32
276 726
627 97
382 334
421 172
291 670
554 825
599 248
462 440
756 571
99 800
860 525
243 741
341 444
407 417
688 539
858 38
543 866
545 465
347 748
12 485
41 806
234 889
878 519
450 848
386 435
580 403
664 580
652 280
44 235
689 138
170 657
290 239
722 496
759 351
822 392
611 6
721 349
369 375
703 699
120 715
424 773
401 352
9 763
851 93
201 62
477 696
675 136
713 133
485 610
251 463
898 754
632 586
609 898
726 713
441 211
442 88
288 657
320 275
261 96
172 599
160 622
92 459
64 723
280 33
68 732
163 446
161 885
769 132
89 466
832 647
54 365
758 508
196 845
751 224
626 603
187 291
15 527
256 409
255 542
405 849
843 828
560 701
323 409
299 103
700 281
599 794
198 191
128 264
552 149
564 496
506 290
438 494
499 896
791 88
101 741
770 146
290 724
502 629
654 127
133 600
245 523
728 140
799 348
528 548
117 521
609 675
876 21
154 584
121 748
272 102
493 542
442 227
524 566
462 56
765 47
170 180
344 327
6 315
690 253
204 729
125 19
474 48
84 510
129 659
193 607
452 705
511 9
438 635
38 768
857 212
366 716
899 514
252 753
299 308
72 530
645 606
471 641
53 559
393 502
382 147
23 269
543 677
305 619
314 391
568 751
177 251
381 730
532 410
717 839
289 748
351 144
164 383
820 16
373 507
347 653
357 818
333 165
406 478
221 230
616 87
307 895
364 555
385 321
155 295
705 460
735 559
10 481
811 378
21 866
132 773
112 508
581 606
430 61
888 313
377 62
418 610
383 213
96 337
722 577
544 433
770 137
663 455
200 263
827 91
98 762
533 302
472 883
103 898
50 399
243 285
214 150
672 9
663 306
483 876
826 53
503 2
739 45
565 892
194 466
535 824
326 46
518 161
635 826
759 563
805 98
409 165
790 473
381 510
251 563
711 753
751 255
868 75
163 70
886 691
472 721
798 352
795 302
487 161
478 373
872 313
415 390
99 593
774 718
82 309
475 281
378 381
682 373
148 224
87 612
831 705
257 555
704 478
325 240
566 293
594 268
863 187
381 282
733 6
794 218
1 853
526 644
755 535
148 329
859 523
399 616
392 356
235 847
274 183
307 617
564 623
339 813
613 102
117 895
476 807
227 732
330 216
414 344
870 482
319 576
566 781
578 356
67 512
16 841
864 754
12 645
229 380
466 552
131 828
122 698
242 294
591 817
56 440
827 573
258 262
735 648
181 375
635 53
733 446
158 848
870 68
391 480
31 119
264 73
814 427
472 272
339 318
485 869
725 369
464 801
663 209
745 400
123 674
656 470
768 18
250 773
180 851
623 41
199 78
631 780
328 171
781 76
539 311
872 394
759 387
447 752
2 259
299 286
436 113
118 355
345 324
751 671
207 775
509 728
15 375
511 494
679 431
335 81
397 664
110 146
765 492
525 539
724 499
130 447
97 531
365 225
683 15
421 836
545 75
115 486
395 523
69 857
259 624
414 852
477 725
116 530
70 149
406 124
506 126
81 28
457 748
449 694
781 292
18 19
799 877
13 286
337 333
21 58
287 476
103 631
68 164
154 200
414 399
11 296
532 512
159 769
658 288
212 732
607 222
302 326
328 245
712 180
114 477
117 799
825 676
161 463
894 188
206 890
308 539
48 170
1 790
879 189
257 324
209 545
606 802
706 892
200 653
738 81
465 107
802 190
281 256
294 343
580 318
27 607
775 566
480 122
305 663
105 809
840 788
868 878
22 167
552 843
697 44
735 469
552 737
682 330
187 485
772 629
666 768
667 276
205 825
116 238
188 131
840 732
639 287
283 730
680 667
564 746
406 638
813 754
789 775
498 858
707 43
613 737
700 452
390 107
891 546
784 231
841 446
536 889
572 88
399 220
789 725
109 261
887 142
50 458
759 628
721 875
841 31
356 705
293 728
842 106
676 736
36 633
151 537
1 236
72 593
754 327
348 753
382 93
849 346
171 388
347 374
251 859
843 73
25 391
84 403
687 179
43 119
22 229
474 353
474 86
765 139
70 858
90 698
396 177
282 320
695 687
311 405
832 161
596 688
753 644
83 11
442 557
193 509
690 135
94 891
815 784
151 800
225 679
503 251
623 44
881 541
558 104
899 101
874 735
258 623
881 112
164 6
449 671
78 798
791 507
440 235
337 507
139 820
863 247
538 307
360 243
847 434
280 723
66 442
594 702
575 867
861 860
814 232
621 436
823 530
460 884
898 564
770 736
666 144
79 196
850 843
24 254
22 695
62 347
823 247
587 614
0 857
188 541
70 752
39 816
835 686
664 760
604 639
658 46
664 595
622 332
0 225
828 603
881 467
630 410
35 273
164 138
111 576
280 139
146 21
307 136
640 768
59 510
54 144
353 885
84 538
473 626
660 806
745 283
788 166
859 652
203 523
172 655
287 743
588 212
692 651
438 310
106 212
408 464
838 222
492 321
245 621
740 218
237 484
639 660
414 279
621 411
116 239
707 584
426 214
636 84
435 313
94 299
228 217
265 287
89 384
680 723
758 94
74 481
272 427
669 81
574 643
616 295
96 715
698 14
47 158
862 602
56 735
446 611
143 388
179 141
590 394
872 196
38 104
244 95
347 689
112 332
235 429
751 464
30 68
49 767
807 292
153 295
705 278
293 485
684 553
890 899
724 47
183 482
151 898
486 719
101 469
666 537
556 374
240 455
495 663
517 293
540 333
274 423
899 253
536 768
357 376
590 652
668 719
50 457
623 493
363 786
375 240
794 463
817 176
256 210
699 46
464 667
364 67
863 703
331 219
647 127
828 507
66 384
825 791
423 664
605 3
493 158
301 886
0 135
678 85
182 198
782 3
588 488
871 502
174 631
655 662
485 852
229 718
759 762
578 838
512 69
123 658
167 202
609 184
384 124
527 408
157 708
235 64
735 622
305 11
827 622
674 316
539 188
323 605
243 370
226 480
599 256
409 563
592 456
634 232
334 619
735 789
489 448
121 420
341 289
347 701
539 517
712 596
878 184
438 886
73 829
794 611
889 42
787 214
259 471
749 482
525 309
165 40
153 705
430 567
522 539
293 807
819 587
723 776
738 375
122 157
786 190
198 121
353 72
118 56
756 596
310 251
518 196
701 764
215 648
398 102
488 153
14 487
120 768
706 308
698 181
722 556
118 611
361 748
459 132
135 807
791 415
840 749
330 575
33 797
804 521
665 737
95 704
305 830
487 692
850 633
105 88
360 636
625 776
653 166
323 114
283 2
366 455
530 819
90 691
793 861
459 842
329 103
362 865
813 483
811 104
144 530
542 427
311 546
661 385
463 415
328 279
496 613
422 757
87 319
812 873
126 120
214 698
751 321
165 177
767 889
67 846
372 642
845 842
88 662
549 49
556 758
26 138
517 875
698 395
220 565
513 802
570 858
682 432
480 804
813 791
795 383
125 249
431 243
866 753
471 129
739 784
119 56
505 892
236 273
80 603
370 45
898 614
392 402
777 778
757 567
606 160
36 48
881 472
871 94
24 487
685 550
352 561
642 735
591 703
712 117
294 839
821 72
569 697
456 392
713 747
766 3
178 887
360 586
466 880
526 521
831 226
146 42
847 37
509 669
783 208
658 97
688 168
775 772
54 721
44 474
273 65
269 626
610 803
81 391
496 254
566 108
630 2
784 701
159 37
321 846
255 830
779 171
884 673
252 333
507 724
169 866
388 376
122 448
636 132
37 652
676 297
500 830
790 349
317 224
496 268
431 55
491 543
899 788
221 486
334 62
44 508
643 386
451 723
279 383
26 320
271 861
887 53
763 448
69 319
617 587
850 629
796 604
440 786
711 651
35 795
521 635
873 744
786 481
592 434
344 2
387 791
526 112
699 732
135 131
720 223
98 774
896 44
595 289
70 491
532 846
288 764
467 588
456 679
751 20
654 572
468 852
897 115
601 464
725 637
370 443
511 748
514 51
165 571
532 25
14 455
824 866
873 607
770 842
6 582
52 257
897 224
812 610
889 519
763 453
455 648
318 238
103 184
210 494
488 116
217 879
16 804
479 123
136 821
625 806
285 421
135 362
127 236
701 339
182 896
80 503
98 407
205 850
723 635
678 784
509 56
571 739
302 296
35 458
328 452
526 26
771 259
17 464
382 290
9 474
291 4
357 110
765 94
477 882
721 891
518 500
334 248
802 760
732 114
81 715
746 469
364 387
106 653
648 404
550 409
512 657
845 224
468 244
642 699
390 375
519 9
278 764
620 342
359 618
167 894
74 599
232 408
248 833
392 206
380 5
495 843
271 680
381 119
804 708
788 525
364 32
885 549
872 214
127 688
895 395
758 209
292 131
551 822
580 644
488 578
539 107
501 693
30 87
136 351
169 198
470 675
28 814
835 734
148 648
149 4
554 802
497 523
442 488
25 505
189 835
892 815
786 390
860 130
711 594
875 37
516 46
87 69
387 781
617 293
504 443
803 872
715 177
326 626
486 340
220 832
233 324
523 771
671 821
596 331
225 478
224 100
498 652
49 472
822 298
666 744
123 375
674 734
529 659
176 461
816 40
516 487
349 192
376 731
32 836
5 65
14 703
464 862
595 307
6 535
846 141
46 479
361 520
446 289
131 391
329 796
438 432
252 140
189 95
861 807
873 851
321 53
791 173
426 783
64 0
318 773
750 406
751 832
483 34
478 335
74 861
68 0
98 33
795 164
871 258
209 471
289 261
505 603
807 474
875 4
705 56
881 408
829 802
21 703
738 459
816 166
401 453
824 420
735 380
712 18
435 794
59 459
810 557
895 364
587 582
370 530
717 896
262 104
496 573
8 667
383 103
850 491
793 525
328 601
107 194
40 728
882 214
187 616
537 419
537 21
133 346
131 264
336 119
813 777
576 473
703 369
151 35
881 688
570 334
798 496
27 696
465 379
603 811
832 473
261 86
115 406
706 180
633 208
428 355
577 788
606 199
740 651
361 585
516 811
824 562
479 530
746 429
332 712
604 808
675 340
300 439
750 147
896 107
396 45
290 407
823 23
147 384
720 17
58 100
187 49
404 753
96 728
780 0
197 511
25 334
530 55
142 733
663 166
506 682
270 229
544 0
772 745
283 573
172 361
293 685
740 585
603 769
112 222
760 728
602 267
187 324
676 349
208 169
435 711
260 194
62 803
152 701
638 221
846 661
116 537
645 97
107 6
653 577
591 234
383 158
8 618
330 87
278 18
666 526
540 672
104 604
3 442
121 298
737 267
153 18
676 186
727 654
129 896
760 241
55 622
170 531
857 845
700 43
43 326
463 505
205 388
397 748
763 263
345 721
636 737
340 125
733 431
803 539
367 626
30 785
401 258
423 254
578 432
770 36
228 98
285 536
417 44
153 6
848 546
259 802
43 440
479 399
135 113
61 653
319 260
16 571
133 609
456 610
292 423
620 183
171 767
76 757
143 296
526 755
283 408
559 891
473 179
189 675
409 793
471 172
475 195
394 139
588 418
3 209
426 350
873 832
827 285
514 166
172 750
621 71
319 561
408 829
831 851
16 429
766 190
662 725
567 832
369 853
684 710
72 361
72 566
479 483
326 56
527 619
282 817
111 93
394 136
131 5
827 541
857 375
846 248
670 112
235 759
130 386
322 429
343 829
112 648
704 300
751 463
402 702
229 312
493 587
426 495
714 28
15 627
32 90
707 766
271 872
314 91
481 235
273 786
749 384
454 617
590 426
865 321
822 357
761 429
296 675
80 796
399 577
186 809
783 181
729 538
143 288
318 677
429 258
684 343
64 539
816 231
887 568
373 880
521 614
631 475
325 697
394 623
152 295
333 461
826 182
297 351
194 580
730 135
455 657
63 398
567 617
433 554
326 119
231 45
532 568
783 795
70 646
556 62
431 609
340 771
382 530
664 584
156 775
558 151
727 627
6 785
588 489
594 212
121 10
815 860
757 627
176 603
246 377
560 47
650 273
285 256
492 825
738 650
866 811
563 863
639 885
229 530
16 96
712 626
353 693
612 702
586 448
107 452
799 522
678 274
546 28
507 86
420 434
448 447
515 490
281 115
99 144
876 32
140 1
76 232
761 67
876 615
245 403
888 54
314 784
696 733
278 549
268 603
839 92
858 802
155 127
544 593
691 427
310 809
209 46
808 896
497 642
264 595
96 420
565 278
221 717
567 806
899 813
57 822
415 507
556 595
879 592
586 724
405 897
774 108
770 192
544 345
85 306
458 267
555 727
531 730
464 164
802 689
555 73
896 484
344 575
618 202
486 15
682 525
459 475
536 344
437 402
834 586
827 457
474 179
371 870
92 756
764 320
281 493
624 290
849 316
411 304
530 18
355 348
653 732
867 389
654 325
2 292
569 242
211 558
238 567
844 609
567 485
825 766
360 61
736 74
23 2
891 889
115 673
339 699
69 66
831 461
141 281
410 714
116 328
682 333
44 414
554 555
585 38
663 396
23 322
500 618
622 186
7 23
693 681
212 769
620 683
852 272
439 332
396 178
656 859
597 744
672 231
652 292
669 38
772 62
29 388
265 629
785 354
376 180
446 61
568 877
438 834
743 357
97 188
225 626
404 22
68 696
582 705
496 280
8 517
37 83
212 85
745 134
223 75
30 766
619 600
315 741
535 787
49 89
311 36
677 204
770 712
571 141
830 67
551 133
692 140
775 465
841 807
812 135
457 683
394 498
838 496
344 784
484 167
32 488
872 120
876 280
444 751
747 221
284 722
881 432
337 712
624 502
524 327
740 77
761 556
419 411
428 485
495 278
100 432
392 552
109 11
150 748
140 713
504 209
7 644
327 332
761 862
458 541
539 294
682 473
306 249
578 16
864 666
636 264
202 328
874 549
550 849
456 375
46 11
125 385
626 126
396 456
656 893
522 359
684 44
402 132
274 93
245 787
406 865
37 535
856 538
171 315
368 148
4 408
184 265
185 10
747 287
142 349
106 593
456 80
687 675
123 846
123 29
382 359
266 9
415 214
368 309
575 815
273 560
195 219
206 595
423 751
368 348
303 761
482 803
344 734
544 347
194 237
714 179
807 16
102 820
401 127
644 141
62 758
665 436
94 602
151 517
164 604
884 890
892 512
440 271
589 869
545 543
495 750
551 167
862 193
842 420
182 821
451 125
518 877
703 583
174 701
381 413
98 38
18 700
801 304
199 794
427 62
863 438
768 95
463 591
274 349
14 426
221 679
769 556
146 98
846 608
172 455
713 315
252 294
15 422
819 552
176 523
432 390
654 561
61 50
353 476
26 770
737 387
225 9
275 335
707 366
645 805
165 455
399 610
812 342
315 699
347 891
374 495
790 694
50 323
189 2
641 778
36 446
593 805
341 97
421 626
236 811
365 660
729 53
668 728
619 704
738 562
449 470
317 647
561 183
383 712
45 783
672 486
762 6
148 877
82 391
397 30
245 816
785 623
185 781
577 389
480 600
165 586
420 21
166 270
859 866
875 815
177 205
641 710
318 684
271 409
31 611
8 712
69 671
58 612
852 158
373 332
564 521
710 156
358 277
84 571
796 74
133 823
582 345
48 700
560 554
507 678
11 293
249 720
619 620
176 778
667 764
464 147
210 46
561 727
195 809
520 364
892 524
86 774
551 92
657 245
200 831
326 874
819 98
267 570
469 38
810 427
180 533
474 576
316 802
775 360
17 733
5 398
140 406
783 356
687 225
752 541
751 506
354 392
877 407
216 871
791 780
225 259
39 599
435 498
539 272
833 114
14 701
132 767
151 609
93 778
680 184
526 558
94 742
363 882
289 769
858 657
548 316
510 570
591 842
446 125
627 561
155 473
779 836
462 563
576 789
546 52
158 208
271 390
120 856
607 641
8 451
313 191
346 216
461 692
98 736
151 157
767 708
360 381
106 818
630 850
179 271
475 66
457 306
60 16
302 888
160 157
20 28
767 563
683 45
400 309
696 434
476 13
144 610
481 484
606 445
185 879
43 677
680 441
239 3
436 171
413 203
292 503
121 645
255 197
806 33
895 433
477 514
159 467
882 265
692 1
696 669
393 380
771 151
354 165
592 815
94 278
553 251
696 376
36 696
236 11
675 290
698 577
206 750
541 20
150 331
681 839
253 578
500 234
672 808
185 695
357 279
322 842
781 878
796 213
699 10
659 297
365 460
249 457
418 803
243 156
854 179
334 71
261 299
767 801
3 710
0 190
651 465
856 145
740 282
403 487
196 767
257 142
886 839
410 382
18 831
799 499
610 795
447 725
649 11
322 765
367 353
537 659
679 88
299 13
683 386
301 826
245 281
563 141
122 519
503 623
489 18
288 728
59 719
391 852
194 322
185 256
539 851
531 447
742 838
266 66
156 20
87 431
178 627
723 861
24 898
611 815
657 457
96 200
373 0
443 663
261 381
433 17
691 768
709 97
410 281
772 278
811 758
611 683
529 576
244 896
510 27
7 863
536 119
255 291
416 588
469 652
186 521
682 752
730 453
841 307
849 425
180 10
653 618
170 883
56 731
12 229
802 560
3 587
245 438
776 520
605 619
10 52
142 769
149 788
689 420
4 410
523 620
454 214
576 393
162 847
628 884
786 881
139 193
882 87
721 498
631 127
379 840
69 832
862 888
853 487
352 620
668 91
786 127
6 212
581 15
782 549
627 328
174 598
123 412
714 263
251 99
766 207
522 622
728 678
215 90
692 505
752 17
252 387
335 433
370 400
736 533
388 800
468 512
899 102
153 69
56 301
557 19
357 618
689 865
732 328
468 825
569 577
621 822
414 75
168 508
411 494
118 450
134 445
898 799
230 453
612 56
408 587
554 278
488 839
397 600
287 277
66 210
737 57
599 512
7 721
267 347
179 611
501 75
658 392
234 750
185 801
607 861
158 273
865 109
502 400
445 712
614 601
139 110
36 788
38 890
86 757
284 576
244 795
622 792
469 49
192 320
645 292
367 660
534 676
2 528
307 267
789 411
244 316
763 97
90 678
53 689
416 509
428 25
232 836
432 669
578 205
686 674
423 883
678 850
842 834
585 489
478 148
214 278
759 678
788 684
7 427
230 146
335 849
314 397
549 57
556 406
177 473
375 616
540 38
221 62
886 291
601 197
709 714
331 385
191 633
824 776
0 394
881 310
728 547
44 372
729 553
404 106
62 43
575 632
443 325
59 642
10 218
109 203
639 690
671 538
359 659
253 895
510 809
526 819
170 335
309 876
354 16
633 535
794 854
859 529
45 760
899 77
156 293
698 443
449 66
599 748
670 80
201 602
830 322
819 581
153 254
463 835
714 264
401 232
97 291
324 77
634 439
357 595
409 636
812 39
106 220
181 153
583 775
727 436
356 137
407 259
601 474
129 595
226 584
606 738
889 116
355 848
70 42
26 699
608 500
191 393
96 677
342 249
493 356
646 429
463 6
216 563
185 633
814 561
752 596
850 486
388 455
463 445
596 212
154 113
331 195
441 705
64 38
71 836
479 342
635 843
690 801
231 223
801 330
857 761
128 599
517 40
775 742
737 438
626 220
35 675
409 788
245 242
498 765
564 738
297 442
467 459
194 777
508 283
650 807
712 760
828 561
592 796
869 387
507 684
411 590
342 100
853 729
672 549
516 461
736 445
485 528
94 624
126 82
723 296
60 129
796 123
350 823
286 719
754 689
459 726
418 861
547 868
488 256
709 81
794 704
519 346
109 207
661 352
509 780
592 723
777 712
863 302
898 627
251 130
518 678
245 754
489 4
533 788
123 548
231 194
127 247
742 266
649 350
732 90
375 442
477 229
458 379
520 849
434 526
308 625
882 131
138 255
846 320
857 475
444 712
109 54
850 618
505 482
863 289
652 366
887 28
287 55
604 44
714 79
303 832
165 442
245 254
425 719
39 588
618 725
393 440
84 467
28 867
375 241
189 175
795 216
175 602
546 314
365 779
349 786
266 853
755 130
255 201
660 788
366 86
766 221
745 769
26 203
163 191
873 224
189 425
51 600
587 130
403 397
452 480
228 700
392 281
336 690
715 482
853 437
263 878
560 317
26 482
156 514
881 272
678 577
389 778
586 793
571 324
171 149
889 424
680 638
310 133
145 266
91 824
238 359
132 728
387 411
529 447
674 380
17 156
261 679
535 397
395 570
497 607
774 44
806 789
674 866
684 155
111 431
195 248
126 511
624 853
135 173
103 18
39 35
608 455
152 775
404 571
267 669
267 696
887 857
814 20
22 109
17 158
582 234
6 459
466 117
657 204
829 784
195 458
456 211
61 211
846 464
232 26
131 625
725 839
218 517
44 304
808 439
276 204
264 280
19 131
362 872
712 671
799 788
768 797
286 703
763 32
315 503
133 771
597 255
194 840
761 793
718 616
13 340
422 259
72 731
106 259
373 827
475 101
44 785
704 644
315 339
110 528
818 30
811 260
181 707
699 796
670 29
449 730
359 394
151 253
802 304
89 477
888 885
883 709
44 705
28 47
643 409
1 442
883 448
692 211
1 131
0 678
809 351
413 411
129 54
271 713
812 270
526 806
489 675
288 385
74 461
8 135
390 852
784 898
265 532
200 794
586 563
221 222
815 708
860 242
415 312
104 69
288 262
154 734
144 28
178 113
822 668
596 783
93 182
461 679
85 776
269 513
583 726
545 555
563 246
108 129
449 414
81 360
303 812
687 629
428 846
441 200
686 4
58 69
189 72
763 328
282 627
523 322
445 679
98 281
428 7
208 823
8 211
624 399
550 774
157 256
331 408
774 29
30 17
368 406
206 805
843 493
669 96
701 142
500 324
228 48
819 425
78 330
720 158
791 887
784 688
293 772
583 721
397 112
618 90
138 807
73 12
690 845
648 782
851 257
533 133
600 347
771 498
508 737
515 476
497 577
111 722
580 324
445 891
12 782
713 276
25 22
276 458
837 757
379 841
307 444
438 311
228 614
49 447
724 819
889 591
743 407
293 735
513 81
397 672
512 223
204 38
57 98
381 155
827 661
680 548
652 121
113 103
101 403
495 850
397 413
8 663
726 511
85 102
194 868
644 546
432 309
70 550
35 747
445 552
209 132
480 823
886 38
744 83
671 337
755 383
40 512
125 591
492 358
397 479
719 654
339 378
187 775
5 351
684 845
96 848
328 807
571 663
350 794
522 646
243 186
46 169
148 870
236 331
732 532
111 570
811 193
302 832
883 478
484 329
15 166
697 241
439 673
861 383
326 471
817 172
714 151
548 451
15 358
230 397
109 473
225 471
276 447
762 646
761 789
355 888
580 80
397 206
644 649
351 519
862 734
693 758
228 456
767 544
781 838
847 837
770 73
115 270
429 875
58 426
621 376
704 10
559 678
815 160
61 166
797 565
186 138
0 187
148 718
40 592
608 304
362 669
680 232
522 785
464 424
804 94
354 231
312 240
520 876
249 891
43 7
624 807
639 533
733 826
781 214
177 159
586 371
727 769
294 125
508 259
807 151
530 424
94 883
293 696
208 724
723 790
296 462
793 148
178 667
792 13
348 836
603 887
604 377
804 666
228 20
192 457
130 807
410 357
534 790
165 174
622 603
49 37
424 659
236 665
839 644
868 774
770 686
466 18
515 849
55 106
42 321
185 21
360 779
665 106
649 222
615 741
583 873
807 120
82 451
116 834
607 881
353 8
880 599
324 591
751 569
380 11
247 113
93 339
365 473
139 893
884 562
229 481
759 196
256 471
414 39
824 817
426 898
758 877
370 401
354 593
430 590
484 479
497 203
274 168
392 747
15 427
858 213
601 209
461 5
281 663
304 193
847 373
99 822
643 289
462 691
481 429
479 1
526 73
529 162
654 790
448 568
464 118
524 526
334 392
876 728
786 547
893 792
413 426
545 891
803 189
858 757
853 398
283 729
790 867
695 302
560 361
678 734
659 678
708 511
699 108
20 104
65 828
281 189
283 14
333 814
602 63
843 140
729 772
489 36
621 786
726 305
851 569
600 771
599 876
570 708
447 598
861 767
425 871
717 204
579 656
124 894
22 78
672 606
429 252
530 80
412 114
421 527
528 643
299 463
6 61
426 656
701 282
820 240
449 136
71 208
882 376
891 779
736 483
635 774
614 358
403 541
366 892
103 453
282 166
879 692
420 511
158 112
667 437
851 597
432 894
881 544
56 712
128 511
22 142
142 882
301 58
897 119
876 581
553 587
409 44
105 622
85 423
97 315
100 472
217 198
367 211
349 483
709 547
563 59
332 320
676 169
781 773
739 112
197 421
235 596
684 157
1 93
725 67
10 868
15 4
108 178
216 564
218 475
164 78
693 427
212 431
400 32
14 175
846 228
18 817
387 248
475 537
896 19
101 621
627 355
303 147
527 715
43 121
884 782
794 466
783 836
759 530
382 27
461 800
130 345
776 163
594 559
615 248
740 171
415 27
716 101
677 822
781 780
196 862
824 865
496 571
685 570
50 328
565 336
860 134
43 472
372 97
847 704
543 500
763 781
810 754
469 539
511 729
738 579
583 864
598 425
147 228
836 403
651 616
743 645
234 380
639 559
590 27
376 520
417 52
576 455
786 522
756 167
167 193
316 215
773 602
299 531
480 232
308 194
556 164
71 664
299 556
557 223
248 616
234 268
282 512
289 760
829 146
105 255
444 337
352 896
503 231
393 177
203 27
534 263
700 41
118 549
883 364
781 337
750 24
650 329
876 96
758 501
471 501
301 530
445 282
868 288
724 874
103 26
335 231
305 5
612 57
876 441
634 319
494 132
433 443
426 281
874 526
820 637
613 293
340 526
756 300
410 45
330 308
857 219
803 135
91 159
429 131
56 851
4 19
30 824
152 403
609 263
334 3
107 620
737 606
634 563
683 392
823 319
237 784
798 192
142 194
397 359
61 723
847 287
524 7
21 551
294 121
576 702
491 47
548 652
341 811
381 110
546 307
360 800
130 276
835 206
799 360
230 235
876 202
365 716
743 656
198 79
601 828
248 267
575 892
111 376
542 801
835 451
264 548
89 69
223 102
551 373
242 202
846 638
486 699
797 892
777 539
590 81
304 760
20 881
346 383
672 698
503 426
178 473
280 663
227 32
214 845
454 537
391 89
768 727
664 817
515 876
608 480
231 849
430 91
234 193
151 163
287 553
834 568
376 496
450 232
751 119
555 367
547 194
874 733
119 469
877 153
399 550
846 289
683 764
58 878
772 631
214 696
20 677
191 513
437 713
609 494
184 250
487 463
362 748
106 644
893 231
881 844
238 816
808 132
412 692
210 571
659 432
150 730
650 200
781 324
324 336
468 841
336 721
771 336
576 593
583 832
438 488
524 523
472 690
848 815
179 727
594 57
683 468
749 340
527 688
315 353
415 248
685 476
392 527
532 658
198 436
257 430
810 532
511 149
175 531
537 111
125 676
195 671
733 391
114 203
685 299
111 27
471 25
328 545
456 872
595 185
436 428
247 435
846 492
636 433
492 499
655 311
413 168
241 235
411 235
838 646
782 346
659 206
579 731
716 20
537 350
604 770
224 136
543 873
489 797
695 691
729 642
38 343
818 630
447 164
639 408
272 40
394 63
398 792
436 269
713 517
708 427
779 390
211 664
890 729
897 686
813 374
833 745
305 704
681 476
112 316
702 207
453 33
604 35
0 623
32 872
140 708
799 570
695 578
275 344
624 24
342 415
812 814
646 519
662 837
514 822
314 639
451 394
304 135
489 221
448 805
327 41
441 761
845 762
276 762
186 34
269 228
768 148
78 764
591 582
611 489
681 820
616 68
554 424
615 17
455 368
692 510
126 478
874 728
562 596
43 133
359 257
737 578
475 377
136 52
493 872
860 565
648 447
43 254
387 8
331 128
853 211
844 775
99 271
660 679
265 189
452 19
55 538
68 386
134 114
155 405
799 400
487 203
132 557
246 363
403 77
374 683
823 22
425 402
738 53
555 737
514 275
482 553
244 667
599 149
132 849
85 886
263 460
80 243
174 438
758 566
56 200
209 461
577 751
884 349
891 62
507 255
1 393
37 265
190 752
183 833
752 398
514 315
255 571
176 765
771 871
249 164
491 258
21 151
120 601
863 84
247 834
682 323
388 216
218 261
827 128
691 401
362 216
887 9
684 290
63 306
585 237
68 227
6 142
66 880
195 359
282 797
769 566
375 304
836 766
192 741
846 566
423 556
778 143
291 609
497 166
545 191
399 593
533 835
406 747
763 121
283 441
298 571
346 695
458 339
280 896
295 582
303 815
480 450
585 340
408 481
422 554
62 173
236 559
114 303
709 452
769 343
294 567
630 182
685 210
363 439
475 36
611 159
415 527
405 367
271 189
785 683
674 9
754 816
19 391
732 837
656 217
293 868
295 483
224 1
386 274
471 38
745 102
476 835
387 455
626 617
233 125
885 59
331 504
20 245
336 896
844 475
465 695
668 326
545 819
70 675
762 681
148 129
145 355
427 295
129 556
638 771
727 518
787 109
502 106
103 802
128 242
216 307
479 472
55 11
336 52
708 485
882 505
528 376
748 847
481 6
694 500
119 400
226 180
819 842
121 412
508 686
707 839
76 436
396 717
242 614
815 50
486 565
819 95
336 844
105 134
26 197
465 131
887 59
344 27
557 0
741 233
480 0
664 19
653 824
725 7
806 480
690 699
265 299
324 279
815 698
211 283
606 621
502 166
636 766
347 589
164 881
804 627
808 708
448 44
384 451
183 899
28 265
416 737
660 625
170 638
349 530
464 819
691 260
394 491
444 688
477 518
339 806
377 251
205 547
839 459
253 315
151 104
395 433
733 745
798 346
194 523
124 593
179 628
154 116
818 727
668 317
436 755
174 192
552 202
476 27
150 486
34 54
370 661
321 567
646 612
752 452
39 859
543 651
802 889
176 792
468 894
25 321
678 847
390 888
391 127
5 417
463 313
180 466
235 163
472 740
810 815
257 753
643 455
662 446
553 521
154 536
706 47
460 28
93 687
222 787
63 347
430 180
752 127
828 280
192 845
669 685
837 22
638 685
129 13
417 399
123 387
788 101
160 679
630 1
701 744
312 639
457 331
430 334
329 794
364 427
541 555
603 669
822 184
843 128
411 390
690 174
236 96
553 599
283 761
272 418
305 785
753 506
655 265
198 166
189 716
129 743
634 400
388 682
419 320
8 798
35 466
776 385
541 362
220 696
717 787
822 480
265 869
95 84
391 859
496 179
514 613
302 223
382 713
683 685
17 100
253 436
4 869
606 822
854 395
620 68
145 275
866 143
537 724
872 327
845 464
13 54
505 89
239 293
571 126
241 783
475 162
869 373
370 409
84 678
39 709
109 55
802 56
518 181
582 176
272 752
840 460
651 685
773 394
532 764
744 617
2 322
112 485
101 881
270 202
201 802
57 388
43 634
666 48
600 54
598 298
747 356
455 342
6 261
158 694
527 544
694 389
290 21
148 532
302 566
590 418
357 120
171 221
560 581
650 253
678 777
232 155
772 401
741 408
78 474
465 342
154 22
530 408
193 202
229 654
849 420
254 71
608 671
236 89
640 549
443 589
37 610
59 650
323 95
491 682
504 125
440 133
872 315
637 217
339 523
166 391
752 694
549 446
699 184
609 2
257 84
359 696
886 881
153 742
610 331
827 534
674 621
81 855
740 896
72 848
741 102
516 790
712 483
738 385
134 128
249 407
186 283
672 604
837 429
364 722
146 332
281 713
15 221
631 855
686 463
193 836
59 202
169 614
462 735
407 327
752 378
521 706
201 428
572 612
423 390
591 102
744 195
88 897
784 89
426 5
229 19
472 802
652 556
886 128
468 257
837 484
537 364
899 878
154 99
573 137
694 671
444 660
598 122
264 822
184 759
4 268
886 686
510 303
628 762
395 425
662 668
875 184
116 152
312 767
302 17
455 421
534 844
258 587
497 480
135 376
416 139
408 655
387 395
139 141
468 521
400 326
751 89
392 275
243 343
854 713
230 268
151 392
362 586
454 53
484 739
60 759
113 518
341 29
675 771
503 436
87 747
173 520
510 490
475 182
373 663
257 652
652 621
189 539
326 405
252 516
838 373
678 691
558 580
660 238
655 538
873 345
393 624
75 311
125 836
483 408
362 222
456 251
227 207
310 215
353 1
344 715
879 534
500 542
482 232
211 823
128 169
472 530
777 625
148 428
688 275
899 561
685 790
261 495
149 413
124 774
816 375
706 126
236 895
599 492
817 382
22 536
104 15
775 401
197 307
851 401
255 700
656 64
764 873
551 315
819 2
509 451
475 707
623 581
332 846
862 625
649 494
175 599
425 847
60 585
55 114
831 191
802 148
173 407
499 776
324 831
76 691
595 887
445 381
754 853
635 186
848 887
630 516
103 611
760 391
301 231
319 731
271 837
298 210
339 68
377 90
122 192
304 259
124 821
534 301
416 621
522 441
726 630
783 527
438 682
789 833
324 760
479 380
529 261
349 253
223 428
57 246
736 284
288 870
329 563
5 817
815 749
13 11
832 817
569 690
53 757
346 202
700 172
153 130
428 656
689 453
258 12
530 528
567 344
256 576
88 317
73 522
415 424
192 735
455 799
6 197
692 766
517 851
746 21
678 532
768 514
197 96
333 364
820 439
416 664
134 477
575 293
184 426
181 206
599 652
417 275
336 97
162 652
236 612
657 831
220 163
373 658
272 668
324 143
112 360
378 642
222 782
200 808
369 802
197 745
656 250
493 579
634 564
575 478
553 229
416 611
453 257
338 637
329 21
183 523
718 640
889 286
212 779
102 723
196 251
68 509
242 329
792 70
786 412
129 284
452 660
744 875
226 506
805 777
619 555
572 523
208 245
485 529
274 225
463 309
591 762
337 326
145 811
199 444
61 7
172 211
155 827
668 97
680 838
49 491
891 29
52 397
631 674
706 376
573 701
117 399
525 710
91 318
634 410
328 505
70 420
863 320
371 615
612 290
776 767
315 680
227 605
487 756
383 492
388 873
393 690
53 115
148 322
822 204
392 234
406 377
898 697
225 233
11 168
436 305
730 597
675 619
120 563
704 64
23 650
284 502
98 206
187 890
746 415
47 885
303 603
271 892
56 242
456 624
579 67
5 331
538 766
886 366
696 310
757 851
286 224
510 299
525 442
406 737
379 566
207 68
63 422
266 625
197 706
506 390
292 350
861 106
503 261
632 662
343 102
612 131
188 243
166 894
106 57
790 548
840 2
188 38
134 120
692 625
664 408
821 350
865 123
694 177
791 339
593 704
564 124
591 151
781 409
52 532
545 686
634 814
627 248
424 774
47 206
220 380
389 836
515 536
555 172
875 536
367 44
459 215
702 480
513 743
608 167
653 414
306 759
639 482
472 448
297 868
697 799
67 653
642 368
605 662
52 615
39 663
843 705
355 476
132 775
59 267
540 633
84 719
317 861
190 304
517 613
507 354
797 308
554 509
521 762
631 609
577 656
420 712
577 427
453 41
774 89
691 135
510 279
544 766
767 278
257 840
228 745
27 82
719 277
483 390
823 387
102 842
669 753
493 403
457 128
887 51
831 282
416 511
355 525
852 256
16 175
852 838
833 171
687 852
700 660
197 98
485 456
210 329
639 175
189 576
696 465
452 694
843 808
574 78
498 442
89 687
418 129
819 374
187 747
653 567
748 160
346 125
661 675
110 702
537 565
171 605
806 840
774 830
257 597
868 521
183 795
469 630
843 1
686 847
782 162
297 491
877 143
333 443
301 516
836 525
401 428
445 507
143 76
239 381
440 739
491 745
207 711
466 868
767 33
281 226
767 898
449 559
634 663
439 446
289 524
551 156
281 868
369 1
245 583
306 216
591 446
600 694
360 346
386 200
61 644
655 893
378 204
181 283
86 281
439 542
257 58
696 146
143 772
195 594
90 64
228 216
397 767
111 552
885 651
215 757
808 575
5 343
149 287
411 601
788 404
103 831
546 686
169 593
745 434
305 98
304 700
62 95
544 792
567 132
842 688
649 489
5 62
77 410
715 669
510 768
673 334
287 704
653 641
287 486
205 293
221 331
706 120
249 823
703 193
710 55
31 138
666 226
403 593
878 506
155 810
691 443
86 2
398 299
893 193
357 803
119 854
899 233
631 865
417 327
436 408
224 238
812 854
777 284
732 199
662 755
796 424
796 777
221 843
449 206
689 320
189 607
513 660
725 591
635 130
162 158
119 628
559 585
358 147
136 531
444 18
476 363
811 536
451 527
848 25
362 180
278 874
787 607
593 312
404 72
190 231
212 476
764 219
879 351
312 44
111 566
344 133
43 231
881 630
500 874
538 147
117 750
26 756
49 117
94 63
543 717
485 332
608 310
650 116
260 626
56 6
379 563
101 344
148 126
763 494
724 93
25 160
633 857
356 465
419 99
886 175
270 495
441 57
192 116
98 511
156 320
871 127
780 717
369 558
49 175
115 512
548 621
879 449
117 518
154 382
606 439
601 454
706 806
822 891
44 62
533 164
729 121
61 197
425 237
300 713
722 686
163 687
818 177
406 626
883 276
519 324
56 23
229 129
231 371
23 622
427 735
417 569
502 858
842 496
534 167
657 535
142 606
299 700
677 360
761 814
273 533
738 847
510 328
395 732
538 576
354 224
651 371
785 614
215 138
310 844
701 327
572 507
865 324
594 286
877 648
801 91
563 221
348 344
618 541
174 365
377 397
483 639
335 845
881 773
190 455
418 104
471 560
253 660
653 498
192 54
696 469
744 604
830 102
509 655
437 569
163 389
861 73
356 54
176 322
436 272
576 38
893 624
242 801
597 847
871 76
340 881
760 417
604 883
319 554
287 632
578 378
419 329
5 255
551 808
283 825
128 736
556 457
752 550
627 98
350 848
506 670
354 837
104 333
147 393
447 360
148 185
689 880
557 775
802 810
822 216
50 754
751 747
175 872
880 605
18 406
538 52
456 428
24 538
603 431
9 607
363 18
24 681
103 16
887 443
401 846
743 546
457 247
729 456
511 436
523 879
317 435
787 441
850 551
154 676
373 557
410 886
864 212
795 477
838 891
477 588
553 386
774 426
284 207
848 552
858 451
886 688
409 536
805 478
475 770
470 739
795 846
470 669
129 796
57 158
742 138
688 11
802 396
62 93
566 684
49 796
353 458
621 48
586 552
203 770
757 763
676 65
221 214
180 86
382 648
835 285
190 686
200 461
102 52
234 444
85 743
818 336
389 881
380 659
701 610
887 761
165 402
365 810
440 46
767 567
184 777
661 784
784 614
77 19
356 67
75 861
386 834
731 325
397 435
120 333
332 11
866 154
893 96
703 67
219 515
320 720
337 863
491 862
878 601
457 713
470 574
440 575
318 473
169 706
523 498
6 455
587 724
472 643
241 210
35 32
608 356
507 716
843 40
450 310
153 240
493 878
798 269
356 435
712 48
675 824
806 28
873 578
707 898
824 744
508 870
233 284
890 731
131 591
817 197
615 271
775 9
651 293
411 549
682 502
778 808
232 28
477 3
546 851
761 738
137 453
874 581
364 505
527 521
739 702
895 889
589 284
301 730
721 672
107 415
289 156
556 224
695 699
714 225
471 231
531 300
89 831
280 224
681 470
422 670
852 619
116 130
816 304
115 724
852 453
276 780
495 622
346 400
291 782
108 116
288 447
283 264
658 845
880 677
296 173
271 528
90 341
822 700
632 413
18 377
188 762
891 424
750 871
92 788
884 266
591 218
223 119
131 441
865 760
59 764
371 415
303 683
131 86
738 163
199 18
8 104
665 489
817 714
107 674
624 12
81 771
319 536
122 327
240 162
865 793
123 150
421 20
323 522
529 835
319 144
701 264
268 782
630 824
448 127
438 771
805 650
252 282
756 55
430 687
515 465
378 32
530 307
598 887
738 130
487 420
254 334
873 457
200 459
260 176
116 258
529 538
717 493
284 223
661 233
332 30
157 690
74 719
646 117
127 516
758 672
359 61
423 214
492 866
197 154
847 838
775 270
153 353
304 168
401 762
810 381
589 19
472 281
766 897
162 217
715 602
716 667
673 454
291 780
743 247
146 718
550 357
769 21
152 565
30 303
496 144
34 613
590 354
499 252
152 787
103 754
682 803
603 630
842 837
640 593
256 884
436 545
56 552
422 645
781 135
145 440
231 137
288 495
359 676
884 384
186 495
858 537
463 356
15 689
704 284
16 476
718 300
261 606
273 535
35 257
616 376
816 365
550 326
641 758
869 32
745 378
774 599
497 204
474 67
822 557
396 461
162 501
49 183
407 726
835 573
545 338
287 408
81 784
434 352
646 147
332 435
159 726
105 281
629 802
598 599
114 131
853 616
33 510
174 679
688 690
221 397
218 205
893 301
797 326
85 82
627 94
20 772
764 714
464 544
118 504
619 502
575 810
335 487
722 843
377 118
328 56
610 31
143 668
897 422
392 209
551 408
58 311
86 298
45 382
419 77
312 17
32 284
498 667
557 833
810 59
670 649
898 72
105 294
455 751
892 334
143 220
63 692
26 4
24 471
330 85
822 868
697 172
360 461
771 867
259 781
19 854
313 745
697 269
757 483
135 867
707 138
102 66
54 387
464 870
891 4
774 62
492 254
729 189
418 72
326 763
178 329
490 466
848 533
740 793
533 406
232 729
724 888
393 80
427 466
577 787
58 101
5 434
362 304
475 303
302 171
357 421
743 847
30 711
681 590
59 60
738 329
81 702
520 474
546 756
758 310
393 737
705 70
355 170
382 574
12 529
617 240
558 633
864 12
780 840
844 661
38 223
566 674
326 720
347 749
123 885
508 39
128 848
88 847
530 626
723 78
876 808
633 531
106 696
493 30
805 736
168 785
440 672
24 593
490 832
81 283
651 753
67 468
387 551
736 361
357 622
769 392
256 9
51 453
261 744
701 111
385 183
227 711
717 490
595 258
578 816
201 138
137 121
417 303
871 126
123 259
479 146
64 548
523 63
837 41
669 431
142 587
718 259
193 863
564 506
254 594
840 351
392 137
434 469
286 241
441 560
124 512
851 621
837 879
104 389
846 261
401 202
877 7
592 513
373 518
377 579
844 618
878 55
481 287
479 709
819 492
381 66
684 133
7 582
517 781
770 795
382 480
127 107
524 600
81 158
728 682
148 159
389 239
415 317
133 789
807 376
385 210
418 792
301 450
808 858
456 881
852 575
380 561
208 301
452 39
813 218
434 405
355 335
719 637
279 450
31 255
620 768
545 32
37 498
719 253
824 193
221 198
8 554
