270 2000
21 116
229 18
144 28
232 118
166 47
192 267
264 117
149 143
156 246
213 120
135 108
2 76
137 78
232 42
36 110
61 218
248 238
205 37
178 14
122 48
134 44
47 25
170 236
16 187
105 100
122 151
129 186
138 111
221 212
14 179
137 41
169 122
132 45
23 268
82 183
113 67
158 174
76 4
154 180
225 24
162 116
222 190
16 201
266 59
166 158
55 209
84 63
191 29
227 26
167 252
198 251
101 49
161 51
97 187
113 244
88 162
195 244
227 168
107 83
205 77
20 1
121 252
261 206
88 241
180 121
67 108
123 194
93 34
159 37
22 195
235 227
259 46
69 117
257 152
144 238
200 51
17 219
226 206
213 26
152 182
80 33
178 91
98 182
174 143
18 194
99 184
189 20
20 61
226 251
101 66
251 265
166 196
36 80
115 171
217 175
175 251
198 14
171 41
18 66
41 229
126 8
18 185
131 256
3 108
166 237
21 128
195 201
116 20
254 220
191 171
206 32
167 103
38 143
3 85
155 7
110 245
56 20
16 125
19 50
62 106
252 234
86 252
3 53
159 61
237 4
55 56
249 37
71 77
0 250
203 202
193 24
139 8
147 53
245 191
242 171
234 195
202 156
232 153
127 96
76 178
58 148
157 32
230 175
181 32
201 251
221 141
55 0
33 9
81 199
51 235
262 64
220 147
175 66
48 173
134 50
219 64
127 247
247 80
64 75
1 66
241 33
84 171
245 120
75 69
257 167
188 60
190 84
126 175
31 123
162 140
161 131
187 245
217 6
194 33
198 127
107 250
217 237
238 1
74 126
211 243
147 56
211 53
212 188
50 42
197 68
162 143
149 49
86 106
55 69
241 17
224 52
71 208
41 186
175 202
20 231
69 124
203 78
83 199
166 198
194 214
234 135
101 237
223 74
145 54
182 159
183 166
85 99
252 108
173 125
217 240
47 4
52 41
219 244
9 123
91 157
137 13
213 77
30 238
71 229
101 253
109 33
161 109
189 45
241 104
154 7
179 207
80 205
59 61
20 26
20 48
107 16
239 125
154 144
194 205
21 230
69 164
128 97
44 120
178 202
49 5
137 117
78 128
86 129
24 263
35 111
194 96
16 1
93 267
81 247
44 159
18 8
13 28
260 237
220 269
63 180
9 185
80 185
206 174
249 42
219 103
143 169
110 12
85 166
227 188
122 31
183 269
236 106
251 247
206 187
176 217
173 200
80 229
242 96
120 99
79 174
87 258
161 46
26 9
9 187
178 252
181 27
233 51
125 220
161 176
99 196
175 214
222 34
74 162
129 156
69 120
226 172
190 266
73 201
44 199
257 12
132 7
95 262
204 57
13 151
16 68
96 184
259 163
89 157
167 55
135 252
90 166
167 83
92 210
85 140
197 157
233 107
210 182
55 150
113 167
25 253
19 256
209 206
168 90
122 206
239 154
221 118
233 240
41 4
64 78
208 110
130 196
9 223
248 86
125 180
62 8
118 65
261 174
205 198
55 120
113 139
140 186
64 153
100 144
151 248
233 5
17 86
208 179
161 238
194 234
1 155
52 194
246 177
37 50
76 97
115 119
138 268
130 39
227 221
216 139
98 81
124 240
28 179
47 81
114 255
254 117
129 105
1 222
182 184
33 200
35 80
141 124
181 216
249 189
87 72
158 183
93 36
151 219
6 165
122 47
216 188
167 168
64 234
55 43
220 239
230 68
108 263
8 156
268 128
149 118
187 247
154 146
75 207
85 37
46 164
175 216
189 24
228 150
101 114
129 99
203 228
199 107
196 163
233 155
7 51
252 210
259 254
91 117
70 86
170 242
79 167
79 88
112 52
164 119
31 206
176 57
183 251
147 243
106 163
185 89
61 181
61 70
104 222
228 161
168 172
81 3
63 92
73 257
180 242
56 195
263 39
58 107
29 216
83 178
91 262
187 41
21 235
42 142
171 176
172 184
206 75
102 177
128 106
214 252
77 154
91 168
93 50
70 142
230 240
185 263
85 27
229 169
128 1
62 269
37 147
230 256
95 222
100 116
97 152
4 143
129 7
137 99
253 177
145 252
34 187
13 268
109 47
135 195
188 106
120 84
172 43
229 203
103 66
225 265
7 93
69 162
5 98
239 124
239 165
162 113
69 78
173 93
36 32
119 231
49 39
78 145
263 16
71 210
181 15
34 90
257 86
138 85
129 74
78 110
247 143
212 207
83 202
37 150
124 213
161 50
168 190
266 222
162 51
244 209
14 152
207 225
23 88
56 63
196 89
53 33
138 260
189 22
199 69
51 63
32 90
22 266
98 125
268 70
58 165
12 231
172 81
170 205
219 122
192 194
70 36
233 53
145 117
55 14
203 157
88 156
173 257
265 185
136 80
51 175
207 57
119 55
224 159
144 263
185 174
246 114
3 260
98 112
129 136
35 179
129 36
250 168
195 41
191 72
62 215
45 75
148 156
142 200
65 202
41 233
215 232
208 131
19 162
108 183
80 169
199 124
6 88
152 30
230 199
48 27
83 16
254 205
12 241
136 15
186 48
170 41
39 195
145 241
109 219
224 9
206 149
37 223
138 197
77 24
116 112
75 14
170 22
146 71
1 230
216 84
174 80
23 67
174 254
125 161
243 47
220 66
219 80
149 224
8 227
57 151
220 226
40 105
121 105
189 44
131 154
14 250
119 67
228 213
66 199
191 142
0 125
206 250
105 85
79 219
85 93
111 42
54 122
20 100
21 257
85 21
257 88
175 244
186 20
154 189
101 55
142 179
131 192
165 209
100 125
15 183
80 234
255 216
22 87
16 179
13 177
146 21
127 223
13 3
125 222
112 131
226 108
83 95
261 145
123 219
123 71
204 54
79 150
56 221
180 229
97 39
188 84
181 191
7 8
192 138
122 232
138 61
76 139
7 169
262 122
86 82
86 165
131 21
142 37
86 153
80 172
245 134
23 153
15 252
111 124
208 207
58 67
102 154
111 12
165 186
69 115
45 184
267 218
67 252
67 215
216 91
216 88
58 116
44 194
35 52
193 148
22 57
19 82
7 131
126 208
192 211
36 88
12 118
267 105
230 255
206 223
192 101
63 172
149 54
242 239
250 192
211 182
267 124
70 19
46 125
30 49
156 90
145 223
225 205
186 45
248 79
155 136
97 91
30 234
146 90
234 22
41 244
262 163
76 189
106 142
21 109
58 60
267 15
201 156
56 29
28 8
34 115
61 116
254 265
252 142
9 194
31 250
121 188
148 172
174 76
255 227
97 107
184 154
52 128
84 22
90 4
164 15
116 101
250 108
38 166
108 91
259 52
64 253
207 123
230 191
78 6
92 223
205 129
191 168
76 116
152 2
246 147
22 176
71 96
45 179
207 202
85 59
202 218
228 183
144 21
243 152
172 180
135 6
155 229
55 130
246 89
62 53
53 94
15 3
112 86
263 233
175 94
172 130
154 68
227 52
36 182
211 61
79 249
158 106
120 16
109 29
177 92
257 27
127 261
257 221
260 155
60 9
262 191
51 264
153 125
137 153
85 191
27 235
200 27
261 81
82 103
78 258
116 194
174 20
268 24
241 188
28 34
25 101
167 110
69 80
4 91
39 40
214 256
68 52
183 56
196 157
130 92
57 90
19 98
80 78
8 82
61 196
61 10
84 269
189 135
124 139
85 127
168 20
99 180
265 117
156 1
140 229
95 12
3 240
83 63
251 205
181 75
38 261
108 139
83 234
253 220
128 86
202 32
37 152
83 58
194 177
231 54
65 85
71 63
104 244
125 119
83 24
2 252
240 247
77 99
238 101
167 13
47 216
252 147
28 42
34 96
85 213
34 171
249 120
201 86
52 173
237 144
138 177
77 132
80 145
250 153
27 241
109 77
245 57
137 204
121 258
193 143
244 79
44 72
31 210
90 228
205 135
225 39
165 43
238 5
150 142
223 173
232 261
88 215
130 40
90 119
146 115
246 153
66 111
195 187
30 5
13 114
234 32
139 178
172 156
123 227
72 57
20 41
132 231
205 188
233 24
108 24
255 39
60 121
181 118
262 31
125 213
252 261
196 195
160 267
145 52
63 157
139 243
164 29
16 230
183 262
70 189
70 241
30 62
63 177
210 29
218 124
16 174
178 263
41 166
243 111
59 260
119 250
163 219
67 165
41 264
12 62
30 156
225 78
58 75
189 121
136 220
152 35
222 163
124 108
144 249
86 198
26 191
149 85
20 67
19 134
38 185
239 6
228 241
45 97
164 27
2 18
265 176
137 247
169 70
189 49
81 179
74 45
77 230
15 39
93 180
134 118
219 113
97 204
231 177
167 221
2 250
235 13
155 207
27 236
28 185
255 175
80 197
173 222
66 193
88 60
17 134
179 227
90 3
54 92
233 18
100 98
11 153
199 205
131 156
105 99
74 83
203 95
15 61
153 55
202 259
112 136
169 84
188 7
266 14
95 130
166 58
6 236
185 193
33 243
205 193
89 28
175 155
209 21
225 195
217 43
227 231
185 37
223 154
34 125
5 173
236 87
15 138
220 185
173 193
14 167
8 183
90 19
210 122
117 162
256 77
135 151
90 128
154 93
82 93
2 215
192 112
199 245
66 122
158 79
184 57
137 126
257 109
90 158
55 26
176 91
32 224
126 176
268 212
202 246
14 229
83 81
250 77
129 69
54 49
18 103
147 81
258 267
115 102
222 201
223 151
243 7
258 189
209 157
82 160
195 2
209 158
70 124
213 240
228 255
102 249
61 131
170 204
244 111
149 53
223 226
104 142
202 133
106 155
227 127
118 144
114 98
245 140
197 232
86 40
174 251
98 197
157 21
52 11
173 191
197 244
198 79
61 183
11 21
4 129
267 5
23 243
143 12
63 268
126 189
147 25
147 190
60 138
69 147
132 52
22 72
127 216
1 49
263 123
225 55
250 13
94 127
64 65
222 37
141 50
186 206
266 32
20 43
248 236
257 76
1 165
85 267
14 137
135 149
195 162
79 69
62 208
43 229
122 61
83 116
62 176
193 104
259 121
43 85
249 229
225 136
258 73
139 189
192 262
92 181
74 269
268 75
150 64
31 10
54 24
161 226
261 209
167 200
268 43
171 27
217 1
208 28
182 106
236 173
157 268
137 116
219 255
208 37
143 221
263 266
84 44
116 241
195 193
118 209
201 163
86 166
24 7
268 77
177 31
10 7
253 209
182 2
137 214
213 29
117 185
218 35
138 159
37 183
43 123
154 165
206 211
123 224
51 146
180 59
22 255
42 173
91 200
261 113
44 225
106 44
216 118
256 197
159 82
50 83
12 179
36 124
186 116
76 72
3 153
79 147
44 155
186 44
215 223
182 215
186 60
34 60
116 243
217 24
217 255
200 170
52 38
121 72
61 241
227 90
0 71
209 109
91 102
21 182
97 212
191 143
127 153
251 5
147 68
41 193
84 250
133 169
75 143
135 105
37 184
104 84
23 92
7 262
177 235
142 245
212 121
192 92
225 137
206 222
18 147
139 130
269 164
242 254
157 230
264 197
54 241
241 156
105 14
172 178
196 138
140 27
12 100
93 31
156 14
251 224
47 266
210 65
158 244
140 118
165 250
122 149
232 34
86 155
40 243
148 136
116 163
84 217
229 32
152 74
32 24
32 94
22 85
13 258
14 256
248 45
265 201
143 217
8 109
91 196
81 257
45 232
235 259
239 65
112 244
147 155
120 215
105 268
267 22
35 189
260 147
225 167
90 8
55 85
168 197
4 248
134 136
225 224
244 33
91 211
172 257
109 0
187 52
11 142
195 169
260 255
208 35
205 16
98 222
83 3
123 192
168 198
200 216
48 214
130 205
218 80
30 250
117 248
53 29
240 94
122 63
204 199
178 197
10 188
140 68
158 143
199 222
197 90
182 6
1 76
234 33
30 263
168 42
45 211
106 184
40 211
53 81
125 192
261 245
164 48
202 7
99 51
24 156
42 32
78 96
116 18
132 230
213 24
128 73
229 257
138 68
70 6
26 111
147 237
182 100
4 82
237 162
223 24
124 242
125 219
56 149
45 206
186 266
256 173
195 197
147 15
107 57
52 241
198 236
87 18
245 88
186 200
256 264
256 110
49 264
197 259
64 69
74 112
85 148
49 37
138 30
32 213
182 90
114 229
130 158
213 237
116 173
135 129
194 249
12 228
20 239
167 67
150 124
229 26
28 227
12 69
205 204
220 240
188 62
0 214
104 175
118 18
97 208
6 207
18 115
209 181
255 10
69 20
66 203
169 22
180 56
179 133
107 130
266 80
71 264
132 34
176 179
153 148
91 17
236 149
10 43
246 260
25 192
231 94
20 175
61 219
166 213
130 227
248 99
247 190
44 29
179 29
55 188
255 141
258 130
213 250
67 266
223 45
62 265
12 78
225 184
123 216
157 128
207 12
192 164
69 114
145 178
133 231
52 209
71 127
230 265
30 73
84 268
153 220
23 109
256 45
20 232
241 59
182 24
166 81
246 269
261 163
11 86
204 246
85 198
241 238
184 43
199 162
248 173
236 264
140 75
166 117
33 160
16 99
208 101
157 223
69 22
222 192
19 71
170 17
106 153
193 116
260 192
64 91
223 54
199 135
96 62
191 10
88 134
63 44
206 123
46 140
215 160
263 112
2 4
164 193
176 16
72 253
96 109
227 160
236 68
141 256
133 79
31 163
262 80
143 241
164 26
101 143
48 37
50 9
129 268
141 196
79 172
234 261
97 164
223 187
205 109
28 170
262 85
95 152
88 97
3 161
142 47
231 29
198 98
87 134
255 169
146 222
206 216
190 231
76 30
86 114
227 182
236 230
263 104
154 192
80 37
231 56
74 41
83 204
30 251
227 18
193 187
14 57
188 39
130 117
222 39
133 131
258 199
43 7
207 112
43 265
181 246
218 28
225 90
11 68
85 62
12 25
133 93
258 84
202 217
154 33
161 188
66 134
120 172
236 133
15 268
30 249
216 149
207 78
39 201
220 17
102 4
77 1
200 50
36 85
262 71
150 61
161 97
28 72
95 19
24 209
113 250
105 46
95 35
155 69
158 83
172 141
4 168
5 103
20 162
72 248
235 190
156 78
69 257
269 258
205 118
82 87
164 7
154 265
18 257
50 173
60 240
38 137
247 73
19 72
82 235
4 123
3 195
137 34
264 245
55 205
94 105
167 6
46 21
130 216
57 167
201 32
77 194
122 228
52 121
142 260
114 12
221 211
35 65
57 60
269 16
203 74
156 98
198 183
130 59
67 239
200 187
19 46
20 10
12 79
127 225
122 8
163 197
123 22
21 137
185 232
0 70
207 260
255 30
269 147
115 229
53 97
224 103
150 109
149 59
192 198
246 1
57 233
172 52
201 26
197 65
202 220
73 121
115 267
69 151
255 1
159 106
166 250
199 63
82 204
37 75
14 233
237 26
100 180
196 119
177 179
260 199
100 220
55 183
171 184
83 148
51 54
210 18
97 110
42 55
268 29
198 140
12 27
2 74
55 13
70 137
263 161
105 206
266 228
188 225
261 172
33 35
235 268
253 164
90 205
171 179
133 218
22 171
229 3
205 105
76 66
118 53
195 31
263 197
227 213
172 263
210 152
52 67
154 254
84 10
36 3
80 200
88 178
99 204
224 269
202 16
172 162
182 229
60 80
20 268
112 40
265 51
223 51
202 95
180 237
185 132
190 163
89 267
188 151
207 54
169 67
86 133
171 134
267 39
39 173
215 127
115 193
194 239
173 240
100 259
216 86
250 248
35 4
136 139
71 206
194 89
22 141
190 15
196 232
10 117
91 32
10 152
174 105
149 166
178 112
11 190
58 55
209 101
69 54
144 115
183 45
204 190
71 225
155 80
254 4
7 218
4 258
65 216
231 42
231 144
19 178
133 80
205 98
62 10
201 77
17 114
251 51
211 125
132 57
13 88
191 27
170 2
263 176
120 157
232 19
102 21
225 45
101 262
113 187
145 209
136 248
74 46
177 229
116 39
245 97
158 129
34 23
36 7
265 152
183 257
68 216
136 215
153 156
220 238
124 212
51 28
123 154
247 87
4 205
21 117
162 173
241 190
157 75
85 88
33 224
170 130
113 78
216 129
162 103
82 22
117 227
186 122
133 223
136 218
262 242
219 159
50 43
116 152
88 103
186 218
130 164
268 59
194 69
247 215
223 126
31 43
187 11
113 179
85 239
178 253
109 26
71 194
134 25
201 221
269 61
63 197
112 202
197 152
213 193
150 193
200 137
41 127
181 144
25 225
144 1
171 29
221 204
146 66
120 0
10 263
174 140
122 97
179 217
259 139
241 233
153 14
218 34
86 178
105 230
86 214
169 145
206 213
188 54
168 63
265 104
252 109
162 1
206 225
114 266
56 165
133 148
14 25
209 89
129 67
171 166
175 240
64 239
83 214
121 116
88 11
135 12
136 143
241 244
13 229
229 15
67 10
122 95
195 269
61 206
15 244
74 113
240 223
55 16
16 245
136 205
106 151
138 92
109 44
79 32
219 26
238 60
198 228
45 34
175 101
102 80
28 236
165 9
106 257
227 156
14 147
168 43
74 173
253 260
60 129
257 60
126 224
34 110
98 256
224 60
6 47
60 146
72 252
123 243
139 140
265 127
97 207
8 142
138 54
145 39
68 78
246 51
262 32
96 81
113 157
161 141
142 129
214 46
112 77
114 239
43 19
235 180
32 236
165 73
133 177
228 62
0 54
164 107
20 90
180 111
21 96
160 239
179 209
157 229
159 228
110 105
236 8
178 161
107 229
53 189
264 243
223 41
13 255
61 100
230 221
243 228
258 204
153 169
79 206
229 57
150 200
203 170
21 265
107 9
52 191
64 148
232 256
77 167
93 256
188 219
49 75
265 138
68 259
199 37
127 60
131 250
51 236
213 155
156 255
157 90
160 149
98 138
253 240
73 80
243 192
267 110
151 85
111 210
266 208
159 181
19 11
49 154
52 254
177 191
221 122
46 62
61 202
50 63
17 53
120 51
