770 2000
552 576
585 387
562 402
116 367
340 122
98 542
78 281
240 631
455 246
123 533
304 682
630 76
478 729
680 750
193 537
277 481
485 41
402 162
657 648
302 261
49 37
327 563
246 402
240 494
361 766
488 615
652 371
48 517
499 697
575 414
410 152
257 101
81 565
467 340
404 441
582 676
403 528
594 538
719 641
45 492
143 22
462 751
194 476
360 642
664 220
377 119
698 217
749 145
168 116
307 303
112 12
584 76
617 366
484 365
494 586
730 329
366 707
265 267
41 182
61 70
683 718
679 195
363 96
162 360
123 334
549 308
220 266
621 2
155 296
184 661
84 753
62 13
313 241
128 554
174 575
158 363
340 452
686 344
174 416
200 306
311 357
703 725
351 472
33 705
152 32
491 307
42 123
194 466
646 274
228 277
639 271
333 741
183 346
174 427
670 418
657 631
129 586
737 25
767 737
107 117
22 611
611 154
428 465
733 168
44 641
256 367
298 339
167 491
478 343
96 687
315 185
740 705
20 563
563 139
546 435
184 26
505 267
579 55
23 150
365 17
243 56
232 719
432 22
25 735
128 576
424 286
649 603
653 66
483 502
567 137
524 103
215 25
583 41
720 606
444 104
247 641
247 406
349 769
88 116
571 695
328 103
389 150
727 364
66 246
565 93
333 293
449 392
64 10
279 663
604 270
7 492
495 262
507 319
649 274
630 182
73 586
99 523
541 474
97 563
419 203
47 263
57 697
383 501
555 431
629 372
598 144
354 419
180 707
70 168
46 653
763 174
142 421
723 446
259 42
377 170
167 293
366 35
216 702
352 623
53 398
602 177
722 719
403 476
493 350
552 728
436 363
446 111
316 192
409 16
713 564
566 741
627 719
249 567
534 216
139 239
423 500
139 411
755 527
492 543
574 372
551 143
276 16
413 608
154 296
361 507
127 299
599 407
427 317
471 711
756 363
203 759
15 398
427 160
99 214
685 570
370 319
365 390
87 74
558 623
134 128
62 200
322 394
14 20
124 656
278 692
332 742
756 455
386 147
491 467
628 578
755 390
459 194
595 456
424 436
150 619
624 81
495 513
153 376
507 594
728 717
496 277
241 528
104 673
371 70
305 724
75 104
764 659
505 2
599 241
221 74
120 257
669 214
306 189
505 47
20 30
135 763
727 714
300 193
201 378
626 211
112 620
614 766
515 570
528 116
465 124
120 290
105 345
732 201
503 519
676 664
197 108
269 285
669 292
745 497
434 608
183 403
498 343
276 323
649 625
626 687
768 186
179 249
457 152
590 508
297 721
202 120
198 666
501 615
205 757
350 82
626 671
504 646
634 176
232 573
547 451
711 605
720 130
388 21
130 16
662 362
417 237
604 495
615 493
315 351
163 81
161 221
472 409
306 738
156 227
483 30
319 433
202 455
396 272
314 323
434 453
758 531
585 135
344 428
557 222
558 726
52 674
449 463
767 111
503 395
674 460
616 431
695 467
605 170
622 556
64 758
659 449
24 523
499 161
230 652
233 567
118 474
449 122
437 69
39 360
280 663
329 639
230 184
739 717
604 440
107 171
357 27
489 467
754 359
397 271
361 373
277 7
554 599
123 683
302 328
440 46
262 212
450 185
616 738
401 244
534 45
160 647
43 159
750 548
192 418
15 218
242 722
160 711
71 644
246 97
378 511
3 128
249 312
157 576
173 473
254 479
621 201
388 362
76 289
390 331
584 753
763 720
29 19
354 45
734 364
63 542
323 251
758 70
736 510
709 138
381 243
10 557
756 627
395 178
280 711
513 738
173 688
469 677
7 185
609 34
300 144
27 763
458 556
279 625
510 203
308 395
120 500
154 384
741 382
92 587
197 217
471 114
383 193
542 314
751 287
157 452
542 33
278 598
238 373
708 202
563 440
281 528
670 240
51 623
168 137
622 88
189 408
3 601
516 474
723 535
117 153
39 560
27 599
551 196
428 301
620 406
102 635
123 356
566 202
296 319
351 201
469 730
625 579
15 228
55 389
760 759
542 296
388 617
578 557
244 538
194 177
455 130
38 94
457 375
684 169
308 760
557 454
673 9
585 768
56 204
184 647
642 646
473 55
206 578
462 733
100 551
543 45
387 498
677 29
605 561
177 66
240 329
530 470
153 58
724 731
154 442
449 391
259 474
130 219
107 304
176 109
280 403
63 503
54 646
301 715
405 601
108 355
385 101
558 399
442 145
511 585
89 7
61 453
330 687
483 38
139 734
528 615
233 23
322 320
349 55
489 127
618 151
140 221
502 161
351 707
615 606
319 205
289 282
310 290
257 294
33 175
527 209
47 515
301 74
275 365
156 668
143 24
620 306
422 505
1 73
254 568
143 683
650 231
434 338
348 554
248 742
748 65
179 308
762 677
325 739
190 411
348 329
394 360
74 561
693 535
225 532
546 522
193 64
355 436
196 512
508 707
449 551
232 141
477 365
483 545
140 346
316 2
240 689
666 400
308 153
147 606
635 460
547 1
761 232
432 517
474 586
319 209
757 653
27 508
154 670
711 296
570 595
373 264
540 644
64 143
343 574
339 534
728 374
55 312
95 765
249 740
677 612
394 192
641 529
144 243
573 287
14 584
537 743
148 392
439 411
74 673
48 84
185 344
56 22
298 46
203 613
343 611
213 174
507 617
310 428
682 685
361 292
364 509
81 575
243 174
699 130
409 482
432 447
284 66
670 92
632 336
235 18
533 353
760 397
46 146
156 561
580 296
755 236
647 589
505 204
591 698
762 743
307 538
717 131
604 58
548 648
437 697
301 61
122 268
403 4
524 504
441 155
41 244
231 61
170 98
712 358
411 588
338 769
30 464
719 29
377 115
564 92
565 342
141 196
131 172
456 119
379 451
431 147
239 291
158 179
620 594
397 657
470 33
712 606
119 81
455 77
419 194
625 160
557 233
20 736
358 228
296 223
677 554
290 306
422 445
354 200
121 608
225 62
61 316
149 57
536 491
173 106
692 105
138 658
175 570
9 246
441 17
133 394
488 151
592 101
537 612
259 234
413 251
232 449
626 349
253 324
92 325
639 514
149 305
342 759
4 579
4 144
615 40
287 32
310 212
22 174
227 501
689 468
601 392
159 198
447 592
716 563
461 363
445 568
647 292
730 603
653 422
613 298
753 101
392 540
672 495
132 13
541 748
546 310
440 199
647 64
155 399
108 200
351 141
226 308
292 239
297 302
5 767
636 41
603 521
117 692
256 670
335 757
50 131
390 118
724 278
17 180
271 417
462 107
726 15
96 81
755 118
600 370
381 676
200 97
449 32
140 478
498 509
176 311
319 423
688 483
149 594
727 505
488 256
662 683
28 397
265 414
437 34
344 329
2 678
83 756
615 459
242 675
229 299
637 323
136 566
239 755
398 465
625 509
146 191
41 658
119 584
513 355
374 647
739 98
447 158
272 106
267 441
730 171
401 252
147 541
214 26
260 740
267 123
562 660
142 465
291 428
165 128
299 38
502 381
624 618
517 529
198 706
542 537
213 454
83 275
203 181
728 570
571 669
171 404
112 260
340 409
576 394
660 324
182 173
78 10
200 308
293 409
197 218
243 407
636 136
577 2
35 454
149 356
690 234
592 129
584 668
589 623
623 498
20 151
409 686
75 558
338 562
309 319
707 34
256 471
213 627
541 410
497 56
89 164
607 414
739 656
393 36
293 13
530 619
61 470
627 294
566 761
67 620
29 490
239 388
360 375
279 75
27 338
685 227
384 493
257 641
269 553
157 621
282 49
83 683
235 580
370 218
418 554
327 502
643 560
83 70
225 402
571 667
543 722
88 680
166 752
753 591
442 277
6 362
406 17
350 101
231 660
29 534
4 309
554 688
507 126
677 337
17 233
360 230
739 626
454 755
240 598
37 641
517 312
222 29
623 249
496 687
302 535
760 524
195 487
672 696
697 727
458 737
286 411
247 120
4 68
269 623
466 133
613 180
324 735
286 2
673 269
611 354
109 303
598 358
298 509
456 343
550 330
307 133
255 674
167 518
616 36
592 391
240 383
311 298
260 13
54 329
263 100
300 257
114 727
14 224
630 207
184 94
124 436
370 545
150 208
195 530
709 403
599 257
228 416
482 472
47 20
643 235
192 665
661 604
250 186
118 687
140 627
727 243
626 548
646 683
478 195
166 743
379 106
666 498
354 607
292 313
211 572
673 486
418 109
306 230
536 267
399 330
591 485
76 530
157 274
540 190
276 21
119 27
59 130
658 336
160 553
258 758
397 285
469 604
651 731
605 159
348 409
251 710
594 556
250 113
713 155
57 755
624 290
106 329
8 661
277 640
729 522
536 634
587 385
456 454
281 654
454 524
436 32
190 90
592 245
118 577
616 422
761 653
352 161
224 151
178 53
411 211
85 560
196 135
596 676
694 743
566 228
733 383
520 423
605 749
727 282
542 541
219 768
752 46
600 174
547 708
363 297
736 306
75 557
131 296
617 631
101 715
630 523
268 414
292 731
51 334
594 462
549 210
388 673
229 517
191 106
227 229
642 488
336 355
1 153
653 333
152 191
227 466
369 471
11 9
654 301
178 293
325 657
686 737
728 740
433 636
231 17
93 94
112 308
729 322
688 490
86 493
756 767
194 366
236 211
156 0
605 582
360 242
754 715
152 451
168 317
620 509
13 420
730 341
709 765
132 295
677 376
593 750
561 211
50 297
234 760
535 234
406 243
113 233
703 218
200 145
246 314
624 706
125 321
74 145
710 163
439 560
391 715
465 466
411 8
540 583
571 97
529 378
489 391
560 696
610 668
3 656
255 231
176 52
238 249
412 509
278 613
485 582
263 530
457 118
442 554
639 371
104 616
23 683
626 82
499 584
286 745
106 732
98 614
273 271
136 356
707 183
723 84
417 251
595 739
581 82
49 169
189 7
240 610
129 462
502 480
761 495
244 768
202 287
263 24
528 531
25 751
457 159
53 405
661 544
68 120
529 205
334 407
625 306
576 155
223 626
207 738
576 435
295 467
111 211
534 425
203 284
691 355
688 44
454 757
119 306
422 722
658 461
349 722
497 648
230 27
207 641
326 769
415 38
123 219
64 590
663 682
265 122
176 291
688 140
379 672
365 141
227 174
276 196
8 197
551 11
565 264
60 240
498 106
280 183
484 403
174 550
190 209
165 674
45 600
275 452
284 705
504 730
499 686
635 254
605 58
727 416
545 458
454 212
316 7
312 756
440 614
299 371
380 207
447 535
152 345
633 531
373 359
670 93
32 558
452 666
311 282
405 606
701 632
609 547
100 581
445 764
391 173
11 761
689 533
251 239
350 726
516 45
398 353
391 769
220 301
127 574
652 625
235 498
91 299
559 60
614 719
721 211
639 736
208 153
585 96
54 37
753 704
244 88
72 86
59 673
751 342
453 75
536 133
215 617
200 496
680 55
702 643
486 438
124 288
304 299
735 716
407 723
285 719
557 405
182 94
483 366
743 427
250 608
491 276
724 187
704 199
186 56
35 548
257 540
36 661
761 171
578 405
574 635
651 163
412 401
612 597
112 697
54 600
238 389
363 557
555 385
107 642
592 31
591 308
351 266
687 502
687 313
576 590
614 297
26 276
622 252
264 84
689 371
362 683
340 25
752 749
79 274
110 286
425 31
544 637
359 90
88 14
450 678
122 89
683 472
5 164
658 158
607 276
69 104
754 208
333 283
232 401
43 757
206 620
359 8
90 0
1 116
537 751
562 48
100 252
136 306
161 32
97 499
523 573
213 478
596 377
489 591
128 746
740 286
357 481
164 258
256 692
27 632
102 409
0 403
162 642
684 377
202 46
544 139
280 743
761 325
443 16
579 139
233 102
723 547
436 727
649 744
486 161
623 359
408 208
367 767
573 145
426 130
14 562
322 619
308 205
679 121
615 107
33 751
619 655
536 574
207 185
199 691
513 379
296 325
388 654
194 544
38 306
738 538
499 176
461 546
416 430
745 513
652 265
13 187
604 248
127 201
166 636
44 9
562 62
580 333
694 482
148 63
4 293
606 593
296 165
736 445
330 247
250 138
241 438
629 12
192 523
41 204
559 177
670 95
499 74
273 653
697 653
142 185
727 643
60 318
169 113
560 340
666 254
91 661
677 257
619 244
32 130
51 737
226 739
330 417
654 627
265 532
653 304
701 631
470 488
304 172
246 748
342 220
100 599
244 420
139 75
270 621
633 603
714 725
110 119
215 223
705 237
555 184
555 83
228 351
256 727
622 505
592 210
740 160
428 35
196 535
669 558
123 408
82 312
223 372
232 63
367 12
166 450
274 593
462 455
332 662
546 158
54 751
740 515
18 156
487 569
626 599
300 290
605 740
259 188
346 307
761 504
552 423
159 232
372 404
72 7
126 769
653 431
412 378
569 112
439 696
270 167
215 125
162 381
246 240
627 596
606 394
411 473
669 48
124 599
596 668
638 376
391 95
491 507
417 728
469 322
206 278
563 749
459 361
630 219
398 440
758 729
96 165
165 269
405 99
471 61
522 380
574 138
404 22
67 560
163 184
110 646
380 445
346 565
314 236
485 40
586 463
331 737
460 421
313 610
711 674
368 548
729 750
449 656
710 425
485 267
274 477
498 561
321 91
749 51
364 287
175 425
177 502
399 518
517 474
615 576
430 304
166 2
170 75
119 393
240 334
269 86
621 527
173 236
487 742
739 469
651 504
674 230
766 767
660 290
81 1
42 244
9 467
587 517
252 715
312 268
319 572
273 756
589 680
60 737
730 644
266 646
654 516
17 656
422 459
97 232
714 343
368 660
520 462
85 695
7 692
31 676
396 0
132 599
514 354
203 431
129 293
297 319
507 524
593 679
428 231
258 336
516 306
759 118
221 65
324 761
155 692
206 572
0 132
237 285
645 545
522 236
742 763
42 470
249 138
64 769
183 377
572 73
763 536
381 503
254 157
751 359
719 418
383 568
332 511
765 168
570 742
89 71
507 67
20 329
194 517
631 404
343 440
341 363
397 452
490 711
96 448
185 472
129 696
733 485
284 738
23 455
449 264
533 348
149 629
674 49
493 630
612 609
72 431
289 291
628 702
205 245
266 445
671 257
522 628
271 356
651 134
332 433
382 404
11 206
422 568
12 318
443 155
714 336
539 659
752 631
320 648
284 718
128 545
127 180
349 767
631 232
73 433
464 351
450 445
242 255
20 269
453 251
407 767
158 504
71 244
6 153
467 258
126 7
113 704
507 719
697 564
51 388
587 662
576 166
546 449
621 761
732 684
238 308
327 627
545 468
644 391
659 397
219 367
88 49
447 428
577 732
229 189
297 275
215 201
199 767
168 404
698 747
711 156
137 356
636 435
176 558
48 37
702 718
531 24
288 759
71 499
583 9
49 594
36 187
754 319
570 17
236 103
364 416
396 236
151 74
10 750
487 314
504 559
382 604
377 581
138 547
316 277
282 544
705 548
516 354
465 10
224 585
40 436
235 626
544 5
643 648
114 9
186 319
464 514
578 157
116 234
594 432
104 334
392 409
140 162
640 295
320 682
687 414
492 527
178 176
358 148
429 621
287 366
364 622
71 651
424 342
476 153
264 337
83 619
230 145
710 769
259 434
352 218
278 76
719 148
301 194
587 392
68 397
388 533
165 74
690 295
472 9
60 372
617 519
305 106
764 456
713 510
714 22
744 527
224 288
37 445
391 386
736 442
134 536
5 702
672 216
224 349
162 121
380 738
17 181
396 385
456 123
759 275
623 294
747 641
190 351
510 643
128 21
708 11
752 328
478 595
718 475
736 75
420 500
477 26
166 420
195 574
178 483
265 159
648 639
355 41
714 182
65 442
402 177
253 321
760 457
171 673
683 645
68 502
112 15
394 320
600 52
518 376
476 610
608 291
121 622
386 618
8 400
211 237
575 733
238 57
84 192
41 259
206 57
238 690
694 727
150 644
288 415
300 192
205 743
514 206
138 259
263 18
185 349
557 576
99 33
329 632
579 616
766 681
406 221
368 733
95 505
544 106
474 103
181 236
485 32
233 281
35 515
569 435
255 46
158 67
88 675
61 127
562 196
582 61
119 607
54 541
573 494
76 422
676 28
667 529
57 568
472 518
420 409
524 636
305 146
352 77
282 570
738 308
496 484
669 5
2 663
686 82
427 697
512 27
294 102
197 330
601 585
118 39
548 654
588 50
35 574
308 98
606 314
705 634
755 276
406 720
571 375
17 122
372 662
129 363
199 89
476 114
726 61
335 511
68 323
500 444
313 411
540 320
683 522
69 748
454 19
139 657
499 219
444 238
347 768
189 212
223 696
586 203
766 757
181 418
759 636
38 157
578 226
507 727
696 691
234 428
348 4
458 278
357 498
331 738
113 553
90 747
623 102
582 101
728 276
657 191
503 290
711 680
600 710
434 617
131 635
322 723
171 524
118 485
60 546
135 64
710 679
35 367
337 519
87 78
351 136
529 371
543 301
473 481
764 550
426 147
221 341
511 483
150 470
76 13
508 427
366 215
43 437
394 638
87 138
547 554
184 293
370 264
404 413
745 156
27 206
257 750
117 79
391 417
148 311
119 672
382 504
594 14
609 725
473 210
479 438
301 416
198 350
59 191
48 146
177 494
83 284
329 661
367 196
278 434
330 472
506 420
483 668
725 695
233 192
769 495
546 50
465 315
648 82
160 511
398 29
587 604
661 158
357 220
117 305
534 262
646 611
615 535
467 230
81 473
452 538
561 173
386 506
67 16
21 264
616 570
208 470
750 555
235 480
224 354
277 48
428 673
105 92
388 45
335 27
714 97
7 372
112 155
114 723
354 153
205 120
475 353
759 499
630 307
429 561
253 490
311 403
715 577
341 195
636 552
312 153
604 116
349 192
95 481
523 314
335 292
349 760
60 73
448 493
631 148
192 399
22 653
587 307
33 515
533 89
675 172
563 307
710 763
698 480
525 121
598 315
324 27
234 767
288 698
36 80
272 462
708 498
601 426
186 421
68 273
576 246
343 756
52 619
468 544
518 364
