3320 2000
2561 1251
3237 1656
231 2110
1356 811
3025 2490
572 586
1464 2905
664 3081
1925 1337
848 784
608 2883
826 587
1133 2931
2168 858
2128 540
2249 1822
1836 3237
91 1419
1516 1472
1999 3134
1672 1840
3098 3287
2265 2712
1253 2996
1318 2572
953 250
817 938
1800 3092
1840 1141
2517 2593
2535 846
101 3199
1021 2123
3079 2245
2395 2537
2481 760
3188 2628
2186 2659
803 2459
346 783
1985 2058
1137 3242
2963 1599
2277 2103
1337 1705
3156 1581
443 1365
2572 378
2325 2209
1608 1787
1013 993
1744 1387
1906 495
2917 2715
937 756
889 405
748 914
1695 472
2183 1926
1900 3103
2253 899
717 2780
1211 3171
837 1100
3127 95
2962 1170
360 3032
1077 622
953 3246
1764 1353
97 2525
1309 2982
1351 2261
2849 914
1334 2722
1418 3266
2841 2470
1335 1763
1282 2655
1876 2897
2663 1620
3028 271
2639 2177
1260 1026
814 1685
734 1876
1914 447
2950 2808
71 880
605 1703
2378 2608
2354 2882
2112 102
33 626
2012 3220
11 876
2812 2150
2990 2696
1029 1193
2625 2426
2887 2825
2601 229
3248 2218
1956 658
2247 1750
1336 2949
2818 2004
359 292
780 1714
3113 2248
1305 1608
2470 1204
885 1578
329 3242
1885 2660
2173 3313
1531 264
446 1726
524 1588
2789 989
1927 674
2741 2336
1238 2574
1752 345
1646 1834
1736 1918
1278 1737
2879 2847
2667 924
1860 600
1752 1692
2086 3272
3233 2288
548 1787
765 526
2277 1962
1082 868
2519 3181
953 1971
1152 1528
2762 3210
1160 1245
1250 1931
3187 2858
2496 3
1296 1065
1783 2657
859 1073
690 2272
2030 230
707 2837
678 796
1301 339
1327 318
1539 2141
451 1308
128 417
647 3247
2040 564
1815 578
2881 1482
183 2507
2970 1600
1340 619
2461 489
846 380
2000 3273
3093 262
2509 2930
2401 125
2418 2071
156 2726
1162 2534
2462 3011
3270 1955
2655 215
534 1751
1268 1192
3075 2980
208 1621
501 303
2546 2475
952 1494
1936 2447
808 3002
2460 2726
1117 1920
333 2978
2798 1524
1201 2250
592 2096
100 2986
2678 2716
73 1729
1107 1720
1213 1975
10 3130
2663 175
1256 1322
2557 2942
998 822
1912 726
2473 1157
2259 1482
883 2526
705 2978
826 222
649 159
1686 1880
1594 3171
1184 1123
2470 1953
2717 1629
3083 156
976 1388
1206 2765
3147 3182
2940 293
1049 423
2734 3246
2862 955
1682 3235
1327 2257
2446 1903
2477 1987
1635 1938
1430 2316
999 693
599 371
520 2394
3049 953
1257 801
1532 867
56 1261
1108 2881
2966 2567
279 1769
1157 225
96 1177
3059 2906
1517 1123
96 884
2415 1203
3035 2882
1679 591
1272 2752
363 1461
3198 628
1565 2528
2900 2419
2807 1645
390 2839
3232 2773
2758 219
2550 550
2448 226
2446 852
238 3228
2732 80
416 3024
868 977
837 2949
3315 1910
1069 1356
2525 1202
608 1933
1252 289
3194 327
411 1104
641 3277
2794 2451
1738 2902
783 81
679 3082
1978 2569
3204 1431
944 1500
869 1892
995 1061
450 56
473 935
465 1630
925 1690
3311 1441
2988 571
572 2714
618 2406
2728 3007
2583 3088
660 1348
2774 1954
1718 1218
667 2863
1683 1516
2591 3261
135 3197
1151 1255
2414 2040
2156 3100
2694 2513
774 1387
2104 3263
2039 1400
2852 741
157 1644
3203 3240
1146 2621
420 1450
287 2063
2261 2826
693 503
2756 990
1107 1722
760 98
2888 1889
2570 315
1735 3151
2660 1542
1534 1265
781 1558
1617 821
323 145
129 1907
2026 2160
2680 690
900 1053
2289 3
2402 1111
795 2496
309 1831
719 1134
2181 100
616 1366
303 751
1157 802
649 2814
403 2061
3001 1872
2476 1073
2071 1541
3310 870
3016 3062
735 1162
859 2245
599 2054
2978 1409
516 291
3292 282
2132 923
2393 3093
1315 625
677 1086
1055 2460
3235 1274
2489 2519
2325 2561
2524 1081
2573 1520
1556 413
2199 3123
809 926
1289 177
676 3078
2886 391
2845 2826
1628 213
1006 1659
564 228
710 2988
1593 300
2278 843
687 66
2221 1387
755 2565
2538 2432
2407 2766
518 2157
430 776
422 2763
1891 2722
578 2263
768 2016
1685 120
3081 1630
1932 720
1525 419
2660 3040
997 331
1657 599
1926 3050
1072 821
3307 730
2215 431
2444 898
2773 3271
2574 15
1520 2902
2828 2127
731 3120
2577 1945
814 1248
3222 1760
1752 1421
2700 2749
2163 120
153 3281
2833 1075
3165 2595
1525 335
2046 943
3109 745
1561 2208
1025 1297
3260 3185
1402 2068
2944 539
1529 1
2238 507
29 79
1713 310
2208 2421
1708 522
1120 3256
2775 2832
672 708
2431 1957
2286 1631
585 1917
64 2394
1981 2253
945 2273
2839 2417
2513 774
510 2383
1681 3010
1852 2454
1705 1011
1415 3282
2033 388
1305 593
2916 1124
1062 1165
623 1998
2054 1554
2334 2917
2927 1541
1026 554
197 911
2387 1516
2204 138
983 431
2170 932
1512 1483
1927 656
1844 3019
1270 619
538 1004
1262 3215
3055 1603
2285 333
375 2023
523 1234
1910 1762
836 2476
2914 1514
2958 332
240 223
1836 3229
1510 1436
227 253
71 509
1085 2328
1454 1671
716 1973
1670 676
1691 1907
460 2210
205 831
1145 207
485 3314
1075 2107
2347 2528
1584 175
398 1601
1191 1297
1514 1868
1833 1776
705 1167
1896 541
2348 2189
112 2959
464 1137
262 2481
946 3299
607 2235
3271 377
144 469
2994 1392
1026 33
304 2738
906 339
215 2774
1542 2474
2171 2273
2460 356
2547 1191
210 3061
1751 107
994 445
776 1761
1816 648
2537 332
1599 89
2301 234
2395 3030
3269 2162
612 1722
2223 2295
2515 455
636 807
2812 2402
2649 676
3033 2076
1025 2878
258 323
2065 136
2162 3209
1015 443
980 622
3190 1798
555 2668
1060 2608
3021 62
2063 963
811 2502
2131 2383
336 1543
2285 619
3176 2005
2906 3064
1153 22
448 1359
522 1378
1885 2638
2928 969
2448 303
3172 537
1464 2781
116 2534
2417 773
1283 798
2187 702
2397 1092
124 1852
3260 1977
999 286
558 2747
2547 2223
570 2173
1616 1830
300 2787
1154 2816
3201 2145
2344 2929
3001 503
1255 1913
1551 1086
3268 358
3085 2147
725 598
918 2822
817 2521
196 120
1623 339
150 2528
1157 3022
1384 1069
3052 2768
1020 346
1542 65
2449 1853
3194 378
346 2396
2053 262
659 2911
2304 2575
202 258
592 335
1117 2926
587 705
2097 1224
3277 2004
1476 2213
1973 408
2003 2710
2679 2568
1128 346
2681 2119
401 504
2512 1072
1487 2502
2683 2090
3068 454
1 512
1867 2801
2675 934
2959 527
760 655
2874 33
1712 1777
1417 132
2675 2938
691 40
2781 1318
2300 313
1784 3129
2227 1404
1144 1355
2784 282
2797 2601
2608 2951
81 1043
2147 2178
774 2745
3215 1323
156 63
1371 613
860 1042
2135 2736
406 613
2521 171
850 2355
2796 1648
802 1460
679 2536
2983 2424
2935 839
2488 291
2731 1768
1464 2799
510 3043
1477 412
2619 2917
1496 2290
1820 2439
643 2531
151 1048
1189 3149
2669 777
2233 360
2128 954
1346 2736
2 1117
2926 2356
3083 784
3293 2043
1219 778
1741 1745
1177 1852
2675 2165
3178 2256
3086 1235
2378 2366
1417 1620
438 1100
893 3261
146 3039
3099 3267
1599 3027
3316 2578
3213 2520
1177 2303
394 1599
2153 909
1320 284
840 707
1849 1067
2486 2683
55 1906
2147 465
1657 587
2216 2360
2689 1038
2418 1066
603 1144
2434 230
1502 1196
2653 2209
1698 1041
2370 7
742 2712
2714 2044
2807 350
1627 77
1791 2667
3032 699
1371 72
2739 634
1408 2902
1386 3051
1490 1404
1964 1500
1088 1250
2963 268
1063 280
2104 2915
494 3286
2297 2098
2564 1704
2993 544
2392 2617
2598 1458
234 2765
3261 3236
1805 100
2217 1779
2301 2295
1242 352
891 2457
3220 2093
1118 1182
67 2014
1665 1611
910 3131
1922 3240
1695 3297
3081 1034
1664 1662
356 2283
1204 602
1026 2787
473 301
206 1023
3066 237
3303 495
1031 2515
744 1052
1933 2359
1545 2876
1535 568
3064 2593
2168 2756
1829 1581
254 3076
1590 675
2999 56
1071 1285
3016 1379
108 1600
1603 3312
3259 1016
1266 3103
2963 2019
2119 37
915 2163
1651 1555
837 2956
1933 3095
1951 393
793 2909
3128 2301
1641 1614
536 2643
1228 2818
2284 2827
1598 1526
2465 861
2364 196
2171 2691
348 2643
1454 1716
1074 2604
3311 1681
1609 1094
2073 3223
2459 3069
3307 1457
1788 3272
3117 1905
2108 2340
874 2009
1022 2203
772 3192
0 1318
2260 1471
3206 1960
2210 3140
1560 1482
1398 3247
1556 554
892 3198
2741 1645
2464 451
408 847
2579 2134
2653 3239
2001 733
1788 61
1226 2172
1984 3243
2671 2218
1383 876
82 174
2287 1212
2145 926
2495 124
779 356
755 2481
2313 1445
804 573
452 1921
3038 3138
673 652
652 659
2635 2720
1536 1648
219 1683
2116 1562
2129 2123
184 2983
1935 2440
2009 1535
2642 38
652 3251
2392 2169
130 2075
2169 364
118 544
661 3076
3218 750
968 1947
1548 294
1877 2438
364 1307
2910 1507
463 1048
2252 2671
1416 1658
2550 374
1976 1620
3019 2470
3039 1784
3273 2414
2312 272
2404 535
1736 198
3246 643
200 885
2934 512
3285 2994
3094 764
2853 3099
1026 1035
1640 2929
818 1797
2038 2750
1214 2419
879 2858
739 743
1579 371
220 292
3165 1167
829 2302
952 1596
3226 1083
2691 154
1519 2448
3255 3101
178 375
729 906
2538 1514
1083 997
2746 1858
678 2000
1788 796
2655 2901
2974 2787
3123 2093
2687 2849
248 1435
1295 2208
1569 1533
2607 978
3281 2710
2991 1630
3303 606
1395 146
3226 1760
3110 2382
1460 250
1554 1884
2750 3046
1200 3115
3210 446
2347 2371
292 149
559 27
150 39
2598 2243
699 578
2589 445
1154 2487
1329 1534
2970 829
3063 687
2057 2884
590 2236
1824 1282
1972 2799
1197 1417
3228 2106
2889 2106
485 1010
2839 939
714 3175
425 348
2003 2458
606 2510
3090 945
1675 1727
1954 3206
2286 677
2146 2657
2458 1300
2620 1657
2402 2320
1418 3123
616 1123
1137 980
434 704
1321 943
3072 195
318 1284
2086 514
1115 772
3066 400
2342 2130
3167 1422
338 1999
1816 1496
2231 478
400 2796
363 1654
2132 607
2353 1746
175 2783
340 92
58 2629
314 839
1565 2300
1604 3165
388 992
413 250
312 1964
3059 1837
1282 3025
2917 2193
1723 2374
2078 196
2385 2560
2185 1369
2533 2452
318 2395
2311 2167
1249 1008
241 1912
1000 709
3144 1876
323 704
2885 978
1666 3208
1314 2404
474 2217
2839 1309
3157 1937
2395 1237
841 1813
2238 3285
1926 2560
1669 2084
1526 2715
11 602
120 2531
2286 2665
2343 2299
1953 2789
2713 475
467 2839
1832 2069
2124 987
315 2862
293 203
725 597
1177 356
1377 2164
2280 18
100 350
3193 639
2680 2230
2129 2182
376 1982
2161 216
532 3193
3219 2241
769 2842
674 210
363 904
1457 702
2176 1404
2966 3299
982 749
2376 2713
3210 709
622 2979
512 913
472 1482
2083 1502
2549 354
2879 3180
181 2390
1746 1151
3168 497
463 3078
1031 1713
129 3091
2816 1533
449 3169
1472 1075
10 1804
2026 3256
2375 2219
2503 2951
1662 603
3002 3135
2665 2723
2370 8
2323 1665
2765 1990
2762 2763
242 575
2141 2438
877 652
642 2736
1979 177
2010 1280
320 1487
449 1853
3104 1044
3169 788
2902 1393
563 3288
2925 1304
2568 1561
466 614
2984 2648
954 2910
97 1869
1164 640
192 2394
546 366
1524 2764
2902 2770
1397 2521
1654 47
1379 1743
1775 2653
3185 2411
2995 2475
663 29
2090 2273
2265 825
2834 602
3203 2072
1731 2899
718 2544
835 2368
1057 218
2790 725
3184 3230
3145 2861
2744 3005
1771 1764
3022 1395
1657 2099
881 1557
2075 1404
2032 512
2809 1007
2298 88
787 2256
951 1020
1111 1582
3021 3071
45 2740
1425 863
531 1874
2162 1746
2521 2625
1265 1088
3084 1085
550 2891
3119 893
794 3098
2926 2435
1714 2622
2424 100
1135 2763
1357 394
2349 2355
836 3063
2865 1317
2294 3181
3154 3145
800 90
39 1496
1666 1732
2865 1842
2212 1277
2409 560
2173 2546
208 713
1548 3048
1873 1787
2027 3218
1712 1106
2154 2143
3222 781
1819 2861
793 1786
2043 1317
2182 565
2602 1412
700 93
2579 889
2657 2629
1790 1500
2796 853
14 43
19 2312
614 1305
3218 992
2477 664
2593 3000
487 595
1489 1363
1745 2313
3194 2275
547 1579
232 1743
2271 1733
2841 1454
1262 2313
1521 2577
1786 970
2932 1871
172 318
2284 1121
1720 1345
214 1918
2028 3114
3037 1093
3008 2651
1620 2392
2000 2890
2743 985
2655 2993
3244 2233
941 851
1863 1296
1448 3143
1639 297
1965 2005
2585 1144
2033 1207
2674 117
918 2550
2197 221
920 1884
793 15
107 305
1683 2680
3084 2463
1715 2114
544 1636
2066 2248
1837 902
1354 1295
2968 73
2537 937
2525 1314
2453 1182
867 2819
416 36
2676 938
2537 2850
3056 1719
2537 2467
642 1835
185 2662
934 1917
1555 350
3305 3168
2787 1807
1051 1471
2470 648
146 409
2091 2814
2038 2540
562 3088
1138 989
75 258
460 1235
1348 2802
1747 2266
1456 2884
1807 2304
1631 1720
2620 2398
1964 1670
2624 941
579 1647
2086 2653
1551 2843
2248 621
786 2274
150 1537
874 553
1528 3043
140 1046
1817 2387
151 1735
2405 538
2465 953
2268 1893
691 943
2042 1325
2715 289
1801 1580
1999 64
1078 2546
3174 3290
185 2056
1708 1187
3075 2758
2533 2247
902 2497
1476 2024
2677 1339
2219 2449
1731 1724
2161 2331
1900 790
1797 1390
2446 40
2414 489
1186 2623
1419 553
899 2098
795 1710
2757 1623
823 265
1171 655
1486 1620
3015 779
224 158
458 128
2346 539
2712 2556
2588 2932
2304 2163
2959 2445
3147 2767
103 2361
734 2773
795 1999
3258 192
1645 314
747 3307
3151 2048
794 1925
3200 2723
350 545
696 1917
1272 1604
2203 1456
1835 897
471 1668
1750 2034
3132 1425
780 1555
752 1269
2989 1458
2866 1085
650 36
2263 3033
2769 1951
1341 2048
3194 2537
3253 1917
2730 1770
1768 594
2034 2797
2495 1997
2605 3103
1081 2398
3048 2758
2239 1371
593 409
1062 1191
3095 500
1334 2534
2540 343
1070 920
1419 2791
512 2004
3176 919
540 417
1667 40
969 2170
558 79
2699 93
2531 990
1314 576
1958 3311
1945 80
2909 1123
1727 442
1799 1250
684 3135
1287 3260
2160 1373
792 2787
2461 2910
2284 1693
163 3084
274 1887
757 1463
1835 1096
1470 2123
2847 3272
3033 3238
2312 1876
1128 3202
528 1110
1758 3131
3257 2150
2035 2469
1744 1921
440 232
1305 645
2765 507
3212 2802
3175 2072
1651 880
2639 3009
1432 2795
2 1471
419 1891
1802 1421
2749 3155
2575 1705
423 1588
570 3044
2504 2313
2070 2094
355 3148
2908 3038
2442 2731
1462 2581
2929 2809
305 1787
991 1345
2196 1599
1608 406
1796 1934
1388 3123
326 109
2885 2034
538 52
2931 2484
2500 2904
244 1106
1370 3005
2138 2647
695 353
2670 473
3065 1620
3203 858
3276 1638
853 738
1071 181
2299 2553
2896 1876
291 1113
3041 371
1682 295
838 2093
240 2471
2496 2347
1198 272
713 3261
2752 1538
20 2759
1117 543
2628 1596
557 1047
1342 2987
2574 1412
20 2456
1309 1396
2233 3066
909 258
3049 1615
3292 2257
1795 248
2650 1948
2989 1145
1833 2161
2685 1850
3083 724
1927 2206
3173 2919
2533 2102
571 664
2583 1934
2636 2695
462 1553
16 971
2624 189
3078 2007
1396 1567
2094 3251
1139 2536
1781 1804
853 3262
2714 2143
2576 2488
3212 1621
3162 497
995 1816
2556 1994
670 1343
802 3161
542 865
231 84
120 1638
1537 2460
1483 1956
2281 1328
285 133
2361 2265
3212 1487
433 88
2445 2465
1307 956
1128 803
2029 1066
2299 110
1445 2303
2269 1042
882 2236
3071 2302
683 930
1026 1276
1038 1989
515 833
3316 2955
3196 1237
2910 711
972 1667
47 2432
1829 2867
2117 384
1406 3104
3318 2397
521 3057
575 1800
1116 764
1634 1520
2097 3189
282 2682
2985 2059
394 1012
2229 3301
1326 2769
1831 2932
129 866
2827 1049
2949 787
2677 2245
6 2924
2784 1183
923 1095
1715 3252
2821 1277
152 1958
1160 500
2380 746
1297 2587
37 35
1940 2018
1834 720
1190 351
944 2154
1108 2182
1092 735
1432 1375
1271 2505
1101 2599
1240 668
148 2429
33 905
144 1302
1798 1309
2580 802
370 526
1593 513
1556 2853
73 602
1017 592
1710 1510
48 773
615 513
1810 414
1014 3054
484 861
2723 603
2846 2197
3264 1100
1838 249
1597 2377
191 3262
345 714
2265 2414
3289 1996
347 1613
1463 980
1174 308
297 1589
209 2163
2899 2198
2362 3182
182 1106
2030 2321
3060 2312
3021 285
263 1905
1752 118
1555 2002
1907 2728
584 2046
450 3219
2184 246
2045 543
1023 430
2080 1895
416 235
1241 1736
2565 2894
1494 624
2519 1768
642 2395
773 2880
1006 724
1945 1045
2965 683
370 2357
2408 2002
1110 1580
565 1166
625 2756
20 1329
1455 3194
2130 2542
3100 718
1836 3182
2706 2064
2773 2812
2674 1281
2564 247
713 1193
1843 1888
3103 456
7 578
1134 1124
1523 834
2925 1357
87 2190
1485 1795
698 868
2804 55
3241 2751
149 2146
3095 1421
1814 2022
154 1041
434 1707
1923 2325
441 1480
1927 203
1802 2372
3142 1608
347 989
3150 2479
3016 1706
2648 1209
2689 2597
1433 1207
205 663
2769 3239
1073 718
2822 3160
31 2661
2383 2541
1778 949
2823 2424
3255 718
3210 2793
412 624
353 1203
201 750
3001 1346
2243 2280
2847 2931
694 2862
2253 1939
441 3117
1912 1299
1899 3295
1170 270
2904 964
1149 2840
1767 1870
2103 1667
496 1947
2072 3304
905 1021
1658 2390
1353 2215
1484 1535
1762 728
257 2467
2106 596
1425 1651
1708 2087
627 829
3281 3003
3240 868
2241 66
3216 326
2280 1819
2529 1487
79 494
525 2036
622 1643
71 2184
2819 2142
150 992
501 2482
2176 1169
1957 405
498 2443
2967 1139
1086 1602
2921 1969
1692 1538
1887 1927
3265 1690
890 3127
1609 1872
421 158
2941 1453
982 1353
1883 738
1220 2429
2581 1276
17 1462
1343 57
1639 2525
2609 1818
695 2541
2590 1300
1133 2407
880 2148
737 1298
3128 2824
1313 2417
820 2029
16 1944
879 2543
2807 2847
3272 1053
1361 826
2345 2707
841 2004
2477 2766
229 2487
2909 2872
1529 2860
898 336
2309 660
1841 977
1449 905
885 2976
852 2821
336 418
660 1616
1432 1056
1854 2706
1764 229
1324 603
1571 210
286 2386
3202 737
2631 2496
1697 2346
671 1735
2318 1596
76 330
1751 1791
368 701
1740 2759
2789 2677
2346 2365
726 1985
1541 1014
3264 2843
1053 2011
49 2154
3309 1122
2086 293
362 789
1897 1717
2040 1211
1182 356
1241 973
2410 533
1768 1495
1369 2947
328 1018
2539 2691
1621 272
3231 2723
1622 3103
2979 3018
1229 7
415 2118
2891 641
43 1512
2061 1904
1551 2077
1361 2927
2632 2405
2253 836
3014 2624
3009 1687
2849 1021
1087 466
89 501
2414 2277
1099 223
528 1756
1751 1771
3025 899
264 58
2342 1564
569 1029
2772 1297
2628 1105
111 2090
17 949
3142 2544
2864 3278
806 2309
2893 450
569 2074
643 614
952 1590
994 3068
3121 1573
635 451
159 445
2298 1975
894 2138
1315 725
231 670
1349 1524
2883 515
1429 1074
2965 2394
319 2428
1332 484
236 1113
3117 2823
1015 354
978 844
1072 1467
1863 411
1233 1438
1325 2909
668 3022
1175 921
1660 2237
2189 1899
1579 1477
1873 1655
1853 433
894 2486
1867 146
688 842
361 704
919 458
1395 600
2311 923
59 1037
1159 2292
1466 1851
929 2308
1808 2755
3035 3164
1306 1477
3023 2423
1741 2699
2478 1246
951 237
3071 2730
1779 1534
2337 800
3218 1140
1140 559
795 438
2956 421
820 2807
1149 132
1736 2332
1118 1003
2593 1209
1603 2337
1113 2660
2993 1307
1943 1399
830 2851
1073 2189
2612 567
2596 157
1428 1048
2443 3109
3097 3249
178 2776
839 3038
35 2407
2587 556
1022 2754
1339 1033
2295 2933
2785 2588
140 1955
2574 1991
3303 982
2616 400
897 1355
3136 1909
2882 2839
413 3201
578 147
21 2991
588 93
1554 1840
1942 728
2386 669
2432 1305
542 2403
2609 2704
94 2216
874 1586
198 613
2058 2591
53 1141
1693 90
2641 1497
1758 1727
1414 2801
3195 1144
1975 1064
1940 1921
3074 3168
2655 1793
3298 1301
1921 2326
276 3307
1474 638
3200 560
1724 2916
1743 867
2466 2826
2801 2158
2554 171
1841 2362
1831 2789
697 1037
3087 2142
1945 1762
1061 2656
2859 591
1895 402
129 2860
316 1673
2016 1692
567 3192
2930 2868
2759 2059
1531 14
3096 689
668 1426
2239 1458
2932 1706
2038 408
240 2556
2423 3303
1344 2881
291 513
1492 2468
3111 1352
2906 3263
3067 54
1472 2894
3196 468
2494 2304
2069 2385
2364 1588
2943 2463
764 398
313 250
2210 315
452 2534
2547 3141
1737 3113
2563 1304
333 1492
2685 452
2889 2584
427 1987
914 2432
2370 420
208 1802
2110 295
2078 2080
1034 2817
2606 376
2584 2414
136 739
1151 2851
388 2355
2265 1006
1486 1550
1310 441
1508 3278
1143 829
2783 2237
1695 328
2206 1357
581 734
2803 3199
1674 2737
200 2664
454 2599
3063 2311
389 89
2453 1666
2566 2690
3102 558
1641 1463
2299 3055
168 1075
1978 1769
453 2081
449 1702
2712 2464
1364 3187
1306 2344
90 842
469 2043
583 2997
1439 243
3013 1727
2604 334
1932 2719
20 2403
2784 916
1274 2677
3249 2659
2665 856
1660 2005
2111 1397
813 411
2018 3241
2543 1661
1333 892
1899 2093
3239 198
