1620 2000
1569 175
914 101
476 257
1268 169
450 205
338 1015
1460 1436
913 1356
200 493
1222 235
942 1184
1032 38
1242 849
91 132
568 1437
159 630
877 648
439 936
199 1171
552 296
585 848
270 612
1045 1559
757 315
619 33
449 1126
115 162
893 605
1619 484
86 1524
83 564
298 953
1366 413
344 1260
42 446
202 892
1024 37
919 91
187 397
821 1184
499 1057
465 1533
129 63
1429 845
708 94
653 809
929 728
712 104
103 1158
985 660
1187 61
900 1004
279 636
900 1525
136 1073
570 388
1301 771
585 854
1616 62
1529 993
1068 1015
534 63
137 51
399 855
706 733
221 807
1547 642
475 359
946 1130
1434 411
719 979
1020 1199
761 20
1111 427
1135 933
1490 305
338 657
436 1090
744 1117
1418 1273
582 388
540 260
1005 461
354 21
1601 441
159 673
1550 1569
360 1035
1394 761
181 1213
428 439
1523 1057
716 1042
11 1355
321 492
1326 255
922 495
1324 946
1526 1154
251 721
1557 85
504 1084
448 1310
826 523
1498 960
784 1055
1275 877
749 1172
1283 1562
820 1596
463 1416
224 352
402 405
606 85
1405 108
554 479
1603 1525
254 140
1617 95
1510 6
32 106
976 1015
1226 1584
114 1503
576 14
900 1290
443 173
663 1460
863 123
1221 733
1158 15
306 364
142 1509
363 592
1041 357
216 136
81 1263
714 1131
1343 984
301 629
1406 968
1221 171
216 247
922 348
793 545
1367 1085
1250 1000
1463 693
49 258
28 1425
152 669
694 1550
26 1500
1050 660
522 1109
867 340
1270 621
426 445
946 210
199 1149
1619 1029
191 349
544 875
1458 162
1330 363
475 956
1352 1025
57 375
133 56
1267 1326
1489 21
190 595
627 787
146 1402
1417 1030
431 1299
240 1311
631 1429
644 379
1384 781
118 178
756 1367
928 1185
592 1564
295 917
1524 249
1291 1031
487 1050
1013 762
527 174
579 387
1338 250
207 278
1173 1533
334 1329
1611 960
55 566
1137 1409
213 569
148 90
235 1483
1447 442
706 1209
944 800
527 477
714 140
505 1105
417 1017
317 1400
1405 677
100 927
759 1548
836 1178
801 1440
836 147
1419 1557
765 1190
266 1491
997 386
320 351
393 513
1273 60
181 1129
224 1462
128 970
761 238
1490 1148
214 1372
22 1412
791 108
1162 1587
1480 62
642 576
546 797
1202 353
356 797
365 537
1105 1533
11 719
196 545
152 452
1186 1125
310 854
844 1346
612 357
468 1154
1165 203
146 827
1390 97
1223 1444
1371 379
1168 296
1266 409
1160 269
993 587
852 42
1561 1491
579 1184
299 1561
1196 244
1047 1597
874 687
222 1166
1236 880
104 62
848 530
524 1051
1318 1114
1054 1534
866 277
1076 1281
1305 346
684 282
600 1315
310 1104
1384 53
649 870
1123 214
1510 442
1217 197
41 241
1256 1577
864 259
1089 753
1350 360
1223 1574
641 1613
1327 579
469 192
443 536
148 429
1476 1557
229 474
952 1385
364 249
356 611
518 1477
349 1206
529 1216
949 1182
843 570
1364 1279
517 703
127 1036
514 240
811 1245
1090 281
1543 1379
1149 1194
147 1234
546 295
400 69
251 474
1513 364
878 884
1519 459
1580 1015
21 1242
1283 101
52 954
1197 1261
1373 1470
140 29
1398 76
237 203
1268 1308
1137 524
763 684
306 264
1194 1145
347 1406
1612 1053
958 1591
834 869
1546 242
338 1177
944 1332
1306 322
1174 1031
615 627
920 1437
1112 1118
926 337
1306 1386
643 371
1190 339
112 286
367 54
1182 163
1030 467
1146 902
321 1200
149 1152
373 1255
575 1074
1452 152
371 213
1123 1112
821 216
192 865
630 530
410 845
66 167
1574 632
558 752
906 1199
920 1489
728 1506
1106 1127
1357 582
82 252
1396 1119
727 294
251 1357
193 393
593 347
1605 1049
1522 1462
182 778
1212 1227
708 507
205 1060
1036 547
279 354
1418 328
222 645
1285 1055
596 714
121 1260
675 1413
1297 663
304 141
1612 66
145 826
1 862
95 577
1334 552
349 683
131 1436
1184 715
416 340
151 888
41 22
478 1213
1514 1021
13 985
1002 690
1438 572
560 1386
692 26
1016 242
306 1297
103 549
1465 1066
1107 298
520 1134
713 169
761 509
1134 1314
510 1304
378 466
785 691
504 814
152 515
1387 1134
14 1322
225 430
150 275
899 321
451 852
996 554
200 1522
615 828
1103 1243
227 659
884 105
1435 1575
63 1019
442 883
1074 1269
898 278
646 1560
1487 922
754 576
114 959
444 1105
1429 701
436 1429
1313 1493
495 56
800 1486
1203 1368
690 1421
1219 1104
413 1226
1536 462
1399 1542
1392 1496
190 1075
520 1521
1115 770
223 575
1165 949
453 1050
303 567
1452 935
191 1357
665 771
846 497
170 672
1270 233
1528 1276
668 779
902 1326
1443 1558
1220 732
902 843
1509 1223
309 1509
1187 1419
1503 676
1507 379
257 1546
764 699
1417 747
768 379
1056 1215
378 1488
62 909
1023 43
1495 356
1232 1302
1505 1190
1228 1481
1554 25
972 997
1112 522
749 664
1362 777
864 103
566 1169
982 908
1384 63
1316 824
1167 1049
1389 666
122 817
1239 518
292 336
344 192
1159 241
586 362
1390 1179
909 845
309 596
472 588
130 1588
458 1541
1339 1394
277 1140
186 585
1467 1372
1472 154
1550 177
900 244
599 1179
1551 381
1208 874
1430 1490
793 861
860 311
134 1438
47 1124
562 585
68 1209
410 761
1107 1614
53 81
619 201
905 1485
779 1250
173 953
546 967
1215 589
196 95
149 428
1023 810
1522 591
221 399
1309 1039
916 299
472 1196
337 375
583 1114
503 643
728 1392
1004 1306
734 651
849 1016
427 969
1111 674
405 584
439 1348
832 1490
947 423
953 1494
1163 1564
1566 1506
1310 590
626 144
574 1357
301 1554
36 90
1021 15
470 1570
1242 1402
463 373
1595 232
1559 873
1426 917
1498 552
149 584
1413 1466
1491 67
984 1481
694 1119
1527 234
470 643
115 1031
910 931
1295 948
810 539
1088 447
1003 141
559 1518
306 1463
1405 223
83 277
1477 432
618 231
183 1348
614 968
1511 1619
97 452
697 448
994 852
802 314
1279 1351
1554 246
66 791
825 1572
488 573
55 1281
927 1270
1356 815
47 1272
1084 38
775 1474
1179 1414
607 1125
529 300
759 1358
1304 1076
484 929
1021 1241
632 1133
124 1108
905 798
1067 1146
824 258
1008 1447
810 998
167 1137
391 935
1421 1330
1609 693
939 961
1345 282
432 1198
1059 905
376 222
1206 12
858 369
886 37
645 1322
850 1423
981 1356
1336 439
1383 1442
83 1115
964 740
1578 1573
30 1089
671 1104
149 212
84 166
300 1087
1077 1207
1617 114
249 1338
606 943
140 927
1202 219
1134 822
1225 1253
667 752
1021 924
278 664
810 1533
94 1254
350 992
984 155
838 272
1157 628
363 1306
1298 261
1117 1561
934 294
737 857
1230 1390
1235 1145
1272 132
1354 1007
1612 1323
1573 985
17 782
199 1565
1449 950
1013 53
346 888
382 342
1316 1420
1515 843
691 581
1448 1285
376 1550
1052 337
70 418
965 685
504 1574
1055 234
853 534
1164 1513
393 1557
575 450
1466 1182
585 253
1075 1197
777 1281
428 904
1455 1319
1229 727
1118 79
457 1599
356 1126
654 1124
393 1024
484 326
441 1241
1490 1410
186 1054
613 59
515 6
478 138
962 1517
70 1037
1096 1509
442 1456
339 148
836 953
1249 430
1419 1271
736 1025
1503 1589
1337 1525
1581 1501
1236 711
1097 1222
635 266
1030 674
1400 208
636 121
318 479
1316 603
1163 1169
1614 805
515 1240
1202 1008
1151 1197
726 215
919 10
638 259
304 110
385 391
1264 201
1590 961
1610 1586
220 1504
1246 845
1269 1353
1123 894
1028 1594
214 1221
179 564
284 868
1509 126
1440 376
1119 959
373 892
531 267
44 1182
460 1139
1110 79
800 1226
1001 217
1064 279
374 1498
41 429
188 182
8 947
738 702
1061 1199
217 1114
1260 196
969 541
867 372
324 1123
1588 246
872 547
1351 746
1488 1093
326 549
1293 1581
598 820
1173 1329
899 202
1048 1602
292 418
486 409
220 1565
284 524
1222 1315
57 1447
480 1019
487 986
872 317
962 1598
1108 1011
454 1127
171 1516
1036 1251
47 142
837 1223
1242 1126
123 491
276 1288
1378 446
614 1017
1201 137
819 869
1099 822
28 129
1616 1398
1401 1400
1350 1486
699 1348
1179 970
1489 628
1067 1431
472 415
1375 1311
10 1177
1553 793
972 182
96 213
319 1244
1258 1358
611 1419
143 545
541 1085
545 22
575 308
763 1524
1521 846
1101 882
938 590
104 240
355 218
1565 1506
1304 126
1502 1472
1474 51
453 891
582 371
810 257
277 1145
644 560
1074 1595
1390 980
39 968
439 322
70 127
696 656
268 1618
1276 183
1316 1095
1414 908
1521 1562
40 1254
499 604
625 1370
820 1344
1096 898
855 167
1023 357
1178 445
861 710
574 236
390 830
698 1255
225 173
223 1607
1027 1487
1242 202
269 1444
837 642
745 1346
876 1180
202 1402
1126 1110
1374 985
1150 720
349 732
114 755
1603 1338
732 1057
1142 303
685 1536
1246 1330
70 1260
1219 504
1249 997
1537 998
1229 1346
1508 1424
939 1285
476 1345
305 612
1529 121
154 1176
1574 1336
1435 1437
1007 973
855 1015
657 939
1557 1388
244 906
1285 1348
203 117
1417 1305
873 972
1534 552
1471 111
157 662
807 1619
530 778
1192 1035
191 1190
187 1211
1311 126
1333 1250
1208 1292
671 593
1186 32
753 986
1364 1315
167 895
53 964
287 689
1412 39
1149 780
18 991
1038 1530
1350 439
702 5
1300 1004
1246 445
797 1489
172 90
377 1586
109 1602
1057 482
729 281
301 238
914 1126
1092 474
793 1481
1230 1531
1594 535
619 187
1542 980
774 202
1136 1203
1460 732
939 753
134 115
1158 740
96 315
1043 1369
699 830
1273 135
1562 681
1383 62
1126 527
98 1235
953 1182
1615 1589
145 1169
777 326
433 1385
540 806
1400 1033
1016 1340
1206 146
609 910
1028 381
231 615
1277 159
438 1110
1045 524
1542 258
777 1481
526 117
176 1546
102 438
619 770
907 605
1325 786
1275 765
455 1365
1252 755
424 146
976 567
982 1479
781 565
849 1285
99 1609
357 1388
1401 436
268 527
226 323
354 1587
1151 187
1113 623
779 51
530 1137
1170 10
1011 372
654 1457
403 622
1032 1427
363 1225
636 90
1242 210
1181 137
757 683
1582 904
270 42
305 892
953 792
1033 1560
293 227
305 1588
1480 740
107 838
866 141
863 1081
1372 1418
705 1079
1297 969
1045 415
605 262
21 837
845 286
878 1080
527 471
532 987
748 937
542 972
1219 875
1078 1531
11 1472
1442 208
900 726
359 192
385 681
150 1593
1076 479
279 35
485 1029
633 27
1438 333
848 809
996 1531
410 1550
266 995
659 581
552 450
576 1469
358 886
1052 730
1034 1303
1028 1009
433 1033
800 1536
609 1482
642 770
50 172
593 721
966 263
538 1252
315 531
359 76
536 964
314 308
148 816
1614 544
1444 1015
909 452
183 1617
337 833
1170 1559
1299 757
1577 1245
612 237
495 1529
822 1527
398 1534
1566 1478
323 334
1568 571
1078 1550
184 1561
502 587
1130 626
611 637
328 989
190 824
608 1328
1347 681
1057 947
943 398
770 954
655 1345
1220 1076
620 1376
1440 494
444 21
456 1289
628 720
295 407
1390 1350
288 785
119 759
1367 225
1238 1432
481 1150
943 1229
435 1396
954 1439
1599 106
824 1559
882 199
1616 1011
1122 69
827 1335
927 1449
762 564
345 1411
12 1231
487 1618
603 1368
1038 1244
980 1515
985 1518
1431 1547
870 1483
1292 1200
917 643
1409 450
603 1369
38 1529
800 53
673 973
1599 69
765 666
974 22
552 1224
611 1095
854 4
247 988
1577 537
810 1483
577 1074
1553 928
854 1335
94 462
1338 359
187 834
160 664
29 191
592 1308
89 379
772 1288
1357 1476
407 1560
1371 205
1046 1457
1557 933
1578 541
1220 965
1116 521
483 55
889 1096
790 172
1091 80
631 714
17 194
559 462
1557 1356
1007 794
258 562
2 953
81 1395
700 1474
839 424
243 752
171 694
765 18
1353 1278
316 1048
970 972
1245 592
526 1358
436 1061
872 635
927 350
1475 1437
249 1434
291 54
1326 711
1186 360
696 652
282 1231
507 528
1106 262
1177 386
923 1423
1387 256
367 563
287 46
1007 119
1284 1395
761 549
1615 575
1298 130
701 84
909 1023
1577 650
995 1387
687 1443
1098 986
779 163
356 1440
1531 1542
893 1285
393 46
680 319
576 1090
256 199
645 1485
586 80
627 1125
226 179
337 1187
60 915
1338 701
1517 1339
1555 1010
909 1003
285 833
196 160
775 462
742 322
169 415
437 624
2 269
1282 482
19 494
306 645
910 631
1265 240
1083 949
429 402
450 127
390 509
1377 1174
418 853
1060 979
179 248
1443 1447
1080 1007
1459 1074
417 288
163 1194
962 228
1547 1494
939 808
1531 829
1006 739
1568 858
418 962
428 1486
1320 1565
675 805
212 813
751 1367
419 513
1369 607
1500 847
1430 693
195 358
903 90
440 1203
277 1300
430 1332
880 1173
1473 822
898 1469
1432 1006
1075 1026
1170 1467
466 1370
616 238
1576 1386
489 356
855 601
783 1171
1009 1027
949 1452
785 952
552 1173
988 182
558 1582
1557 657
365 294
241 883
426 981
1012 782
339 346
445 126
653 439
369 285
1394 1157
1068 431
995 1496
163 717
200 954
418 360
1136 885
1204 894
223 0
863 1439
1106 291
428 977
97 99
67 1176
1155 211
437 1408
1585 175
826 1230
450 1310
96 101
1281 1459
460 896
1141 61
1385 726
561 1258
385 1542
1486 798
247 793
307 404
817 770
371 473
189 886
488 745
1175 293
504 1189
1509 984
245 389
920 611
1289 1580
32 924
1013 341
1427 1187
237 482
912 1229
520 1435
887 1618
1074 177
185 167
1171 1582
790 940
923 829
419 1486
1006 1053
1587 1078
113 672
1129 847
1512 567
867 956
8 672
616 912
1542 1402
444 397
1335 548
1026 1130
794 229
837 900
122 881
859 1479
833 720
490 525
802 287
449 332
194 311
794 197
870 1160
1126 645
942 1576
1597 1281
1260 1552
1019 208
985 1249
363 187
477 1066
232 609
1566 1121
707 181
674 1475
43 252
1479 491
1569 1006
562 1000
246 416
1365 478
525 1136
318 871
17 478
97 1168
527 1391
229 264
645 517
692 269
1017 562
607 833
380 357
1038 876
1574 842
1299 672
437 17
104 587
1008 776
643 962
384 242
1293 597
709 1515
830 326
437 1465
454 1081
937 1531
220 1274
1560 416
392 510
320 987
552 1508
186 127
242 1503
1531 788
808 942
604 320
623 260
618 263
798 471
1373 804
46 484
1352 1414
613 966
121 442
433 1259
1054 474
658 1562
19 534
959 749
768 1477
361 670
593 864
1611 1434
573 161
45 858
902 565
1615 48
1604 471
1028 606
603 1062
720 404
1523 781
881 392
1429 1146
1415 136
833 606
307 752
549 1568
1229 1145
1040 1239
111 930
1549 475
1584 109
1615 1063
1326 66
92 1576
194 645
1453 646
1249 584
150 332
603 805
877 489
974 719
1045 884
535 1384
38 864
1111 244
1315 1484
1213 1168
703 1502
300 547
12 945
913 1562
226 515
72 767
1103 1587
1064 337
212 1226
106 1122
1505 51
1301 559
1244 1272
554 1409
1276 1047
112 1494
278 876
544 1363
1221 40
695 873
1399 53
1332 593
1086 69
40 1533
1504 1232
513 571
1448 1382
669 379
1129 1160
1203 995
578 715
472 1188
1427 1106
74 585
1133 326
143 1143
266 236
377 518
767 242
1012 1475
1213 361
807 818
453 71
782 29
1293 162
955 225
1233 886
308 69
1433 303
598 1553
762 235
226 134
95 262
1021 1269
69 938
642 734
1038 414
414 268
1004 125
193 1342
1222 258
330 897
36 1462
257 590
1439 289
603 135
1224 529
1509 105
1086 398
945 1171
1239 6
1075 939
1404 934
274 626
29 618
1270 448
87 528
24 1086
36 252
427 1132
1017 301
998 152
1161 140
1466 451
1208 97
810 1045
774 187
276 1514
1213 1285
782 475
779 76
1432 484
534 788
1174 498
2 1286
1525 202
921 1506
1354 1551
1186 1526
245 541
514 238
308 1270
406 659
493 446
926 487
1004 247
1527 894
1519 230
742 880
1464 154
995 642
1281 1475
548 871
418 1517
885 1021
159 1150
479 1502
1560 373
1478 1614
560 192
1512 617
74 710
184 742
167 1225
1105 1038
1406 1474
898 1534
741 1529
143 828
439 1530
1614 1136
1394 175
1434 444
1004 1373
1551 1445
163 1205
675 539
757 1077
98 1401
1376 1431
535 663
158 1417
722 412
1286 1245
650 1346
732 656
436 877
497 940
913 1372
1 327
526 1518
1181 1536
1375 1047
548 804
95 296
1438 1232
7 386
234 1167
248 379
521 1274
515 324
1496 688
433 923
399 613
1018 24
1432 67
150 725
1572 1176
1183 1051
1253 349
1591 723
440 1093
552 641
1060 1420
23 1536
528 434
1094 715
187 966
908 461
723 1151
1575 1607
1242 817
1044 732
198 158
875 1283
550 182
115 647
136 334
1298 120
1446 754
1082 87
1022 1223
1336 1594
239 723
1608 1394
213 893
267 1203
1236 869
941 252
724 168
1517 538
1205 717
96 1012
1286 747
211 423
334 1352
208 812
177 1497
304 86
1500 420
682 820
246 933
1066 642
420 1396
1161 231
305 988
627 425
1481 903
516 236
639 1163
1590 408
1436 1594
1067 326
1255 435
749 1002
1216 1272
1292 1435
547 688
1594 557
960 745
1347 1510
839 1587
1434 1043
838 629
519 1386
572 558
1105 1424
318 365
749 58
529 1077
1498 1136
945 693
337 575
280 416
254 824
392 1077
480 1165
1260 268
881 1204
175 404
855 205
1169 1610
716 626
829 89
1456 331
817 151
1147 1406
1090 1265
788 595
333 793
1563 1173
1313 1606
732 1240
499 825
1257 1519
1172 504
697 1013
759 710
1248 491
861 135
1432 79
1111 1422
755 446
1028 443
232 1249
468 194
1103 850
1258 98
20 1568
425 1195
610 907
370 322
813 204
328 1095
1167 6
1282 1511
136 230
329 835
1003 1193
783 1339
1503 238
1142 534
1329 449
1472 792
641 860
54 63
1094 1390
620 683
659 1288
1245 1355
1061 518
482 129
722 1449
1299 1386
353 840
1433 1341
827 1465
870 1289
760 770
1218 671
539 51
335 922
164 880
842 1072
163 1086
1085 1018
1240 75
452 720
621 337
1427 612
1187 195
894 1269
58 1104
500 1595
604 472
599 1022
745 803
191 1123
1525 1510
1475 187
292 0
54 1536
768 1595
1522 138
972 734
365 809
498 1307
1150 823
1232 1224
700 1140
1015 1559
255 746
153 502
1549 127
1552 565
565 614
1337 1397
130 1262
134 613
884 66
932 779
742 117
1190 1047
809 1310
286 1405
491 1406
1467 438
1240 840
1536 414
858 115
680 1067
1560 152
162 197
1415 427
567 1049
1447 1334
570 648
1604 1607
40 782
273 547
1289 683
912 1186
1545 210
1120 785
311 402
701 587
987 1144
1491 1404
373 1579
657 623
1456 566
725 1594
890 1401
531 1010
264 418
1300 1190
278 1566
11 948
657 1332
235 1095
560 216
1433 889
523 1508
1575 799
1201 1055
921 827
331 150
1303 293
1307 27
359 864
264 206
497 1005
120 1323
1099 825
781 498
1330 996
153 988
159 995
746 561
1369 495
1288 445
487 1256
722 490
1141 1294
509 1258
147 110
407 127
1452 810
818 710
521 637
1187 1515
1259 123
1265 1346
1301 588
340 1208
795 329
1179 698
208 472
1342 87
1493 1499
1058 1386
738 731
40 283
458 1434
724 686
1406 1573
702 669
1453 1423
626 389
509 1036
1468 1211
1489 88
13 1256
226 1465
236 123
57 403
1197 791
1214 1473
447 479
275 783
1397 993
388 1319
1247 493
900 936
727 463
1158 424
1582 184
1144 570
345 1133
1188 442
146 1399
1041 954
818 128
982 584
701 1148
1155 61
832 300
628 759
193 177
491 255
165 333
1101 754
1562 1396
1481 741
1583 401
596 829
815 1315
799 1226
206 868
1061 598
326 302
586 256
374 453
405 327
1404 1074
1129 175
1040 869
327 1408
1090 818
775 1334
1225 77
1110 1163
750 517
444 479
1030 1135
864 132
