920 2000
658 110
792 69
456 579
890 123
813 302
665 494
596 676
412 50
147 241
508 311
285 874
852 770
255 418
750 524
919 697
617 134
718 445
780 264
863 904
349 847
105 755
35 705
763 246
662 140
162 680
300 717
131 714
701 468
334 539
697 683
471 353
754 641
470 595
1 255
601 468
133 721
827 766
500 851
512 414
126 570
237 348
714 631
758 205
459 280
712 525
511 585
729 348
661 385
490 31
916 28
912 755
399 282
528 115
493 41
13 804
620 584
136 449
469 330
549 115
295 720
756 270
360 668
814 347
688 642
12 172
539 854
664 820
540 63
115 392
563 507
543 794
841 277
666 914
691 8
513 600
201 770
466 901
264 249
147 122
856 577
906 121
554 663
889 468
614 844
643 633
814 388
39 205
279 54
782 169
330 464
474 571
848 868
641 217
389 323
189 17
668 332
840 341
476 724
483 113
706 523
125 384
367 130
852 344
550 687
54 793
88 525
129 741
285 792
62 229
328 547
394 372
347 351
756 695
86 55
581 9
53 223
357 614
283 148
736 211
195 388
477 616
648 850
138 340
415 345
592 46
155 596
771 615
653 738
489 191
914 97
587 200
191 327
342 239
53 453
369 767
244 363
413 536
158 83
212 439
707 563
96 883
451 649
651 325
598 266
328 283
29 848
419 740
524 18
792 504
124 50
252 804
473 881
41 27
810 141
849 206
704 526
846 121
890 435
25 804
446 651
541 199
741 240
262 798
154 43
480 260
561 118
780 600
714 169
434 513
597 643
90 584
446 306
750 348
241 144
874 897
805 432
500 723
321 263
102 257
655 493
141 514
557 726
511 17
600 792
855 859
323 589
253 890
227 237
886 698
758 320
807 676
551 560
917 882
767 720
18 651
718 645
335 64
438 859
505 729
602 477
183 456
226 799
472 254
344 740
541 715
137 472
451 306
105 550
55 877
690 143
227 832
244 696
357 527
187 121
870 694
754 570
232 400
216 819
301 227
576 422
342 129
125 391
68 144
157 546
207 812
450 329
667 735
574 847
445 547
302 649
715 743
820 705
136 819
6 855
640 481
642 701
209 610
86 833
871 656
47 684
579 598
870 382
529 904
1 388
264 649
834 758
319 857
71 602
528 26
432 735
298 400
716 640
109 524
123 634
714 750
95 220
334 491
167 24
784 669
730 237
366 203
850 53
798 59
144 880
29 399
633 459
447 651
401 552
376 12
757 301
630 50
650 838
529 514
150 432
608 545
816 790
489 690
675 782
88 262
284 532
486 163
46 828
49 634
324 94
889 116
229 869
878 619
2 34
268 126
530 543
328 239
900 624
133 663
459 704
174 295
119 417
123 80
62 338
305 788
662 182
220 548
251 587
753 20
310 354
847 159
463 408
358 847
475 176
918 846
825 327
446 753
405 315
465 362
685 236
161 113
58 642
298 604
761 205
357 87
858 860
686 16
46 215
292 247
605 892
669 23
472 678
654 686
140 600
815 483
149 85
541 498
496 699
259 841
8 189
108 140
601 673
311 103
259 109
887 898
206 563
741 463
751 763
902 844
169 417
815 535
3 839
124 571
575 358
26 624
112 864
164 300
838 245
589 34
489 661
678 893
385 305
628 618
657 907
653 15
865 849
509 381
28 440
739 709
244 575
479 887
357 401
710 40
570 916
502 752
376 476
142 244
170 708
190 204
743 657
358 347
146 438
112 518
65 396
256 215
827 4
400 242
535 466
583 154
844 232
494 329
426 2
811 618
168 790
729 919
803 594
44 905
301 593
364 526
549 233
17 69
565 593
133 759
309 159
840 22
809 421
292 334
407 402
699 10
91 85
588 499
312 313
202 298
329 821
622 101
374 235
32 567
246 733
195 171
333 471
607 819
548 217
16 743
515 583
496 106
27 719
681 672
185 457
267 98
676 514
483 625
211 693
785 383
635 302
105 1
371 830
374 811
197 883
518 495
66 628
275 663
272 603
100 60
26 320
798 578
575 786
672 339
1 576
722 794
481 740
196 2
531 99
633 301
310 141
233 512
283 884
453 883
476 351
692 507
680 802
311 89
449 33
191 26
715 639
354 36
71 712
198 766
337 680
246 348
217 506
731 378
219 745
873 35
94 471
152 176
211 615
126 684
45 310
858 147
468 121
503 287
752 470
355 217
35 75
451 876
259 435
112 792
264 853
229 639
391 272
872 763
475 691
641 701
897 376
419 586
21 453
752 419
181 813
61 882
315 838
456 233
837 266
393 528
443 37
246 510
378 633
393 497
712 281
492 842
16 63
122 514
467 779
704 492
333 813
460 696
285 341
72 354
496 897
221 170
109 495
532 189
419 481
533 433
146 60
528 56
388 591
365 468
628 381
336 195
796 458
529 364
899 665
103 250
114 812
232 818
644 551
347 95
431 50
102 669
524 909
498 651
480 478
382 574
533 113
454 19
775 347
505 850
39 838
544 348
40 433
767 560
867 645
42 264
522 189
842 485
413 41
355 865
315 857
382 795
328 640
120 918
218 38
9 439
522 30
869 85
15 515
82 282
438 300
254 28
130 190
300 253
901 863
705 251
5 635
529 582
265 84
915 878
481 692
882 409
770 741
360 284
5 807
911 270
453 734
802 904
415 65
233 161
94 491
58 297
758 629
94 384
70 50
52 888
838 911
452 858
407 795
624 742
538 6
777 787
734 786
167 181
382 853
602 410
493 425
354 765
293 655
288 733
35 578
662 658
315 231
608 846
416 902
79 376
607 657
872 145
505 407
48 92
325 264
84 557
755 879
453 319
835 618
8 898
675 834
672 748
278 910
59 879
18 816
79 550
119 243
802 900
492 403
873 628
900 588
285 203
624 280
136 61
691 424
676 723
99 758
205 908
240 66
733 645
68 325
228 864
907 591
135 170
799 834
914 145
692 827
233 215
342 73
43 167
37 753
79 751
482 884
252 154
680 108
177 375
814 789
420 344
797 151
192 453
359 895
911 825
551 283
842 379
745 551
478 217
316 611
109 851
461 122
805 711
691 581
644 67
493 154
849 109
134 537
851 53
800 561
706 611
57 706
781 639
262 310
117 14
629 422
446 600
211 868
10 384
242 183
466 400
221 22
496 780
322 93
274 880
881 230
316 640
285 883
549 65
113 675
879 190
412 296
595 708
132 172
288 418
149 421
238 351
549 460
548 426
615 324
370 542
363 60
683 15
862 320
64 557
505 414
59 89
628 313
307 576
501 218
506 745
746 751
831 52
886 351
854 404
115 735
135 152
384 778
390 595
186 150
748 384
91 7
566 649
893 502
900 58
798 314
812 753
861 558
419 852
79 533
114 382
390 852
849 886
369 511
633 298
709 357
401 260
387 904
775 473
435 0
176 918
356 155
151 130
337 303
98 775
581 844
271 208
714 277
837 584
45 637
316 862
580 577
312 399
696 602
683 337
730 799
347 774
69 525
312 282
52 716
860 637
530 518
201 354
81 87
874 49
405 30
747 866
50 466
230 865
820 1
586 597
504 664
527 751
610 562
8 482
273 256
550 739
144 270
749 282
546 539
13 185
526 229
107 330
644 70
388 3
446 749
640 373
779 907
472 62
600 794
749 0
369 416
218 287
386 691
223 51
268 848
267 599
172 451
304 217
253 321
452 835
700 309
575 607
153 429
172 168
594 547
46 416
445 779
168 135
309 806
585 686
436 110
628 500
734 456
707 169
453 573
583 345
463 92
810 312
901 113
488 253
115 531
197 892
917 734
192 658
103 290
127 785
72 528
797 673
552 491
185 428
319 380
347 455
303 145
599 899
49 866
307 580
197 137
169 594
415 279
587 744
194 768
801 759
327 823
438 256
181 714
710 793
435 292
830 575
850 894
458 215
280 367
479 570
398 708
810 667
445 153
736 113
696 534
457 287
104 621
444 629
812 441
621 235
467 53
447 162
645 782
686 753
818 537
739 108
548 80
259 810
637 824
308 775
217 623
2 132
111 692
328 514
144 766
229 634
204 705
735 521
45 771
542 231
714 48
696 479
357 539
473 610
732 290
116 171
841 496
797 490
142 843
743 610
205 671
671 678
583 648
537 125
467 895
94 589
785 194
597 725
224 558
301 898
343 10
803 568
122 705
631 148
788 642
81 855
101 499
417 245
547 746
409 348
474 587
863 209
354 800
68 282
598 31
226 807
445 95
50 202
155 794
21 297
808 595
67 127
688 518
173 690
534 331
426 162
878 123
729 412
457 465
395 314
177 283
119 612
326 282
407 553
83 672
724 218
755 507
90 837
385 365
729 629
286 197
224 586
130 123
463 328
307 700
523 91
789 79
695 257
156 281
628 622
609 98
226 164
180 893
209 50
283 825
8 768
73 796
538 341
328 626
520 579
174 404
658 707
748 663
309 287
325 273
462 336
431 186
193 157
395 229
53 279
222 142
217 406
884 821
767 739
555 376
563 726
582 317
612 92
49 737
118 855
514 788
165 846
269 531
251 871
507 165
294 544
164 499
712 116
230 709
857 879
316 857
551 904
511 201
912 278
872 79
770 482
721 187
730 588
836 523
7 823
362 910
121 740
645 19
329 356
657 236
463 641
875 891
572 825
828 371
450 99
319 452
309 107
255 241
402 23
464 239
550 695
489 683
860 877
523 573
84 405
375 366
463 694
695 448
363 753
766 119
418 647
627 114
683 282
43 180
621 592
867 698
885 13
216 619
463 275
891 308
417 606
906 98
803 458
469 544
549 682
504 888
268 348
480 18
40 440
440 309
368 230
355 419
229 124
551 840
131 369
528 735
54 161
764 463
64 638
441 640
671 613
849 658
706 336
18 641
728 743
459 76
411 153
277 790
42 440
453 286
366 211
855 382
23 738
225 581
391 289
141 468
327 359
543 471
844 514
436 691
56 691
520 467
523 671
742 263
844 759
596 730
213 669
842 397
732 152
381 707
702 725
748 212
68 710
37 409
801 28
498 691
822 186
114 445
645 319
833 374
16 683
459 552
57 276
278 52
433 401
655 695
72 484
697 77
189 79
140 495
254 693
233 302
334 782
649 282
576 176
393 699
416 513
881 478
644 755
759 416
297 445
145 414
875 895
95 550
690 757
101 203
632 214
138 410
119 67
689 406
635 484
891 862
31 751
464 915
667 426
880 775
148 92
510 573
119 313
299 127
724 363
813 763
506 230
100 230
387 399
518 148
435 92
274 720
562 66
490 766
409 712
627 559
557 467
457 616
330 715
435 549
117 296
364 374
818 793
416 422
802 223
28 318
691 171
61 793
416 554
283 186
768 96
515 593
772 185
870 150
206 757
705 50
26 67
370 109
485 750
817 159
2 885
611 273
638 613
54 303
302 472
153 919
190 875
266 83
543 132
167 870
714 471
248 563
870 401
272 445
551 88
745 350
694 720
219 578
860 240
128 270
280 73
681 494
382 159
791 395
463 488
808 2
467 573
717 22
666 286
174 889
269 829
567 121
751 7
638 305
556 740
492 888
478 898
145 542
598 241
321 346
120 583
897 766
128 195
859 260
678 809
379 190
667 918
131 866
416 324
811 745
86 168
262 341
714 358
114 104
408 681
802 346
429 805
734 657
709 536
285 868
660 373
193 107
913 803
393 594
662 494
278 289
919 93
820 194
213 706
454 440
59 78
103 424
337 210
68 670
348 665
269 560
897 220
82 166
602 576
275 888
610 660
794 626
779 733
496 494
59 305
230 375
218 473
560 833
216 65
799 289
496 797
813 92
834 775
318 239
850 332
596 687
281 137
0 432
547 726
18 152
247 16
291 295
913 461
81 668
384 127
394 190
201 21
862 814
226 743
705 870
616 414
903 230
240 68
746 276
827 512
512 809
727 55
374 275
386 360
701 34
752 150
813 419
851 507
582 334
660 521
302 668
154 718
124 574
866 706
226 795
270 253
735 224
410 799
398 845
54 504
546 92
341 863
890 530
506 861
4 529
889 808
22 2
406 774
117 785
680 35
734 355
414 308
857 321
24 896
245 429
891 872
684 196
370 584
209 573
299 490
384 109
572 919
390 51
901 173
750 113
616 248
83 679
393 870
482 618
734 534
179 380
479 179
170 78
323 857
298 300
4 582
880 802
664 108
463 604
869 33
134 637
348 865
759 845
114 368
691 67
842 578
878 235
603 361
869 301
420 857
167 322
27 1
592 263
213 325
726 674
514 565
208 646
893 665
48 676
876 851
741 68
700 47
723 617
431 815
276 782
791 504
311 795
512 587
191 892
609 906
21 367
840 834
293 277
798 602
183 590
578 191
373 692
69 803
61 786
83 565
565 456
856 235
170 378
908 795
39 785
809 37
481 1
872 890
662 799
396 285
338 626
112 272
34 212
843 831
601 522
653 597
528 583
90 579
662 13
475 637
163 586
770 36
381 88
636 170
612 598
326 629
272 679
466 772
142 775
596 763
178 205
558 253
237 410
757 130
843 847
25 428
58 529
583 59
649 168
60 772
865 194
713 567
449 204
803 710
787 268
806 574
285 740
816 641
544 715
850 310
649 150
268 829
313 621
408 44
441 404
617 124
700 898
809 432
797 697
704 606
541 354
600 823
768 796
85 136
664 547
221 49
187 779
1 473
449 430
853 656
75 288
548 352
378 552
799 622
138 758
693 161
382 321
547 607
851 437
865 305
484 415
798 906
515 320
55 328
557 879
807 706
486 284
247 259
592 917
343 160
391 353
606 367
714 730
660 860
272 151
369 332
305 77
793 499
128 239
363 793
57 297
764 280
421 8
824 880
263 588
779 817
162 465
666 691
75 696
607 261
142 245
510 321
755 579
732 554
237 590
873 129
901 585
740 648
269 311
766 471
213 782
714 452
236 210
698 383
607 387
490 256
771 442
669 808
443 720
660 776
358 458
520 847
686 386
209 378
846 269
183 540
703 276
548 295
813 491
357 604
375 677
22 875
896 836
691 747
464 917
688 909
915 263
378 473
592 28
331 702
87 541
223 420
97 172
300 631
662 55
851 24
153 74
476 837
784 684
453 196
602 751
749 514
73 848
703 545
552 889
555 807
130 887
277 710
623 200
189 87
869 235
752 738
732 217
727 267
816 121
714 222
742 498
381 252
232 632
719 241
409 709
284 891
859 801
349 757
126 3
268 549
208 151
916 725
441 492
438 407
31 272
844 691
177 802
197 903
196 732
665 517
580 264
861 115
50 274
331 799
7 119
83 342
99 467
573 405
503 190
613 675
786 302
23 117
825 714
729 310
820 504
238 301
492 518
711 268
748 222
636 800
917 506
427 11
80 381
782 827
430 696
442 673
779 403
587 92
754 120
339 398
72 630
183 580
68 761
798 716
853 757
486 657
331 536
608 863
467 876
772 405
866 147
392 315
320 654
784 831
167 155
449 640
524 205
405 696
1 814
891 155
907 625
384 586
685 598
336 598
77 464
364 59
505 619
375 504
882 571
688 631
215 185
652 488
660 792
879 378
235 292
813 357
808 168
121 409
84 571
896 96
539 311
521 852
286 221
344 236
813 606
437 526
645 638
19 734
685 756
182 725
917 747
841 913
907 785
642 844
748 545
767 604
654 380
697 158
906 134
870 59
486 552
612 817
555 18
154 568
823 901
236 7
338 388
862 157
82 136
24 584
490 747
129 438
813 511
54 835
880 286
21 731
117 453
572 352
592 218
708 364
653 392
424 809
211 747
382 609
88 389
129 126
246 379
703 297
161 149
767 670
358 39
397 625
436 882
261 33
733 556
166 94
875 312
61 427
856 380
533 684
104 554
854 881
518 821
665 60
188 570
139 97
358 36
780 505
135 542
349 615
916 235
431 438
2 870
443 76
710 150
729 821
902 601
525 9
455 375
42 349
105 671
851 205
303 516
524 641
803 630
589 172
740 827
110 476
3 735
11 184
713 400
447 399
545 552
871 659
467 714
306 104
586 289
872 224
121 232
2 85
649 617
42 111
885 239
720 404
49 613
516 712
259 544
324 488
398 185
631 633
846 297
742 319
857 495
57 141
857 414
420 328
651 106
443 199
261 192
778 82
329 184
11 464
241 654
442 747
28 401
889 239
288 240
151 533
821 871
143 685
905 353
333 442
275 712
409 427
230 81
389 54
290 44
269 433
850 346
900 914
654 566
234 497
172 810
189 81
638 200
491 592
481 15
393 529
644 861
52 404
44 470
162 396
745 102
108 805
881 35
828 238
186 483
867 361
661 807
189 269
329 224
750 808
39 376
559 23
793 277
437 868
757 758
701 885
261 238
685 800
893 329
860 461
759 211
480 215
25 399
139 838
786 9
312 748
739 759
85 431
749 626
191 67
597 386
482 355
493 141
181 399
818 112
833 394
392 706
736 663
696 356
261 212
247 385
505 504
645 823
679 380
787 766
490 907
115 731
587 679
275 202
405 415
866 717
63 451
64 73
719 144
548 545
275 370
21 184
518 192
68 460
621 766
401 547
159 251
797 473
296 458
440 327
454 575
130 751
220 797
798 316
439 64
170 701
135 71
756 5
461 125
445 700
506 22
807 801
252 417
624 701
848 262
726 167
583 447
407 822
479 247
863 307
429 682
864 617
730 30
353 217
420 528
850 375
915 718
72 429
613 708
483 824
803 841
200 640
896 291
477 453
177 917
692 196
547 907
775 335
545 606
515 397
97 699
513 125
541 831
358 483
111 772
603 747
111 45
351 15
5 11
203 102
66 409
575 363
169 345
67 763
226 479
156 545
1 512
630 116
558 477
444 182
359 806
834 487
698 518
643 193
587 322
193 117
416 500
120 704
405 296
879 722
14 574
585 575
373 427
237 622
571 212
765 725
790 84
573 809
56 153
171 908
704 652
38 888
136 206
401 674
918 569
892 883
149 123
777 550
159 323
196 465
524 767
44 548
163 263
87 619
55 88
889 309
228 842
152 161
226 756
203 707
562 630
886 596
26 65
33 69
821 787
852 15
892 801
471 169
835 654
806 766
643 566
833 542
22 631
391 439
307 474
98 590
6 337
548 716
255 434
222 661
717 865
536 764
370 309
403 133
