970 2000
522 901
317 106
913 676
712 82
386 747
682 269
651 665
265 893
88 343
155 85
112 738
158 339
889 250
687 243
669 571
333 200
15 155
850 252
296 140
99 727
807 712
659 911
426 237
543 325
256 461
123 413
340 453
217 675
263 873
266 180
144 567
95 337
941 923
827 417
276 237
684 532
242 109
593 18
441 403
833 950
379 248
82 522
660 559
855 3
158 154
835 687
717 751
549 887
622 758
494 339
833 201
499 786
14 827
539 262
869 11
719 450
764 945
608 476
832 767
408 777
72 443
736 681
673 806
62 642
616 517
356 138
838 790
757 439
848 364
951 960
213 323
358 574
712 376
836 681
928 115
54 570
301 200
523 775
441 391
467 441
654 373
179 310
853 701
642 367
211 942
863 682
174 404
833 726
538 894
111 74
753 823
143 26
871 598
222 954
824 479
242 595
519 882
953 883
341 246
788 822
343 675
216 348
544 455
565 436
761 78
5 10
628 782
159 648
328 646
573 325
534 213
320 608
146 298
34 170
54 581
350 788
594 616
814 646
388 210
651 195
489 44
353 73
741 471
117 182
473 49
146 492
532 582
395 447
428 592
580 748
868 711
911 54
541 304
626 5
763 437
850 711
603 877
400 22
198 750
863 172
412 394
442 0
774 301
671 246
664 188
808 908
38 709
457 913
625 364
264 722
550 523
822 382
586 318
522 354
137 0
271 221
319 605
819 689
468 206
24 679
870 707
61 777
211 53
834 31
584 680
632 261
589 496
528 96
261 412
250 80
958 962
627 386
129 682
640 256
709 133
663 591
439 456
481 768
443 60
173 271
785 98
551 874
176 44
666 915
887 689
464 833
190 100
580 286
244 600
121 224
310 944
454 700
640 814
555 137
667 327
746 533
84 500
560 1
435 27
731 694
156 232
510 142
223 246
803 59
263 345
438 671
740 213
375 120
738 181
282 446
951 706
94 801
752 729
262 945
748 868
409 176
372 429
693 666
12 465
692 491
168 496
969 855
600 817
557 52
610 743
559 114
501 868
92 638
634 509
476 289
536 860
596 905
307 583
266 429
301 750
299 414
328 597
673 960
600 568
612 693
572 139
310 686
516 219
360 770
312 460
247 806
682 956
507 369
713 149
41 141
161 793
289 216
905 726
243 699
891 317
139 522
862 718
885 696
437 595
432 611
511 249
294 439
58 688
913 574
199 586
401 963
128 224
607 66
239 765
182 200
804 536
778 559
314 745
166 348
877 214
713 784
625 14
694 23
498 654
617 250
776 606
419 90
528 283
114 890
789 38
691 963
334 782
807 600
233 763
58 433
800 879
744 445
418 378
852 462
384 408
426 320
408 431
459 91
954 580
898 194
50 630
733 114
193 960
275 898
363 269
317 333
368 228
760 226
578 623
228 110
945 496
717 115
589 560
285 481
179 99
750 374
116 277
596 754
942 800
644 398
501 114
269 955
740 628
266 775
432 828
845 613
477 721
94 506
543 801
535 214
294 597
909 582
283 159
628 441
410 532
652 239
804 713
146 640
891 195
258 904
517 525
132 782
918 786
446 641
937 288
104 19
591 419
417 871
44 733
233 62
534 101
99 366
347 567
619 637
653 546
609 73
29 216
817 648
967 901
307 565
727 554
253 226
440 650
70 516
472 685
292 498
700 870
604 661
563 62
792 643
925 469
444 585
844 418
59 508
224 65
703 307
341 843
715 582
427 838
443 720
931 168
653 83
533 526
766 22
693 138
276 915
513 32
553 784
510 103
443 320
496 252
71 762
655 157
216 750
571 626
668 943
875 489
785 561
827 435
52 477
599 172
839 170
411 929
64 531
557 936
579 353
700 355
716 90
327 441
258 398
337 754
870 106
313 550
51 767
401 367
890 465
721 651
175 538
29 759
773 46
601 245
661 302
32 522
103 959
848 792
887 339
725 662
958 533
301 298
248 78
566 224
28 401
47 463
96 476
553 76
712 884
959 244
905 317
863 18
451 374
3 414
779 891
391 255
709 432
182 586
87 476
80 863
28 558
284 834
297 865
541 35
262 223
381 197
834 875
286 529
101 149
457 715
773 860
569 182
574 228
40 548
72 298
271 945
792 279
857 341
400 579
217 922
817 739
150 816
714 248
495 701
785 393
643 803
683 531
444 166
295 536
31 216
761 143
885 463
599 344
373 377
436 203
97 743
381 108
647 674
209 201
180 877
30 625
417 241
30 319
577 496
628 339
751 631
217 387
487 679
288 429
762 332
738 157
873 828
739 170
816 725
44 635
60 818
425 275
179 309
692 483
344 815
119 91
196 669
211 534
788 743
585 466
686 115
773 565
554 866
355 13
96 816
579 590
627 774
307 32
893 200
68 920
819 766
235 62
834 772
222 226
662 231
480 683
50 472
726 748
347 667
845 433
586 551
963 490
715 782
343 609
653 279
165 258
469 564
322 362
861 167
838 913
182 246
142 26
123 175
351 391
890 677
404 119
898 753
742 566
502 515
909 459
154 650
930 820
462 771
368 231
59 699
644 853
453 697
653 149
914 387
768 185
449 7
964 814
573 225
964 465
619 791
965 198
632 550
502 317
487 936
623 656
835 462
855 624
731 330
581 404
594 356
407 194
312 18
106 598
303 638
510 955
738 64
343 717
741 464
608 516
437 284
75 892
839 704
292 15
447 107
926 379
849 910
461 197
167 836
129 663
674 332
199 802
423 720
651 556
653 858
850 909
223 851
315 854
241 738
508 129
213 68
764 191
517 353
289 85
688 332
670 97
450 12
768 769
227 80
156 459
951 890
526 705
277 805
416 386
951 161
529 39
439 274
897 869
611 855
301 303
726 736
159 947
762 609
23 765
157 423
721 877
533 498
68 44
550 458
472 89
267 315
850 52
783 339
137 531
792 742
382 597
825 442
474 210
516 99
851 590
957 487
624 694
759 103
923 222
583 859
615 812
290 12
28 446
830 761
168 502
676 200
908 681
186 584
120 272
266 395
153 945
727 233
174 580
792 179
515 788
549 464
307 826
622 811
159 248
723 450
401 248
608 896
877 84
955 495
27 509
148 534
606 819
264 619
78 219
737 552
191 342
708 661
207 858
52 375
740 757
214 715
799 253
269 761
250 830
123 563
387 649
520 607
289 553
363 527
712 10
672 684
966 206
533 54
603 737
814 531
375 519
79 647
640 796
956 326
930 534
110 316
767 219
810 78
475 407
629 651
864 510
709 614
902 479
228 934
57 80
419 405
474 141
885 5
661 372
660 923
263 436
591 793
775 709
733 95
566 195
295 796
54 788
613 510
783 3
348 124
823 173
843 388
441 233
784 535
50 590
184 343
692 818
847 281
536 660
417 794
436 605
157 836
492 134
137 720
162 584
752 637
890 914
341 288
956 839
904 97
693 209
297 284
152 732
549 196
366 26
259 674
609 580
23 112
817 210
465 785
366 659
371 628
251 280
701 671
310 71
437 851
256 290
558 530
923 49
599 617
192 911
370 838
922 267
232 339
529 731
266 516
611 541
444 285
20 305
358 698
787 679
570 306
536 943
805 779
385 630
695 766
583 600
332 493
23 585
510 270
514 464
626 158
446 318
168 738
683 871
740 167
255 456
122 14
267 13
679 643
298 733
663 780
598 13
596 16
404 551
957 850
558 721
619 180
29 1
669 953
178 394
824 651
431 713
566 337
692 179
242 236
735 251
876 386
688 961
166 916
442 119
576 769
754 235
82 381
639 642
119 734
278 299
645 768
284 742
339 588
523 500
727 40
925 394
30 882
426 352
63 233
745 251
452 114
78 83
726 852
63 35
621 936
263 865
824 319
941 925
630 902
350 11
688 802
931 52
969 525
336 926
786 785
442 358
576 928
299 133
801 471
47 384
456 76
945 75
881 125
535 247
144 630
416 881
619 488
577 875
303 902
123 318
270 313
454 471
101 645
290 127
72 714
446 29
740 641
774 611
488 925
601 285
961 709
667 72
813 25
400 732
582 309
447 359
641 700
57 837
207 437
575 894
446 372
867 572
915 796
654 38
433 678
923 668
854 585
684 190
376 893
778 804
436 636
703 50
344 901
736 37
936 421
292 140
796 180
938 209
445 325
617 784
858 325
324 99
180 133
447 549
273 543
342 327
507 189
394 362
31 76
773 516
489 736
930 825
700 504
567 295
896 491
874 485
567 82
175 963
119 261
286 308
96 310
341 131
581 390
171 317
958 250
162 157
478 317
951 168
136 303
778 764
437 479
280 131
72 455
519 20
470 186
613 585
442 504
817 825
638 720
905 650
782 204
351 542
436 899
837 314
945 566
684 374
723 138
652 113
299 12
48 114
74 65
45 900
698 867
963 407
10 377
349 209
156 162
668 844
367 348
779 237
571 17
74 689
192 757
108 925
220 793
48 828
103 595
794 581
849 76
438 831
420 199
904 309
458 129
333 360
803 80
612 698
255 739
429 918
675 99
882 162
545 160
321 332
598 156
551 19
945 373
145 490
24 200
594 427
854 871
687 501
23 490
841 342
312 165
511 483
766 271
130 549
641 418
902 526
619 126
656 763
328 10
770 402
23 63
395 504
188 243
318 240
264 817
795 157
151 160
230 483
88 726
407 911
664 735
357 944
3 928
372 377
604 6
740 265
592 272
200 359
959 895
329 835
44 138
482 763
656 126
776 79
518 710
33 707
176 431
602 477
766 781
805 453
800 176
616 810
807 716
420 754
386 789
748 97
284 335
923 407
439 736
10 341
649 368
733 694
380 189
701 501
943 629
708 257
140 302
41 898
426 283
515 965
645 885
519 309
860 13
926 289
402 2
657 525
180 807
767 291
604 108
724 769
836 550
324 773
100 93
308 437
515 312
198 253
855 776
942 762
319 88
537 159
221 614
848 51
640 155
451 214
437 613
251 54
618 752
141 284
700 503
775 236
782 912
961 4
384 855
466 376
48 601
580 409
166 597
339 104
420 472
618 350
564 692
507 559
543 174
165 608
202 735
80 54
61 126
340 139
2 868
578 908
693 845
730 40
42 208
946 109
831 904
643 602
480 146
643 807
756 752
17 259
80 552
309 237
598 629
922 214
13 606
219 388
946 100
42 261
433 245
427 886
531 209
724 247
349 840
172 372
693 899
311 823
838 558
848 629
206 619
778 951
178 934
419 160
776 849
812 731
484 883
311 515
567 52
667 507
384 72
919 237
707 293
568 11
703 966
447 38
922 837
329 395
870 50
804 260
474 964
861 838
74 856
609 97
120 79
790 293
757 49
657 501
394 371
523 611
340 674
15 612
678 410
710 535
33 36
322 76
765 487
936 922
190 310
87 735
806 117
618 956
116 637
894 667
201 795
540 674
501 817
54 186
632 735
782 604
759 233
949 172
402 456
719 829
123 664
283 200
837 677
808 571
421 235
773 636
268 343
878 633
397 855
517 575
797 775
509 710
526 362
515 352
795 665
211 491
56 606
285 47
898 13
683 200
798 536
916 757
958 65
642 549
694 187
418 370
875 274
397 846
621 396
299 594
170 12
329 891
264 273
958 849
338 709
414 678
272 346
529 862
622 531
199 775
396 386
471 963
638 375
687 679
507 700
78 88
514 893
449 135
19 761
535 338
731 904
618 57
227 422
849 954
245 237
810 761
710 77
171 395
962 344
73 81
604 286
211 435
472 919
338 694
907 123
812 363
636 70
683 783
568 75
321 38
79 470
490 825
213 537
864 856
217 342
485 844
322 602
844 931
355 214
657 684
159 668
492 352
689 510
233 112
629 267
548 294
774 540
312 826
790 823
289 91
11 55
669 920
207 837
159 218
581 380
153 885
433 731
887 197
706 711
42 801
414 654
499 186
660 722
341 596
238 540
54 399
933 201
880 137
766 599
63 435
745 535
5 468
57 712
945 379
755 132
79 228
897 112
257 121
319 3
90 456
484 407
821 3
105 956
609 271
220 802
728 925
779 720
225 386
774 596
779 655
683 322
169 338
763 131
549 757
593 221
557 717
956 139
874 411
682 958
496 285
959 748
715 195
529 676
822 704
647 305
859 324
882 103
301 341
252 879
859 20
758 408
26 645
900 181
426 178
291 220
386 464
650 670
898 56
781 63
849 675
94 716
368 647
871 294
472 943
580 948
532 48
435 807
469 38
757 958
604 684
745 438
397 692
388 705
329 1
50 602
797 640
528 853
508 538
790 576
426 774
674 887
434 320
564 647
181 574
171 848
240 898
761 669
77 728
142 543
613 238
380 63
601 684
840 790
267 860
547 380
374 465
430 686
243 441
320 887
893 696
538 618
337 841
633 123
585 279
853 258
933 804
813 129
715 962
862 955
966 333
869 724
750 960
360 496
308 240
852 479
654 545
590 442
19 778
200 661
934 563
844 839
339 466
864 535
371 593
350 520
6 47
334 246
137 479
310 963
552 833
101 367
609 529
235 411
740 657
64 191
847 412
770 528
499 700
299 738
495 228
673 913
474 876
881 366
668 51
202 353
162 647
138 584
433 184
268 338
659 424
850 871
627 217
894 176
871 725
789 831
940 808
206 570
676 329
850 904
216 516
117 650
549 795
220 336
243 401
829 629
70 883
628 415
366 190
13 81
556 915
732 25
156 141
292 251
658 432
829 353
908 577
964 899
473 593
402 952
567 575
649 353
873 886
889 869
195 316
69 623
72 54
300 274
547 659
280 818
199 49
270 906
204 803
910 666
600 328
564 45
327 878
409 641
626 584
809 870
64 208
298 43
366 70
481 294
601 322
308 527
692 182
60 305
641 86
790 164
300 628
914 63
204 500
611 846
585 628
510 153
967 364
71 820
451 219
96 601
735 458
668 673
519 538
783 337
325 909
211 383
462 228
394 150
582 673
107 436
128 571
5 659
958 16
659 373
307 444
635 785
144 837
460 537
770 101
482 213
723 214
216 168
363 728
612 867
135 253
144 869
850 657
489 500
57 279
579 961
57 641
483 247
572 94
248 284
626 50
751 407
5 674
640 650
730 235
297 566
751 281
222 360
12 714
792 443
147 544
340 515
812 627
24 820
856 883
58 268
646 115
136 425
252 564
655 60
565 781
283 669
82 839
674 155
156 184
255 178
57 770
700 383
225 608
941 933
255 415
60 23
677 928
421 754
170 269
344 745
433 621
855 445
567 256
440 296
420 416
115 738
789 323
359 495
299 327
316 811
3 506
84 712
956 114
955 361
153 838
179 543
93 265
167 286
776 440
322 641
819 745
661 712
560 556
489 172
264 592
165 363
631 411
19 431
453 850
160 92
267 627
328 440
825 890
74 424
422 79
461 760
180 892
279 74
54 665
762 634
910 0
295 762
612 276
115 100
344 859
800 211
436 306
865 392
682 707
866 36
574 93
479 34
315 866
407 895
792 438
149 594
625 596
542 374
877 80
261 581
233 743
969 105
128 212
143 597
760 969
815 818
587 113
932 265
1 875
692 802
536 681
490 454
897 686
79 660
887 165
709 770
299 395
410 761
788 234
758 846
169 756
88 768
190 185
607 606
177 505
135 453
246 550
83 891
173 384
548 175
278 874
198 747
44 134
292 783
930 963
314 717
66 413
832 737
126 252
31 858
775 296
581 204
211 582
408 175
573 281
333 23
960 419
714 261
224 666
519 764
652 852
948 927
886 378
43 224
218 280
627 756
406 615
833 30
734 530
474 137
680 491
170 709
112 471
236 930
966 371
399 392
225 964
950 819
73 337
424 505
968 147
509 626
713 569
923 925
805 121
785 720
327 900
895 484
661 17
66 492
638 608
738 389
595 394
393 600
640 118
154 840
64 413
260 730
405 105
107 201
589 650
667 69
356 639
521 948
899 156
58 539
263 842
857 67
876 407
472 34
361 118
752 949
128 220
923 97
77 306
702 171
658 636
401 760
879 507
889 801
479 312
678 333
871 118
129 839
468 925
939 695
912 217
640 92
315 603
702 820
9 46
251 950
110 292
365 628
471 745
565 100
594 162
862 800
957 353
247 156
74 460
466 161
442 330
46 648
948 930
125 855
647 958
898 297
556 523
825 415
831 388
525 417
75 471
967 650
479 54
509 916
576 800
809 590
451 108
738 494
516 969
575 328
95 109
803 630
544 105
318 817
867 582
14 698
361 274
190 777
966 661
344 836
966 180
356 818
848 650
482 190
634 484
297 303
340 399
703 541
48 13
931 806
886 346
609 803
167 743
255 494
260 576
276 586
65 937
354 755
895 819
262 660
357 180
171 258
121 285
108 850
533 210
592 378
590 710
899 684
190 128
926 508
818 533
25 118
489 98
578 610
766 762
10 8
445 357
492 260
620 17
853 778
514 763
442 401
897 629
74 271
406 226
754 160
127 371
699 311
304 480
921 591
297 439
809 426
59 814
603 907
503 826
532 485
559 228
744 828
731 869
878 337
38 615
428 705
392 93
499 573
410 664
519 336
780 272
400 811
510 564
957 538
923 801
54 604
317 937
731 452
69 840
274 473
937 254
73 721
888 539
58 113
551 379
858 894
425 642
142 843
340 619
583 698
630 941
343 372
451 647
495 896
517 927
285 344
932 667
650 846
248 79
3 596
212 546
926 149
96 426
145 213
516 185
205 966
243 30
52 937
816 316
608 633
860 928
376 459
178 731
642 510
594 759
579 356
713 915
378 629
319 331
733 393
676 525
341 832
278 286
839 22
122 621
62 135
328 38
86 654
544 321
867 507
304 228
290 598
384 250
546 243
682 923
842 752
955 560
532 845
211 156
902 98
719 193
214 368
881 830
740 5
599 826
233 455
766 35
935 379
744 102
39 505
263 760
141 788
284 677
435 50
401 311
657 438
318 200
595 9
519 895
290 106
335 565
456 894
440 826
542 736
673 863
140 598
279 461
829 24
258 21
579 805
770 286
915 18
271 250
213 885
165 367
905 443
931 405
121 454
24 187
303 258
766 888
479 827
638 550
766 247
163 192
752 458
176 384
546 285
524 557
898 53
962 172
311 641
384 109
370 219
577 430
119 675
292 725
501 171
861 158
869 349
910 537
