2520 2000
424 599
57 525
1740 5
2126 1148
565 1298
939 1956
271 1242
156 1141
1032 170
1534 850
692 771
604 1631
1227 1786
254 1255
2384 2175
247 837
2158 1506
336 165
773 856
2148 1274
585 2399
509 209
2185 581
1132 1735
1879 1412
2220 192
1635 1990
1820 987
2030 925
2033 1866
1600 510
2258 475
1578 939
838 1833
562 796
738 2429
1641 54
2088 244
1463 1984
167 213
1556 561
351 90
267 218
1031 119
1618 1244
753 123
2230 206
2022 281
1130 2506
226 102
831 900
1092 655
1272 1737
2393 1221
2040 1762
466 2124
588 1400
721 610
1415 1054
394 1477
67 757
477 1357
28 2374
1253 2515
1838 481
1644 529
1290 1459
2186 1271
1983 332
691 1866
379 506
1291 62
1204 1103
676 1400
465 48
1689 2234
2248 1279
396 1056
1325 666
180 450
473 1215
637 2513
1462 1996
546 684
1761 1337
1603 298
2325 2303
129 1631
1023 116
2417 1801
577 763
873 2342
1417 2305
944 715
1098 447
23 2201
1307 1017
1008 2519
2058 1013
2089 647
142 124
2253 841
1012 478
1514 2275
1153 2250
1496 218
1467 1830
2313 1726
224 27
723 276
1989 1247
2317 1894
34 629
82 1608
2489 2132
1149 1519
2204 962
372 899
3 957
752 15
983 971
1939 1501
114 1494
1012 2201
2427 2024
1532 136
176 1119
1873 1543
1965 331
2362 88
2448 389
402 1802
2242 1361
2228 1938
2454 60
409 2176
2451 58
2079 1938
1516 1073
565 705
1799 1197
526 2506
1413 977
1632 1843
1570 485
1846 996
1521 1025
82 2400
902 2392
1666 1858
165 2314
206 2249
1739 900
518 2339
1872 2351
947 2129
816 2435
1342 1614
1592 432
384 330
2243 1849
1923 873
1524 2337
1615 1705
2246 589
1092 1160
1709 1276
1133 1205
1390 1192
2324 1352
1205 747
541 2224
1069 557
530 2043
1594 1859
522 1469
688 1519
921 2458
855 1293
1496 545
2004 1894
689 2052
2276 266
691 589
627 551
2110 75
1341 2492
1220 1589
194 291
97 639
2164 741
1702 469
940 2298
324 1675
822 490
1814 431
2130 883
783 579
2240 1932
488 1212
2099 667
334 509
1978 911
1387 295
1241 274
1947 1608
721 603
2181 1967
721 175
880 276
1923 1996
188 481
897 437
1015 2274
353 705
2101 190
1355 1802
682 2296
490 2110
1489 211
852 828
1263 1533
585 574
1714 91
59 1511
463 2376
1290 94
933 1660
1678 1418
200 257
1411 1208
2083 125
2360 1044
871 504
570 1943
2090 1454
81 504
1604 391
1508 1492
2247 2454
1565 686
523 1082
144 1782
45 1459
40 1854
478 3
1688 2149
684 1652
1196 2040
1678 1975
2394 397
796 811
696 457
501 636
1622 147
2024 1262
1093 652
1693 2010
854 853
1749 2267
565 16
472 1741
1593 1665
1410 1248
307 24
1514 1150
727 2390
37 2360
1096 185
1628 98
1604 2496
1508 1564
696 25
1596 2473
2106 1130
1752 1363
1202 1314
35 785
484 1545
215 982
1439 852
939 1977
359 1966
262 254
1105 2237
53 766
1293 2180
2502 1954
2038 1909
1856 1790
1657 980
216 1997
1136 2443
1473 1732
2032 113
459 454
2327 192
79 2416
261 2307
866 754
1705 449
1004 2146
640 1270
142 2218
2491 191
1578 642
1301 1059
763 2465
78 1842
535 818
617 2390
1459 2380
1136 148
173 1681
1849 1386
1462 800
1981 589
1935 926
396 1212
589 1991
743 439
304 2351
62 694
2301 1468
2179 2408
2222 1286
1951 2313
995 770
57 836
1948 850
2302 1841
999 600
76 399
2070 1289
1749 1129
1266 2159
2060 1385
431 2015
2410 974
2055 17
1377 1835
1673 2457
1577 1557
1806 1886
580 465
233 2059
251 1794
2326 2086
1165 2390
2268 89
280 555
2414 1834
2448 1224
893 2266
2337 1323
807 1732
1326 1766
1449 79
2253 337
2202 1406
608 51
2207 663
1491 524
634 2137
956 300
1 1414
1526 2519
1156 783
1118 2050
2488 86
2461 1947
2059 1322
2470 2466
823 2244
541 2302
280 1669
2423 1530
712 180
2257 1889
1326 1277
1472 1286
2252 885
1645 2238
1063 1211
822 937
1402 1751
2044 571
1847 1043
1422 2484
1648 1184
2154 1513
973 998
2447 465
1257 12
822 1123
2103 1510
164 1559
715 1075
100 1764
589 1470
101 399
1345 314
1161 1983
544 846
2409 1254
1040 468
124 408
255 1485
966 1100
2232 1911
1090 953
1479 1787
1996 825
1329 1872
202 1683
2517 953
935 322
2253 622
2508 534
739 1218
1574 2364
1313 2151
427 2280
431 526
2188 2364
1868 271
792 1742
2381 146
1291 2153
305 2215
1694 210
1188 2382
1464 1960
2050 990
1392 1473
2180 1151
1904 679
2076 1776
944 2093
2221 1307
1554 2178
1114 2091
412 2063
564 2373
2468 1509
131 2515
2153 108
1486 2177
53 2276
2126 371
54 291
1387 593
1997 49
143 1167
296 465
2 364
1660 1777
1581 568
2190 2063
965 2371
1797 549
2252 1907
2266 14
558 34
1080 2479
2373 1106
264 1722
1436 94
1332 904
2439 1972
849 1569
45 536
2348 834
93 1721
677 706
1669 1453
1459 1979
940 890
2139 2062
525 740
903 865
1681 13
973 2029
87 2107
1734 1728
535 2222
1242 598
1844 1403
1274 1468
1316 1513
457 1995
1869 68
1240 1004
1683 246
444 1666
2279 629
2078 1684
1273 596
166 106
1349 2250
1978 778
108 1365
1966 1682
1760 168
2016 122
1848 1147
2466 1984
764 2438
1482 1856
1551 2467
1488 324
2517 313
1515 484
485 1626
187 727
2290 567
1960 1649
1562 1162
2084 740
2301 1063
134 652
1914 2129
100 387
2411 2352
122 7
1194 608
2154 1965
246 1658
256 636
1845 1171
2250 424
746 1220
152 622
270 2421
1078 2001
1223 2003
2363 2316
664 1536
411 1128
1054 173
1686 534
8 1653
1906 1299
527 891
1971 1695
151 45
2514 1261
94 1559
1883 1508
1382 694
2094 1590
2444 2278
437 1566
2203 710
1464 1300
639 1814
71 1068
388 2329
564 833
1300 1533
1508 881
1372 1976
2460 1904
1175 385
2341 111
94 857
1889 2213
1469 1681
673 1133
1142 151
1347 341
1448 1532
1016 2378
554 1976
41 797
2017 2518
12 500
1472 922
2014 123
473 2410
1997 1803
272 1110
734 1554
1353 1167
1653 2272
1046 1201
2134 1664
858 186
1391 1904
1835 2227
465 472
127 1207
118 939
1353 500
911 1057
1311 2105
1703 2455
1209 1097
2063 2152
831 743
1956 618
2167 1276
2025 353
1413 982
1768 1660
1175 2146
1807 493
479 2478
2191 2236
579 1495
157 1390
2334 988
1361 997
1894 1678
1379 56
667 1960
1755 1950
335 2201
980 1106
1985 167
1629 1313
1771 2182
775 355
289 1669
2386 2402
50 1984
2405 1555
255 215
2080 1874
1034 862
288 2063
967 871
2181 2227
2029 1434
2071 248
1554 699
1051 153
1915 265
230 638
372 2330
1528 1099
798 737
112 1050
2072 2160
293 1245
2253 2116
583 1309
1646 2470
1959 2439
938 1174
2459 2073
232 457
1290 1111
443 2486
734 2067
1989 539
2469 2143
1711 79
307 689
2259 635
676 392
2123 1135
1475 1283
2250 1922
1880 342
939 1688
1116 1843
1192 2185
271 1580
13 1702
75 746
2347 184
2281 614
387 21
527 2142
2283 1034
1700 2219
2069 1679
1950 2462
2501 802
2293 791
2110 1080
2223 857
367 2184
2122 1338
830 2119
1576 268
465 1031
1864 2436
1910 1865
158 17
342 1586
1458 1109
194 1087
1198 789
711 2417
2495 1169
247 471
1366 805
1148 222
1473 2281
735 1680
2262 238
316 2453
1991 1499
1641 122
2181 880
326 1499
2143 420
2060 1602
2517 724
448 1616
2152 2439
640 1457
651 2338
1532 223
480 1405
1422 845
573 1329
1533 1566
1385 2141
2322 727
349 194
145 433
2303 580
1450 1474
2372 1564
2290 2506
2203 2429
2110 2081
251 1484
1391 2125
274 1143
2353 1767
1527 2228
1959 606
615 394
2495 2228
1878 386
759 1111
1163 2272
877 2077
1011 3
1896 2090
627 617
2327 836
1777 1004
415 806
696 1261
222 360
1261 760
1877 635
498 281
706 1902
1944 1984
367 1525
304 560
1709 579
1845 297
66 336
2 271
1997 443
1201 357
1610 660
1149 1723
1466 2370
2217 336
2424 1752
1498 1899
967 1676
692 634
843 1717
1333 199
2070 2420
351 1221
556 2424
1904 804
2166 1501
2428 281
1521 1263
655 1588
997 56
50 536
1928 1176
2455 2438
1414 1894
707 2505
875 2074
1656 1142
2427 2290
2483 338
1155 1579
1614 2331
26 1903
588 2511
1721 1918
2060 1720
844 1734
743 1373
1424 1645
1658 1078
2450 1279
200 627
1154 1504
417 838
1118 261
2463 2107
350 643
583 553
2514 501
1454 475
1786 802
1025 2392
2226 1147
361 340
2265 1868
1489 849
271 234
1843 1522
482 789
1197 418
1665 2331
510 2438
1121 589
2013 1985
2443 884
714 287
2305 1332
1601 2034
1448 2206
278 682
179 98
2365 1158
241 1531
1367 479
1437 801
2206 1751
2515 2220
2085 2473
829 874
937 738
597 199
1915 686
2387 2244
68 886
1360 1032
1895 1815
729 1811
1903 1507
2136 603
253 1093
420 2046
1216 2314
761 1820
68 827
2075 366
49 119
510 816
2033 1450
1081 1704
90 2186
221 2334
991 2147
2421 819
44 1240
1098 1398
2484 519
2117 352
1885 697
1553 601
886 1961
682 697
2012 468
1148 666
1184 1779
1514 1762
1073 1712
1359 1130
375 2252
1752 2268
2431 1355
2338 284
2271 2443
2489 2400
2363 795
1742 1795
2482 1789
910 435
270 2267
1953 1641
2207 646
2234 1287
839 2429
578 208
1146 1923
119 2315
1386 1955
2444 427
1596 1758
535 1680
2462 773
1053 1601
969 485
1082 2156
1196 1345
1459 439
893 2327
2064 1781
78 526
1327 1580
59 1693
225 1228
1862 2335
1865 794
461 1859
194 2138
2461 1641
211 545
795 1570
2277 2224
598 2235
1615 2306
2461 242
942 584
108 1710
1276 34
2155 838
2043 372
103 105
2300 954
2022 1920
907 1404
914 1468
1193 2420
829 2495
1840 1164
208 1291
1824 1107
1569 725
1339 253
2298 2209
1007 1974
1614 1627
1020 1573
218 2017
1834 1404
132 941
1664 2192
55 1802
1534 858
636 1788
2386 2162
514 1062
1054 234
1489 2128
482 1255
152 202
838 1255
77 25
1085 1116
1405 1496
963 610
939 424
1222 2070
601 752
982 1638
289 1318
1043 860
1639 1474
1813 1114
1447 2239
1972 162
1928 1948
2045 77
1397 1235
485 1118
91 1486
2118 668
2086 2476
2281 1525
2113 468
2146 1170
2260 445
1991 2498
542 88
2177 1911
513 2360
448 1212
1587 1806
1305 1950
488 391
323 2035
1360 1186
709 199
2108 424
1564 511
2075 2410
598 2229
561 1009
1572 1600
371 1479
1111 598
1158 1442
1126 997
2466 2441
23 644
2207 354
2484 1394
950 2002
196 314
1332 1238
1501 487
578 249
1285 2001
291 1443
657 805
834 1209
2013 218
1145 1540
349 2499
1044 2425
1249 1794
647 1321
2371 348
472 58
1503 1191
98 287
1643 621
1413 460
2511 1606
26 1419
756 855
744 1465
1426 2449
1648 1465
1484 2067
813 686
1968 1755
2299 1701
808 329
629 1537
90 1575
860 1189
1776 2250
802 2340
2414 250
1759 498
414 247
184 1932
2148 1657
1785 2479
2341 1290
1115 2099
1560 924
795 114
1497 2198
321 1016
1733 909
765 1843
1993 2098
1086 488
1729 1837
215 1928
1115 231
2497 108
1128 247
1442 1075
228 2079
2498 751
915 1232
715 1662
165 1365
328 1278
1159 76
2255 745
891 2227
1411 2453
1758 1327
2295 2159
1079 544
1018 1083
1198 1454
2372 235
624 2041
723 1257
2355 1107
243 1925
2417 280
61 1433
1386 171
503 2479
660 1832
1831 1196
2434 647
2019 824
1032 693
43 1195
2422 724
908 291
2025 1197
1773 2390
2197 510
1204 1844
149 824
2255 94
2095 1902
191 1453
1359 2055
1239 1539
477 2253
2434 348
858 2016
810 562
157 2468
758 872
160 1038
2445 1901
492 1484
1217 1060
957 643
2050 460
2350 1449
557 658
803 1406
205 1205
1235 1961
2465 266
1131 989
441 952
426 1708
2363 723
1843 147
1390 2246
2389 1220
1535 1513
813 1400
1318 1924
920 1315
1741 488
85 1240
1346 436
519 1615
2372 2075
643 427
658 1040
1572 1072
496 484
109 2041
67 1770
82 831
642 243
1124 46
1749 244
1267 1451
2458 2201
2120 1502
2179 401
1405 1303
1929 2424
1639 2338
1341 397
1691 339
1942 40
1440 268
497 403
1993 281
729 596
789 481
1087 165
862 1071
1426 154
766 1687
1938 526
732 180
516 2098
1615 2197
1955 662
2377 1025
1270 49
74 838
1391 99
1131 1599
529 211
2228 1478
850 1781
1613 1335
818 68
1433 1170
1325 86
1719 1636
238 416
1366 1952
151 2219
743 1716
1568 1921
2435 1345
1695 383
1139 79
2193 1838
1556 122
1052 1907
1373 403
1362 129
267 277
167 1058
1078 280
615 2190
262 261
913 844
463 1637
1714 1089
1182 1799
2224 2293
2463 1441
1257 316
1986 1362
1375 2198
1264 1641
1975 1187
568 554
1861 806
778 377
244 563
1601 1938
2222 2059
124 1759
1619 1236
2100 463
291 1006
2069 83
65 2315
1797 96
330 634
53 1648
1635 1497
1948 2199
293 241
1053 1013
369 1800
1789 1122
1561 127
1292 2409
2074 448
2255 1385
37 373
710 485
2230 143
2360 1799
2245 637
2121 1657
838 1209
2220 562
1851 2462
669 1611
1662 726
2338 1603
911 2420
1932 1100
7 709
1418 1489
1655 1628
860 598
1292 420
1496 1571
2425 1792
233 1564
2132 2235
221 1228
2297 1644
619 779
863 2293
73 636
504 753
4 1226
818 508
1453 82
270 1407
1875 1697
470 1652
2035 701
2332 1989
478 2421
781 1860
2154 326
226 956
1377 256
1617 1110
1407 2152
1682 1249
1276 322
2095 102
2038 1816
645 618
1028 2004
694 2119
1430 2501
573 2356
200 207
617 1396
1700 343
1881 223
26 444
1962 1680
743 1377
437 1758
1954 2471
2218 887
1276 1597
1406 1904
775 2028
93 1862
1814 1413
2184 440
1915 1544
2487 44
2215 551
1528 2283
1304 2518
97 1493
1020 99
400 635
1045 816
1161 454
1352 2215
2390 1030
683 1408
1293 2073
2185 780
1325 1148
1060 1438
816 1887
147 2309
2440 1749
925 1046
1183 679
1801 2088
2397 1114
679 1019
1728 2276
1846 2429
1245 1539
1480 934
99 497
425 791
531 350
2048 412
722 1227
749 150
1442 2464
1438 1482
348 163
2088 1458
579 719
1134 172
956 1031
2108 2243
1614 1026
594 2494
1285 2325
1526 1510
1445 1882
1264 1073
2489 2191
627 2248
420 204
726 1514
1844 369
1248 2197
7 1745
15 5
792 1453
917 109
1795 1927
2450 1886
2102 832
842 650
906 2007
374 351
1994 162
857 171
2277 1734
471 317
1264 1942
261 2286
2194 403
1535 319
2388 1124
1660 2506
1903 1014
517 709
5 112
0 1815
2200 381
2135 1635
991 1108
1391 289
903 1035
426 875
151 629
2123 1108
2432 2123
253 417
549 534
1050 2065
2124 1202
1727 2083
1251 1253
1486 105
1678 47
1854 1734
2326 64
951 403
524 1777
2496 693
190 2443
672 1198
2216 612
1813 1093
943 539
544 1664
608 1280
1837 330
422 1820
1185 1306
156 2114
76 2380
1657 1189
1136 580
1804 743
2068 1395
258 372
1127 1623
2451 1512
1373 1700
1068 705
1069 1463
1308 2137
613 1956
1954 1951
1355 747
964 1633
1929 1799
1477 1659
2426 717
1358 539
125 387
1570 1517
2181 950
1218 379
1043 349
19 392
1238 2402
758 499
1624 1954
694 814
2105 276
1818 2374
1296 2481
2277 1153
311 959
1597 2394
2231 908
2070 1482
736 131
755 491
644 196
1132 1614
186 834
2290 1993
2474 183
2492 97
956 883
876 2480
258 2120
1990 91
2471 1256
1709 233
1194 2313
1734 2460
1508 875
766 2247
623 712
1177 231
950 2375
1581 828
1171 1522
671 2081
2134 811
1908 696
1594 2256
155 213
1581 1628
2254 1
1014 2177
23 717
324 334
2253 2320
822 407
970 637
61 180
1060 88
1973 378
581 570
1492 2464
2099 398
2409 1613
2409 2331
838 407
502 2368
1962 1196
595 2106
2228 1536
1711 2001
1312 1697
1455 2392
346 98
1523 537
2146 791
2234 552
2313 770
2258 1877
2165 1145
1489 2188
336 1776
2047 145
1959 1064
2251 252
1353 2036
1528 403
1265 891
1288 2233
1103 2347
1020 1800
1529 677
439 1843
366 2223
2255 1040
2517 1906
983 1315
2025 1265
987 29
2120 1414
1672 2281
75 1379
1445 1982
50 1158
885 2509
1738 1785
971 612
143 540
579 1567
1322 2376
2396 870
2357 603
639 281
694 1817
426 2497
2186 734
1038 2117
82 1153
1154 2091
2382 1476
2508 319
1580 811
1571 1328
647 1970
60 629
855 1612
1568 86
1467 1240
852 524
11 1466
807 1156
741 592
347 1367
1174 1709
916 1429
1672 1149
1679 468
1074 992
252 1635
2245 1267
2401 2482
1432 2080
1671 720
2519 1201
1639 2000
2280 2128
393 1139
1228 261
636 794
146 1687
1088 1702
2411 1435
1262 1901
1164 652
174 325
297 948
1594 1805
1701 78
2379 530
2264 1434
123 541
2307 1034
1295 1088
1473 521
1929 1052
654 450
2241 176
2042 231
516 1907
489 280
812 635
2279 1229
878 1644
1214 2310
1833 721
202 2356
452 206
2108 931
111 1623
941 1770
1455 635
664 469
1199 1245
375 608
20 2
1326 720
1007 73
2030 620
1674 1945
632 310
800 251
1429 1191
1889 2036
2007 169
674 3
285 931
1599 2472
2446 1963
423 2030
44 1946
1810 1487
2288 445
1925 817
2192 1780
2269 236
1715 592
1092 164
1468 2092
982 1348
1246 1671
49 899
2213 1976
1324 2113
2002 2190
534 178
2430 591
1095 1338
95 893
841 1528
466 2148
2272 630
2184 2361
798 1363
1019 2233
2479 2107
1342 587
1624 2077
218 166
1077 2097
2254 1343
1919 1651
425 1517
733 1995
975 1096
578 1599
1987 2072
2270 916
1200 615
301 559
2145 2087
1486 1956
595 1025
2425 397
1873 1976
1066 1828
59 1315
1883 1966
1461 1826
2207 2466
350 1166
1956 317
594 136
1557 542
1708 2059
1669 390
2449 1589
2490 2369
787 667
95 1110
1941 1101
2385 919
2452 181
1029 1463
689 778
2306 2248
2228 1081
1326 1588
325 1661
2001 2271
130 649
652 2231
2505 1929
346 39
480 674
1385 291
1980 476
4 1708
1370 1211
1466 1881
1823 2076
2083 2084
1929 2133
206 198
938 1891
1827 718
1229 153
1353 390
1319 1533
525 47
1145 2449
1299 1382
1058 2298
1201 236
805 582
1023 1244
290 1595
86 25
1553 1907
258 823
1559 689
1202 707
2073 128
308 1800
2112 152
1859 1624
753 633
1849 1021
224 1064
1832 1603
789 164
1790 1107
133 1078
1777 2381
350 850
2070 525
639 2431
2509 425
2040 2120
2204 1186
1553 1848
2203 608
1321 2313
1510 734
206 2037
2371 1810
301 188
761 503
2444 412
1897 2507
1890 1650
1749 2337
150 1486
353 1013
640 1018
655 2190
2352 268
681 1590
62 848
576 1504
1227 84
2488 14
223 313
1946 1067
952 346
315 2024
1098 473
1818 275
2134 59
655 737
403 846
170 1715
208 1482
2024 260
640 2321
1352 251
2050 1503
1319 53
1311 1053
2182 2375
820 620
962 2152
629 888
2211 492
1039 779
400 215
434 872
2295 586
1967 1937
1858 476
1773 2478
2086 876
2322 2259
36 985
1973 1415
636 1276
2028 863
999 1567
1227 322
2122 2094
2129 786
1528 899
2331 2501
2067 2082
158 2411
308 1277
1446 983
1954 833
476 634
2449 1231
553 1677
892 384
2328 305
748 271
1670 895
1578 1422
846 33
1939 2358
1557 862
706 38
415 1892
207 1775
2354 149
118 1254
210 2444
44 2484
1308 10
1150 985
518 2120
1000 94
1995 1782
16 2085
2222 737
2393 2166
522 829
574 845
2405 1061
1095 1525
1690 1352
2206 2290
13 2302
1709 1453
1377 2149
1964 521
1435 1049
1404 937
1995 2427
1305 957
1749 2478
757 2481
222 407
633 1323
1258 1986
1107 584
1468 1091
914 1928
1887 868
55 73
928 1458
1615 953
1930 1537
405 1381
105 1703
2101 1270
158 2425
1095 1134
879 1464
359 277
1204 1637
2366 1064
1594 1754
592 1217
69 1603
2135 1243
913 984
830 532
572 134
2405 823
1654 1895
1034 496
1652 256
63 2054
285 1997
1083 809
1354 2086
309 1389
2080 1495
333 1554
198 2399
450 1399
2370 590
2117 952
1276 602
1883 805
1024 230
342 1711
1399 1392
1701 2347
2306 129
328 1953
632 135
106 1829
1861 841
2134 413
2212 1542
1990 1029
1363 2307
114 454
951 2353
1206 2302
2344 1551
604 1182
417 2305
1287 2201
561 432
1913 1315
2469 1882
880 2000
334 2331
523 2444
298 2097
638 1836
1315 1088
449 1761
1632 1014
1832 1312
1937 2162
1518 1846
1094 1329
1237 2332
2056 1026
2385 1780
631 1992
427 881
1632 2144
1611 404
2277 1540
722 1908
2059 485
1082 1307
1550 1528
1169 1965
265 697
1116 2414
983 2506
11 1519
2152 1304
1371 552
21 891
98 84
2186 1421
2292 1110
1394 593
639 1708
399 1244
261 1170
295 2207
579 420
1179 277
1235 1365
2263 1331
1713 1805
2405 1850
980 2461
1533 2026
2143 2343
767 1973
1463 1080
2322 1412
1809 989
1232 1921
752 1651
2302 765
371 991
1115 1087
869 321
1659 2348
290 582
1095 1545
