1070 2000
1023 890
1023 945
728 497
547 292
836 1011
532 452
262 781
418 703
796 332
968 554
640 533
14 1003
990 60
1058 1042
126 558
353 128
882 600
570 1013
114 261
764 913
54 554
281 334
313 1054
283 197
694 621
147 792
785 63
142 435
835 592
395 977
262 117
745 739
390 849
644 821
843 93
67 164
767 753
868 669
126 510
620 469
420 949
516 752
754 1046
1061 867
739 105
373 1063
968 657
103 554
710 920
525 358
27 713
143 744
347 4
592 156
732 159
543 204
388 294
172 853
502 318
748 225
207 823
742 125
1007 384
250 692
1041 755
744 688
31 93
142 37
1021 651
938 672
89 798
356 289
65 216
111 270
368 666
559 101
300 288
1024 1035
727 889
373 376
338 457
208 91
759 382
28 690
650 646
626 860
275 410
985 925
613 675
738 257
639 801
503 631
1026 931
166 28
935 126
415 962
400 861
430 128
732 1006
907 953
941 60
972 392
539 1034
934 327
857 591
134 154
821 206
697 23
186 865
1031 53
831 951
1019 156
317 167
383 829
549 147
786 390
588 52
390 679
469 188
417 942
207 126
175 117
421 958
648 377
764 1037
813 575
454 879
185 710
931 447
924 812
702 569
208 685
929 694
1022 756
615 537
251 667
836 47
41 449
56 238
891 301
40 949
420 809
266 111
273 541
838 9
876 1048
819 174
692 338
119 567
60 221
426 538
806 154
704 1034
451 637
1007 577
365 314
904 770
330 199
402 848
90 325
203 254
706 638
23 19
819 758
414 525
74 198
703 1020
688 46
151 0
744 845
482 565
60 381
567 705
192 104
866 576
232 98
267 250
940 1037
610 744
482 454
551 845
694 671
823 432
623 668
923 361
159 363
871 892
453 903
332 588
44 965
475 576
627 914
878 272
322 719
453 40
486 660
779 927
929 37
976 660
466 402
41 186
273 320
183 177
734 801
349 420
436 243
873 482
525 133
303 318
901 46
1048 454
254 951
535 20
603 75
1044 331
166 316
937 1040
310 309
904 892
773 89
415 636
397 477
858 936
860 1019
807 971
395 874
553 74
393 729
725 446
87 348
1064 762
184 183
547 953
505 957
207 97
75 918
813 950
711 519
522 394
60 825
185 881
115 544
622 645
830 717
546 436
19 636
608 444
306 361
526 728
472 833
447 577
760 40
676 624
667 1013
118 472
1059 708
633 3
476 100
764 1036
517 490
199 243
298 467
996 494
1032 1010
700 93
343 489
448 406
38 521
547 863
232 0
4 7
394 307
9 282
457 1022
623 646
782 110
343 853
362 899
926 162
851 211
285 329
118 616
266 303
888 27
906 465
536 160
15 940
736 850
859 1059
301 691
483 600
55 859
713 720
467 112
1037 821
652 395
916 830
178 568
479 1068
413 575
76 190
514 753
7 469
1008 369
778 815
187 326
408 920
932 522
749 605
577 2
126 589
1067 57
933 635
849 787
597 169
987 218
733 64
678 248
775 860
938 497
787 157
172 439
382 1037
942 533
972 721
732 628
923 957
401 724
603 160
628 231
634 966
260 46
130 657
636 712
278 881
423 3
851 131
668 1003
273 442
639 445
262 685
525 781
293 809
754 326
831 573
578 308
905 943
215 263
923 552
967 811
361 721
872 247
722 589
891 1022
743 54
610 343
967 646
556 578
806 123
741 32
66 205
131 796
393 182
758 963
815 1024
135 12
407 249
534 1059
203 1062
638 990
728 116
905 729
1045 731
396 421
248 684
288 818
964 895
23 177
794 338
915 246
924 140
368 30
684 211
250 485
12 614
918 1006
783 230
767 362
646 384
55 600
785 11
952 108
608 91
303 68
392 211
732 61
1023 244
306 705
992 621
694 391
153 1020
832 542
387 73
141 1019
734 505
325 321
203 866
953 176
216 711
929 614
912 1035
609 376
832 553
257 139
19 406
543 144
906 921
283 167
424 413
40 1022
375 619
72 910
617 650
171 66
58 505
769 1004
588 970
276 112
946 963
121 539
785 412
999 672
582 461
199 445
126 526
499 296
715 889
240 1045
585 552
746 717
154 231
799 401
862 278
384 768
633 688
1069 378
42 895
799 484
564 211
79 177
399 1006
202 831
911 637
498 518
115 143
824 653
297 180
617 483
416 1002
357 574
621 82
573 873
490 719
731 920
201 331
213 57
316 272
947 935
185 975
740 391
73 450
820 700
960 870
993 68
48 995
717 494
442 191
157 764
93 405
266 821
280 552
753 234
897 553
783 865
450 363
78 741
712 305
710 317
942 847
608 442
968 617
4 460
675 746
946 582
226 537
461 157
356 442
134 774
499 12
431 929
422 94
717 625
542 1030
54 319
644 950
320 250
290 591
851 435
227 294
116 167
656 813
628 128
155 278
124 790
526 205
722 195
152 426
559 729
755 616
578 991
618 682
36 240
166 507
720 786
249 306
600 717
184 620
540 891
77 475
360 922
634 390
341 536
655 575
963 801
697 108
514 1006
437 281
712 332
912 141
687 920
152 986
529 100
618 856
598 735
984 573
134 911
638 70
393 844
581 7
118 114
215 617
1041 300
1052 513
25 154
190 983
317 951
591 565
88 181
439 259
403 358
877 1058
619 698
204 157
460 983
37 196
317 54
535 765
1061 551
625 157
593 435
804 780
708 491
1040 315
541 286
111 565
536 484
1048 637
587 201
684 332
777 392
132 735
837 279
111 142
251 276
740 687
213 315
865 997
586 795
217 402
639 912
548 863
791 257
178 469
617 873
580 519
652 196
146 993
1030 599
439 257
946 564
1059 367
324 260
1005 73
960 812
560 91
179 922
204 446
231 742
186 702
1006 623
578 835
1009 950
119 748
98 815
373 544
176 19
104 641
118 111
86 434
678 830
61 711
379 1
46 882
427 444
207 194
43 619
241 957
987 909
614 112
337 29
838 170
481 722
631 1045
795 589
704 404
571 429
233 66
672 642
240 898
573 650
421 743
268 214
872 334
628 246
563 1037
933 144
898 768
189 654
271 704
901 246
81 257
495 779
366 620
518 900
856 611
18 714
927 601
554 170
875 22
22 24
42 586
836 779
113 826
696 119
73 894
78 253
475 555
264 465
986 852
938 277
471 513
900 904
618 152
573 556
819 254
971 601
963 867
769 269
48 16
254 404
239 34
407 545
973 222
571 997
177 652
257 741
290 973
120 569
404 688
202 1009
821 256
798 591
576 619
527 405
661 72
987 6
297 711
1010 421
813 605
888 1013
157 96
682 61
157 1017
812 675
348 419
204 121
668 716
688 777
522 1034
575 947
424 836
171 945
699 520
220 694
535 274
919 96
219 565
316 998
964 136
330 1039
900 1034
144 762
240 292
244 835
964 534
526 87
623 358
404 673
255 773
31 396
300 842
430 588
140 210
380 832
712 49
119 438
737 549
693 239
157 383
188 955
323 1059
43 855
459 775
272 475
94 309
984 702
873 660
1056 583
11 394
582 188
629 458
663 971
1032 399
135 878
633 88
931 431
118 505
139 631
837 544
741 698
221 213
969 53
360 435
737 369
199 1032
1040 377
933 356
566 236
166 188
20 365
164 744
552 485
445 433
95 80
573 847
568 354
851 349
681 540
924 845
417 926
1024 72
794 516
829 267
30 733
865 425
280 927
76 502
245 627
69 588
618 452
538 277
176 243
574 502
3 595
609 501
16 106
171 559
354 938
72 49
442 1005
729 439
186 219
831 235
207 433
827 425
377 220
221 287
868 121
1042 240
229 109
992 825
744 707
964 791
1043 981
893 417
167 294
757 723
824 188
768 547
954 680
610 123
42 775
982 284
204 952
685 1045
1054 1041
21 121
447 969
403 320
944 801
975 695
920 1020
765 710
575 58
539 677
712 403
286 1038
905 63
1005 409
168 817
796 399
90 36
662 764
202 543
741 312
825 784
758 430
938 456
406 761
861 567
570 563
920 299
432 943
28 386
756 965
128 591
227 469
710 362
226 658
16 153
593 559
619 314
841 603
561 657
541 164
497 712
789 825
346 186
929 834
200 144
212 290
263 883
781 31
561 1005
755 5
775 706
660 68
801 547
1064 340
89 397
831 622
58 675
333 708
312 274
599 485
187 430
647 665
108 164
221 286
540 700
57 174
913 196
283 201
907 342
671 858
495 738
3 841
683 1006
869 970
749 274
959 316
332 323
558 195
298 794
664 81
456 529
620 355
933 105
760 838
193 836
1009 130
151 155
816 925
4 18
493 367
917 904
71 496
857 1011
191 1064
953 194
795 970
865 644
1037 793
432 554
860 156
293 902
387 18
46 1009
287 72
1047 187
912 1002
562 457
453 251
811 1022
963 329
124 268
451 764
133 680
1033 516
1036 772
822 320
308 486
621 645
626 1044
94 798
191 482
414 290
1069 1021
454 931
156 722
855 232
107 955
287 170
31 544
877 712
1055 820
1026 393
497 210
1031 294
99 536
493 666
619 418
194 425
856 906
776 976
906 1001
863 600
862 85
280 1011
380 781
763 728
762 876
179 134
365 659
1048 395
266 384
1038 257
125 818
984 195
59 781
873 669
398 781
339 137
102 594
1027 676
574 521
428 737
239 676
241 323
155 731
739 168
61 371
265 177
1003 974
91 476
80 168
814 949
805 243
401 266
1056 309
401 529
223 156
536 271
430 370
762 65
830 642
199 604
922 1009
575 641
647 881
201 784
658 419
131 979
863 255
77 1051
416 762
93 1010
86 744
1026 839
428 679
1026 1
964 469
944 986
912 167
579 833
356 185
1035 264
600 439
393 632
280 641
38 440
1060 566
288 432
395 810
600 474
678 795
934 814
121 91
445 18
210 773
235 403
93 302
838 469
293 638
335 963
796 463
646 660
921 770
230 906
740 826
290 343
314 453
871 1037
159 307
536 801
410 676
71 852
990 731
301 196
941 300
262 189
1017 717
833 727
670 528
130 897
964 327
912 642
325 918
51 1005
175 724
644 89
437 123
263 988
330 765
947 537
77 303
683 355
990 936
897 92
370 657
222 1010
268 991
66 154
122 817
87 92
458 424
816 704
403 317
930 446
22 741
856 667
138 440
916 626
661 69
534 182
946 659
395 926
240 1013
333 314
215 158
179 547
1042 248
638 14
52 497
804 640
720 548
742 1014
264 567
511 976
800 55
480 852
644 980
285 314
325 61
841 627
506 771
954 136
220 443
574 250
18 1023
295 589
80 338
33 858
823 729
647 234
434 914
54 828
81 905
957 448
421 654
532 663
209 236
68 662
31 876
837 912
211 198
413 392
909 98
876 520
400 295
1009 18
628 744
486 816
717 317
200 394
927 686
1040 943
667 444
848 900
1038 811
1047 32
853 620
619 627
596 48
373 881
704 402
824 255
490 918
325 920
183 281
947 601
603 175
168 220
313 482
680 844
166 758
466 314
131 863
428 260
792 364
600 308
628 708
422 930
988 929
113 543
913 749
356 149
383 117
500 743
432 34
300 327
430 353
1050 779
504 41
504 528
0 331
975 613
388 1004
992 657
1022 886
118 366
732 270
228 281
283 801
60 679
171 699
379 600
280 902
46 285
40 941
1065 508
610 271
495 443
599 52
477 555
710 39
454 408
171 672
996 768
649 350
439 941
661 435
644 732
777 136
974 730
751 915
207 305
591 488
765 997
920 210
849 414
907 2
448 419
719 6
421 967
604 291
195 1000
1062 892
44 452
335 105
174 467
606 1060
1051 545
1 848
232 218
9 945
447 971
307 403
51 503
895 1057
604 262
348 407
429 13
792 451
1030 762
248 760
304 444
513 59
796 348
562 850
687 110
606 768
255 892
178 622
139 987
567 52
257 365
49 409
1036 789
603 922
747 745
988 277
482 262
9 683
1069 606
146 863
249 419
453 708
94 673
719 118
1028 815
409 303
656 375
865 676
883 809
789 47
854 531
783 1044
1020 919
383 859
585 744
479 147
424 433
957 870
997 443
45 67
471 163
705 1012
198 599
621 737
117 654
29 936
937 330
436 598
295 77
129 1059
206 220
1010 494
409 565
974 180
310 404
560 1001
46 121
763 480
805 363
455 366
364 583
1012 187
462 755
540 759
60 205
896 359
568 315
813 488
938 502
794 690
368 582
1005 85
652 645
646 283
409 183
14 616
624 266
824 267
228 483
96 622
582 935
1022 15
1014 1007
368 580
690 148
477 696
593 551
129 643
796 291
620 527
1044 1021
433 165
85 953
850 378
326 671
1010 627
195 138
352 612
277 584
7 40
597 565
160 911
716 779
999 550
723 113
682 99
667 231
336 763
194 332
799 82
145 773
981 568
826 314
1018 527
489 754
54 86
676 191
665 37
534 819
282 213
234 842
858 963
168 963
656 611
473 1046
895 774
1011 889
98 782
859 106
614 674
165 228
11 991
279 434
488 21
1068 284
855 526
36 737
496 805
307 49
374 701
594 406
268 204
829 272
165 731
596 724
167 909
451 222
445 561
596 490
151 585
823 403
840 820
739 924
641 122
940 418
513 17
543 825
5 260
533 570
842 698
1031 459
381 738
301 251
403 335
666 1041
189 752
371 660
653 630
374 1045
744 950
10 755
309 605
441 654
285 390
1002 795
1004 806
944 409
14 161
342 615
817 778
147 113
796 874
938 131
853 704
230 339
589 638
221 318
306 852
128 127
553 993
383 927
622 637
786 1037
869 549
106 950
945 349
728 244
84 90
378 761
797 1024
545 831
580 448
448 843
216 610
132 575
355 533
300 682
663 754
806 442
122 221
374 368
256 13
1068 553
831 286
497 18
843 611
834 723
325 631
379 782
219 667
178 254
694 661
379 326
185 211
33 442
398 760
523 924
78 24
496 250
894 393
289 586
840 350
988 804
4 1043
613 405
807 75
43 842
50 290
532 247
169 739
254 453
77 397
777 632
624 6
357 529
615 828
861 454
800 330
752 568
318 593
958 990
726 952
247 514
1058 317
767 29
777 746
670 690
577 194
286 747
31 350
965 31
1039 622
926 760
801 649
678 541
1005 606
517 52
464 988
637 906
989 79
204 100
404 405
659 827
996 332
561 624
962 295
166 497
310 179
397 549
620 18
766 188
1049 630
303 1010
701 51
371 544
35 581
846 675
830 519
792 980
912 419
442 1068
673 630
151 307
500 579
127 132
823 645
274 291
239 971
178 424
933 797
398 444
71 638
154 308
240 664
17 679
962 528
512 259
680 217
523 2
464 211
1027 67
785 549
465 716
923 275
521 654
942 666
943 137
544 729
282 1022
460 993
259 72
614 841
659 23
669 74
234 354
826 975
1048 356
22 441
701 934
1054 438
1029 793
55 717
663 277
811 1066
650 917
522 214
395 875
998 293
90 952
438 533
366 743
738 593
1050 974
369 632
651 769
539 206
615 621
814 363
325 215
124 4
34 169
992 539
181 19
275 403
837 196
896 718
871 423
610 329
255 545
551 147
405 335
199 731
103 873
521 830
591 567
624 928
446 8
254 156
68 318
552 373
314 137
734 823
254 1014
522 546
530 995
824 153
715 188
864 652
529 850
214 749
877 949
292 904
993 1069
237 385
960 756
302 794
465 251
840 625
971 695
16 587
181 185
593 436
15 748
197 1038
8 334
837 1017
1058 873
545 221
573 366
795 132
246 929
409 702
1030 103
1048 924
490 925
925 139
898 972
86 571
989 776
166 1061
327 986
207 265
832 786
1064 49
368 378
453 292
656 43
825 100
13 932
1016 385
216 484
208 204
688 407
640 114
1058 872
25 848
974 266
704 894
354 1025
33 104
891 126
1066 968
820 545
1053 476
586 148
144 629
232 445
673 962
552 435
23 1048
740 413
35 745
643 526
645 710
872 335
703 57
10 181
696 302
889 747
436 77
615 447
708 187
505 590
60 973
204 519
159 576
164 997
389 891
617 83
42 157
548 901
139 153
158 496
202 281
383 688
1056 512
298 871
779 34
807 673
731 355
732 924
248 267
580 755
1007 857
476 408
225 623
605 958
515 746
884 426
926 1012
264 131
152 874
979 55
915 954
343 920
125 802
792 875
865 919
44 413
894 492
405 588
604 61
504 770
939 140
20 939
855 378
1021 170
867 278
1003 295
434 120
786 661
105 630
904 34
581 1026
64 236
329 1014
851 939
515 423
1021 253
1019 490
121 891
567 127
1021 560
1031 529
682 466
207 879
868 445
332 904
885 60
471 662
545 228
998 91
881 372
1004 32
350 885
626 393
790 820
766 464
497 598
580 233
740 959
396 457
868 577
84 91
409 84
479 927
646 175
26 676
283 611
912 619
633 463
1012 673
20 1018
199 914
271 805
684 566
357 908
416 400
121 249
473 355
57 386
341 467
564 903
1055 578
127 3
665 846
607 711
366 890
87 101
50 503
315 851
141 441
950 708
689 597
621 697
104 58
516 182
821 925
998 1022
991 831
54 848
631 705
54 868
455 398
331 682
279 764
326 745
426 932
183 1007
821 525
758 1054
131 203
526 988
126 524
116 180
59 1044
634 720
383 121
463 847
981 245
286 597
277 366
795 160
442 261
9 93
295 837
896 733
275 38
102 122
832 81
550 232
376 398
45 97
422 491
754 774
1064 536
8 96
491 82
319 808
874 1043
388 171
46 511
148 931
799 69
96 245
998 901
372 179
488 821
159 553
37 647
77 26
144 495
860 354
2 533
439 381
682 368
181 942
450 138
846 1054
440 336
856 1060
610 561
298 199
377 441
968 142
514 905
150 17
263 97
906 992
26 747
585 288
123 631
902 428
163 735
1047 815
343 13
559 141
763 169
554 261
663 582
279 356
71 187
937 142
594 266
367 557
8 506
415 464
411 680
876 45
992 178
675 745
939 334
384 626
1030 608
895 1037
431 656
584 569
999 569
135 9
672 847
164 176
184 9
50 149
1017 263
828 126
194 613
381 31
412 288
513 483
475 498
32 447
686 1036
377 1043
978 229
407 913
893 684
472 794
1042 118
200 373
777 322
761 875
950 649
376 801
250 217
751 775
390 619
462 702
47 333
964 626
784 61
860 1069
605 842
37 51
348 1056
1014 760
611 445
766 720
961 506
68 979
617 131
1041 198
628 448
175 28
924 361
140 87
479 826
40 1061
1061 860
198 918
631 1043
80 1038
783 145
99 152
444 966
999 159
506 575
1014 614
868 499
362 762
938 947
902 402
427 905
4 270
452 918
843 381
763 915
514 184
399 726
826 235
475 161
61 1023
357 380
743 736
972 359
507 172
222 277
797 107
1037 490
999 974
36 949
239 229
204 552
359 777
564 134
