4220 2000
575 3773
401 3106
39 840
1937 3203
3046 946
1983 1081
102 1550
2778 1342
3669 1025
371 2932
1055 4040
3733 3189
3407 404
2473 333
3003 3616
3979 1129
3862 1067
2884 1707
1681 1644
2495 2328
7 1611
2399 4043
1684 3963
3984 2088
3899 2433
2486 3775
1859 382
4177 3156
1504 3754
727 3543
3271 1437
3668 1098
3496 3695
3523 4043
3409 3957
1160 134
1686 3700
4159 1441
16 625
167 2070
3285 3153
1214 2980
750 2893
2610 2293
4106 824
1831 2092
1762 1951
2116 2451
3400 2797
1517 3055
823 2039
3386 2846
1623 1847
2784 3315
1320 547
491 3168
626 3681
2355 3824
4160 2951
3924 2158
663 780
2525 3396
2434 4090
4143 321
2824 206
2065 2845
3349 1094
3730 3381
1793 992
2539 2875
2627 1508
1336 2862
1064 1187
2979 3537
4134 1352
185 389
247 921
3855 3376
4031 1668
3440 884
3157 937
2613 1542
2352 1360
4199 879
2468 1690
146 4180
3834 148
834 3624
4052 2061
416 743
3403 1443
3084 518
3133 1649
3425 1169
3019 2316
2284 2400
4152 2927
2205 2976
509 2676
1141 4089
2370 1054
4028 3217
3748 1055
3951 2211
4180 292
3167 92
3008 311
477 2805
213 1981
3496 3302
4172 1923
2937 766
3789 764
3845 3375
3294 391
1459 509
4062 1597
3349 1797
1284 94
2623 4063
2585 1534
456 3079
3126 2478
2546 1774
2735 423
2949 775
2737 3854
498 3986
628 591
3634 1442
3218 3632
3749 178
1615 3063
2157 3461
4043 2571
592 4194
3545 40
4105 3086
296 1128
2181 2960
3687 152
2644 2075
2320 20
2423 2558
325 3135
3690 3586
2751 1171
2995 1729
3383 596
2863 4122
149 3606
2584 725
1076 941
1504 3697
216 2959
1605 3926
1968 3771
366 1153
1738 3954
327 51
3534 0
410 2002
344 1871
3567 3400
3721 786
2256 3389
1092 1170
3238 3301
3783 1425
1227 2259
4163 1620
1188 1011
1017 893
1494 1663
1645 197
424 1683
127 50
2921 1297
3709 1872
1608 3596
146 2459
81 1002
344 1931
3611 2923
3054 276
2740 3664
630 1006
3254 177
2646 2588
441 2762
2209 507
4124 1476
2364 563
2608 1648
1558 3942
1218 2233
2556 818
840 1611
588 3103
75 2204
354 2374
2665 3331
36 3390
242 120
3611 46
2828 2156
2318 3684
3506 3148
2625 2169
3489 2508
2263 2535
2295 4069
485 711
3501 3195
3113 865
1449 1828
489 2680
744 1132
3755 2490
980 1891
1161 3863
3275 2944
1629 1850
2095 890
2839 3286
1456 155
3190 3441
1923 2845
2234 1260
1823 1403
294 1769
1542 3500
3893 4104
88 957
148 290
2461 3672
3878 2150
1760 250
2329 2243
1677 3992
2981 3138
883 2959
2221 1485
1272 2735
169 3598
1781 3389
508 2423
249 1485
3980 2012
2792 3147
2211 2433
1115 376
234 3809
40 3355
2579 110
2986 3457
2288 3305
1547 723
2137 3142
373 3747
3970 17
1410 1185
2252 250
3155 2735
46 1598
620 1497
3172 4084
2487 3984
2599 3937
846 907
3230 3911
3491 3993
959 193
1856 825
2774 2154
865 1379
775 2409
2400 4126
590 2430
4154 3350
4093 1250
3723 1463
1001 2090
2307 3044
945 3592
3229 1495
468 2986
25 890
2894 2893
1819 793
693 2814
2190 2976
2381 3985
3262 2495
827 2068
214 3177
339 560
1296 2263
951 1088
1 2449
678 2810
754 3734
742 894
843 1754
2386 3025
1644 3838
186 3882
454 3891
3173 652
3185 4216
1195 3750
1706 3856
472 255
3625 3962
3772 1662
1313 1336
1228 3084
2314 2049
3021 870
2935 1845
4198 1198
2633 1713
3521 3774
2814 2954
3115 953
3724 2513
3935 2860
2954 2701
3718 591
3365 1556
997 3413
454 1506
2244 4122
286 2445
1079 2840
4145 4202
3937 3232
269 1339
1747 3116
2974 4050
1694 1821
3025 1135
3269 4118
1372 2918
2444 2147
1578 450
1329 1083
2065 621
762 3914
3178 479
2908 3034
3036 2267
65 3542
1360 2699
188 2315
1695 2929
1802 273
2977 1957
1967 1159
395 465
3430 2986
222 2996
2345 765
1234 3897
157 2376
2803 3119
1280 2310
1392 3223
2432 1505
2149 2556
311 3852
1366 115
3305 948
2079 3495
2426 3521
348 3393
47 1614
137 840
2540 3846
1823 2707
379 1880
2854 3464
414 1139
1097 1245
1270 3376
694 1456
2976 3077
965 2060
535 636
3101 687
698 2287
256 218
1495 312
302 2359
4035 2444
1514 2832
3150 424
1000 3451
941 784
1374 1814
720 1143
2190 27
4159 2839
3261 1017
1337 744
1857 2790
415 3892
1228 902
3674 1472
3794 125
2256 1496
1859 807
1661 3494
1387 1806
2748 3684
3339 2810
1232 3568
3354 1042
2347 389
1348 1488
3542 889
4191 386
2157 2914
64 1087
1922 2016
4048 3808
308 3814
2614 779
3424 1203
4122 1235
1747 3418
3867 1103
2881 1302
1416 801
311 1077
3013 357
3638 1721
739 2371
3575 3490
1909 2269
2668 1347
2841 185
1736 1215
1602 515
3447 3785
3673 3835
1740 1201
2600 2023
3707 1690
1968 2160
3820 3824
887 3391
2963 1396
1712 2037
1252 2738
2552 2668
3596 1999
1481 581
1456 1338
1403 3958
623 4074
2738 1134
3679 851
4121 290
2908 3411
811 3624
3781 1794
919 1897
3175 1622
557 72
2016 3872
3277 3773
1469 3008
2244 713
958 167
70 1701
2008 3524
2140 1238
3367 2124
1271 3224
3265 4155
2463 1607
1260 3916
2635 1069
3741 3904
781 4186
664 2337
2456 3987
3418 2920
3161 1744
1380 1088
1064 1856
3194 702
2623 4209
2203 86
634 2678
1678 3009
1712 3704
3673 4132
122 1786
201 366
2688 345
1086 1891
2413 599
2782 3412
515 2969
2755 2388
3889 532
3721 1050
1036 857
141 428
1727 1367
3350 3871
204 3767
1030 284
2198 271
1781 3237
759 3707
2624 3754
3060 3840
1271 2216
1227 2416
2125 3818
140 4157
2332 2166
750 862
2335 201
1274 4111
3573 3233
4194 1142
3915 3821
3079 1338
3494 286
1965 3117
1593 610
3182 175
374 3346
640 1269
3781 996
4000 2750
4188 2708
3711 610
324 1016
3845 1676
3643 1092
1250 1452
1630 4147
2410 3776
3668 1440
1631 2553
1712 4091
719 2671
3754 1581
951 1826
4099 4029
3693 2052
35 2973
1969 2525
3977 1260
1860 4148
2478 3331
751 3107
238 3281
3153 1376
1371 1218
3941 2781
146 4167
1915 3974
3580 3753
745 2480
2186 1313
830 2578
2609 2535
2886 462
485 2894
905 2730
3215 2704
3488 2090
947 2282
3834 1440
3114 682
1397 1926
3829 2335
723 518
140 1994
113 3044
895 3759
3005 4133
69 783
220 1120
3146 636
3228 2069
2706 2300
245 2695
3581 2086
1329 1393
438 1963
854 786
2054 2607
904 762
1600 3944
3489 2822
925 3266
1546 54
2393 3496
1670 406
2634 2538
4106 3287
1578 3671
2087 648
1149 536
1739 265
2167 572
39 512
4027 2321
189 1493
1692 2421
3978 552
57 3511
305 2029
1676 2631
875 1653
2486 3883
1952 1915
81 218
1703 3618
2160 2948
4129 2666
1226 2798
279 681
2357 3936
56 4132
629 3882
1449 1031
870 3252
671 2840
1392 2035
2008 1143
2639 1379
1891 1494
3059 2259
1617 2151
259 4171
3573 3099
2089 2888
3101 1127
2763 2825
2098 2159
1139 2410
3957 3871
3661 2622
3252 3362
1940 3971
3060 3083
3848 3286
3606 2400
4071 391
1065 1565
305 1698
1890 1048
3447 3146
3306 1644
210 975
116 1054
2258 3260
1926 3060
2213 2275
1979 2596
447 2354
1146 3479
3863 2808
1841 1016
275 686
269 1601
3041 758
1277 2587
3309 1403
3938 2827
2043 2272
2175 1939
1989 3442
1842 1171
3235 2674
3810 2467
514 2601
1370 1024
1084 793
1424 903
2110 2912
2599 2593
2829 3385
603 1976
1908 2664
1910 3611
3862 3106
3920 2427
4130 1717
232 2445
1127 140
3104 219
3421 1737
2248 3224
1649 2640
1869 3431
2380 2200
2148 2087
964 1191
744 2686
3036 3601
3384 3715
55 1243
2829 653
2062 3727
2899 2242
968 1801
3204 865
3858 941
1820 2045
3802 1490
3293 2962
3149 2453
265 3030
1351 373
799 1713
812 135
4197 2400
893 641
2978 3482
3961 3609
4126 3956
267 3413
14 3073
2056 2975
2780 2139
2653 2407
2203 1885
1993 3164
747 4036
1399 651
604 1079
3450 3333
2465 2427
2087 3293
1563 2795
3047 3060
3037 2824
2271 1753
2361 1733
2 1770
419 3060
570 2080
2894 1701
3959 1463
2557 3217
2482 3628
882 2818
2600 2529
3437 1752
3145 1397
3560 1753
1387 3396
3135 1813
1004 2568
1545 2428
2372 1651
2325 19
2815 2965
1741 1553
2038 3669
904 106
3563 450
3346 457
2076 3496
3978 325
3750 3677
2527 1071
233 3584
1105 2994
2790 1344
3449 441
2758 2539
2315 2248
3227 810
3163 1656
1628 3873
3571 984
2418 4164
2972 1938
3913 3887
1933 3455
3264 2553
888 2867
3014 318
3349 2153
475 1199
577 632
2937 2350
2416 449
1912 1795
218 1477
573 298
3644 551
1350 2781
448 714
3479 1709
3096 3717
2498 1124
3403 2444
302 622
1212 3120
1035 228
1952 3815
3030 3055
2992 2464
2517 2248
777 2501
809 3001
224 3211
2883 2947
3802 2664
935 2957
2383 2359
4051 417
1157 3558
4121 3335
2168 3001
4152 1208
997 3148
839 1189
1329 3906
373 469
3334 1415
2394 2932
969 2963
3882 180
1870 4173
1249 3917
851 3407
1309 617
633 3886
2571 2662
2477 3403
3607 777
1851 474
1097 653
326 2098
3924 1618
1288 2491
4016 1734
1678 3114
2742 2520
1156 168
2285 359
623 3607
2307 1197
3864 1430
3264 1450
829 2646
3722 3751
3609 3462
4200 3115
682 2341
2004 2391
238 3786
232 2156
2795 3079
1693 2018
2270 2068
2934 607
71 1216
1812 2366
462 4040
91 834
772 2776
2474 1093
419 1158
1338 1539
1726 1923
2231 3037
2950 3695
3799 631
444 1763
1193 3646
2489 3069
3004 1780
2780 4144
719 1319
999 628
3780 3104
1739 4046
3692 2279
1982 3283
1232 1435
1546 1244
3087 813
1358 1138
2612 1874
1116 3473
2996 3012
1025 2359
2199 2464
2874 1250
3180 1483
4117 2505
1388 3399
3013 2829
305 4141
1390 2624
2090 1998
3149 58
365 517
2534 1584
2140 3562
4071 3010
3111 217
3534 3040
1206 1561
1942 3835
296 1431
1062 3251
2787 3828
4182 1300
2608 3166
2453 2028
3454 430
2137 437
4217 37
3037 3855
4136 785
1843 1231
2875 431
1409 3541
2073 127
3118 2862
389 3163
1368 165
500 1118
2841 289
520 601
1091 692
1934 3036
3556 252
2914 3172
2853 1837
1523 3230
462 174
1312 3968
843 265
1845 2068
3090 2631
1149 3339
2619 803
1628 2986
487 3345
4054 3476
590 659
1236 1667
1262 583
793 2063
307 2638
1880 2775
4093 2580
3122 50
1556 1383
2251 1002
3977 2314
2802 3310
4064 2348
3685 4095
2481 291
3581 4113
281 2691
3786 1772
1524 993
1623 1632
1619 3107
4140 3289
2041 3432
3753 1596
2825 2173
756 613
4119 2793
1290 1661
3245 2378
724 3188
3740 997
4078 3977
100 398
2754 3336
2762 1326
2662 2027
3434 3401
3667 1853
2397 142
3179 1391
1314 1144
694 618
1286 2575
1385 622
2437 3200
2252 2107
2926 3029
495 697
4069 645
2045 2658
1245 1760
1242 2128
1107 4158
2733 3541
1511 3144
1283 3548
2456 833
59 774
2886 3060
2380 2339
4174 2644
973 3248
2941 2704
2473 1999
448 752
1815 1702
609 3514
2545 3570
407 2253
3819 2486
3109 894
1889 2827
1161 657
2971 358
252 369
252 589
706 2531
3896 868
3484 2473
2081 3288
2633 2093
785 3153
393 3474
486 1721
508 979
3015 3764
3331 3616
801 3753
883 2932
500 489
3192 4172
2045 2751
1559 2452
1602 766
3022 1274
3313 1603
1833 837
3507 4066
525 3036
2990 3413
622 1600
1450 698
1493 1555
1664 393
3847 225
1453 335
2509 1402
769 2388
3284 451
1461 405
3383 1343
1037 2409
337 1491
4 1882
692 2075
3899 844
2702 1287
3023 2310
1531 643
457 782
2194 2161
2427 3171
1142 3527
483 2874
1958 3841
1952 2596
2419 4059
862 1065
2641 1898
1017 2030
1763 1106
3106 3802
2805 2954
3483 1851
115 2561
1355 485
283 1548
3000 2459
2985 1843
1009 383
2294 3140
3995 2088
1458 3495
2081 127
283 2376
2054 967
2318 1868
431 1953
2238 1826
3004 3185
2206 3698
3825 3939
804 3787
1564 1646
1548 3681
1310 994
3757 3476
292 3539
3608 554
1820 1566
2694 210
3073 2193
1308 3856
4181 1991
3402 1874
486 4023
1945 3947
2157 532
2158 1479
448 2114
1196 509
627 221
1489 469
4149 1664
3481 1724
2300 1423
1048 1228
3053 2859
2523 1591
3804 2993
3189 2257
264 1704
3032 3345
1587 3038
1832 2301
2861 3150
523 425
3192 2350
48 764
989 3560
3745 1218
4118 351
442 1966
3924 2059
146 1802
3362 1205
122 883
3321 1982
929 3677
1241 1448
182 2881
2121 2539
3422 788
2064 2808
3368 644
1040 573
1315 3156
1137 4196
136 1125
2755 256
688 3250
3824 765
2202 358
479 1150
81 465
2126 4205
2150 324
134 3154
2344 1992
546 1276
167 2438
3329 938
1161 4123
1539 1671
1866 288
2331 1960
1297 785
2692 3251
3323 4203
2464 3166
1848 2996
2854 1564
3042 3479
3010 2354
1372 2945
3783 35
1806 268
4137 3741
2045 2734
3499 3988
242 1670
465 1297
329 629
1696 2297
2305 557
3868 2604
3821 3114
959 4036
348 3792
2147 1882
104 1496
3178 2665
2700 3210
1065 261
3843 1311
1448 3062
2578 603
2813 2786
3711 3111
444 1959
3959 3483
3165 359
3211 2741
1095 2370
2252 1110
3920 426
1939 4148
2346 2482
3839 1757
2888 1800
1471 862
1675 3722
253 3685
3531 2645
3913 391
1086 2392
1889 4092
2294 3077
3705 3349
3231 97
2605 3587
398 2387
4035 2558
1474 1496
3212 2789
281 3124
3240 1740
2328 1300
3525 2999
2461 3279
3625 4202
2822 376
3921 60
1344 399
2607 3299
4198 2193
2623 701
455 3015
3308 2869
4122 3104
90 3603
964 1960
2900 1222
1885 2845
3981 2371
2145 2795
147 2372
2089 4131
1987 4
1412 2546
1087 4007
2042 1504
2959 4158
2947 1201
2591 515
2193 2390
374 828
4170 3734
3547 3922
2489 2002
481 106
3372 3169
3843 2586
1434 4047
460 352
3370 1954
3500 769
3463 2820
1899 1186
2173 3387
2772 3983
1101 3446
3055 2317
3773 910
2853 2166
2932 233
2769 3793
2760 2466
33 2976
3065 3283
512 3112
1734 1665
2235 881
2791 3099
2367 3540
661 535
3029 3313
65 1832
812 3226
412 68
3617 3535
2374 1231
2809 2812
3227 3558
4057 3172
1814 2607
2380 454
2347 356
764 1138
229 1715
3516 2072
1015 3402
2565 3089
2316 1456
904 1610
563 2962
4067 683
2807 1722
2923 3146
1706 602
1962 3613
4170 447
3160 2153
80 683
1482 3986
746 3812
3514 293
1447 4042
2863 4046
2976 2595
2139 1962
2948 2920
3155 1985
3489 2603
339 1332
2475 1571
3732 707
3516 2513
2170 746
215 3326
1670 1359
533 826
1454 21
1438 2444
529 3545
3310 3404
1687 2974
77 3283
2240 1470
3659 1954
2572 943
2835 389
144 3449
799 102
1207 1754
8 2536
1315 1370
4012 578
2687 973
2027 1476
2374 1149
2605 903
2521 324
1849 579
2082 2724
1403 876
3413 836
1596 4214
1180 149
2730 3694
99 2554
107 1148
1730 2477
443 704
1468 3963
1315 3841
3195 1738
1502 3457
1155 2917
2806 3503
1446 1193
777 3753
4206 1931
3709 3358
1743 1664
3127 1075
955 2678
2475 80
17 1507
2981 458
3805 1540
1117 3497
4148 4021
256 1642
2202 571
4047 3648
3318 3417
2853 1170
88 2195
527 882
2196 2274
444 2359
2837 1731
3429 3545
3363 3944
492 4002
1456 291
1273 4004
3873 668
4136 4187
219 2818
3691 2055
4016 3919
3670 2613
390 1804
2290 582
2307 1751
3827 3310
1595 3356
179 1298
1374 3177
878 1685
772 2112
1903 4106
463 3754
1129 2769
2459 1074
81 3455
1556 3521
2349 2577
2663 1346
431 3902
666 248
3476 1774
1635 759
1773 717
2966 1608
1002 597
2270 3510
3530 2928
2343 1770
1896 2633
3892 3739
3687 183
4012 1989
2606 3433
183 2898
2045 3395
3188 1214
484 1003
2801 2505
1554 2174
1868 3471
693 2023
384 3402
49 3001
757 2772
427 2757
2518 59
4129 830
1080 1408
559 1974
3407 2500
1961 651
1286 313
3208 14
2461 3827
3684 2704
512 1921
2570 1915
3074 2193
2497 3321
1810 1998
1513 1685
1374 1677
1408 840
1684 3446
3431 328
13 2335
1415 2845
2359 2111
3212 2540
2482 2876
2763 787
1573 4028
4188 1883
1438 3498
466 3191
4058 2990
2775 2739
101 3654
3425 2563
563 825
3723 666
755 2880
3397 1585
898 3021
1767 2094
481 3312
3678 408
3343 1155
1026 1548
1035 3745
3939 30
22 1437
516 996
1867 1686
1754 952
2933 3179
1444 3633
1970 790
155 1444
1898 2272
2956 2043
38 270
2214 3152
239 1518
149 135
3790 1603
3414 37
2547 1108
1426 2100
3594 1690
2963 2275
1854 217
3900 2208
3 3191
3676 3774
4122 2631
232 2376
1829 4128
2215 3273
1782 1991
3161 2532
445 3385
3138 1876
2831 2280
2170 1817
1670 3981
2633 2207
3818 3983
1166 1781
2887 3066
625 984
84 2584
3546 2890
2218 555
190 1636
2167 3876
1227 3972
297 53
3626 1763
20 2528
483 2929
2315 1542
578 2323
1007 3786
3815 2856
1102 3623
4090 2777
2725 1955
2226 3154
920 243
108 319
631 2610
88 1612
3845 3278
4109 206
1556 4143
2329 818
4187 3027
3703 852
5 3583
3715 1353
1185 2978
1834 2987
2655 2530
3053 4057
1050 1809
3324 4207
1419 3320
1665 2953
3487 840
504 3337
1242 1672
1971 3248
3890 1325
733 2840
469 2015
3669 2353
3126 2243
4202 1878
3439 1168
860 2476
1750 2942
2563 2722
1102 3010
1792 1797
2147 2225
1224 2684
180 2892
2763 3986
2740 1377
377 3994
920 1958
2753 3157
2830 824
3874 367
1117 1702
3243 2798
1104 1455
783 3162
706 2211
913 2111
557 1631
3704 1804
2858 1993
2502 2822
3396 3901
2420 1338
3601 4156
2115 1361
503 3980
2778 225
3654 1573
4219 963
1153 3172
1324 2686
3574 1439
2766 3878
362 2067
337 698
2954 3944
2648 216
3763 3418
328 1916
3192 2907
1111 3952
825 1111
2973 2361
3798 3518
2512 516
422 2934
3635 1237
147 1630
377 1969
972 2764
1274 2080
2786 1466
1042 3312
3002 647
1499 2219
3765 4146
4143 1998
2881 4029
3624 2923
2560 2936
3464 842
2733 3758
2574 174
265 3003
2473 3430
718 1482
3217 1790
3672 97
528 3481
1554 374
1517 1007
2333 3155
480 625
2103 51
530 3943
518 1099
3111 1267
998 4064
994 1612
1323 237
958 2874
1717 2134
958 3159
1290 1821
2795 343
1158 941
3690 2904
4184 1574
239 2191
3386 2020
4203 3091
492 206
673 2533
3926 128
1284 3052
4048 4208
1417 3300
384 3351
286 1372
2252 1773
1760 2480
2610 330
1175 159
1097 3126
2111 2854
139 1023
4117 294
2614 3698
485 3460
565 3418
3308 3405
2429 2157
1009 1180
3201 325
1881 690
1462 558
4029 3697
3997 2859
2027 327
1756 1169
2841 2064
1795 812
842 341
3443 1527
2378 1639
1461 18
960 1673
3492 210
2587 2689
1450 3016
392 2910
2227 2608
249 1132
1723 1042
4218 3714
3069 1232
3664 867
2958 1100
3336 2751
1674 3226
1961 3811
1580 157
4204 2916
1480 4165
1097 585
433 3445
1003 941
476 1660
3032 3084
1986 2115
21 17
2791 3217
421 283
2815 1206
2911 1555
12 2322
2932 933
2551 1051
2062 801
2925 1942
372 1401
1278 2169
3908 2703
3313 2290
942 309
1314 125
3084 358
3154 2885
2140 1187
2220 1726
2390 265
3758 2685
1198 2297
2910 1391
776 2382
424 160
1228 1827
1476 2463
2624 1351
1888 2789
306 2801
898 2976
3719 944
2857 3179
3757 605
1096 1289
456 2611
3218 3310
1650 3228
2333 4057
3592 1680
3931 3858
1186 2394
2451 3404
2092 2589
2761 1744
2513 1783
2675 2278
695 2592
1702 222
1856 1327
674 1453
1775 2489
3239 147
885 3058
3519 2023
2944 764
3641 2272
1015 2527
3627 3995
4186 3966
2002 869
3378 2109
2942 1851
1208 456
3243 906
1401 1164
3351 1399
3845 208
3214 390
1474 3946
2954 3374
3272 3319
1916 3260
1540 1839
2804 3776
3323 3333
333 136
3091 1523
3726 3832
2185 1909
3238 3012
2293 3673
496 885
92 1150
2193 1085
1385 1194
296 1679
3172 2681
1516 3800
3800 209
3700 4007
670 1264
4063 987
1242 1427
2975 2296
1956 3134
4123 290
46 1211
3718 2418
2310 2208
2464 3964
2447 4085
3641 451
3331 832
3136 115
1930 3299
2501 3439
1508 3475
281 504
4179 3059
3695 3912
1076 1438
924 4099
1865 3420
3744 3095
3733 3351
1937 3786
2796 2459
383 1449
1256 2571
3925 1810
3529 3065
584 3534
3496 560
3633 1707
763 2052
428 1674
2120 3979
3175 1880
2392 3618
510 2444
1498 2818
3488 1166
1907 1911
3478 1061
3050 4088
899 3207
435 904
692 4206
2902 2377
313 2346
1490 4012
1317 3316
503 986
891 3948
3197 4057
3913 948
1090 1754
2105 1388
22 1496
3347 660
3197 149
2529 98
2904 3471
1937 1696
3998 2741
2307 621
1580 362
2102 1820
2758 3110
540 1214
169 678
204 2079
1349 1471
2923 2054
457 1791
1485 3974
2041 1234
1293 3608
1941 1079
1183 1479
4057 3783
3855 2065
911 3559
3607 1390
1697 1738
886 916
2235 3849
665 786
346 1758
2602 1571
2250 2247
1267 630
2397 1807
3876 1504
3726 3272
1172 3045
424 1378
248 2560
4129 3479
2857 2598
1191 3167
300 2625
3845 3588
1837 680
2786 2595
2896 1483
3433 3634
2644 271
2295 36
1430 2602
3502 2645
1389 1790
1407 2688
2315 332
3666 3198
3200 1751
995 462
4039 4146
3819 1009
1402 4123
3564 4098
2537 2301
1698 3493
3325 1348
3144 1959
3831 3859
1860 2
1103 1371
2291 2218
2675 386
1217 2454
2003 3203
992 3373
2558 647
505 2001
2835 2456
2855 2446
1415 2332
3905 1709
1649 3308
3693 4188
2023 287
1629 2613
3339 2377
1750 3216
2426 2212
2778 1922
1352 1034
1991 1639
1530 2860
2082 3976
861 917
2267 3680
465 2449
2846 1615
242 4187
