2270 2000
1213 2137
158 83
2088 1412
1045 444
2004 878
1531 2048
79 756
593 1865
1647 2215
1607 1362
139 1114
558 21
869 1968
2092 793
1843 1247
1674 2081
1840 1703
739 1850
205 2174
1571 1164
409 1705
1349 351
418 1777
1697 1544
1549 2101
1546 1588
976 974
1348 1999
1333 238
1149 991
1321 998
161 553
437 1
620 1060
987 78
2222 238
940 1290
1301 219
1983 372
1914 80
1214 1955
1526 1082
120 773
1709 671
1151 1210
1233 734
14 297
1675 290
879 938
1472 152
1461 2009
2102 847
1149 1913
512 769
420 589
1513 1407
116 943
165 1646
1751 993
1781 1414
353 1581
1673 438
484 2064
300 282
864 1040
1953 1327
765 99
2114 1008
1775 456
113 129
2228 2047
2010 2065
1653 1976
1467 1252
1360 944
1971 1582
80 1098
1191 2201
508 642
1423 1410
501 743
1487 72
1490 2029
2243 1710
731 1470
2224 1395
968 1278
2133 1682
964 21
1605 1075
1373 1691
2225 1363
1714 1135
2120 1091
1672 1019
1523 1545
1075 128
1454 786
2234 1598
674 1414
430 2081
515 1185
1867 1954
1189 1042
734 288
1098 1480
2227 235
423 2038
1044 95
1103 1834
845 1165
396 1366
1497 222
1990 304
203 1593
2176 1750
856 1505
759 1285
674 25
2145 361
89 2253
283 1805
1697 1687
1010 1892
1451 1937
1757 2184
2045 895
879 576
2015 1509
1680 1280
1235 1236
1254 912
1159 460
1830 427
751 199
769 2171
488 2009
395 1677
1322 1216
1882 954
294 429
383 737
977 391
849 1328
591 275
538 1579
751 1053
671 374
1970 938
1637 1794
1617 1252
1263 1598
1672 1253
339 1296
1953 672
1723 2190
1901 1539
1191 1755
925 582
2040 1971
393 1391
2255 820
1815 657
215 1353
1682 1756
1691 1438
558 1798
1064 1951
1840 2128
414 160
919 420
1937 1435
37 1814
972 421
2200 754
2180 360
95 1276
1065 119
1988 1868
1954 159
618 1666
933 1696
1123 500
1440 612
1482 96
904 147
700 1000
1704 1653
143 279
721 1477
1333 397
1439 271
1517 1337
1027 1851
380 1642
2268 1807
579 468
1753 70
636 291
1618 1865
713 109
92 1244
2135 1986
1591 1184
983 1709
2189 568
450 858
1015 1166
439 1899
304 2012
1849 1912
857 89
1460 1882
2095 839
1143 677
577 711
1512 1566
653 118
1366 724
177 1780
2103 1831
73 53
476 1611
1132 245
638 398
473 363
1860 2190
449 1432
618 1828
1576 308
1550 1770
1246 896
217 720
1305 332
1787 1330
339 2029
77 729
1983 1593
897 1534
697 1392
467 437
1474 253
397 632
2014 1324
1137 2161
352 1914
22 1673
883 257
2014 1633
2262 132
447 762
2017 1777
2163 1277
1388 1329
56 1122
1077 1715
1173 2189
160 1405
447 952
665 189
957 2207
1024 1620
88 1633
2081 1587
544 1784
1097 1140
1286 1684
1700 37
2077 751
1587 2169
121 134
1888 2058
1616 310
1175 2049
147 18
2170 715
1737 1693
265 1386
536 192
601 79
72 749
1006 1764
1518 618
1208 40
1051 1121
910 1445
967 642
458 1049
260 1910
349 1724
598 851
1823 1096
557 802
277 630
765 1269
1004 2163
701 463
1673 470
966 1557
176 1072
2041 1544
1769 1952
1035 2057
1959 1243
304 133
9 1927
1910 309
163 2110
755 2154
1305 1564
1210 1418
1251 596
207 532
1330 1072
488 2209
1006 1414
624 470
564 2099
495 1013
1112 323
1242 244
498 2041
461 1006
1773 2089
1849 807
1026 1210
1676 921
678 370
1969 665
737 636
1199 1876
70 1255
1465 752
1350 249
1662 1405
2175 938
1956 522
1765 1080
866 123
755 2111
437 796
945 453
882 785
1125 1206
960 1199
462 1296
2211 897
285 507
1526 1870
370 619
494 1275
509 2056
1374 863
1918 54
315 274
32 1545
2088 1373
1783 627
948 1705
11 937
408 1438
1895 1228
1209 1404
590 69
1501 468
445 691
2121 1553
1368 2131
473 204
1878 672
770 720
607 2238
1213 566
1329 669
1242 1660
814 441
2110 167
2116 690
21 959
327 1366
933 1872
924 200
384 526
1241 2243
1741 1509
1572 496
976 883
1859 474
499 179
1363 1791
1829 36
1185 1976
272 1743
48 1927
814 87
1313 1873
1083 226
2224 1145
81 1105
2177 1535
811 1855
565 517
470 1110
1157 1524
840 1221
614 1932
80 1053
1306 972
389 99
2247 2233
1481 1316
1971 1645
1562 332
1696 281
1711 708
444 900
1113 449
110 1099
1104 1818
756 1224
576 1500
714 437
1669 82
1625 64
1760 2051
1999 301
1241 1168
463 1492
432 1728
787 2218
1777 2054
354 1050
143 306
1787 948
638 22
329 2073
342 1660
453 1175
1190 1440
2260 129
1297 1546
495 36
1963 799
1985 786
725 1379
318 523
427 1717
1284 818
359 1495
1363 1652
1868 1058
120 856
1266 1931
52 2118
2055 603
802 1180
528 380
2028 63
203 2229
213 1154
1816 2208
2231 1641
2256 1833
1819 616
2205 1119
951 396
1921 1093
34 314
1973 1992
481 1750
999 1302
1403 1541
1402 1570
625 1649
540 217
1285 229
1261 1257
1703 691
1527 54
157 718
140 2120
865 1767
1897 244
1283 237
12 299
518 1893
183 1733
403 302
1703 1267
1894 1964
330 1794
337 2121
1715 1935
1167 887
725 1405
1380 2065
676 143
243 622
2195 1824
1602 1361
1616 1811
277 1317
1772 534
775 1711
247 1024
1682 1574
1920 170
715 363
1649 1731
1525 2152
1151 1724
340 1257
812 1924
1336 2214
1164 1442
313 1060
216 1461
1415 1809
1792 597
618 1395
63 474
2071 1258
433 1583
288 1221
803 874
38 1247
1817 1504
848 268
1811 594
843 350
457 672
618 376
708 1226
1277 2110
966 380
315 1463
1444 1402
1847 894
147 1973
301 1600
1648 68
26 714
35 1805
1015 594
2247 2068
2112 2023
1031 673
1891 815
341 2145
583 1208
2137 276
2053 1817
2215 2233
911 1471
847 730
1145 861
755 41
1926 102
2028 1044
746 448
391 113
1572 904
687 898
470 1481
483 39
803 411
177 374
1073 2002
747 1583
1859 1656
1846 1562
2035 1199
1106 1797
741 2049
1046 376
1332 509
1135 25
82 652
282 1347
1028 1808
899 1679
714 1864
488 1882
29 1255
2117 1537
1095 2131
1138 670
22 1491
130 1954
1911 936
397 122
380 1118
74 1942
2026 197
1492 2043
1583 361
1638 1230
2082 274
2216 2184
2118 1196
1730 381
1350 234
1057 878
1256 160
869 1688
770 252
2106 827
1254 1678
783 127
1652 1614
964 348
470 1206
1535 1144
520 1369
1253 1181
1898 1475
422 1394
1072 295
2158 1402
1905 1473
663 1575
113 1563
1376 2041
633 777
198 1681
1396 1809
1113 452
1501 469
2259 646
2144 470
1040 2269
1394 247
843 335
1556 1159
1646 1488
60 1141
1481 405
1877 1836
2083 1533
361 632
830 373
1330 1268
1004 1865
1364 1256
141 1715
386 689
1704 1577
263 1064
2253 1989
1554 1757
482 111
1241 1643
1049 1482
2060 1882
403 301
218 814
273 1417
1779 1468
581 730
327 321
1177 259
887 754
305 2189
582 574
1888 1126
36 335
140 741
100 2236
361 806
2044 404
2096 667
808 188
2248 1739
437 65
2208 695
504 1013
1840 1480
822 2007
1859 547
242 28
1356 1492
1024 1731
1642 1845
745 921
141 105
1898 574
783 2028
567 1343
1103 1923
477 1280
745 4
449 671
179 2193
1167 1244
1888 46
1342 1791
2087 929
1343 1483
682 1837
1020 572
337 464
1875 911
1506 191
123 928
1303 735
151 1711
1259 338
1841 1883
1159 2132
1219 522
1924 675
926 998
1184 2051
608 1293
2141 850
162 1742
2266 1406
1229 202
1669 1120
293 1610
2162 943
460 76
572 142
855 723
329 2095
1999 839
658 1490
467 1810
722 2004
1150 1250
76 1630
254 2142
1101 1241
1481 1506
1694 1588
2080 757
1597 90
795 103
111 845
2061 737
960 1339
1773 627
1414 1570
1028 726
1088 1578
1593 563
2258 44
9 2238
1214 1874
1727 1697
481 1773
609 1251
1348 1002
564 723
1078 153
1837 62
901 1284
2041 223
1621 2076
1956 492
280 1833
1648 1788
703 1546
148 604
2040 770
537 1035
280 1559
2195 2060
2014 312
1002 2256
1632 855
1624 356
1270 1150
1375 1047
1601 2082
1066 556
170 2019
404 1508
1672 1093
585 232
2263 614
1974 549
412 753
1144 2035
1431 1682
1772 779
1634 2124
178 1059
176 1811
593 1407
512 173
433 427
1075 1868
1764 557
420 1193
2203 6
1338 1646
899 1894
650 2057
1425 1865
703 1637
432 1813
1175 959
1866 2119
744 2107
2176 1736
2090 1111
1339 2244
201 1234
960 568
86 2019
1865 1260
1583 2206
2150 915
1108 1634
1965 816
1166 786
256 855
1937 291
1515 1673
2050 1696
776 1435
990 1405
1029 870
426 2116
827 296
164 1607
661 1430
31 1683
2237 2130
1629 1154
1058 62
1281 2219
1765 363
1029 557
1179 2151
1217 999
369 1115
239 426
310 900
1213 562
1643 63
1275 382
1658 889
1586 2075
1182 38
373 1564
992 603
1567 914
599 1321
1113 276
1690 1922
117 460
1893 1389
1996 586
1225 832
510 1094
714 1740
210 1201
2222 1538
497 43
608 1203
1494 2
1839 1140
1024 1565
120 879
158 386
1906 1537
1577 1782
257 420
1923 705
1327 1889
1598 549
2068 984
1007 499
951 208
1922 1067
5 945
568 398
1079 2074
460 1909
2240 509
392 1763
1292 991
1426 2183
11 2245
1991 187
666 743
1376 1127
1724 744
2039 769
1221 1569
63 1914
472 1084
206 499
309 1544
744 235
1950 343
154 1885
839 895
110 867
1509 2236
406 1810
2040 1802
101 1383
429 676
1927 1710
686 2205
664 1874
312 184
1008 1787
1661 839
33 98
1299 2240
1089 633
222 1554
434 616
1308 430
1792 2091
1522 2265
25 80
1345 711
2082 2230
2075 1075
1199 228
2211 10
1901 652
222 1577
650 202
1434 764
872 1794
128 888
693 1475
544 353
989 728
477 252
795 1392
472 469
2021 1155
908 2251
939 369
2205 1191
2072 1831
1715 1638
714 809
631 1637
898 1823
89 331
1798 1835
2007 1242
921 1708
926 641
1217 494
1288 771
2131 2031
2164 835
2176 955
967 362
373 1474
2205 2179
426 1910
478 1354
1343 1033
575 2005
971 462
2172 1476
2062 1245
908 1993
802 1212
1487 728
1134 1007
746 1516
1519 1649
1348 492
226 627
1975 534
1515 2124
1912 967
1713 278
1421 1212
81 2038
1164 2226
708 661
494 181
2064 717
1464 2142
323 398
1776 1111
314 966
763 2148
1409 1327
1475 65
366 1137
350 1956
634 1647
1305 1514
1013 948
633 362
1488 1195
1445 1186
1765 611
1550 1048
1555 1825
578 959
1147 256
5 881
346 2058
640 1194
802 219
56 113
1089 600
1666 957
1277 1093
1581 1783
1705 467
1646 1198
941 706
2116 2144
1285 1099
1362 1172
2076 186
512 2145
1735 1257
153 1063
1526 1859
1741 1888
641 1730
1635 1887
2131 1259
1725 1027
524 2114
579 2191
699 1866
1775 367
1045 864
3 948
1132 1331
581 1232
1632 1497
1127 1657
1655 1474
1044 1749
289 150
86 1823
749 2207
163 1507
1138 885
463 94
291 1440
1186 24
1296 1962
622 1786
732 258
1277 775
309 1274
175 1193
1222 1109
836 586
282 1290
138 1534
2248 601
1005 1648
795 1707
1178 1365
1272 1606
47 1399
2236 2182
1484 1507
527 1807
1189 2199
2108 848
510 1776
1796 56
376 170
563 1145
712 506
1882 138
776 1058
2246 744
186 115
1038 1069
64 375
1590 2025
1435 1813
277 637
1754 447
2218 2149
2038 284
256 869
544 104
974 1449
295 197
653 606
710 2192
1279 1929
1380 77
733 2119
7 1552
392 2015
849 2076
9 541
625 1702
634 865
1529 1197
1379 1852
335 556
1199 1881
842 950
1782 1164
1278 1712
1925 2255
1791 2018
1339 896
1910 1206
777 190
242 1190
551 1032
1020 820
2241 764
666 1824
107 56
1420 1577
1308 287
334 519
1317 1942
459 2241
675 133
1811 900
203 1989
973 762
1230 2137
3 81
294 1066
2126 151
1227 2085
661 11
994 1230
867 2067
953 19
1422 562
210 1769
1060 1154
1446 613
2025 656
1004 1690
1397 2213
954 854
352 1778
1071 1318
1109 1403
1482 663
1359 711
286 612
620 541
1733 559
1518 1841
1365 771
1969 392
1880 1430
2016 1007
647 488
1510 337
605 1282
1471 961
2191 163
1593 376
1983 2204
1714 2142
1746 2139
1491 971
235 2065
1080 2085
1110 162
486 606
1789 1792
1979 1227
1499 126
1468 234
2024 2017
66 1806
812 1714
1544 850
663 94
1655 928
1973 780
973 2020
2031 2206
1038 572
1730 492
95 1476
1893 538
53 548
820 144
153 768
1596 1121
1522 1653
36 1447
20 2252
1635 781
715 747
2015 873
1638 1979
632 2154
566 1143
54 392
2108 1323
1979 2205
320 656
2266 1434
517 1910
1614 1211
854 1777
2056 1659
2177 1199
404 2163
1897 658
1984 274
291 1665
182 2212
1724 1700
1859 1779
1415 1611
1104 2246
237 670
1323 461
1539 915
1742 2085
368 1340
535 1058
1186 1025
575 1702
1345 1138
321 602
2253 557
1384 465
1630 2237
754 511
1084 706
1763 1847
1809 463
332 931
2193 2083
138 762
1144 666
790 363
876 766
549 1081
771 520
2153 2022
1580 1386
474 1583
1298 596
521 1409
1996 1986
663 794
2176 1696
274 461
2224 1233
104 361
424 1149
1777 1032
1459 1380
1329 861
40 50
2201 1342
1908 2112
1855 121
1522 496
667 523
1717 689
1329 361
1368 1589
1129 1300
2157 414
1583 367
1675 178
1439 1897
1210 1742
666 1900
1194 2094
1783 1207
2166 684
275 2112
1474 753
1439 1186
2053 1330
891 710
477 493
795 546
35 1970
793 408
2209 1604
512 1381
1374 1336
1220 267
1932 2173
1603 205
2036 1284
2064 577
1018 1051
1766 288
1352 2145
2139 1277
695 993
753 1487
1049 1776
897 302
362 1177
1145 653
906 35
2121 527
1272 1586
804 2008
143 15
8 2221
1498 1115
1817 274
1865 322
38 1124
216 1647
1851 1151
523 2087
97 1534
706 41
665 1128
1587 1556
519 408
1996 2057
290 892
821 1191
2170 230
2236 1006
1554 1216
1091 527
316 47
1670 445
920 213
2067 1769
769 1551
1421 1440
2224 1595
2248 856
1820 610
923 1273
325 359
949 1382
852 1105
1350 1960
779 678
1375 1179
992 516
612 1029
28 452
237 321
1819 1528
1598 164
1699 1645
1530 210
591 630
276 2232
1039 282
1159 914
760 1519
2157 876
2128 1129
1747 543
661 1218
1229 1565
2114 757
104 1522
705 786
2018 1531
1800 681
566 1839
1828 662
600 753
609 2132
236 1004
629 1240
292 2056
1325 1947
1053 12
691 1137
81 2090
640 2208
271 1337
59 1276
2093 1193
561 1766
408 1464
657 290
1479 1189
374 1971
1347 716
321 186
68 1049
919 2181
560 2098
1228 376
1237 1060
1166 1329
2086 1612
1026 2022
244 1347
2241 1973
491 1058
1432 2249
1843 808
1274 955
604 2035
981 925
1705 814
736 1780
2048 2025
1513 1110
1045 867
2104 1687
1049 2055
441 919
1821 768
233 1474
1786 1954
1966 648
2030 1246
2243 38
88 876
1475 34
748 2038
1865 1031
449 1193
44 495
706 1777
2086 1635
872 2254
1693 1563
1797 541
965 946
1405 553
1913 983
400 1412
1395 2248
1403 1207
2269 2234
1543 270
392 1564
1740 1717
272 1603
861 223
1979 886
2138 2116
1195 94
1249 418
1929 646
1111 875
684 1231
2115 2095
1222 1531
1126 1201
1664 1726
1746 2122
457 1485
435 1798
889 823
565 214
131 1402
1662 1415
2019 570
1315 2147
2245 1117
1585 1177
1058 2229
1834 1758
900 729
300 2157
823 382
636 49
563 2229
1155 814
273 828
1791 2132
1000 2067
120 247
889 2119
1332 2150
1120 2000
1668 1852
803 1744
1513 1961
1470 1076
1867 447
1278 1159
1674 1045
1335 2050
411 1380
92 1784
1572 2147
1313 1103
982 285
985 1183
1135 1655
2189 1944
2161 458
1983 981
3 304
1709 382
1434 1695
639 1930
237 902
1304 473
1472 2246
1112 887
1043 668
2261 599
985 1292
1651 2184
550 1352
908 1458
856 1275
114 2043
130 1237
928 638
1659 1019
177 141
872 2154
1085 613
1097 1025
1338 2132
1107 1571
2072 2248
24 2076
1967 831
269 2164
1849 1866
187 1004
659 1348
1196 1451
966 44
184 1623
814 548
430 195
1962 1365
703 1610
468 357
126 1908
2261 1015
2210 1183
1756 1856
1719 1773
1409 1631
1821 309
649 219
807 960
1781 1039
1411 959
1038 1900
991 1469
1289 320
1260 1320
604 1312
1568 634
630 531
1080 1454
637 1226
1247 729
596 1546
820 880
1039 1058
1495 928
835 206
1382 2034
351 1552
31 415
1211 808
1793 1678
160 78
220 171
556 401
848 1651
1538 680
129 1784
1124 1250
2027 2190
768 1885
1318 602
2160 678
520 690
2203 360
282 1147
1373 1114
36 1360
2006 854
433 1240
716 834
1355 137
1661 1172
2212 694
1494 2247
1924 1876
1636 1565
2247 642
1462 14
1444 513
1358 2267
1844 2181
286 1977
1042 1117
1299 454
1372 1549
1689 1585
850 1081
2105 1047
1603 1684
1169 957
554 1118
1181 173
1506 887
1568 1369
2008 1845
1424 1677
496 1673
650 1596
459 1103
1260 585
472 1378
1830 992
1808 993
1613 811
958 1565
399 847
1459 590
1357 1892
1622 816
2090 1576
617 1589
1637 1943
2258 1225
818 1894
1254 1875
1925 1519
1157 759
1394 280
1065 510
1915 965
275 1194
2213 1668
342 2035
14 1723
2111 1835
1785 241
414 1249
574 1016
22 294
2098 480
2167 848
1615 77
147 911
2047 1952
102 1752
840 1891
1255 590
2047 1586
685 344
648 341
1637 740
1242 798
1502 56
775 1859
684 469
493 117
696 1058
494 461
49 1366
1658 1661
328 269
2107 1618
1304 558
473 1564
698 944
1965 1186
1097 371
1277 1542
51 1474
739 109
1258 2056
1979 1931
1682 2022
279 1512
1552 1130
806 2219
2063 117
942 669
1698 1952
804 1980
1036 2180
540 1028
2142 1132
799 1929
2159 831
1870 834
2220 667
299 1605
88 250
1437 792
2170 732
1407 1810
235 136
2144 826
2191 375
1200 1666
890 1285
1667 1413
181 1538
586 2012
1745 397
558 1819
2006 396
1455 324
1664 2066
607 1170
175 248
1743 661
2261 933
450 850
2118 1513
1720 1142
2076 1673
1529 544
1394 1460
1827 16
2083 1654
1895 1844
100 267
1838 1767
149 1180
1584 1524
626 1688
892 683
1985 784
1179 581
866 1800
1665 363
1304 974
2164 1977
2189 2134
1574 1419
1402 307
909 621
1674 279
1793 1098
446 181
536 2109
979 1792
1648 160
236 6
2072 1016
354 545
1509 2244
1043 962
491 129
751 2158
194 651
2194 1546
1605 2097
1029 239
1145 1942
2090 1760
932 2069
1179 289
1161 1882
1517 1386
994 1911
1435 721
567 1177
1348 1884
1677 1078
2145 1113
936 1186
1920 766
1306 258
1859 143
338 551
1144 116
187 500
2053 1534
1624 1382
712 29
1062 224
480 1098
1586 630
519 1584
1591 909
1632 2074
599 2095
270 351
1834 1072
1643 894
1201 1728
293 1067
1141 381
654 215
1599 76
1228 2179
1557 540
1669 971
1085 2213
107 1133
906 285
619 137
1741 1921
2145 741
1265 732
2159 1107
1351 251
451 378
408 1737
1771 935
1974 813
1032 460
1519 1658
1213 601
1578 575
818 1438
1236 674
208 1147
1425 1256
620 2225
1369 557
268 542
1757 1884
623 2184
352 2062
478 1502
896 603
562 1747
1953 299
2151 292
1923 1023
2184 643
1351 1574
2167 240
1555 2258
2198 419
411 1069
774 71
1726 727
1814 795
1894 432
1402 980
1673 295
2206 786
981 179
1060 1719
142 1573
847 1990
875 1743
1414 721
1422 1031
592 1882
926 157
191 13
1218 1634
631 594
1781 1290
952 1081
1253 486
534 1882
1811 1806
494 1005
267 1644
1039 885
196 345
1348 1861
2240 2235
760 1394
752 2158
1908 1235
1494 2097
573 1554
459 2140
1171 2045
517 860
31 47
1853 1123
635 1236
1886 1566
256 1981
254 1398
81 1824
1916 986
1491 1620
307 1437
486 269
1490 1518
162 1751
389 423
1671 1020
1040 2148
2081 1853
346 2190
890 705
1997 1724
1982 1592
2135 2206
1708 2193
1875 265
224 907
223 453
417 1447
745 1217
616 2194
2074 1505
1925 1693
1218 284
622 1503
1257 2056
383 1767
20 855
382 369
25 661
1306 1616
1368 331
2229 764
809 225
821 487
34 668
774 897
292 1746
1937 794
42 680
343 2193
119 1903
1957 789
1529 1896
1230 338
2144 74
1125 1634
1686 903
1842 939
570 1019
1657 27
598 698
1455 1839
931 749
61 16
862 189
517 291
123 686
157 1338
1121 1654
1057 2047
1081 1421
1997 1021
1342 79
2165 163
1240 2056
1737 1329
1553 1343
649 1933
920 869
1397 945
1816 918
171 850
304 1464
294 2242
1715 1156
1595 414
1197 2040
499 329
1215 2080
2254 460
2087 2082
1385 1137
1405 2067
647 1078
774 878
2162 133
2201 1089
1246 1322
41 1157
974 2198
1127 927
1495 1412
1594 1718
508 470
585 66
1134 1821
1353 2067
1345 26
1404 1741
411 1090
1930 963
506 283
2166 586
716 2019
845 1361
1485 453
977 1019
944 1994
1911 1371
1094 2158
