20 145
18 6
15 3
10 15
11 18
7 0
18 17
12 0
19 3
12 14
9 11
6 14
9 4
10 18
3 13
7 8
2 14
4 17
11 5
14 0
1 11
10 6
1 5
17 5
2 5
3 17
9 0
9 15
6 1
0 3
14 15
18 3
3 1
3 4
5 7
18 8
13 7
9 18
2 11
11 4
16 12
2 1
16 1
1 10
10 16
12 6
5 9
4 10
19 17
15 13
3 6
14 5
6 16
11 12
4 5
2 3
19 12
18 14
17 11
8 5
1 4
8 11
1 0
19 2
14 3
6 8
17 1
14 17
5 18
7 6
2 9
15 5
16 15
0 11
5 10
4 2
12 8
10 0
13 17
2 17
11 7
15 17
19 1
12 15
5 3
16 9
0 15
1 15
16 8
15 18
18 16
18 19
12 5
18 13
7 1
10 19
11 6
6 2
3 7
14 10
14 4
15 4
17 9
4 16
18 0
12 4
9 12
19 4
17 10
8 3
9 1
0 16
18 4
10 12
14 19
11 14
10 3
9 8
6 0
3 16
0 2
11 19
12 17
8 0
6 4
16 11
5 19
19 9
2 16
0 13
5 16
7 19
15 2
17 16
10 11
5 0
15 19
4 7
13 16
7 12
9 6
8 1
7 16
12 1
13 5
13 4
