650 400
110 586
414 205
137 472
401 114
612 298
70 194
179 277
458 186
421 333
609 382
619 602
241 483
311 318
293 638
623 401
42 3
585 349
340 336
355 181
536 402
191 247
480 447
148 460
491 141
235 289
539 218
180 263
262 616
567 100
592 510
143 11
345 416
177 97
311 160
137 297
209 146
205 379
151 69
637 7
602 391
639 634
648 423
534 516
116 436
89 387
268 274
211 579
613 253
484 556
37 287
274 552
256 570
540 114
566 196
163 344
375 456
98 372
635 198
371 313
450 545
527 278
633 77
138 232
353 466
282 432
18 522
270 561
297 462
132 87
591 581
562 36
124 38
39 457
352 581
408 447
207 34
88 454
88 170
573 297
86 379
414 112
406 452
337 71
219 295
451 354
399 318
65 619
645 102
316 477
539 261
33 568
89 395
633 625
392 352
211 188
533 428
618 216
621 396
599 247
529 209
229 524
622 227
264 380
212 270
483 357
36 635
482 511
122 249
119 306
289 283
14 497
86 115
294 302
53 131
291 407
372 619
80 158
450 535
309 315
372 513
268 286
406 373
632 422
468 444
187 626
201 87
354 189
407 602
333 132
571 130
51 467
173 309
175 24
80 498
280 29
232 502
405 43
568 330
123 511
493 579
392 189
352 169
461 26
149 481
175 295
169 61
595 445
183 523
27 455
520 377
99 567
121 485
359 404
643 631
348 96
462 267
565 619
66 576
215 504
177 636
297 531
354 10
624 69
638 284
341 543
514 137
646 155
36 586
307 365
283 109
125 529
472 343
150 347
516 445
649 589
362 389
415 144
135 11
176 294
460 511
355 32
262 637
573 53
586 358
577 545
28 612
637 45
447 1
355 323
45 378
308 645
461 413
535 253
494 272
149 24
596 26
351 336
561 646
196 172
512 533
33 284
477 427
444 512
539 270
1 406
125 614
570 331
149 549
118 369
269 506
437 517
241 218
456 533
79 570
448 237
346 408
589 113
22 305
216 564
346 316
635 2
83 228
341 297
293 272
629 627
216 370
212 428
485 178
211 158
519 82
14 466
571 298
491 424
119 443
404 391
588 617
503 553
30 275
453 424
73 160
356 123
361 207
9 164
52 624
501 476
161 388
333 237
485 55
393 164
201 635
196 457
120 594
226 323
324 322
129 351
395 338
346 645
338 182
283 380
95 12
373 513
19 645
16 203
578 271
127 80
615 514
18 286
386 135
645 190
225 412
440 316
89 460
197 646
115 484
537 128
280 434
635 145
147 302
258 389
646 527
596 283
25 597
236 143
142 16
28 297
281 383
242 371
129 184
571 339
482 295
421 263
340 364
182 60
547 524
520 595
552 129
218 138
191 317
349 235
585 266
209 124
286 181
635 226
446 414
365 613
617 379
328 548
485 355
366 495
283 246
528 77
196 510
229 205
476 144
428 404
143 494
635 28
488 615
310 372
618 64
328 569
414 13
638 140
623 288
340 131
502 489
645 208
60 133
145 123
588 403
230 263
244 456
174 240
14 302
540 106
570 227
514 263
428 480
527 449
136 171
327 516
392 44
617 339
168 220
366 399
249 562
303 169
411 337
429 533
56 487
403 472
545 170
109 334
293 488
564 485
633 394
164 79
610 430
4 543
408 525
100 618
49 67
232 226
209 313
557 551
382 196
399 0
34 424
14 333
62 568
134 290
130 54
425 556
215 610
18 192
216 88
542 579
349 410
579 417
63 101
215 461
116 260
641 416
82 366
209 387
318 557
180 613
581 296
597 41
134 427
595 604
232 470
190 381
25 641
612 66
636 203
410 314
294 52
535 606
324 258
