800 400
153 463
150 318
709 727
690 726
691 283
605 384
733 357
6 291
694 716
451 653
63 658
548 179
720 295
484 668
291 623
768 562
181 395
424 294
399 526
661 479
11 201
465 272
728 240
75 348
12 447
446 425
264 610
173 62
350 48
780 641
726 152
524 737
292 591
636 454
125 788
470 225
751 438
460 392
769 621
669 242
629 553
732 493
272 506
745 397
146 638
582 108
132 47
35 194
346 504
774 669
165 13
576 408
434 567
544 776
558 633
539 179
438 605
368 276
792 587
759 285
135 474
38 255
387 792
369 113
434 695
301 669
277 403
361 461
748 405
121 553
298 36
191 82
411 725
794 78
275 727
497 161
142 185
668 647
551 371
298 321
360 577
205 537
286 672
290 602
328 64
201 718
563 266
556 208
160 709
14 505
71 29
83 780
413 621
605 545
639 27
784 300
111 700
703 654
761 446
570 348
447 269
604 306
373 616
474 248
451 474
556 240
182 18
470 780
192 557
735 114
584 438
727 372
764 40
70 574
304 9
512 255
0 432
387 38
571 92
88 540
192 277
110 539
676 636
776 629
741 15
263 600
117 670
348 265
524 722
593 628
477 510
403 652
695 562
727 40
111 734
410 92
627 308
444 245
511 588
6 500
363 569
786 40
594 236
718 593
359 215
582 705
251 777
150 759
576 227
81 192
469 577
481 738
31 329
116 503
642 87
133 687
344 389
285 790
149 540
74 543
483 691
389 726
431 102
564 293
423 76
14 182
255 39
382 607
45 758
454 2
367 300
113 714
765 554
546 755
512 102
424 633
219 37
40 135
752 290
394 24
448 158
212 653
422 91
539 290
371 749
504 549
231 328
173 110
750 244
107 420
136 203
258 421
318 187
116 161
660 375
646 542
638 66
257 490
116 102
401 785
47 19
447 25
755 135
405 16
302 169
198 63
65 133
560 369
512 484
714 672
422 328
83 157
544 168
640 593
161 700
254 389
149 36
449 15
712 14
490 668
24 83
441 503
192 384
79 538
526 266
417 172
447 595
446 159
465 747
14 738
723 290
595 652
420 364
435 29
88 98
153 568
257 59
631 447
328 284
175 709
231 467
298 95
523 365
472 630
89 402
140 279
400 266
46 405
398 607
106 153
510 287
693 735
52 737
705 455
246 158
210 714
186 40
493 519
597 120
282 136
135 783
27 284
30 163
483 639
488 268
262 44
466 0
268 690
459 693
64 556
503 20
421 578
377 159
94 787
789 141
11 119
544 82
470 582
427 203
140 574
141 249
481 492
455 217
55 275
272 59
460 177
542 528
73 730
320 162
30 298
501 36
70 255
84 441
358 249
504 194
233 614
502 525
590 231
167 10
580 11
567 733
223 458
208 58
367 475
198 541
230 347
656 565
674 381
238 666
268 540
282 106
722 215
67 245
432 700
630 679
330 157
784 341
217 703
620 489
287 728
445 411
762 587
354 70
537 591
607 583
545 156
655 367
339 384
628 4
519 663
739 162
415 190
116 436
108 86
782 354
490 411
714 436
614 751
277 652
400 521
276 429
368 455
46 54
173 358
328 304
588 488
386 41
758 541
12 244
683 336
477 446
76 556
114 166
589 191
658 777
160 27
747 450
322 176
37 474
770 98
657 485
495 260
192 19
339 141
185 336
372 768
166 61
794 759
42 235
208 139
153 772
85 282
170 512
584 612
146 774
141 152
124 375
506 312
313 591
778 144
735 287
575 337
702 563
197 558
442 163
450 604
236 14
6 779
745 300
610 205
62 385
707 450
729 57
432 111
370 413
789 769
270 235
72 540
659 607
689 799
