100 2800
95 89
75 80
78 81
16 5
6 61
43 74
55 39
81 95
73 53
17 34
28 63
24 14
55 75
30 84
24 16
21 58
99 17
1 86
37 56
3 16
29 22
86 84
17 41
79 85
33 81
22 47
14 16
35 10
30 62
72 6
15 1
18 66
94 43
53 65
96 46
52 8
97 51
19 90
68 18
52 99
20 59
77 54
52 87
22 90
16 74
70 42
58 86
75 5
56 71
57 79
81 20
50 62
7 6
23 39
78 98
68 64
52 35
25 65
38 41
62 48
75 12
49 28
73 85
85 63
56 36
20 92
92 25
46 92
57 38
81 0
62 75
52 37
6 71
67 91
67 37
69 16
20 26
29 43
54 16
83 28
88 75
27 0
41 83
94 74
34 55
51 85
76 30
35 98
84 99
22 51
20 39
66 25
38 90
64 69
82 1
6 8
74 19
57 87
2 64
53 69
59 77
58 57
45 14
99 61
62 33
9 4
80 94
20 93
25 74
9 42
72 17
78 79
19 16
71 59
55 27
15 91
91 63
98 30
96 62
75 43
82 7
20 77
34 83
89 93
32 40
34 37
2 48
21 7
0 89
28 58
23 61
18 49
75 79
98 20
9 34
85 67
32 74
70 28
67 3
45 69
39 94
59 69
16 63
44 51
38 2
18 37
31 5
28 41
47 85
37 6
75 90
49 57
23 72
89 67
81 49
14 69
95 88
11 25
54 10
24 22
28 30
3 75
43 10
71 45
75 19
12 31
15 9
83 93
59 87
38 75
73 62
55 3
95 93
80 22
16 84
20 91
68 51
89 12
77 2
39 29
73 34
25 28
51 33
49 99
6 50
57 3
58 44
57 59
63 44
13 99
89 41
24 33
1 11
69 54
37 4
82 17
66 91
25 10
43 38
45 7
50 89
45 83
48 12
72 13
96 29
2 23
46 94
82 94
13 64
74 12
97 0
45 59
13 52
99 9
34 88
5 71
13 20
66 70
44 97
43 35
72 66
39 88
14 6
26 12
31 99
80 47
63 92
84 21
77 41
48 88
3 89
33 11
74 73
53 34
59 91
5 18
23 59
73 43
62 37
92 90
44 10
93 77
35 86
13 87
12 54
12 8
77 66
27 65
85 4
81 9
5 86
12 58
73 32
80 34
46 7
37 68
25 15
14 77
13 61
70 1
89 29
80 57
30 57
37 42
23 36
7 17
51 67
50 9
16 59
83 39
87 54
3 79
97 64
96 52
28 75
83 4
92 99
43 48
87 11
67 14
52 57
78 21
47 50
82 49
81 64
52 74
7 63
34 7
56 81
27 35
14 13
33 73
16 68
65 37
99 78
56 89
90 85
78 34
83 63
49 62
1 33
87 43
99 20
66 86
97 31
20 57
62 72
80 89
99 33
32 2
81 42
78 36
16 47
89 76
68 59
62 40
28 38
58 3
97 78
60 4
42 49
26 59
2 73
54 32
65 36
96 40
61 62
96 89
35 85
54 45
59 1
91 19
76 10
31 70
89 34
88 84
81 89
16 13
5 42
83 51
74 78
54 50
17 19
72 9
14 26
96 83
27 85
18 65
55 85
85 57
69 2
42 75
44 75
22 81
89 45
70 9
14 68
58 92
65 51
25 16
34 14
47 42
23 26
82 77
39 80
16 98
30 17
68 17
76 3
17 24
84 43
80 24
92 60
10 17
20 30
43 30
42 13
23 10
64 52
78 75
98 84
67 30
77 89
32 22
40 8
48 13
12 9
22 79
52 4
19 20
41 82
10 19
82 39
61 20
34 43
23 46
1 14
40 29
52 93
18 28
92 95
92 71
58 40
38 96
1 29
24 9
68 55
37 70
57 60
93 84
81 79
21 83
75 58
36 15
23 98
39 34
80 21
80 68
44 5
62 25
87 14
51 55
36 22
87 73
27 52
65 12
81 63
62 46
0 20
84 50
88 71
73 22
90 62
33 18
84 79
16 71
9 79
47 82
5 57
58 6
10 6
77 35
52 47
48 21
94 45
32 80
39 68
51 1
95 58
86 41
88 90
76 42
31 11
99 60
25 18
83 91
22 82
7 47
75 30
10 62
77 4
25 32
38 11
56 68
17 28
16 91
65 22
19 24
97 45
26 78
72 99
91 2
70 78
30 19
36 71
43 64
54 2
79 64
97 24
37 79
10 15
51 5
61 21
57 50
22 13
14 76
72 48
60 53
68 77
31 16
56 22
31 35
87 62
87 44
84 11
98 4
20 9
90 1
37 63
82 85
52 16
49 0
67 56
52 19
86 69
72 91
46 27
49 46
67 75
34 91
96 31
9 39
19 12
45 88
29 16
2 4
11 45
91 73
21 63
79 70
97 28
5 27
55 45
84 71
76 71
93 90
49 3
63 97
23 47
63 62
17 11
35 56
93 28
45 65
55 44
88 33
91 24
98 91
53 33
5 2
27 62
80 92
70 93
25 58
62 17
68 35
16 33
30 33
38 0
4 89
46 68
58 8
20 68
75 95
25 54
55 36
4 29
63 69
82 92
19 63
55 26
60 5
48 69
85 76
21 59
25 91
79 2
24 35
21 6
0 19
42 34
73 40
78 16
80 33
40 79
21 82
51 39
56 76
51 45
50 39
87 97
91 10
58 41
78 68
38 13
52 28
15 74
74 38
93 99
52 38
21 10
87 88
1 45
6 39
91 84
99 10
22 49
15 98
82 43
12 15
6 56
13 67
35 63
93 16
30 83
21 74
89 52
50 56
43 76
22 9
35 69
25 27
43 62
69 84
27 43
7 16
93 18
74 67
80 37
92 44
78 37
4 16
14 81
89 92
33 69
25 38
22 78
67 97
6 59
27 66
44 95
2 19
51 4
22 52
31 6
36 99
27 41
73 86
17 98
78 69
24 67
41 1
53 91
72 3
2 97
5 38
14 90
20 14
13 68
38 24
10 40
5 29
22 5
61 60
34 3
82 30
70 6
85 64
70 11
29 45
97 25
62 0
15 47
29 0
63 18
57 56
86 37
41 85
64 17
47 6
82 76
14 85
30 51
36 92
30 73
72 74
72 61
16 75
6 2
77 5
24 13
27 63
27 82
85 30
34 40
52 15
73 63
49 11
55 71
46 98
66 92
2 83
14 99
46 37
64 32
97 86
86 45
25 93
66 26
59 2
12 38
47 49
62 69
57 41
91 26
98 71
70 26
69 22
22 6
35 25
18 61
65 30
52 32
25 50
47 95
1 21
73 59
1 39
19 80
32 72
75 96
33 38
44 89
56 47
78 90
44 28
25 89
10 79
27 21
85 19
9 63
35 38
88 23
4 12
86 14
91 43
32 81
86 92
8 31
79 52
5 79
23 31
36 59
82 69
89 79
10 4
70 3
78 53
48 55
38 36
1 31
88 38
76 62
96 51
97 37
1 42
98 18
33 37
2 31
25 47
10 87
28 79
52 98
37 89
62 5
9 93
8 48
76 58
85 18
64 30
13 32
74 53
23 85
4 65
53 37
21 8
66 42
58 26
76 34
98 14
28 98
16 67
76 38
78 49
79 42
62 7
65 62
2 55
23 32
81 58
72 43
77 67
45 44
40 92
46 81
93 53
62 66
87 20
54 60
26 89
30 12
17 31
75 35
53 57
79 17
63 11
20 95
49 74
70 46
0 91
22 34
85 49
39 56
89 90
13 29
51 82
95 3
61 7
24 84
27 17
43 18
14 37
53 63
50 28
6 36
82 50
76 18
0 34
6 94
53 32
5 23
12 47
41 47
94 67
74 9
72 16
48 33
46 18
14 29
40 33
73 69
61 71
31 58
66 51
30 11
22 3
82 5
9 61
0 44
52 69
51 6
46 15
69 71
83 5
15 84
14 21
83 78
65 85
61 41
75 94
81 73
87 71
8 16
62 85
94 31
64 96
39 74
15 29
19 88
21 95
53 25
73 83
11 5
90 8
12 10
63 76
29 92
18 41
91 77
89 64
65 79
92 32
75 25
42 83
29 9
38 4
11 6
39 71
1 20
7 37
83 99
5 59
23 74
13 95
11 51
32 49
57 39
37 72
55 58
74 14
35 97
18 71
32 62
16 6
76 13
95 9
86 82
70 65
39 26
46 53
88 41
16 90
11 91
4 6
56 49
97 95
96 11
27 4
67 72
19 54
40 56
20 32
56 0
45 98
23 75
18 30
16 30
97 88
7 49
6 87
18 3
28 92
69 11
98 55
8 56
1 46
89 42
11 76
25 95
83 47
49 95
95 0
17 88
73 89
28 56
93 46
84 92
42 54
11 86
0 64
50 63
13 55
51 72
63 87
52 78
55 97
54 84
75 87
86 70
25 78
97 9
63 49
78 8
7 86
82 59
67 81
74 2
89 78
9 58
96 69
48 73
20 17
19 29
30 23
72 85
64 61
86 33
38 6
85 1
23 13
74 90
90 9
11 43
60 98
34 90
3 17
73 67
98 38
42 8
31 7
63 71
34 65
1 47
45 32
86 72
73 15
58 34
11 2
48 81
45 42
95 66
76 79
28 86
80 28
67 34
37 54
46 41
52 0
86 93
1 27
20 60
65 54
31 98
28 11
88 96
86 24
63 34
42 82
57 47
93 51
87 41
99 22
54 1
86 94
76 7
82 67
10 41
31 68
85 42
76 21
2 82
35 16
58 65
79 97
30 52
78 30
0 98
52 90
64 23
80 49
4 66
50 90
58 2
90 66
90 81
60 0
49 4
20 2
44 56
25 40
81 3
14 31
0 57
84 78
85 12
50 75
22 4
27 48
76 78
60 9
81 24
95 22
33 19
25 70
93 78
95 1
80 5
99 48
2 29
14 7
25 48
4 93
1 22
11 78
51 46
22 39
59 9
14 50
67 96
80 71
76 12
25 26
23 60
36 66
58 62
58 74
70 19
19 73
33 45
4 39
6 23
33 91
57 92
1 83
27 76
56 41
94 98
65 38
90 95
52 39
94 62
0 40
74 5
12 42
34 33
19 46
76 17
41 70
91 17
27 30
11 61
52 44
27 8
17 40
54 98
64 39
12 67
0 18
71 60
63 38
50 97
39 3
45 64
44 39
10 90
0 23
65 49
73 17
45 52
15 6
99 0
3 13
66 11
72 88
91 7
20 66
41 0
49 24
71 79
24 87
98 12
3 82
49 68
88 77
48 35
31 55
57 26
67 19
43 23
41 69
77 17
98 81
81 10
61 38
37 13
60 72
74 41
52 51
29 24
44 77
57 54
70 58
91 5
95 61
93 5
40 87
46 30
12 21
63 55
68 7
3 33
12 66
77 26
31 57
49 77
56 82
37 48
68 76
2 39
83 13
73 76
48 97
43 25
73 99
35 20
48 82
41 65
19 23
12 77
87 32
18 4
35 34
72 25
77 69
66 29
66 87
32 71
61 49
0 58
0 75
1 92
62 99
42 65
26 98
93 72
84 32
40 45
12 99
2 78
24 74
34 85
77 60
73 3
50 12
87 74
37 92
5 32
7 15
87 82
73 84
88 93
1 32
77 98
75 51
46 2
35 90
39 18
61 16
46 52
93 54
96 20
46 47
18 29
51 95
71 30
40 23
5 6
6 79
35 87
57 64
95 5
38 48
5 94
60 26
61 33
36 9
24 57
20 27
80 55
14 57
15 44
18 79
84 80
73 61
52 62
60 38
30 60
62 64
19 45
84 85
34 30
36 10
47 21
34 70
77 25
87 33
10 78
24 31
8 50
48 42
34 25
63 5
98 21
58 20
41 71
1 2
76 26
42 80
90 5
92 27
19 66
56 79
8 25
59 41
82 38
64 5
31 89
45 36
66 1
56 10
10 55
93 30
73 47
94 83
26 73
25 51
80 9
98 40
21 19
28 35
25 33
29 33
45 77
25 42
48 91
46 66
9 38
96 24
48 24
36 52
36 96
70 48
58 10
6 3
82 18
85 21
84 70
34 96
94 1
81 38
31 54
88 89
53 19
21 86
19 3
11 98
10 67
35 33
54 44
53 2
25 4
25 86
77 87
10 52
84 56
97 6
96 58
70 17
12 64
27 53
67 44
60 19
7 42
29 42
76 67
91 8
96 10
34 12
3 53
86 6
92 7
49 54
98 88
35 29
2 10
31 29
42 39
11 58
43 26
24 64
99 64
32 6
75 18
36 3
33 50
43 47
66 5
37 15
61 70
61 45
51 63
28 66
92 12
34 86
7 1
31 3
38 68
47 45
86 44
38 47
66 50
36 67
22 96
61 74
5 52
54 5
57 28
10 1
97 92
12 0
22 71
8 54
60 8
67 60
79 77
35 89
50 70
87 9
38 10
35 9
41 31
59 42
56 59
18 58
36 34
76 8
27 51
61 26
55 49
29 23
85 40
42 55
56 83
94 63
57 66
84 58
3 7
18 67
55 25
85 37
5 3
43 49
93 36
70 98
94 51
90 46
17 53
57 29
35 57
33 75
53 29
5 99
15 72
88 40
31 19
8 1
42 91
57 51
80 85
20 82
20 72
12 82
70 52
23 51
3 28
44 16
21 65
49 90
85 0
81 66
99 94
29 71
25 52
23 63
49 96
51 16
25 9
89 13
60 17
50 31
81 21
26 93
41 50
7 12
94 19
30 49
74 80
67 42
4 47
29 41
71 81
35 61
60 32
84 61
13 9
23 12
55 15
82 11
67 93
44 19
2 28
98 7
47 71
3 43
79 55
72 58
53 68
65 2
85 75
86 9
79 90
44 66
80 63
25 45
3 44
80 45
7 8
62 82
10 22
89 16
36 35
63 48
81 30
15 61
75 14
91 81
97 98
34 32
96 55
43 88
80 31
2 24
68 32
62 18
89 55
87 91
52 84
63 24
8 20
2 25
50 52
83 16
62 28
58 36
58 94
17 78
81 99
74 75
92 35
60 10
73 0
42 36
28 23
26 30
2 16
82 93
71 17
90 24
5 10
19 82
39 36
56 23
60 37
25 80
28 95
35 11
89 17
2 72
31 81
7 26
37 45
96 84
46 87
23 84
17 26
63 41
97 30
10 84
34 72
88 57
9 21
30 24
28 46
23 52
16 56
95 32
44 61
50 19
4 74
89 87
94 70
47 27
31 28
11 56
14 33
90 13
28 39
0 70
96 85
53 61
31 32
82 90
75 11
26 82
17 67
1 97
15 3
58 78
84 9
2 36
60 83
55 93
79 20
21 43
45 57
72 28
36 21
13 11
30 10
67 95
91 44
30 58
11 89
81 28
29 47
65 74
19 98
26 48
25 30
73 35
41 34
63 47
1 3
31 4
31 25
42 77
92 18
45 85
7 54
37 59
66 45
63 67
29 67
49 31
76 29
50 15
78 14
87 76
23 69
64 80
86 3
46 89
99 42
2 37
58 7
14 53
48 59
24 50
55 38
56 31
70 23
87 27
83 82
53 49
78 67
43 33
76 49
53 1
15 42
91 95
70 74
20 33
39 81
9 27
52 42
80 69
13 59
93 27
46 0
77 50
96 53
76 61
41 76
59 15
30 40
28 13
26 72
81 51
32 18
40 21
9 40
24 61
58 42
57 15
43 59
36 1
45 70
19 58
6 55
25 69
47 53
24 28
44 79
14 88
93 74
27 73
1 75
75 69
23 16
81 82
25 21
53 18
33 84
57 99
22 76
59 63
35 7
18 12
37 32
64 84
56 21
33 64
50 85
56 26
78 55
30 8
83 48
34 2
19 92
74 81
44 74
10 13
65 7
43 16
33 76
0 71
64 42
85 29
20 28
92 48
94 23
90 26
25 36
23 87
16 65
74 35
65 26
94 81
24 46
8 79
46 63
53 21
76 93
9 75
60 46
38 92
70 13
81 45
85 89
26 92
8 2
34 77
96 0
19 47
49 39
32 28
16 15
80 81
76 24
42 40
66 23
52 97
27 36
47 17
85 6
31 71
40 38
47 97
29 70
10 83
87 22
1 73
44 12
22 23
58 69
94 11
41 11
85 11
87 56
69 50
90 98
28 71
16 17
41 42
64 26
17 6
46 10
36 73
69 39
2 40
8 53
0 4
63 10
65 98
0 15
56 66
93 65
86 81
38 77
78 31
72 10
65 32
82 99
22 93
99 51
27 44
89 24
5 73
96 4
68 30
78 96
14 51
49 79
66 7
54 24
71 62
28 26
47 51
99 15
5 50
55 18
57 4
48 51
99 77
83 17
56 61
18 90
85 46
59 25
62 54
95 68
14 25
37 43
72 65
1 61
88 73
40 5
39 7
63 3
43 93
36 77
74 20
35 4
70 77
36 95
6 43
16 55
55 30
91 58
89 83
72 12
45 75
68 62
36 41
3 69
41 26
93 60
56 69
73 54
26 2
57 68
63 98
47 8
34 10
8 19
68 91
88 62
65 46
38 69
78 54
21 35
79 73
12 70
80 52
97 61
72 71
62 53
92 16
13 53
97 22
27 80
16 60
3 42
35 80
16 27
45 18
79 41
72 68
58 73
56 99
93 49
64 38
42 44
87 31
67 28
39 75
81 76
35 53
89 74
56 13
66 58
6 24
69 40
68 58
11 99
99 32
65 87
61 39
60 80
1 24
7 38
29 26
0 90
63 20
60 22
14 56
40 71
43 85
74 57
4 97
4 86
21 16
41 64
4 92
41 3
52 40
21 30
36 48
32 90
98 36
73 4
37 10
59 3
33 26
87 68
85 39
5 96
56 64
31 92
19 1
77 94
35 12
47 94
22 31
91 40
91 38
18 99
93 7
86 53
36 76
81 41
59 86
14 72
30 15
67 84
50 21
0 37
43 80
47 33
86 52
2 93
96 37
78 46
61 92
45 58
10 51
10 27
49 67
27 31
91 99
46 56
23 76
49 45
45 48
98 93
37 24
11 73
14 32
79 61
18 26
67 39
9 18
90 42
62 21
67 7
61 86
81 87
48 17
60 55
21 88
60 42
78 47
46 31
59 8
79 24
34 45
67 20
8 57
15 89
47 44
61 17
71 82
75 8
18 84
20 11
53 94
39 43
5 45
2 7
45 87
13 12
40 6
96 63
69 28
20 71
94 54
33 8
77 63
82 68
80 44
87 55
51 70
9 89
30 88
1 89
50 61
28 77
61 27
71 15
88 35
40 74
13 94
21 77
94 79
61 68
47 2
48 94
46 59
84 8
31 67
28 73
76 55
94 52
22 63
46 35
43 51
40 84
0 43
32 15
25 0
32 29
61 91
48 66
3 24
98 43
43 97
49 23
90 71
27 12
76 2
97 19
89 6
42 26
62 42
78 12
15 94
80 3
12 86
47 92
3 52
44 70
0 47
65 84
39 10
41 4
52 11
51 28
66 98
31 53
58 90
52 33
23 86
74 26
52 9
33 54
6 20
48 53
43 69
13 39
89 47
87 18
57 33
59 19
7 77
93 11
26 5
88 20
8 3
2 84
79 12
85 53
13 82
23 55
49 60
48 61
63 12
97 49
37 94
60 41
60 65
0 61
55 77
27 99
20 50
35 44
47 66
15 21
68 45
47 70
25 44
29 28
97 15
13 6
1 64
80 1
80 98
40 12
70 60
72 81
26 19
20 36
48 71
50 94
14 52
49 66
20 48
61 87
77 47
10 93
84 81
54 28
69 1
17 42
67 70
49 6
95 82
97 73
30 69
94 22
44 49
54 38
49 84
37 71
49 69
28 36
48 1
36 74
47 55
44 24
19 11
92 2
68 33
2 61
96 12
18 27
52 68
11 77
13 91
46 57
57 21
98 29
24 11
2 9
61 43
59 47
51 13
86 85
93 62
79 59
21 54
59 99
65 71
81 34
16 49
84 14
79 31
59 94
2 49
57 43
41 78
30 53
51 54
20 12
34 84
39 95
0 93
13 44
99 86
37 47
9 64
6 0
44 98
85 87
67 88
40 61
53 15
2 86
40 54
9 62
74 83
65 10
29 20
92 73
64 54
60 89
56 62
43 19
55 86
58 82
49 12
98 42
95 86
50 51
77 46
89 43
49 21
0 83
93 40
61 47
35 39
54 58
85 38
84 41
42 78
87 49
27 38
67 27
75 56
1 62
43 90
0 78
32 0
15 62
55 70
70 95
20 53
89 28
24 60
62 26
99 37
83 67
70 76
84 83
12 91
27 69
81 52
92 6
34 99
18 38
1 81
70 72
43 79
29 58
33 31
29 99
78 85
99 76
31 10
9 11
20 21
30 5
69 20
69 46
88 24
17 29
86 13
3 51
83 8
46 80
7 11
21 91
56 7
83 9
90 65
39 77
38 16
94 73
59 89
20 44
90 20
77 24
9 7
65 59
86 31
74 42
41 48
67 98
27 71
28 53
67 90
75 27
93 75
93 13
48 87
32 42
48 15
44 48
28 0
74 45
60 66
4 91
90 69
97 99
12 56
0 69
25 63
18 50
42 31
57 9
76 75
81 75
94 71
52 7
22 14
80 40
81 50
88 2
58 56
8 10
10 95
70 85
40 14
27 91
21 5
66 34
88 6
72 31
48 57
99 41
24 95
28 87
82 79
18 48
31 39
92 75
22 27
46 83
23 8
74 71
21 13
89 40
28 88
89 30
61 12
9 65
2 43
38 59
46 58
47 24
32 21
82 32
4 62
52 75
29 93
60 96
29 38
91 35
57 61
71 66
26 71
79 21
81 19
83 12
18 44
73 51
62 12
0 92
46 36
50 78
56 70
10 33
52 61
48 11
5 14
37 73
4 54
38 93
79 25
32 47
32 41
3 60
56 32
91 14
89 18
59 0
72 78
83 95
9 66
32 96
56 92
63 26
99 24
85 15
14 82
25 99
22 28
8 64
87 38
16 1
3 11
9 48
43 5
58 5
65 91
14 55
93 92
57 36
72 29
91 3
62 13
25 22
22 20
96 57
43 32
23 9
13 97
65 95
35 45
83 59
11 81
46 61
49 73
44 90
92 88
19 64
13 19
81 25
23 20
33 28
66 17
8 34
57 27
52 91
35 64
20 75
95 12
99 8
81 37
79 35
38 53
69 70
69 74
66 73
96 39
19 77
92 91
40 82
1 6
43 60
41 6
44 94
43 83
63 65
89 63
56 34
42 33
4 17
40 64
62 78
5 84
53 56
13 17
87 8
5 72
44 62
89 65
88 59
85 66
80 56
24 43
8 17
19 36
67 32
75 82
46 64
7 43
6 82
34 87
81 36
3 4
4 5
77 97
95 14
4 95
65 69
51 31
88 15
14 73
59 24
97 72
19 51
7 95
19 28
79 66
28 37
36 30
90 77
70 22
15 56
53 4
29 65
10 85
97 23
40 11
92 98
9 71
94 72
69 83
68 23
52 92
93 97
4 55
81 35
46 4
45 99
89 22
82 74
86 50
15 93
42 16
53 5
65 64
20 97
28 90
82 29
57 89
97 16
48 34
24 26
29 69
91 46
54 71
24 78
96 71
23 96
79 4
7 41
93 48
4 56
74 3
14 66
11 50
49 35
38 51
1 13
22 43
88 42
51 34
84 66
69 12
22 44
94 88
11 32
17 92
37 29
8 24
87 7
18 14
76 40
1 58
91 60
97 83
45 30
98 9
8 92
16 66
53 72
42 35
38 58
39 60
96 76
17 54
78 7
20 41
70 27
12 60
0 2
64 10
80 29
53 70
65 0
32 16
45 4
48 0
36 49
96 16
89 51
92 67
22 7
36 54
40 18
25 29
67 26
80 36
81 13
78 27
43 67
0 67
37 57
34 98
14 93
26 8
44 2
82 35
12 33
78 80
77 75
37 27
24 73
4 94
15 60
9 1
50 38
32 58
0 39
22 48
2 89
17 75
77 81
71 46
31 45
89 20
85 33
14 83
80 41
40 15
16 86
18 73
69 51
46 74
17 87
23 35
63 32
98 99
78 95
45 20
86 56
64 63
43 68
40 90
96 42
68 71
35 65
92 59
64 22
6 68
14 64
90 76
57 91
7 4
68 88
63 43
41 40
70 36
36 31
81 59
54 89
8 37
62 24
19 87
65 73
70 87
90 99
16 70
41 51
94 25
32 76
41 52
46 84
94 2
57 18
0 84
37 50
67 2
94 28
85 98
22 38
56 25
52 20
0 63
60 69
8 29
1 78
72 90
93 33
57 98
16 87
57 13
31 20
61 81
10 0
59 64
15 27
53 81
82 78
85 71
33 97
83 20
41 25
67 61
98 53
3 40
99 89
74 86
74 63
35 72
20 94
22 68
46 86
95 60
0 7
83 33
6 44
79 87
94 32
95 27
75 46
56 2
27 13
62 47
56 33
94 10
32 36
72 64
7 89
55 90
35 94
98 8
60 78
29 68
28 99
39 47
95 73
17 85
70 32
80 77
97 57
55 54
87 53
3 66
52 58
60 31
75 36
15 18
46 16
60 74
3 65
70 40
17 18
44 68
71 21
55 1
92 22
32 79
5 17
89 61
1 40
6 42
67 66
12 41
43 81
66 21
77 6
26 68
17 9
45 96
28 47
39 53
82 33
12 14
55 65
72 27
49 38
59 29
35 66
64 82
15 77
88 49
68 54
56 5
68 42
22 17
32 85
27 29
9 5
91 37
9 28
29 51
91 6
84 4
70 5
58 23
54 41
15 45
76 16
61 3
92 79
33 22
69 72
47 18
