100 2300
28 52
45 82
32 25
79 80
65 88
67 88
27 33
66 26
56 58
66 73
98 30
91 6
67 36
7 52
34 41
49 9
60 44
64 81
8 17
17 42
40 44
33 19
84 47
18 82
27 77
85 18
80 64
5 6
95 94
15 66
82 11
82 1
45 69
90 16
76 26
33 20
77 70
54 75
77 14
12 51
50 89
6 19
35 32
73 10
65 9
7 18
32 65
98 69
81 89
66 16
51 82
77 71
63 8
21 71
95 84
83 41
54 49
69 49
42 67
84 41
33 74
62 87
42 27
23 75
55 36
36 24
85 34
44 17
68 96
5 72
37 21
89 34
84 36
32 46
75 89
84 72
25 37
78 81
90 4
9 34
79 85
60 76
97 57
84 58
32 13
74 51
56 55
99 55
77 1
45 97
4 46
16 50
39 10
40 99
40 48
73 27
50 15
44 96
74 4
11 22
93 95
65 14
31 57
44 18
21 28
44 72
19 47
89 36
18 40
13 55
19 39
36 58
4 47
84 49
56 91
41 63
16 1
67 72
40 53
22 15
77 35
45 42
10 83
83 22
95 66
59 41
31 14
21 84
15 57
24 1
55 86
50 58
32 29
33 85
36 50
90 46
71 47
50 9
82 80
87 47
96 12
87 88
47 98
65 12
55 14
2 88
65 55
88 46
1 88
4 19
24 61
46 44
41 53
31 17
5 29
30 83
83 7
80 47
30 39
7 94
51 59
72 31
29 69
88 66
15 26
78 55
33 88
52 67
19 29
1 61
75 36
38 21
35 10
74 86
4 91
6 8
94 31
80 38
44 59
25 79
7 69
58 0
14 26
76 74
7 4
30 84
80 73
26 42
17 46
4 71
47 50
74 68
93 30
39 28
79 76
25 77
6 80
51 67
51 76
58 62
61 23
72 22
95 31
84 59
17 49
57 43
45 65
5 19
33 17
73 33
18 35
78 12
43 95
95 35
15 27
42 7
70 1
61 70
54 79
12 83
72 33
81 53
81 37
98 71
22 67
31 67
84 98
28 99
46 86
21 27
24 18
23 71
11 26
84 82
94 48
8 14
0 34
5 68
6 46
31 3
23 96
11 61
63 28
9 72
82 16
50 18
90 51
57 36
38 51
20 57
47 57
63 35
79 83
88 59
69 79
43 10
57 13
42 50
1 64
9 19
59 19
44 77
72 73
92 65
45 47
54 57
7 50
20 11
33 29
95 54
37 89
46 49
43 69
13 66
58 79
16 78
83 60
64 86
65 63
72 19
53 38
60 36
73 44
37 57
43 80
63 54
80 19
72 27
17 15
21 75
38 59
69 15
51 6
54 9
45 3
71 6
56 9
46 40
25 10
42 72
73 28
99 62
77 59
82 72
64 77
6 68
39 95
50 51
89 84
77 76
11 27
77 7
11 98
33 37
36 2
68 92
66 35
57 26
67 44
68 45
33 9
11 40
34 48
40 57
20 54
97 37
32 22
30 73
10 59
48 28
19 34
2 58
98 85
60 13
54 86
66 43
91 67
62 10
36 46
47 26
63 64
7 27
58 71
50 12
17 75
29 80
79 88
18 9
25 76
54 56
3 32
37 78
0 86
57 49
12 46
19 23
21 44
71 45
56 47
93 44
33 41
37 59
60 52
18 51
28 49
74 31
59 69
40 35
64 15
69 10
82 46
63 70
78 61
87 31
2 43
94 85
76 99
16 99
6 88
83 75
39 4
17 23
8 65
14 24
47 10
58 91
60 41
86 91
53 55
74 13
11 78
12 74
47 15
92 0
35 78
35 21
29 0
66 69
52 13
0 32
60 94
64 57
6 9
74 93
52 70
19 93
88 52
38 92
29 99
8 30
31 99
75 37
56 88
61 16
91 96
27 52
47 58
86 18
28 50
10 17
26 61
57 81
67 50
54 77
27 75
72 1
50 14
91 17
15 4
22 4
0 91
80 2
81 90
73 57
63 81
98 23
88 55
46 29
81 84
68 16
96 59
33 5
19 52
93 55
31 51
19 71
32 11
23 90
62 36
31 69
93 38
25 97
74 78
57 44
5 80
34 16
67 83
49 33
18 15
79 73
56 32
27 49
63 96
44 4
85 73
95 47
64 27
92 52
93 33
36 27
82 30
94 73
11 25
62 13
84 27
87 82
6 98
68 46
4 92
28 57
87 50
78 57
29 50
37 13
10 23
35 84
43 40
7 68
30 85
11 95
45 43
92 99
12 4
50 86
67 78
93 0
33 4
56 43
80 69
5 57
73 26
21 6
86 1
13 54
21 94
72 97
64 91
75 88
14 71
91 44
17 87
11 34
75 42
73 95
0 27
62 90
94 92
38 28
61 55
98 9
46 84
72 26
59 56
80 98
44 38
52 63
95 83
65 71
16 36
53 1
76 52
75 70
97 13
23 84
39 24
41 24
84 38
43 42
83 45
58 76
13 28
0 66
76 37
1 21
67 80
99 87
1 47
88 16
58 82
83 23
8 80
10 27
65 94
55 3
93 17
69 17
39 5
4 37
28 41
13 36
88 15
64 95
71 13
52 82
17 71
28 91
72 13
64 99
35 76
18 46
74 36
87 26
91 12
67 30
44 24
32 7
83 64
11 63
81 24
33 87
61 39
59 68
55 17
8 74
24 66
97 74
93 61
63 37
94 79
27 96
24 54
74 2
18 3
3 16
55 76
5 34
66 37
17 60
15 97
54 73
70 20
33 54
49 22
52 40
0 42
14 68
44 63
31 21
22 54
69 83
48 6
32 77
68 98
70 10
92 98
40 4
77 48
16 91
48 97
38 26
80 24
43 1
63 75
49 35
96 1
62 79
37 65
5 28
91 26
5 14
6 33
84 77
61 20
73 35
98 61
99 30
10 86
73 62
10 74
41 8
97 92
48 3
92 86
92 6
97 70
27 20
28 16
27 70
64 9
31 61
97 1
57 16
12 5
4 5
68 52
21 85
9 84
31 82
60 55
5 10
76 36
58 5
15 1
69 33
70 87
35 34
57 94
35 14
22 43
26 88
92 54
63 42
35 12
33 71
1 29
2 34
84 42
51 14
27 59
12 24
21 69
68 63
54 89
36 37
87 91
72 16
12 63
48 66
28 25
77 24
83 31
63 78
18 12
88 64
17 76
11 55
18 66
69 96
82 79
49 90
68 42
76 92
79 27
38 39
94 59
87 53
25 47
50 82
98 67
97 93
87 78
85 16
14 83
35 75
1 59
8 13
54 16
89 25
98 36
8 93
56 15
71 69
61 90
59 50
26 80
71 79
62 78
12 81
26 49
57 24
39 23
94 61
2 90
93 99
52 45
81 13
43 99
7 79
3 92
24 72
26 34
76 70
48 51
53 86
45 16
98 25
54 18
84 22
13 88
49 3
30 4
48 53
61 88
67 16
76 33
20 45
86 95
75 66
99 41
57 76
10 18
99 21
0 55
0 76
46 41
75 55
22 18
3 12
79 86
53 79
68 29
36 95
88 30
12 69
97 4
92 89
97 7
64 5
75 44
63 19
67 23
17 66
5 92
76 45
5 13
92 90
39 75
36 49
1 44
51 45
1 69
39 11
29 14
52 3
68 49
15 35
36 19
64 67
32 18
45 29
3 20
35 41
10 3
91 21
19 14
25 50
87 5
21 56
18 31
85 53
53 5
73 13
42 81
90 52
76 24
57 92
87 98
16 37
54 19
25 60
80 1
41 45
26 54
47 72
8 78
34 77
8 12
83 6
31 88
86 85
9 74
71 78
69 30
97 47
99 33
76 59
74 80
64 82
73 98
2 1
46 20
9 89
46 85
75 31
6 81
23 14
15 0
51 27
82 20
57 38
6 65
2 42
10 71
89 78
73 59
15 44
6 16
52 14
6 27
77 4
93 1
16 11
11 87
40 6
66 64
63 74
46 62
61 91
64 48
45 4
39 44
20 5
45 46
83 32
12 60
53 68
94 28
70 2
33 38
77 51
22 2
57 48
45 56
75 65
88 85
84 17
23 32
29 27
83 55
10 14
2 6
20 63
47 52
32 41
44 90
95 14
83 72
33 82
77 47
45 44
4 17
31 66
71 53
0 33
95 23
15 14
95 21
21 10
55 6
2 82
34 86
44 92
9 85
24 19
55 32
81 72
15 24
38 71
70 54
31 36
4 21
58 85
13 16
38 22
18 77
21 48
33 97
26 31
63 49
24 28
43 28
61 38
28 88
28 30
39 94
65 73
9 23
87 60
89 0
94 12
2 31
59 9
46 96
1 98
7 38
18 78
0 49
70 81
30 95
15 60
29 92
4 9
49 62
36 56
4 32
44 10
14 82
60 80
55 42
75 47
38 58
19 66
17 40
61 19
99 1
75 51
36 41
79 1
79 5
94 87
61 82
25 96
77 86
24 67
35 97
31 25
51 13
44 19
86 73
42 51
2 98
54 55
45 27
94 36
2 81
2 21
20 85
28 20
31 33
52 83
78 22
71 46
42 39
85 45
15 72
23 58
49 51
71 73
91 22
84 44
39 3
8 79
96 95
99 50
42 96
84 60
7 9
74 20
74 69
23 81
2 39
35 60
41 69
94 2
89 79
15 92
68 91
88 89
93 23
51 47
16 26
68 67
96 10
96 13
57 1
2 11
57 84
21 49
57 60
29 86
72 45
86 42
65 96
86 5
61 97
56 83
24 7
19 32
32 93
15 93
21 77
33 91
5 0
97 68
18 88
77 2
70 29
51 86
66 50
36 33
21 59
5 99
3 26
89 57
51 61
75 97
24 62
29 17
56 94
99 72
33 70
20 38
62 88
14 41
28 15
89 65
32 90
68 73
8 28
81 66
78 38
26 99
52 53
59 6
96 5
3 68
29 3
18 72
6 84
34 28
54 96
2 33
78 24
54 4
90 43
29 87
25 94
30 45
93 53
56 27
21 32
13 92
3 40
58 70
20 31
38 8
75 49
16 20
97 67
21 33
58 69
95 50
18 64
17 14
31 64
26 55
80 96
92 69
66 86
43 16
1 36
80 91
64 68
89 62
64 8
49 44
82 78
44 9
4 68
80 88
39 60
43 82
8 36
13 44
93 83
64 7
68 10
19 10
97 84
13 3
87 55
84 71
82 93
80 42
21 15
64 41
59 2
37 98
56 10
82 54
35 88
36 64
1 71
49 76
69 23
25 20
1 81
52 11
47 94
14 12
36 73
69 22
99 23
98 8
75 22
3 67
9 67
45 48
94 23
61 45
19 68
15 59
13 21
63 62
68 35
23 48
13 84
5 77
72 0
88 78
89 58
22 16
65 82
58 96
24 0
33 59
56 4
34 80
12 62
92 95
49 81
87 13
97 36
72 77
65 59
59 90
55 47
71 50
56 61
74 11
14 67
30 92
24 30
41 92
88 38
17 26
51 19
1 32
85 6
2 27
37 48
20 30
30 86
0 4
8 21
71 26
9 83
19 7
5 59
44 5
62 95
87 64
90 27
11 62
37 12
44 32
48 33
37 40
29 97
20 0
91 70
53 47
79 72
3 17
77 69
23 49
20 15
87 93
30 80
26 96
86 31
91 5
9 21
50 63
29 39
37 73
76 67
29 23
82 86
48 62
46 19
24 51
82 62
48 39
56 13
95 6
72 96
18 94
52 95
72 30
68 17
70 62
46 43
24 6
66 7
12 93
42 65
40 87
60 88
51 63
29 60
23 25
22 79
39 52
11 88
66 14
74 44
57 93
69 91
49 66
15 8
91 41
79 2
6 96
34 43
85 87
59 57
50 48
6 47
66 85
26 97
27 98
53 24
55 41
33 16
11 18
38 95
41 74
81 30
36 99
24 55
27 99
33 22
75 3
68 31
71 60
57 17
45 13
67 4
64 29
18 14
95 1
64 90
80 94
56 25
97 56
56 41
29 26
25 46
96 81
85 38
75 85
20 73
18 45
68 81
71 34
28 86
32 79
86 22
84 80
73 23
63 25
51 35
28 97
78 25
18 25
68 44
33 79
48 93
68 79
11 79
40 29
7 53
40 91
23 51
39 76
47 5
60 58
38 55
68 70
67 15
19 75
31 15
42 31
58 20
34 40
95 82
45 23
72 20
41 49
29 76
86 13
61 64
65 66
53 90
22 37
91 92
64 13
66 84
15 45
51 73
51 53
57 46
80 41
88 14
74 99
79 12
34 96
6 87
26 27
22 42
88 29
83 63
18 2
55 5
6 66
60 90
46 22
98 78
0 53
36 15
55 72
3 95
33 8
0 81
65 17
77 94
3 77
47 23
9 93
51 69
80 14
43 97
85 60
59 61
41 62
14 9
76 18
41 71
90 70
60 20
74 17
47 69
94 15
22 48
23 79
1 7
89 2
48 16
13 98
9 99
36 6
11 81
30 66
61 76
60 26
98 10
6 28
10 92
76 90
80 33
3 90
78 76
94 34
28 18
90 54
60 70
11 50
17 52
12 23
89 49
89 52
46 94
93 90
67 57
73 7
35 74
79 45
31 47
29 82
5 32
8 84
34 33
55 52
26 79
57 88
77 57
94 9
33 77
94 66
20 44
99 19
62 67
71 64
65 34
71 40
14 62
2 28
30 75
20 48
37 17
77 68
72 98
62 15
60 59
84 93
15 52
6 77
66 42
74 70
12 67
39 79
58 4
37 1
8 99
87 21
5 46
9 52
68 11
11 89
99 57
4 35
28 55
42 94
35 24
16 15
50 35
62 40
74 90
95 71
51 72
69 52
61 12
52 21
47 61
85 57
40 5
9 79
76 85
74 84
0 43
16 46
2 56
57 83
53 62
39 89
68 83
32 38
88 12
9 5
89 83
93 59
46 98
15 68
63 84
61 65
45 78
34 99
18 68
58 75
72 64
14 25
65 56
91 65
76 98
70 28
72 60
68 69
81 15
19 70
91 76
26 92
86 76
97 65
44 51
63 71
78 10
36 53
92 31
95 20
44 81
79 56
35 99
19 62
54 40
61 66
12 48
47 33
12 17
98 91
25 66
29 42
48 46
69 95
88 5
51 95
14 6
35 6
83 17
62 27
61 83
51 1
78 1
33 7
53 73
3 36
97 40
85 92
46 72
95 22
28 93
59 26
37 74
67 84
26 62
18 62
21 80
59 89
93 66
81 65
87 79
68 55
92 42
35 70
68 50
77 61
40 50
42 1
36 52
0 17
27 95
54 37
73 12
75 77
86 36
25 81
17 22
44 80
95 65
57 32
53 89
22 51
39 40
83 25
14 30
27 54
56 30
51 25
42 91
28 69
12 2
49 13
44 98
24 88
62 5
66 39
57 10
7 47
92 34
54 14
38 52
65 83
97 88
41 68
69 36
0 25
41 78
41 76
1 50
29 6
26 5
64 58
52 6
23 18
63 58
11 77
28 12
10 29
86 4
66 76
45 90
68 99
80 45
51 2
37 18
26 81
24 16
35 22
40 1
88 39
70 12
92 70
13 46
13 23
81 17
23 55
35 28
2 71
95 81
72 68
42 70
97 85
2 30
3 2
42 23
22 39
15 58
98 32
48 56
67 85
91 37
54 31
92 81
54 88
77 42
42 20
51 65
20 81
51 34
47 17
64 45
41 37
91 62
79 99
88 0
93 71
20 62
38 91
73 21
70 3
35 25
47 74
87 22
3 9
42 6
8 90
40 38
17 99
30 29
4 51
27 22
73 52
20 39
82 15
96 49
0 75
66 56
6 67
11 67
18 16
61 57
98 70
37 45
33 63
66 44
19 89
31 4
43 30
26 12
55 74
89 40
90 97
56 52
18 59
17 18
90 0
55 66
34 12
76 16
19 97
24 50
36 14
50 6
90 84
91 46
18 84
50 49
79 44
96 29
83 48
19 84
0 2
56 63
17 48
73 4
86 67
1 4
51 89
3 83
97 73
27 8
36 38
63 79
31 6
58 6
52 98
46 61
72 48
42 71
46 0
54 51
40 93
93 88
7 91
45 70
34 22
40 88
95 28
36 68
54 46
53 19
78 66
39 77
75 53
99 52
12 57
41 72
45 21
23 30
41 97
56 24
23 8
35 94
96 85
54 64
86 23
53 13
60 31
84 62
41 29
9 97
68 1
63 21
70 22
80 52
2 48
86 68
3 59
4 84
44 50
17 50
80 28
74 89
5 18
33 39
86 78
14 89
79 28
41 81
56 8
94 22
39 97
6 62
72 21
89 42
9 25
93 64
5 31
78 39
7 63
76 72
95 79
91 59
16 86
19 41
74 71
68 82
39 63
75 60
98 96
74 50
45 7
46 28
37 72
90 42
80 20
94 16
37 31
33 50
59 71
45 99
41 75
92 63
34 42
35 59
81 77
73 49
73 14
4 59
75 50
80 53
22 68
19 79
65 68
92 62
70 83
98 15
83 81
90 29
33 45
98 38
8 86
17 70
48 11
5 74
42 56
87 20
10 67
87 96
57 51
14 48
95 77
6 44
97 2
10 7
12 1
83 33
36 87
24 22
65 26
8 89
15 3
14 0
33 66
39 68
43 41
41 86
19 98
59 98
16 73
63 80
65 20
39 53
75 57
96 32
51 20
81 10
94 0
56 37
40 49
64 49
0 40
15 13
28 17
76 68
96 22
25 55
13 9
78 36
67 90
36 10
38 30
47 30
36 47
63 91
68 60
82 28
78 43
38 10
1 74
97 27
9 61
73 3
21 74
93 75
94 49
70 6
39 26
5 21
22 82
33 18
43 21
80 75
87 8
47 62
34 57
35 61
64 33
36 80
95 63
75 10
37 30
44 34
94 5
89 71
92 39
0 22
22 52
60 37
94 13
61 95
37 29
84 11
58 52
88 81
76 69
29 83
40 47
23 70
76 46
31 50
97 17
9 41
91 82
81 47
39 7
37 88
19 38
3 87
4 43
54 62
88 53
86 12
15 29
91 51
3 35
65 3
53 67
51 11
95 74
74 48
81 32
27 28
11 57
69 57
63 48
83 34
11 3
5 85
14 40
12 15
11 42
15 85
18 96
32 14
16 19
83 82
85 93
4 41
70 69
36 7
44 47
19 20
31 58
3 43
77 93
47 96
98 75
19 15
7 5
51 15
8 46
13 93
41 47
39 17
67 34
0 50
78 91
24 60
28 76
0 36
91 89
20 24
58 78
86 87
9 16
56 6
55 46
66 97
37 62
13 91
97 96
78 60
25 13
12 38
37 49
74 54
72 4
32 43
74 91
56 80
64 55
19 56
54 8
58 57
46 67
30 10
62 21
31 41
35 65
93 52
85 44
82 8
4 53
66 71
37 14
47 93
82 90
93 2
23 91
97 8
91 45
85 29
57 66
66 68
33 24
91 53
8 62
20 93
64 65
90 25
23 7
50 56
74 60
5 23
67 66
35 83
74 57
38 62
11 94
31 89
11 31
81 8
85 14
16 38
21 22
85 83
85 28
3 50
77 89
90 17
85 2
96 66
19 18
51 30
70 44
18 41
87 32
31 56
46 14
15 46
55 40
74 67
31 34
34 39
5 54
74 18
72 57
72 40
35 80
86 2
34 62
63 86
75 91
51 52
85 17
3 82
69 87
59 17
41 87
95 10
87 19
76 1
29 38
30 0
39 37
64 32
38 34
76 4
12 9
55 1
97 23
9 76
76 75
38 11
78 85
42 48
64 51
1 33
1 49
70 79
4 6
52 0
53 98
51 92
48 32
85 48
52 62
23 88
62 57
93 26
15 87
2 61
83 38
43 96
3 42
43 24
15 11
73 88
17 89
74 52
41 44
42 83
49 45
82 0
4 98
24 38
10 8
31 16
63 23
51 9
61 41
75 68
0 68
83 21
89 90
53 42
45 67
58 95
51 10
0 26
40 65
44 86
93 78
59 79
98 29
41 5
72 11
56 96
16 63
7 40
80 50
36 51
19 42
4 82
56 57
21 16
84 55
29 31
4 81
4 78
35 67
73 74
38 49
10 99
85 40
58 19
39 18
50 73
82 74
58 12
14 60
78 13
13 42
79 46
48 82
93 42
64 79
88 41
7 20
11 65
63 29
66 53
52 64
32 30
92 55
62 66
69 18
26 19
39 50
41 30
55 79
45 11
56 1
57 87
43 5
1 3
16 79
58 98
11 10
58 43
28 90
53 43
42 32
96 82
49 14
0 97
28 33
85 1
35 45
74 75
73 9
31 63
69 88
60 2
81 43
33 98
15 38
91 35
14 1
19 64
18 93
53 25
49 82
72 74
89 56
32 58
72 69
30 53
29 2
36 82
75 92
46 30
54 94
80 39
97 11
82 38
87 92
57 39
36 61
84 48
82 12
90 35
79 42
19 22
53 22
41 15
47 13
67 18
2 24
77 88
33 90
75 15
13 24
72 94
59 97
48 96
58 80
89 23
37 67
