100 2100
79 42
88 93
67 58
79 60
44 6
11 70
3 38
75 71
31 6
51 13
22 19
35 17
45 6
61 82
31 14
68 62
18 68
75 89
77 48
6 66
98 58
48 67
39 57
11 59
9 63
28 68
97 45
99 76
33 19
83 53
62 11
5 28
73 23
65 63
36 77
48 33
18 21
83 19
24 9
8 0
82 57
78 71
0 55
97 32
64 82
76 86
24 48
30 88
79 30
18 99
44 11
31 49
77 34
22 14
63 53
77 51
2 77
77 99
31 94
21 0
25 77
86 94
83 95
6 77
53 32
16 36
48 4
95 79
89 18
30 18
89 69
42 10
26 81
90 73
19 38
79 15
15 59
50 16
84 43
30 15
6 99
93 71
57 66
71 33
69 40
97 73
77 18
79 34
60 71
41 86
45 19
37 21
77 89
55 10
64 6
43 16
27 76
72 93
24 80
92 42
39 95
53 17
30 40
94 4
41 48
79 67
15 49
68 5
76 67
74 37
14 77
23 30
27 71
70 12
1 46
86 31
1 9
81 69
13 32
53 78
84 44
58 5
84 22
8 91
24 57
20 65
44 99
5 39
73 2
15 37
29 64
1 38
45 76
52 62
26 89
51 92
7 48
20 37
7 83
41 3
93 66
16 73
16 77
31 3
59 17
5 17
16 42
73 7
6 89
97 44
44 37
97 56
87 46
77 59
5 79
82 7
81 45
13 23
29 20
95 87
91 82
76 21
50 56
0 37
11 76
55 52
53 45
25 33
95 0
36 18
72 70
65 86
98 70
36 21
52 65
87 14
75 99
68 91
92 34
52 5
13 77
29 54
37 51
52 32
57 9
34 2
48 18
0 84
56 76
52 31
65 59
54 4
6 79
66 87
7 16
96 32
93 70
88 85
5 10
78 22
74 59
75 60
16 80
40 20
45 83
41 67
66 49
76 95
38 5
89 72
88 60
29 39
39 37
72 48
17 92
75 95
61 65
42 17
15 48
24 82
6 70
37 23
20 44
54 88
6 18
45 30
72 92
65 49
64 69
93 81
98 43
48 74
83 44
29 31
85 86
49 17
11 8
8 83
82 31
1 18
65 56
77 38
50 23
46 38
4 93
26 54
61 54
9 65
61 7
55 7
91 92
90 3
28 35
38 43
4 28
22 55
62 86
91 49
44 64
47 98
13 9
54 28
89 57
76 50
69 4
88 39
77 57
61 34
11 33
95 64
63 31
98 6
0 51
99 3
84 64
60 27
39 55
96 11
76 46
92 79
79 4
33 68
98 36
69 22
89 94
90 38
1 70
12 1
1 31
37 60
19 80
6 49
17 36
57 19
69 14
50 0
95 73
95 89
53 34
88 98
38 61
28 51
61 6
94 43
48 84
68 50
50 29
40 10
34 83
33 73
10 74
16 27
34 58
84 10
41 49
20 98
76 77
79 61
85 33
12 59
50 55
43 79
75 63
38 97
12 11
40 99
73 53
25 73
81 66
87 76
39 73
85 3
60 22
96 44
80 76
54 17
25 70
92 48
87 96
78 2
76 39
97 88
98 28
83 74
65 82
38 32
80 30
8 14
75 45
40 65
97 98
1 71
76 42
99 4
10 87
40 25
5 86
5 67
67 12
88 72
4 76
44 1
14 80
35 58
24 93
34 94
92 68
34 9
59 36
13 36
66 48
78 23
0 87
60 9
44 19
6 0
19 48
93 10
57 59
91 14
67 75
13 91
53 38
34 82
85 29
57 61
88 52
85 62
7 27
57 17
45 55
3 20
18 17
28 0
89 0
84 73
95 47
17 25
38 99
92 61
48 12
85 56
88 79
38 87
8 51
79 89
68 31
15 72
63 32
71 48
11 10
43 58
94 73
15 35
93 8
60 23
75 46
40 22
18 19
51 35
93 62
22 41
9 85
31 17
95 44
65 94
80 8
37 45
82 72
66 70
76 62
79 68
63 55
51 18
49 64
88 46
65 29
94 95
50 96
51 4
19 0
3 33
90 0
34 69
32 4
78 42
77 49
4 98
35 96
85 79
63 38
24 18
53 66
63 42
37 58
35 93
86 37
43 8
6 4
71 67
84 11
35 70
31 16
45 22
43 96
41 56
20 70
2 21
80 57
53 91
12 22
26 21
82 52
59 84
93 20
18 15
6 67
42 77
75 0
53 56
61 75
1 48
68 59
58 48
15 31
67 37
48 63
24 88
52 22
88 45
6 16
62 1
0 45
71 66
16 54
29 92
1 34
50 40
26 85
4 83
28 87
90 28
16 28
68 75
96 82
9 17
77 56
69 52
71 72
42 19
17 37
55 6
53 20
68 57
4 43
35 94
51 23
46 80
21 84
74 32
31 50
51 44
90 71
47 52
76 66
39 74
1 8
55 46
95 43
53 31
44 79
76 17
24 49
72 56
14 37
91 97
34 63
20 34
32 73
25 83
64 46
9 66
67 98
89 32
78 51
59 71
93 12
12 37
54 10
66 55
39 18
21 60
55 98
48 93
7 33
64 23
2 40
59 78
59 44
95 67
16 66
89 74
26 33
54 33
10 69
75 84
7 41
93 82
92 1
38 16
29 94
63 5
33 15
54 56
95 99
77 65
92 77
11 88
89 76
62 55
53 18
95 65
36 26
50 37
47 72
93 53
7 17
97 28
21 70
66 4
89 11
8 75
27 2
98 61
69 85
32 66
92 87
20 49
15 54
30 68
91 83
24 55
90 76
92 47
95 60
88 32
91 15
3 53
72 77
23 97
3 95
6 24
24 51
58 78
16 23
60 36
29 3
13 52
97 93
39 30
98 24
12 91
72 58
67 22
93 83
82 55
51 74
52 1
62 42
58 64
10 83
67 18
55 42
61 80
61 91
43 55
19 15
65 45
24 34
38 57
22 61
45 82
3 80
20 55
31 33
51 52
8 22
26 19
23 26
80 91
17 38
94 38
67 30
80 68
85 49
97 60
92 5
62 13
10 57
76 28
28 78
56 38
85 54
17 47
24 4
9 18
37 89
69 21
55 29
18 63
12 60
73 43
57 1
22 94
95 12
32 0
53 22
65 32
27 15
43 22
88 17
74 1
73 24
18 38
3 23
30 42
34 60
31 0
20 43
18 97
81 20
30 19
29 46
78 0
90 58
86 19
75 5
63 67
26 67
22 88
20 69
16 47
38 71
3 16
44 78
82 1
70 68
44 16
78 62
44 50
79 96
52 38
93 78
6 1
92 98
49 14
84 27
81 61
86 44
51 17
80 45
91 66
71 81
85 27
18 85
73 86
36 65
40 15
48 29
13 73
33 83
96 31
8 99
6 80
74 35
14 44
12 41
89 92
37 57
56 73
89 56
42 73
37 93
37 9
45 50
83 5
40 74
42 43
47 24
24 46
3 5
87 58
96 85
18 28
73 49
68 44
25 3
79 58
87 25
41 75
33 99
90 46
72 90
61 62
46 92
45 21
85 89
54 60
28 95
25 46
12 62
79 57
36 41
42 58
15 8
50 79
36 99
50 61
35 27
53 35
12 18
54 31
6 88
35 45
50 77
82 74
17 95
15 11
27 69
24 94
3 36
39 43
75 10
96 52
23 93
74 97
74 73
5 64
3 98
37 4
74 30
97 86
79 35
21 8
1 32
56 29
83 80
20 48
30 36
11 9
93 46
87 59
87 13
7 56
49 88
47 31
15 57
1 73
72 16
90 20
23 96
33 34
49 5
22 39
20 71
75 15
41 97
56 22
97 19
70 69
80 95
34 66
67 25
59 85
68 26
39 21
47 85
98 52
96 69
2 66
71 69
90 16
52 67
16 22
66 75
56 88
73 20
68 46
4 27
84 16
41 77
62 15
96 62
20 4
90 84
99 98
12 74
51 88
76 82
42 61
59 19
25 8
11 27
49 87
81 25
57 49
94 59
52 17
3 12
71 18
87 48
97 55
26 90
49 79
35 16
75 92
5 25
65 60
65 21
29 73
76 44
68 35
23 49
52 87
18 87
60 6
77 68
21 29
35 64
46 5
61 24
43 45
59 45
54 64
15 65
62 47
56 51
66 68
3 78
88 27
65 66
92 24
84 31
58 32
10 64
34 70
48 73
56 67
38 55
86 50
42 90
43 74
43 76
74 15
21 73
37 27
7 44
39 28
94 90
88 18
90 15
81 17
29 0
20 62
65 79
33 2
83 57
37 99
53 89
64 7
77 1
10 99
5 91
33 6
54 21
9 35
8 82
98 93
21 27
74 41
1 22
47 75
3 48
21 31
2 74
9 22
8 63
52 29
10 6
64 66
14 64
91 33
5 34
35 83
72 84
46 27
95 31
21 98
81 19
77 79
85 39
66 94
99 90
14 17
13 1
92 41
33 14
83 18
97 59
19 46
99 79
76 94
79 47
52 2
48 96
63 6
29 24
28 85
17 78
93 52
2 51
99 59
24 83
53 30
5 56
47 46
70 51
64 98
99 31
47 51
40 88
24 84
36 29
75 32
48 13
99 62
5 21
37 68
82 26
40 54
59 24
79 31
47 45
50 39
78 72
26 94
3 44
27 0
43 63
59 10
90 55
27 81
91 87
39 4
65 46
26 95
21 42
89 2
21 96
95 8
66 84
8 58
75 39
69 0
87 30
71 21
7 4
27 39
85 60
29 37
99 14
7 29
38 4
30 64
16 67
71 34
4 25
9 50
21 20
88 76
47 66
29 45
68 2
5 88
35 22
1 7
45 61
2 23
16 17
20 39
23 90
12 71
9 41
6 65
90 47
94 56
49 26
78 9
58 49
76 23
50 15
41 18
93 47
62 5
34 56
71 5
11 51
4 74
85 7
84 91
78 40
95 36
21 94
25 56
69 44
90 87
69 99
41 58
73 12
96 98
37 3
28 66
27 82
63 62
18 55
19 99
40 84
11 29
27 61
40 14
76 91
27 55
55 37
38 75
28 56
61 51
3 76
1 20
39 41
7 74
80 54
67 20
51 53
87 26
26 45
96 10
3 4
94 10
18 94
81 15
26 59
66 96
45 48
85 10
47 9
0 49
88 84
29 71
6 46
77 86
32 45
25 86
37 70
75 74
21 50
58 1
83 12
63 25
69 1
26 97
13 45
27 74
10 66
35 84
27 56
48 21
52 42
84 45
4 42
82 53
89 71
11 13
23 79
87 62
98 5
0 83
12 75
20 17
65 58
9 71
79 90
97 37
50 94
19 43
33 28
54 94
13 25
39 14
80 79
42 45
47 78
56 42
72 24
91 7
60 72
3 30
8 78
75 72
41 27
46 79
77 88
83 48
94 63
71 36
12 58
55 53
60 5
28 49
68 78
13 41
64 63
13 81
43 82
4 59
78 34
10 89
2 56
69 78
28 80
99 42
22 4
92 6
69 56
29 33
0 77
75 18
72 79
0 23
1 21
94 7
27 49
91 20
35 29
26 31
56 98
34 45
84 47
72 65
63 56
15 80
27 64
80 48
49 25
43 24
41 37
88 61
93 30
49 98
72 99
66 63
43 89
91 26
19 3
90 27
97 94
14 75
94 96
52 94
88 68
40 18
93 14
62 88
18 56
9 87
92 73
59 73
28 83
48 31
92 58
0 57
95 88
61 87
7 71
27 78
70 0
35 23
93 58
78 1
32 24
22 98
10 81
58 10
88 37
12 44
8 42
98 60
47 44
50 22
1 50
57 53
87 12
6 78
87 39
80 41
67 61
81 74
11 28
42 27
12 15
65 81
41 20
21 49
11 5
11 95
24 64
77 32
22 17
16 86
3 49
45 2
97 35
25 68
49 97
20 59
84 53
11 58
69 33
11 41
57 69
15 34
58 80
67 68
33 98
44 65
18 46
12 49
37 63
71 45
76 16
96 51
30 65
20 12
54 38
48 64
57 22
43 77
98 12
61 46
11 39
20 27
44 92
63 1
54 81
95 86
57 18
84 82
69 12
49 38
66 69
76 48
67 17
10 37
5 97
31 32
64 36
68 11
36 82
33 17
12 17
20 30
16 40
18 95
38 40
49 1
0 1
68 55
96 15
0 44
69 45
52 8
57 46
37 66
83 89
47 2
51 84
47 50
31 91
62 31
25 35
14 54
43 97
14 60
21 22
92 70
57 23
91 52
5 2
9 99
28 24
56 30
51 33
38 6
12 16
53 86
40 82
75 62
68 93
49 9
92 2
70 36
70 46
42 41
87 24
99 83
55 96
63 89
5 23
86 72
78 87
74 67
2 22
56 96
4 41
41 90
64 37
68 49
99 26
55 78
41 30
64 90
84 95
87 11
68 9
19 69
85 44
57 44
33 40
5 69
7 46
89 27
17 91
58 74
43 91
67 49
40 60
35 36
58 82
73 99
34 42
56 33
4 26
78 89
3 45
83 71
79 73
54 62
87 19
82 83
80 50
22 6
66 43
40 73
31 67
2 24
41 23
44 31
53 19
61 94
66 95
94 92
14 15
21 4
79 33
33 42
16 19
83 32
8 55
87 31
30 84
99 91
77 75
71 85
69 42
55 17
15 23
26 15
44 38
1 40
57 84
4 88
32 30
17 82
83 31
10 77
46 28
25 82
55 21
73 27
81 50
72 45
9 42
91 32
87 40
13 8
8 39
77 60
63 52
65 17
91 63
19 88
24 75
96 76
26 37
28 93
4 40
82 38
19 17
14 26
50 49
99 0
14 2
55 11
57 7
4 8
47 56
35 2
53 54
32 78
93 89
43 46
13 2
20 61
22 29
85 24
46 2
86 90
13 67
29 42
45 92
13 39
73 93
19 36
32 61
80 9
9 38
70 15
47 94
2 88
51 90
25 0
14 46
21 62
72 41
85 91
26 25
50 25
73 68
0 22
4 73
15 86
75 37
71 14
64 18
61 1
87 70
14 85
75 85
53 40
90 82
86 42
3 79
53 72
44 35
98 69
16 46
9 84
60 93
21 92
24 15
91 36
91 93
9 14
15 32
15 47
94 98
19 85
38 66
67 40
34 18
72 94
39 45
98 40
47 88
94 99
14 29
63 60
69 63
51 79
68 96
50 92
3 73
72 81
78 57
17 61
2 39
42 87
90 6
16 87
12 96
19 91
68 86
1 45
92 19
69 59
60 73
53 43
29 17
63 81
10 78
69 50
56 52
12 52
91 37
7 39
51 71
74 87
53 65
25 59
89 87
70 65
6 95
67 91
11 45
34 43
53 2
44 29
6 74
26 92
21 16
19 55
7 3
35 55
76 20
53 24
68 53
72 20
14 32
85 57
92 4
61 97
40 17
86 56
71 56
51 34
3 56
5 76
84 81
99 24
3 96
85 87
87 73
64 25
23 54
51 97
52 85
4 77
83 75
34 39
93 29
97 12
91 28
85 35
44 27
16 45
41 73
2 32
14 0
97 53
11 69
84 1
70 24
10 95
52 76
88 12
44 62
39 84
59 0
54 69
81 76
75 51
30 86
96 37
76 47
28 40
88 80
68 76
47 71
7 81
0 85
94 58
36 46
30 58
76 6
5 55
66 74
47 77
48 70
42 75
48 47
79 69
15 78
88 20
7 93
72 32
99 16
44 39
70 50
91 65
9 61
66 1
68 97
41 40
16 88
38 58
18 42
82 81
99 86
22 97
47 28
62 64
26 57
98 90
58 4
44 61
42 24
25 53
4 86
0 7
47 69
81 94
36 67
73 9
75 7
44 32
46 85
54 27
1 55
36 1
14 35
21 81
1 33
45 17
64 79
21 19
80 43
37 32
88 75
49 39
18 65
85 73
84 29
22 31
13 78
79 63
66 99
14 74
0 93
82 41
64 21
27 5
85 78
67 34
13 33
55 54
90 80
74 98
63 22
53 11
36 6
94 64
93 41
13 43
65 10
89 58
89 21
75 76
0 3
61 55
86 17
94 37
19 66
67 42
80 51
75 48
15 29
24 65
8 90
0 41
39 16
86 6
57 74
55 34
75 53
45 7
83 78
54 13
19 12
62 8
12 25
61 12
26 50
37 83
84 93
74 46
29 43
36 89
9 44
44 45
97 34
10 16
43 54
14 42
26 34
34 57
46 78
37 7
0 63
29 30
26 35
86 2
96 39
46 9
31 73
24 22
43 83
25 58
14 96
24 68
91 9
27 3
47 96
42 51
71 35
1 72
79 94
83 26
35 69
92 15
91 10
82 5
72 80
54 59
43 28
38 20
51 14
83 9
46 63
87 6
39 69
65 83
12 63
9 55
60 89
6 73
49 44
18 78
30 50
17 84
5 51
24 52
48 22
71 77
8 10
72 17
84 85
23 91
59 80
68 72
80 4
21 99
22 85
22 27
60 35
36 85
82 63
81 35
25 20
69 77
80 36
34 12
14 4
85 37
45 49
8 7
83 62
72 96
50 41
62 41
9 8
95 30
52 33
60 38
17 48
80 56
96 27
56 45
50 74
33 80
3 8
64 4
86 34
82 21
82 42
82 79
86 70
28 75
21 90
98 31
53 67
50 57
26 41
39 32
50 91
94 88
16 93
58 3
33 50
44 89
31 64
63 97
18 43
24 17
16 37
90 60
40 37
99 97
77 27
87 7
89 28
26 76
63 61
44 75
8 96
47 38
53 88
12 64
15 76
28 21
2 61
72 39
9 81
12 68
66 77
28 36
80 40
73 35
29 32
89 22
98 84
31 65
26 61
68 48
7 90
14 18
14 7
19 6
89 4
44 25
27 18
39 97
83 98
34 64
81 5
65 64
76 29
49 70
80 34
15 82
67 54
14 79
41 66
39 15
69 51
63 71
63 88
69 91
99 96
63 59
72 55
10 60
8 44
89 65
76 93
16 41
34 96
75 16
86 83
49 18
27 93
19 40
35 89
30 82
29 95
76 84
0 76
5 19
49 62
74 21
76 69
51 19
63 33
49 32
17 6
72 30
54 96
31 70
43 71
28 19
64 59
6 51
23 31
74 79
54 82
35 57
39 78
41 10
97 1
4 71
47 82
14 98
62 0
72 64
35 18
39 93
15 88
56 59
49 95
28 48
67 38
70 43
6 69
43 17
79 19
60 47
28 20
34 95
89 34
47 18
4 17
94 75
92 23
18 44
76 61
42 95
60 26
39 36
65 75
67 59
10 3
38 31
12 0
95 2
13 19
0 24
43 61
85 81
94 11
30 26
5 42
15 60
29 18
35 47
12 43
28 65
47 30
35 43
13 58
25 11
88 73
63 20
6 8
94 3
27 48
8 65
93 79
56 46
57 73
61 15
5 29
91 16
60 11
86 92
17 62
8 31
18 74
18 3
97 8
38 7
81 80
33 23
52 95
51 27
0 54
25 57
78 11
39 82
84 25
80 98
47 91
22 5
94 82
57 87
29 82
91 98
21 95
3 47
51 25
18 69
31 60
7 86
38 14
43 6
89 20
98 65
64 75
54 66
2 98
18 10
93 18
41 15
59 66
23 1
94 57
5 18
58 7
88 59
77 5
2 17
32 27
52 92
