950 800
468 739
495 217
342 636
31 265
60 136
282 762
385 668
320 696
664 832
471 364
664 286
121 279
198 874
150 629
153 191
577 121
923 835
894 262
743 588
57 377
237 29
36 277
309 602
816 612
237 897
860 929
117 98
451 37
50 378
426 595
544 695
237 335
329 931
507 611
463 685
716 380
30 420
12 684
849 821
738 875
78 269
13 828
682 127
161 755
918 18
457 213
909 949
749 747
42 422
60 242
216 614
351 54
345 224
547 54
636 33
779 756
470 550
234 28
940 386
747 217
156 603
607 822
183 239
304 318
649 492
422 18
245 24
243 719
780 97
7 288
265 259
668 403
656 502
470 354
309 259
654 541
707 2
25 586
133 871
40 718
384 295
804 899
588 400
698 759
540 422
539 695
353 121
576 471
69 821
189 683
190 260
849 724
519 341
99 920
914 868
18 129
585 58
674 126
541 464
789 649
346 190
853 478
856 754
248 832
557 531
565 744
937 108
826 133
903 276
33 860
103 600
264 409
618 37
574 346
349 187
431 827
497 829
328 29
927 651
590 600
508 134
828 851
226 290
759 218
155 545
693 220
709 6
514 776
739 57
147 834
895 98
821 275
293 362
288 651
112 365
698 436
858 616
166 544
306 702
759 836
49 534
478 444
834 381
859 409
499 321
224 841
107 152
683 660
252 152
417 696
33 842
931 645
255 839
637 789
85 464
74 669
880 115
894 232
821 232
814 871
772 290
936 45
842 765
356 737
840 386
565 793
645 98
471 923
406 706
90 713
532 330
147 783
520 875
767 506
497 816
276 500
96 898
49 917
826 822
924 87
664 581
582 865
108 309
785 162
512 736
518 375
192 312
548 731
905 56
485 516
310 294
236 133
442 852
375 139
353 426
306 189
490 765
348 166
940 837
781 289
331 281
299 594
55 378
454 621
299 697
136 936
304 233
618 844
530 767
882 752
321 633
436 927
766 182
42 222
207 18
505 553
240 506
574 386
623 123
945 431
680 921
739 423
135 722
420 879
226 552
305 920
749 822
747 776
566 565
11 754
472 96
723 580
319 327
674 483
928 189
789 441
99 768
580 596
762 559
612 242
644 423
472 848
590 602
618 747
781 387
948 884
846 310
945 117
784 911
357 328
949 665
481 846
86 711
586 118
686 268
27 756
452 549
457 699
523 829
37 608
526 341
337 122
462 423
763 776
193 232
671 343
752 365
346 438
824 774
600 542
301 277
620 759
84 806
297 925
451 623
103 85
589 724
149 9
771 264
353 651
145 192
830 469
937 616
443 874
945 792
515 198
169 5
446 705
155 792
430 904
314 370
575 726
175 387
303 423
495 188
17 942
450 377
458 559
258 718
873 811
847 637
830 781
285 728
876 174
331 253
74 616
941 182
484 848
783 155
377 566
272 833
322 6
371 824
878 88
209 669
27 352
919 15
842 227
455 888
276 830
792 376
687 665
14 904
382 892
135 596
274 564
921 818
148 135
106 777
319 634
140 662
613 939
429 743
833 158
274 96
355 853
918 444
854 404
282 840
713 268
145 206
9 50
117 572
141 383
575 428
329 480
948 554
788 104
620 468
433 554
723 502
774 205
169 621
65 394
486 38
790 500
538 469
455 112
731 394
189 774
645 130
786 674
673 274
468 645
275 887
839 69
932 822
181 180
196 442
616 671
707 651
937 755
358 121
212 367
11 914
319 101
5 404
890 183
233 748
183 682
507 218
518 290
807 737
934 308
376 841
613 341
157 231
348 779
652 724
879 769
669 944
660 67
494 925
78 505
174 401
644 345
302 923
350 786
840 532
756 661
932 229
490 401
720 785
115 555
93 787
11 497
252 314
270 678
381 620
571 159
617 209
409 851
828 585
555 784
114 541
202 344
137 387
142 609
134 785
801 158
482 424
692 547
887 412
446 172
792 96
827 776
132 879
511 445
585 7
672 507
805 511
301 886
692 777
784 36
172 333
85 471
309 5
677 835
409 842
940 658
299 370
232 402
888 471
10 842
127 380
685 870
587 1
382 820
125 526
270 831
733 494
3 237
373 877
802 870
612 161
268 442
750 230
782 690
8 903
168 238
349 705
111 760
555 813
296 792
261 0
17 153
567 811
300 942
201 485
357 262
243 255
197 25
102 546
137 118
424 726
831 113
760 565
606 466
85 890
341 634
711 724
185 750
130 880
838 54
178 315
940 507
627 104
913 654
832 807
639 38
505 647
636 628
269 149
417 659
839 705
778 20
77 71
101 655
870 231
841 466
8 407
579 360
793 331
826 447
550 899
925 934
551 335
136 388
241 128
389 821
663 942
394 808
701 745
637 580
249 685
865 930
687 908
306 719
224 76
404 689
505 625
727 431
543 891
872 825
655 706
780 849
127 430
457 509
610 44
292 213
459 192
150 25
148 435
729 26
880 683
306 291
103 890
707 590
942 526
945 604
713 932
798 924
247 594
541 887
211 700
209 895
818 625
949 507
338 38
316 513
25 54
231 262
7 343
422 792
466 105
779 9
46 75
234 609
441 504
165 722
322 872
450 242
702 241
325 603
324 512
791 499
428 701
8 835
287 808
76 62
675 670
808 541
604 444
927 462
786 36
283 409
128 531
548 526
939 772
422 137
252 618
758 248
625 576
143 820
872 255
683 608
134 541
467 226
791 9
362 519
779 691
485 425
275 133
53 655
593 634
895 577
213 943
539 455
801 476
364 865
923 747
301 648
21 731
50 923
871 578
214 841
688 410
100 801
856 818
680 343
354 305
840 479
70 775
428 155
453 516
59 337
239 776
295 95
67 502
900 21
96 116
143 409
109 747
109 482
546 199
118 625
467 528
116 752
942 676
611 515
249 626
327 537
394 375
293 9
396 121
471 732
697 654
498 195
122 140
823 13
350 849
661 168
647 71
343 571
511 942
949 319
178 42
614 840
577 27
67 158
309 557
851 169
353 125
501 688
37 32
445 807
684 723
831 683
504 316
339 61
778 839
415 220
356 118
642 448
524 317
138 796
438 327
191 873
240 553
782 295
602 360
53 622
621 648
758 772
353 877
718 375
619 389
506 683
469 548
829 174
329 152
49 126
572 736
503 33
629 168
890 227
694 316
479 91
40 399
801 22
284 827
916 493
759 258
370 452
598 901
659 81
422 716
393 472
691 131
332 595
701 693
671 755
253 210
535 618
49 528
336 654
575 626
568 562
61 353
187 13
119 822
886 158
769 434
220 895
784 123
217 242
269 346
593 644
930 320
210 788
811 323
543 393
693 483
637 762
509 870
485 342
81 457
758 507
208 887
10 651
182 806
316 450
126 263
509 473
232 435
216 663
429 846
8 918
156 133
745 601
719 612
444 497
26 196
637 184
907 667
843 754
754 281
411 633
674 560
901 803
680 276
827 73
638 565
851 429
98 414
383 855
634 803
808 53
868 347
432 739
902 102
428 156
615 325
510 107
881 931
648 714
59 616
906 43
628 494
90 688
24 295
838 427
481 145
870 457
140 5
605 344
295 662
930 613
568 267
473 597
369 590
744 619
700 759
295 456
273 680
0 279
859 33
108 507
512 873
433 813
607 360
368 248
425 147
43 708
947 834
252 899
898 174
8 904
49 926
765 466
