600 800
440 530
27 69
277 323
402 331
261 52
383 514
523 544
391 225
433 143
52 499
53 594
110 71
207 463
96 146
248 8
143 372
458 391
51 558
461 322
51 406
470 446
363 270
567 160
279 105
574 53
41 417
115 522
376 556
516 519
514 163
41 255
50 269
267 528
545 405
19 291
520 194
543 157
152 400
562 307
89 210
504 437
525 217
100 461
385 44
522 265
107 156
383 471
272 110
461 199
36 493
266 347
461 37
256 485
458 270
281 95
43 547
544 531
562 225
237 265
253 85
315 423
530 352
532 260
320 507
97 189
168 400
465 20
336 267
528 407
410 271
504 585
147 492
145 235
594 568
259 554
256 150
313 257
181 141
576 487
340 449
474 93
592 195
275 276
341 263
271 515
437 597
13 534
388 81
461 11
598 250
544 556
524 529
365 432
291 118
396 441
434 490
136 586
43 88
498 149
82 595
58 274
497 439
142 91
68 480
242 577
227 35
412 112
304 376
457 370
245 311
5 174
119 263
188 214
34 141
319 208
8 482
437 438
170 460
52 126
9 262
350 149
347 158
119 303
577 217
205 538
34 417
228 563
510 225
55 200
93 244
433 7
201 228
159 270
543 516
270 249
389 13
259 150
112 497
565 200
452 568
247 569
313 511
110 361
262 20
161 388
132 7
134 556
222 274
590 143
499 81
201 527
524 247
242 279
168 158
551 59
274 193
587 294
328 207
599 561
587 21
149 423
467 16
285 219
532 312
28 73
316 498
129 563
199 121
27 263
208 294
458 31
439 206
110 9
262 251
175 532
363 267
271 374
426 301
242 281
211 200
5 518
158 402
231 325
356 309
390 527
47 82
589 556
573 238
326 144
198 573
232 335
6 288
489 126
479 235
24 424
105 470
102 352
337 426
194 387
547 568
532 464
539 367
286 228
341 427
32 156
158 227
454 125
250 137
5 464
594 534
355 130
73 489
322 284
526 108
168 348
4 157
27 502
408 329
97 45
126 234
555 574
267 502
81 191
54 411
140 475
33 40
303 108
25 230
502 250
49 525
148 360
0 290
319 384
465 566
457 211
379 70
484 114
594 18
519 269
46 172
416 405
368 320
428 109
514 251
104 357
237 66
4 451
499 358
288 299
321 543
593 57
550 517
256 343
32 228
196 325
16 408
284 65
198 100
184 594
557 591
18 511
30 580
218 203
191 540
206 279
255 242
301 440
472 7
50 483
407 152
390 139
416 398
102 280
174 31
506 543
305 535
192 388
568 143
412 301
27 415
233 590
201 55
492 528
85 275
443 38
448 531
254 173
141 149
521 138
3 95
186 43
516 599
290 260
542 543
54 425
580 138
38 194
286 568
226 270
530 452
294 455
251 208
504 431
453 192
397 476
11 143
294 37
38 237
222 527
409 128
527 157
14 335
422 92
203 78
91 533
177 539
537 2
454 379
544 286
242 439
240 531
29 490
102 199
487 83
523 46
168 26
318 248
490 371
575 361
238 17
410 285
52 277
133 562
543 481
488 436
547 571
310 234
207 4
90 304
403 565
464 236
510 106
512 296
370 471
17 258
209 145
408 203
78 271
232 304
499 416
111 179
330 439
155 289
325 431
111 533
430 36
104 134
26 277
568 377
119 431
595 509
13 561
452 420
50 148
397 249
73 182
198 29
506 134
319 63
476 550
414 506
324 435
429 249
428 160
231 544
338 516
178 277
528 527
120 117
267 73
371 273
29 182
592 416
39 197
532 542
367 333
145 131
161 62
472 51
350 578
285 529
505 562
371 330
88 303
137 474
274 572
190 575
555 337
550 188
333 228
344 152
343 0
39 250
103 14
427 196
324 411
215 45
476 402
20 265
367 321
187 337
247 276
525 520
514 322
426 533
56 288
358 434
567 445
177 79
524 574
426 262
35 436
163 124
477 438
322 174
291 84
310 583
92 37
446 367
180 549
222 311
307 436
441 39
263 87
286 427
157 168
370 513
333 165
446 463
200 556
248 476
523 374
536 99
318 332
79 57
391 232
544 98
359 226
549 543
178 185
83 213
503 9
368 375
111 60
233 114
560 155
199 79
551 478
61 596
167 268
6 222
104 66
274 154
293 195
49 223
100 83
7 420
513 355
555 440
154 434
143 523
183 387
99 140
301 341
231 198
63 470
502 10
455 376
427 430
202 520
479 404
17 353
125 315
553 512
340 20
45 257
4 409
359 332
18 494
61 11
357 216
331 512
356 168
399 415
159 500
580 139
240 255
112 345
375 382
322 161
214 176
257 461
230 396
545 426
501 99
117 55
493 136
239 122
147 110
45 150
65 559
524 131
37 464
30 114
38 546
44 410
65 438
275 481
19 261
54 359
442 534
128 189
428 6
533 442
335 578
99 450
375 189
537 407
125 172
242 540
464 511
200 265
40 271
129 229
290 541
329 49
258 57
442 200
569 97
300 187
144 283
357 162
363 373
469 542
442 184
205 489
157 239
279 479
3 193
413 185
169 92
365 599
120 525
361 190
360 141
598 591
334 570
52 44
252 539
565 107
573 479
597 456
236 41
116 220
192 489
70 225
593 440
86 311
80 432
393 10
32 426
329 551
328 436
70 428
15 545
7 570
590 435
216 402
483 490
561 309
39 167
496 48
505 414
344 381
132 4
394 327
494 142
305 227
87 115
340 192
436 361
298 293
382 163
174 267
219 165
504 111
488 140
12 172
557 403
341 464
565 355
208 421
119 403
194 234
76 93
142 83
328 124
554 405
394 469
180 103
185 151
428 465
396 319
14 100
49 93
89 67
45 555
83 190
71 550
201 102
126 5
288 327
272 212
171 6
377 102
416 413
87 65
529 305
318 379
367 368
227 77
395 111
523 109
27 48
237 468
139 313
115 95
274 370
95 151
368 545
444 2
227 310
95 418
194 122
570 548
62 26
553 326
374 211
3 569
237 16
444 112
105 201
461 374
467 145
140 283
321 339
366 203
206 63
253 106
209 316
486 548
402 570
511 13
11 196
468 369
526 575
147 398
433 402
444 333
150 208
552 196
495 335
200 594
215 82
453 364
97 227
575 286
579 419
30 26
350 592
257 279
220 228
314 251
560 183
95 563
245 41
557 495
599 85
256 77
229 507
117 587
291 569
151 294
164 394
382 332
97 244
463 592
264 109
490 455
325 160
469 577
268 221
329 492
514 231
428 561
432 499
107 245
279 101
526 17
1 179
129 594
483 158
261 482
290 86
495 384
51 502
12 135
460 251
183 299
79 421
486 437
320 531
198 438
27 159
14 118
25 529
174 85
243 126
410 123
438 232
355 238
98 507
241 250
409 585
431 472
467 117
144 13
357 251
159 579
315 358
550 309
568 203
334 82
163 340
243 275
529 481
354 79
422 155
55 489
480 44
458 544
137 244
580 507
297 179
373 120
188 123
245 338
399 430
523 252
359 288
435 211
282 293
185 302
556 518
502 48
311 507
299 138
190 553
377 23
391 50
468 155
12 281
293 419
70 577
579 284
441 46
532 150
110 330
538 475
588 529
177 251
172 468
390 574
526 417
292 306
109 68
122 78
156 188
420 580
169 282
556 571
270 327
427 363
92 227
184 518
166 125
457 68
173 22
185 309
563 415
