850 800
806 321
148 563
629 661
354 423
758 641
585 647
645 503
77 140
243 130
810 544
842 759
469 303
101 490
357 69
151 264
390 49
187 775
559 235
500 460
23 430
476 584
56 445
578 347
306 544
719 774
456 770
623 758
260 474
142 446
347 609
437 161
833 455
44 416
105 647
595 362
713 734
761 196
402 533
547 524
797 754
657 505
605 678
204 404
622 461
776 272
286 176
646 780
417 574
286 25
115 21
134 502
7 518
3 508
381 842
164 802
649 604
556 286
304 590
789 422
559 605
838 63
737 376
690 391
390 795
145 329
553 28
175 643
507 51
268 743
419 254
508 413
631 741
388 504
632 288
64 231
132 433
386 623
59 269
831 778
614 190
150 277
218 792
551 35
213 491
81 732
118 78
35 82
537 574
483 542
589 322
150 107
300 52
361 630
766 462
816 561
577 359
111 617
23 370
166 52
663 404
412 56
95 275
406 422
370 375
234 434
487 733
127 683
604 122
779 667
254 354
52 715
109 60
288 361
740 260
576 727
492 513
510 488
467 438
828 92
314 687
110 503
692 370
246 597
759 620
191 776
747 345
780 451
415 273
612 274
704 314
118 282
246 755
725 590
140 723
779 794
811 635
294 292
813 11
542 573
187 386
155 515
837 243
12 774
110 488
555 711
773 787
199 496
226 471
474 657
212 616
831 479
1 375
592 311
764 48
77 801
468 515
398 243
600 161
194 831
148 790
242 705
785 411
508 776
53 461
292 98
363 368
468 489
457 652
40 571
588 2
655 130
694 168
84 390
551 746
389 517
10 213
545 625
395 215
167 769
223 581
8 307
516 598
171 58
320 491
792 567
415 214
12 630
772 783
751 202
136 305
228 460
573 180
834 123
366 789
668 770
22 322
825 302
332 225
573 776
142 80
621 744
390 192
114 299
585 525
580 282
696 86
819 147
580 576
824 299
441 747
224 111
356 697
297 830
466 485
833 365
314 321
142 715
846 323
85 776
9 437
361 52
441 433
675 85
161 839
754 489
597 158
255 591
534 289
448 530
341 196
206 397
238 249
459 784
202 604
296 619
561 626
771 414
331 62
671 326
423 139
567 53
56 389
238 797
166 801
66 29
607 829
428 663
190 440
546 686
172 708
7 275
673 759
310 791
363 686
775 448
115 351
369 622
762 453
332 658
84 531
268 311
809 774
274 173
226 418
108 376
158 268
93 492
177 289
835 849
182 435
845 384
181 481
292 612
462 545
463 689
299 544
490 444
614 533
650 660
527 458
324 46
193 108
614 109
738 193
524 826
620 273
296 836
131 580
795 589
118 290
568 548
774 298
584 425
354 463
384 118
739 587
722 743
73 681
536 697
812 220
130 339
487 21
171 168
464 256
267 642
275 502
228 779
69 849
364 53
119 42
44 541
558 482
80 261
18 531
398 335
271 618
195 247
371 558
751 568
732 570
844 332
260 79
453 515
680 674
530 503
273 87
477 640
569 746
10 341
139 704
148 831
729 356
453 680
634 489
636 158
474 644
502 31
508 746
356 388
436 161
337 154
7 704
739 100
336 512
528 725
466 628
441 700
807 465
360 800
311 271
382 175
157 393
84 420
79 22
663 499
388 113
557 179
84 57
65 362
32 261
603 115
330 500
439 337
656 52
316 69
324 122
787 699
20 776
419 613
193 552
762 85
673 523
117 652
127 806
401 439
757 582
818 213
473 499
443 139
569 822
43 807
447 845
571 731
308 565
702 12
443 768
535 671
378 611
769 738
666 535
328 717
603 19
690 567
505 723
415 202
240 359
502 337
290 724
395 270
201 582
778 177
81 725
683 540
323 482
290 652
93 467
734 433
529 563
567 405
672 473
55 138
142 651
813 604
533 81
41 775
427 173
575 378
249 697
517 50
446 107
804 201
591 289
71 457
719 505
223 108
721 688
719 739
412 602
619 47
124 41
114 356
503 676
220 229
796 734
686 472
829 208
233 649
794 440
116 84
125 508
795 173
403 490
345 605
629 71
91 537
642 819
445 575
662 642
764 265
36 466
453 10
161 416
152 142
333 445
306 788
357 384
815 3
174 234
291 793
37 338
845 788
748 400
351 587
387 652
26 135
403 315
205 62
121 524
495 645
591 811
291 583
759 588
171 711
543 798
742 645
228 506
570 75
813 102
568 187
141 693
132 158
757 519
62 709
755 436
32 162
667 188
641 420
477 285
578 624
113 616
273 559
530 300
62 401
758 712
271 280
462 362
390 745
457 504
636 324
245 641
195 245
230 405
267 215
462 418
510 114
457 741
607 131
421 337
567 361
773 149
642 315
771 96
132 817
217 480
310 636
472 140
590 65
56 229
832 118
499 408
699 601
63 843
308 306
647 721
340 789
839 124
768 824
322 129
130 761
47 81
402 804
235 752
259 34
174 300
697 779
25 816
62 657
480 618
615 235
848 473
17 291
741 806
154 483
68 273
454 194
740 315
220 362
830 639
447 810
305 131
389 610
330 73
268 202
652 224
681 382
203 277
73 813
374 176
772 386
649 436
438 398
140 570
605 574
435 229
341 246
136 117
188 177
147 200
643 611
670 696
645 134
780 32
665 657
350 586
532 674
738 482
368 223
577 510
566 289
62 846
250 504
452 534
679 801
666 825
779 71
754 107
50 404
790 557
371 524
329 601
403 484
477 576
826 546
720 311
746 529
595 691
284 61
136 836
614 503
687 121
349 428
722 666
306 547
384 793
754 767
175 367
580 798
712 66
581 8
175 214
332 632
133 309
620 28
628 592
335 420
671 304
381 643
331 733
228 265
448 496
721 528
373 757
393 421
253 682
732 232
318 607
782 131
772 332
442 354
134 686
784 2
745 257
614 119
476 729
540 205
590 441
640 782
798 519
261 186
321 313
7 663
540 267
721 603
232 292
85 591
298 443
827 685
848 662
456 374
77 731
747 466
719 125
665 277
693 601
299 209
428 483
508 210
423 411
643 321
725 724
583 413
380 690
274 62
654 796
256 454
585 38
431 34
600 730
670 748
244 706
680 512
747 760
313 594
355 87
587 12
228 154
843 274
810 539
630 745
406 155
15 781
246 815
310 622
362 804
401 516
556 515
717 455
370 807
17 497
240 821
25 418
31 63
402 251
684 753
256 613
432 629
171 474
755 180
671 383
232 509
110 612
830 833
146 346
710 644
814 351
538 105
346 490
43 659
444 71
296 195
526 160
688 135
692 1
51 193
718 487
516 773
89 123
389 328
727 479
239 174
305 751
502 364
301 737
152 433
412 428
168 816
100 96
515 343
627 307
431 437
124 69
304 580
235 226
648 84
687 628
53 463
787 472
835 696
362 29
310 237
109 154
825 252
165 790
153 366
159 116
600 240
732 831
310 670
351 462
610 322
427 436
410 21
341 259
340 25
638 199
568 218
6 388
628 495
500 738
640 90
701 191
383 285
54 734
174 623
124 601
590 525
520 712
389 381
328 463
297 146
655 124
550 270
277 810
462 110
151 39
470 624
220 359
493 117
672 803
311 192
261 37
136 820
120 570
769 64
680 614
291 267
843 680
52 53
324 312
134 294
511 200
397 815
59 505
315 62
825 129
457 179
787 240
465 719
351 826
44 612
