400 800
182 94
173 63
381 363
387 377
354 153
170 19
190 206
367 125
27 180
193 278
360 48
66 19
188 208
183 294
113 111
360 380
311 213
340 396
111 307
214 295
127 252
76 313
342 168
281 136
391 270
115 266
108 12
335 73
246 359
363 16
248 58
305 64
197 98
253 77
336 280
40 42
285 112
86 396
388 43
282 281
234 314
204 397
256 260
169 252
6 295
212 71
252 264
127 195
357 83
24 113
244 10
56 299
302 125
292 394
4 350
187 87
63 307
51 183
310 376
97 195
17 52
35 166
150 305
201 64
168 107
43 216
369 357
238 178
303 177
240 309
379 301
252 51
141 270
358 18
281 26
218 155
8 232
322 260
340 125
112 376
157 121
259 366
98 5
397 87
161 0
278 3
142 355
288 393
154 274
26 157
153 302
335 268
268 378
399 81
238 184
26 261
373 168
151 114
258 372
148 257
84 171
356 317
20 167
305 119
380 124
52 313
6 268
165 24
377 188
140 164
117 360
278 271
4 341
320 213
200 107
142 155
313 340
61 244
109 75
185 337
380 119
297 246
35 178
232 186
10 380
315 256
380 372
185 104
356 62
80 88
64 303
246 194
266 268
2 75
45 190
16 314
175 327
168 288
126 219
51 359
278 42
317 335
39 228
114 207
44 218
217 164
148 290
168 174
292 50
268 296
385 352
142 82
110 270
168 320
15 246
141 244
295 255
342 22
240 88
369 384
18 146
189 70
258 236
376 139
76 315
6 186
138 172
201 80
229 304
32 137
372 394
394 358
147 336
214 399
278 157
105 183
165 60
22 192
66 217
309 355
392 361
19 23
223 168
7 345
233 359
214 25
174 275
112 219
49 288
345 360
0 369
341 166
364 13
158 323
323 294
316 4
265 338
174 277
153 184
16 362
186 314
369 308
261 357
74 285
384 88
374 259
259 88
219 212
383 117
185 269
275 158
40 282
145 98
171 174
142 330
36 24
167 27
22 149
287 62
154 255
231 355
35 199
371 204
19 192
255 319
378 31
370 307
14 67
157 85
301 199
146 254
50 266
88 76
137 145
143 33
352 299
97 259
43 202
359 305
391 282
219 268
190 219
204 399
34 271
140 383
355 97
133 102
120 265
254 15
315 61
15 396
66 33
250 351
241 278
163 283
185 385
65 398
223 17
81 163
116 291
225 373
394 75
282 360
76 199
297 361
314 242
222 291
70 333
102 176
178 25
352 58
124 253
6 238
346 54
190 237
48 396
25 313
265 48
370 224
241 84
120 88
198 140
262 55
252 95
28 365
272 270
353 214
24 130
110 293
240 285
386 397
20 227
124 182
78 221
126 370
318 13
77 386
154 308
363 195
313 219
256 180
332 130
11 379
180 388
96 253
305 148
235 1
61 139
120 351
112 134
60 386
328 289
145 336
179 75
255 393
312 393
1 244
255 249
109 246
371 104
140 203
154 143
399 133
48 263
162 367
186 105
62 25
264 93
246 93
306 172
130 384
235 347
273 23
180 252
95 113
11 16
174 160
12 213
341 382
259 7
15 174
268 170
288 100
324 296
321 166
51 131
221 127
326 339
31 74
272 341
296 52
184 121
198 89
219 234
12 279
152 4
123 111
119 60
176 161
26 66
109 343
53 379
291 77
271 101
69 84
190 186
380 166
139 213
43 230
52 260
31 180
239 339
325 62
343 372
81 86
135 144
64 181
257 19
177 222
141 307
196 124
219 23
243 379
37 357
310 103
360 81
365 9
31 79
106 140
363 362
391 343
120 32
136 388
263 247
331 2
178 73
251 293
329 49
330 187
183 203
227 73
273 217
185 240
253 70
91 40
77 286
184 228
345 130
72 98
294 0
292 276
369 223
20 180
68 272
314 243
169 259
218 6
301 320
252 31
357 93
120 160
113 358
258 242
44 317
288 275
287 69
134 352
5 6
362 242
71 336
5 79
127 158
359 370
31 23
51 398
177 101
168 214
273 340
2 329
25 81
263 277
227 378
73 339
45 212
241 373
191 248
358 10
293 24
374 257
161 399
73 83
46 379
126 128
381 388
340 17
74 298
286 284
395 46
87 234
249 2
308 149
310 150
375 236
12 264
45 118
354 195
103 227
218 357
236 105
10 342
77 41
38 114
207 364
380 197
21 254
84 283
371 363
62 295
27 268
240 21
330 56
86 365
392 15
229 197
126 227
350 277
119 261
139 250
330 112
20 130
377 290
347 260
68 394
258 92
91 7
37 162
91 85
258 14
304 80
345 124
210 62
381 191
328 237
309 398
131 59
73 64
51 165
202 291
327 165
202 122
49 262
75 172
43 207
295 15
250 218
39 165
318 103
151 266
352 289
248 298
163 256
6 341
214 297
309 320
131 392
298 249
325 395
220 124
318 200
131 140
277 247
175 312
185 188
372 356
310 23
29 333
74 22
223 27
282 384
394 33
218 35
376 119
9 124
189 167
108 75
141 299
50 206
268 73
219 217
48 241
170 396
371 46
1 93
132 282
285 18
171 218
5 369
209 255
222 347
285 277
342 259
115 106
240 287
333 286
23 107
373 14
149 251
36 316
33 279
271 19
31 177
223 105
38 289
43 248
326 373
24 0
89 390
38 158
316 356
187 343
89 82
182 294
217 101
229 237
388 286
184 274
296 125
18 48
34 3
283 54
321 380
77 260
316 163
138 89
235 200
183 103
35 0
253 33
349 46
279 48
352 146
7 396
263 394
204 61
386 383
383 370
3 348
112 264
21 174
90 240
136 173
328 105
326 133
380 86
336 204
275 377
174 326
154 67
4 133
395 43
213 171
152 378
221 287
355 44
188 358
312 28
178 394
41 91
282 58
315 110
77 12
322 83
183 264
233 298
233 148
344 223
384 270
331 166
116 375
377 89
307 356
155 384
211 233
75 291
246 384
258 324
86 349
191 112
233 170
195 306
346 354
165 55
173 267
332 394
251 346
71 319
336 179
116 3
137 332
121 284
171 212
123 342
198 274
358 350
152 268
230 179
106 328
18 239
78 168
160 128
314 282
238 50
312 216
352 46
349 56
191 138
113 183
55 299
4 225
378 352
245 54
170 249
108 118
81 58
346 71
159 209
266 349
211 85
355 83
198 98
385 374
365 295
266 111
346 313
277 217
326 115
233 33
197 340
339 340
45 325
302 228
285 368
181 60
53 242
68 146
47 366
141 103
215 78
169 219
38 96
191 274
122 97
143 397
82 399
369 140
375 56
216 61
247 383
179 136
216 59
342 225
219 193
40 127
59 25
356 376
252 142
157 187
110 289
314 392
373 343
186 248
167 59
347 279
335 66
233 154
21 390
11 168
271 89
266 12
180 195
161 112
94 342
175 82
5 115
10 273
237 345
347 379
145 360
116 274
262 362
132 398
44 301
17 21
178 39
142 4
67 91
28 272
145 214
181 317
151 366
272 44
106 225
303 87
24 72
264 175
93 273
172 341
105 346
296 258
126 186
319 263
349 366
364 305
260 3
85 308
279 223
396 278
90 107
28 49
392 189
373 254
245 180
356 86
209 175
16 328
186 369
284 103
298 141
146 329
24 331
78 195
77 115
97 140
97 68
76 146
107 146
234 90
140 338
35 167
145 249
