450 800
36 208
42 378
238 241
300 414
33 326
332 311
291 57
434 48
88 434
435 123
154 340
0 25
204 101
45 111
229 300
208 416
12 296
371 189
135 5
11 164
413 196
143 190
165 284
20 263
297 327
204 293
20 189
51 371
394 407
265 131
16 228
350 49
443 307
405 62
70 48
184 138
102 369
430 190
136 325
16 84
135 269
186 114
399 88
431 222
197 184
126 392
334 15
16 108
376 192
223 174
43 340
284 362
268 290
358 353
295 18
178 263
248 37
193 374
51 328
254 375
38 418
435 235
116 178
218 166
164 146
316 120
158 363
72 179
59 76
440 253
29 46
3 229
393 247
286 23
97 270
424 203
239 86
162 142
17 29
60 112
276 419
292 34
174 76
449 436
255 0
281 76
310 296
258 268
123 324
116 343
85 437
106 364
11 22
146 359
95 279
362 35
15 256
27 168
383 336
172 112
24 129
101 402
435 373
263 226
387 194
124 409
139 205
261 184
286 311
293 171
258 412
93 432
137 143
328 274
416 425
370 147
41 365
396 225
245 7
117 27
407 363
209 60
428 234
169 447
122 275
294 351
28 429
300 235
325 440
14 401
371 166
397 133
432 244
356 246
137 221
368 309
57 102
340 103
258 218
338 328
323 25
87 431
39 5
267 155
61 311
304 363
382 205
51 260
146 60
308 415
237 108
60 294
361 312
213 323
89 203
8 187
219 439
249 165
258 24
187 216
145 333
398 155
112 131
160 383
365 391
443 256
286 446
34 245
256 130
364 294
37 140
313 442
193 329
357 13
2 386
396 435
171 269
408 447
448 382
437 316
194 319
240 224
419 191
106 304
390 347
82 401
205 28
21 414
445 16
145 352
287 295
272 135
205 226
136 426
28 71
1 389
262 129
295 384
33 394
407 276
444 286
238 166
362 55
79 232
431 380
322 9
173 217
257 68
296 175
213 32
118 407
300 283
122 269
96 212
132 73
186 322
324 392
162 66
219 342
420 45
414 172
77 334
96 58
368 37
333 386
61 110
416 260
11 349
99 228
341 175
40 405
303 135
309 96
420 243
57 388
248 425
163 218
436 250
264 34
285 185
71 255
93 236
37 110
443 357
164 436
355 342
301 66
311 140
307 73
69 54
35 83
88 190
338 204
441 406
446 94
415 255
425 299
68 201
411 229
30 392
398 177
55 212
445 410
45 280
434 90
68 142
408 339
287 438
448 212
285 393
357 78
406 316
145 204
425 292
290 89
423 411
426 429
379 176
348 137
309 193
445 41
306 257
388 323
37 304
65 120
182 32
87 131
217 301
280 0
319 41
259 434
385 393
300 302
120 249
202 261
363 418
294 363
7 373
55 275
363 80
245 266
383 182
116 112
321 413
146 280
412 427
265 361
100 419
358 164
378 348
180 396
407 411
92 272
376 299
95 300
419 48
10 430
218 320
121 152
94 301
351 424
131 304
246 74
184 434
393 52
420 415
292 300
79 324
251 318
24 115
323 132
303 18
164 126
407 324
53 153
226 394
413 256
333 173
89 184
388 348
260 380
218 155
27 198
19 389
148 357
45 364
73 93
336 325
290 385
318 336
107 397
367 388
321 200
190 114
399 442
162 350
223 97
106 384
49 134
147 222
31 97
362 61
290 347
430 270
253 130
125 353
339 102
154 310
418 391
199 302
353 308
215 191
376 372
345 113
41 119
150 231
436 335
318 414
60 1
78 126
318 254
262 320
417 94
183 261
249 407
7 425
421 95
409 110
215 389
114 34
216 183
269 358
412 288
81 57
53 401
399 3
279 239
369 82
55 167
258 244
48 381
166 444
159 127
328 80
89 235
80 271
324 322
353 439
316 36
194 236
299 268
214 73
309 102
83 398
221 13
31 214
212 435
264 277
200 56
215 118
384 406
107 96
91 77
138 114
196 7
308 446
88 102
265 359
344 62
237 187
29 155
72 43
288 415
286 155
37 84
386 147
313 137
83 81
376 248
337 325
228 214
347 315
180 346
107 140
8 448
15 257
174 395
179 378
396 64
218 115
177 12
209 110
423 194
83 60
295 309
173 371
398 210
291 339
437 340
409 8
399 321
97 142
395 236
149 266
336 305
428 337
174 285
250 51
1 249
416 252
208 242
381 313
37 256
114 101
129 75
329 109
401 361
67 201
423 322
430 250
125 28
320 223
251 272
279 287
190 175
337 135
395 281
137 164
347 81
442 360
243 309
431 55
134 136
251 349
300 202
388 146
322 285
414 238
284 301
58 70
318 106
133 56
2 5
407 438
320 350
284 427
307 83
196 369
315 253
224 65
367 358
165 401
444 103
199 354
381 83
15 276
402 114
222 307
294 28
400 376
425 256
318 281
340 137
435 54
345 42
390 122
442 14
133 392
410 289
370 83
314 98
218 446
396 410
365 373
186 198
101 426
16 330
171 446
55 295
422 113
218 239
349 260
15 73
45 150
319 200
37 60
399 283
287 206
327 364
444 307
242 157
251 32
20 442
197 102
400 299
269 102
154 92
189 7
396 13
196 311
349 269
328 273
347 431
151 278
375 439
88 189
4 207
220 224
28 131
374 111
213 377
174 444
330 321
196 269
81 424
228 26
98 47
129 209
70 318
236 355
10 116
377 193
413 441
226 260
20 319
232 368
269 200
149 353
448 324
173 276
329 0
440 430
333 129
358 202
194 215
25 311
127 135
382 182
320 362
126 4
171 244
42 284
387 319
394 132
167 252
126 199
211 372
135 28
417 73
114 439
218 161
86 313
50 325
347 262
185 50
139 300
334 387
233 166
76 416
228 368
201 37
439 442
68 223
63 98
394 439
272 221
431 286
109 327
251 149
396 297
239 275
221 330
164 243
19 11
167 323
194 315
229 424
169 437
198 275
236 183
58 229
203 369
386 84
375 389
446 326
47 250
397 319
165 312
108 150
275 439
237 161
357 362
57 47
165 348
440 281
410 271
252 156
200 37
335 370
251 12
34 268
60 368
317 153
220 196
392 374
120 136
24 356
208 39
237 399
288 277
210 282
191 396
333 327
75 160
165 58
31 41
141 75
406 95
181 201
254 297
180 64
442 163
324 325
53 429
279 277
23 242
436 418
246 136
392 368
183 241
18 177
377 145
449 298
315 192
148 282
385 343
133 62
144 367
309 334
346 382
20 382
210 156
435 429
138 252
5 406
229 38
338 152
359 154
146 381
224 21
71 364
209 168
148 375
241 262
418 177
85 114
190 59
87 432
241 214
128 125
147 10
183 430
30 368
2 27
433 207
180 113
138 381
261 332
164 182
82 298
394 282
422 367
248 168
294 212
362 180
184 449
229 356
435 174
366 66
297 439
302 75
141 358
272 261
413 394
25 68
298 300
395 73
275 398
304 166
403 343
224 355
328 129
111 293
126 48
165 299
205 59
257 59
326 288
162 123
290 418
416 326
448 229
105 192
223 448
211 387
339 237
187 109
206 362
38 390
218 164
361 427
113 63
27 388
120 287
420 307
255 173
270 207
32 425
321 414
137 323
296 104
256 95
36 120
54 263
273 161
409 31
170 367
7 27
257 347
416 340
443 356
185 275
8 59
189 360
341 128
162 49
329 90
257 408
200 306
433 49
