1810 1000
1555 220
1349 766
488 417
766 205
779 452
774 1689
167 1090
776 1595
1472 1794
447 1484
776 252
1286 96
541 1409
509 1025
1103 0
845 879
412 562
347 1521
318 1596
186 606
1575 510
903 1674
1684 1167
493 1136
1760 1036
256 773
1283 502
1510 1195
1343 551
1680 1660
1519 651
381 1132
1803 303
1126 1751
1157 831
1079 273
1370 225
1418 1314
1052 24
1226 559
862 235
1780 26
390 152
124 1526
1618 1196
1371 1106
1801 1230
874 188
762 1636
1311 1136
1465 1467
1806 511
1479 1271
803 199
1396 1145
1612 1723
1198 1476
1149 1249
790 193
873 1344
337 254
723 402
879 392
1130 1280
1641 1232
761 1438
323 1437
23 87
144 1764
860 1702
566 1012
716 102
99 8
654 252
606 1214
1170 1547
358 225
1616 467
465 1430
1185 1114
592 1560
1523 525
581 1721
1032 270
1073 809
309 837
1245 836
795 1339
972 1515
1461 1132
968 1356
1220 1197
767 1589
1270 281
1068 405
1573 1252
964 1720
1733 36
1177 822
707 417
1493 873
933 910
753 1100
28 1272
918 340
1325 1715
1504 710
614 112
1336 1755
1672 647
717 756
50 1622
1432 1011
1035 1580
1754 923
68 321
517 28
703 353
1307 1664
1209 324
786 796
1566 1363
48 1182
231 12
461 416
1512 1164
314 1083
1427 1309
1585 992
230 58
1325 824
954 1532
1325 1055
496 237
1379 1053
983 115
1082 1799
1322 1715
1130 1703
1258 1691
787 1259
431 461
1468 141
1500 1449
908 1100
511 840
1561 1021
1145 1449
743 1575
1123 943
106 1798
397 851
416 98
693 1450
1366 1723
487 798
439 694
427 227
55 1099
1098 1558
527 1672
237 461
132 1113
1712 351
619 1494
987 65
1609 683
899 736
1141 154
1745 1169
459 453
490 1238
216 1746
1123 1523
81 1015
17 1721
1700 375
389 1750
1487 57
1527 759
314 47
176 635
776 239
1399 723
688 419
486 776
778 1403
590 1487
621 209
1205 1317
1135 1088
440 1635
1701 855
1376 151
1729 60
484 469
613 1300
1483 1737
212 19
1787 883
438 1063
1467 1516
1805 320
883 211
1062 1394
1053 55
1714 1490
1274 1239
541 546
1659 659
1724 843
563 89
1769 1587
1608 1776
989 1319
292 1602
1547 148
1452 1107
1727 1122
305 659
1621 598
199 1624
1303 1128
1422 47
430 189
1731 1156
147 454
754 368
1807 1482
1235 959
33 1683
722 903
1690 1759
15 571
290 1451
772 349
515 780
160 472
1290 919
408 691
737 1742
187 497
489 1278
505 606
1185 757
1378 1477
958 1211
810 363
1711 409
1143 336
1568 1342
1479 689
284 1467
313 288
242 783
1135 204
1507 1049
391 1698
101 1034
1451 411
44 576
584 1200
79 1766
969 1654
1140 867
1670 5
1624 970
1754 1442
990 1759
1630 1151
1367 1445
0 1626
857 515
379 1037
771 1265
1121 1570
1586 949
692 1201
1533 1676
1587 221
1532 80
622 1652
978 353
1528 692
1508 1216
1121 617
1615 1764
559 1625
1203 559
842 21
268 921
1238 665
693 32
97 514
503 938
1471 1642
505 1602
988 660
226 86
723 1748
1280 1319
351 1121
903 1747
1159 1124
973 1311
1299 1695
745 1389
996 378
610 1338
413 1639
1737 1381
811 988
1151 1231
929 631
1639 1626
1296 492
1308 1306
972 953
1033 1056
670 1469
1455 611
167 809
1611 1162
1356 813
915 1275
947 490
469 200
177 23
316 742
1085 227
1232 87
841 444
1720 1442
1453 890
71 740
1241 1600
1242 1676
1456 1668
665 1662
1462 928
1214 763
239 247
1273 1060
180 829
377 432
1121 695
1376 1306
86 238
1088 1267
1394 824
236 118
1639 676
1048 1357
1205 1483
310 413
488 1151
1452 1704
568 1663
628 307
140 392
1594 771
1373 1119
387 1545
1278 793
634 258
165 1513
775 1801
1330 462
933 809
1489 1767
1193 622
205 1397
721 1571
1506 1164
1655 1674
986 1719
1338 1078
1581 1286
327 564
1311 1561
495 1004
1506 1754
1737 1466
507 1605
1546 1639
233 1320
413 889
1732 1630
1215 960
799 1393
460 814
509 1744
1110 169
572 448
728 47
1625 155
1245 255
1707 1733
425 1245
93 1082
231 694
688 1808
69 1182
399 1771
1380 1298
767 1199
426 355
1012 1006
545 1523
1475 466
830 758
1403 1318
1601 1715
1045 697
1120 347
20 742
1600 801
1057 420
321 1725
1156 45
359 1119
1070 92
300 1048
733 70
422 1159
462 545
1147 323
1749 733
1337 545
1545 985
635 426
1127 1341
584 490
592 864
1230 24
713 861
1446 1535
1562 1608
1665 1550
1060 172
1577 326
1773 1440
570 811
1222 439
614 1578
1560 1273
621 1599
1635 79
1792 698
1651 1306
890 1547
557 162
954 1392
300 425
1237 700
935 1633
768 864
31 825
1547 1440
1777 1470
760 594
1381 1498
1176 1339
1370 1515
1750 86
486 1580
187 1442
1553 1431
1204 723
1268 223
1247 995
126 235
843 313
285 1791
1567 330
1476 983
763 1558
250 457
304 665
738 1324
1659 400
596 1250
1758 999
1650 1707
1700 1077
694 884
1263 456
1221 186
797 1252
1189 906
867 1363
1661 1729
873 6
1123 1442
605 317
189 1100
155 1131
1703 929
1344 420
555 1367
1567 1017
1478 773
933 1799
522 1024
1639 1337
1498 1037
225 1314
1584 1180
1168 355
543 1294
8 919
1797 1304
859 1543
629 1783
1278 296
871 1574
546 767
1628 995
1056 1562
708 1088
1718 429
765 1503
1220 1071
766 241
1588 778
862 1243
310 567
1242 714
1331 681
234 828
1659 931
899 539
1535 1672
1129 232
466 1213
36 1059
117 1564
994 667
950 1643
1188 380
314 201
583 1566
892 557
923 93
1284 1523
107 1607
890 1649
422 1558
982 390
1465 1029
137 722
609 1230
1715 16
1479 539
600 1503
1311 1483
338 872
960 1
932 1145
833 121
1154 1413
556 530
644 1256
895 487
1515 208
360 926
1301 1243
396 506
928 360
258 59
1602 1778
1545 1599
381 1326
131 846
767 1568
1104 1732
412 1149
1045 1752
194 383
239 1082
1221 66
1043 1104
80 160
1593 950
869 1786
956 592
35 1613
1464 867
1297 1636
1454 1679
1113 810
380 442
1252 1778
1565 1654
928 1143
1327 975
440 1607
1460 1690
1246 485
284 622
657 1722
1795 1764
1307 1221
823 1575
1615 354
1220 1702
1546 35
348 767
447 1071
755 371
1467 67
930 915
1718 1120
149 1341
593 1178
332 610
1538 143
1603 1091
348 846
1119 1795
1391 46
1377 76
622 547
580 1390
650 242
137 446
613 1771
273 437
1461 1560
1543 203
1453 1301
1642 1176
1220 1468
1467 33
750 179
476 1695
1004 1794
1361 1164
967 1367
1283 1547
68 23
923 1105
908 1526
1258 733
292 1321
1459 1762
1371 1130
1107 1088
648 100
1394 84
1388 1256
1095 633
849 473
1117 1014
1011 1072
101 50
370 1648
1374 1711
1326 139
283 302
907 1268
45 371
1431 116
837 878
455 1136
651 932
1447 482
327 230
855 1113
404 922
1094 295
876 121
1757 918
141 67
504 804
1526 1493
1356 1069
978 136
650 482
1607 985
603 800
349 955
1246 924
622 674
1678 1760
1045 1796
616 1771
785 179
1029 618
734 1531
625 572
724 653
670 851
583 870
1619 1390
576 1504
1651 633
1602 317
1079 1468
781 1506
745 812
1315 1643
606 768
1759 1306
1208 98
330 926
334 1513
657 826
196 1299
1247 1412
294 630
339 1006
1147 964
699 365
1697 639
388 1356
330 1639
1639 963
1498 850
806 818
1036 44
250 850
1424 95
1128 606
1308 1246
361 580
1420 1341
1787 1338
59 972
263 1649
1554 189
1316 215
1752 1397
1018 367
307 867
1170 1296
56 1294
1751 1506
340 226
1654 1202
1267 1178
386 672
898 1311
1165 1152
1374 585
399 191
1160 438
544 1037
1601 835
1711 1388
1020 1551
1285 1475
1580 1476
1294 1633
352 1590
1250 305
842 10
218 1416
1440 13
1024 1294
1014 1322
234 539
1101 1510
1326 24
1011 167
1025 1558
1798 1772
123 789
62 1216
1736 72
1116 785
1567 909
540 1080
843 1137
1775 1743
1337 1239
193 1390
923 1207
896 485
625 1659
16 1593
71 1735
810 1678
215 280
872 952
1078 240
1628 1045
1635 1227
1201 1800
1064 107
369 1006
515 403
237 1126
709 746
82 613
444 447
817 63
1126 6
1731 49
1629 434
1458 1507
722 1166
1046 81
458 1060
533 704
607 1548
580 294
696 140
752 1007
1279 750
93 1266
692 1510
707 1570
1650 1283
425 335
346 1385
88 817
1674 1411
831 1025
321 389
992 1381
451 95
1750 1430
283 1522
400 411
40 1267
608 1579
1431 419
48 1563
1556 32
666 249
1256 660
621 1540
841 1758
971 1471
910 984
867 547
21 349
1143 548
1450 1621
1262 261
364 217
480 78
1800 1067
154 1107
1193 1729
1138 1545
1438 258
1797 724
551 685
1519 939
517 1738
742 213
1385 205
1039 945
1312 413
300 384
1172 588
525 428
1704 1145
1517 1252
674 986
1057 1500
645 66
955 687
727 1385
586 1615
1345 105
867 1517
883 741
171 928
686 993
1702 458
226 626
236 1302
13 1305
1288 1547
958 1655
920 1577
1650 1325
1238 829
1794 119
1497 992
1521 1660
1592 698
1460 1222
359 1185
449 517
1506 1221
874 1380
1055 1107
1443 1599
1643 724
1324 661
630 858
125 615
240 1371
256 981
637 1370
521 853
771 1585
1100 248
1609 850
782 1467
1765 924
215 186
1560 594
531 710
891 1692
940 1326
871 483
1750 988
268 1458
679 454
197 1339
601 1796
1151 41
814 831
1658 627
1484 267
590 741
1052 656
1723 1073
626 1082
1367 1046
1316 1201
207 1611
957 951
417 1771
419 537
17 1703
1431 1477
938 1013
1195 594
116 1395
236 83
1115 211
43 695
467 866
1096 326
473 545
1273 1430
1481 338
148 685
1783 1271
423 917
1662 1316
1461 1724
140 229
977 1300
1204 311
370 955
1795 1069
684 1477
1775 1652
1350 51
272 653
612 538
1809 831
1556 698
1650 1631
171 772
1519 523
1547 783
1699 948
1685 1385
1632 1627
690 309
474 1173
1591 963
1359 1083
49 933
885 1659
813 1280
257 102
824 832
1106 1785
335 321
1595 1304
832 412
655 639
227 1594
587 1078
1663 367
190 340
1754 1537
1111 1039
345 1691
372 104
349 1070
695 943
1774 1539
1671 67
1091 1377
1634 10
1416 1479
813 1317
1715 64
1360 1135
1214 1347
