340 4000
134 92
80 138
27 203
3 223
224 205
131 269
152 80
17 170
255 180
20 182
177 127
326 212
134 200
82 199
96 204
153 101
92 167
73 188
213 188
181 169
61 87
169 303
133 54
223 18
204 112
24 209
166 139
163 336
84 42
225 170
143 126
68 69
310 40
185 286
298 215
258 197
87 260
217 294
338 206
36 335
121 235
292 71
244 265
140 172
212 40
339 56
168 134
292 6
43 57
219 251
184 3
257 125
223 267
24 15
88 57
75 292
60 10
311 29
77 206
164 166
77 265
245 308
73 182
68 163
34 239
201 102
64 274
27 248
75 194
211 237
330 141
194 187
163 259
276 241
144 244
266 230
248 139
79 46
89 247
133 101
85 243
155 40
108 191
205 170
57 216
244 179
136 242
173 28
88 138
324 320
241 249
316 283
264 310
143 241
210 254
136 188
213 98
107 285
34 118
125 179
285 41
231 247
327 244
254 219
6 324
301 228
59 201
97 148
227 185
22 86
157 75
331 284
156 146
3 130
275 231
240 129
119 91
270 227
299 107
164 305
82 222
166 249
78 285
161 111
147 295
63 165
154 232
61 334
324 224
79 259
245 78
285 276
300 314
332 26
109 69
105 273
282 113
101 116
257 124
301 241
212 238
179 96
2 118
104 182
83 91
293 60
173 104
188 315
260 122
36 180
165 158
245 275
13 70
283 14
31 152
88 258
77 204
3 217
269 336
188 104
328 257
125 97
294 73
291 90
248 20
155 227
259 37
290 64
118 210
104 243
208 316
107 167
238 167
227 282
171 23
185 76
248 6
162 142
113 284
146 218
192 83
199 322
92 240
285 30
282 120
122 11
124 62
151 231
19 243
141 153
94 119
159 37
180 160
29 229
123 290
339 279
328 64
168 103
319 258
104 286
250 327
263 174
138 263
266 89
74 272
170 81
199 319
313 206
159 316
64 324
25 178
176 212
71 83
52 205
86 21
51 329
51 296
289 161
174 170
45 103
158 12
145 180
81 195
6 64
196 105
320 94
187 271
108 282
231 335
42 58
264 178
32 67
282 293
230 175
254 37
197 321
113 286
291 87
90 258
186 226
295 248
243 211
156 300
172 38
281 218
220 209
55 149
218 175
129 90
87 140
168 133
245 10
320 2
247 304
24 56
151 79
50 301
24 302
177 4
68 275
147 134
175 69
191 299
245 234
196 148
178 248
322 163
266 37
288 9
227 181
288 140
284 329
3 73
89 103
231 334
4 216
16 8
129 221
180 331
46 73
300 196
186 222
51 133
51 168
106 71
39 206
334 33
163 196
137 28
171 71
319 144
239 274
301 87
250 11
49 287
297 193
145 53
145 331
23 90
301 240
44 223
23 283
307 313
119 101
330 106
294 267
139 119
268 276
57 194
135 70
4 302
43 54
292 13
85 271
283 324
9 72
297 127
79 91
260 99
294 44
316 62
27 257
12 233
141 227
47 176
96 74
331 268
40 17
332 245
213 245
44 188
38 290
292 147
6 252
63 236
132 33
266 288
265 34
70 182
10 101
190 8
308 75
310 292
311 123
220 150
293 35
14 86
71 40
180 311
288 148
338 149
210 13
303 306
46 55
188 253
1 24
40 56
40 89
119 327
49 135
337 275
108 235
93 87
224 115
196 122
267 119
217 21
141 293
176 49
108 130
226 120
226 202
283 119
319 282
282 303
81 95
131 97
23 312
54 73
55 160
171 193
26 162
153 147
122 178
327 142
286 339
84 90
68 298
169 117
144 285
57 265
275 61
80 272
68 158
4 79
308 177
106 93
110 213
163 332
8 194
115 15
124 88
96 308
43 146
175 14
322 9
135 140
194 156
174 312
210 252
285 1
286 77
137 68
105 267
270 122
312 74
92 107
74 94
86 1
326 235
187 135
320 228
42 256
328 260
149 289
258 79
186 208
55 125
322 212
188 36
141 203
304 332
248 223
60 275
272 258
321 8
101 337
276 123
305 203
103 152
8 11
197 9
96 313
103 278
82 294
85 194
98 86
61 299
222 320
145 26
69 96
195 196
229 169
147 61
212 206
315 311
277 137
43 336
323 308
102 10
308 256
293 43
323 122
198 279
138 260
15 318
324 107
195 284
212 48
271 95
13 72
5 305
335 189
85 67
170 15
130 31
31 245
339 139
155 111
76 115
27 284
42 258
131 76
58 212
333 255
154 65
330 151
212 221
39 273
133 203
294 158
245 138
240 193
336 127
162 21
158 33
282 68
45 222
279 284
307 332
23 260
30 292
53 185
116 32
132 318
101 197
5 25
218 315
285 7
50 39
271 154
214 225
180 129
132 36
196 42
155 231
82 147
140 64
319 94
204 99
228 281
258 108
171 131
41 44
87 106
295 255
71 176
208 52
174 301
168 334
218 25
274 282
29 310
135 222
325 191
263 29
290 313
124 228
6 161
115 45
208 332
61 44
338 169
184 332
24 91
190 259
191 303
202 235
134 141
279 212
170 339
218 310
279 289
251 308
105 161
170 231
202 43
324 312
91 85
170 197
156 252
272 123
105 148
337 226
304 3
327 86
137 146
153 265
267 126
261 126
182 234
283 214
295 101
337 177
193 41
308 269
253 147
102 160
61 155
12 30
208 220
316 198
180 189
324 323
189 306
124 127
310 168
292 264
123 148
63 250
330 252
85 124
76 296
178 182
182 148
100 119
236 122
82 183
133 83
258 256
271 305
266 289
83 335
240 284
81 2
53 312
229 32
166 90
147 330
176 87
71 223
19 169
121 264
47 113
185 77
310 63
16 63
219 257
127 7
56 259
186 161
313 113
22 211
81 333
2 30
169 41
28 188
165 83
236 183
103 102
90 93
14 81
88 188
82 283
221 149
91 31
272 12
67 136
289 194
126 88
248 145
175 339
44 219
166 14
329 240
326 222
108 96
161 331
305 290
96 67
38 109
126 41
110 53
142 228
55 203
6 230
90 181
266 311
206 295
156 44
237 332
169 221
251 61
238 69
318 200
336 182
237 127
59 222
27 264
241 57
250 104
73 338
201 126
73 65
13 17
306 213
57 188
216 150
219 130
17 77
179 30
126 237
336 5
189 45
281 161
318 102
117 262
316 39
324 326
83 75
74 253
55 249
3 271
141 191
117 66
165 252
264 128
160 69
300 250
107 187
275 170
186 128
189 42
211 14
129 57
161 11
193 217
225 81
38 4
150 59
153 295
38 177
279 135
8 199
220 86
4 131
253 134
154 172
7 31
203 53
88 185
336 337
267 161
277 203
278 139
130 78
61 329
291 12
185 15
127 270
6 120
173 283
199 78
216 182
36 230
9 85
16 250
46 304
163 26
295 8
49 289
209 177
166 100
109 138
264 244
219 41
256 179
47 279
11 131
338 6
46 2
59 204
17 220
102 50
325 245
331 48
266 69
7 51
298 20
8 46
318 225
314 296
76 319
319 65
182 169
288 282
40 93
102 296
130 41
192 164
203 33
150 154
99 27
35 29
45 169
144 19
0 245
152 294
161 67
210 56
320 74
312 157
207 265
68 222
0 157
44 18
1 122
292 16
39 57
306 332
236 337
158 65
288 250
92 214
2 135
207 311
227 281
183 186
99 227
11 208
269 91
168 220
59 205
250 252
65 110
143 133
50 279
183 161
26 127
110 210
52 262
162 235
191 24
99 4
189 30
240 291
157 4
285 14
296 321
139 169
264 191
215 228
2 176
138 239
123 104
134 229
263 304
173 224
159 250
105 100
315 252
140 306
141 69
33 219
277 46
226 148
285 154
162 19
47 146
218 59
226 98
286 83
57 17
304 256
217 83
99 303
121 297
39 301
3 229
59 18
298 304
27 134
149 26
283 24
335 31
210 38
123 70
148 296
126 304
177 120
143 288
233 249
274 156
301 199
157 31
50 91
324 151
38 134
8 299
77 125
23 278
262 232
247 0
314 74
174 19
87 148
274 143
8 281
331 159
214 61
138 40
100 328
287 245
91 264
170 46
253 73
209 120
332 149
60 178
214 232
105 65
189 65
201 31
158 232
251 81
201 92
194 152
109 327
99 218
223 108
45 180
38 308
160 80
321 265
36 190
275 306
115 301
308 258
97 154
304 59
169 277
333 61
224 25
280 221
61 105
103 215
277 43
305 299
172 135
199 157
154 334
333 284
37 330
309 180
137 166
33 258
155 317
231 122
66 310
69 260
230 124
261 326
255 113
58 46
19 61
86 119
82 144
124 251
248 151
75 286
29 250
222 335
169 262
243 159
128 7
250 315
314 317
102 266
266 261
110 136
39 287
76 98
116 96
98 261
264 227
245 144
120 145
274 23
204 105
234 82
285 129
280 151
312 232
109 116
276 129
179 85
274 81
212 153
17 169
325 249
315 72
126 6
150 304
244 89
127 53
187 10
200 197
26 264
226 170
336 311
58 90
310 55
229 61
330 260
236 36
261 101
269 334
254 140
62 85
194 222
150 127
8 269
42 129
9 255
306 221
82 37
9 187
310 132
8 203
101 338
243 91
128 191
327 178
181 146
149 307
216 286
281 194
188 58
28 106
124 154
183 324
305 229
209 101
72 63
282 93
160 35
46 333
218 15
83 311
165 60
179 252
177 230
56 243
293 33
20 235
115 73
192 209
52 229
152 6
4 317
95 180
261 70
244 131
331 68
34 45
143 54
210 195
303 241
268 36
150 222
40 223
60 334
156 189
302 221
182 108
230 282
149 331
16 169
307 285
61 252
1 296
325 230
5 163
174 89
312 73
45 2
12 240
321 307
101 92
56 64
81 130
160 90
184 256
166 306
70 136
280 264
43 84
181 14
232 133
10 270
203 230
270 189
244 0
109 289
162 298
57 278
229 223
163 65
218 82
67 205
303 339
213 18
208 271
219 166
237 27
53 8
258 63
253 145
86 142
73 232
232 205
35 129
243 273
107 319
0 163
31 314
108 178
258 234
174 338
249 90
41 233
15 249
21 64
238 117
250 293
217 25
4 109
54 68
173 88
59 69
298 310
117 188
70 320
38 178
50 232
295 162
188 192
242 128
274 325
207 227
196 324
143 185
321 132
323 45
328 188
296 23
278 160
228 141
318 319
88 153
274 67
126 317
241 156
23 132
236 204
220 190
130 326
338 218
61 313
131 298
309 31
270 214
137 38
74 274
290 269
333 116
310 92
199 102
262 202
78 68
100 101
219 149
224 320
241 177
150 144
139 41
303 171
231 310
292 129
48 195
123 274
117 292
11 245
275 99
189 15
242 275
246 279
149 255
321 133
329 159
201 295
111 40
222 234
221 281
306 255
61 231
197 269
48 253
185 215
39 338
26 1
207 190
225 185
301 214
54 286
228 179
319 205
259 217
62 191
150 111
19 315
85 220
283 102
268 226
254 327
308 107
176 52
22 79
333 69
43 27
224 10
86 171
96 192
338 141
271 21
283 248
222 136
28 222
151 100
327 172
202 221
214 135
73 143
244 239
315 271
112 302
210 132
73 320
169 6
327 313
28 303
284 146
264 37
73 37
6 195
280 62
189 284
266 162
29 152
224 92
234 226
337 17
238 146
90 241
318 129
191 246
229 189
21 190
244 146
316 236
67 142
115 282
21 174
183 35
2 162
145 82
165 18
231 89
296 184
241 15
209 127
9 304
161 87
137 225
91 8
255 121
151 148
135 83
94 88
257 273
330 32
232 115
274 214
197 122
202 44
59 113
82 267
16 187
203 122
233 318
252 310
177 251
55 42
107 194
191 85
161 62
213 293
223 131
58 181
267 71
302 276
87 302
201 15
1 250
269 36
235 286
196 107
92 178
197 33
237 124
176 120
314 292
148 133
316 258
325 80
74 83
321 122
36 73
108 243
91 254
161 77
109 114
222 89
246 93
36 87
57 145
157 103
185 178
266 252
30 129
29 318
159 6
320 330
106 224
243 93
224 255
111 166
202 209
25 188
91 9
219 264
253 132
193 316
39 174
5 313
192 49
302 107
327 235
102 279
157 62
220 37
222 92
120 336
249 154
286 319
11 336
60 194
59 271
126 216
201 136
81 286
280 226
88 132
182 56
295 309
80 105
207 4
209 147
216 268
333 122
1 171
189 16
59 86
288 146
171 292
178 47
83 307
1 30
101 194
326 35
173 158
32 333
330 313
112 76
201 44
261 272
95 10
37 234
278 265
5 28
121 137
251 78
9 63
5 268
41 161
15 163
330 269
304 219
90 48
209 252
93 168
3 47
277 313
335 104
198 0
270 91
20 280
303 42
53 228
212 177
10 112
94 247
165 53
29 282
224 96
209 122
257 320
163 99
310 108
294 223
211 50
326 13
292 163
137 155
77 27
36 52
323 291
201 39
74 190
84 31
209 293
298 34
178 103
72 270
303 265
6 265
318 245
313 48
334 101
181 53
123 315
286 55
181 66
52 308
26 0
40 106
117 191
6 116
304 121
163 244
165 170
188 34
94 256
105 168
88 273
180 87
275 27
182 237
8 335
110 10
12 113
192 321
103 156
39 135
119 30
32 29
147 155
80 78
22 271
255 247
147 174
202 160
164 152
11 143
211 135
169 270
21 41
9 35
336 300
307 63
78 85
320 254
147 329
323 246
82 328
245 312
285 284
222 339
202 317
0 212
228 261
332 202
194 138
200 288
3 218
172 338
238 67
36 111
322 101
235 288
148 140
19 280
232 331
35 239
325 226
73 337
142 274
157 139
298 121
254 137
5 211
337 68
63 220
57 155
246 208
274 153
35 316
199 129
19 333
270 43
18 1
47 44
249 203
81 138
212 276
154 18
178 107
206 73
68 324
0 327
113 64
130 14
75 267
202 222
310 102
193 58
251 105
31 40
12 35
182 215
171 328
50 196
134 217
188 233
204 134
23 317
90 238
87 84
209 129
157 237
193 168
238 223
335 179
31 176
316 328
336 236
161 258
82 148
205 240
92 58
157 244
113 165
305 168
94 101
94 219
38 315
108 57
127 19
5 204
242 48
212 17
321 316
44 169
48 134
243 305
264 260
197 310
237 193
96 43
17 309
37 275
217 240
229 335
265 13
219 36
227 323
22 133
218 290
144 274
336 211
263 82
151 266
158 151
234 261
135 80
178 41
269 120
61 183
252 87
51 25
178 286
252 226
106 339
13 58
144 237
246 10
182 204
116 19
204 133
61 173
37 50
175 49
106 114
235 329
212 71
173 301
91 48
0 91
311 144
320 147
275 103
222 312
212 83
204 21
51 40
32 320
147 331
55 210
66 86
211 157
195 315
307 43
323 280
263 112
41 197
213 156
159 116
129 165
167 247
39 289
182 24
26 233
31 4
296 142
137 80
226 297
138 261
251 145
35 90
239 250
155 304
54 273
297 43
317 5
79 59
277 239
133 264
299 54
201 29
330 304
291 46
273 194
268 149
111 135
79 26
85 339
17 72
171 165
29 172
70 171
319 113
252 34
296 37
91 194
201 283
66 336
72 113
302 275
217 10
197 116
19 5
5 256
47 26
72 62
10 258
321 279
279 130
268 242
216 251
191 301
301 329
47 207
136 7
152 122
156 237
112 116
172 271
334 250
26 266
172 164
16 32
15 232
153 183
239 56
100 90
113 164
226 244
324 161
7 59
152 108
58 244
240 200
187 200
41 60
224 282
105 312
90 235
313 296
1 136
279 104
317 232
87 285
143 260
184 169
245 105
35 6
328 287
183 47
103 336
93 231
215 77
252 164
267 319
96 55
197 132
52 153
257 204
77 257
31 51
95 48
135 14
243 84
339 198
67 177
2 71
183 334
49 24
203 209
185 272
138 181
119 339
320 144
274 66
106 241
278 152
199 53
244 13
246 153
189 199
8 317
111 285
192 316
20 184
149 231
106 156
187 290
252 67
204 203
302 284
294 120
230 30
308 237
145 88
52 296
260 86
55 142
239 81
262 227
175 330
111 114
68 242
317 210
298 7
88 329
141 188
202 104
301 291
202 304
221 44
172 269
304 138
208 321
232 196
334 10
80 239
156 144
171 64
14 20
102 206
288 179
24 135
70 2
13 141
117 161
251 288
234 236
149 191
220 248
67 198
279 58
104 109
71 79
148 295
25 63
233 311
76 282
71 259
266 276
322 15
27 306
24 18
297 30
300 202
194 121
19 124
126 212
279 66
197 182
193 159
57 283
35 187
337 2
327 197
121 241
97 67
127 272
67 175
27 58
154 140
178 321
43 315
303 213
184 313
211 51
90 77
273 283
73 76
117 62
230 9
135 85
287 273
58 115
200 91
175 157
281 53
62 258
315 8
204 220
301 194
223 202
110 73
287 31
159 115
146 232
332 54
73 251
242 257
232 318
105 2
48 325
315 61
135 41
255 250
195 83
316 22
171 11
101 159
292 114
3 318
201 318
104 4
305 324
235 229
219 134
201 334
284 241
39 225
41 133
205 44
264 74
300 215
31 306
60 243
337 253
269 248
20 295
246 91
294 17
21 65
98 325
293 126
144 260
219 267
190 49
114 78
96 301
12 320
201 185
166 174
286 139
96 26
60 218
249 63
69 249
41 227
223 106
186 34
72 75
249 121
327 282
161 330
329 296
31 137
220 46
15 285
316 257
33 146
76 289
32 39
205 334
225 23
182 0
18 100
297 173
131 158
7 316
237 172
235 271
332 165
130 90
161 216
129 273
236 145
220 34
126 169
171 243
105 151
115 263
150 198
192 288
30 7
70 231
214 194
203 76
201 12
74 195
277 68
247 214
295 262
318 107
237 110
104 176
109 202
134 9
102 72
87 45
204 94
43 200
98 191
0 22
152 159
28 311
62 179
75 109
101 288
101 250
304 88
72 196
130 169
163 225
114 211
17 269
3 127
176 298
336 93
143 106
52 71
17 137
299 241
280 76
161 170
182 38
117 78
212 139
128 336
127 216
326 25
306 235
88 331
252 167
22 256
141 253
191 51
26 238
319 268
37 337
314 155
201 183
208 163
140 204
330 182
92 74
143 80
113 110
112 79
59 278
283 11
104 35
135 37
269 16
56 13
127 23
239 175
155 325
339 161
75 78
257 120
112 163
1 49
164 214
87 316
263 253
232 48
98 159
124 169
50 331
272 22
320 34
105 326
219 127
191 260
254 222
120 56
19 40
130 167
159 160
231 69
245 35
307 248
57 3
300 159
318 52
238 190
3 118
323 4
285 0
275 230
118 87
199 275
77 41
256 269
10 115
113 269
19 3
217 35
301 175
172 212
286 215
18 247
180 9
178 154
129 301
127 61
249 193
80 267
269 264
231 291
315 260
210 226
236 56
170 8
150 299
219 239
319 226
269 110
61 31
184 85
6 337
218 304
11 62
316 107
255 266
28 207
315 35
293 265
58 221
7 310
172 320
175 267
21 71
315 280
223 54
180 227
73 23
130 307
77 160
25 263
202 135
319 285
292 205
301 18
224 201
87 320
330 172
103 195
109 94
156 36
283 156
41 54
56 300
49 339
178 206
194 232
202 123
190 58
1 271
326 263
48 209
45 85
48 250
29 321
50 94
183 91
261 160
186 119
52 198
39 82
65 22
120 13
193 273
179 34
238 290
61 308
266 285
103 206
325 141
319 170
265 146
13 280
193 206
269 232
269 235
88 252
100 148
323 188
90 14
2 49
320 238
122 62
196 242
306 211
161 254
37 265
115 303
252 220
151 294
54 39
322 81
245 89
171 63
281 237
254 115
74 180
41 222
80 104
238 338
106 242
256 24
234 148
11 9
290 249
318 250
111 162
339 93
315 103
237 77
129 101
238 145
297 318
251 267
113 91
190 142
20 317
0 297
77 164
298 216
83 35
311 107
217 265
288 334
66 115
56 260
282 330
273 75
101 251
104 210
262 46
172 117
79 195
338 197
112 80
28 155
109 111
226 137
159 222
249 195
215 259
138 4
262 148
93 83
81 39
119 288
229 192
96 114
280 308
320 164
300 52
169 81
154 160
138 309
280 161
107 103
149 1
237 95
56 31
227 205
338 56
141 304
128 151
216 65
92 193
261 256
323 234
258 44
33 230
1 163
252 268
226 28
294 160
72 245
125 108
93 201
226 94
53 60
63 205
243 187
108 276
109 10
253 107
221 188
116 127
179 294
75 120
216 239
121 63
191 78
289 182
185 128
192 256
151 265
8 112
296 309
267 173
104 185
108 262
308 72
120 1
37 64
169 278
199 328
14 107
99 129
185 199
314 98
1 72
237 22
258 6
289 234
84 313
72 83
165 308
246 262
266 203
154 52
43 157
102 34
184 337
316 190
63 186
131 338
45 311
72 232
298 180
162 103
17 20
174 104
201 0
160 307
240 58
220 141
319 204
323 43
82 202
141 321
77 6
103 29
244 129
104 38
26 48
209 143
176 42
133 104
61 245
116 68
302 98
248 166
155 141
90 212
42 74
70 17
186 31
222 155
335 37
74 103
198 205
309 177
65 112
234 303
310 109
116 163
94 18
77 321
8 232
211 165
295 11
269 42
308 223
148 314
57 130
322 119
285 25
246 115
265 197
75 79
257 170
151 215
300 120
95 174
195 37
271 47
235 268
49 39
30 148
43 40
66 219
154 20
310 80
213 231
240 225
163 113
164 49
280 11
329 337
53 229
301 4
1 176
243 128
140 81
237 133
25 65
212 235
323 6
93 313
83 56
307 251
92 319
281 20
300 116
185 86
197 62
142 159
41 27
163 312
86 70
204 143
45 272
64 312
185 62
318 185
173 305
246 71
289 155
37 334
281 95
5 13
287 4
36 153
140 206
324 131
59 94
335 130
20 265
98 2
80 3
325 335
279 3
191 63
156 239
329 281
323 175
127 25
56 261
171 59
266 145
281 319
163 232
23 85
305 244
19 173
210 192
275 69
87 80
85 65
151 178
276 116
295 332
66 7
41 333
141 73
145 166
250 75
82 49
268 311
172 84
236 108
197 189
15 104
202 131
98 138
102 234
68 86
181 213
245 304
338 179
293 227
70 212
164 255
271 287
214 316
178 32
213 203
275 187
2 243
28 325
167 296
47 169
202 271
220 213
132 19
337 163
56 155
141 115
126 200
52 51
50 135
287 284
19 217
67 10
157 122
126 81
34 2
80 133
197 326
31 90
62 12
146 87
200 67
311 322
240 259
147 251
68 238
288 297
218 38
337 90
84 295
181 228
123 307
227 232
314 79
252 16
138 214
42 150
127 300
310 189
44 193
92 50
78 301
242 91
111 118
58 319
207 259
27 36
272 201
103 272
160 168
283 191
31 270
171 266
207 170
64 330
20 49
97 88
206 294
308 27
212 28
41 205
253 206
253 336
152 112
89 208
196 277
55 337
322 51
244 290
208 233
128 216
81 124
182 258
76 251
49 303
180 2
336 159
176 41
117 127
189 37
247 175
240 135
159 33
94 49
32 311
202 65
186 100
82 269
91 286
281 121
21 30
198 166
203 102
258 245
166 27
148 335
294 202
61 273
191 296
256 214
17 159
197 237
255 174
61 21
225 324
183 237
194 211
332 291
229 234
182 284
35 253
116 261
61 225
27 176
277 320
323 212
276 295
152 46
339 150
196 158
212 122
33 270
336 97
63 192
250 306
310 163
147 137
155 82
246 196
166 96
75 169
216 84
213 66
256 155
1 34
1 123
147 156
43 113
128 141
185 278
304 120
38 253
128 268
186 79
212 336
311 226
96 232
74 168
41 307
312 132
55 104
50 101
283 42
72 246
255 120
176 119
163 42
118 247
324 197
63 116
37 91
22 329
268 121
159 146
198 4
336 189
110 126
75 183
308 205
59 279
101 189
165 100
121 170
6 59
296 105
307 110
122 113
117 11
297 93
331 289
76 173
169 201
100 58
299 46
239 122
205 147
194 181
42 192
295 294
178 333
174 315
238 166
90 297
315 197
169 2
88 262
69 257
11 232
117 165
314 295
223 13
175 245
266 177
179 98
319 305
77 248
97 68
2 338
180 1
72 260
302 196
71 135
70 133
131 8
152 25
56 18
48 286
316 202
331 80
58 223
187 45
310 35
310 333
237 242
120 114
67 121
259 183
73 160
43 239
17 323
110 323
257 138
303 102
121 164
308 36
122 202
269 107
257 284
153 40
2 130
275 288
3 39
52 181
261 332
308 121
309 182
304 294
276 299
205 218
64 10
47 38
220 172
162 168
258 232
115 119
285 331
266 236
313 178
167 28
162 188
39 10
235 237
292 48
293 16
71 75
77 145
319 232
158 129
30 332
256 239
99 20
166 185
129 2
5 161
304 24
3 106
269 335
213 105
288 118
16 124
147 319
295 161
0 307
146 49
335 86
246 231
165 159
129 125
278 291
70 176
244 23
279 129
104 230
113 215
58 288
56 126
42 149
98 15
226 100
66 231
1 182
275 55
339 3
267 45
192 85
112 289
48 248
79 338
47 259
8 183
306 180
96 299
254 321
190 86
34 254
300 241
96 90
15 80
260 28
112 320
237 284
279 292
143 196
222 236
218 107
74 191
320 253
82 173
203 184
172 138
225 10
320 322
245 99
329 265
160 162
178 251
266 75
182 264
91 188
43 115
110 18
7 9
87 240
173 217
268 263
86 136
67 49
152 288
266 49
137 209
143 93
328 245
21 171
22 71
180 100
243 242
170 176
130 288
207 79
207 213
25 278
0 149
291 182
122 288
235 165
125 214
29 128
128 302
48 156
197 83
252 206
221 151
185 146
98 54
180 16
107 239
186 95
322 238
107 186
25 335
194 254
330 169
111 260
142 186
0 147
149 302
69 226
313 89
165 136
261 185
82 118
241 289
203 339
63 21
43 267
260 157
162 7
30 150
118 254
60 123
8 332
253 298
236 153
268 218
236 160
204 301
335 280
17 262
189 256
302 63
29 271
300 108
204 106
170 98
210 88
258 2
63 290
49 237
72 80
88 38
121 329
169 157
38 254
111 337
93 25
89 8
33 208
139 224
142 74
4 306
88 50
282 0
137 236
138 186
291 300
326 142
50 70
320 40
212 298
268 134
207 112
102 254
272 241
67 298
62 47
328 38
76 48
280 324
270 325
291 56
325 312
238 329
336 290
24 235
18 23
268 254
259 329
284 219
274 299
81 183
24 177
268 231
12 87
207 239
134 126
142 155
332 45
193 38
261 174
234 209
88 27
195 60
19 154
265 170
159 9
27 169
26 180
268 81
298 0
33 128
323 290
64 85
50 188
220 159
177 225
287 32
161 248
306 37
176 111
287 308
209 151
168 45
95 19
61 297
301 325
181 42
13 88
285 63
331 339
321 225
55 259
204 13
164 217
181 44
308 204
283 327
219 314
106 152
109 35
166 330
213 103
83 125
147 3
325 197
264 190
81 250
251 67
194 41
289 326
154 156
133 288
190 313
113 271
63 96
269 281
5 115
136 124
89 300
176 281
72 217
11 221
241 46
219 141
2 205
163 120
86 229
98 114
183 313
35 264
104 322
31 233
271 15
64 161
60 272
123 18
170 6
223 274
250 60
16 34
229 18
265 161
74 242
172 187
93 2
231 107
283 192
298 157
300 259
264 139
261 253
331 1
181 137
312 26
102 338
336 125
38 231
33 36
277 264
291 123
331 31
29 78
174 70
112 126
309 114
26 68
220 149
306 184
118 157
179 253
295 297
141 237
96 4
174 28
208 333
279 140
339 212
123 199
188 39
197 166
183 274
299 223
132 127
45 334
48 6
104 245
144 313
278 125
115 74
79 80
260 59
109 57
221 209
113 208
296 295
156 199
288 324
252 113
138 266
333 278
209 286
39 224
229 162
111 147
338 173
3 68
182 21
156 127
208 193
94 287
90 213
119 253
290 31
203 125
335 19
195 132
230 242
89 250
206 64
285 221
268 37
208 72
105 191
107 241
287 292
245 253
180 281
249 103
96 121
127 151
307 200
127 182
14 26
256 282
287 102
334 286
90 205
203 156
43 24
231 181
198 76
17 182
132 65
311 145
41 284
240 274
19 9
159 325
208 47
157 168
5 79
287 251
153 257
264 21
335 169
97 19
237 53
314 165
3 153
252 74
146 107
183 297
187 332
154 224
100 205
32 43
167 134
269 24
98 276
108 124
109 297
165 0
277 20
149 93
28 245
21 14
159 134
329 2
159 237
108 330
175 210
60 64
270 165
299 193
239 270
65 308
127 306
15 177
149 43
225 19
177 143
245 181
244 259
229 113
274 241
63 53
89 35
282 259
267 44
204 48
276 112
142 167
215 154
322 36
79 98
122 116
311 21
257 325
242 150
281 219
49 98
90 317
234 150
282 181
293 82
34 37
232 199
21 265
4 183
95 117
209 247
334 331
176 56
7 80
234 4
49 274
45 39
311 138
26 137
262 283
314 157
272 234
260 199
123 185
27 84
67 81
66 101
242 19
59 134
175 98
337 204
193 161
307 22
264 163
337 50
264 88
267 141
259 36
308 180
51 163
193 307
104 211
8 312
316 110
269 293
75 259
214 59
307 2
316 116
2 301
84 128
50 307
97 16
330 189
58 291
327 190
105 119
78 311
215 245
0 218
44 141
167 207
273 46
88 81
287 215
25 209
69 62
35 294
241 322
208 93
99 128
71 25
139 146
148 232
90 46
227 112
64 245
109 141
78 91
337 43
267 50
13 68
84 245
242 249
33 194
255 49
317 337
89 316
271 205
25 322
312 103
154 145
84 204
292 291
41 98
286 122
248 274
291 144
205 249
259 131
210 187
225 102
191 218
78 71
18 282
160 136
150 27
231 223
338 324
158 64
141 222
7 27
62 336
27 125
11 30
280 54
163 221
222 280
140 310
92 140
175 196
266 48
100 63
20 45
159 69
121 69
47 158
189 237
190 203
11 84
62 102
168 180
298 142
103 239
206 50
278 220
294 228
279 201
139 127
230 223
54 157
89 176
197 63
34 238
159 272
115 322
295 115
80 148
149 88
281 268
175 47
67 7
115 335
140 124
327 175
113 226
273 271
62 183
136 4
317 153
255 39
157 6
313 143
182 198
208 7
120 166
46 16
328 272
290 176
336 152
211 30
264 267
26 190
286 269
318 264
34 180
84 269
241 245
98 253
324 62
229 220
181 265
127 90
101 239
39 99
26 318
202 270
50 118
198 164
274 120
15 9
318 146
315 156
95 158
140 66
167 212
121 179
316 177
316 184
123 80
108 201
80 108
328 143
72 188
166 33
113 54
147 55
120 43
108 252
196 230
23 118
186 131
113 239
32 175
262 1
175 244
326 179
106 41
43 70
46 213
228 95
80 314
143 161
149 132
232 335
67 337
127 86
304 273
152 268
86 95
255 195
163 149
30 54
227 196
179 60
302 132
215 232
137 280
57 92
283 15
289 66
160 296
181 229
252 238
180 282
297 305
93 276
115 145
156 38
309 71
24 149
304 279
60 152
49 169
208 103
256 268
260 113
189 4
308 154
21 314
173 144
189 255
157 181
245 195
215 188
219 0
173 262
59 121
322 318
200 211
149 284
307 240
327 266
312 61
136 121
283 8
258 191
317 298
211 335
337 232
338 132
142 22
318 130
188 304
19 317
126 95
151 56
31 260
305 32
49 187
2 13
298 337
323 316
289 103
205 33
159 312
156 250
36 46
94 34
281 152
153 32
272 153
46 123
111 121
140 300
27 337
234 50
255 132
275 204
337 70
96 174
22 171
327 206
295 322
107 321
294 21
4 190
40 159
99 126
262 130
142 63
92 215
170 177
310 325
91 274
279 163
156 266
102 15
211 293
104 93
245 261
106 236
144 276
294 237
145 320
126 8
161 164
96 297
134 234
213 124
29 122
339 240
239 181
121 155
94 144
135 270
37 304
82 96
166 29
294 109
311 296
284 156
199 223
256 303
45 25
39 59
292 229
275 10
154 190
99 316
258 320
30 308
205 176
230 26
99 7
235 223
184 227
65 169
150 282
25 129
150 286
254 267
59 131
57 33
62 257
44 263
41 265
276 91
339 277
285 68
190 160
274 72
46 230
19 295
268 127
102 202
146 197
247 190
276 49
215 63
126 180
278 9
94 38
223 28
269 223
115 314
240 170
110 135
163 106
320 136
217 85
105 206
206 195
93 82
21 72
183 172
315 278
148 247
137 210
28 183
87 166
269 165
325 27
303 187
188 60
137 24
288 41
86 154
331 44
162 104
151 57
324 187
206 15
63 254
160 108
148 89
195 137
213 194
276 192
186 214
83 146
82 57
73 194
76 136
206 251
315 336
17 39
5 229
46 127
248 113
234 301
214 324
74 182
107 48
319 109
83 63
97 51
93 322
127 98
158 253
107 284
187 89
151 207
43 68
19 185
191 324
115 270
309 105
216 7
189 162
320 241
254 317
66 106
173 140
91 69
135 109
92 183
182 333
300 57
202 241
221 242
61 292
321 214
243 132
87 205
2 69
145 14
241 261
236 211
326 243
257 237
206 337
103 250
103 335
197 190
144 280
252 189
313 326
42 247
219 39
218 277
339 311
165 25
326 120
28 24
323 21
235 224
171 296
305 9
81 127
114 283
152 130
181 117
14 274
242 66
238 213
279 171
236 50
320 157
235 174
254 141
212 240
108 138
182 85
157 308
254 49
34 132
265 202
118 103
257 150
84 273
125 337
23 337
12 185
15 123
255 19
278 77
203 3
80 214
103 303
131 89
42 175
93 323
55 38
167 186
87 268
48 243
133 304
46 15
240 133
151 173
44 175
314 85
170 192
128 86
24 4
34 39
70 230
330 135
57 312
193 327
55 293
132 223
283 97
244 83
335 216
307 309
150 199
28 38
168 138
49 110
166 179
138 314
285 218
21 206
140 184
65 220
134 210
186 230
70 277
334 284
268 195
113 185
275 156
19 103
116 4
62 31
321 123
233 323
239 299
26 53
211 150
123 178
171 189
127 330
252 64
46 117
18 337
245 307
197 242
48 180
245 48
284 327
339 0
80 295
309 149
236 13
339 128
216 171
187 72
65 15
114 313
243 336
136 95
318 24
125 175
185 173
248 116
251 240
85 70
277 104
79 317
173 60
196 220
45 252
22 75
275 211
6 16
315 334
168 210
333 280
261 144
171 61
136 326
61 76
90 192
333 244
300 309
290 9
245 282
280 193
115 144
24 219
300 53
315 97
246 226
285 53
61 69
73 123
126 34
90 110
313 185
231 167
175 300
269 119
160 297
77 182
280 52
151 131
200 213
272 140
290 59
81 3
139 258
132 225
115 101
94 214
81 284
120 317
115 255
331 49
132 334
328 89
280 281
236 132
330 148
288 18
311 98
111 157
332 92
201 271
210 262
220 23
56 278
147 49
232 67
79 180
205 287
141 233
201 144
203 95
188 190
5 116
40 205
45 80
33 226
309 324
89 43
259 81
42 76
288 280
304 168
38 57
289 174
317 78
159 13
272 83
17 296
147 71
168 6
174 29
110 39
55 84
23 243
38 5
78 168
5 64
250 208
288 77
141 89
318 50
22 60
124 284
279 153
306 239
130 15
324 270
111 87
244 74
168 92
150 153
318 209
319 85
286 97
267 246
148 272
231 229
117 183
256 152
75 339
262 161
174 11
137 49
159 123
80 54
28 270
78 281
14 249
28 45
315 212
246 281
43 160
303 167
113 58
221 0
301 161
105 315
243 127
155 29
5 7
161 42
171 183
220 83
180 202
181 151
44 75
49 33
175 164
153 234
152 19
97 214
242 90
60 170
152 165
269 50
21 90
26 207
143 68
22 293
256 277
290 13
311 19
315 277
292 94
78 39
233 73
104 294
291 157
230 288
187 17
130 166
238 317
30 253
236 322
115 4
14 294
212 26
78 34
213 102
35 275
295 240
251 210
330 202
200 78
73 28
158 89
23 147
128 124
109 137
115 241
9 24
84 306
240 17
120 31
39 146
4 245
207 146
292 221
15 89
177 290
274 196
100 294
329 52
101 71
40 323
271 127
235 5
62 27
287 123
218 87
97 280
6 150
127 126
94 87
6 308
150 191
95 63
299 88
257 154
161 201
296 18
214 130
134 311
184 102
78 49
44 216
