300 5000
165 128
49 151
187 291
247 60
248 220
153 84
199 17
124 52
39 90
135 209
122 68
266 160
297 195
11 210
129 246
104 122
141 17
110 274
274 273
239 61
288 267
275 26
33 32
209 103
218 119
186 198
23 93
19 233
227 166
38 104
203 86
257 14
95 163
293 16
92 111
102 25
120 154
166 294
164 147
286 183
33 78
250 98
103 229
137 128
82 144
209 89
9 209
60 5
8 59
178 269
72 246
247 69
134 173
53 113
274 78
65 58
29 83
172 122
223 140
298 251
228 188
148 143
183 125
50 121
143 198
218 155
41 242
243 189
56 67
210 197
85 214
59 211
98 129
139 166
289 4
72 145
281 172
159 14
69 68
10 37
160 81
116 47
291 62
279 159
107 104
137 270
67 164
102 67
258 292
155 199
50 22
209 284
190 130
27 253
296 60
220 262
169 250
116 159
284 240
100 69
181 265
249 248
267 131
163 266
185 226
72 286
246 126
45 65
126 144
148 10
66 139
266 93
230 111
117 190
183 72
181 152
217 154
250 25
214 169
197 35
244 296
254 211
251 42
15 169
83 264
183 185
198 71
194 221
51 176
150 120
38 62
34 9
194 178
127 48
83 24
237 246
180 229
154 171
150 76
213 97
284 234
4 299
234 85
29 207
287 48
26 177
80 123
161 120
1 8
181 228
177 281
85 162
59 236
267 238
77 105
23 235
175 104
57 159
159 174
287 87
240 149
28 264
287 172
43 47
57 41
228 256
64 218
98 183
152 122
7 0
177 221
190 60
233 88
114 286
123 66
160 265
79 167
146 198
123 103
121 85
4 214
26 286
198 147
112 269
276 231
0 194
55 33
87 268
100 0
85 30
28 64
173 100
165 251
128 288
276 33
259 80
127 252
75 297
194 228
180 255
31 162
179 67
145 102
241 62
182 220
129 67
232 86
101 78
259 55
145 41
128 131
223 175
53 265
46 251
137 247
200 40
196 6
178 140
119 151
122 87
275 15
9 175
269 139
199 259
21 282
145 79
98 187
295 69
119 272
43 194
64 217
157 11
108 251
60 45
166 188
14 282
276 18
131 252
241 120
263 281
106 211
284 298
103 69
109 19
106 6
175 94
81 218
93 52
46 296
2 108
52 72
126 69
279 221
44 229
172 54
244 52
10 102
101 260
49 166
40 120
150 192
137 251
140 125
31 99
184 277
163 5
199 14
54 235
131 14
281 3
151 78
94 146
204 296
86 219
42 178
225 165
14 34
102 146
252 220
213 167
226 291
282 264
211 135
230 84
206 233
181 85
162 156
298 285
11 133
241 141
202 104
278 159
82 167
195 70
182 64
3 20
210 248
138 118
274 240
97 208
161 179
272 29
1 190
159 63
212 31
292 17
99 263
206 14
79 233
282 32
138 161
163 47
38 243
29 240
226 299
24 76
37 124
183 7
177 174
20 71
188 292
277 4
179 157
166 273
242 187
181 190
4 70
282 141
298 172
35 273
47 109
40 154
127 46
199 108
292 221
12 229
74 51
259 94
105 248
199 100
88 217
210 92
285 61
103 287
161 126
286 169
165 49
92 190
281 15
59 84
127 278
103 207
244 93
85 134
59 246
275 255
241 228
195 42
167 259
82 219
182 203
142 281
86 294
299 271
44 263
174 123
129 133
141 145
6 228
265 68
198 225
62 53
190 297
233 210
53 84
168 10
55 206
39 53
299 211
280 214
191 50
87 168
77 93
262 273
146 112
284 120
64 203
107 246
259 236
50 25
277 59
120 145
7 252
40 295
182 252
147 202
196 239
221 132
156 299
260 205
291 68
115 163
261 78
166 196
253 119
29 239
25 298
251 274
214 2
218 180
170 283
73 151
232 152
224 64
262 125
228 128
215 110
71 65
285 60
50 1
189 276
71 170
262 64
234 158
173 88
79 289
288 257
160 1
143 228
295 265
20 45
176 234
272 170
127 202
59 193
184 138
182 191
21 76
19 55
143 87
156 161
161 249
150 198
173 291
101 97
184 220
60 270
150 169
135 116
151 135
96 48
72 18
4 94
118 276
99 19
251 209
16 207
111 212
299 200
7 292
94 11
1 153
93 11
211 239
86 109
236 240
88 111
160 260
146 287
160 125
17 194
109 73
114 36
184 76
164 131
175 164
57 162
212 276
123 272
9 169
280 111
260 265
155 287
183 234
4 262
171 34
226 60
96 125
252 246
58 29
171 61
243 213
186 215
75 175
20 120
60 29
252 171
281 175
4 98
147 283
210 183
289 167
90 1
293 79
201 281
260 5
146 115
243 260
83 107
99 202
93 44
171 118
268 263
207 138
210 45
262 257
171 258
30 129
65 6
259 192
139 287
248 260
56 37
21 48
294 76
202 149
24 138
149 83
187 136
75 208
250 194
162 59
49 223
7 286
183 106
165 67
85 247
57 218
61 140
148 190
115 228
142 62
200 194
95 186
48 210
242 181
60 267
258 56
82 165
266 288
266 243
189 229
291 163
87 269
298 171
246 278
219 148
46 202
51 150
254 258
45 5
184 227
230 63
56 5
68 262
46 71
131 238
214 151
177 185
154 26
16 36
178 213
211 160
154 281
295 167
153 74
139 227
227 290
191 59
21 250
240 251
33 116
77 21
213 120
148 241
18 261
265 146
168 249
233 290
55 163
238 159
138 288
173 294
294 123
2 266
264 20
178 141
229 267
150 16
260 264
255 170
22 83
68 106
111 192
267 50
42 48
152 50
294 124
146 42
75 28
10 298
289 205
279 135
139 110
69 271
123 64
217 222
166 85
18 30
32 133
267 259
175 154
60 24
12 21
69 86
159 267
291 220
8 84
79 67
17 22
104 244
137 92
68 221
276 54
5 20
39 143
139 254
19 250
134 122
218 124
3 144
27 107
19 185
208 287
151 249
124 196
199 257
284 288
208 293
15 245
119 243
128 97
69 236
132 94
223 52
184 6
113 186
143 32
26 130
162 79
186 168
172 90
210 82
65 7
285 202
43 112
299 76
51 11
247 141
144 223
137 290
165 272
105 92
157 59
101 83
185 158
221 240
23 288
292 244
87 60
162 176
172 83
119 15
125 227
73 59
96 225
20 132
240 156
235 130
296 237
60 84
31 261
140 188
27 121
214 3
288 129
192 120
168 106
77 154
15 137
261 296
34 256
145 100
268 30
290 49
134 45
75 92
19 48
245 173
31 151
39 254
229 240
190 82
55 17
95 189
15 235
66 273
205 267
34 186
227 256
212 45
135 178
207 137
91 141
47 6
37 281
155 248
199 273
185 149
98 240
137 16
288 5
160 86
78 49
135 133
215 122
273 36
240 60
148 293
115 192
31 4
113 59
285 186
277 270
286 225
83 34
242 22
201 297
126 66
289 288
53 88
168 74
6 292
220 142
135 148
120 58
182 122
119 7
29 237
22 152
43 242
197 228
18 80
280 122
251 121
271 81
273 78
235 179
293 29
127 297
32 271
296 275
296 102
195 243
146 269
84 105
254 5
268 279
229 242
258 213
198 231
58 232
37 157
96 104
291 248
236 268
182 66
3 57
20 231
33 290
139 161
48 54
83 231
84 223
23 134
46 3
243 249
4 180
15 215
9 71
31 205
62 163
144 173
73 118
127 124
207 244
279 278
27 2
200 15
77 217
155 297
116 96
137 174
292 203
227 80
75 68
24 144
178 256
77 209
113 183
5 176
292 142
28 18
263 125
234 1
129 299
227 95
259 29
191 291
203 289
66 224
187 294
254 276
144 27
225 296
272 118
15 19
113 15
42 147
169 248
30 288
122 148
257 167
262 87
149 112
190 54
257 24
248 226
66 96
53 102
271 11
242 277
141 88
231 211
153 168
13 288
191 218
80 279
212 243
292 174
134 256
36 257
182 16
233 6
240 285
168 117
185 279
246 205
195 23
44 292
182 129
14 270
186 244
187 268
285 10
25 80
294 285
9 250
45 97
234 257
278 143
215 3
59 286
222 82
29 31
266 223
38 180
109 178
135 177
138 216
213 60
92 221
253 80
37 33
204 177
78 54
265 174
124 197
294 5
93 262
63 262
267 179
146 126
221 278
230 135
142 93
145 276
50 229
8 194
50 29
23 187
90 114
108 106
117 124
238 83
274 221
7 89
76 46
77 275
70 67
75 288
49 97
194 274
133 49
11 83
110 150
9 58
149 68
276 16
113 99
263 230
193 83
170 203
17 280
187 62
174 0
148 94
235 201
216 134
236 245
5 0
205 225
254 188
134 1
163 271
264 58
139 216
200 132
158 97
274 41
127 39
30 26
223 220
267 247
120 64
0 29
221 181
174 228
173 28
36 12
151 5
64 255
230 251
282 276
79 43
172 94
189 231
18 88
136 219
164 209
197 286
107 218
205 113
173 241
181 236
297 186
273 137
136 207
229 253
28 189
157 8
187 78
30 60
245 212
58 276
14 62
159 54
223 101
26 0
37 207
169 288
121 34
183 133
50 158
170 1
22 96
139 291
165 41
119 39
181 150
62 281
224 281
224 2
147 62
192 256
192 234
51 108
263 233
17 28
238 266
177 289
288 193
255 41
57 253
232 144
190 254
124 156
70 165
43 192
201 154
66 176
110 195
81 166
200 63
258 268
291 167
54 256
209 97
286 126
90 17
238 132
57 32
68 216
86 145
107 201
65 42
73 294
77 220
34 212
264 222
93 221
5 154
194 289
168 295
230 19
253 204
165 64
185 156
107 276
107 178
78 68
293 55
162 139
29 285
139 204
4 154
255 223
262 263
111 28
187 144
174 274
234 107
176 49
243 264
247 195
276 240
195 270
33 107
182 142
244 295
162 191
69 35
105 173
127 162
112 54
12 230
278 184
105 110
221 207
231 36
54 170
279 149
78 140
277 30
267 129
239 277
52 11
115 104
272 266
240 244
254 178
194 137
89 281
273 81
265 23
9 138
218 19
200 144
224 225
286 20
182 40
77 123
190 78
96 259
100 234
272 114
38 272
180 0
115 62
110 117
103 135
4 96
7 136
217 79
130 156
97 169
220 16
293 154
34 187
129 218
54 146
14 245
235 177
161 270
3 102
83 109
88 238
234 164
176 217
113 136
109 50
89 150
279 122
238 11
283 91
70 119
248 237
158 90
4 92
183 140
17 93
295 268
218 214
275 34
133 127
261 141
288 86
45 103
246 167
284 228
272 298
190 189
38 28
81 199
135 97
113 232
221 249
247 10
212 134
29 150
69 47
36 32
170 293
178 43
180 286
225 85
274 3
123 269
122 244
196 169
288 88
127 174
55 284
193 168
185 48
60 93
71 0
120 299
184 126
233 18
147 26
182 246
33 22
109 79
57 106
205 275
202 172
295 193
179 238
114 117
214 18
179 18
46 293
260 276
122 65
31 190
289 52
193 177
184 263
116 16
152 269
278 1
163 206
166 41
91 34
91 14
55 296
155 60
125 267
106 41
60 253
6 131
32 34
59 1
291 188
255 285
128 249
34 267
214 229
82 80
188 146
279 130
290 117
159 145
167 247
288 255
257 107
72 176
243 295
207 296
159 117
294 88
158 178
66 27
161 25
265 249
142 203
10 166
60 27
78 32
148 254
29 98
176 298
269 23
19 278
37 95
273 223
195 98
177 1
236 213
131 107
34 56
139 4
79 49
192 142
219 58
38 256
10 15
183 228
289 57
137 267
265 203
202 259
230 114
199 13
218 25
206 221
123 264
253 236
86 81
101 38
271 234
47 54
221 76
198 65
273 265
272 168
219 275
289 264
163 54
285 116
195 92
265 266
249 157
227 229
46 100
184 196
224 147
187 39
274 260
245 25
125 15
150 116
211 124
14 114
151 216
228 54
178 228
290 185
249 269
0 130
253 286
290 85
277 264
179 59
130 22
7 268
168 294
288 241
183 248
228 32
74 99
297 250
26 79
15 272
295 138
70 49
74 190
218 74
217 186
85 215
126 242
261 134
54 250
68 239
65 123
201 49
284 130
231 120
247 291
33 287
212 49
11 281
296 184
34 265
6 42
180 216
239 132
193 231
238 177
193 17
16 265
101 238
102 18
49 285
186 132
247 68
267 123
97 294
123 85
148 257
27 201
40 167
131 189
90 15
116 246
178 11
71 175
139 184
126 147
133 70
102 201
297 161
188 284
75 53
264 162
111 284
173 94
12 2
3 15
299 28
57 37
229 176
199 27
34 67
269 35
212 258
123 246
178 199
296 218
287 69
172 169
193 115
143 90
92 163
5 275
199 160
108 35
145 232
98 291
27 39
266 126
202 262
17 137
187 4
60 130
179 48
197 116
181 21
89 295
219 194
283 45
41 1
247 206
118 173
296 66
129 149
86 231
4 179
279 44
252 143
83 87
146 280
193 4
148 252
254 97
97 234
126 113
139 163
120 151
269 181
249 2
265 0
23 30
67 261
208 95
299 197
158 226
275 253
145 123
62 32
189 166
242 184
77 299
6 83
22 275
197 192
166 242
144 224
296 137
23 32
106 42
17 16
85 147
16 107
182 239
124 2
64 242
33 271
16 286
80 132
294 7
159 265
227 292
112 203
150 107
110 77
224 67
149 168
73 57
185 172
6 197
245 8
248 223
181 20
113 176
252 190
235 239
158 5
67 95
7 275
16 77
272 90
75 261
236 50
146 184
262 166
118 296
209 176
28 214
174 252
201 227
134 138
268 245
23 131
264 209
1 75
298 94
109 189
173 14
47 227
233 28
10 187
40 298
108 234
259 120
287 212
63 213
178 76
187 270
209 139
122 139
298 30
251 122
192 41
54 27
66 277
172 296
59 25
193 154
162 94
35 294
135 226
184 156
258 289
16 231
246 255
70 282
71 192
180 142
3 288
216 5
115 285
223 286
105 1
65 115
15 218
20 74
196 82
262 276
6 201
157 175
194 232
128 183
250 136
250 299
100 71
29 236
35 116
297 272
223 268
158 157
32 291
81 98
239 252
76 162
251 143
90 275
57 83
218 158
295 119
134 142
118 193
215 103
96 52
292 197
296 82
215 1
243 279
100 215
85 164
43 87
214 38
143 121
175 253
220 299
0 170
25 16
228 222
270 82
51 227
272 201
70 151
56 250
235 283
139 114
77 33
93 78
26 162
98 249
235 241
121 253
121 203
292 119
173 5
131 295
219 76
101 290
212 122
102 166
126 151
121 118
62 65
3 292
124 223
198 151
70 294
14 70
267 46
5 153
192 208
134 102
191 136
160 201
10 23
224 141
200 142
158 243
38 130
193 124
170 78
168 98
48 213
102 119
240 118
129 28
281 29
224 106
298 154
296 262
199 169
113 154
172 32
151 293
71 136
136 283
211 178
120 0
121 200
102 188
180 118
92 275
135 158
189 260
298 69
8 229
156 54
21 223
287 145
124 252
218 204
141 215
205 293
273 50
119 123
219 52
233 239
203 236
92 159
298 201
130 205
44 58
273 172
203 102
170 263
97 178
30 188
42 8
234 127
28 146
275 203
93 254
205 179
135 56
176 1
264 220
43 184
149 241
230 273
145 57
76 230
250 190
264 281
202 21
157 65
126 299
215 159
293 116
166 127
58 117
231 46
188 150
125 110
75 87
214 1
104 149
28 13
62 220
272 26
223 120
177 252
183 280
240 246
209 292
266 33
180 281
81 225
90 72
232 234
255 92
94 258
299 238
188 11
291 103
168 244
115 107
247 126
76 260
208 121
13 201
287 257
156 297
210 121
140 79
193 142
209 122
65 255
215 207
80 162
52 57
204 134
217 275
195 116
287 119
232 256
296 20
34 148
122 123
51 184
187 93
283 86
185 190
244 134
280 172
110 193
52 89
276 256
119 152
63 117
140 26
164 50
232 167
249 33
111 73
219 113
232 292
279 215
257 104
10 184
199 205
35 200
108 161
107 101
245 120
216 298
41 168
280 204
156 265
51 187
38 1
256 110
14 244
19 284
60 202
91 53
274 30
238 43
17 45
135 245
148 17
3 204
29 165
111 293
45 218
210 9
35 23
223 53
263 245
244 150
108 58
183 17
84 70
157 87
61 37
111 30
34 16
102 165
226 102
200 191
9 134
261 157
228 108
97 67
100 50
34 280
9 221
133 236
286 141
34 294
25 220
198 208
290 132
93 57
271 37
18 146
35 79
275 183
85 22
87 30
55 126
239 4
117 271
256 189
237 262
153 2
88 67
247 150
238 97
124 21
61 115
217 26
235 2
1 261
272 171
168 279
250 174
184 269
168 37
0 23
158 154
14 162
6 13
32 126
239 158
139 203
291 297
194 67
31 194
102 42
199 53
240 159
270 175
191 210
107 38
238 1
143 12
197 205
216 150
102 208
18 246
30 117
40 121
75 16
291 180
195 10
273 23
253 120
213 252
296 189
39 105
75 279
3 195
297 36
292 35
87 225
186 77
112 35
57 209
65 222
128 170
213 36
27 159
134 63
289 174
112 18
91 222
15 240
268 41
29 139
172 210
159 113
243 94
12 120
244 1
66 43
196 234
227 244
151 237
259 276
33 104
108 6
258 285
103 43
207 14
204 94
258 288
73 172
126 245
225 135
30 154
23 242
152 74
173 125
165 229
138 156
270 292
259 138
273 89
268 18
161 220
142 206
205 195
16 121
164 201
123 155
111 65
235 107
53 206
57 165
283 175
203 181
299 296
139 267
199 129
4 80
159 152
172 11
49 19
196 28
215 182
29 105
189 278
259 132
172 245
41 21
131 275
135 132
100 80
59 214
0 200
198 66
220 298
71 41
27 299
150 288
267 187
142 12
246 203
226 118
275 198
295 192
217 247
70 227
216 73
155 29
206 140
28 190
150 60
58 50
131 96
12 194
154 161
146 202
127 138
281 75
209 116
248 272
239 299
277 76
265 85
106 173
196 85
216 202
252 212
39 13
182 12
292 152
60 220
290 156
227 162
277 299
126 152
83 51
126 111
212 138
288 102
233 61
252 123
286 104
113 294
294 104
88 98
142 37
141 244
270 48
105 65
290 23
176 248
162 276
287 229
37 262
251 180
120 61
234 168
107 7
23 205
241 37
163 243
25 108
250 1
93 2
50 165
252 59
184 16
134 257
268 138
69 59
106 109
84 240
7 185
23 109
52 39
91 271
109 159
217 266
243 63
276 106
113 1
50 26
231 228
279 90
251 123
196 154
295 283
82 137
267 170
298 54
207 45
66 267
139 138
170 181
239 120
298 77
84 193
129 139
23 275
251 0
2 122
102 197
20 148
231 273
171 260
71 204
156 261
97 232
82 281
279 47
203 9
208 206
67 29
296 50
23 138
82 49
90 287
270 58
255 210
150 219
105 299
61 177
94 225
73 87
163 279
132 104
33 177
132 211
289 172
0 158
69 180
161 211
0 205
48 266
241 192
219 286
257 60
241 46
218 223
112 90
87 266
286 42
183 90
279 32
134 135
220 187
152 189
290 190
14 268
85 189
158 80
247 246
247 38
215 213
15 45
202 283
288 242
223 51
194 36
170 137
181 57
134 130
30 240
109 152
18 42
278 298
41 115
71 214
294 257
204 151
124 237
147 110
264 84
59 114
226 69
32 6
2 221
201 271
132 76
286 190
83 215
127 35
36 156
100 266
59 231
165 186
130 19
293 66
281 219
125 71
155 220
87 88
216 206
46 280
209 285
127 31
48 1
44 145
114 183
97 117
20 8
61 52
31 232
194 76
186 173
110 287
255 190
5 243
127 56
4 130
189 297
279 276
158 123
33 288
26 125
107 252
141 28
110 123
174 69
31 77
205 244
228 292
209 246
266 40
88 106
282 7
21 297
285 278
59 215
185 181
298 35
193 235
264 184
139 221
96 244
200 20
263 143
258 121
119 219
226 220
121 71
251 263
163 198
219 42
16 32
244 233
135 67
54 45
246 288
84 247
152 124
75 65
32 195
23 266
61 296
42 116
142 226
34 33
53 107
281 5
17 224
183 88
120 250
131 211
3 37
187 251
155 196
52 276
68 12
15 89
295 72
22 200
138 254
216 46
130 297
220 130
44 165
111 27
257 100
276 201
134 200
179 198
253 216
262 20
220 144
133 296
65 24
158 6
193 112
293 88
97 277
241 164
15 173
154 219
228 182
62 1
203 193
192 183
5 203
58 4
155 212
227 262
2 82
85 65
99 41
242 107
138 48
133 122
290 179
281 105
9 281
226 200
81 112
216 187
283 123
65 134
151 260
264 206
175 131
37 134
52 165
41 134
151 272
106 204
119 94
88 231
247 127
253 220
190 13
111 40
57 212
2 137
251 272
287 130
194 238
228 282
27 43
16 125
222 68
190 152
175 26
254 34
284 8
17 227
267 185
3 260
54 229
28 245
169 132
42 63
193 259
286 165
221 125
274 113
218 255
140 135
246 243
263 65
112 256
23 173
236 262
140 63
31 149
141 74
275 132
286 182
259 255
67 257
216 107
241 1
206 148
175 44
246 154
22 133
49 107
157 9
266 296
134 246
153 254
162 290
16 45
103 6
37 87
197 294
110 159
172 116
161 237
195 200
289 133
14 194
178 41
74 252
80 38
31 217
5 299
236 119
206 287
45 148
113 4
96 3
70 103
173 128
32 237
146 78
45 235
212 203
33 40
281 298
124 19
108 143
13 5
228 274
169 280
52 227
231 254
43 259
48 148
160 258
212 51
4 135
283 196
140 299
273 111
31 252
224 176
36 288
175 168
79 216
66 124
237 90
105 195
239 6
119 273
22 8
234 261
280 216
84 16
164 69
112 108
108 9
196 18
197 81
151 215
60 235
194 236
229 5
206 241
249 175
0 230
240 100
20 167
140 167
153 257
270 265
51 267
166 219
267 215
31 155
251 194
119 22
247 177
181 183
208 217
128 258
178 83
211 159
192 14
216 258
193 141
196 170
172 98
199 37
107 296
237 222
222 267
66 48
168 118
157 13
1 102
67 278
160 219
252 82
186 182
250 152
202 209
98 215
63 224
173 73
189 67
196 173
156 7
18 177
131 15
293 37
147 1
263 163
4 207
213 27
89 61
32 110
134 22
150 31
171 241
125 115
187 219
107 179
214 102
7 133
252 198
196 291
248 19
1 136
47 61
116 13
11 208
161 38
298 203
165 183
94 144
125 201
88 239
84 199
38 125
299 37
180 165
4 81
212 238
89 244
267 251
291 264
186 44
294 107
101 15
156 90
133 254
221 44
1 258
186 296
174 255
296 57
254 290
242 159
281 147
44 272
298 197
125 170
141 63
139 133
2 281
289 279
261 171
273 155
214 276
288 120
133 3
131 47
220 241
157 212
215 113
10 154
86 137
268 109
261 114
214 184
36 4
200 228
128 163
71 64
22 217
264 155
152 111
252 240
77 200
154 271
50 128
19 68
149 64
214 202
168 209
288 149
112 276
172 236
44 117
162 199
272 33
11 203
108 127
294 184
212 298
118 17
264 183
127 184
244 191
148 5
44 20
54 226
150 186
225 291
19 217
249 139
33 17
232 49
225 183
298 204
150 195
105 47
290 286
44 162
126 291
285 153
54 119
214 122
113 60
243 98
273 282
134 240
267 228
247 112
35 263
180 265
90 128
136 73
282 242
41 205
87 135
94 139
119 146
265 196
7 93
88 255
250 277
298 82
210 67
56 97
198 282
228 24
286 174
202 90
94 201
252 230
295 175
244 153
213 43
195 281
251 75
212 283
220 113
27 46
137 73
25 186
269 129
275 193
129 185
178 273
144 168
188 42
174 243
254 41
159 95
80 225
229 57
1 54
220 50
65 152
289 80
288 83
123 86
295 195
141 233
29 222
200 86
6 188
292 100
187 108
113 272
100 261
97 226
49 160
299 54
175 0
232 135
23 34
13 212
297 290
237 110
162 198
90 203
147 149
165 21
83 114
272 5
77 168
234 217
0 92
60 197
86 204
184 147
48 99
280 110
189 193
67 25
84 108
245 80
37 195
152 173
154 297
6 282
45 289
235 221
265 182
174 73
166 108
291 176
171 230
165 177
261 86
7 10
254 172
213 157
256 99
297 104
65 54
264 254
276 147
136 228
171 242
156 16
250 173
159 17
107 118
93 285
250 47
184 9
38 297
134 193
266 202
149 282
235 91
196 203
258 177
230 61
204 40
218 167
203 178
185 147
271 119
157 257
133 118
112 125
275 86
181 1
171 201
94 96
168 119
16 44
172 155
8 57
127 165
156 296
76 50
95 24
215 102
50 81
100 82
12 28
121 225
18 156
12 254
210 272
183 163
0 284
149 178
193 145
289 150
3 168
95 68
156 110
138 92
147 250
267 96
112 131
17 80
63 12
98 3
223 197
231 291
230 9
147 273
143 161
239 248
191 134
87 33
134 203
220 261
39 153
245 34
148 97
167 241
151 207
103 142
283 239
178 198
166 254
24 277
201 282
16 20
78 276
144 255
239 210
115 286
138 143
241 278
129 10
177 30
30 36
88 9
255 125
177 236
88 179
134 121
66 112
128 241
58 286
42 268
287 149
239 11
51 278
282 169
128 87
139 295
229 285
236 186
68 241
268 159
101 216
219 129
23 28
283 94
95 181
167 111
79 186
240 143
132 230
106 10
201 24
200 2
223 284
209 225
117 291
104 191
250 282
175 87
238 246
247 48
57 34
223 135
183 152
190 206
278 53
31 119
55 146
154 111
23 202
243 126
186 81
150 158
71 167
179 64
130 274
183 169
96 68
292 11
230 91
269 298
30 259
205 1
264 299
236 18
34 271
261 181
17 189
226 32
169 28
157 51
138 21
208 239
222 1
180 217
154 34
271 296
102 73
59 153
184 165
280 6
155 296
159 80
94 233
152 134
243 275
177 29
4 137
181 42
227 181
6 43
52 44
283 279
47 86
162 196
115 128
287 122
24 155
210 49
165 173
244 235
177 109
89 233
143 193
236 184
172 180
287 269
46 180
135 215
106 146
220 107
263 152
46 90
167 85
228 0
219 175
109 114
219 36
257 138
258 247
159 218
158 294
51 59
137 169
299 298
67 223
124 51
139 28
49 128
55 236
180 18
89 257
52 281
76 14
85 144
219 133
266 246
4 38
108 210
57 207
87 241
149 193
233 133
81 204
110 233
161 105
137 211
165 122
246 197
74 61
245 256
75 108
123 157
9 233
32 244
276 10
288 239
168 260
162 28
193 98
227 211
22 34
46 60
205 214
257 131
59 7
269 143
165 81
78 64
194 26
93 295
280 283
211 282
174 154
90 159
61 83
243 92
73 166
288 265
120 165
182 160
43 254
267 212
278 55
98 254
284 276
124 144
185 51
64 96
159 290
297 197
201 213
210 0
116 51
37 227
158 176
95 137
141 112
196 252
134 77
190 145
184 135
260 180
148 88
59 208
178 210
161 191
167 226
286 162
141 36
227 140
270 151
181 51
135 47
204 45
42 123
159 36
68 67
188 274
101 262
202 298
265 151
126 158
100 237
125 234
2 107
10 179
18 79
22 69
217 11
104 97
136 88
293 95
189 9
219 268
25 197
174 97
237 162
286 235
206 295
191 232
55 270
15 142
88 286
74 26
283 252
273 141
159 257
85 92
196 225
175 161
249 299
271 289
32 180
160 127
10 197
204 15
293 64
59 55
40 220
62 140
117 78
14 53
222 6
7 276
237 23
126 101
120 263
95 222
21 53
234 156
255 67
162 153
140 283
215 272
260 68
237 163
179 201
138 44
80 187
243 298
288 285
121 33
21 67
213 176
26 69
264 113
72 247
190 72
31 35
280 242
58 284
268 220
226 285
29 54
64 130
204 11
128 257
139 70
38 215
12 241
59 254
197 22
210 73
43 108
296 233
264 3
10 79
68 245
173 117
19 71
296 21
112 132
126 223
52 107
83 41
298 218
78 213
293 289
114 82
282 135
180 13
272 129
30 113
282 89
279 298
100 213
254 210
189 57
200 196
2 29
246 0
169 152
30 280
295 120
95 214
234 149
33 13
263 141
18 291
107 91
228 157
200 48
167 209
74 65
199 44
35 56
143 46
19 134
83 229
78 136
117 241
30 194
187 225
217 259
19 25
246 16
149 216
176 257
36 117
179 132
180 65
169 68
36 282
217 98
65 220
63 281
163 201
96 92
68 283
33 229
163 192
157 116
150 28
208 150
122 201
212 43
83 225
238 162
26 96
52 278
122 247
274 143
25 203
66 148
99 17
242 93
34 98
234 157
37 20
145 110
254 152
256 197
124 281
257 202
229 115
18 59
282 206
14 11
16 115
242 275
260 247
15 203
49 25
101 144
70 189
116 154
291 183
107 152
210 64
47 64
151 8
33 160
175 189
195 64
149 221
73 157
222 100
260 215
56 275
291 128
195 51
27 32
91 78
171 159
38 128
260 56
53 181
235 0
28 44
6 27
289 56
187 127
282 175
264 171
199 73
185 138
13 241
274 160
104 81
204 50
137 263
194 177
211 141
44 99
27 97
17 114
67 36
51 164
186 82
71 258
173 261
90 155
290 143
279 12
134 25
129 188
130 124
180 140
56 52
194 270
167 56
273 73
245 242
82 115
96 235
144 128
268 148
252 96
32 220
206 269
85 21
25 231
80 202
285 283
138 96
257 253
190 150
15 1
234 241
37 267
178 3
194 92
77 7
16 248
92 152
254 140
105 216
216 205
178 170
2 270
8 249
211 171
212 201
146 219
168 38
161 153
107 20
229 280
195 60
23 126
261 242
259 112
56 186
8 55
289 218
16 239
129 162
122 234
178 216
227 247
137 252
70 65
0 173
128 83
45 58
122 25
212 159
133 55
204 135
169 105
245 73
296 114
241 23
75 161
96 166
208 195
288 55
267 63
19 63
134 29
62 223
275 266
245 141
289 207
12 74
137 75
266 0
173 133
17 121
118 21
35 245
280 222
218 273
39 29
197 85
87 277
43 11
156 200
41 33
65 83
191 167
295 173
53 67
71 287
184 85
24 57
59 207
235 37
122 185
253 172
206 267
202 70
229 48
6 152
284 114
209 66
133 74
233 4
9 76
177 11
118 217
197 201
281 248
239 190
215 187
166 290
182 20
155 135
55 170
121 286
232 147
271 59
192 65
208 163
152 42
84 64
231 137
88 123
32 9
105 147
89 178
177 6
62 4
69 141
96 203
3 45
31 273
280 224
136 252
33 164
261 288
51 175
272 277
230 66
24 164
1 288
56 146
37 226
98 86
110 5
91 143
174 1
151 114
284 158
25 105
0 8
3 23
2 133
275 109
123 171
39 181
112 293
13 135
276 113
50 28
128 172
234 52
82 21
22 284
88 13
130 135
2 150
152 13
278 211
177 129
62 179
82 77
149 183
131 166
147 130
168 113
271 256
12 116
21 147
271 84
17 42
36 101
70 154
77 62
78 131
223 150
284 25
223 202
126 132
15 159
115 38
150 33
157 242
267 124
241 160
72 31
31 297
31 9
75 248
40 24
123 265
1 116
126 164
192 190
262 123
103 168
218 91
260 279
151 98
229 81
188 299
217 45
293 259
2 75
231 115
25 71
130 159
195 107
83 190
106 76
33 259
250 248
50 103
227 82
17 221
185 34
92 291
22 185
167 216
73 239
100 31
154 139
38 211
27 31
91 288
117 140
187 109
66 60
195 101
227 215
146 22
152 247
42 120
191 69
74 156
266 255
246 157
236 88
210 138
68 114
217 59
84 1
144 189
117 118
293 74
117 125
174 185
137 206
119 194
190 242
202 124
221 226
67 86
133 36
283 276
205 102
28 70
278 233
239 198
235 280
107 231
213 88
106 187
35 155
177 131
280 69
279 140
6 294
105 254
73 175
277 149
280 274
285 13
48 45
252 57
44 251
245 31
297 93
192 102
71 278
140 75
20 55
43 109
233 1
125 165
292 48
64 232
103 76
83 49
89 262
93 113
30 108
143 249
173 230
66 52
248 158
244 144
162 25
124 134
83 66
26 265
170 207
154 227
294 10
51 263
164 251
123 285
283 20
232 54
208 131
247 181
100 70
248 36
195 220
87 5
241 92
101 34
188 199
114 290
50 179
202 68
21 63
73 185
102 135
244 264
39 37
46 282
98 90
150 108
61 232
35 94
267 180
102 292
71 177
6 79
188 28
229 35
294 186
97 37
83 12
70 260
242 32
225 133
285 203
93 231
279 287
282 163
217 167
76 148
286 193
101 166
185 237
20 155
187 196
26 170
189 160
281 237
34 112
132 75
143 41
160 70
158 164
105 247
79 15
5 57
89 203
203 127
209 234
219 171
270 11
119 92
152 204
156 241
125 99
122 293
32 268
171 160
113 17
165 285
283 222
200 52
227 115
99 8
185 20
247 293
276 299
54 259
26 241
142 260
119 23
121 112
222 143
109 64
288 103
263 224
224 132
191 55
48 77
105 182
204 91
117 224
216 19
67 234
257 229
121 156
284 259
71 292
203 133
125 11
290 41
135 125
33 224
14 19
210 117
5 147
129 3
240 138
250 259
202 284
20 68
98 190
16 258
37 52
221 5
154 258
52 202
269 232
210 131
268 100
178 122
43 280
224 215
69 66
193 23
280 296
127 171
278 168
108 254
284 43
84 260
21 274
17 198
160 237
187 117
247 254
88 207
109 278
25 154
285 277
121 46
277 115
168 133
232 294
94 112
299 209
164 115
102 88
291 53
285 112
275 24
256 177
48 264
186 293
106 132
267 75
125 235
159 45
289 32
142 293
211 228
193 66
106 35
241 83
120 180
81 176
58 82
25 118
241 90
287 162
90 141
205 212
61 156
246 251
174 153
19 80
76 159
173 229
14 186
157 269
283 294
133 262
144 227
74 163
110 34
105 171
112 3
192 221
234 162
124 70
58 283
30 221
150 172
84 5
129 22
101 161
140 237
245 163
181 264
160 85
42 121
297 277
100 155
64 37
171 197
98 107
242 69
280 165
53 144
121 207
142 136
293 138
137 52
83 192
191 190
53 77
45 115
160 204
298 153
102 49
298 178
174 139
199 90
196 13
265 172
241 73
64 172
255 282
50 116
286 164
17 149
115 1
92 88
57 298
125 174
119 296
74 158
153 218
62 116
130 216
194 168
127 211
156 103
65 229
63 26
80 75
61 267
62 23
17 54
127 168
196 59
299 248
99 54
139 222
189 45
131 229
49 52
72 38
11 75
29 291
198 284
98 97
122 240
195 278
137 18
7 164
29 186
246 260
283 49
210 28
57 292
39 138
290 261
218 75
212 289
192 109
198 50
173 287
17 267
245 82
151 108
95 73
106 129
283 273
178 118
105 125
168 121
153 6
291 137
27 269
232 23
30 17
8 259
277 74
239 202
221 245
281 115
1 117
112 10
245 2
267 260
275 16
60 50
121 54
96 123
205 88
130 36
272 240
137 272
11 4
256 131
151 57
296 181
256 247
96 174
90 229
46 52
222 185
79 166
65 101
141 139
27 105
233 168
296 208
246 74
250 27
195 233
194 205
242 111
229 98
148 133
33 188
52 134
186 31
264 256
127 71
283 18
136 83
296 242
129 268
0 211
282 156
273 70
181 107
167 239
241 101
89 115
98 119
257 220
109 100
100 165
19 298
183 215
188 287
39 87
44 159
188 242
13 141
82 23
137 125
118 216
122 137
298 18
297 216
239 240
289 157
145 146
51 89
33 252
80 221
190 68
295 236
246 250
276 73
62 112
145 235
73 202
45 197
147 170
149 166
25 138
119 140
269 128
124 289
58 21
232 227
276 166
11 200
137 113
145 81
165 137
281 291
296 8
95 199
231 172
195 18
88 237
292 86
148 35
198 153
147 182
70 45
217 126
292 206
114 62
223 117
103 55
288 232
279 72
23 297
173 131
42 210
290 145
46 85
75 225
289 253
241 42
64 235
125 210
151 287
13 8
54 44
248 265
23 249
12 213
57 42
281 110
258 161
265 166
8 16
241 119
244 74
154 102
183 39
268 180
130 275
91 239
249 92
8 189
299 61
164 76
241 14
224 199
230 170
129 136
142 279
18 32
206 130
125 123
228 2
296 167
275 57
70 137
192 292
227 129
86 121
238 204
225 171
200 179
100 290
38 245
170 152
105 21
149 155
198 193
41 278
139 152
26 195
294 282
221 10
28 273
183 244
249 115
105 4
287 233
199 158
184 272
23 263
274 13
282 38
292 110
127 209
144 34
160 133
77 194
270 196
260 174
297 46
40 97
263 116
214 23
199 279
177 142
284 17
167 299
217 223
97 195
244 115
74 7
46 86
157 237
11 70
27 289
73 275
9 59
8 65
13 175
97 287
194 249
90 148
60 279
255 293
281 271
85 81
142 0
47 115
13 183
242 266
69 73
154 147
223 0
63 184
207 285
211 209
292 282
32 103
70 111
109 27
191 143
114 85
227 39
141 25
63 161
79 188
156 210
81 64
172 24
42 40
168 49
21 112
107 94
103 67
149 3
23 160
3 280
61 62
202 286
128 106
244 11
271 268
125 282
231 272
8 159
89 54
6 26
201 295
138 233
236 44
220 189
142 137
183 18
71 87
279 33
225 4
76 67
66 25
219 257
99 62
153 80
254 4
270 63
40 20
211 39
274 43
130 103
20 294
143 241
6 245
61 84
164 17
81 146
8 74
29 262
80 73
238 284
157 48
206 39
211 196
216 136
124 153
133 247
288 229
299 214
208 252
30 9
66 67
123 170
236 174
100 68
129 61
82 261
66 24
168 143
281 83
77 81
92 265
157 29
99 194
163 28
94 176
198 14
14 126
163 181
49 30
66 144
93 66
280 288
206 146
219 198
90 136
54 130
56 166
143 234
20 59
64 269
80 258
52 245
149 187
19 283
200 25
152 208
97 105
227 136
279 18
261 48
119 250
52 48
129 1
44 255
174 295
295 45
295 222
37 74
261 133
75 18
112 208
171 112
0 138
90 282
4 189
174 141
134 150
116 299
280 278
21 251
213 126
180 266
40 186
231 149
214 191
95 170
164 53
202 290
159 4
119 298
64 52
188 112
168 200
251 38
27 9
263 66
51 99
114 105
230 69
50 189
208 247
146 163
86 132
96 17
147 217
129 248
57 222
11 91
209 290
90 131
172 179
113 298
38 234
146 241
141 223
165 66
4 281
109 95
257 139
265 62
288 207
193 158
174 208
266 258
262 293
155 253
37 279
171 71
179 129
86 285
232 94
234 182
286 117
20 252
142 97
56 245
241 221
48 174
202 179
37 22
53 85
66 284
48 40
126 105
271 263
202 200
285 244
133 40
170 246
11 236
57 244
182 98
243 258
165 296
297 184
100 40
252 103
134 293
275 133
109 234
201 253
269 49
178 67
76 39
281 84
203 91
204 227
134 44
71 40
148 41
274 102
143 244
88 28
299 0
48 129
87 186
151 274
157 98
37 76
260 275
120 277
9 13
9 99
152 141
256 114
88 56
41 122
78 227
41 46
112 135
230 43
9 192
87 3
53 190
236 35
194 225
46 38
130 18
26 35
284 78
158 290
54 92
15 172
26 289
60 159
41 207
202 194
12 77
151 84
279 48
285 28
130 246
101 70
13 163
8 61
292 241
218 162
35 254
267 94
57 96
67 216
295 57
185 261
67 259
59 237
201 123
296 294
159 10
113 203
39 265
79 164
188 216
47 40
224 270
295 1
267 108
224 211
166 180
251 287
16 189
233 32
24 8
121 149
231 102
145 52
26 7
158 125
149 14
251 197
48 22
223 2
146 288
258 290
121 94
161 78
116 274
156 284
214 194
31 123
49 24
214 265
289 69
202 186
46 31
194 158
114 213
258 279
193 211
273 250
150 7
245 270
289 166
58 169
69 159
234 272
99 89
245 213
271 165
19 27
32 164
255 142
253 168
18 256
245 23
212 40
130 228
270 15
104 204
67 20
162 86
280 207
269 2
160 234
147 68
136 135
25 248
70 161
247 23
298 124
200 71
245 184
164 2
128 21
294 225
192 153
220 177
5 192
208 210
102 63
61 50
287 166
105 183
171 245
106 48
180 277
83 176
145 132
218 72
4 43
71 289
73 96
218 63
23 196
106 171
72 76
209 232
163 58
134 20
72 13
23 27
233 142
123 89
145 14
192 171
179 203
246 256
271 40
105 236
156 155
146 19
257 236
61 209
181 94
192 30
30 33
260 152
27 118
12 46
180 5
242 78
219 251
202 261
243 239
275 278
271 7
103 140
269 6
130 91
253 190
216 237
219 93
277 219
120 85
73 133
282 2
141 95
139 266
110 7
161 216
271 146
88 190
184 291
56 148
157 130
217 287
253 73
5 256
206 205
9 33
168 223
266 280
209 250
100 39
35 211
100 221
239 298
193 114
43 271
73 293
195 135
191 103
102 164
240 139
25 157
67 155
17 244
115 127
42 211
71 147
206 178
293 9
8 172
266 227
229 137
41 151
99 196
59 76
153 14
196 31
123 206
263 111
77 206
212 15
137 34
245 229
174 119
75 96
52 31
160 130
26 75
41 227
24 266
174 18
152 130
182 111
232 85
5 107
70 91
150 201
287 36
41 212
107 29
270 170
101 132
291 295
0 190
182 279
27 182
160 93
26 179
145 172
199 269
47 295
123 176
243 228
247 274
89 84
210 259
182 10
69 218
170 298
267 268
159 129
281 170
261 84
107 164
9 145
148 168
137 127
145 248
228 180
59 201
170 208
294 152
171 30
146 141
12 52
12 233
223 185
69 196
104 227
207 261
179 79
161 246
224 264
198 55
5 29
161 273
118 111
134 21
51 213
138 128
280 52
93 63
223 127
22 297
75 66
218 170
162 122
296 65
37 125
24 22
58 230
256 75
163 168
221 47
118 76
45 256
155 160
270 66
88 268
12 58
118 234
227 65
241 182
43 78
123 33
146 101
245 107
186 228
19 103
219 297
113 195
216 6
0 11
267 25
153 209
124 233
227 284
198 185
240 165
140 97
297 257
65 149
297 204
147 125
115 194
197 287
152 93
240 101
222 163
80 141
3 296
192 27
49 69
100 161
174 70
196 256
42 21
180 143
4 229
285 106
46 204
158 76
198 58
10 83
56 215
278 46
234 13
73 152
299 113
138 251
149 100
265 95
79 227
7 165
213 183
163 288
283 206
180 252
133 67
254 80
173 166
44 87
88 263
52 225
72 71
244 50
88 290
283 287
11 1
279 253
52 155
183 180
289 130
267 70
45 32
140 185
89 269
0 162
185 13
242 265
70 172
291 61
165 13
299 72
275 289
20 173
138 194
53 145
79 255
89 118
158 238
268 264
282 74
46 7
21 149
47 101
48 290
202 91
215 200
128 8
218 277
23 157
204 266
222 151
263 247
115 117
138 1
32 12
30 222
73 285
63 29
143 215
28 121
282 98
114 169
269 251
31 113
179 167
92 121
234 219
298 151
93 214
30 292
266 113
220 260
84 163
217 216
262 153
13 69
20 86
164 172
236 126
178 274
266 247
200 51
34 102
216 117
155 295
138 282
89 217
97 284
137 256
129 85
199 245
144 201
206 145
32 69
167 147
259 170
33 277
216 62
287 246
61 211
191 152
262 219
157 174
88 6
299 155
35 154
157 162
281 97
126 244
195 137
209 30
274 81
201 241
84 235
189 288
267 8
82 271
227 188
176 261
136 54
171 78
5 98
30 211
297 278
186 102
58 293
148 258
226 123
4 32
18 296
205 11
142 122
66 213
69 170
105 87
228 23
78 18
32 208
165 244
14 69
139 150
11 16
57 25
169 173
131 276
73 299
37 232
170 235
3 224
94 32
270 123
276 164
214 206
226 261
112 235
188 39
104 58
128 130
117 137
171 4
37 98
186 290
125 199
109 101
255 104
246 65
239 155
271 141
207 12
24 175
269 264
276 294
225 222
279 74
38 73
281 151
48 98
97 159
3 73
105 293
193 171
136 266
284 44
290 249
33 231
225 279
29 264
183 164
216 248
225 114
92 198
81 279
285 145
60 43
241 165
26 296
111 231
104 62
198 33
113 250
131 69
246 274
23 114
232 252
107 239
215 123
45 128
238 98
163 254
35 238
142 49
43 186
269 145
106 222
28 149
22 19
34 214
50 212
85 1
256 16
43 204
216 218
43 155
110 40
61 264
151 229
10 105
77 120
49 294
215 275
151 36
294 217
128 153
248 274
170 210
191 6
76 270
61 225
294 255
261 72
23 174
45 286
208 273
29 233
96 291
182 59
231 298
246 284
206 187
162 163
218 96
250 11
172 53
160 106
84 239
157 10
292 66
88 211
73 181
189 191
5 95
76 121
122 100
263 165
65 283
291 9
156 38
226 111
112 101
153 255
153 238
146 231
14 281
269 77
0 268
212 234
173 35
141 97
22 190
294 220
225 32
275 190
177 294
53 209
13 202
76 93
249 176
179 17
160 296
45 0
124 123
103 118
121 83
295 275
253 142
22 49
66 262
256 231
145 245
284 153
285 233
206 289
61 168
75 250
173 108
17 136
4 131
3 286
202 53
211 163
55 30
275 238
34 226
66 39
118 289
165 146
214 9
209 80
143 114
193 129
15 252
27 212
101 76
164 55
82 24
