2200 4000
1922 804
542 859
722 648
1908 1747
1420 1081
363 904
307 1071
678 1701
2129 2127
1115 1293
1587 2117
1197 705
1677 1176
188 396
477 98
380 288
446 398
730 2176
1509 599
1840 1831
844 449
1391 2006
269 473
884 2122
806 170
1923 2134
2101 1131
1769 2109
1971 1806
0 1133
1949 752
153 1726
2020 875
2127 1088
1695 267
661 1676
76 830
1159 1630
1872 337
1539 835
1066 1588
1671 287
4 1890
1301 1356
2029 1267
1166 552
385 1337
2155 794
719 1216
77 1624
136 1726
1311 334
1794 448
778 536
933 1943
337 989
1134 552
1703 457
1332 648
663 1401
88 2070
897 1288
986 1289
1776 2194
54 497
387 1541
314 765
1559 1911
1214 1532
41 335
1596 365
795 1041
2049 1744
140 183
393 358
1504 629
1712 1302
996 776
1597 735
2069 1047
280 879
726 994
273 438
259 499
689 1211
223 2114
395 1241
2010 1461
635 158
127 1577
2023 1999
1723 2009
1080 1394
884 603
1767 487
39 1325
436 428
2131 1557
1858 1495
1425 983
1730 1293
2153 1096
25 15
363 49
388 777
1463 1047
1119 1406
2195 2101
2004 1681
2054 76
884 1672
1803 1849
1730 121
513 1849
1015 2117
1181 1052
141 1566
435 259
2142 1630
1631 336
668 919
2141 1357
2052 1963
1378 1009
1452 9
1730 962
2136 1227
1920 1860
514 801
1604 1394
1254 1761
1710 1378
1043 1125
1051 309
206 1077
1069 1595
218 1844
2059 1530
2139 858
1196 1866
869 2013
376 2031
808 1512
305 57
1510 1061
2095 1931
587 1373
2134 762
1298 2196
1714 2030
1061 864
1030 1988
679 1459
2182 1572
1937 1014
1578 500
838 60
1446 45
1990 791
1832 760
1813 1737
689 623
211 1677
966 2092
2080 264
438 610
1874 138
240 629
1088 960
1808 824
287 1120
221 1619
328 2137
2013 529
2042 1106
1169 917
1641 1498
899 1122
369 232
1050 1456
1295 1401
1802 2090
1825 1076
191 610
888 1449
378 476
2059 71
1778 1293
1090 914
347 1924
2046 2043
1678 1162
222 620
1366 634
593 1325
1496 600
1888 1407
812 1969
1476 1201
101 122
198 1295
301 704
487 843
1353 110
1406 938
731 1899
77 2067
2040 188
1346 1478
1071 793
389 303
1388 2075
1802 629
1397 146
1395 1565
1348 1081
1049 968
244 2032
732 298
329 470
1197 2183
1336 667
1820 1962
1614 633
1501 260
617 784
52 1410
1233 843
857 1195
118 1957
1081 396
188 248
1590 696
2062 1856
607 1410
1924 1807
819 1287
1932 959
1301 1892
2076 475
1977 1714
1863 1803
1990 1513
635 2101
2058 1325
315 2165
1205 1523
153 119
189 1097
1248 352
2047 430
1914 1742
1665 1463
1324 1141
2029 371
1757 197
1766 1969
100 436
1390 1744
1870 1045
537 1040
1914 632
1534 2092
1616 1042
1362 956
622 1306
500 1136
415 501
1944 954
424 949
996 48
405 2150
2091 654
1104 1703
1850 497
681 1174
1940 416
1172 34
635 1828
1101 737
1321 1829
73 42
1528 9
286 1883
1069 153
662 1044
948 901
1353 379
1844 1711
1363 616
1730 944
1808 469
395 273
1984 1261
398 1920
102 995
1094 1927
1709 1669
1857 16
1961 75
1003 402
1492 1014
657 1046
1451 1064
543 2098
1860 65
586 1050
2166 1598
561 1748
255 284
1281 2141
1168 860
1264 1163
1516 384
473 680
471 491
1128 69
582 1071
719 304
1012 1636
923 1622
552 1802
647 947
1050 1913
860 1427
761 1214
1884 1400
389 341
2080 1585
777 1039
99 1055
1978 1173
264 1260
1706 2090
754 1730
1274 1399
1076 35
1947 869
2016 458
1696 711
1313 1948
1850 1896
160 845
188 829
1331 1229
1780 817
490 251
133 237
28 2186
1653 779
1053 1205
1229 2082
1885 785
1339 604
580 64
932 1697
1240 62
377 1798
1282 290
208 1846
189 1089
529 732
1382 648
1856 427
1213 1043
831 1740
1191 2087
2069 1072
778 1487
520 1066
720 1999
1053 1765
677 739
1779 2185
1844 363
187 1744
763 1391
136 1398
1879 1378
847 2008
1053 1567
1572 197
527 2172
19 1932
239 1583
9 1086
193 1054
1582 60
1345 622
1890 2049
1275 2029
296 698
1060 563
323 1838
1166 537
1712 329
869 1447
752 501
1176 1828
638 1170
683 1132
1909 1358
2059 593
471 1750
747 2134
1382 1194
1423 1865
546 1216
737 1601
588 814
1980 87
865 309
941 697
450 1413
1660 963
1557 38
143 965
267 2052
370 1935
1275 485
313 1138
1889 1679
636 945
2067 846
1787 963
297 684
2104 889
534 1531
35 1377
365 782
1808 2170
1850 2143
1819 1215
572 1828
1033 1135
1295 1283
32 1217
1497 1193
1684 441
2058 1101
1067 845
43 527
1079 52
1056 421
663 60
1678 197
429 512
647 326
131 371
1026 817
80 1353
1672 1089
1273 830
286 571
720 1941
1192 531
1747 1555
1422 41
928 259
2127 57
23 818
1649 135
449 1844
1506 906
1731 1075
1068 1960
1335 1426
837 1813
1097 609
1232 2080
970 1481
992 28
1896 858
1780 899
1221 1734
1854 1896
662 1663
1741 447
1634 1349
709 282
1028 1098
1230 1415
831 1252
336 984
388 859
968 1980
1572 1279
644 1674
2191 1243
2168 1615
886 2055
1047 1627
1261 209
824 1778
2063 1064
2180 678
1580 1272
1062 498
75 1691
1142 1208
1180 1365
1812 1402
66 2061
1702 299
662 948
152 1808
1482 2052
817 1919
1849 413
74 211
413 564
83 1793
1009 2016
426 2031
420 1086
1706 1361
1898 2123
1304 125
1447 1369
2108 1239
2185 526
24 1990
1767 2119
660 2057
1080 215
1219 1482
150 1826
1627 1632
27 1839
1131 2102
1445 3
1683 2057
127 435
1993 1507
659 1870
1262 1868
601 2151
1861 1522
1969 593
456 1498
397 1311
135 1420
422 2126
1872 1773
1060 2024
1585 53
1626 57
82 52
583 1525
331 1353
1969 2007
814 1862
1672 2101
1864 938
1179 1369
933 1387
941 2113
1804 334
94 326
43 1222
411 1208
1403 1290
501 897
1436 1460
600 1074
1883 1679
1950 1524
1536 461
1334 582
378 111
615 671
1119 766
453 272
562 1094
937 700
1300 1652
946 1227
133 2109
1503 444
840 2126
1885 1022
1462 2176
2024 519
1566 1376
343 1545
732 2177
605 2067
1793 1295
1462 641
578 959
1567 2185
229 1533
386 652
1012 1751
1098 649
1019 158
2058 850
597 1600
1248 1162
1335 570
2156 1507
1539 847
2050 396
1979 1551
1221 499
1005 1479
652 1150
1033 1294
2022 786
1553 1041
365 1767
1844 2031
2127 226
996 2001
978 478
1637 232
1287 1855
954 1766
572 457
1 958
473 774
3 1777
952 1079
1459 688
1663 575
1086 1240
333 1476
1587 2065
1846 1111
304 262
399 1411
1642 1887
1275 1141
1905 1262
881 1658
1930 754
1913 139
1888 1041
709 38
1064 340
1200 1458
724 1548
1044 2054
963 1891
244 210
773 1756
606 1209
1180 1349
736 1838
9 1460
899 1260
158 378
1449 556
1530 925
782 224
837 2098
1407 1985
560 1057
1137 1886
1504 814
1807 275
2042 1826
1807 562
1162 568
1072 1049
1563 1980
1258 451
2181 408
2081 1174
445 2018
1764 205
56 23
736 1764
1306 2194
1423 168
2143 2093
192 1360
1398 181
2045 798
358 920
108 1170
314 799
335 2157
1080 1556
679 1809
95 2141
782 1944
2058 1287
1446 2087
266 160
1360 292
2003 1351
474 44
873 116
679 1326
369 1109
1554 1415
1293 1039
2157 306
931 1172
1730 1574
255 463
1884 1389
191 1900
1206 1572
109 2133
1984 2196
135 1316
394 1966
1480 1218
1256 864
1843 1494
658 1
892 757
1387 2175
1359 1348
1829 1581
1927 281
474 408
371 163
546 1429
41 1458
1996 103
661 1562
714 257
1223 1712
1993 931
665 1906
1618 1453
1774 71
1070 927
1083 1772
76 1051
610 1586
1008 1934
1376 2126
2142 75
1563 1598
1850 1595
834 209
1466 1661
1667 777
1852 750
1112 1837
830 881
530 963
235 252
90 1515
1961 793
1428 1384
2071 2176
1124 1702
78 766
393 696
1995 277
1177 295
2166 1471
1314 1568
1371 326
44 1237
992 1919
2051 1444
1865 126
910 2195
954 783
1317 1980
94 1429
2069 1992
1368 1216
1333 1421
132 1240
1996 1034
1770 1851
2031 1976
806 370
554 1891
802 2035
442 773
1085 1246
1876 1902
1933 2113
603 302
661 1748
1084 1601
1881 1783
1701 2121
411 2151
1458 1192
1508 1135
212 117
1471 1882
769 2062
446 649
75 1912
516 1688
1310 1707
672 1525
1069 2169
749 1894
1369 1796
1371 1857
1027 161
743 777
614 308
2069 290
1825 1760
1511 192
606 1930
1580 1302
1268 1131
1779 1820
1691 875
630 1971
1292 163
1917 780
1337 882
523 734
908 1573
2194 1816
188 2062
2196 1456
521 1599
361 819
636 1803
749 1213
42 2033
68 812
886 1201
657 1692
774 1109
477 1187
2056 1584
1102 1755
1295 1271
1519 742
903 1538
280 2117
1842 1023
923 1010
2071 2054
1235 1533
1715 1318
610 754
322 1174
1212 1195
2108 543
1438 702
555 2005
828 133
1617 1608
1799 632
1903 514
1612 2168
2193 318
1630 1324
1703 744
871 997
117 365
1127 480
1550 2035
1796 804
194 2187
1791 102
905 733
1717 925
288 1291
105 2141
2055 2044
473 1562
903 282
30 1486
1374 697
2051 1727
2132 740
1186 1467
1136 402
1781 2021
734 176
512 1682
350 160
1164 1457
140 1946
469 732
633 1041
173 456
2072 1433
1644 2137
1026 1622
740 1824
2172 1458
1739 391
1620 102
2100 216
1741 1795
1874 1628
650 1830
724 521
2120 2081
1872 1669
6 783
1647 329
1614 952
1149 771
1390 1389
1314 513
902 979
283 506
1328 1544
1306 1180
347 1029
385 1081
621 2107
2048 460
389 2071
720 391
1855 744
1230 2075
1888 480
107 413
664 1050
188 1400
2036 1554
1300 1606
1268 314
1590 619
921 1170
1630 1627
1770 219
1306 1342
1125 1284
1525 877
1097 1367
916 550
1492 997
376 668
1569 1881
1083 700
1471 1685
969 1018
2025 2159
470 132
1564 603
2149 1874
608 248
1271 703
918 359
835 55
1927 714
1523 589
2093 1140
507 206
289 17
224 111
906 2161
1206 1219
124 502
1692 1983
2030 1755
1827 1956
2191 253
541 2054
554 1218
961 470
1246 780
2128 1607
744 1840
977 1147
2199 611
1893 1656
1630 217
233 1644
102 1364
379 134
1255 1728
51 1037
1182 1713
542 1589
322 1395
932 498
1981 412
1930 138
269 1126
1616 885
2033 800
1494 56
704 1555
35 1501
1601 59
64 502
169 665
196 734
1751 209
1921 1062
1257 127
230 1659
239 1604
991 305
1951 623
1271 676
1656 952
424 965
1990 877
2082 2138
472 1821
1733 821
1471 1928
307 766
1056 1734
35 905
1726 1764
264 425
297 651
423 1420
1420 1444
1774 1646
342 624
1193 2009
1340 2195
2095 566
163 1782
1527 1349
855 1173
1399 1647
795 368
435 323
954 166
1175 1693
1610 875
3 895
1416 369
448 1896
1654 1440
821 401
501 1638
1532 50
143 1163
851 991
120 1190
1227 864
67 318
920 2126
1564 1106
554 1332
124 552
1360 1881
684 2135
165 129
559 1249
1254 2169
191 2147
750 1619
131 1829
110 731
287 408
1345 987
989 1910
1401 587
512 1502
341 1298
481 1302
2015 905
1892 993
1302 819
1603 94
742 162
2137 3
1298 511
2164 530
949 1554
779 1099
1126 583
1952 2137
128 772
1819 330
69 1562
1923 2051
2102 2006
1976 1625
2052 1373
321 1623
478 1969
1730 1232
732 6
1789 1414
1320 772
749 44
1468 647
966 1674
1420 1982
1346 1922
1432 1847
1615 1563
2148 564
814 2166
141 1715
1395 1568
456 2099
415 1678
657 569
1579 658
670 1533
1768 1017
591 1628
1591 126
526 1725
1554 672
834 1977
1480 587
1730 695
716 615
618 1577
1901 184
922 1175
1618 1020
1904 1818
290 65
1120 1914
2089 1376
1331 1915
754 1586
789 1690
718 581
220 739
1836 489
1275 600
256 1743
1717 787
2118 2181
1125 346
676 1204
350 1936
2155 1470
435 632
1284 1791
1921 1164
843 182
604 1820
1622 2047
1716 369
950 2055
1759 322
1351 1242
1734 1937
1411 788
1675 1135
2043 1224
227 964
973 1760
363 1360
1328 4
1924 98
1728 353
1631 1517
931 1904
1677 869
7 60
141 2053
1500 1007
1516 449
1439 795
1807 1932
700 1944
1033 1669
1372 734
2195 835
967 1054
1261 211
1731 143
880 1705
1339 2169
780 243
1397 290
1524 1488
170 826
110 1283
1702 1062
1562 1477
408 455
2078 486
1418 1880
125 1715
2171 1125
1428 2055
2070 1394
1953 1672
2195 956
1863 1022
58 1695
1200 280
177 541
351 1125
1138 747
702 1765
1487 1845
1958 1059
1482 269
514 1152
1653 1399
617 393
656 70
227 2002
1484 1610
830 2091
2156 2193
667 823
504 1560
337 1665
1715 1171
506 1914
1438 1960
1776 676
1121 65
327 566
628 2167
1246 1740
1077 794
846 1513
867 1366
1151 1299
162 1962
190 1802
1549 238
470 611
938 603
2016 1142
2012 2105
16 226
2053 1689
1183 864
408 1097
138 529
759 165
1326 911
1655 1922
2169 2185
1014 359
1754 1227
654 1447
1006 905
551 1026
1902 609
2121 669
74 1204
501 1523
1596 435
159 92
868 617
1482 1029
1307 1604
261 1194
872 1018
770 1967
1862 2081
2162 523
1243 121
469 1338
881 430
1801 1786
1984 539
561 1827
1352 500
1941 517
200 1153
611 1041
1417 1782
796 1616
395 1496
445 1421
992 6
716 771
1006 1017
1546 997
833 1127
1631 103
121 29
1615 653
250 1609
1978 201
186 1844
1876 1039
277 708
615 873
1988 92
459 950
392 1886
966 1917
1642 1527
1202 1105
113 804
1967 1049
898 1194
360 1654
1844 1077
46 531
1955 1217
1143 40
2125 1596
426 1418
346 644
574 5
1392 403
1188 1796
1075 2090
1446 1665
1607 51
714 2069
2070 936
2012 377
189 1422
1699 941
560 378
300 568
969 447
386 41
218 1325
946 1036
1421 652
696 652
707 806
537 1220
1098 345
830 1718
1780 866
616 23
1204 431
646 893
1627 459
1552 399
878 199
834 562
1103 2043
524 246
1535 912
492 476
483 1802
1987 1281
2010 1774
1671 1439
1675 1456
2113 1184
481 333
562 857
1551 1105
2127 1063
379 1284
1422 1251
623 594
1564 1661
864 1788
88 1964
1618 357
2008 1881
1993 1623
1271 1826
2111 63
292 713
1085 73
2166 935
1030 1717
1073 523
2109 1009
798 1007
704 497
276 723
937 1181
1826 2191
26 114
2025 60
1649 313
829 625
1470 1197
1480 589
1214 247
1319 1096
1590 767
1292 1798
979 1803
1039 1997
700 137
1711 334
2096 1559
150 660
1809 1203
1671 466
1026 1233
2161 1455
1724 1027
1483 844
1852 402
764 80
1951 1756
173 1399
351 1086
1633 1213
106 220
412 1546
564 1447
403 1197
1775 2157
112 1866
301 1183
757 19
200 415
1531 738
1089 686
2087 956
2008 1580
212 1346
1889 1139
902 1100
2097 1482
1394 884
787 1681
1052 622
1041 2064
1961 385
1589 245
206 1630
2021 182
455 1799
810 1972
2119 1619
884 611
1245 1977
332 1501
843 2136
445 756
1434 1024
1729 376
209 717
564 880
2085 1997
1968 1401
97 997
1130 106
595 878
1179 808
244 197
718 1734
2013 469
446 1135
503 703
1604 1100
789 1621
1116 2036
349 1641
411 1047
662 1669
1630 473
1789 1736
1439 801
1674 31
61 437
732 203
1692 664
1323 56
66 812
1353 540
1358 1926
2029 1628
1452 2182
1440 566
433 1840
2191 453
1049 1350
886 1735
970 674
576 1897
362 2049
616 1483
663 1378
2058 693
1649 831
656 425
881 920
301 1731
344 257
780 657
1701 81
520 1428
101 351
1951 1858
1203 774
1690 1226
330 1242
1827 498
738 1129
1585 1819
880 921
7 1062
1957 1041
499 795
2169 639
1720 51
402 1913
1435 671
2075 1435
441 374
1817 845
1735 416
1326 140
1609 1148
1136 1945
120 946
1374 1485
501 1752
859 1003
1249 697
267 1273
347 796
2042 79
1993 163
742 265
1924 2006
1072 1429
1225 258
2179 405
1517 1616
1538 1267
1533 200
2090 1779
1446 130
2079 642
226 1709
1126 2003
2054 859
901 1026
1820 2067
2192 1242
2020 700
61 346
1375 1767
1800 279
1255 1656
373 857
1706 1582
847 1094
20 1563
1693 1219
1754 867
1402 2094
1394 98
443 1276
909 98
1590 39
845 1579
408 585
1280 452
286 806
2020 441
485 746
1893 89
1368 1967
335 1512
2120 2118
1635 879
2036 1318
1459 1961
1479 567
1875 647
2134 1827
1493 1198
1801 235
1475 1303
777 1914
883 1292
1145 724
1772 444
310 1538
701 1138
160 556
1084 1114
1974 1194
2032 1178
1133 1792
1644 1782
802 2117
1767 202
1482 787
1194 1356
1248 313
1041 47
531 1833
632 967
815 713
693 2038
1125 727
1895 1747
320 1618
1183 311
2064 765
216 1555
430 914
1537 979
581 207
1775 33
353 1751
1525 1740
1857 1491
1195 1621
1261 1370
926 553
2132 1504
1377 1326
234 2020
1019 809
1969 1058
913 561
442 1614
2017 1087
2172 1495
1901 744
1762 2031
484 1507
892 483
938 1160
1592 1693
364 645
588 1113
1030 1457
713 264
1870 1458
854 648
1039 2063
1610 1430
1552 96
1407 2051
545 1746
1016 526
612 49
1396 552
1122 17
2139 842
90 1286
1525 1040
1220 232
798 1542
1255 582
956 1516
390 123
659 220
2172 542
116 1308
2086 665
2163 123
1000 1091
1715 544
1186 176
759 1091
1512 1951
1720 1623
265 1591
1532 1811
1579 273
1955 1135
805 494
460 1801
1313 361
86 2191
1829 1493
974 929
89 2007
1213 649
1519 751
1639 2036
778 1999
682 921
844 1523
1507 1949
2120 736
1451 909
611 1214
596 448
1933 1114
947 2022
1746 1144
1736 2118
1937 1821
1160 130
610 2187
1228 941
1605 1345
1895 1753
2021 1930
2067 1138
1625 1378
1678 412
619 394
507 2035
417 817
1420 1546
1355 1045
1578 1014
82 1051
1519 1872
1677 2183
1475 1424
456 125
1188 1399
739 1524
1575 1636
1177 1547
1210 2120
49 445
1851 625
2085 1300
1058 1283
1201 867
1718 1217
876 1830
860 1778
84 1367
825 684
1739 1265
133 1407
347 1980
199 1018
1197 1589
521 362
1084 143
96 2088
1588 1823
1613 700
1355 1136
1047 1914
1160 627
2170 243
250 1398
22 1783
460 96
904 958
1660 1107
543 594
623 1300
1723 227
650 1334
1537 125
420 182
1825 330
506 960
960 856
1213 2005
687 1289
1589 73
1312 781
1622 211
1850 22
1826 731
630 1022
1287 936
1261 11
1174 1279
941 1862
1572 164
2175 1868
925 362
635 489
1417 648
1181 1910
485 561
1331 1325
22 1235
433 196
868 1463
735 1131
329 113
1312 475
120 790
571 261
304 1587
1418 602
7 2156
1481 1134
256 1540
82 467
785 981
1813 1312
1272 278
439 1642
2147 1334
317 2117
246 1235
1104 1684
1182 709
1810 986
731 1536
1913 1332
2183 1366
2058 1026
1164 1203
18 1822
584 1070
1723 546
159 1404
953 1133
225 1222
2186 1288
524 1797
468 1578
1111 1776
239 874
1870 1576
957 1008
1966 1916
1783 1736
970 1354
1457 649
2007 1063
1921 2149
94 235
367 1211
1211 900
829 490
759 1072
2119 236
1983 247
110 2031
1555 1266
503 1743
1369 212
1838 866
9 55
300 676
701 1267
233 1492
1499 1407
627 1298
1218 1514
1176 1035
407 1473
243 1624
8 564
1995 133
1842 387
1377 2032
1027 1042
206 183
1166 1163
1526 1014
15 1974
2132 580
2158 222
1153 1317
1272 1424
984 1955
1649 919
1821 1756
775 1425
1537 530
1271 1168
631 742
777 2066
1494 1780
357 1028
553 378
866 1063
2122 210
264 255
1130 2086
721 1748
359 1865
459 1715
1592 1495
1915 488
697 113
207 1134
735 1092
1516 847
1548 462
2099 284
1245 1328
1519 1063
1639 106
1584 2041
1605 562
1717 14
2101 940
69 1918
1978 1090
263 1877
117 189
917 1558
1913 2086
1573 2197
1886 1067
2194 1963
957 1197
1229 271
689 1368
1607 384
403 1980
727 247
1044 679
1239 1969
1141 1685
1927 1227
556 1471
2020 1695
1683 2059
1552 1874
1096 172
1268 1019
1375 248
1688 2187
231 1477
1532 1687
1061 2042
282 1026
1838 1936
506 1791
1407 1838
1217 1178
950 811
651 1816
215 699
4 1242
608 873
336 43
1071 324
31 176
1935 740
1740 2186
437 1691
248 2190
867 679
49 953
256 1494
559 686
1088 308
1794 1753
1381 1715
2138 267
2194 1787
986 1012
926 740
2014 28
2155 1643
875 2054
312 1462
49 127
314 1356
195 482
1904 157
117 1442
611 1220
517 1601
374 2115
1992 1580
840 506
422 377
1974 1948
422 901
1183 1035
452 614
915 2016
15 1155
1137 2065
805 582
1494 341
600 1530
2080 420
1344 975
1761 327
1247 1888
1510 1585
229 1473
863 198
1581 844
1392 2124
1923 1692
403 1611
224 947
1081 938
1950 1942
1728 561
2130 1847
1348 330
1767 157
414 1017
1669 1206
705 760
1559 2098
228 1555
627 498
1272 691
1879 2004
238 8
1527 25
558 418
656 48
328 1729
1077 245
569 1577
1310 936
543 39
1666 1124
2001 419
1286 247
395 363
412 977
1686 857
171 1912
1456 1480
442 1536
773 1466
1838 85
1366 563
1329 792
1395 396
1786 699
314 987
217 457
72 861
1176 1636
1319 1833
381 1699
358 306
1336 121
481 68
177 565
1106 1825
1492 967
1134 1039
1129 1680
1291 1939
1715 2199
1150 697
774 1596
419 1570
545 860
1704 390
233 1477
1963 775
1097 1135
57 20
1959 1409
1345 1149
252 1735
1141 106
1225 1708
1028 403
124 251
1672 2127
473 1887
165 1815
309 1131
847 617
1585 1709
1512 1858
125 2022
423 1433
1522 575
1887 1742
194 1111
488 763
393 1540
2036 1608
1825 1620
2034 2177
2063 1308
334 1704
665 170
724 2175
328 299
275 535
2045 1300
229 264
432 954
1829 1587
1114 2025
815 748
31 745
1339 1690
259 763
1766 295
1801 1459
1635 1612
711 328
2114 1514
2175 75
912 776
475 381
361 1726
1058 83
1414 1595
1481 349
249 842
1714 25
2022 503
899 1163
1839 2099
1078 1719
1175 140
1103 1558
1953 1941
1661 566
346 1623
1744 546
1635 1886
977 719
1573 1955
572 1510
1132 2070
1045 1723
2121 1674
1455 1983
967 2015
674 1868
1241 1010
1519 726
295 399
1238 2175
1759 620
1166 383
385 808
103 2004
87 791
986 1936
605 471
1912 605
1189 1964
2171 1091
1373 1988
1739 1639
622 1103
1731 1759
200 1851
1103 1521
1252 133
433 1374
1885 97
1721 466
1600 454
709 2006
1194 1093
1242 1011
44 1480
491 2012
1183 2105
564 2042
518 41
503 376
889 1067
383 1309
2104 1141
825 889
2132 2083
707 1751
102 22
1871 882
1098 843
1518 119
1502 1036
250 970
125 311
1700 1365
1039 1698
1647 96
1209 16
1174 1265
1655 1606
1504 183
1559 1713
2090 629
1480 1045
467 1806
1827 1995
1985 1866
403 1865
887 1812
1969 2132
628 54
1190 1278
1784 59
60 1293
930 1811
241 129
624 1762
430 1149
2158 852
852 1402
1702 1400
1368 126
1819 1530
654 729
1955 1304
792 1029
1625 328
735 1918
1957 2125
871 1637
1339 772
1745 473
247 1259
1184 238
503 764
706 1677
1160 1476
2162 1604
1432 2005
754 372
513 154
79 0
53 146
787 1378
1991 1434
1521 1197
524 130
749 2034
1496 1498
84 434
1898 153
316 598
966 36
538 1240
2047 1003
1663 1530
630 2162
1235 1012
547 1554
252 637
1194 2090
550 1330
643 1221
998 1555
1693 1420
1816 1441
332 1049
1833 1020
249 1462
472 1696
1095 415
131 1283
1004 1050
372 1001
137 941
2083 1482
1387 2034
1201 2167
799 352
174 1626
1144 1508
342 56
1798 439
890 1342
329 281
1428 899
619 1200
559 757
1379 212
1698 756
1484 2047
1548 162
1692 1153
681 581
1858 2077
1021 692
778 518
1358 1467
152 184
1438 1197
557 520
885 1278
1531 347
115 98
991 1606
757 195
280 1353
1564 636
886 1399
1283 215
135 1034
952 718
592 318
283 742
146 364
1550 262
1817 2096
1659 1011
1841 1902
1812 69
1423 1940
493 618
922 1095
586 461
630 679
1504 1338
2171 594
610 440
1744 1863
200 1065
1668 681
871 316
1336 920
658 2133
110 1782
1293 540
352 1258
1445 861
800 1899
491 1386
1274 1327
1566 2198
455 313
887 2176
1042 164
476 208
1296 248
1735 96
274 1473
821 1491
258 1776
1639 2175
1687 1851
259 56
404 1541
1217 1323
430 2
539 91
581 2020
2177 294
399 1944
742 1219
2027 1448
2162 1566
2027 510
966 380
123 1151
1800 1218
1943 1814
1404 1176
1463 1472
1625 771
457 2180
1297 747
439 1354
507 60
39 401
782 2065
1547 643
764 1117
1627 195
1409 88
881 1544
1572 1980
2062 547
137 509
1267 530
24 2099
97 986
1345 1008
991 487
1883 345
1008 277
536 2071
1825 1566
1260 65
2131 535
676 1587
1008 1705
184 1803
1200 775
561 2089
814 2050
2048 627
53 1797
1912 1270
704 1627
2137 1717
95 1633
2035 1906
74 1689
2177 550
1649 1110
2125 488
1288 1556
101 1853
1172 630
1967 598
582 313
499 677
595 1536
824 795
1882 1348
1908 932
475 1789
541 1080
2046 899
956 21
1595 41
409 1387
1252 2070
697 512
97 270
1014 1125
763 143
2045 1399
178 970
775 229
1724 1038
2061 1552
1416 256
606 1192
2185 2024
1963 1332
1887 257
1940 1696
2095 760
372 612
1766 482
1550 1464
575 717
1060 651
670 50
78 356
1635 1986
39 222
1882 870
1421 1767
486 518
267 1807
1810 743
1960 992
75 933
665 1974
1451 332
1058 1523
1846 2140
1547 133
1686 98
362 1723
1925 756
1914 994
2136 1046
671 1380
1428 828
911 1616
1210 743
1237 1117
1550 916
116 355
1790 1712
111 1281
1058 1545
390 1626
232 382
427 549
126 197
863 587
1193 297
549 273
811 68
1496 1842
1601 444
1350 155
1828 22
2032 437
1346 671
82 549
1395 42
949 713
38 478
1623 1569
48 523
80 1410
206 1536
1573 1627
119 1976
1555 2027
420 289
906 175
1288 442
1958 1798
1626 1475
666 1772
1355 1629
2152 496
1939 201
1910 380
723 2127
1791 773
795 18
749 2179
445 132
952 138
2125 1762
98 842
627 36
581 2195
1106 70
1285 37
1647 2095
1239 973
1791 186
1170 1199
1906 2187
1320 283
1873 1513
1329 350
1183 1774
1059 1830
506 486
867 1520
1105 867
1052 520
1541 1716
1857 384
190 1223
1515 73
536 1768
1821 1996
1039 69
1767 741
671 1777
1302 1955
431 282
1081 1449
1459 1721
1748 646
2140 812
1764 1667
1499 835
1793 2183
405 268
1091 234
1889 2011
1730 31
1232 1731
1701 2197
1341 1785
144 1581
1185 333
1769 1778
2025 2060
1831 1053
540 1356
1960 1166
1895 1992
100 109
580 1314
2149 235
42 113
1270 613
768 1570
2106 35
1695 262
1503 1850
1146 1579
2183 909
1629 102
87 131
828 1036
1132 1858
1977 990
1666 372
689 1402
1378 1162
2127 168
938 1931
1806 1598
127 130
1186 356
1347 1267
280 1066
170 923
1880 660
505 2099
1955 971
1471 1037
517 1308
1158 1570
1288 298
390 1878
982 2058
258 1619
2075 1082
1520 1893
1179 1897
1543 1227
321 700
919 298
597 1875
104 1225
1315 943
1641 541
561 1488
1887 1023
1404 1340
1285 836
1087 536
120 1236
1356 2123
1494 1340
2116 944
2098 1079
959 1714
2101 292
1577 924
633 669
572 1208
1879 826
745 1347
1701 1262
1489 904
644 1727
1529 1716
1138 202
597 1260
1343 1963
1062 1993
978 1870
1833 348
466 2062
1617 1853
485 628
1883 1236
1696 1079
39 1529
1700 1823
1644 744
142 1784
297 1526
752 539
2132 2118
2120 922
596 513
1651 2042
1988 8
1021 2179
940 1055
1722 1716
2070 1099
495 1623
463 629
327 114
300 1668
1360 1919
2026 1649
1034 2104
1664 1254
1875 1645
1045 1008
316 1297
1081 1373
1183 1631
1418 1827
636 53
1675 1032
1502 1168
2100 672
1598 92
1716 641
417 1278
2110 1316
152 312
1248 581
1688 1002
1865 92
441 2176
2061 830
1385 893
2023 1727
864 876
768 1549
437 1523
1308 1317
697 1924
721 688
2061 1264
1474 125
2087 865
1542 514
661 1044
447 733
646 1333
1323 840
613 1003
294 1635
370 1268
976 994
1655 590
728 1972
1970 739
1551 1501
605 767
1459 402
2098 644
1043 1691
1764 1914
2145 1150
49 1486
1582 480
1702 30
254 2072
1493 2120
1144 2022
1815 431
2196 253
1387 1765
2169 772
1280 383
1847 786
1774 921
1872 352
2026 1657
1615 597
2166 638
300 883
1294 2067
1324 1717
540 567
1578 0
1822 818
1663 1636
560 585
1059 2178
1888 574
2180 1
150 323
2072 315
1633 353
2078 912
990 159
1791 432
1468 396
621 1193
2120 933
2010 1716
1490 1123
1385 1320
1634 1199
1933 186
210 1905
125 1576
48 647
487 1475
1144 1727
1462 1978
1637 1719
2122 722
2048 295
1409 366
2027 905
1454 1163
289 2162
1732 563
1703 646
429 664
1165 189
1775 556
1432 573
596 573
1745 406
1654 583
1826 384
754 1338
1159 406
46 1327
1349 168
922 1460
2168 2181
389 480
1025 1385
681 356
2052 513
1815 494
1383 1931
1356 2046
1670 521
2074 2157
1103 265
1395 1237
201 2046
871 270
1053 16
27 190
1271 1362
1450 1231
5 2052
1640 1506
2025 417
506 1812
1281 624
936 795
487 550
2019 1814
990 1927
89 1510
1027 153
1661 861
394 1627
957 37
1108 893
1910 80
911 663
1827 397
759 885
336 850
750 1157
1810 1805
439 1004
1163 1278
1199 1845
1132 228
2191 792
321 1843
952 1804
1276 2171
1029 1990
1895 1842
1719 2198
1604 681
2180 20
318 1805
1729 1991
389 1426
1476 252
982 617
1774 507
818 1388
369 1624
850 1629
1967 759
1624 1855
150 1130
1532 1283
2194 91
2059 1011
1597 790
1399 425
835 288
1888 1015
1552 2115
1394 833
1552 568
2044 1604
260 783
312 70
73 1379
935 1951
2003 2178
646 2162
973 469
1802 957
1386 1104
756 1180
1551 1833
693 1632
1039 1356
2039 1812
734 377
2163 774
2133 713
648 1900
656 1247
154 1736
2065 1609
1981 856
1739 278
292 2197
2199 1523
1460 794
1334 2138
416 2137
1627 945
1377 1133
1679 2013
507 2029
1195 968
699 1931
74 199
170 1812
1842 1915
2041 787
1971 345
562 959
1859 376
66 2118
1023 2103
1650 784
1350 1971
883 375
1154 608
1646 206
838 979
1256 1182
1519 1313
1492 1742
2040 2018
1228 400
679 1147
227 552
572 2130
1376 1410
646 1626
1289 1403
45 1649
42 515
1097 2140
1134 285
2148 1028
800 414
1317 1084
2183 248
2151 777
989 31
1658 200
776 1372
1179 373
358 1948
14 462
1967 1849
1731 2018
599 1941
640 1926
867 934
161 423
372 1737
554 1729
322 763
1522 65
735 1154
251 151
339 1900
375 405
1207 463
1759 1187
731 1889
1175 1955
1636 57
1251 1311
443 1639
2053 372
252 239
1573 1648
46 585
1843 1496
780 2149
1688 345
1753 1470
1642 1045
630 1350
433 371
1067 1883
2132 1613
521 1612
190 1169
1922 474
1526 708
769 1567
132 216
754 218
606 32
683 722
422 976
1808 938
1868 2008
2197 1844
2050 1094
900 361
1841 1663
854 234
1528 2154
966 345
2001 773
941 813
1930 1796
1889 1301
1277 1561
1223 511
736 2018
812 1553
322 808
1937 2101
806 657
251 825
2035 522
1431 309
189 108
252 670
378 139
1731 2145
1050 1623
1944 90
548 1015
454 660
401 2081
1974 1848
1899 532
1098 1551
1760 1166
1204 1252
2136 1694
836 2178
1832 540
1561 1188
1695 1002
1491 1320
196 576
1296 1407
2161 841
1835 1029
1192 1599
657 1157
1360 1851
433 1884
56 1411
838 1242
713 351
1386 1278
136 1319
682 1959
37 1467
1046 1800
445 1818
768 983
799 263
160 852
207 1022
163 1842
891 76
207 290
828 554
2185 96
608 1448
2149 2037
1727 1405
320 890
1628 1161
418 285
1255 847
1013 286
818 557
158 1974
1040 853
98 1356
237 1293
522 2097
596 2030
1567 535
1727 1685
663 1491
1565 561
2141 1526
803 1060
457 422
1616 207
1834 196
212 447
902 2015
314 943
2157 723
1024 2013
1467 1623
966 1367
985 1785
707 487
36 819
753 646
1088 637
200 1354
1990 2057
2118 1981
1975 317
1994 1287
962 1192
2065 1599
1614 333
740 345
176 103
54 1082
623 176
1502 201
1432 640
1079 1083
776 658
886 909
621 1530
1118 685
1913 1244
247 448
2046 646
47 1297
365 1005
753 1470
1010 2178
2151 1902
2020 324
1396 1465
740 1828
1650 1286
1526 735
1320 1430
2030 676
715 1682
6 87
1067 494
2189 2052
740 298
614 2036
1633 1245
2104 684
1073 65
662 1792
1578 637
218 928
1126 1151
1115 1404
1469 1119
553 1607
398 242
1460 828
1112 173
889 1924
1845 1813
629 265
1782 1992
2195 862
1263 297
1188 369
1317 1291
2124 279
756 1939
1472 1353
1142 597
791 495
1373 1646
814 1160
929 1562
1905 376
295 917
1845 1551
629 642
704 834
621 1070
515 2081
1133 950
53 1975
1185 2108
1419 743
783 5
586 2106
2117 1011
973 1357
378 176
1440 1889
381 1136
870 346
1327 1470
189 1172
430 1846
1399 770
1475 1093
993 939
1399 72
100 1534
2009 628
145 1837
1491 2076
1038 533
2137 769
1491 505
404 371
253 478
310 1384
1857 2021
1002 1197
774 469
416 523
704 1665
2133 368
967 1513
2044 890
423 1819
990 1563
771 681
427 1962
1319 1222
2043 1438
1844 1748
1169 467
656 107
989 1682
608 1601
1738 46
1149 1947
377 392
906 1240
1419 1089
795 1582
860 220
158 1601
562 1783
2029 1549
638 899
1937 2167
1279 336
1076 410
595 410
686 1851
370 1866
357 35
2181 436
1772 1363
143 1701
218 748
1215 2078
1589 1680
1850 1832
971 1496
1433 574
72 530
968 1137
515 1676
1787 770
1894 897
2189 1293
493 631
1126 570
1985 1019
1657 1171
894 2097
337 667
1851 325
687 906
355 58
2128 540
230 1819
1882 1169
1509 1994
611 29
101 283
1895 728
2121 171
904 2191
868 1641
2099 819
775 1706
507 477
1842 1125
955 1326
1833 1900
1806 488
1894 1770
2148 1173
1948 452
1524 1193
543 1447
943 192
974 448
1894 1101
1986 96
1530 1999
230 525
1948 218
446 2010
2087 1845
1276 1170
2113 140
395 809
1992 2053
1278 1450
1170 486
1833 1841
1996 134
620 931
1840 1423
1019 740
31 400
1647 216
1565 1328
2126 60
922 674
282 88
1791 652
2083 1901
1662 46
247 704
137 905
836 260
504 1628
430 1024
450 76
1206 2111
977 541
160 2176
1864 344
1589 1596
1368 2083
1999 388
1193 2045
1137 1315
1963 3
2115 1255
1571 1524
825 543
1970 360
1107 1631
1871 1118
905 1179
1996 1854
1270 1498
1994 1122
1694 374
763 1806
1913 1530
637 471
1374 153
938 1817
971 1175
661 660
1182 2077
1785 1014
680 2068
1090 2180
341 313
1033 268
1219 994
1276 637
809 898
1878 1898
720 1648
326 330
805 1310
841 558
1702 143
673 4
683 209
233 1515
553 1039
215 193
1387 574
500 476
1806 995
1227 630
143 1832
1677 2023
492 1409
554 34
986 2110
1666 2076
1401 1742
1345 749
1932 1465
1045 536
353 1102
1613 330
2046 2142
516 890
1399 1275
2068 1103
1743 1872
965 1224
1961 69
592 1060
819 1733
1010 1151
1211 1448
1966 1813
221 547
398 1184
561 1913
1607 753
105 249
411 1106
271 540
1738 135
26 1826
2195 1368
545 389
685 1290
2083 175
162 827
1639 601
1916 1086
573 548
2049 1406
1460 364
1905 922
1944 1670
152 2009
442 94
406 262
1422 90
607 2011
47 392
2060 530
1885 502
1297 45
726 895
2133 1893
837 90
262 1383
1418 345
819 913
971 1867
1760 1666
347 75
714 881
1693 1672
1698 2014
1782 1088
1546 1963
261 5
36 985
666 1242
138 407
728 1190
924 2127
2184 278
879 1122
1602 831
418 2007
1223 1979
2030 2102
1632 180
2077 1382
655 1589
482 1792
1984 1859
369 1399
1944 187
964 482
1207 1911
740 2123
546 2095
1245 1712
524 240
1222 1312
2056 846
232 838
1039 1567
1254 2029
906 807
1252 421
440 643
43 230
2145 2063
857 2089
1465 591
1947 1689
460 2074
123 1353
1629 315
120 653
684 827
824 13
34 600
526 523
983 1688
1379 681
1093 982
458 61
484 915
2118 731
1042 1124
1158 1234
726 1379
890 895
262 27
1682 1716
278 907
2099 445
446 1384
1270 956
415 561
1824 1390
1469 1083
286 425
1304 2054
504 1830
1891 1702
1938 654
744 5
1634 863
1281 1732
1937 1574
715 1408
620 1535
1634 1493
1827 401
1265 1799
1863 1233
1763 1332
594 236
721 670
1700 1889
777 1446
1271 1069
1442 1359
436 841
622 1187
1281 734
1650 1429
1590 795
670 171
250 1233
1707 1481
2008 1495
2101 613
854 1854
1003 1436
900 2022
594 798
408 25
1379 524
1920 1893
876 2174
601 2034
38 768
1695 1475
1061 1059
1726 2042
1407 1327
557 419
1455 946
2018 604
1722 1011
2006 1658
1924 676
702 311
833 879
508 1991
2160 1962
1556 477
29 1066
469 164
1742 1003
43 1309
1816 1028
597 1924
1993 1917
1692 1562
528 760
23 1722
829 1590
84 940
985 1422
1836 1568
393 1997
1784 1130
1873 8
2009 2012
1344 2184
857 852
1454 1257
2070 1631
315 1976
711 1006
990 1046
1869 1800
1869 1287
515 1936
1680 446
173 225
874 421
167 1735
125 1908
1162 203
97 30
949 459
205 1810
502 876
1706 31
118 1958
2078 740
942 50
1077 1953
1255 1076
608 1866
1226 157
265 1812
998 1891
1194 36
1686 2095
284 1496
1463 110
1841 1610
454 1958
1541 390
2165 307
151 254
751 2049
1578 1493
958 71
1040 808
1636 1374
463 1637
1513 1080
1839 985
870 2141
86 2141
2103 1182
2115 564
742 1514
670 699
118 171
2127 840
2 577
845 1753
1554 1322
2094 2139
919 1961
558 0
2126 1125
1675 2190
750 1473
1794 2074
739 307
1960 569
733 1295
1662 167
50 1992
347 493
422 1002
2113 2064
2122 1564
1897 659
1897 1851
1819 496
788 1645
835 1819
1938 1743
1569 2148
1000 976
1372 888
2019 1293
1189 1420
2084 1360
2000 0
1039 2006
1053 1799
1682 1657
299 787
141 1899
665 475
1079 986
1104 1049
1551 1448
832 481
7 1938
504 1215
1269 748
1964 1864
1906 1278
1211 543
1359 912
1405 342
18 1255
754 593
1794 1317
1870 1878
914 1370
1119 148
99 922
2199 2063
1475 2031
938 298
948 1667
1313 1394
1535 634
337 1836
1741 544
1986 7
67 1878
786 2016
2078 2084
2010 395
1758 1890
153 815
1745 584
2153 925
350 1684
1496 1469
1979 1296
1141 1585
1354 851
1516 1708
354 1015
871 2037
1919 548
1774 742
334 719
1960 1725
30 902
1732 1815
369 1219
2091 1626
857 990
1384 798
1882 1629
1471 1931
609 744
50 498
133 1473
946 1907
789 1842
364 1255
325 769
160 2006
210 1755
1355 175
1482 1322
145 439
226 326
2017 2070
1422 1120
1942 962
104 403
1302 2045
2070 240
510 148
245 1722
1019 322
2139 382
422 1821
1941 1235
1935 1355
1643 210
19 200
1405 1738
20 1900
1125 1357
981 2178
1968 1795
639 523
1141 2189
491 257
2181 2188
1921 1669
1978 1916
1123 1600
286 1655
1126 1000
837 491
1771 389
602 2076
1938 1168
1497 696
26 1224
1194 97
900 1000
126 32
493 779
1742 320
1811 536
278 1612
114 1957
1047 1439
421 151
2005 211
839 1912
1086 860
1694 41
1146 1154
1646 1103
1068 540
861 605
261 2117
423 1327
689 2199
731 1652
1456 1292
2139 613
1974 1494
47 638
500 1147
862 755
926 85
2079 8
632 1829
1491 1626
13 1047
68 1159
817 2190
412 2042
1954 798
461 1215
2077 1919
567 852
1126 967
1235 1327
1267 20
1895 2082
2088 2021
1994 1898
1664 1845
1534 1659
1685 722
937 1708
1270 19
455 25
731 2026
230 1506
1478 896
319 1317
1932 934
754 987
1037 727
169 778
175 217
104 1895
1248 176
457 444
1767 963
605 1298
1224 1008
525 203
1187 1117
1172 626
1560 292
715 600
1852 163
576 31
226 2002
614 122
344 1582
1598 371
563 244
467 143
1652 1997
1927 1571
1541 759
220 682
1490 1972
463 1577
2012 1171
2113 637
2064 1034
1783 1922
1536 36
980 1533
838 869
383 619
959 1112
0 490
1336 1881
819 1703
195 289
280 1672
1225 1166
1661 1587
2103 844
182 2065
1324 2000
220 1619
85 412
767 100
772 57
964 148
349 1504
2049 1470
1556 1314
1588 1438
1084 34
1188 1832
1939 1533
866 1536
1875 705
1947 1081
1928 1767
2101 1314
1227 2013
347 1753
1660 232
168 1104
961 1843
486 428
1706 1303
732 1537
65 1984
1529 1653
994 1771
1876 208
122 756
258 1278
1292 578
2108 966
1020 2190
734 163
1915 812
1895 679
1841 1794
908 641
2 747
987 180
755 923
1970 1237
1477 873
1689 1274
1090 1378
1135 1316
1589 75
712 1843
900 663
758 1432
644 324
1779 583
2113 807
909 410
162 12
1310 84
998 1609
1205 315
524 1305
319 610
2146 2042
1398 1718
444 953
1691 635
374 1832
1996 1070
374 286
1640 1330
1216 1848
1320 1089
1418 1154
816 1703
803 1598
60 1263
1774 1167
1171 1449
1949 450
258 1442
1276 1072
263 1974
1689 1722
1571 907
567 255
458 2194
298 296
2189 732
457 745
2050 1434
519 245
432 1919
1739 1627
1000 1623
1383 1264
30 605
1024 2083
39 180
481 1484
1906 1437
476 584
492 752
733 729
1282 1063
1923 679
988 1860
1237 2023
1287 1237
1041 888
1178 359
1392 1980
1308 340
2118 1244
2030 214
1703 198
863 2047
1035 1256
1386 11
218 1053
561 1434
480 1313
1596 1761
1347 814
1662 495
835 1992
875 2122
1435 1745
694 114
391 1066
314 131
1974 318
1525 952
1191 1774
1548 67
896 135
56 1698
1809 1517
1 634
1213 1529
1332 715
1521 2005
1673 979
1579 1455
854 1639
32 908
652 157
155 1807
406 1827
1978 1524
282 826
321 547
378 1154
121 1769
581 1209
790 876
479 1452
