3460 4000
1746 1687
2105 854
1199 1517
1975 2383
342 2632
1624 3004
3082 2515
2465 1780
536 1420
2549 819
2833 1406
2134 3196
1756 1924
837 2933
398 3259
2804 1913
1583 1009
701 768
2398 1798
222 218
630 2470
1594 2212
431 204
1822 1712
1896 3418
840 3332
1845 2431
3089 2242
2760 2917
2036 3437
1743 2759
182 782
1111 2149
1311 1604
3107 2391
1955 1382
94 1826
148 416
1333 1761
713 3250
3076 2317
1111 2844
2561 2649
971 178
960 1104
3424 3290
1144 2897
662 1961
206 2942
1978 30
2629 567
3243 1373
3303 2310
2843 2712
3242 1397
806 2439
1849 3032
2797 1433
1902 2359
2738 1586
1630 2349
3205 2142
3281 3287
1258 1800
3336 493
2668 2946
1190 831
91 2764
138 3322
2009 2942
2949 2171
1 67
1095 2178
2428 903
2861 3237
2522 920
2357 1719
898 2070
1269 2175
3057 2170
3413 846
3243 1341
1530 1362
2284 3137
2483 391
2407 2090
457 2317
607 2691
57 3227
2687 1534
1760 306
2539 1588
2895 852
219 392
3418 2737
2631 3
1216 3239
2330 88
20 646
2431 5
758 529
1165 2466
1431 1038
1343 2173
506 2621
2169 2413
103 393
1707 2613
3195 2103
2246 1628
1830 1375
2948 3016
2196 480
1798 2671
393 2579
3223 2802
739 2536
3231 1235
1076 868
1885 1165
943 87
3367 2231
2482 173
1417 388
2379 2557
1431 924
1086 3313
1700 2432
3210 2892
816 79
2267 2392
125 903
1360 2205
742 1211
468 982
559 975
1172 636
26 3182
2566 2643
3270 2191
2580 2369
575 2340
2527 880
2669 1908
2599 1585
256 2969
1418 1876
3127 1214
3146 3384
1706 2437
1868 2687
2331 2391
987 615
2604 332
2978 188
3289 3270
3417 554
1383 2590
2381 1967
3013 824
245 1383
291 2470
653 1436
2402 765
2757 3339
1681 47
585 2772
2544 2936
2090 2981
409 1587
462 2252
2513 3006
1606 3392
766 329
2962 1819
3413 1453
2777 1883
670 2302
742 870
1511 931
2127 581
2008 1246
1252 268
2910 364
724 2332
2894 938
52 807
239 3372
17 2204
1396 2990
3173 1929
738 3053
1603 1689
323 1751
1387 1068
531 1307
3206 1087
1050 1850
1373 1058
2282 1534
1856 635
2401 2284
1571 84
1837 2883
2080 477
709 3402
1060 1657
3351 698
1450 38
1341 1861
3209 882
2446 783
2636 1845
2306 150
599 25
2771 2378
1028 965
106 896
2709 52
253 2595
1097 2243
2157 1715
342 2157
161 2512
1657 2381
1703 2240
2432 2479
429 2335
581 3103
2607 89
425 1147
3023 673
731 3074
282 979
1454 3330
1379 1452
1059 2167
3453 2085
1399 779
2188 2803
905 1795
964 2251
193 985
884 2523
1467 3163
3383 2769
2575 309
2009 1326
1053 2754
943 1087
2989 451
1571 3397
2540 29
135 2811
381 2673
2413 558
631 2338
1707 3173
2749 925
1085 2365
2496 1726
192 44
1122 236
1607 767
1257 12
1794 127
894 1473
2787 1082
2202 3080
2875 334
2725 2155
1048 2982
2938 2046
1194 1100
868 743
1692 489
2153 490
3024 686
3083 1936
1450 750
1646 1872
545 1964
2651 2927
2859 2751
2824 3114
1454 839
761 1517
2731 1372
1686 340
151 2375
1018 979
2702 2366
431 2425
2790 3240
1621 2085
424 410
1423 888
2573 2901
1760 136
2332 2949
682 2296
2176 1055
2564 1919
2793 47
123 2302
3390 1691
1936 1439
2498 3434
109 1737
414 1727
1515 1472
2083 811
851 2286
3429 1710
1367 2703
3269 1350
1921 1057
163 1466
1778 441
922 2054
487 3232
909 1057
2379 2301
2697 3428
2680 1908
2857 2185
1522 1235
85 604
2197 2717
3401 2192
2280 2537
1770 296
3165 25
2420 64
3324 1008
776 2576
3424 961
2949 1029
1139 3264
2251 2552
960 949
3294 3354
477 2241
3051 1769
3272 2836
1661 1473
1522 2193
1176 2307
1866 2765
2248 3361
1733 14
2195 1833
2139 2436
3438 801
1687 2451
920 3346
1815 2046
2419 3046
3144 2261
1901 2210
1294 1315
1036 1050
3282 1604
49 13
789 602
624 596
3045 3320
368 14
892 2401
2505 3311
3394 2638
227 3101
849 350
296 197
1246 43
3196 1458
2348 2328
1823 1455
2023 2276
2911 1670
1034 455
2135 2980
904 408
1554 2771
2374 3287
119 2215
2014 400
3154 904
3039 1938
1228 3459
61 909
2757 2025
3021 2460
2768 2019
1659 392
2080 2287
3182 1268
3079 11
1081 2741
685 3246
322 397
328 2106
3403 3165
840 3224
3456 2266
2685 893
852 681
1978 567
2406 532
1158 545
3148 3006
3369 48
1833 2134
2852 2673
5 903
1476 964
2208 397
882 3410
2551 894
1377 3173
458 2772
2815 3115
1925 1104
1482 1862
1411 1276
2033 1263
46 1470
2369 2416
312 1329
2735 404
895 1070
1933 1017
2967 2771
2301 2531
2193 942
789 2503
2091 622
3317 2649
2289 1028
596 2775
2857 3258
2740 1967
399 1040
3103 1282
1045 1723
40 968
1642 3201
2761 2827
2905 79
1033 852
1584 172
1301 66
3301 1640
130 2220
2633 864
3192 2405
1360 2228
310 2820
2784 673
1215 454
584 1149
2076 1554
472 1519
2635 3391
569 1931
2582 84
3379 1496
3014 663
1399 1905
3207 2137
1597 2191
2943 2823
3422 2773
2816 3273
3158 3011
2493 850
1461 3352
2317 1347
3024 3119
2305 1234
2354 891
3259 3432
1153 2663
618 9
2628 1409
821 192
1315 13
765 3288
63 2624
2139 595
2337 1315
603 3367
767 2503
2573 2989
782 2086
394 2769
1102 2281
2889 977
2915 2518
1229 3457
3251 1087
3347 3208
2472 1784
1509 3050
2888 1827
2342 3286
251 246
2706 2662
3031 2313
1287 393
2309 1021
831 1402
2471 748
1528 138
188 676
2894 2937
3038 3035
2388 2681
433 2079
2598 924
657 2386
828 2049
1137 497
2429 1455
1832 390
146 810
2087 456
2303 2056
2037 2310
1097 959
2920 400
1751 223
2848 1732
379 3443
1880 1586
1542 844
2829 2328
3225 547
3317 684
780 1536
2911 1043
1812 609
2681 103
1448 3271
2035 2089
1795 1391
2152 542
2320 1024
1375 3124
1413 1944
568 81
124 1965
1769 2790
1772 2929
821 1463
435 1179
2819 745
2326 2143
2096 2759
2452 1867
1372 1769
1824 2403
3393 2767
2345 381
2313 3168
1375 2820
2344 1424
1267 3323
2670 2560
2944 312
473 31
1607 1970
302 386
691 3352
1866 752
3414 3386
389 109
2136 1213
2158 3057
247 2444
2552 2337
2427 2915
637 1538
2646 235
3243 1388
3066 1128
981 2085
2547 138
2685 1148
2617 2876
2816 321
1468 1523
1245 904
2621 3031
424 3059
790 109
1466 1331
1508 192
2597 1091
1308 1200
2209 1675
2303 2943
54 183
1774 2292
3141 2641
269 1668
1842 180
349 3013
3286 2927
2078 2266
2599 1616
1390 2199
1720 726
1302 2915
1274 2171
469 1951
924 1646
3221 3389
1240 930
2844 3167
2350 2173
461 5
586 206
35 438
478 298
2157 552
1353 977
856 417
1673 1014
314 2434
1780 418
1448 2326
3434 3055
347 2652
2953 2248
2310 2847
1475 2759
3181 785
1264 688
2894 2384
52 991
3218 1705
893 1530
2662 1973
572 387
1312 1496
3305 2096
1022 2596
500 1462
608 394
2971 2354
1322 10
3426 3278
2577 1343
1773 2320
174 1818
2377 1935
1632 1302
986 1718
2890 2534
179 727
1001 2864
3318 449
2366 1664
1972 2436
1657 2669
2671 3299
3239 2718
1778 2523
869 1110
725 1111
1681 1608
646 168
1463 3001
262 1978
3220 1413
2325 1753
3290 2450
493 3215
2516 3278
2749 2135
2050 3112
177 690
155 2048
2599 2015
73 2240
2386 2600
2199 644
495 2510
3362 2930
1391 3088
3177 1472
3432 60
676 2806
795 934
3433 708
71 2763
2299 1268
916 1952
3165 3339
44 3361
2672 3441
1985 147
1719 637
256 1466
2222 277
396 2403
2603 1396
424 1969
1913 2630
2907 1073
1042 2490
2507 397
249 2044
1055 2747
1345 3365
2334 1262
693 173
1681 1239
2269 1721
2608 2101
430 1086
2250 923
3192 2947
3415 2430
1184 946
2151 3315
2022 3383
1090 202
2505 507
168 3129
352 2332
1072 869
1159 49
1289 1475
1871 2437
1914 701
1688 1222
668 2667
1887 2487
511 3227
3238 2704
2799 855
691 102
2103 715
3015 2810
3324 1575
2403 1458
1001 1310
1944 2124
2287 345
1859 3003
1089 3299
1439 160
1558 1663
1313 1752
1104 2404
2950 1799
1311 1327
3427 2772
760 3319
1902 537
3057 2298
597 2922
2877 2504
299 654
1080 490
1288 3132
563 2312
2647 2893
168 3014
3409 2904
2102 2875
890 790
3170 972
2563 1810
2219 1066
3440 714
1748 207
3221 389
3242 1262
7 1623
307 1861
2083 249
1483 1781
319 2417
3295 3269
1976 3080
2038 789
1969 1688
957 491
3136 1015
1383 3370
301 201
2184 1494
3378 1194
1962 3402
1493 1331
1609 2903
1324 2737
1481 649
2085 1811
90 261
601 1767
1050 1534
2622 45
1060 2239
2584 833
554 348
2721 2034
1380 108
1797 3407
2268 1580
2075 2803
2426 77
990 2340
1742 1430
1070 1647
2288 576
1708 569
625 1578
2706 1437
1488 2087
107 2528
853 1925
2868 2005
1857 272
1495 540
3172 235
253 3135
2220 549
1347 1518
470 1353
1805 767
1841 878
2007 1093
841 1306
452 1733
1191 2011
2109 2677
2164 19
2141 330
2326 2505
593 775
2614 2273
1540 1223
1310 1966
2298 3452
173 3338
2305 173
3027 2848
2957 1848
1125 2195
1939 2769
1206 1485
2637 2600
1597 2624
384 1977
954 2128
2048 626
487 1628
1355 3153
2165 2814
569 3165
2897 1141
2880 2791
3040 1556
423 178
623 1163
2337 783
2887 2303
1661 289
3168 2897
2465 81
1331 480
3391 3339
839 1207
2211 1626
2141 2922
3210 2910
1962 331
741 3116
2057 474
39 855
2193 1071
19 2133
3176 564
794 2644
2992 2906
2814 3260
2629 281
2096 2095
566 934
856 631
2455 3322
2464 230
1701 2957
673 485
3132 2148
442 819
244 953
2918 168
294 1941
613 1646
176 2893
2609 497
3173 2698
187 677
509 1589
2669 274
2363 1310
3344 2438
993 2840
2371 112
1991 2537
2031 2107
3285 2202
1302 3280
2063 817
2541 1708
1382 2938
1851 2316
271 2591
3014 2107
598 3276
2914 2826
2677 263
3388 1666
915 1918
955 148
2620 2768
3424 223
789 671
2596 1735
2585 3378
3125 1212
74 1095
37 3060
852 1086
555 2261
880 526
2266 3317
1416 2936
988 3059
773 159
1997 2127
323 1914
1257 298
268 740
1905 2992
2414 2321
1236 455
2173 2927
3316 3150
1080 3041
2664 3401
2922 2213
1951 266
349 1016
2023 3227
1342 3049
1821 703
2174 2568
2037 2927
681 429
1713 2363
148 75
2035 1661
1996 1161
1360 3355
1894 2589
2147 1960
2290 2694
2506 1748
1679 2618
1660 1505
3453 2759
2353 980
1690 1043
2809 2011
1128 721
2376 2273
2696 3096
668 3080
1968 1641
2442 3241
1390 361
2406 2567
3197 1754
2910 1059
2764 1518
882 2254
3033 2438
844 350
403 2014
3211 674
2672 955
2664 2320
2829 851
1260 581
2435 1849
2351 1252
1376 3253
44 3081
2981 2437
1111 3101
3196 209
225 856
249 1031
2139 727
906 404
1268 3164
2181 1231
1222 2809
2974 3106
439 3395
1666 2635
2162 3313
387 730
2089 561
3410 2553
419 1408
910 2194
3343 3289
1000 1145
2547 2188
551 212
994 3353
613 1061
3274 89
2387 252
3116 973
1777 1108
2140 2395
2180 9
2866 1443
351 2005
424 1231
3157 2082
1859 1215
522 3044
3424 1030
73 2978
1822 492
1757 916
2925 1215
3305 2432
667 3211
2465 329
1326 1492
644 642
109 1967
231 1230
1916 951
1314 745
3157 659
1791 838
3395 2069
434 1236
2564 188
3080 1299
1505 1706
209 735
2638 663
2084 1296
1840 1044
2876 2939
3385 508
1382 1967
383 200
1787 763
906 2482
1564 2037
3338 1012
1183 2096
714 3344
1273 2686
1664 2117
2160 2513
1760 1093
3073 1739
3416 1695
680 2277
640 2153
2104 89
1772 2720
2379 3277
1735 2551
1582 2318
2670 803
3044 2100
1462 2820
403 2502
1156 2936
3243 1542
696 1057
2276 2148
1186 1282
995 489
2523 2484
1308 2612
806 844
772 2821
1136 1657
813 503
4 1484
1073 316
822 1174
484 1290
1008 1176
2758 486
1156 331
177 1201
2110 1753
1651 612
462 1201
2531 3001
965 939
1208 456
894 479
2300 1232
1946 1970
79 1532
325 751
2936 742
2775 1345
2567 547
1097 3422
2846 1573
1187 2000
631 3315
2180 655
2752 1210
886 2193
693 2538
2474 2334
2866 2448
322 2530
1131 988
524 3443
3019 1447
541 2740
1761 1745
2218 2707
1497 1363
502 3256
165 2307
3065 1328
166 288
670 3176
916 2179
3083 2017
1333 2727
2889 684
131 481
1666 1916
11 2148
1406 1199
643 1256
2762 610
2912 2
1404 1931
1338 1875
1535 3261
390 1703
867 2834
1106 2748
807 1883
1499 339
3205 2857
1109 1223
964 1252
12 486
221 3087
2994 1401
488 696
1821 2825
1694 293
1774 1359
2902 997
2352 630
1140 1079
1543 2890
2110 731
511 1171
1826 957
278 1776
2778 3257
1231 2602
2205 730
54 1516
2303 439
1315 1567
944 2993
1836 2588
2660 3224
661 839
1895 1234
2974 1197
2452 3078
3410 1892
2746 2258
3133 977
1061 1501
834 1144
427 2617
2333 1537
1263 1723
3130 2139
3137 5
3443 1905
1866 941
2214 2221
1096 1267
3246 1371
1522 1315
2136 2539
2664 2449
2563 2052
1742 3280
63 2959
2231 549
286 82
1690 2056
3177 2143
1321 1208
2408 2527
673 900
1544 3296
2957 2625
3379 3323
2453 205
1730 2114
545 1458
2235 2111
992 835
2739 887
665 382
2039 1156
1074 1031
773 1864
1814 2555
1875 1295
295 244
1408 2664
1032 2135
698 1821
2593 1219
2087 2005
449 2074
1168 2794
1992 3002
1077 3223
2901 2551
2740 1099
2785 3038
312 1028
1955 3348
298 638
1102 1067
3048 3144
745 11
3090 816
3278 2441
3330 2462
3042 961
2714 2394
2175 2490
2616 608
1613 351
1934 1320
2896 1410
283 2013
2952 1901
1899 2834
641 1822
2682 3114
716 3229
723 1411
3442 2533
2103 587
1541 1527
2054 1025
834 2457
1858 1875
3358 68
782 1853
993 2271
1509 1925
3144 1682
8 2565
2258 1753
2376 2237
1141 2126
2724 3021
2212 1754
1251 3140
3086 3183
831 3326
450 199
35 2614
768 1536
2727 2031
1656 2617
267 3150
1445 523
1880 651
1378 3133
3012 2622
666 412
2156 2070
2953 1421
3443 2908
426 2410
3353 352
45 1516
365 1679
3209 106
3331 2655
2305 3412
53 399
121 1386
2259 3142
3322 2741
2869 1598
1826 401
606 1160
1016 2941
595 1981
1253 1913
2244 2638
810 2756
694 1318
701 800
60 1173
845 1218
1495 437
2779 2592
2657 2184
2348 451
971 2954
81 3210
2914 210
2648 1149
3102 2145
302 944
2795 2803
212 2455
1032 2632
1231 1199
2748 643
1133 3316
3340 3079
2547 1740
2814 1899
1246 799
2304 3165
3309 2731
1537 2329
2519 830
755 3407
1380 2646
342 1252
651 1700
2580 2618
521 3236
467 1676
1320 1806
1784 1767
3434 3331
2414 2167
1088 2146
2410 1316
1382 3194
2013 2550
1185 1009
1681 2243
2937 2364
1738 2268
3444 2851
2929 3043
1758 648
3250 1711
1031 490
1816 799
262 1321
2736 392
2189 1137
604 82
1091 2052
1257 868
2057 98
543 2909
1211 1364
3341 1332
3390 1227
2404 1895
2925 2161
1507 761
2101 505
2706 2271
3384 1643
2292 1118
1260 553
37 1207
1325 3323
3138 1285
1590 2334
1011 2949
963 1031
798 1874
1745 1023
1765 3113
974 2508
2953 75
30 2048
3183 2790
885 3426
1379 594
888 596
1365 3270
2907 246
2205 2769
2799 1802
919 2802
1269 1814
2962 1561
3318 1635
2714 802
2779 2872
1904 1350
1882 3253
1892 3377
1433 2686
757 2583
2785 1072
620 1676
1732 2360
1887 1710
2995 2369
57 592
2741 2118
1623 1313
1275 531
3037 2169
2072 2198
2926 3456
844 2409
3223 1487
2423 2635
1319 3354
3376 2800
360 2533
1546 302
2717 831
2043 3236
271 433
2719 2595
470 1727
2571 2008
1593 177
3459 646
2679 3436
653 1061
179 1372
1892 1125
2616 3119
2477 2274
689 936
2242 1341
2253 2003
1125 1126
2368 528
2328 1122
3331 2786
608 2717
918 1464
2214 2426
1140 2609
2652 2317
851 1080
1441 1894
1858 49
2980 119
1026 1393
1 2560
1580 3234
2476 3336
1362 930
606 71
824 322
1371 2432
1933 259
2904 3381
596 497
3040 778
2879 2577
2408 1469
1460 147
219 3387
351 1642
1069 3134
404 1876
1303 1926
1717 291
380 1110
397 1138
2309 225
1144 1973
3298 603
1852 855
2842 1216
1255 1911
2656 605
214 2145
330 1390
1312 1342
1446 579
1123 3039
2784 18
1485 2206
918 3104
1015 2500
32 2771
921 2296
280 3259
1701 2056
1188 1307
3054 2854
580 2446
2273 1872
3311 1864
3116 101
349 3335
893 1862
1202 2697
320 671
1249 689
3051 3254
3093 704
502 2471
1896 2060
1795 2446
394 1531
766 1371
311 2352
392 43
3315 2262
20 404
6 3416
2481 563
831 2822
1901 2586
668 1829
2752 883
1653 581
661 2358
1382 3321
2657 52
879 2486
673 2475
1271 3192
3016 859
2045 1856
75 1374
1240 1646
379 3090
3388 2085
3412 2390
2585 721
2090 3102
356 1039
2678 2588
925 2956
711 3014
1261 358
1 3303
1933 933
1347 2098
2476 1613
2881 3277
64 1140
951 489
1674 947
2849 1233
1696 867
353 2419
2531 3335
98 2552
1616 3456
239 3103
1203 358
1360 1294
2195 2097
1687 3120
2809 545
2311 1599
1898 2765
435 2668
995 2263
3042 2224
1401 2502
1229 2897
2892 1645
2954 595
156 2768
180 2692
1776 1266
3072 1259
2120 3022
505 49
2824 3455
2142 607
2327 3239
1949 3426
2590 315
2505 2017
2624 2934
469 1718
657 2009
499 1155
1725 2049
522 1791
2554 3142
2335 1764
1931 2938
2918 2696
973 605
1486 2737
1072 553
706 1758
2908 331
2637 942
2541 355
3377 3210
2896 1818
958 2233
3302 1374
712 3439
2272 311
64 2176
1204 679
514 2010
2899 575
571 205
1212 176
2158 91
2603 1182
649 3207
820 583
814 3258
2174 3450
1441 1220
293 1033
1273 2299
1591 2853
2897 3139
950 3260
337 1971
23 1362
275 882
1250 1672
8 827
1411 3136
2737 228
536 1568
2077 1957
2350 735
83 2456
1657 2729
590 2990
1080 653
1769 1096
1061 340
3019 2919
3365 319
2777 966
2544 173
1662 587
625 1914
2241 1750
2954 2845
1872 2601
1562 3114
255 584
2964 3180
3126 3179
1222 3306
1815 761
328 3006
1523 1102
2629 2844
1634 1067
2911 234
1976 1983
333 446
1808 2719
1923 2936
1445 2539
1803 1058
192 2762
492 2337
79 1631
2150 2859
943 2794
1408 3324
936 1753
3350 2664
2685 2524
3437 3069
1871 1174
2801 3203
2786 2489
3156 580
1848 1449
2119 666
2173 2638
1829 2783
218 1303
2344 3120
1615 1618
3283 2983
2204 2359
472 1282
3275 1279
3123 1809
799 445
2639 3141
842 2156
587 42
1684 2853
2369 1286
2243 3229
1026 1408
1635 2631
495 3221
3191 1922
2059 3007
1837 3411
2123 1050
1370 122
759 2824
1794 2355
2413 3139
2672 3174
342 2964
2274 443
1226 580
3395 372
1734 2028
339 2378
3262 951
576 2730
622 2279
684 1063
122 1233
616 504
1085 1244
968 962
2547 905
1026 3407
1255 567
2586 2071
1175 84
2840 3375
694 1579
2215 2455
3208 2953
942 697
231 827
693 1056
2655 405
1384 1405
13 659
51 2934
452 3274
1055 934
1292 270
148 107
2874 843
475 667
173 2881
409 3394
2465 1548
1106 2299
3373 2202
480 2899
799 2987
1248 1073
3170 976
2259 267
1479 2686
62 324
2845 196
965 1261
140 2974
32 169
852 380
3033 1244
427 617
1993 293
954 831
2348 1267
851 89
941 2553
894 824
1370 1556
2290 145
1608 2276
1886 933
2156 83
3103 2390
74 926
2461 2411
3263 3001
2839 3190
423 350
500 1326
3039 900
3007 1755
803 1528
1469 2396
1062 2107
1657 346
3309 2077
1875 1759
303 1341
1951 1128
1332 730
1272 867
2184 2470
1487 449
1766 2545
3026 2016
1435 2396
17 2666
3367 1758
3334 234
875 2206
393 3317
501 2670
146 740
2807 596
1289 648
2122 2586
815 186
2040 995
3020 957
1125 1349
1264 2998
3418 2744
604 467
441 3176
695 918
1898 1807
2696 3344
3413 2194
3277 2293
2419 362
608 2125
242 388
1544 2033
1520 548
464 3314
1671 3100
517 1208
1650 1613
2123 1736
171 2687
1367 2516
3235 2815
274 3279
2858 1281
2214 1059
2801 3406
3240 719
541 494
1208 1991
1806 2286
1159 143
330 2956
2535 2724
3253 177
995 603
2098 1514
2534 734
2979 1978
576 3021
2193 1129
2665 1444
2930 39
1772 1065
103 1935
1107 1410
729 1653
3106 2505
3348 3065
269 1568
222 473
81 3146
3429 2245
324 811
295 2994
3284 1837
3413 371
1029 955
315 1112
931 3435
1147 228
2527 6
516 2305
287 3069
1564 3140
2654 1446
3291 3271
1676 2832
524 527
2413 178
2313 2589
1627 2082
494 1699
2663 440
1417 2496
2941 848
493 2440
413 1856
82 1170
1024 2185
1008 984
3196 768
1771 3214
1503 1269
2838 3143
3426 736
2338 620
3367 1110
1275 2453
2466 3302
2752 692
75 2752
2462 137
3302 2596
1122 3212
3039 1153
2274 3095
2360 1010
2399 882
1130 2205
3067 3431
3348 678
356 159
385 423
216 251
2296 309
712 1394
1000 1857
325 145
3447 3085
3371 334
541 1180
3007 3270
286 3311
3448 2815
3311 47
3411 2351
1469 327
3394 980
2707 3074
32 320
1085 2319
1126 1825
939 1549
2328 2670
1404 454
3359 2868
2806 2675
225 853
1194 2791
1044 331
441 2532
1087 2472
3386 1797
571 2751
3444 733
2398 900
3368 2283
1050 921
2135 2068
1907 1131
3132 2516
317 1703
2649 3110
444 2900
2404 325
856 228
1923 2216
2100 394
2153 1657
1730 528
1264 496
53 968
1262 3272
3315 67
3209 317
1263 791
2633 2438
3345 518
2082 2603
1694 2800
2783 2623
217 659
742 1840
2026 559
2967 1459
1768 2137
486 2488
2268 2584
2763 3060
3195 2267
1270 1252
3429 3331
443 460
120 722
913 457
1809 426
2435 3427
880 1488
509 287
552 2296
3061 1405
3014 1743
578 2871
2486 1994
1942 3449
922 173
2192 1848
873 2905
3357 2295
2867 3426
1268 3055
3035 1745
710 1755
367 3194
1970 3422
1204 3222
1152 814
2032 1733
192 2440
1833 1274
522 2116
2476 781
1652 170
1309 1236
2246 228
1720 1235
2526 424
1916 1573
3294 3219
3335 1787
3192 1586
2971 2686
663 1006
2129 1511
462 2839
2966 1899
1584 2238
1582 1428
685 2417
3058 2016
3252 497
1870 53
3170 1844
1851 2301
2764 1413
1932 461
45 2717
2033 1551
1560 2334
2379 2729
1306 2769
260 1335
2113 429
3277 851
2705 1194
358 637
3071 109
920 1452
2670 3140
563 2392
1034 2686
2134 2181
2143 810
780 2569
2444 2573
305 1331
1201 2234
255 1690
3155 601
2335 1363
60 1132
103 1251
418 1712
1243 672
738 2307
177 286
2213 2985
993 1959
168 1814
1382 2642
2223 3077
2175 1170
873 1694
1002 3165
225 2174
1319 2076
3240 48
937 1186
246 831
3396 712
2831 1136
1109 1364
2448 2228
3261 2733
2774 244
3249 1060
2564 3265
2563 1537
1110 874
2715 3190
3312 2162
2848 2654
694 2580
2868 954
31 3260
2992 3094
1247 100
2281 2837
3026 1733
2836 945
2293 2871
2845 2173
222 395
3022 1431
2591 1582
1714 1863
2 836
2911 672
601 466
246 3151
2928 647
642 2179
1922 2125
2131 3297
3298 1227
530 2398
1510 2501
3067 2278
1021 2812
375 521
2847 1207
2628 2085
569 1076
1841 3399
1045 2139
3382 2555
467 51
259 272
1638 3360
1243 631
975 2096
2673 740
2961 3198
3135 1806
347 2514
286 2679
1236 847
2853 3281
401 1921
2655 2763
1560 1952
2901 549
1987 3251
1491 1442
3169 1528
3034 415
821 57
594 1337
3428 2864
819 594
2927 1086
1310 3082
2127 1748
1740 2422
2284 2058
562 392
2668 337
1593 493
492 2812
2888 3071
2520 2106
883 2667
2725 545
2475 173
2837 1740
1735 3082
2705 1704
1809 2160
799 2458
1496 1760
3153 1186
1585 1070
1490 3089
2486 728
2562 2950
2268 485
533 1938
812 406
898 1739
2237 3398
2315 2662
28 2846
1103 1978
2436 2390
1611 145
1137 3301
3411 2447
238 1407
1216 2429
2707 2129
2463 2434
3321 2891
39 1058
27 395
1677 643
3426 356
1161 2001
2047 100
2560 2115
1665 3272
3212 320
2581 788
3346 1217
2767 3082
1404 476
663 272
1595 931
2979 2762
1977 1805
2193 3419
3072 1337
615 3221
1726 200
1860 2627
488 1457
1282 1804
2081 819
995 469
2424 383
612 3372
618 3035
1570 570
3385 1387
3289 1756
111 2359
2866 1320
1478 1419
2022 2371
1741 3107
3151 1118
674 3401
1956 1995
2385 855
1487 3350
292 2784
2145 1148
2829 2486
1563 724
1911 1399
2813 896
2981 2774
40 1786
1654 1198
561 3444
2856 353
609 3393
1404 3025
1583 563
2881 3238
1338 837
2680 3163
253 301
1443 3199
1173 2738
2595 2587
1320 2522
3442 828
309 1630
874 2550
1802 494
2990 3209
1827 702
2079 1314
3250 1224
2984 3312
2820 641
1971 1977
927 3254
2980 2514
1447 519
1935 432
2619 580
593 499
2906 2849
1981 1253
1046 307
436 1358
1838 2023
1446 2319
2930 1518
1842 338
214 547
202 1997
658 2115
2437 3121
2467 1674
1716 249
3202 1174
1943 1436
57 3303
3229 1323
182 857
2581 338
2227 2742
2657 1151
1636 1228
2985 598
301 536
269 3044
534 2458
3398 591
3436 3011
2116 2180
319 671
587 1892
284 1312
2258 1573
327 1453
1982 1347
3383 3171
2463 614
2938 2357
3416 3193
3457 1281
2072 28
1517 2247
518 1743
1244 2354
455 2964
2383 660
1107 2945
1392 2367
1732 1917
3273 103
1289 991
6 2903
2453 3359
2708 2645
2616 90
647 802
2426 1421
1554 1113
607 3088
3173 1758
228 3305
1259 1072
3059 2877
1206 351
2803 226
2092 2054
2373 2068
282 1745
2715 2526
908 1038
1665 216
1935 427
1566 1707
1812 2734
2930 2875
1499 411
453 2008
3054 1098
1666 558
988 1135
2623 337
633 2646
2590 3138
1270 1236
877 703
926 955
2644 741
3023 881
3244 1306
2830 635
2524 1693
3356 2201
2546 1079
17 1943
957 2092
1171 3324
1988 1461
3348 1565
2399 2971
2657 179
2535 384
3159 3337
807 793
3234 3438
2262 699
1336 1334
14 1725
2249 1722
1251 1214
409 1313
507 3157
80 2779
462 114
2264 3138
822 986
1089 1738
791 1838
1373 2147
1224 447
2370 1551
1327 2465
2816 72
1407 2793
1805 3045
451 469
699 3038
850 2093
612 1445
3126 3058
847 3116
3218 1429
1357 2318
2139 3356
2662 2451
454 2487
2300 2010
1199 2113
1063 1118
1333 158
2147 1998
2881 752
3457 2482
172 2439
132 662
1714 35
3081 2671
2464 1871
206 1840
1178 2720
774 3089
607 90
2787 3098
2726 2847
95 1922
1479 3070
2428 1242
2919 3139
437 3382
504 1140
3121 125
1200 496
213 1998
2492 675
607 661
830 994
2087 1721
320 2837
1582 1102
2521 68
1053 2633
2846 1655
2625 1191
1813 2592
1433 3397
1976 3173
3169 194
2982 1441
697 2815
868 445
460 2244
1636 925
891 1343
2034 2019
2513 1288
2568 1044
2809 2491
1625 2874
169 1212
66 2506
2103 532
1063 2350
2347 2926
964 1869
1471 157
2020 938
1195 195
1477 2698
3009 3305
2886 2968
43 663
1176 1103
102 3128
72 1601
1146 254
1089 260
2978 2638
3035 3119
2185 260
2843 2701
2264 52
1678 1236
2644 3087
1919 883
1702 3244
3219 647
1766 1248
83 257
2867 2196
2763 3067
31 1311
1791 990
2856 2045
1477 357
2070 981
2929 710
2754 1082
1334 700
3264 1010
2243 1634
3400 325
2820 2986
136 1045
2083 1323
243 3445
376 253
2540 229
41 2807
2201 2867
2443 879
2854 529
2131 2076
3025 1928
1474 1066
2451 2433
2001 3097
2198 2451
1231 2718
1866 3353
3416 1880
2903 972
1375 3191
211 1722
2575 429
2066 1632
1424 1538
666 15
900 3268
3343 2118
3399 1941
753 3237
2158 768
1126 1668
3343 1188
726 120
3153 1933
2290 105
2827 2656
2065 218
1691 1390
3078 2071
684 485
275 1
65 1629
2626 2118
266 2237
2441 3249
2337 1200
1571 1379
2575 3370
96 293
1471 2420
1926 2210
1058 497
2605 1379
634 2527
1130 468
2894 656
495 685
3028 1941
2171 991
279 3035
2652 960
637 570
741 2595
3038 2026
2907 3272
2770 739
3203 201
3000 1595
1463 3415
116 1973
548 2750
2997 3172
199 1092
2807 2356
816 1364
544 1069
2851 2577
809 1582
1201 277
2877 1322
838 466
506 2010
2862 1118
2261 2170
869 947
1240 1230
667 121
1972 687
3372 3393
1276 1729
2895 3023
320 1190
2089 3142
2688 2378
1020 650
310 2522
2500 3151
1606 2081
1928 160
1576 1571
1949 2137
2773 363
1160 754
1384 3213
3087 803
2049 3151
1471 1096
1608 3275
1161 22
862 2850
748 2444
2796 1937
3280 3417
1189 3173
1826 3253
3211 2268
868 1817
3124 2629
358 2833
2745 2618
981 179
2988 2212
1097 1014
1785 2789
1818 342
757 2078
3229 1405
779 2691
722 724
1445 692
1678 1067
3291 772
2659 204
72 412
3191 1158
161 309
2445 1160
883 577
1881 478
609 199
3188 1377
1598 529
161 1131
2582 866
1979 836
2190 3298
443 1442
2942 1629
2076 2150
327 3130
2090 206
837 850
227 1374
2568 2186
1542 1440
2608 2802
1165 655
1250 1660
307 757
917 2345
1956 2094
2233 2339
2702 2148
1144 2102
1864 3225
3139 567
2604 1747
995 3354
2868 1074
1768 687
3456 3071
470 2750
39 408
2183 1738
879 1889
2707 2814
3398 217
2502 285
3093 1257
399 1047
2737 3004
406 873
1270 2904
1099 138
2866 539
3103 309
1 2937
1989 1435
1782 2838
831 1976
1781 1223
271 1115
1246 532
999 2969
1 603
1867 1492
3446 1838
13 1159
894 2367
1919 117
3402 417
566 1118
1344 1971
850 1121
918 3434
2401 551
13 683
2555 1981
961 2190
3204 2805
1164 1302
1275 782
2862 1296
3196 2398
1750 972
2715 582
2626 3324
520 2113
3201 3362
900 2847
2021 2830
1064 3096
1017 1595
789 1651
1948 1883
1945 3403
2478 23
1156 3448
257 3229
2573 430
725 252
1956 345
3180 66
2441 55
2420 3328
2703 2957
891 1095
2629 2409
394 2581
2862 3427
2908 2517
84 2851
3386 899
2494 739
260 323
2919 2677
2604 1090
2938 1553
2398 1079
2849 309
2908 492
2398 1601
3345 3423
2354 152
2669 77
2030 2254
3319 1311
1899 1156
3133 2544
2258 2291
681 2043
639 2237
423 2424
1502 241
2794 328
2645 3130
1108 1450
3115 1544
2405 3297
1751 1065
2600 791
742 819
3230 2447
2329 3379
3093 123
1307 1256
1441 489
1314 116
2315 1364
1012 846
3183 796
2143 2812
1165 2023
2413 790
2836 258
772 1465
886 2772
67 3162
396 2846
161 1133
2583 2489
2173 1013
220 2995
2566 1070
3079 1035
1888 631
883 3299
3188 260
378 800
525 5
1242 243
352 1728
2879 3451
697 1906
1875 3100
1762 1253
3102 2825
2615 3356
3370 2661
1131 2508
3328 2898
1049 21
2205 2050
1735 2795
2717 2100
1638 1458
3147 685
1301 1227
2999 1109
2853 2590
1078 1436
3325 60
2477 1661
2492 399
402 2959
1473 1044
2607 2126
970 2742
2611 2613
679 1568
2794 2923
3216 1609
638 2636
2132 2664
289 3345
1362 1843
1091 405
1700 1074
177 1164
3318 2538
100 2644
587 1420
761 538
1573 47
3107 3403
236 2123
2586 1800
2179 579
2351 2385
1133 764
1914 2345
1375 1004
2523 431
389 1369
3253 2704
1016 1821
3037 1824
1565 157
3276 349
533 2404
1769 602
1198 877
640 1583
1337 912
2938 368
1053 3209
2462 534
2143 1494
2686 2766
2182 1712
980 998
216 1263
1012 1297
1335 2170
2969 519
1878 2352
951 2076
689 622
1857 94
2725 2140
1223 550
2941 1338
1997 1778
2155 1943
1387 133
2949 2534
1125 1202
2231 2889
3400 1615
446 2168
2252 305
3373 593
2916 772
1073 1624
2296 2224
283 309
566 1600
262 267
375 681
1001 325
3186 1468
691 2711
1674 3422
2514 217
819 3286
3433 474
2855 485
838 1939
1031 776
2574 2038
2718 512
1449 2489
2278 3360
2719 794
2196 1109
313 3329
2420 2767
1304 3023
2904 764
2387 2268
513 2368
2237 1262
639 1988
3430 3431
1290 3269
1338 653
2275 3094
2308 999
2701 2754
1228 201
313 1143
3382 383
2760 259
1670 1094
2950 138
1620 286
2028 3078
2182 870
3418 876
1889 3346
813 942
2678 2301
2309 1188
1654 1691
2379 200
43 353
3263 2872
2833 542
654 73
556 802
257 808
1663 2727
1434 282
2891 1030
1085 1366
3263 1375
3268 1550
2806 1341
378 2926
2049 1634
2822 1635
2509 2204
3080 894
1752 1806
2038 1430
1321 2800
331 131
2728 69
1639 844
2578 3254
3323 2362
3292 1970
3400 892
289 3352
402 3433
97 2989
2033 2888
3124 1022
2474 1529
1575 1977
2138 3072
468 2276
3333 2036
658 308
3045 1526
3039 872
2637 3204
1480 1378
625 261
430 1752
3395 2670
549 1566
2986 1691
1616 2936
49 2156
360 2414
1642 3393
131 996
2626 1070
2562 3272
1599 2116
2583 1644
129 989
3256 605
1904 77
2204 40
790 3146
2924 2793
44 2920
1659 2966
1587 637
689 3212
3448 3114
1399 3336
169 1490
2418 2853
353 2822
1465 1865
260 765
2293 3245
3201 2535
1845 813
3091 2648
427 480
847 3263
1145 738
3089 45
1158 699
1796 3103
2457 2409
3003 3406
1836 1857
2994 2005
793 2668
1476 2896
1333 263
1626 2064
1330 803
3399 3185
2436 2435
349 453
509 1559
2368 1274
702 602
2818 562
290 2479
2285 2502
787 237
2010 3204
2947 3053
2788 2227
538 1569
2281 2025
2752 1701
899 89
2843 465
2596 264
34 1184
1877 1317
238 1207
3193 1201
2708 2962
2446 1752
2097 2769
962 337
3230 122
525 3320
2016 251
2777 264
454 1793
1200 27
2193 393
2406 927
2225 2260
1776 232
2869 1402
2228 2119
989 1475
3026 1315
2729 622
1017 1901
840 3084
3063 1791
3070 2095
897 2360
3280 1
1732 3353
2641 779
1327 855
61 824
917 1214
2352 509
306 2960
1966 2793
1262 1675
2773 569
836 1117
3015 2935
1268 1019
3110 1836
456 2083
386 477
1257 2777
282 636
293 3339
2265 3094
3288 259
2167 185
1548 2535
654 2856
403 127
2127 114
3154 2250
2563 798
2147 109
1975 364
2406 2688
1403 1980
2080 2985
3353 565
995 3151
859 3175
2303 896
2586 1459
243 363
1023 382
1208 1197
1385 681
2674 2698
1398 1823
2452 2070
47 140
2891 2763
725 1000
2635 1929
1655 661
3292 737
1475 564
634 186
3299 2939
2946 1266
3262 2194
1073 1218
2544 1766
1303 3313
2982 3337
923 244
954 2501
3299 3297
2480 1968
3155 2469
1295 748
3049 2138
1874 3346
2893 2288
1734 997
3237 1587
3283 2477
2319 1462
1508 2776
2562 3178
2145 1255
355 3458
1911 2850
1696 1633
293 3011
2589 71
1836 1027
1507 2662
1918 2810
508 3147
2982 2217
2295 317
1562 275
1096 1583
617 3196
851 2097
2418 610
2173 625
1109 2008
2999 864
1156 1420
1528 2508
1393 3403
618 2125
690 1645
2912 2005
336 2610
550 1711
1183 3293
440 962
2668 2188
3448 1398
974 3215
73 1966
463 1591
3327 1181
2311 54
2723 2195
656 2340
1642 1604
2779 1619
2291 3306
1882 3370
109 1722
1698 3330
489 3168
3202 721
372 3092
628 1542
3083 51
3459 924
540 1280
215 870
380 3027
474 1917
2374 2571
1807 2675
212 2379
2114 1083
2611 2561
1754 1687
45 1939
438 2863
459 2242
2796 2473
576 243
3447 868
280 2551
81 3368
835 3383
1634 158
2785 1571
2509 96
2404 2334
936 549
1245 2266
1881 1462
453 671
177 1042
3253 2403
2255 2765
76 767
1025 1631
3352 2071
275 3034
3149 2085
1153 2099
3221 2498
2776 3197
2304 2396
1155 1500
1264 1191
1061 2829
350 2281
466 2680
42 49
657 3457
1988 2749
2344 1196
427 226
1972 2415
2774 347
1535 2460
525 495
2132 1192
14 3253
2567 2526
3373 879
812 1940
1536 1560
324 1692
2179 2668
1923 1182
2780 3333
2480 19
489 2492
105 896
1208 1076
2725 1803
3297 434
1157 1593
3454 3327
2547 517
604 936
3288 1567
2390 1955
485 1021
3230 480
574 2764
3232 2937
2711 3197
2422 2558
1186 245
2870 3320
1791 2351
411 1696
2457 2312
732 1045
2258 1286
963 220
2245 500
2478 171
3418 20
1974 1545
3428 1295
2613 2953
356 1618
1633 196
2732 322
2953 1680
1887 1876
2712 3194
3398 1583
1584 826
459 2566
1512 1780
1762 1599
2056 1987
5 189
1425 658
2897 2038
1657 1016
2545 2678
1513 905
1468 1165
3155 2915
332 75
3264 2351
1264 109
2603 97
1274 1657
2337 1385
215 3134
2152 2118
2920 1704
64 1612
410 1559
2483 2119
2296 1687
673 2951
2282 846
3069 145
2109 2320
641 2709
3126 2960
1482 2532
185 21
2486 2372
3016 2918
1584 2466
2654 1729
2793 491
889 1916
2765 1786
2564 1914
1197 2545
551 487
688 617
2286 285
2439 720
2572 2946
1947 1141
3343 1164
638 2878
1954 458
873 398
224 905
1234 2280
47 1644
2136 1806
1191 417
2573 1771
150 284
1099 1177
653 2871
3003 1416
2962 2882
1814 2944
1254 933
496 2282
2447 2534
1164 3180
3054 777
1016 3081
2002 425
453 2645
1449 2988
2508 1657
3427 1452
2471 2183
1364 813
2313 2235
2731 1493
2972 3053
625 1508
897 45
41 1854
2610 62
1501 3436
2859 1074
411 493
2886 1377
1555 2869
2375 1474
73 2448
2792 2454
117 2087
646 215
1320 2701
482 2596
2449 57
1706 2434
1185 1458
1805 396
1088 1095
182 802
796 2530
1809 1854
2570 1072
2936 1911
2798 1304
1140 2362
3150 2635
1439 1755
3158 661
3021 1381
2668 2019
575 3346
1649 589
1352 2879
1381 380
3212 2924
1040 3085
2288 1886
1775 1943
3165 2054
552 2144
1933 378
2210 601
893 2973
2442 2738
3290 2499
2407 3453
3149 1432
3160 9
32 991
1724 222
1063 1260
822 2629
277 2983
3346 740
3183 3123
2058 2964
2235 2728
1662 3448
3267 547
2679 1540
2182 3133
615 1508
3395 510
2134 993
2968 897
1744 2963
3047 1384
2260 222
1233 2154
2072 715
1349 272
3143 848
61 2500
527 1852
1968 424
2887 1786
1327 1426
2820 2221
2440 936
1157 2317
1296 2159
2222 1600
1862 2249
594 3373
687 1196
1505 1134
1254 2363
233 584
352 880
1407 2624
965 1592
2236 1145
2208 3129
96 1883
1447 1382
1679 670
2364 2266
2698 77
2446 2274
2679 2208
1410 2522
634 2325
1083 498
1575 2355
2814 1642
1208 2352
1789 2199
1653 1974
1438 1879
1461 3378
1107 2892
1012 3228
953 3160
2653 3206
1591 2577
3090 2564
2696 3121
683 3203
450 1032
2516 3005
3304 1534
2980 2647
1977 2576
819 1253
794 2790
3365 143
641 1045
65 256
428 1347
2362 2437
2237 560
1743 2833
1781 3002
517 2744
2844 2736
504 811
108 2845
1559 380
247 629
1555 224
80 1160
2362 1953
2378 2402
2766 2689
120 8
3327 2651
1298 1892
1604 3152
2453 2152
2823 706
151 1388
3311 795
2172 1575
707 2700
101 1917
2684 1864
2253 509
2807 358
2250 2755
2336 1623
2551 455
2979 3011
1175 1142
1286 2485
432 3028
546 1670
1321 2678
1841 2179
47 3036
2303 797
1123 731
1978 2495
3199 2294
374 2368
2539 3312
1836 1606
1825 1040
3109 2937
348 291
3302 1390
1968 2050
2488 1708
2481 121
2008 527
208 2753
2923 3252
2354 3323
714 17
2160 2626
732 366
1688 2273
1378 406
3253 1068
1881 2569
1752 2641
2768 1395
319 14
3329 2834
445 2488
1977 2404
2170 1433
1514 2939
433 2447
1125 3406
1178 1275
1039 416
673 413
3101 2429
3076 2485
3322 888
1423 1163
716 930
3395 1355
1440 741
2645 2188
1598 2403
1842 1468
2521 3104
3082 339
3145 3260
2516 3314
1665 2615
836 568
290 3129
3199 294
1835 695
2788 2698
1629 3311
101 3427
723 2488
890 1390
536 2545
196 621
2862 3329
684 1340
1407 3108
3411 222
711 768
1909 1387
2615 3401
3395 1297
1754 365
679 978
2957 384
1154 1286
1329 2945
2469 2898
3443 958
1408 355
1775 2237
2307 1080
1303 2965
488 667
1319 1428
1345 2160
2459 2013
2343 2936
1446 363
1907 3267
3210 747
436 3324
1579 1307
1410 2252
2065 2762
2803 3210
2380 3417
2053 804
1987 2180
74 464
2493 1525
1415 575
1474 1067
2809 432
420 1066
1864 3419
1666 3161
3441 676
529 351
3148 1670
1937 3130
2811 2775
2584 1967
685 2739
3307 1780
1673 2200
456 297
6 2819
759 3359
1819 1750
2399 273
2094 906
757 763
3019 1436
3283 1429
845 2888
1492 941
1317 1124
760 539
429 3080
2801 439
2230 2885
2809 2760
615 625
520 1592
2137 2705
845 622
1330 3035
1173 2365
1104 442
524 2894
520 2295
1558 3282
1676 54
643 1977
2353 2688
87 204
1455 1519
1845 676
2144 3362
1823 7
2600 401
3324 385
362 2167
982 132
399 418
155 1375
2533 909
1923 3065
226 3022
2244 424
2058 1744
2434 579
2056 2631
424 3273
827 1223
2945 2648
778 310
1742 1824
3163 249
1563 943
107 3283
466 2018
1269 129
524 58
316 953
1648 853
3099 2187
1645 2642
1275 3193
2019 1519
1774 1600
3232 3427
899 1665
3003 1605
2579 724
2013 2814
3085 2440
587 2498
1119 292
358 2997
2055 1050
1457 1338
3236 1423
567 2538
2200 2121
1200 621
3390 1859
147 2431
1623 756
10 1328
87 1586
2304 2695
2310 734
1747 3283
873 967
1351 3314
764 2089
473 1110
1642 1871
1963 1562
2482 1675
3403 3309
756 1027
987 1586
513 489
629 2787
783 2039
3085 1062
466 2782
1163 3319
2586 1579
0 725
1541 3350
3301 2116
3321 1558
1018 1353
3384 1299
2306 1775
1803 1536
2851 2274
1752 451
355 1838
290 2270
3233 992
921 2144
95 1404
2880 212
1750 1585
2559 2616
2526 1365
2443 1968
462 2771
826 2846
655 1851
3346 1203
548 1709
3204 385
2126 2846
2634 2338
3167 864
1693 594
1680 2513
1936 2132
1563 2423
3182 575
2645 1793
2630 3454
1211 440
1994 1340
1839 2859
1468 28
1159 3237
1816 2965
1570 2165
2405 1412
2640 2317
2304 1095
1074 1120
3169 838
2977 2785
1820 1039
2122 1843
2044 2221
3050 1187
752 2948
1439 1115
2325 2583
2969 226
2260 817
1068 799
2769 665
867 2760
711 397
2723 2015
2099 2387
912 2473
2389 3454
2983 1409
3036 399
934 56
2488 2722
249 888
1825 2177
932 728
1556 3278
1339 1844
3122 1991
2449 3037
1592 2738
1774 3177
1348 2831
2039 2881
466 2069
2943 2820
2651 551
2386 2186
715 2130
1108 928
646 937
1099 3132
249 1163
3419 516
2842 1559
199 205
2345 3169
1040 2274
1893 2474
1756 745
1279 1776
1679 545
1271 2342
908 3121
1445 1078
2994 1585
1921 3073
3382 2379
2430 3436
2586 3184
3290 2602
1191 591
46 2045
242 2450
1703 2682
2840 1219
3343 2886
3242 2548
1149 1939
3429 2733
2056 1419
3245 2936
2150 2305
3149 1465
819 1292
2851 1541
3344 2475
1546 2400
1642 1396
888 34
900 2824
1194 809
3147 281
3204 840
1987 1818
2325 985
1442 2295
1118 1245
113 1623
1895 1450
818 625
2929 1575
737 1712
473 782
1223 2662
3266 2700
502 431
2767 3184
994 2616
2339 3382
1360 2334
1727 1184
3270 288
577 1181
854 1495
3443 172
357 1473
3303 2780
371 2511
1269 1742
1290 1231
604 2588
1237 1842
2558 2879
2054 1533
1495 2202
1429 2393
1469 3272
1335 9
3309 1790
