880 4000
593 520
52 136
43 30
213 131
768 356
853 508
710 753
239 613
400 773
285 104
249 872
710 708
415 686
806 703
286 30
548 594
430 714
385 193
657 117
388 682
754 535
135 123
180 207
423 397
165 559
779 378
170 78
483 278
775 264
805 129
410 59
742 399
647 176
42 764
604 55
813 238
289 701
623 543
337 307
777 6
607 876
346 128
844 651
126 859
489 642
500 47
224 584
468 374
759 195
499 250
9 722
639 745
424 640
481 42
126 686
177 8
224 725
386 40
677 310
537 428
411 30
303 103
352 253
581 457
877 333
692 675
258 415
482 287
865 419
781 109
209 418
604 230
299 158
102 504
778 259
851 751
233 827
877 136
341 419
611 99
727 716
214 732
428 553
458 257
800 5
201 142
100 258
20 583
556 658
86 700
605 477
612 16
286 711
715 342
672 652
649 488
242 147
779 545
818 38
228 416
472 225
332 815
245 79
432 579
158 44
424 366
407 183
331 629
655 511
37 460
321 98
436 466
384 38
438 219
786 844
632 764
199 801
352 789
694 188
799 152
396 750
193 458
427 414
234 855
457 727
188 356
540 865
771 351
589 213
817 518
847 221
592 521
797 333
94 243
774 719
382 227
607 754
434 294
314 396
73 483
375 682
603 44
203 359
736 308
350 96
316 533
283 642
567 133
406 157
801 545
278 358
47 447
564 694
610 354
761 291
134 731
355 471
479 149
259 443
538 357
147 208
262 788
297 582
310 331
442 53
502 81
435 627
619 781
382 782
64 94
817 202
668 444
741 229
54 730
421 782
430 448
59 416
482 265
373 852
686 702
495 874
750 184
129 204
577 292
874 647
788 94
11 426
11 497
154 323
138 587
472 412
77 464
41 372
145 410
751 757
840 286
248 877
393 704
374 519
272 147
743 488
102 517
833 629
65 806
605 61
42 810
546 375
249 116
709 554
552 165
405 832
489 878
714 549
838 63
271 534
270 278
577 550
61 236
190 598
6 673
606 825
509 652
439 85
226 67
633 466
544 708
80 844
703 265
779 397
103 755
613 832
825 745
404 424
682 369
468 68
876 165
80 413
751 14
200 165
754 215
499 506
208 162
249 165
473 241
351 310
573 406
413 425
163 206
41 210
466 375
214 429
294 875
502 435
134 420
160 52
96 141
538 596
247 604
573 329
262 159
545 792
337 437
460 479
140 780
41 317
786 621
445 126
118 682
38 127
740 483
486 697
585 390
476 590
413 840
116 132
607 86
78 746
314 595
563 879
359 476
56 534
875 0
360 747
168 54
285 370
334 832
194 761
407 683
73 700
811 557
529 274
759 842
719 617
437 257
457 26
78 195
697 478
854 313
619 584
125 417
318 287
752 692
539 115
460 129
540 15
411 317
739 397
618 834
529 48
776 274
738 85
861 88
364 71
583 97
79 617
9 669
440 409
522 442
752 452
107 279
493 754
245 753
717 765
698 290
378 490
771 432
539 456
664 61
613 667
340 878
508 736
474 55
278 764
648 658
231 398
442 420
408 305
29 286
529 145
458 670
618 629
442 501
507 783
444 761
566 151
293 556
465 643
572 287
132 823
655 527
215 441
575 522
406 274
311 102
248 860
305 154
332 351
478 86
746 303
273 797
827 286
589 694
74 289
533 860
330 869
534 171
450 367
875 653
108 740
296 194
47 621
821 218
269 36
706 135
849 779
792 1
798 345
304 794
430 530
722 231
484 256
708 392
21 866
869 295
68 130
628 595
834 8
103 674
280 468
463 857
332 546
63 484
648 332
302 63
760 264
431 781
616 662
408 600
266 399
725 401
528 617
634 659
430 203
486 268
871 30
632 173
148 452
84 33
41 833
471 309
42 255
865 630
204 295
99 24
799 542
414 651
343 608
534 427
419 141
152 860
247 328
39 734
553 423
655 391
189 203
241 575
596 820
877 513
445 81
419 541
449 778
471 452
442 755
865 84
310 787
770 445
316 529
130 797
23 669
516 876
447 844
723 484
7 240
519 634
295 208
371 331
586 683
421 528
555 96
376 687
592 236
746 181
664 815
693 84
705 440
295 293
284 627
516 29
266 746
448 523
183 6
92 553
729 696
800 72
310 633
410 611
827 768
594 627
681 876
738 306
362 72
85 426
795 598
222 572
760 616
325 446
353 622
185 744
479 449
371 768
189 268
868 704
446 833
573 386
849 396
27 181
354 501
772 483
705 481
342 869
806 544
549 78
347 149
375 676
815 513
540 87
594 828
749 607
531 690
252 432
770 285
1 210
567 602
116 615
422 403
49 248
92 645
515 129
193 229
177 92
167 870
543 70
567 89
495 38
641 181
228 574
622 452
792 410
636 808
371 425
153 68
843 792
94 67
550 209
66 615
147 819
372 571
746 530
748 502
182 348
41 236
693 744
273 226
455 494
301 807
439 0
859 32
172 522
89 620
828 243
449 605
49 168
47 352
635 403
442 630
502 282
595 429
852 552
581 322
376 131
431 567
249 27
157 387
792 492
195 291
408 410
284 279
731 502
475 572
652 291
124 351
46 467
599 398
835 97
782 565
378 828
755 412
381 589
628 397
875 41
747 433
531 468
791 454
724 613
389 180
192 391
499 243
181 399
78 317
117 103
750 20
493 676
782 649
489 101
104 784
127 464
98 725
508 422
105 378
48 736
742 754
172 501
500 344
398 9
820 519
10 581
555 312
767 268
145 811
153 563
29 599
759 117
201 20
509 731
724 713
239 414
448 572
308 386
200 775
586 443
837 635
414 413
644 599
173 596
636 393
42 501
709 838
263 326
730 143
859 694
211 499
22 481
691 464
373 333
323 837
156 539
243 199
220 831
181 109
673 233
530 402
393 578
651 397
211 427
684 585
656 153
488 655
78 758
355 555
752 661
182 59
820 337
748 337
99 450
558 362
872 277
709 44
246 340
162 399
312 509
488 689
321 323
86 584
481 241
687 66
188 372
159 716
376 427
214 314
495 872
301 67
261 879
111 803
578 861
237 663
59 827
414 433
323 230
195 106
238 278
873 70
274 269
716 64
235 788
303 232
471 222
190 453
548 394
691 409
80 171
704 760
433 731
407 805
842 471
435 684
468 639
287 804
249 294
217 589
619 638
220 293
825 36
710 482
569 179
495 666
125 736
305 801
710 534
736 11
101 709
44 746
311 525
479 73
604 68
721 300
333 737
157 95
138 367
51 788
597 74
412 563
280 585
673 384
811 119
721 220
713 814
685 307
136 740
238 769
511 552
105 843
520 594
572 405
512 303
540 581
124 731
390 511
296 104
609 876
322 555
845 109
369 544
251 55
147 877
141 863
239 744
523 37
490 89
742 138
13 780
58 284
459 792
770 577
778 428
354 599
499 126
869 153
13 466
808 679
771 814
336 598
245 410
51 784
269 354
670 134
356 503
62 682
864 556
339 427
752 401
197 86
708 48
519 212
394 223
613 694
350 724
748 747
356 525
803 486
503 609
524 649
560 574
574 18
230 631
136 123
691 63
477 759
572 772
94 379
647 857
214 855
527 879
347 731
276 194
638 604
347 588
299 802
651 546
162 277
244 275
403 33
379 484
390 532
452 760
399 122
498 748
148 820
819 486
215 584
799 202
862 473
849 518
807 852
739 506
83 11
298 589
221 394
83 771
420 396
625 661
835 131
220 675
11 467
849 727
512 857
861 586
586 610
291 535
425 623
337 16
329 806
94 533
782 564
240 236
463 751
381 188
417 198
575 247
192 594
229 548
740 626
750 361
222 245
631 332
31 282
778 78
185 154
734 396
645 514
362 699
823 362
270 360
738 134
82 711
676 115
320 561
292 257
406 853
168 705
433 17
244 348
484 498
556 482
429 739
781 692
696 565
394 596
470 796
579 316
188 677
592 850
535 579
256 35
576 36
575 717
710 818
398 541
210 585
267 523
709 336
732 33
229 297
9 799
633 14
843 434
783 512
367 515
4 112
754 402
69 755
7 57
103 192
640 323
253 809
796 635
729 377
316 5
550 739
677 185
28 536
465 189
549 104
191 414
20 711
462 222
773 454
133 291
309 387
143 734
589 760
109 330
764 439
287 458
433 205
457 396
468 47
493 245
552 43
650 324
2 722
237 245
308 530
19 157
545 437
497 448
46 656
457 67
274 471
271 590
365 676
756 658
291 357
406 598
569 854
147 467
311 489
312 874
776 189
186 674
767 664
13 114
730 8
404 658
629 417
814 744
371 418
163 867
150 684
584 233
245 871
652 358
57 781
196 484
97 86
295 741
343 507
53 874
372 688
780 191
815 810
294 864
260 202
200 405
221 398
708 688
678 601
623 569
132 770
491 197
270 281
587 63
722 168
144 605
114 6
760 728
675 500
33 142
681 83
639 161
198 332
166 426
779 311
71 178
726 660
482 714
787 201
204 552
479 587
702 484
477 146
584 820
307 623
427 227
143 322
210 424
306 403
553 390
667 60
139 259
522 705
581 513
420 565
378 662
51 526
309 11
28 164
123 270
180 514
397 350
271 672
85 195
645 743
349 243
190 751
834 810
404 748
404 711
542 311
549 842
38 41
458 413
36 833
142 734
118 839
408 158
101 614
175 372
289 524
566 31
11 129
817 386
682 295
55 561
198 60
334 442
815 671
23 460
305 216
10 643
311 812
617 138
279 320
422 352
489 110
216 294
639 467
701 386
330 247
761 614
775 134
195 306
65 318
413 421
159 521
108 817
505 444
367 759
48 810
604 479
96 429
447 619
398 414
363 670
668 163
448 787
47 860
499 12
615 626
595 863
599 126
7 785
564 168
298 311
555 497
482 835
11 320
200 48
321 769
54 292
626 245
611 212
641 568
417 569
72 163
858 246
245 277
75 345
139 383
561 876
323 733
831 816
713 851
22 816
615 373
610 157
770 453
222 103
583 569
420 353
826 836
586 121
14 287
587 36
129 286
845 739
811 575
822 737
598 178
421 144
489 21
160 775
34 171
36 291
726 71
336 100
744 41
110 838
611 450
630 14
615 778
491 124
71 161
23 335
331 800
340 616
204 803
420 296
490 188
689 208
85 653
328 795
235 2
344 396
506 768
284 418
279 725
211 233
56 12
262 424
32 567
416 299
463 462
72 269
30 88
369 134
531 749
135 545
173 560
735 513
169 51
52 439
54 75
440 192
876 160
653 333
689 404
203 137
385 212
197 495
725 613
854 742
795 98
77 311
140 416
325 847
836 217
163 604
770 643
207 729
269 719
531 646
113 296
6 507
673 320
750 512
25 126
121 440
367 854
578 684
700 688
425 309
566 821
762 532
591 193
728 31
529 126
525 195
36 168
144 824
237 453
162 584
99 383
865 330
634 440
770 819
430 153
691 740
710 73
488 679
528 704
349 417
532 851
83 306
723 200
485 311
191 471
752 653
584 631
188 306
420 639
340 51
756 182
625 714
491 125
318 221
16 872
188 799
356 32
443 875
683 404
812 27
448 861
862 45
644 225
547 583
140 574
656 318
743 673
706 678
690 489
300 866
561 640
576 695
604 662
775 564
401 479
503 671
840 486
778 559
709 269
765 626
40 690
687 145
435 578
732 873
189 571
209 87
621 455
320 127
342 574
231 457
555 699
651 613
503 722
495 194
877 692
649 283
418 621
503 692
697 490
740 238
567 493
82 606
44 263
40 456
326 449
12 619
594 865
59 698
340 201
42 643
668 296
39 418
15 122
490 433
185 119
205 234
520 815
121 655
663 473
859 872
766 742
213 39
265 830
411 453
79 73
224 12
8 665
97 546
171 666
805 413
813 406
626 685
802 185
231 733
766 724
646 861
600 460
96 393
281 796
355 432
210 241
550 142
214 381
110 609
356 563
247 397
559 203
457 232
354 158
88 304
567 516
408 431
171 241
789 710
758 237
596 582
473 79
38 531
597 454
593 409
799 854
60 663
565 433
371 269
424 447
279 630
638 85
628 859
690 812
709 434
67 19
41 68
321 264
79 124
653 46
15 532
746 490
70 596
660 311
71 233
319 29
587 800
732 98
269 413
163 194
73 18
193 542
714 200
675 747
599 776
390 844
738 425
630 406
632 610
214 418
808 199
93 147
874 117
499 6
163 878
187 868
502 352
610 500
771 704
39 611
41 77
471 224
823 19
842 688
247 863
329 729
463 377
427 73
875 15
173 765
162 322
771 680
469 374
679 312
72 712
71 207
247 644
675 137
171 162
710 835
477 756
728 572
92 308
246 167
19 3
336 24
603 210
165 8
675 308
847 756
642 388
813 126
663 45
238 286
865 527
831 755
363 498
241 152
18 295
665 338
415 452
301 593
481 448
450 564
594 366
338 861
15 91
460 242
401 363
432 326
165 687
515 742
281 868
408 256
13 685
15 9
641 543
67 613
492 673
279 593
231 559
178 574
701 776
338 77
814 248
874 282
841 121
342 608
200 55
340 775
285 322
75 476
615 301
283 188
322 85
109 516
7 32
797 558
67 16
133 23
650 412
307 355
690 746
206 665
780 365
296 609
120 788
299 838
72 833
152 383
519 424
91 88
513 480
55 235
42 680
153 769
211 474
440 497
212 481
115 687
292 696
217 839
776 667
90 244
454 650
548 403
858 610
645 62
461 602
37 855
491 775
707 389
194 490
400 279
31 281
628 372
213 550
660 337
455 625
173 857
352 211
466 609
336 235
352 226
718 234
541 491
813 121
467 556
374 118
170 181
160 849
649 746
68 759
566 793
687 234
688 719
178 400
573 512
494 371
210 799
8 693
174 294
820 81
684 836
135 69
104 820
24 568
713 545
780 279
353 711
157 591
455 150
481 367
660 429
15 722
295 66
622 791
289 612
876 317
634 185
729 462
839 731
197 178
131 359
161 64
839 290
544 332
522 196
101 541
393 147
766 825
865 174
88 106
201 154
34 207
280 148
820 851
185 272
523 494
174 52
509 839
226 267
839 551
368 787
621 679
537 455
452 343
159 377
616 767
367 137
724 496
281 693
453 458
840 689
261 171
457 833
694 323
497 840
784 872
145 859
440 276
346 549
700 711
765 404
11 551
398 648
736 583
51 449
773 297
44 167
627 710
619 223
682 128
195 822
422 71
485 143
597 236
800 491
477 299
523 501
183 116
399 699
580 567
332 294
51 864
22 342
6 654
414 779
480 215
666 69
246 715
93 618
519 404
34 214
675 843
324 356
56 101
282 116
696 223
543 685
427 490
550 662
805 146
675 667
195 23
524 794
154 840
500 805
832 253
491 856
460 410
687 40
107 780
266 11
320 789
541 273
509 562
437 304
541 436
470 564
403 139
689 701
499 427
193 820
70 453
330 487
714 604
330 16
385 470
369 562
637 83
99 487
6 658
876 768
95 433
418 171
806 744
223 762
484 390
4 215
510 33
762 394
808 731
73 308
398 781
832 309
544 751
777 563
32 697
564 412
378 100
859 264
246 667
401 353
259 303
45 381
834 483
659 560
435 223
97 122
809 248
702 272
278 601
448 144
199 611
77 107
430 799
438 666
194 766
215 742
268 81
589 457
450 591
48 520
293 23
702 109
311 850
428 675
683 383
110 419
368 48
414 425
673 267
81 590
711 556
802 11
346 237
131 683
364 444
586 431
76 636
165 351
36 354
778 81
839 826
845 257
305 153
554 386
432 838
393 843
208 545
0 75
582 342
391 33
218 84
558 567
324 15
534 298
629 574
93 671
275 579
139 16
497 261
192 470
7 219
744 727
626 527
443 389
469 596
75 121
367 352
418 23
609 866
812 780
248 36
778 300
411 166
849 275
874 153
98 89
162 112
737 769
55 53
817 716
677 635
456 877
139 832
189 473
425 813
680 472
149 45
527 422
461 568
396 732
876 488
229 17
572 432
301 127
413 126
194 53
373 45
24 753
611 595
477 391
570 155
132 668
506 369
868 10
181 225
388 539
339 395
461 262
717 316
132 223
199 724
687 81
271 102
103 17
1 632
46 397
535 345
85 431
499 523
308 253
513 497
734 796
263 800
765 363
162 609
50 629
213 419
385 568
138 699
743 826
440 558
463 849
532 553
521 759
488 77
305 19
776 367
573 332
713 837
468 418
612 539
138 146
192 653
651 458
572 673
489 746
539 287
504 490
11 862
428 723
619 689
698 531
223 33
385 834
212 6
204 787
212 314
586 242
88 213
10 595
472 293
662 770
34 643
84 138
27 218
727 837
565 362
195 115
390 69
857 111
856 37
745 715
693 385
416 662
780 733
3 449
148 389
113 19
797 317
471 566
477 172
262 121
184 410
101 700
55 260
383 570
3 406
21 879
646 166
544 30
53 513
267 814
871 551
855 12
319 476
586 723
168 488
599 763
816 320
450 31
167 457
256 10
312 478
716 258
729 73
317 843
216 268
369 788
782 95
650 480
762 331
778 100
483 583
132 197
354 33
519 590
221 799
224 607
748 105
669 221
146 161
548 845
55 692
225 9
358 313
591 41
411 752
826 482
394 36
538 229
15 461
529 672
602 244
601 713
32 689
461 542
377 149
226 511
310 567
538 672
723 3
612 538
96 69
105 697
812 252
303 600
53 620
710 285
33 356
168 871
294 714
805 359
451 180
569 661
613 654
627 147
471 441
586 786
491 375
334 764
801 380
182 742
151 132
196 582
189 748
375 689
832 147
507 751
646 351
122 236
321 59
252 690
556 490
587 810
227 144
618 236
722 258
581 15
426 385
302 599
23 181
324 693
58 724
609 852
109 453
270 212
531 425
713 344
225 239
696 593
289 247
733 862
329 171
462 278
11 273
512 834
559 444
307 383
407 533
223 529
516 418
412 831
311 286
685 682
460 164
53 340
229 591
772 368
519 71
0 310
507 698
662 411
583 326
18 571
400 274
270 773
329 371
842 85
199 365
584 41
697 800
491 597
252 438
365 501
716 854
339 61
21 775
813 167
164 560
151 235
841 805
498 283
874 638
211 642
679 813
54 179
573 560
222 561
764 168
141 669
5 431
275 279
787 825
870 612
585 790
787 707
301 66
610 793
538 744
797 769
754 601
300 586
132 98
854 173
61 741
434 746
76 14
325 380
803 58
464 445
820 245
570 442
865 21
758 267
428 151
273 257
115 226
195 834
387 223
402 336
830 395
724 275
406 258
664 735
59 189
1 564
95 609
446 636
210 758
674 646
55 182
258 215
372 679
569 537
417 817
638 676
555 493
775 345
273 832
277 794
752 198
305 418
45 693
689 295
218 59
722 770
408 479
70 47
214 716
58 74
777 56
196 357
101 284
19 867
262 430
198 289
795 561
34 91
51 389
181 543
876 791
473 623
647 751
606 23
303 465
493 418
575 78
512 601
347 405
387 604
242 440
59 283
472 646
193 516
520 170
390 45
334 568
357 864
362 187
17 539
829 266
858 54
648 812
328 15
291 147
425 554
298 625
644 621
306 851
191 826
588 679
344 299
835 520
807 538
645 32
506 625
175 229
811 404
115 823
580 684
91 613
135 196
730 489
581 770
588 461
273 527
482 640
306 593
313 9
748 162
230 736
773 648
785 193
463 764
375 829
856 5
554 77
664 101
161 573
148 465
655 13
716 376
617 568
848 89
462 672
257 523
689 482
536 411
597 724
818 798
715 372
747 805
255 207
349 324
400 264
768 209
78 655
25 636
582 149
566 318
611 668
15 206
0 21
82 398
338 767
738 511
427 164
724 360
816 262
481 258
113 651
122 713
534 19
387 872
477 494
435 428
436 273
102 32
480 182
315 375
150 414
695 518
690 367
172 89
621 757
488 328
564 209
334 479
42 264
779 593
291 596
140 501
364 371
490 450
164 73
722 249
4 400
280 405
77 828
226 232
505 26
248 444
462 644
366 107
38 343
85 43
644 295
16 306
143 489
313 557
707 804
5 756
253 863
637 197
609 308
465 400
580 74
868 832
672 772
129 31
875 674
551 170
679 651
836 291
692 112
263 595
362 833
751 559
574 534
121 622
774 134
688 360
139 569
537 554
133 483
415 60
636 459
856 462
814 242
676 598
527 664
614 58
572 530
775 263
368 513
84 92
136 276
104 329
169 503
836 817
254 738
78 302
878 167
86 342
802 683
753 452
58 666
809 634
666 655
798 234
746 304
436 691
867 66
704 54
270 11
457 543
764 559
319 873
194 448
85 795
141 177
801 514
159 204
84 317
228 848
638 382
491 833
623 637
136 696
76 346
479 211
714 504
436 658
792 256
371 692
775 352
543 670
615 51
15 801
625 268
327 639
861 487
473 691
530 319
18 554
264 357
459 562
87 570
10 133
407 786
511 647
535 587
541 136
454 757
820 137
581 260
267 192
30 601
643 263
7 124
523 232
541 737
797 735
5 663
82 164
775 419
45 295
65 497
783 475
226 852
577 298
410 577
211 357
812 214
290 593
230 879
421 513
762 168
28 855
70 696
856 142
777 254
437 660
551 681
471 825
551 154
431 306
7 663
715 559
44 550
726 508
392 459
550 41
651 719
836 119
299 760
176 344
768 576
389 633
400 728
245 827
359 19
1 157
416 408
266 7
846 523
452 624
524 584
824 576
415 15
152 838
154 108
454 224
453 312
420 149
477 455
768 240
106 525
646 437
710 340
475 411
65 291
443 790
540 307
372 623
118 102
183 532
222 810
165 449
743 91
359 102
843 791
853 490
855 266
481 86
791 728
335 300
167 393
708 732
753 181
517 479
527 348
402 111
326 80
492 9
34 284
847 392
813 705
815 25
388 282
322 878
769 44
159 415
412 572
667 830
123 281
282 500
733 416
164 304
440 468
393 30
346 16
176 16
72 279
670 368
864 683
805 698
122 637
768 63
760 149
681 331
290 856
92 249
294 71
725 39
142 374
653 579
836 357
132 399
844 393
468 232
608 859
175 767
167 640
427 288
635 570
200 783
746 99
246 529
176 397
496 319
652 408
237 295
156 619
559 417
659 346
437 310
864 862
435 89
734 541
849 606
277 865
494 86
11 545
516 142
24 833
771 500
146 849
170 69
242 848
176 219
349 373
2 784
27 305
390 228
270 868
296 717
14 558
602 869
97 489
563 210
294 521
858 429
295 827
388 398
387 393
699 349
180 250
814 373
314 702
289 67
90 394
293 112
338 169
658 730
394 650
129 743
59 787
412 253
795 640
85 497
202 153
235 388
118 436
573 444
752 175
294 336
683 134
822 322
381 6
532 9
593 78
491 405
98 57
545 59
247 532
402 787
745 757
600 435
466 502
504 156
331 796
232 147
387 715
506 234
469 818
328 653
701 875
727 605
537 682
709 181
854 128
747 12
597 106
510 370
217 861
279 24
605 517
829 240
10 608
139 92
604 144
147 691
403 31
549 640
303 426
865 203
707 332
94 277
364 379
276 126
225 653
2 405
877 259
161 31
578 194
588 821
872 482
569 368
285 606
640 784
356 468
474 128
172 557
663 316
362 545
570 408
17 323
748 590
116 840
666 4
631 326
788 608
39 184
246 389
470 588
143 805
262 690
559 461
681 760
216 754
88 506
793 874
84 418
464 564
808 318
231 736
295 150
613 486
518 805
540 321
633 319
519 813
201 121
144 143
556 873
88 699
384 568
273 236
711 61
837 292
331 4
638 862
216 724
70 203
356 110
806 52
425 174
248 125
265 744
50 420
361 221
565 872
404 825
289 56
35 96
105 422
184 573
256 565
154 189
468 741
628 656
265 747
658 853
57 819
238 228
851 830
141 45
70 783
412 9
333 89
599 358
169 658
231 716
38 644
9 705
92 526
265 368
625 595
840 832
115 510
331 596
562 731
877 382
34 161
135 3
293 208
74 579
13 596
355 763
786 79
665 72
646 816
255 8
361 481
330 737
105 767
856 490
353 72
843 560
205 607
121 3
679 555
826 46
837 302
631 645
350 638
509 331
859 334
245 775
445 29
540 665
769 52
557 157
335 548
815 420
292 74
231 478
308 410
594 645
472 58
40 181
416 355
324 151
717 505
645 290
870 737
304 42
555 630
657 169
562 690
596 365
548 737
736 385
109 183
702 747
862 169
132 687
714 476
577 862
535 424
783 187
355 194
470 665
31 358
276 688
645 663
722 666
792 644
665 410
659 204
298 141
60 34
60 579
522 512
236 722
73 804
804 647
341 210
561 435
378 218
385 405
734 352
630 349
164 855
265 714
750 461
328 492
633 757
174 506
218 685
239 485
791 271
776 32
100 491
259 249
835 769
61 170
78 792
459 282
93 831
624 316
59 746
215 299
302 502
835 189
839 68
237 657
621 701
408 177
143 171
648 727
281 760
271 53
100 564
640 353
418 197
766 718
391 470
726 484
316 208
176 692
185 798
235 552
761 182
805 369
568 419
272 521
552 320
765 207
92 367
655 493
139 296
45 90
810 289
180 786
429 101
554 406
780 100
77 118
502 542
713 315
342 832
51 668
606 219
473 32
731 740
97 548
456 131
225 799
110 367
742 227
556 337
603 486
366 442
177 637
541 20
339 346
197 677
539 413
769 243
291 320
243 454
162 517
166 282
250 665
333 14
776 841
234 17
650 78
558 81
305 851
497 21
185 253
382 607
740 784
275 376
743 219
663 249
672 801
554 598
540 69
218 260
764 856
304 309
235 49
645 573
317 746
49 875
596 139
504 341
438 30
582 476
429 4
199 188
106 153
765 455
595 180
558 116
73 420
725 668
64 146
159 750
587 870
69 325
778 256
726 110
322 753
48 746
698 422
147 381
58 874
539 83
201 203
72 75
878 697
406 99
274 593
872 561
520 666
808 29
515 315
820 794
594 352
405 526
83 137
350 42
730 18
53 314
528 220
434 330
184 700
213 394
605 315
283 523
298 686
9 758
599 341
82 789
90 732
771 570
151 64
543 648
584 401
380 35
300 497
538 100
266 32
373 108
96 576
216 225
669 136
649 523
332 337
38 112
722 713
1 15
697 391
166 452
519 660
217 828
163 491
549 639
664 345
691 477
40 572
421 94
386 405
637 814
396 298
597 251
496 655
502 583
457 845
684 519
402 697
178 595
743 574
776 422
52 504
403 263
521 684
38 732
542 664
32 854
245 469
85 453
543 84
372 550
488 59
122 493
503 407
194 591
797 821
323 194
846 868
542 810
486 725
823 8
546 272
34 584
850 719
117 785
284 294
564 360
120 463
154 272
679 576
399 179
131 752
405 359
355 77
790 14
570 800
672 360
131 531
483 38
743 723
137 748
704 118
720 5
759 21
141 99
715 143
802 658
22 432
684 200
63 394
276 501
587 118
497 743
206 465
815 277
537 416
564 214
734 785
215 450
591 86
241 528
844 660
69 92
866 586
739 485
256 571
329 35
485 154
519 454
801 236
711 689
558 243
842 339
736 91
511 528
91 545
553 256
605 763
241 668
673 262
747 136
802 561
773 53
770 306
814 7
121 865
147 236
700 230
629 111
603 94
794 227
98 282
130 644
64 607
490 577
301 42
386 675
17 389
144 805
11 469
216 153
626 447
733 790
349 399
776 577
859 217
184 879
491 185
308 51
59 431
800 401
170 153
616 105
427 608
526 194
601 131
339 552
661 713
597 361
634 269
382 220
184 416
63 621
222 592
427 559
537 102
585 407
628 870
630 79
343 835
30 372
168 391
556 633
167 752
536 518
452 65
479 834
428 590
653 62
788 253
641 56
242 569
423 157
768 299
306 124
844 504
575 370
114 541
89 247
531 20
157 579
86 757
609 686
203 536
721 431
680 85
225 569
619 365
57 426
511 247
100 515
307 409
81 165
508 354
296 110
120 291
20 113
547 734
383 132
78 639
264 736
119 126
861 587
262 453
536 53
67 349
58 652
655 324
92 374
712 754
139 304
73 470
763 859
187 315
406 666
263 817
732 521
321 774
349 116
501 822
637 171
345 160
738 235
480 310
438 697
388 653
621 850
52 839
607 98
74 135
858 832
234 125
791 607
674 477
486 611
92 95
723 737
538 734
70 286
361 671
93 717
629 634
131 604
282 603
585 573
43 157
434 287
767 223
115 320
589 382
8 348
516 285
653 104
170 463
97 460
152 791
671 775
190 615
777 830
318 269
541 684
687 833
795 24
262 563
760 348
420 808
602 240
362 343
288 622
14 648
212 292
297 395
511 699
627 778
342 136
721 242
93 552
656 639
48 604
403 622
461 482
62 823
202 764
653 385
602 416
671 791
147 324
875 87
600 674
362 195
693 563
438 515
617 344
124 97
280 294
873 213
738 832
329 369
157 512
235 507
669 615
601 323
540 219
360 464
443 235
19 106
35 211
721 49
419 38
378 256
500 741
307 115
370 65
409 303
430 443
146 471
530 107
727 515
507 45
173 296
136 562
814 260
56 804
853 275
406 651
208 345
816 86
158 147
830 159
621 258
259 597
27 467
232 82
379 293
791 459
340 50
850 178
588 403
462 339
594 675
519 552
312 176
370 211
296 556
617 701
226 146
691 197
817 299
727 768
596 660
727 406
77 610
174 158
426 834
343 878
147 452
746 484
228 60
588 275
769 757
268 850
400 861
4 867
60 241
279 195
174 699
864 691
198 225
737 431
528 159
332 615
719 780
190 200
136 94
218 407
195 815
649 416
423 520
49 554
9 308
105 50
612 411
786 532
720 561
72 840
26 726
208 219
197 77
259 129
271 688
527 444
135 857
97 773
43 232
92 309
658 80
512 670
672 351
189 264
303 41
32 864
210 700
790 621
457 821
570 810
716 648
502 635
337 596
305 233
416 125
831 705
548 430
265 777
795 812
243 348
362 218
99 670
393 229
792 213
391 341
792 451
727 425
593 603
831 268
91 475
781 462
806 152
535 655
617 89
399 556
272 399
826 227
46 583
110 702
288 1
196 20
841 93
678 775
528 69
684 275
758 86
313 288
639 69
233 844
119 267
176 643
869 487
732 45
5 352
762 536
875 851
194 828
639 694
16 755
144 177
449 827
811 317
855 504
46 774
878 542
718 321
17 194
878 723
282 528
851 825
130 670
388 187
830 866
589 784
3 108
495 749
693 169
109 161
523 636
403 677
627 148
149 821
231 818
616 516
23 621
33 225
670 126
604 449
608 474
633 728
73 181
71 118
289 357
165 61
81 703
387 258
385 275
564 492
113 103
252 533
547 581
118 230
60 65
386 655
868 691
861 571
115 614
457 673
532 238
421 327
717 661
55 199
389 237
798 791
531 489
179 209
118 136
241 78
736 175
142 262
300 21
578 718
836 819
578 636
789 154
332 40
645 84
844 210
302 822
801 78
187 151
24 852
864 859
270 227
674 239
415 188
324 622
695 487
789 445
122 413
539 15
590 608
620 222
823 191
523 779
715 756
647 96
300 427
540 743
304 469
267 129
224 378
411 347
206 686
559 1
577 700
223 768
843 538
408 40
455 650
578 212
297 871
728 265
696 152
384 569
681 820
0 609
382 423
833 19
463 22
858 461
166 400
675 792
689 750
334 100
98 33
332 774
246 803
361 710
692 278
858 611
663 187
449 646
864 140
65 37
474 28
256 180
653 6
879 212
282 218
556 167
223 371
496 878
6 663
469 75
519 549
605 871
657 302
835 105
491 550
29 498
305 653
695 763
655 649
596 605
107 664
721 652
684 863
764 456
17 481
602 426
382 587
641 861
224 226
212 759
400 112
658 507
625 442
339 576
360 429
89 726
275 443
350 162
497 160
744 574
405 562
170 390
452 218
343 592
261 780
166 53
363 852
529 680
768 825
93 209
13 504
436 309
422 648
154 575
630 517
370 171
427 246
310 736
673 446
379 673
260 314
180 742
141 258
695 243
223 218
488 370
437 435
68 363
653 203
565 599
513 478
494 718
449 398
74 325
604 588
73 84
271 10
499 94
535 128
292 640
35 478
195 522
115 352
424 169
818 305
236 704
357 286
848 755
456 35
590 330
731 130
229 831
389 187
424 184
93 370
534 40
556 125
844 271
187 693
136 221
815 143
465 463
71 511
320 661
158 284
860 210
359 25
426 294
188 745
370 423
647 660
120 243
753 630
429 626
166 787
74 125
372 619
151 44
867 396
622 743
552 234
760 730
204 637
670 231
233 417
86 384
867 767
88 408
294 654
698 273
771 28
736 303
193 241
597 156
660 104
269 573
461 148
355 573
196 489
156 812
462 454
299 624
219 542
321 118
692 662
477 696
485 142
126 483
151 250
583 441
860 522
168 707
166 448
541 728
71 363
793 134
27 628
849 823
330 70
18 545
411 184
114 837
393 532
540 844
445 173
271 142
437 766
0 208
808 671
590 363
679 809
276 709
141 815
645 133
507 324
82 590
381 825
539 460
421 591
823 133
803 355
358 533
234 825
508 173
628 490
337 111
766 200
607 572
226 754
67 25
715 780
379 403
823 349
341 531
728 270
97 762
303 453
563 266
126 550
82 753
673 578
850 736
60 610
513 143
542 43
172 502
669 84
336 697
407 455
39 510
252 585
453 851
237 828
518 504
682 197
242 90
657 662
298 586
542 573
662 114
177 657
811 514
560 221
563 382
227 636
498 124
292 707
155 414
87 539
565 353
622 330
727 559
341 461
238 192
256 622
718 535
728 334
780 729
472 467
139 47
348 475
775 172
830 156
739 336
440 1
279 735
11 863
796 320
695 279
143 752
291 310
233 9
91 17
407 743
107 445
220 139
248 630
458 65
513 158
740 15
809 655
615 52
547 51
639 612
840 878
766 440
383 652
701 804
839 1
654 801
870 268
645 171
419 736
562 114
658 860
118 157
621 805
224 763
292 840
160 71
762 520
13 73
246 750
746 791
623 240
855 595
85 424
290 528
530 738
700 328
493 93
438 711
864 466
276 875
379 671
39 765
238 672
483 64
553 129
634 64
747 329
188 106
102 332
105 127
790 200
46 366
403 865
348 711
855 576
230 686
638 293
664 11
330 313
413 603
195 33
171 117
80 641
361 659
655 375
181 719
157 67
581 534
458 814
505 461
799 266
415 26
66 479
255 582
641 632
812 667
92 349
792 351
638 651
220 426
191 389
773 348
692 708
193 345
788 669
274 754
186 554
695 580
103 71
94 688
604 691
828 53
312 747
752 388
471 358
655 660
603 524
767 473
130 480
161 421
612 323
155 681
538 692
76 399
616 391
699 762
674 545
684 623
650 322
495 445
672 563
403 170
364 323
239 763
754 282
683 489
495 655
538 731
83 385
433 724
622 322
795 366
878 412
772 862
736 739
266 205
612 107
761 294
496 55
724 685
176 458
744 10
801 625
727 522
308 723
524 76
874 598
240 91
258 15
458 90
411 813
51 145
648 128
764 419
727 31
350 373
307 116
295 562
334 766
123 786
555 147
448 102
40 638
183 640
516 594
276 767
58 752
712 680
805 36
654 390
579 270
464 390
335 745
592 687
551 603
707 599
624 188
590 461
636 151
748 449
194 572
558 605
470 196
61 774
52 722
193 24
330 522
361 667
240 214
520 0
757 294
705 259
690 696
56 455
71 776
37 663
351 782
40 68
698 110
83 831
376 656
298 160
141 63
132 326
335 494
876 267
823 853
776 563
814 149
480 181
528 170
126 122
324 133
248 615
296 229
171 462
712 560
551 624
870 121
194 311
752 152
779 702
165 323
363 125
619 456
230 446
501 766
454 283
557 531
353 238
340 394
338 650
673 252
210 170
294 870
37 482
857 803
758 222
742 198
719 118
347 560
224 520
627 75
489 277
158 130
26 86
0 267
522 478
259 826
741 473
309 428
740 334
716 589
360 312
687 584
289 94
538 763
7 750
242 176
838 470
567 844
520 724
37 155
565 732
805 163
769 385
349 849
769 157
277 248
35 494
342 119
41 586
454 638
451 122
803 164
703 251
91 607
584 750
731 409
262 534
345 182
602 854
305 77
324 359
166 468
444 296
359 92
671 224
142 210
239 802
403 471
419 614
123 625
716 827
357 259
703 655
273 537
587 691
81 90
120 682
72 227
342 724
60 465
515 854
272 168
508 316
810 757
227 128
593 418
556 353
486 874
860 760
140 48
9 524
815 329
147 526
376 137
339 62
