1000 4000
232 352
713 874
207 339
151 555
525 987
891 492
310 24
419 562
218 844
447 894
925 750
985 21
47 813
564 381
154 845
998 588
281 716
287 567
494 305
510 967
857 83
16 45
391 440
87 154
325 996
616 327
878 903
301 372
713 683
8 648
61 750
242 371
493 538
317 702
929 830
616 503
465 481
885 440
86 923
50 298
818 551
365 818
169 562
127 846
253 806
560 528
690 751
269 356
582 130
266 369
742 579
344 231
182 843
12 507
79 70
632 627
418 58
894 281
787 130
605 60
33 27
88 879
418 47
971 130
293 837
686 53
161 659
627 383
105 25
408 224
706 705
405 579
810 630
960 827
350 459
439 926
76 279
500 352
162 646
752 613
27 932
128 358
342 198
646 94
905 114
641 402
1 509
727 833
825 216
955 802
658 264
160 781
479 684
223 408
755 880
240 906
209 701
349 226
87 499
44 537
106 61
951 824
212 222
33 867
320 640
580 282
327 14
873 655
835 970
501 873
88 5
759 365
699 264
269 633
269 913
483 233
897 901
851 158
859 46
975 295
760 403
544 862
910 866
670 499
242 597
913 388
708 382
471 551
368 672
436 230
387 200
90 713
537 294
435 859
726 799
826 368
446 896
573 59
247 688
158 817
311 84
4 436
932 756
765 212
60 747
145 210
692 367
697 169
481 668
329 705
144 302
227 952
46 984
367 55
999 199
63 800
747 794
187 780
388 250
141 600
62 522
769 305
974 168
420 518
96 275
350 204
197 643
126 214
305 793
453 421
375 696
501 694
886 47
498 681
541 353
501 437
3 781
612 895
784 925
143 444
874 390
89 724
148 478
827 235
662 564
426 781
461 28
161 427
665 123
661 572
251 802
369 766
812 722
19 168
253 920
400 521
667 172
719 406
140 745
418 628
136 820
285 669
175 321
446 347
982 919
86 131
911 405
292 675
858 753
745 545
148 588
177 374
229 503
952 509
315 59
962 798
288 395
477 994
624 293
794 344
310 333
989 640
599 76
540 60
764 605
525 9
866 934
255 158
233 917
863 145
846 204
329 320
135 719
86 227
847 901
976 636
377 780
633 598
844 998
359 562
164 283
211 310
436 31
736 480
556 515
294 384
619 686
283 544
590 36
73 797
142 734
178 852
389 777
957 139
469 991
360 877
978 621
586 310
195 438
818 805
368 382
890 384
677 703
67 838
708 479
163 611
872 265
98 89
862 0
729 433
673 458
658 746
428 661
87 861
208 534
853 799
751 962
435 321
585 666
561 105
601 672
659 622
388 490
444 521
848 792
939 393
775 691
16 298
141 32
779 741
790 897
250 212
835 247
738 389
814 830
909 769
541 768
905 756
893 852
642 119
272 899
644 77
848 931
364 412
84 721
261 629
787 299
126 629
846 888
104 970
486 568
541 495
193 61
37 763
186 620
113 771
396 579
915 365
404 661
416 531
695 889
467 443
158 12
362 959
82 172
37 30
381 5
258 429
495 463
645 588
586 192
587 369
770 437
134 963
884 698
370 947
417 475
30 757
458 19
393 263
332 802
316 298
865 783
5 107
554 939
739 245
422 78
589 967
434 782
61 322
901 802
234 216
853 388
774 218
430 990
683 775
42 980
287 812
770 869
217 92
816 546
629 929
889 526
616 701
605 248
308 816
784 812
270 155
139 180
301 471
115 324
855 248
944 751
777 309
315 121
844 534
451 490
140 20
14 638
200 799
827 822
47 608
282 108
150 765
137 692
264 597
556 711
270 714
227 500
572 553
543 838
221 174
217 964
819 960
893 771
197 694
84 309
949 51
89 103
373 844
386 205
349 501
678 746
147 41
334 241
835 491
432 619
433 118
897 920
853 206
505 613
898 558
364 270
66 887
810 389
495 210
546 639
311 528
977 851
944 393
535 469
446 458
758 20
223 199
856 212
199 627
942 524
497 173
416 667
39 489
703 660
278 214
679 868
369 889
121 403
396 226
381 266
953 295
878 765
339 30
986 69
975 312
190 801
313 867
568 267
373 307
138 715
431 384
162 514
917 672
63 909
706 262
174 175
422 903
128 183
299 145
388 751
781 37
151 502
846 116
491 433
697 151
750 303
623 471
838 462
932 795
38 307
110 339
288 662
312 797
792 699
280 540
66 638
815 495
154 173
468 192
389 541
585 603
915 147
505 533
649 496
474 572
366 447
875 500
572 329
218 888
79 294
569 977
452 528
637 906
104 903
748 643
508 60
368 300
776 467
137 973
21 937
889 284
267 353
321 5
41 346
945 65
800 592
756 72
854 304
510 119
387 762
299 933
147 216
954 705
306 521
677 988
863 612
968 178
53 381
816 337
531 168
300 344
737 807
492 217
314 52
23 568
372 990
262 749
820 92
534 653
837 388
52 436
477 275
995 761
696 309
621 163
430 156
688 891
868 163
215 237
880 999
241 66
506 942
2 443
899 74
65 707
284 248
328 111
621 988
33 11
502 209
321 314
570 668
836 290
294 846
872 686
128 367
225 522
317 176
384 378
980 428
626 929
58 299
293 909
812 187
723 9
480 873
130 359
798 277
354 679
843 703
556 906
747 714
816 320
423 990
367 966
427 172
458 494
834 994
690 77
471 347
539 262
294 133
925 579
130 763
994 515
232 160
941 548
390 718
50 551
998 19
21 600
465 257
149 690
15 76
873 460
550 508
979 251
34 336
313 246
157 1
38 114
202 666
527 85
640 629
516 268
447 328
90 368
889 905
179 277
944 682
509 993
109 590
206 955
949 866
150 257
528 669
528 102
293 292
738 957
816 269
801 52
950 873
680 569
800 137
507 727
962 14
861 797
189 777
861 680
616 886
112 954
878 512
511 752
123 821
262 783
216 103
616 426
90 640
573 110
769 539
246 274
339 573
577 663
396 267
544 286
618 398
678 225
138 148
881 462
262 525
907 446
482 455
14 277
330 28
174 915
56 789
997 740
568 139
582 615
348 781
720 636
901 903
858 474
583 444
32 699
690 851
306 20
160 309
394 804
697 287
944 464
789 62
734 718
795 720
497 928
916 487
833 974
687 781
447 218
757 167
110 658
527 724
574 392
247 109
114 44
164 959
3 133
966 349
649 700
165 783
81 708
537 776
391 595
732 768
340 47
541 341
440 428
735 420
909 74
889 245
862 944
178 431
505 707
203 667
986 682
697 325
747 212
758 125
309 989
288 161
964 344
933 440
424 18
233 763
608 977
727 139
790 432
104 466
51 180
952 838
557 972
165 447
165 318
53 817
486 113
838 293
641 640
394 300
963 96
909 759
771 322
576 307
616 945
383 308
28 554
277 955
75 316
394 65
237 114
778 915
237 759
299 397
338 954
271 447
890 914
951 26
926 513
781 850
911 476
721 383
794 575
591 186
533 712
552 279
255 526
499 831
738 476
171 153
27 136
435 591
296 338
397 412
460 844
730 388
839 761
892 443
675 369
536 134
211 153
218 611
445 133
849 749
236 77
262 875
411 437
928 562
722 618
583 968
195 269
683 660
247 674
838 309
960 440
582 989
473 496
108 466
648 184
638 739
58 79
53 183
581 862
259 27
670 868
690 86
651 345
833 102
895 850
476 115
363 311
142 283
222 179
886 521
559 436
396 575
463 748
533 704
211 301
477 486
257 430
592 675
989 437
479 525
573 171
512 399
412 726
314 242
308 522
3 154
213 610
349 423
778 279
758 548
513 344
5 302
610 773
724 234
60 916
107 617
456 898
297 111
92 833
952 241
256 524
208 586
669 720
38 773
356 105
404 204
950 734
597 327
376 912
127 326
19 230
267 936
951 256
21 649
890 814
360 543
931 326
625 867
140 13
747 52
181 67
270 181
597 680
73 312
224 631
92 59
819 991
199 474
837 356
901 558
984 548
4 40
742 103
748 770
210 574
164 944
494 130
754 187
248 117
909 866
439 828
299 832
876 55
468 403
233 69
579 434
419 229
174 352
846 980
240 813
820 920
344 288
420 375
670 465
642 304
82 478
504 122
938 645
790 68
541 901
969 39
57 801
90 46
341 492
232 484
922 874
797 490
880 234
449 53
793 535
977 323
722 188
537 635
93 885
275 255
235 795
843 177
46 683
507 73
584 939
537 35
354 159
395 815
255 152
710 880
242 453
147 664
919 127
533 189
919 158
753 870
357 732
663 949
495 531
313 189
174 205
100 377
407 182
390 877
809 608
172 308
73 283
752 686
306 527
511 343
990 295
909 370
840 201
624 933
146 995
736 297
450 769
611 509
166 554
977 923
987 217
966 255
397 483
689 817
331 521
119 401
372 222
359 934
657 330
252 492
122 342
915 187
229 838
407 132
622 372
141 850
209 538
202 626
627 565
90 783
59 577
974 379
46 183
853 543
250 739
947 296
959 583
592 422
295 815
832 339
573 993
390 397
353 936
417 869
403 516
61 998
148 421
764 683
731 243
286 762
298 321
944 124
319 781
247 945
468 515
922 42
304 890
691 600
967 219
102 14
28 27
320 144
196 854
693 401
884 570
916 145
437 254
208 617
410 623
244 252
921 523
632 568
81 684
320 623
999 896
291 414
189 643
944 258
51 238
71 836
799 722
264 361
173 753
837 488
877 536
489 486
309 676
84 992
691 901
780 604
554 909
387 790
656 108
122 362
418 936
336 533
748 831
793 421
370 319
632 999
971 190
43 452
348 727
686 1
650 961
814 385
930 471
293 606
628 875
226 808
865 41
761 625
445 73
943 223
864 975
766 594
809 928
849 489
362 38
150 58
633 187
718 943
620 987
129 815
530 301
894 44
354 414
621 428
844 162
167 700
117 454
387 445
222 785
649 63
94 509
245 514
20 708
166 743
378 877
956 571
840 251
148 714
978 254
469 935
216 539
489 310
957 747
216 692
592 11
523 620
566 200
615 375
334 416
124 489
285 173
574 638
93 954
993 818
262 549
134 442
859 506
923 385
786 803
875 304
553 873
922 710
631 792
730 545
518 326
507 581
560 562
537 357
444 896
145 888
910 988
978 911
161 744
495 220
258 202
836 746
818 796
549 7
753 530
646 665
704 39
927 268
25 789
541 198
545 780
164 22
467 669
89 767
683 222
252 692
94 348
29 296
476 790
62 454
362 483
799 903
356 112
381 228
467 713
370 828
141 960
807 862
549 887
848 715
775 281
576 856
171 656
107 423
309 305
236 648
364 129
301 203
972 424
823 499
784 839
687 987
268 318
447 262
785 410
532 745
926 247
191 120
6 192
579 830
440 408
318 14
334 497
240 206
967 360
468 450
742 398
693 186
960 577
727 451
501 153
129 832
762 843
395 485
989 727
30 227
676 40
184 558
670 201
66 223
2 637
458 136
327 688
411 850
487 93
215 648
407 740
441 630
707 973
394 382
850 22
5 815
325 111
539 779
303 390
217 309
386 130
820 503
949 903
773 663
999 666
250 737
952 755
800 619
547 550
750 813
954 927
480 726
315 287
643 541
170 515
351 371
217 374
224 222
467 139
238 449
886 358
304 363
754 36
879 604
379 536
56 908
661 564
188 952
582 211
673 148
468 144
618 500
889 47
517 61
480 509
127 1
916 327
631 217
512 911
115 592
869 753
635 976
943 796
57 109
259 487
551 414
696 447
602 81
687 289
465 556
123 837
81 434
262 477
175 889
500 84
36 842
248 818
869 705
941 710
939 351
209 679
505 589
47 873
346 593
752 152
159 594
477 802
341 358
327 948
627 253
271 580
443 101
108 809
571 430
309 652
493 933
589 682
513 398
922 477
956 59
67 989
981 504
398 340
507 913
966 55
521 581
246 937
963 751
226 351
597 576
836 863
961 447
557 367
942 780
580 168
326 46
45 642
968 399
358 430
0 955
839 423
317 624
79 161
42 369
627 678
281 386
216 571
65 765
6 835
190 270
653 488
693 655
697 304
747 409
334 173
99 800
390 864
887 96
751 423
364 786
932 973
113 792
511 894
341 431
848 941
218 95
301 95
283 263
310 448
197 702
530 409
459 878
309 804
243 193
234 137
151 485
771 251
563 800
365 600
845 972
312 541
533 976
983 920
855 716
408 329
728 27
404 585
754 386
573 255
857 220
566 955
758 321
718 106
854 903
290 503
812 895
294 770
478 515
567 396
875 216
200 743
447 674
643 876
113 407
794 770
39 421
672 195
889 209
984 580
295 581
104 523
603 687
438 245
939 411
630 367
275 380
680 484
286 649
183 118
121 97
378 636
894 701
667 773
530 392
974 114
888 220
918 857
8 474
323 592
872 366
849 979
476 357
163 193
788 92
986 103
442 861
560 199
832 628
309 379
176 68
568 31
492 677
125 404
844 26
943 704
947 582
304 795
711 865
224 861
442 490
660 157
825 566
40 622
471 51
392 406
179 633
966 912
508 557
442 674
828 51
562 508
1 544
334 450
433 572
409 222
608 351
481 83
988 686
347 457
115 601
303 695
428 670
788 214
885 73
649 791
255 196
218 613
915 186
388 820
363 75
293 992
107 425
737 562
484 580
40 446
676 736
676 877
592 858
980 399
822 173
286 254
530 878
31 9
669 69
160 751
980 502
862 128
606 350
856 128
416 742
279 991
473 74
526 744
279 620
636 205
901 843
505 579
512 617
247 531
717 986
407 555
519 90
588 594
726 429
922 629
855 370
563 68
307 366
985 391
991 795
484 231
777 1
140 559
438 772
24 376
299 927
814 327
204 704
73 719
391 692
187 759
995 342
212 740
961 103
742 432
336 158
271 899
608 126
184 658
26 868
123 795
579 587
445 521
630 834
815 566
720 752
820 922
511 508
549 254
736 364
481 35
818 550
553 282
125 633
506 819
867 47
461 416
171 604
389 861
484 784
40 94
19 951
597 691
253 110
530 969
314 786
908 483
786 273
339 168
501 812
823 528
877 681
175 155
884 375
169 707
716 954
693 970
221 293
215 297
516 487
704 668
88 744
150 783
449 256
465 885
306 828
435 185
642 81
385 457
426 568
951 777
974 289
481 371
427 815
58 274
495 663
119 88
806 508
241 199
828 987
833 623
201 103
30 791
357 202
694 782
997 859
43 485
349 657
571 960
219 178
43 403
270 927
671 969
162 231
217 336
989 744
576 471
958 304
503 132
267 815
697 901
912 1
240 764
140 846
351 370
763 992
250 136
444 883
688 425
734 196
887 232
207 510
154 97
978 217
612 684
114 696
320 402
159 500
194 636
506 206
779 902
425 513
588 666
885 931
990 351
699 190
537 738
120 995
337 358
489 755
863 96
929 154
552 33
758 382
615 428
689 962
149 584
461 968
213 738
581 150
635 909
199 212
88 134
758 725
981 831
228 418
139 587
967 36
918 427
429 125
343 670
927 912
317 79
29 59
994 373
353 736
10 965
24 963
970 360
608 851
950 87
666 751
435 485
208 662
500 115
756 305
912 984
500 297
208 736
571 424
487 73
479 609
394 914
996 836
34 445
480 477
944 435
929 790
873 270
654 943
349 163
818 333
940 655
724 453
217 413
292 928
644 689
781 34
531 826
536 244
582 995
463 317
525 611
564 451
709 155
297 287
763 343
670 145
804 730
816 680
862 144
556 697
561 900
259 480
218 110
165 27
769 415
646 909
65 41
723 524
304 626
702 501
440 290
230 667
775 713
963 929
355 230
662 695
458 154
766 965
197 118
386 511
197 982
678 322
838 133
144 564
222 511
479 409
897 69
830 812
337 353
680 210
963 263
513 219
838 988
470 383
91 858
235 337
100 348
355 314
713 20
915 581
839 480
385 348
258 107
761 741
302 821
345 572
671 534
491 620
535 353
539 919
859 566
587 662
530 72
791 434
65 884
159 424
341 280
517 701
604 556
566 316
617 41
85 971
231 339
163 613
612 583
30 309
569 431
624 0
544 592
615 24
630 696
608 325
993 500
939 509
450 251
664 168
790 143
903 204
481 534
803 15
596 523
420 931
70 188
879 593
323 761
36 752
719 882
439 214
398 146
663 402
633 406
762 862
197 530
576 473
825 398
56 259
754 636
776 710
150 349
488 601
583 224
632 930
770 18
242 85
187 708
273 475
867 210
537 668
353 43
22 2
319 16
226 711
88 266
504 33
721 196
909 282
9 919
793 673
850 759
543 300
140 294
982 590
608 701
368 511
439 341
293 100
816 726
725 270
559 338
539 820
56 94
288 23
596 551
598 257
190 813
48 728
682 325
905 511
66 201
995 487
818 801
881 531
325 811
228 951
298 597
531 141
146 607
881 289
583 153
402 78
899 827
687 833
714 308
627 416
703 618
728 484
108 388
368 86
755 312
257 477
933 369
850 616
411 879
13 28
319 219
926 287
928 369
966 925
252 74
237 885
321 300
182 222
546 527
781 505
643 436
53 447
218 696
602 31
832 103
826 303
2 975
229 808
386 630
850 529
487 925
390 894
309 604
348 471
163 612
22 103
671 670
375 655
428 792
517 70
192 669
335 705
94 215
692 499
619 3
275 429
889 168
249 60
434 605
777 723
67 615
443 110
825 978
988 285
718 279
668 486
760 109
810 840
950 212
283 621
218 884
175 769
577 748
719 580
793 506
525 335
5 239
427 773
606 863
709 91
620 471
812 974
470 347
889 979
625 246
472 874
934 201
479 510
26 882
977 870
846 322
443 807
609 896
715 522
553 833
734 228
603 999
926 235
455 107
538 374
443 911
155 437
591 593
310 289
821 991
683 935
739 586
280 885
219 370
965 383
964 935
920 629
325 508
813 154
172 995
560 805
833 203
446 952
321 158
186 832
894 423
879 219
77 391
869 214
45 651
157 371
960 396
153 118
561 413
786 600
247 7
834 570
178 641
190 747
469 410
465 229
685 440
100 21
327 54
705 889
956 852
394 313
3 611
585 747
706 529
684 387
815 762
651 291
470 892
490 14
414 795
473 743
89 783
356 573
747 564
919 979
606 225
388 519
1 809
85 541
257 889
196 519
834 829
74 128
556 993
933 108
543 510
895 133
311 774
2 663
564 179
468 589
771 626
217 536
544 510
676 929
656 525
243 54
481 581
998 483
732 114
370 799
945 611
803 536
319 226
751 711
337 112
422 838
698 932
476 665
368 438
175 537
819 465
979 865
240 756
545 412
50 191
58 970
937 244
727 226
541 599
272 933
288 543
8 341
894 467
474 772
421 272
137 788
104 744
270 808
923 582
306 872
824 94
634 475
265 54
578 229
628 228
344 460
975 999
70 691
420 109
729 592
865 188
313 367
64 751
708 518
468 625
895 439
298 680
300 442
362 5
437 31
650 334
403 570
566 154
634 641
595 975
381 172
82 984
282 53
894 344
504 772
875 264
102 118
223 928
997 689
552 625
455 547
104 937
285 311
125 764
411 325
831 180
713 12
220 989
112 200
575 448
683 380
360 542
579 262
421 895
553 422
638 517
478 618
245 69
218 862
80 166
843 403
93 264
561 336
319 266
84 177
927 199
388 533
795 842
661 159
33 861
783 113
909 3
410 411
15 186
318 186
929 836
48 272
511 717
584 415
446 753
865 133
132 685
736 593
715 190
672 783
843 405
632 756
345 204
299 270
591 616
186 293
682 967
63 379
267 299
133 135
251 887
383 676
169 553
959 460
565 880
70 462
349 978
499 209
182 438
65 785
298 670
771 99
569 712
431 360
269 390
737 490
261 680
641 615
272 566
59 639
151 312
90 862
765 24
134 408
619 484
843 922
279 966
835 486
939 847
429 800
820 712
292 70
401 769
259 740
546 315
120 12
350 719
742 924
620 15
166 906
991 686
249 8
461 215
559 561
615 908
673 700
528 310
500 920
414 132
21 696
828 54
755 342
925 431
534 625
58 583
59 844
432 276
828 491
403 841
114 205
991 689
383 221
455 992
885 666
822 4
973 139
473 79
371 939
698 466
44 668
798 871
633 905
162 540
717 96
329 451
501 182
241 383
122 882
449 506
243 189
625 106
472 169
151 814
315 433
420 532
939 874
26 898
16 354
941 290
124 0
190 508
666 397
706 6
128 491
597 528
631 623
516 330
511 215
230 899
324 665
317 260
69 164
517 850
792 343
30 960
120 212
719 101
212 795
456 454
642 161
93 73
402 93
539 804
54 622
435 90
621 38
929 518
563 105
524 314
768 931
811 999
723 33
644 775
492 689
505 168
243 524
121 372
876 770
850 512
606 266
614 629
658 536
929 897
853 587
236 801
7 294
787 305
557 707
469 711
923 741
357 324
74 363
730 0
431 948
56 756
984 124
884 691
355 588
835 423
740 454
998 821
810 942
397 30
403 801
495 814
823 397
125 334
509 775
585 596
165 182
394 132
387 910
719 549
547 703
90 807
515 731
233 652
813 640
625 666
611 686
551 333
355 45
202 869
220 5
898 704
112 697
418 649
541 648
105 803
159 626
36 368
113 823
490 7
683 971
868 704
509 481
264 263
584 871
619 966
612 190
203 401
942 705
711 624
120 179
566 861
619 81
684 218
35 411
48 796
45 104
478 755
673 212
412 246
444 780
525 195
600 164
876 845
430 530
977 557
21 915
496 243
985 634
910 538
631 226
850 489
868 735
286 641
476 96
33 389
597 176
836 876
234 751
382 27
725 593
909 643
127 818
646 969
934 806
894 516
758 907
933 257
260 544
200 951
416 677
371 621
682 316
504 349
470 284
630 138
716 804
784 459
321 115
72 599
692 720
837 812
877 693
569 476
842 149
816 558
557 47
350 287
522 709
993 512
107 120
56 951
39 56
593 273
868 30
708 696
847 457
670 645
569 651
249 371
361 140
414 254
276 932
272 390
112 737
916 15
398 971
796 917
865 947
310 173
897 167
583 504
513 494
424 930
610 124
758 279
353 393
306 759
387 652
175 676
516 449
152 357
147 285
569 622
527 634
535 411
470 44
210 385
401 859
868 894
492 275
127 471
619 858
120 134
574 691
819 614
937 687
573 520
22 454
943 454
804 622
1 643
362 770
511 623
146 97
91 738
652 183
733 761
808 798
289 327
481 775
285 230
573 155
446 299
657 791
712 999
923 903
435 891
219 186
439 564
128 549
62 981
225 639
802 56
990 405
255 366
113 327
952 736
382 784
436 214
437 119
652 676
653 280
785 586
875 931
402 953
277 170
68 576
516 902
551 467
263 224
196 652
845 57
68 173
879 575
940 470
87 999
719 700
564 121
768 165
658 624
910 598
794 454
990 785
813 34
525 157
445 182
482 14
312 113
32 392
750 598
151 279
505 740
22 87
40 919
690 560
706 776
282 475
557 674
186 51
837 686
383 465
233 808
338 963
316 562
89 108
229 988
466 778
331 906
774 188
22 782
976 712
670 735
365 8
314 223
283 707
611 750
476 463
246 742
884 125
630 91
186 526
148 56
669 580
198 312
697 432
573 887
395 624
876 319
33 739
738 475
76 962
164 845
169 854
113 231
126 919
685 160
365 364
671 827
269 241
672 449
709 833
620 932
876 495
599 551
582 317
640 929
737 415
72 140
472 954
7 927
324 485
549 240
941 113
882 781
780 591
562 851
503 988
305 984
417 43
582 827
754 73
32 490
382 107
701 851
184 55
406 786
620 770
287 615
8 103
898 950
302 315
10 257
185 917
514 795
84 408
865 2
302 63
35 900
109 403
627 727
32 62
893 951
735 363
925 525
48 787
997 68
765 960
10 873
875 97
447 825
12 248
90 742
641 839
947 765
637 616
538 518
924 363
374 183
416 51
645 701
937 116
94 443
783 416
131 782
244 482
232 934
668 116
645 669
165 721
374 754
592 458
558 611
433 109
545 833
392 725
709 105
365 699
931 231
670 8
217 589
916 732
144 858
704 580
295 257
841 904
816 884
184 990
134 18
849 432
309 528
432 125
17 901
197 62
384 741
21 352
179 627
643 327
276 495
784 770
160 908
773 782
820 464
995 216
175 360
914 779
672 168
239 981
801 16
516 684
655 71
682 15
319 835
402 42
664 617
543 58
608 841
434 360
428 794
55 370
811 930
122 65
489 365
166 921
420 540
993 583
649 817
524 382
141 803
963 865
561 761
337 122
156 774
863 909
567 712
28 208
576 491
12 968
852 270
246 64
495 232
901 982
491 295
660 386
368 858
817 607
656 354
924 844
751 113
903 255
373 988
275 808
197 533
611 661
443 992
314 292
950 940
625 662
456 165
980 332
677 751
299 640
702 442
27 701
902 956
482 500
785 693
618 280
253 900
537 114
781 298
80 303
507 864
874 657
135 542
647 797
761 477
297 148
149 728
395 839
761 590
406 192
941 654
132 483
670 367
845 663
745 482
893 13
783 594
648 251
972 468
111 948
150 82
629 994
17 498
693 883
732 957
184 663
118 477
445 273
331 552
444 180
328 312
321 451
384 964
729 962
814 572
608 161
522 658
120 366
106 826
934 379
27 857
506 667
744 446
317 404
570 862
792 325
371 782
100 208
547 664
911 400
814 236
169 441
845 192
600 885
537 713
907 799
419 403
883 215
380 771
465 386
368 52
292 114
341 647
939 289
177 314
622 668
131 51
688 533
643 463
816 381
691 359
463 517
950 231
187 947
780 613
420 279
670 682
171 723
915 536
380 526
965 478
880 352
856 689
598 531
944 743
73 751
401 192
193 622
362 253
203 671
619 930
223 127
966 672
179 323
667 542
424 835
924 871
871 130
688 735
239 534
684 443
592 992
862 215
595 475
265 163
455 324
865 215
842 891
925 380
80 477
497 507
865 795
919 511
15 456
298 407
156 471
495 428
665 410
216 194
265 457
852 327
897 814
106 868
31 651
506 720
654 715
906 272
426 18
932 799
794 631
469 456
405 950
129 875
396 23
691 339
863 26
22 153
220 674
288 698
208 887
673 257
999 969
950 704
579 69
231 455
933 106
459 758
731 603
425 336
970 784
586 709
755 332
394 560
406 581
633 471
286 852
865 815
847 928
240 426
603 929
584 317
64 586
118 227
725 669
458 351
534 977
474 260
322 302
897 629
520 773
491 646
518 127
859 833
605 7
331 946
765 514
226 426
237 841
867 975
572 270
546 874
564 61
560 836
890 644
189 9
124 351
832 361
588 5
222 605
744 95
289 564
296 542
862 799
259 962
811 23
271 754
370 397
229 627
169 36
495 72
763 545
793 178
538 880
52 587
753 136
956 861
929 851
474 115
282 62
493 593
903 530
601 978
323 772
323 595
430 941
145 508
959 493
254 995
278 504
544 957
507 810
829 289
636 639
113 929
273 46
22 49
784 741
976 477
57 634
713 438
176 664
565 290
385 50
66 959
902 445
118 213
854 68
671 148
87 283
576 669
610 833
936 499
584 934
847 265
38 983
559 771
292 860
102 320
89 662
953 337
965 72
652 656
291 427
434 954
827 207
770 273
279 939
693 327
56 983
265 209
710 292
161 203
234 637
701 211
409 512
85 291
885 742
355 191
728 877
127 496
127 134
881 37
170 58
244 120
983 765
267 78
379 773
382 647
203 270
932 771
361 966
507 983
115 406
297 20
896 839
771 549
317 344
138 957
840 71
389 441
78 483
438 284
477 521
281 314
243 994
911 42
402 705
132 621
839 858
228 710
913 154
676 987
670 482
378 425
521 991
516 562
747 112
60 596
416 47
519 627
364 626
64 624
429 536
29 123
109 630
805 136
957 80
517 553
663 71
924 465
539 800
441 822
776 95
422 879
494 896
311 42
613 119
947 888
397 663
233 298
713 307
676 892
924 159
790 331
401 582
653 209
900 408
105 388
718 223
197 582
601 644
797 564
310 596
588 149
251 879
96 418
587 702
492 604
980 79
459 75
8 587
841 543
771 661
25 303
429 212
294 450
345 985
634 466
350 436
732 116
22 332
476 123
5 440
641 823
882 512
503 759
843 199
629 599
187 545
927 932
17 532
625 191
133 504
747 840
757 763
221 503
731 422
980 413
298 509
196 656
897 601
298 692
114 677
93 846
322 240
631 886
421 357
628 826
878 589
542 497
808 970
2 607
389 423
157 192
953 961
545 167
252 87
37 204
174 749
664 776
44 345
132 86
84 270
803 923
104 404
694 40
18 910
832 317
580 81
707 982
16 272
711 513
313 788
742 270
310 32
531 722
55 87
497 761
222 708
375 834
948 767
816 738
541 935
989 517
949 574
692 924
62 923
383 918
542 44
174 189
96 344
627 51
885 503
477 40
44 699
160 287
364 957
280 7
972 90
893 710
909 186
52 358
868 205
946 506
435 345
65 709
462 169
447 140
494 838
376 202
837 870
812 52
83 597
187 537
384 57
718 519
927 355
148 422
84 1
88 547
876 849
700 840
962 672
628 217
248 606
572 820
838 215
576 477
28 672
939 321
669 665
96 646
481 518
872 789
595 708
529 773
502 949
865 805
370 474
735 635
38 844
520 760
92 373
616 135
719 927
179 351
279 350
48 927
266 410
555 934
202 540
137 681
665 78
617 482
437 813
411 244
688 592
484 296
431 87
902 613
658 765
462 165
678 861
674 947
603 621
765 740
178 212
746 592
772 953
517 499
504 192
163 244
255 259
624 133
90 178
182 455
518 443
547 868
458 945
820 609
604 452
618 246
712 764
640 957
147 488
654 616
278 514
919 259
189 382
450 387
11 34
101 94
143 115
676 187
223 245
974 429
972 411
18 4
342 373
589 783
348 878
733 829
848 591
257 246
18 230
883 520
962 357
26 6
215 232
881 605
565 558
431 595
347 285
948 225
664 930
189 582
461 488
35 764
614 983
697 464
117 382
479 331
500 96
12 513
750 861
401 487
824 343
491 321
353 114
947 895
341 594
326 618
507 350
18 703
894 420
365 179
559 904
764 800
315 782
800 409
600 388
406 551
50 999
250 508
900 513
262 516
308 528
237 45
292 128
103 895
75 21
174 772
351 191
573 13
372 333
605 500
394 624
700 26
905 548
253 566
82 503
593 79
372 483
346 450
966 283
745 132
293 175
631 80
283 554
513 517
685 219
860 558
548 444
385 615
822 815
272 774
223 587
125 228
535 244
173 634
912 479
954 751
362 379
73 911
396 398
683 980
655 973
971 107
913 307
573 480
62 410
714 844
994 18
256 103
796 126
277 265
599 837
356 236
445 441
547 482
283 679
144 131
65 697
28 225
936 658
967 368
736 795
560 507
832 309
854 288
815 76
69 59
31 922
115 559
591 501
905 742
701 837
76 788
971 776
68 983
390 596
439 736
396 586
823 920
958 91
293 927
657 954
255 548
887 659
179 297
454 627
429 472
890 391
334 248
725 732
419 128
204 904
163 676
844 292
361 1
621 800
689 917
785 482
739 660
247 43
1 469
344 83
299 30
746 583
620 689
248 624
85 431
823 574
348 876
598 359
881 14
997 90
28 315
142 897
447 178
476 289
811 816
33 709
507 196
463 367
236 196
633 724
339 789
451 860
145 832
783 367
512 576
654 832
675 992
422 864
164 400
389 577
693 44
902 869
509 797
906 618
579 948
146 567
495 150
516 295
94 85
409 695
217 485
737 52
185 792
967 815
141 339
196 678
108 412
390 536
210 991
235 902
198 625
617 72
401 157
446 609
381 718
682 908
917 912
866 532
281 151
444 566
678 361
904 844
758 544
590 372
332 962
917 282
186 202
918 310
818 829
963 10
364 133
288 306
299 162
7 813
927 771
618 294
747 135
750 296
227 897
85 909
58 897
597 703
271 366
984 858
992 864
1 27
155 455
344 585
809 134
245 815
809 632
110 896
557 135
4 582
812 218
996 295
820 430
934 750
740 911
357 327
622 730
402 657
19 64
237 556
171 178
434 513
971 447
77 234
740 596
282 691
288 514
360 981
636 760
786 890
256 981
575 316
233 4
352 27
588 13
595 213
649 527
423 128
156 949
631 684
109 730
292 663
531 434
909 380
888 610
172 863
504 803
349 696
606 497
19 408
100 957
518 251
406 99
707 988
656 158
61 393
344 183
188 959
758 638
864 474
65 992
813 785
339 611
911 577
151 632
301 861
665 452
103 937
191 246
771 489
954 272
556 170
346 709
403 68
930 501
554 559
374 563
51 812
110 692
99 629
877 619
131 770
193 734
158 786
870 528
809 213
476 615
755 387
118 438
635 859
946 805
654 845
67 974
922 333
863 832
643 615
765 119
736 459
583 135
67 773
742 206
342 518
358 526
306 617
447 468
137 710
886 58
77 464
87 728
19 720
824 231
443 673
516 526
729 331
445 129
817 951
557 369
875 755
466 287
145 503
334 25
149 138
223 265
801 671
150 513
970 316
779 191
917 794
873 29
582 50
64 877
924 640
987 370
984 45
852 838
164 303
270 398
608 298
575 159
599 952
540 716
497 392
478 788
610 171
527 203
991 519
562 352
174 847
333 480
171 146
712 656
661 356
87 358
965 482
746 503
622 312
500 958
451 81
224 739
192 604
516 660
652 537
609 926
760 112
273 566
288 497
631 692
656 273
650 327
7 172
771 160
892 209
61 970
147 405
841 918
625 925
166 787
889 282
691 987
808 370
112 620
357 484
962 545
86 380
36 518
218 7
172 207
527 891
168 6
181 410
71 845
709 227
487 621
153 32
446 605
332 920
326 845
742 831
39 909
266 170
92 715
975 514
132 264
99 745
15 619
501 463
233 480
651 334
582 911
931 651
30 832
95 147
433 845
461 652
768 827
274 366
634 610
306 202
486 317
474 523
935 937
871 678
307 498
728 175
573 465
349 98
147 707
705 325
950 343
480 965
759 300
344 797
923 159
204 394
388 151
580 658
710 794
561 584
217 351
305 33
507 790
584 607
474 629
359 415
590 240
719 178
992 574
226 461
421 126
798 968
739 125
217 470
3 160
694 638
961 748
622 121
681 942
840 27
176 659
400 738
821 609
293 41
330 553
375 648
49 563
125 261
191 314
189 251
288 267
188 43
296 90
787 727
314 908
998 411
132 956
546 127
806 895
283 435
461 909
634 623
14 4
698 658
111 429
922 827
946 860
700 447
168 918
349 246
155 538
401 161
350 793
585 77
190 247
715 564
777 724
789 619
814 788
615 443
813 26
588 951
163 84
929 35
445 973
668 94
24 324
863 782
424 456
825 606
788 739
695 520
945 646
22 230
95 472
606 426
185 860
483 146
618 49
474 906
631 55
81 15
489 37
628 990
623 202
781 65
287 29
771 909
460 47
453 346
156 951
354 422
460 353
627 335
121 672
719 92
475 945
582 164
545 982
919 748
412 730
881 50
351 436
267 166
473 872
372 412
108 240
942 985
146 176
829 925
796 163
481 432
194 753
504 578
752 316
391 656
161 721
939 971
331 626
599 968
161 496
932 269
861 955
180 688
427 202
533 706
990 290
451 347
52 624
747 548
417 606
251 87
634 620
785 307
370 976
306 172
319 705
749 493
616 208
836 855
748 234
173 430
333 452
258 866
614 308
721 193
292 861
785 937
847 78
538 254
465 167
879 672
564 360
978 629
702 185
55 463
929 221
104 119
260 3
81 339
400 160
912 591
246 47
399 535
654 67
796 347
604 584
308 357
21 499
114 250
416 612
912 379
930 197
471 41
633 871
849 999
931 986
357 35
9 856
139 879
46 433
747 93
843 488
955 971
952 347
217 116
127 573
877 845
283 746
194 46
747 168
426 927
337 70
140 677
414 617
160 708
187 596
76 226
273 691
885 682
774 22
692 751
490 943
511 955
44 635
590 307
769 592
482 172
609 930
297 368
807 477
824 27
830 749
689 259
10 819
272 615
710 21
805 350
718 35
384 499
675 406
776 35
221 698
139 753
621 268
0 279
105 488
346 630
826 210
397 295
492 177
132 185
287 417
44 292
731 246
943 459
392 803
695 823
459 977
183 700
951 36
179 601
913 252
190 9
62 92
797 264
42 206
23 883
324 646
712 296
301 550
838 121
64 117
552 376
769 801
710 651
311 374
981 354
879 392
178 918
819 94
414 844
591 265
57 505
905 271
609 583
263 180
99 124
789 148
421 590
412 797
306 298
892 898
204 914
550 75
104 623
378 868
412 976
508 439
106 236
