2440 4000
1692 2236
966 118
265 321
2249 1406
283 286
679 1026
143 1270
1908 1394
1332 659
2289 2236
1451 1550
2118 1599
2270 1728
2344 1802
510 2058
1397 1204
607 1693
2387 390
1169 659
1728 1332
1833 470
1363 2135
142 2060
1329 1823
489 1427
2132 1322
586 1069
1908 233
1659 1967
2303 1478
216 1408
2081 2052
1764 336
511 379
288 920
1848 1027
132 906
1391 97
1488 1621
1185 1515
1767 2389
1940 1009
724 222
679 1152
1619 2217
21 372
37 770
154 1474
2152 680
115 252
1947 2223
2027 2391
657 1979
1569 1135
1907 1631
637 243
122 1985
789 1873
166 724
991 1134
1393 1027
2006 622
2370 827
2252 614
1485 2257
1083 93
1045 430
2170 1411
2163 1484
632 2163
1539 1167
1455 69
1084 682
255 484
2221 959
659 850
2347 1875
305 1353
2309 1969
418 1548
1929 622
2371 1224
776 603
77 165
761 2341
1516 188
937 1844
870 1931
1599 1394
1979 1204
1150 2209
69 2065
775 890
1663 1379
1438 43
2022 1779
1471 2042
2190 2127
1816 735
1486 1250
91 1126
605 1202
1712 2168
1532 417
197 774
1019 2372
177 173
805 1870
2151 1748
1705 2250
1831 1177
1025 2186
2405 2180
640 2075
1704 1765
1418 1647
343 670
219 806
1033 1815
395 734
742 618
1853 2086
2435 159
1556 859
898 1437
1907 2168
2365 2318
860 898
2069 1409
1720 962
754 2077
2330 2249
863 2225
1098 2369
1430 744
407 2014
483 741
2406 2142
1578 339
1506 1674
2339 1359
2047 1343
2230 1549
909 1422
2072 1969
1054 1353
561 1551
1237 2092
395 354
109 2095
1203 523
1726 522
723 598
2293 939
2362 149
1094 1768
2200 1701
1347 260
1944 616
1230 908
2193 233
177 1390
2051 527
1849 1909
1125 1119
2229 109
1455 419
1953 458
860 1679
1557 235
1364 1110
602 1129
2417 1789
292 1258
944 1599
1819 2307
1338 2001
2402 798
1409 224
1361 1877
631 2084
1112 1267
447 737
856 2076
962 119
492 1134
1840 910
573 2423
140 1182
1404 2176
1747 914
1916 2234
408 147
2295 1970
1263 2225
2065 371
243 2067
558 1161
983 737
455 1944
275 1122
37 983
1190 495
1230 713
1854 1548
327 2200
788 2058
1393 63
1628 1490
1463 1927
2182 1751
444 304
180 730
2188 1165
1868 1296
557 1510
1435 1238
1171 1019
1554 127
901 2119
1573 2311
2205 1515
1274 1433
1625 2227
840 198
1933 1212
745 1030
482 1489
2335 2065
98 813
2274 1225
780 1474
2321 1587
1816 182
360 1509
1815 2130
1795 1648
692 519
683 1542
1452 2425
484 2181
1490 714
111 439
1308 1279
288 379
2321 346
502 78
1609 1286
1464 1441
920 697
1001 930
1739 1439
1218 346
1957 656
2029 1930
2126 714
2206 347
2037 13
205 808
99 2391
2306 1799
665 502
1953 2032
1729 2021
59 802
1198 2198
2013 684
2045 329
1397 979
2436 670
2321 1897
1270 1837
205 336
541 1990
19 510
463 122
260 731
1333 1779
2311 1561
792 1766
338 2191
2196 1376
1831 2302
999 1469
760 1873
2153 910
888 2408
610 1785
1858 1590
878 570
1979 2383
2205 1657
743 1784
1199 2304
1805 2246
893 1048
2320 81
186 1509
283 886
2040 1056
417 2093
1672 735
2151 2102
819 1863
2081 478
1432 56
298 346
1619 2435
589 1975
1379 1257
823 1438
847 1241
301 2127
1112 2091
302 270
127 582
1044 1226
1253 407
1740 76
1100 1869
1522 954
357 1104
1313 350
2099 2265
1048 174
263 1983
610 1335
1509 1140
1866 1361
1958 147
968 1420
293 2270
709 1172
2181 277
709 2043
1230 382
1894 986
180 1157
1954 888
96 1632
765 2266
982 180
2244 1857
1138 611
595 1978
794 2400
984 2284
46 2303
568 2179
1230 2404
448 2356
1352 744
1794 1874
56 2016
285 954
1036 1851
711 168
1861 1520
1440 1275
596 1340
226 978
371 612
1519 1802
1938 298
2425 434
676 1064
2350 1613
1791 776
223 2246
984 2119
2021 2352
1626 1388
354 1195
1245 1110
1848 68
1435 2371
1352 448
2404 510
1498 1727
1793 1295
2028 655
2343 834
57 1777
880 1516
739 808
626 176
42 2198
632 1157
174 593
2016 824
359 2435
160 1976
469 485
1762 1022
302 591
1314 291
741 529
2243 1761
1685 957
1051 872
729 1180
1015 830
1455 1871
1027 948
1156 941
439 1942
639 1749
1844 1169
947 911
2409 775
267 677
2430 1572
410 1862
718 1151
1286 1919
1763 1316
1073 915
1894 582
2084 618
15 738
872 311
2192 1242
42 1084
481 2050
709 1052
1686 2230
814 2428
468 309
1059 179
2028 1044
465 1930
1316 1929
76 380
193 818
2094 942
570 2402
1114 920
1515 187
884 392
862 63
1308 308
946 1513
207 1116
1342 1449
765 2104
589 807
1803 928
1378 69
2271 437
2345 1030
2343 995
1943 1861
1493 1370
614 2311
2175 390
433 490
2138 2192
1899 1660
2281 1212
465 204
391 1684
1886 412
1622 1392
1141 755
1595 1093
2325 464
1737 2062
1882 2387
266 424
373 1779
2149 2111
1310 279
458 404
1834 336
63 2420
496 585
2228 1731
592 723
1183 305
1512 1825
688 226
2235 726
302 1110
1094 883
644 979
10 677
1355 1782
1688 53
49 489
449 2330
598 1507
845 1178
2059 1305
543 349
2078 552
1083 1735
489 2268
1219 974
1398 416
189 2116
2091 1680
2254 1161
797 450
1416 2026
1025 1818
353 411
1102 367
510 1914
175 2365
1873 690
602 1928
1970 1431
121 1011
1708 1208
549 1439
1125 241
1193 2420
564 1586
352 1483
82 76
2262 478
1007 1474
1396 824
1267 1851
833 160
2262 1505
1337 1475
1067 1482
448 43
170 144
1587 2217
1636 360
96 838
827 1061
825 1203
2263 1588
1186 948
168 787
495 1891
1551 1180
1756 2283
2151 2435
1097 2186
1549 1951
1592 480
910 1974
2180 1487
1341 2162
881 1412
1577 1502
1166 383
1138 1298
314 1951
901 889
195 1700
1399 18
1993 883
2270 185
212 420
230 1634
1413 69
579 1967
1129 820
1054 1192
48 1461
466 638
1857 1219
68 1751
2055 43
1025 904
1494 329
1559 131
1051 2361
1045 847
1896 610
210 415
1182 585
2036 1466
2285 6
1410 2175
2330 559
1226 1232
408 1932
314 2129
2179 1836
987 1624
1326 1306
2 1232
1593 1330
46 1725
1768 1741
2336 1514
1047 360
1984 1949
1253 622
373 2310
1831 212
399 2373
1361 766
1994 464
1880 1422
2221 1507
500 1219
1253 903
684 900
441 2353
248 147
2282 1716
628 2078
202 1117
584 1076
2095 1895
1555 2207
2164 87
678 2296
1815 2421
939 1611
2265 2385
2016 1116
194 1943
504 639
889 270
1774 451
1752 2212
862 1477
1416 1250
601 1828
2377 728
1195 438
414 1937
265 93
1375 1957
35 2375
1698 114
1340 2234
1319 4
2273 845
1394 2356
650 948
347 2163
2211 3
966 2252
613 1000
1240 1318
2439 1135
79 859
1996 678
2015 667
983 2234
223 761
558 1686
1909 1554
714 310
1154 1779
1271 178
1995 666
1867 273
874 1776
43 1201
1297 929
1853 486
661 240
84 2316
866 2151
731 984
219 1841
1298 1294
1516 891
306 1608
1751 825
1820 1248
1549 2322
440 497
1430 2287
1819 2272
996 529
1872 1916
759 1224
252 713
1132 477
511 2051
168 1004
2109 2262
2270 1865
195 1538
77 1315
1141 46
820 1838
696 1322
1536 1700
926 1216
1350 2326
1107 904
497 1815
18 373
2219 459
25 636
1465 1582
760 639
1800 1466
1851 1903
2412 1592
1955 971
2003 1527
293 2392
1823 723
2132 131
1276 580
1899 1987
767 1599
543 462
1667 524
1090 2016
15 679
133 175
607 173
1187 920
300 205
2223 1286
1897 2123
1439 687
910 564
2182 1513
2234 1607
1828 2116
1280 625
1915 411
487 867
627 575
1206 70
1688 623
989 2399
1079 1467
2273 2028
2337 27
475 1044
758 2424
2142 2191
702 1272
1569 741
565 224
38 1103
1651 1098
162 737
228 792
2281 1396
1005 1952
404 1958
2161 778
1095 200
954 266
863 560
882 2364
1194 2112
1927 807
2409 2105
1913 1944
1554 426
1616 1506
711 2382
2303 1781
1959 657
2342 39
2297 181
1169 1223
100 548
2143 236
743 1301
237 1840
1509 924
33 2242
999 1189
2149 1697
528 1577
784 1140
1792 718
837 883
824 1096
2006 1683
242 1868
2145 176
770 697
932 2365
471 555
2129 2351
1928 2366
1488 1505
227 864
1706 697
2311 1303
541 1013
1209 77
1623 1874
2163 1794
790 2145
1576 1359
1630 1728
1154 249
1513 2367
718 368
1700 2407
866 1204
31 556
1427 853
860 284
686 1840
1019 1110
1922 2384
922 241
1300 1056
1562 1552
2153 1586
1002 2260
1471 1346
2123 905
1470 847
1348 173
160 2295
2414 851
1809 2086
1118 304
2274 284
2336 689
78 1365
1161 1809
1467 2082
1950 1789
1728 891
257 1808
1788 434
1954 1570
557 1557
1898 2345
1848 2034
1388 1201
1028 534
1111 140
1380 852
656 502
2436 867
2211 1882
361 809
1292 324
1241 1475
605 417
1184 509
367 137
314 1357
765 2393
1127 1572
678 1044
1818 2258
1918 749
2019 642
842 157
1173 2408
93 319
465 1444
1318 190
239 1916
1748 2303
2191 616
274 1069
13 782
1062 1960
2234 1332
471 2043
2350 469
147 372
2258 150
450 702
2042 898
188 2000
714 1623
744 109
1128 484
1177 2284
51 852
908 1758
395 812
2183 1903
2062 2319
2233 2424
259 1616
556 97
1058 1104
2330 1038
1387 1154
109 702
1676 2148
984 2413
664 674
727 1247
1908 477
1454 2070
2399 2158
1764 2323
1492 319
581 1114
899 185
2296 2331
1529 154
1074 1232
1234 430
792 1690
207 2001
2027 8
972 503
487 1122
840 1602
1957 1024
160 1549
1571 1245
2000 828
1969 1777
529 396
833 2253
109 1397
2142 950
1919 2245
602 57
609 1883
2333 226
279 1429
1296 890
1883 104
1874 295
553 1039
1651 1454
1606 706
2010 1308
1438 847
333 489
17 1723
1243 15
2199 2036
1320 17
1232 1286
1202 1360
1400 464
761 2236
1691 2069
1836 617
106 1624
2110 79
2425 205
1942 1515
2093 786
965 1640
313 524
121 1140
472 910
1215 2095
635 457
920 510
128 508
348 847
1673 513
545 1649
565 41
2229 172
321 1778
1232 371
127 1515
839 351
2014 1552
1319 862
1488 238
196 907
284 1350
1146 2284
1700 1731
1406 1391
2312 811
1443 244
1783 893
1014 1165
1424 1245
1104 1658
1297 678
1250 1877
1713 70
1465 590
774 588
1805 2236
280 620
174 287
983 1874
1304 905
546 204
1296 666
237 637
1877 2426
659 2293
109 2433
690 1322
1798 2120
1005 1587
1702 609
370 1187
131 1073
1576 2052
690 1998
654 2177
1882 429
1718 1469
1398 756
1790 2166
1394 2273
822 403
748 629
2341 558
1495 1577
2022 1672
2118 1091
2003 1179
1724 517
2048 125
2428 1966
580 2194
1401 878
416 1492
2079 1528
1495 2175
1730 1439
1710 540
1262 1966
1060 1804
2058 1737
974 274
1912 329
1024 2415
253 62
1387 72
63 1402
1827 1544
481 2258
1930 93
527 1997
220 576
293 458
364 1516
859 603
25 1676
223 1852
78 1348
1907 896
2113 1923
372 785
916 1392
1955 1444
1279 2178
2402 865
344 787
380 2023
1476 1323
1395 526
429 2203
1203 2293
1112 2439
1969 1353
674 336
289 1210
1113 556
1509 919
259 80
37 1663
943 387
1890 1648
1171 420
201 930
1844 2189
889 695
172 1282
1136 1812
2165 2381
406 214
334 809
2123 690
664 996
783 57
1840 1363
1136 388
204 426
21 947
260 2148
732 2303
1427 1334
2300 1427
1442 32
51 208
1348 992
1733 136
870 353
198 1244
1972 2141
1954 322
734 2014
59 140
2020 353
635 714
848 173
393 1859
973 1064
561 2364
2108 2075
850 1247
614 702
876 930
83 1615
408 2167
947 2206
1262 1074
713 1433
1407 628
164 2006
1892 324
1497 1913
337 882
484 1524
642 1816
758 1795
1899 757
452 2054
2189 299
1314 796
2043 1615
1025 2131
1497 782
342 1641
2231 1166
834 2409
1753 1275
512 453
320 1647
374 477
1170 1690
666 1718
155 2171
1391 1323
569 495
138 483
268 2176
205 345
1755 1154
1192 1877
71 464
400 253
1854 326
810 2032
1856 1241
1366 806
2097 1183
869 2064
266 532
86 842
1353 1036
1914 2003
970 818
1511 1201
1568 1648
104 393
909 273
334 1384
502 1364
1237 2110
1149 530
455 1775
2361 719
575 950
403 1237
1166 1464
1000 2349
1057 766
180 1028
406 1017
1714 1927
743 1754
318 1953
648 120
629 2419
458 1244
47 2331
2320 1412
1168 2117
1386 807
2163 2005
359 1059
1969 1862
158 1338
1983 2303
1418 1178
1357 2105
521 1869
2437 1592
1424 400
2422 1026
1168 717
995 2017
1813 219
2345 892
1851 2344
1665 2220
1996 1937
930 2084
2411 1405
294 222
1857 723
343 1786
1333 1783
2185 2179
2074 1213
502 736
1603 488
2108 1467
991 992
1116 72
1596 1431
1379 2372
779 2238
1868 332
2137 340
549 1342
606 1404
2427 361
2292 1383
1871 2201
1069 2375
1782 1769
1491 1821
2157 1942
2212 1368
1112 885
382 934
524 1781
1330 449
1191 257
120 673
1460 102
1609 1573
1309 2029
1518 2220
1238 1794
1530 1345
188 579
1907 1402
1018 906
1158 1701
1784 2383
463 1649
1360 1909
847 709
2194 1248
2176 1421
632 2168
317 1631
2234 138
1646 1087
97 1707
1701 2094
1118 908
916 2116
122 318
2231 1473
1038 1680
1384 2341
885 2199
2227 2146
878 1358
1588 123
926 2273
2013 1527
1853 837
117 276
1772 1044
55 2047
1417 536
1148 1397
1983 897
41 450
332 921
1222 1423
594 1081
1039 1694
1668 1140
2229 2092
2126 1355
1285 1959
1760 896
1321 323
1610 1759
1012 2131
1768 718
1892 626
186 1215
2304 2215
2167 1938
257 994
1015 1847
1424 86
1207 1487
1196 1039
2403 1137
2414 2131
1507 614
2327 1624
1654 222
1836 124
1321 625
1162 2387
1895 1861
1277 150
1582 1711
2193 1968
1303 604
263 2070
851 638
455 1516
1620 945
1359 1153
529 1082
1069 2211
775 1084
8 82
2136 1182
1343 1637
1870 2012
107 1160
982 655
1793 1499
1600 336
67 1721
1067 634
1078 1369
27 172
1499 17
1853 1111
1255 282
374 2162
1635 2146
94 2137
1652 1068
1776 624
178 1795
229 48
1338 340
656 2064
44 14
597 1128
717 2380
1013 866
2044 1010
1085 1286
1481 2312
1645 1782
716 1279
2138 979
201 344
1672 2422
2355 1893
2239 1195
1890 1204
1805 1368
1696 702
12 504
2308 65
2066 881
699 1660
1292 1659
1571 1653
751 1118
2238 607
1532 580
1986 1719
2219 1246
2125 242
779 2027
1787 1556
1884 1871
2063 1169
31 1042
989 183
1145 665
1847 885
1548 2130
1396 1522
19 473
1949 2175
1251 1292
153 952
1161 2168
1878 1803
487 596
905 488
855 1272
1470 2397
390 1969
1048 2347
1217 711
1496 2286
666 1169
328 1839
751 1750
1421 339
1572 366
590 2079
1788 1396
1980 1984
1462 456
1137 1572
581 2137
787 1773
895 964
325 672
2217 48
727 518
869 2234
1526 1951
636 1011
1850 2436
2397 1908
238 677
190 1752
2047 1528
1274 2104
906 1456
2079 864
376 2093
706 1832
1153 51
1318 343
2151 570
1574 267
45 616
1715 2381
182 1554
1999 1600
2374 1523
1431 1093
296 2120
661 800
2242 157
21 673
2063 1032
749 580
1944 4
1738 1743
166 891
1027 691
1872 82
1690 219
705 729
818 1378
520 2360
994 505
1818 1840
103 376
378 1492
1209 1643
182 485
1855 2063
1730 839
1414 1928
449 1337
924 1518
1648 188
1578 2391
705 1111
706 481
2363 661
726 862
2208 813
817 1202
1037 2232
2286 1244
106 2176
2134 22
1079 1124
74 1842
652 1971
833 1507
637 2380
2311 361
456 612
879 1338
772 2210
1753 961
1858 706
449 2409
328 374
2402 898
322 1914
1605 495
1506 2272
664 119
1134 1577
387 1910
1306 1020
656 1810
1266 1667
865 1302
1978 712
355 772
237 2262
475 1496
1077 1211
1666 2369
1240 342
1254 1250
1410 827
2009 608
2251 1552
1840 727
953 1662
897 1700
113 1487
520 815
1943 13
2144 32
1790 1610
1194 2033
320 848
2333 22
1888 1593
857 419
1857 1734
1489 1349
1749 280
364 1752
456 471
979 531
19 541
1745 1056
1091 345
1722 1288
420 1147
2294 1380
1613 475
1851 1254
353 1876
1744 159
1488 2245
711 650
897 630
407 2066
1077 942
1104 1585
1164 141
133 243
370 626
2309 1699
2125 1150
197 483
770 1648
2252 1372
2427 1605
1484 2251
1371 1212
2345 782
2139 120
2394 1815
1168 1871
1508 2319
1275 778
72 1965
2204 757
775 9
2298 242
1863 610
807 1192
1370 2020
1301 1102
1402 1179
2426 1617
1418 2164
1057 1986
933 1146
2291 62
531 550
2066 1928
2296 299
241 827
378 1142
2348 912
335 1542
1443 2029
223 321
1321 2105
346 150
577 1478
1808 2170
1746 1348
1255 339
2308 732
293 2012
676 409
406 1304
1612 1982
1030 1659
2292 207
975 156
2046 859
1971 778
215 838
2410 1476
2141 499
2356 2292
745 271
393 1555
1477 1018
1434 184
697 1914
1643 2053
1112 174
300 1842
1236 571
743 341
1864 444
1604 1036
1923 1888
484 60
1329 1378
1050 1617
206 2120
1514 2236
803 2221
1451 2051
2270 1269
1058 1013
1035 1596
681 884
547 622
1556 1812
1994 2184
1793 2077
1548 1250
2206 270
619 2105
1894 749
692 263
567 2435
1148 1601
1989 1831
1447 1904
338 1664
465 553
2028 2059
1385 702
663 2104
51 1139
829 262
1899 1308
2025 2323
767 2054
2113 1953
506 1961
720 466
348 709
2065 1687
1664 2328
430 2372
1086 1519
794 1823
1569 64
1740 2375
2 555
757 1810
1104 1596
1067 2117
774 273
57 1134
829 2198
2168 1861
2305 2391
1644 970
149 24
1930 101
448 196
1192 21
1519 758
1656 438
642 598
2236 609
2391 663
2001 1689
1113 386
1042 1898
2278 83
152 110
44 813
210 1578
904 1178
764 2007
2351 1516
722 721
384 282
1882 1958
1526 1436
2314 2205
516 1945
1892 1614
2375 1911
419 742
925 467
949 568
1010 300
2433 1485
828 1483
41 2002
14 818
2161 898
1839 749
926 1516
1845 1037
389 425
1955 1997
145 66
320 1882
568 1358
492 2341
2438 2124
1009 749
1661 1284
1217 1426
1737 216
407 996
768 2036
1331 880
443 2085
732 1979
156 1853
2142 1667
1864 1200
688 954
1820 1752
95 798
1509 1869
1551 1353
1219 90
1740 1437
2301 146
1135 1894
1241 1099
19 1392
949 148
1465 77
1651 2149
1058 1423
343 1331
1323 785
2299 1738
177 2231
723 1432
2360 998
556 1993
1807 29
1197 1228
544 787
120 2229
462 1317
1468 1464
81 1760
242 983
746 211
969 2051
1031 1540
385 58
2279 1082
1109 194
1086 2123
1811 1965
452 121
2080 200
1590 1961
2240 1506
522 1224
1778 1384
1375 999
1098 1741
2125 394
2259 1190
1836 815
1297 923
37 859
2426 1751
1476 312
1251 202
1085 730
2059 321
1598 1688
1747 1872
308 1435
1112 10
2065 166
887 29
1259 2114
497 2135
2178 2266
2309 1690
2380 330
541 1395
1415 1219
1803 1967
1914 1174
586 808
2034 533
1716 2428
526 2267
1292 1723
150 915
1690 734
999 1215
1667 1589
1125 494
418 2180
1241 2015
255 1266
2372 2231
288 97
684 1290
1209 617
2258 605
2296 1538
1756 2006
1741 1357
1437 512
2255 416
232 468
887 539
1499 1283
757 2010
475 1490
1541 2307
1294 228
2067 1903
1894 1520
994 496
1566 2244
2393 2021
1785 356
737 1071
2389 2423
719 2035
2232 2359
1011 499
1334 1761
308 1955
2405 1189
2325 1361
107 1327
669 543
534 356
679 752
104 2039
13 2357
1222 384
1729 1874
361 826
1343 1808
787 1473
445 2027
765 1924
1684 384
1305 1545
909 269
1881 1034
1103 1450
614 2418
2402 608
1126 1918
1263 129
1888 1465
2397 723
2252 435
1351 382
1722 2073
1795 986
285 1327
1936 2431
2004 1383
54 498
1864 665
2396 877
668 301
221 638
283 977
28 1053
2333 1573
1558 160
1469 1301
777 1919
1318 329
956 2411
1177 454
1169 2251
669 1537
907 155
1631 1760
1384 2331
637 239
1363 1543
1273 1995
2260 785
407 2248
2399 1047
301 1596
258 1970
1849 1542
1893 66
595 480
766 420
405 1825
765 1112
1609 287
182 1758
866 2125
1865 1941
332 399
1482 172
487 1571
1951 2199
2043 1402
990 1484
195 1916
2218 1326
1276 2179
1750 1220
1539 523
1385 2344
281 1215
1589 2043
2359 73
1584 2008
1734 1601
1994 45
271 2356
1105 1173
891 1648
1312 2063
2 523
1663 1007
753 2094
654 582
1269 2049
1045 1462
2329 632
1109 21
711 2089
676 373
579 2237
474 2194
1510 1505
2112 799
1981 2101
1186 1432
2422 1424
277 37
1244 514
2314 458
1151 1315
2353 1213
2322 263
1098 1633
1015 1053
571 2191
1066 1783
669 367
1376 1424
706 1441
1330 1512
846 1808
679 900
193 481
1245 302
1439 977
1549 1815
940 676
1179 365
1167 999
1118 583
2134 747
1033 49
663 537
2415 655
399 2183
909 1525
219 1997
2317 1510
1865 695
819 2319
1706 2327
1207 1198
689 1828
1159 1251
2381 493
284 2095
723 973
2157 1185
2386 1846
1320 2375
1114 327
1518 1055
159 787
175 1266
413 1190
1504 820
352 1658
1595 975
1867 1588
1619 1511
1523 351
598 2171
1409 1016
1272 2010
1463 1794
1520 1684
192 1391
584 242
1513 1695
1694 1249
1190 1967
964 841
812 1525
34 2069
1888 2377
47 384
2198 1176
1770 1998
99 1744
143 1084
1336 1418
1318 1465
503 2246
2122 1952
1639 1341
2330 141
467 1379
1885 628
983 607
1441 1492
1213 614
2100 957
458 2367
1074 804
871 1907
1835 1168
2315 1650
1725 1165
1913 1416
2296 65
1530 1046
1228 493
1380 193
524 410
533 480
1409 513
1653 2280
1445 1560
1755 379
1393 2137
1607 41
1495 212
2181 860
1242 1372
1016 2298
1828 1601
1546 1966
1292 416
90 771
444 631
132 1384
1479 442
1536 1053
927 872
2161 188
328 1736
765 1398
170 2312
949 2309
2101 2349
558 1966
992 1629
897 2084
93 1151
1528 960
1696 2378
2424 608
618 77
1441 1565
961 1089
1863 1290
1997 54
106 2069
987 242
453 952
800 310
828 1649
193 1243
861 1316
745 2303
1665 886
760 584
1585 548
2128 1087
684 294
1592 35
1548 1409
1277 2304
1011 497
356 1262
1121 1680
70 403
1941 2231
320 863
1802 467
1153 2079
1281 1404
1462 1037
1466 2004
1195 1334
1844 267
934 1447
1176 2026
2144 1418
1518 754
1018 606
639 2018
1596 2139
1514 752
579 1732
1600 2439
2022 2054
2215 1318
70 1575
63 1454
1233 256
1136 665
233 506
2084 41
1316 797
2371 1486
751 2243
943 1397
1920 1224
332 1021
1410 459
302 1794
904 2339
1764 625
1825 2151
590 2348
761 1767
2100 1971
1894 2361
221 915
103 825
303 648
729 470
305 2335
1936 1729
493 1832
1456 1445
1301 475
1961 1480
2208 499
2249 315
699 539
1926 1084
1142 1076
1005 2016
1767 331
1724 51
2150 1694
1854 494
0 1213
1597 548
1693 473
2060 2141
580 657
419 968
522 2229
2279 691
570 1743
1412 717
1024 1033
2033 400
1456 80
1436 891
385 611
37 2064
2056 1693
638 1570
1750 2214
1233 2122
710 1597
739 174
1980 1748
57 2191
1392 1584
940 1210
1861 1331
245 1151
2137 6
1751 892
2324 2299
2012 1799
1420 1179
45 1551
1151 277
1870 1562
1546 407
2331 1304
238 847
1285 246
1992 386
543 684
1545 1335
1062 366
559 1198
1991 124
2266 2152
1914 724
1479 615
1676 213
2305 70
685 2106
1788 1295
722 1698
1578 2331
1992 472
2144 1845
1628 677
1775 2016
561 1492
826 1567
966 1454
1016 1257
613 479
2212 253
520 608
1320 927
1144 2330
1985 798
560 658
1946 393
1244 2192
1829 954
12 1009
885 1148
454 1993
305 1792
1977 836
1238 1409
615 106
1030 2393
549 2332
2234 1408
1819 888
1743 711
1512 1970
574 394
1250 1770
1944 1516
2194 660
686 563
2019 1556
1534 97
1573 1151
809 1296
401 1308
181 1637
2294 1615
1502 878
2277 1527
1350 1062
2029 153
1009 593
436 1465
1202 1447
557 1671
1826 1277
1256 2259
1215 1914
1501 259
958 1679
241 304
1568 127
2266 1520
1459 1735
1100 1040
460 1205
509 545
1186 2024
2343 913
68 1700
91 1212
1798 35
354 617
1196 1011
1915 1517
2095 1251
1579 1204
1634 1085
715 2438
1728 1351
599 1239
1772 37
1884 649
48 849
1973 672
127 2254
1733 2110
632 1921
198 1189
966 1749
174 2250
2081 1425
1927 881
1103 2344
2041 2343
1421 870
2334 1108
153 854
1738 637
190 1040
1600 151
2150 1535
1309 1326
2030 2103
2005 65
307 625
1404 1039
870 260
2200 82
2396 651
511 1255
1273 452
88 85
1928 1228
2207 2108
1744 527
2235 1303
704 1729
1513 2095
62 290
815 2363
341 236
1496 1809
316 99
2381 2219
1467 1912
2053 830
2116 868
1714 2161
1313 1919
1249 2297
2351 1772
1612 1422
591 155
1993 942
934 1131
327 1172
1174 2325
2405 856
2395 280
560 2016
1472 1569
1429 1278
1291 1476
833 841
119 1069
1392 2411
1126 1487
2084 2320
2292 444
1778 1392
274 1451
1231 1916
77 1703
1434 2214
1846 2053
1880 74
459 90
964 2378
2196 39
2118 1504
1634 2264
1138 398
1644 1495
437 715
1124 666
748 1790
26 172
1121 1691
289 1304
2077 21
1872 1765
2155 219
751 449
2124 2186
1013 1449
147 2389
1860 616
2323 123
1186 196
460 1154
1301 2138
1723 1091
563 755
942 2426
2421 1740
1077 2426
2329 841
377 2421
272 1443
2266 1875
2407 1833
1854 1744
2182 190
1379 206
1533 2010
956 161
2287 2314
1558 2109
291 1291
673 1922
1288 1907
2044 445
125 1004
1306 619
64 2212
882 1640
1076 759
2147 337
666 520
373 1134
1698 1309
692 2089
991 1444
2218 734
2433 1847
1188 1808
76 266
740 1220
1920 606
1817 2063
1754 1600
1421 130
198 1844
1770 2020
1214 24
298 111
1772 1522
977 2136
2064 691
1075 2301
2307 1805
822 1460
253 646
106 1221
470 1719
2329 1145
1764 1365
674 2152
682 1017
1506 74
614 722
868 2318
333 1914
2254 931
1203 1331
1626 288
1164 722
1637 1682
110 1351
2351 2324
1709 236
1572 1380
486 1851
1506 2413
2396 806
2135 984
2042 1478
691 1676
1938 2140
2355 948
1018 168
999 710
1641 2263
723 894
2073 297
1269 511
147 421
79 375
1099 2128
723 1426
8 449
2309 1744
2409 2324
301 1511
103 1244
563 1936
2021 319
670 770
2226 1106
12 1187
2079 2105
1768 1728
284 2238
1206 2394
224 2409
1048 493
1752 2352
454 2299
1008 1009
1245 1602
1851 456
1167 2346
704 249
1529 1673
2239 1957
456 2006
2298 1083
570 1913
2369 224
837 1741
186 1705
1258 861
2233 2254
146 1562
244 1053
1936 96
1328 1382
237 1975
917 1426
42 1239
1452 1690
1706 1593
918 2420
1651 1984
1306 970
1039 1361
362 1901
1008 366
2243 1654
893 272
1200 1440
949 931
1901 244
403 852
1682 371
447 866
428 502
2050 975
1175 1498
98 605
265 223
2367 1628
762 300
2403 1324
2056 888
656 1929
1461 1534
120 1590
2124 1917
1471 1495
731 1722
641 470
1117 1448
260 1627
1583 2103
866 1338
612 1045
1238 1712
321 2170
876 1418
2020 2318
1425 1171
2042 1469
733 568
311 1735
2381 466
679 797
98 226
428 2120
1257 1408
593 60
2235 736
280 1478
518 793
1447 1002
1498 1620
2230 2027
234 622
2232 1859
530 1885
1226 1772
1238 1318
1875 2186
723 1267
1983 594
953 1176
1481 142
1905 1620
508 1965
1094 1058
1434 553
1344 1519
1185 689
129 1691
1887 1775
555 1727
1939 2044
573 1363
77 942
1151 1420
84 861
1571 1363
2217 1068
1864 166
616 143
1977 2058
581 146
1047 1656
667 1247
2439 723
169 363
1830 330
2101 2090
1409 1979
391 999
1632 33
433 1793
286 2250
1016 597
1723 2207
2380 799
1648 2230
1992 382
443 2050
1693 1308
1781 2399
1750 1791
563 173
2205 1699
59 552
2342 524
1416 428
419 1799
1913 650
2412 1162
806 759
631 101
1745 164
2416 783
644 361
922 649
1560 1652
1934 2108
1628 1545
381 935
962 629
1224 2237
1466 1088
2074 580
384 2439
1029 1341
118 98
2092 648
1645 2366
1364 1041
1498 334
82 1647
1617 848
1761 2325
1781 23
786 1857
1837 667
1231 102
1660 1730
1292 1853
2147 1020
2010 592
2153 682
411 2063
635 642
1401 1251
1573 1061
1534 2094
441 1856
2117 437
2063 1826
2049 432
141 1685
2107 2168
785 586
853 426
1634 50
1368 2329
1324 1916
186 408
2269 1845
716 1958
1994 1269
1793 2116
890 2278
1786 922
1413 2148
2371 2394
406 1964
243 592
2364 1302
1735 2047
1861 1028
650 1204
410 2164
931 1016
896 2238
1186 350
623 884
1027 1281
1221 233
71 452
1925 1428
875 590
2069 1633
2017 285
1336 1863
84 2198
324 838
427 1639
959 19
2355 1517
2052 859
1898 1928
172 1842
1414 1386
1859 2374
723 538
1047 2144
231 2056
1655 1416
472 1347
598 792
450 1245
1349 2242
1947 1055
590 1218
884 1593
166 1192
240 2132
2431 2094
1373 1444
786 1978
746 24
109 1199
413 1241
75 746
1073 1255
1786 675
343 596
376 320
138 23
1131 281
1973 1303
2249 1202
681 2069
1263 1612
833 1788
1050 1784
942 723
2174 154
1599 196
1173 430
918 909
84 708
1323 2013
1589 1581
1671 814
820 585
2292 2152
155 1100
330 887
1538 887
600 236
1678 1649
1113 1129
1062 1703
793 1773
1573 1084
2389 1602
564 615
2066 2086
1929 2162
507 1729
2199 366
574 51
2435 2373
1738 826
2223 706
1114 1399
760 1576
1403 1867
2125 781
2425 1306
1393 1000
1037 1543
593 485
364 1664
261 1532
1677 161
257 651
2145 2210
1150 2093
571 2214
631 50
1586 1687
1320 1785
805 400
2034 1700
929 1452
1391 413
802 2036
1064 349
1430 1694
1135 1657
2068 2094
1613 2022
2133 1829
1161 2319
2311 1919
1787 746
14 1635
1499 793
2147 1304
2139 573
763 2346
1575 1216
868 160
270 2336
2010 160
287 183
1695 1892
1125 1205
768 2356
1335 1601
1412 2057
1289 440
972 2012
317 2353
1553 1960
1022 1259
1364 1996
191 1922
178 935
1273 1453
1888 1438
1281 258
2338 392
2404 369
1963 287
2269 193
696 635
1627 931
1835 762
1444 2144
342 874
1236 696
168 2411
162 1738
1593 458
1593 2397
1600 1296
2112 978
1451 653
2311 479
1306 141
2097 268
2052 1669
1855 1730
2122 2188
1232 2190
1172 1464
1258 1167
1193 2370
2205 1529
790 1352
1037 604
2049 1170
108 1537
253 2214
2035 905
906 2432
407 2422
1613 2366
428 1251
1499 1969
168 1513
2048 1623
469 1325
1481 2071
2272 2145
2238 1726
1308 531
84 569
519 2092
345 1488
147 233
132 822
350 1455
1946 430
244 1228
2327 750
252 1118
2064 1868
1769 827
1057 1019
1980 1262
1763 2353
1107 1341
246 630
147 1792
449 1196
1573 1
2224 253
1925 1883
1022 1135
754 406
1113 433
2417 657
1553 186
688 209
178 799
1372 129
1898 583
960 1666
1286 1884
803 1614
1991 870
66 644
968 672
685 1012
2037 2184
1835 2035
2424 1079
1932 1105
551 373
1502 2136
1830 507
1611 1974
1809 1858
1099 1649
494 630
253 1088
819 712
1684 2232
296 514
759 464
655 1377
683 2341
1314 1315
322 656
2066 1065
1389 1008
1279 1442
620 125
1835 1626
1960 524
371 902
1687 1396
2429 472
312 2037
4 694
1565 2110
1624 1182
598 1586
371 842
2372 1424
1812 1119
1925 1058
596 1978
1047 866
1058 571
675 1724
1498 2220
1588 360
2036 2003
2237 2220
1614 1126
985 464
2092 2362
1287 714
1705 2309
1845 1966
272 1236
1338 1833
273 367
1877 1976
1039 142
2181 213
1130 2169
1207 2328
543 1575
851 1764
178 1775
1697 2272
1611 531
2108 558
2417 1096
505 244
593 1467
902 1291
589 1545
1066 859
2271 856
749 243
101 1968
2057 1331
1248 1316
366 430
928 1368
1214 1446
1741 1229
942 182
803 2147
301 2300
1558 496
603 1789
2213 2116
2250 863
484 1413
511 803
706 1867
692 2145
1916 1985
478 16
1540 229
154 1890
1851 1154
2146 718
839 1127
89 1029
1812 1397
136 827
19 247
459 2196
900 1262
258 1073
1218 996
1945 1841
1806 2437
2153 2171
18 1465
1255 601
681 1256
2238 2344
240 275
1673 31
1668 2122
2290 2373
1897 878
2167 1117
230 2195
2142 111
1132 37
812 1128
53 763
128 1166
2206 1100
1551 937
423 611
1086 825
2212 131
1483 428
1806 2355
579 922
5 974
275 2255
428 1153
855 1256
2023 1626
1851 1594
1738 714
861 939
1994 1419
381 345
1740 108
848 444
1394 864
761 2332
1396 230
1379 2339
563 1298
1857 1073
2159 1382
1104 682
1896 437
526 11
131 1356
2365 1834
728 984
86 195
1450 1441
2122 1523
672 1281
2207 1016
2175 1296
1313 1447
238 1627
1366 1712
1643 910
1275 705
280 795
1346 1901
1786 1
2406 990
1706 2342
405 918
361 1022
2172 1978
1065 663
217 939
2190 463
1344 123
1213 314
1394 367
944 1410
2257 1579
994 999
1167 1007
2207 1527
1180 1003
2001 1264
2286 67
718 1080
1775 1428
198 58
2027 2254
998 1375
935 1301
768 1871
1119 1270
972 2271
2300 1844
1893 1800
1175 2370
279 352
122 1369
1376 811
2183 1308
2319 269
583 452
1439 2020
1564 1810
2286 2154
1699 596
2066 24
247 1461
2201 1394
554 2085
1605 617
2028 1062
637 1535
2197 117
1807 2013
1139 1881
2074 2422
1325 351
2396 1252
1452 2174
2266 25
43 1508
2031 160
105 596
210 1317
409 1835
843 964
473 2281
694 1533
407 2344
1446 699
1419 214
490 2142
90 1242
1792 2225
1957 353
1308 249
2064 196
312 316
1302 320
2164 21
1594 214
1653 2116
1868 1460
617 2392
1384 1850
2099 2143
548 77
1454 1929
2385 1389
606 295
1457 1028
1032 1483
167 1724
1326 1235
191 1671
2049 321
2206 2333
2336 1866
29 244
1210 1566
1938 1486
2231 297
189 778
1870 1716
1458 904
350 332
1886 484
467 204
2220 2298
521 495
650 1004
1273 1297
605 1678
564 1847
1696 1729
1147 970
2265 122
610 1952
1236 496
108 1659
1993 2368
1122 1823
1094 1337
328 1397
1621 1160
108 672
409 2299
1901 294
2314 835
141 1072
1998 2011
1242 2329
1108 74
291 330
2067 251
1626 548
1180 1018
390 1223
590 2384
938 995
2200 1915
1776 1354
763 226
1217 709
1790 1687
1572 1624
1724 181
1901 1515
241 826
2071 1053
832 280
1547 133
1090 455
1165 522
546 1809
452 1378
2325 1961
800 1207
322 2194
1877 2051
1251 1493
1800 2413
1036 990
913 821
2006 2353
2374 1103
2391 1413
1984 887
984 1954
2276 2329
606 1121
1065 1921
1093 1414
1389 2177
1793 887
1453 369
108 1430
1996 1062
145 704
2027 671
1954 710
298 1103
953 2295
817 14
342 448
894 1
719 1091
502 1714
67 1747
623 960
1726 664
1620 1879
1675 1751
2418 1959
9 2211
19 123
1555 199
2283 1111
1072 234
1876 1623
763 1679
1616 1811
268 1860
515 1075
959 1823
1355 2064
151 30
1964 2119
169 2373
1949 671
803 2080
1165 1205
1904 2135
1970 1185
491 551
72 1009
20 185
1037 2240
694 1360
895 427
580 1052
92 1475
793 530
2347 736
382 1819
1889 1169
738 1179
2128 1105
2317 2401
1245 1547
334 1865
2116 161
1287 499
1339 407
470 1312
699 1411
2425 985
1253 646
1127 1579
768 1622
169 1876
924 1002
1712 2284
962 475
1179 1691
1208 1512
2017 1085
2076 281
1581 989
1146 2305
897 2071
1882 733
450 1456
2069 1340
2330 425
1939 1626
1858 759
2012 2073
1072 2290
1741 2372
1020 2379
2356 2341
468 750
1189 16
728 33
1735 1681
2005 254
498 2374
15 1628
112 2277
772 1377
291 2421
730 1314
1697 2128
2243 1889
1526 7
800 1947
171 223
1710 724
1049 1739
223 1504
6 699
2272 26
1284 2141
1782 867
839 612
2027 2278
684 2193
1152 1709
544 366
2147 217
2350 371
2034 444
1291 2094
144 2165
661 688
98 2429
603 43
1233 2294
2246 1022
243 801
1753 1398
349 708
1836 1777
124 148
2213 763
1983 428
1461 698
1163 2224
1746 950
1407 894
385 959
1153 524
894 1872
1913 298
1190 378
1724 2217
815 1402
502 3
903 1197
2355 2309
1685 188
725 627
2236 907
1265 137
259 796
782 1633
220 2316
1616 854
1160 1268
2193 1180
830 206
1742 755
2160 1958
116 78
1017 1482
1901 463
1121 2314
1290 2370
417 383
1579 1260
2197 872
1156 159
2232 2053
1491 977
396 1266
990 1166
1390 1322
189 1970
706 2119
2185 2029
2005 772
564 2016
1429 1414
1367 1809
700 1288
77 307
246 1338
844 2033
1788 496
2176 2167
747 449
2202 1844
742 1048
2264 2067
2243 1928
1698 603
6 2437
796 1957
751 1879
649 1255
1822 2110
797 2172
1821 20
1569 2331
309 1041
830 2269
298 1826
1839 2239
2034 865
1655 459
1450 1600
1498 1159
68 2346
1665 21
105 877
1660 1606
2112 1721
2220 91
2120 1380
1253 1056
1494 364
987 336
2327 67
2322 1378
1613 938
790 1497
2369 1116
2073 370
59 574
492 154
123 2029
155 1778
30 1643
1770 1846
1791 1351
947 926
573 1401
2260 2244
928 2352
1378 1825
710 1162
1054 1665
2409 781
1051 1727
1167 1312
545 231
1155 233
314 218
210 2294
713 1693
208 1314
1911 744
112 1700
1069 271
393 1616
1453 636
2252 371
1265 863
318 1019
2342 1354
1351 24
2171 344
581 590
674 752
2226 1465
1292 1008
424 285
1644 1568
1181 965
696 584
1072 2081
1706 863
1690 2181
1686 2274
90 579
2026 366
2168 129
1000 953
1984 1353
715 1477
2249 511
35 2044
1748 2015
2127 364
675 709
2166 517
654 16
312 2091
1979 876
1449 798
1357 585
1392 449
751 778
395 1518
1673 2184
188 1844
2369 356
732 1593
1543 2282
2080 1897
1257 1310
48 45
1964 1043
1501 983
673 776
1644 1870
1216 858
1616 2022
1402 1687
2256 1886
2353 1912
1701 508
1825 2359
753 855
2257 2329
654 2372
797 1453
1462 1203
1620 509
1889 65
553 802
2097 2262
177 1672
537 1413
2094 582
2376 256
903 296
1863 1328
148 2374
2405 722
2387 1006
1332 790
2181 1656
1518 374
1058 2389
1741 1692
613 433
1458 1784
1959 1841
2024 1014
1185 2160
296 1138
2404 1243
295 1618
2211 475
661 1025
568 277
1021 2241
861 491
141 1918
2249 1679
69 775
357 2217
1097 459
874 329
50 622
1537 976
827 2338
1050 1532
1540 1883
1029 298
1000 2344
1701 1030
362 739
556 1326
1828 1569
1188 1501
2007 1590
1203 1270
710 1390
976 429
1219 2092
1392 1176
289 390
1979 1133
2387 1320
1398 484
1723 1600
1888 1708
897 2032
1794 988
891 1869
578 906
1141 745
589 534
1324 1776
1873 1526
259 251
2043 1839
580 760
360 2341
0 1941
1030 1753
843 2087
354 804
2157 2100
1200 1619
1505 809
48 1064
685 1934
915 1617
1913 915
399 825
2436 1263
1485 23
1455 1968
1354 1743
413 532
1427 228
1213 1618
187 2341
2090 1571
1480 1025
1348 1466
1126 64
1642 1629
7 1768
444 1958
1071 452
1324 1155
2372 224
169 43
374 513
1118 123
625 2105
1536 1160
963 147
262 439
558 1071
570 764
1968 854
824 759
2149 70
2034 1994
1278 1072
115 1823
423 1133
1898 1571
277 2160
2221 1670
1016 404
602 401
1336 1756
30 2254
2074 1154
2101 215
667 1291
741 364
955 1636
1646 728
1028 761
539 1880
2337 1390
1857 1433
925 15
1579 143
1706 2092
426 225
313 1206
2248 1948
2429 1687
1359 2352
974 87
1904 488
1842 1769
567 281
256 1106
2383 50
453 1833
842 2418
151 2246
800 687
2146 1820
1366 1934
1783 2099
604 1323
1004 824
88 1306
1281 124
59 1141
1511 1291
247 1357
2295 559
833 1928
1295 1192
902 1081
1701 578
225 1260
1288 28
1629 775
1992 1858
2209 1405
1970 161
1954 914
1106 777
334 982
1618 1020
1226 2033
1808 394
1583 1025
2274 874
1182 1412
1198 1379
1425 2345
1565 2378
230 768
2303 2057
1749 1008
9 2159
1338 2373
2149 400
2365 723
934 1275
1324 478
167 1736
511 2294
1865 1410
2064 2250
1875 1354
2223 82
731 1791
306 455
1943 2052
982 2316
605 938
1860 1224
365 871
1740 998
1297 839
657 1219
1933 1420
873 1478
697 1248
2031 1273
1348 2246
1302 1147
2048 1671
114 1362
949 427
902 1693
1963 2089
1872 44
1137 2373
1595 1928
699 2367
2307 772
368 16
889 1056
444 1014
962 1031
1986 1224
437 1282
1236 1299
2073 1916
1430 84
1289 1043
753 1483
641 1569
597 448
1771 417
1972 2228
2297 1541
2170 300
1807 718
1546 86
495 2239
879 2120
738 748
1225 2122
91 177
901 1733
650 1904
1870 371
580 796
1911 77
1156 90
1476 821
2156 959
167 2254
2128 1042
697 2088
726 187
1526 1834
1371 594
1746 2436
2268 1409
410 650
1150 56
2344 2364
1654 149
2337 1428
52 2075
468 2016
44 1049
1167 787
1241 1919
1006 2050
642 2111
694 197
1474 2069
1109 1514
1657 1815
938 571
306 1012
2434 613
1302 477
1518 94
1243 2033
1603 1924
1745 430
1528 626
1751 899
1428 229
1974 1046
1428 1661
2299 921
345 1213
959 1002
1974 1837
1346 1353
1693 2030
826 1730
443 635
456 1587
1559 232
816 571
401 1037
880 1675
544 684
2354 323
244 1451
1299 1973
2028 907
1630 2021
1981 160
1534 2076
1056 800
220 2421
361 2082
1207 1281
1978 918
1848 238
1250 1309
1168 2389
1415 1278
1119 1582
1940 624
1843 2179
76 1337
1735 849
1746 2395
639 2334
234 1724
691 1604
378 408
870 1189
748 2436
707 2194
643 1544
2071 2199
1580 1521
248 1472
464 603
1899 1199
545 246
2007 1586
1617 1430
1520 593
1768 439
1099 1681
1382 2084
1220 1057
2275 1469
2423 1062
1749 1895
2168 2228
437 885
40 1321
299 120
690 780
1981 1494
1999 638
272 1054
500 674
1178 235
2253 611
755 288
1656 215
2077 1092
2151 948
634 1854
1155 1176
833 1254
2330 664
282 1140
2148 84
188 1068
1919 476
1190 1731
2364 2340
1017 1895
1354 588
1784 1013
412 2408
2116 2353
982 578
1167 2247
2260 972
2385 1247
2170 2411
178 125
948 1675
1907 1454
363 1975
1556 2220
953 1731
546 184
942 129
