2560 4000
42 1434
456 674
433 1632
2158 2369
1362 194
1053 616
494 2168
312 914
2156 691
2501 1452
1907 281
526 2457
1271 1319
1481 1756
718 6
350 1196
1572 2020
919 533
370 721
1640 1517
968 566
1907 745
2467 1238
2203 1209
832 1408
1131 896
753 1988
212 322
1717 1684
1464 1946
1134 1935
403 2456
1517 1965
2251 154
2416 376
1597 1263
200 2271
1835 229
407 1671
2127 2113
1658 756
2248 1721
1382 2372
60 631
1671 1319
499 904
2508 480
530 2402
1809 2284
2094 2363
2023 1883
1330 1573
1808 2554
2119 2121
2295 1062
2363 1588
911 1290
384 1051
1578 1144
894 1839
2179 984
134 1134
1134 724
1376 1271
1059 1457
1994 2391
965 2094
1972 1121
1315 37
6 1809
956 2165
1924 2370
641 531
734 1533
2440 1820
2514 1138
2401 529
758 1518
1715 2312
827 453
313 1296
2250 599
876 1372
2312 572
2393 13
399 1908
1115 1288
1806 1220
1420 321
1308 333
1433 1548
432 1170
800 79
165 1834
1850 1965
1920 10
115 1186
851 2219
303 174
522 1447
907 1918
1566 1444
750 2089
1097 1383
2064 1129
744 639
324 763
1046 391
1523 78
1319 1245
1243 1709
985 700
1795 1744
1096 1698
18 1674
1017 698
1621 1486
976 1273
490 1680
229 2227
945 1634
777 2398
2132 2411
1427 1049
1227 425
1684 1997
627 2372
2337 1329
2554 2210
2075 2528
2152 1838
494 442
129 1349
847 1050
918 463
1304 2465
189 2276
734 1890
628 1052
30 1486
1599 1551
1546 598
311 805
867 1320
2242 457
2378 1987
395 2
2437 1766
749 1989
2403 891
2204 1549
10 2346
354 2419
2186 2319
1509 8
1231 145
1505 400
2409 135
2556 1202
565 1760
1414 2273
2018 1678
304 1045
1720 1161
1568 1092
66 329
24 2248
2188 220
447 1494
2409 100
1503 2010
1591 900
164 787
268 1419
765 205
2183 1299
418 625
829 2121
2064 1031
2150 1778
1748 1328
892 1914
850 441
2319 1481
420 2291
1758 1835
878 725
1190 1301
886 1755
1072 162
1219 2508
888 2168
1960 1612
778 904
1659 2431
1188 342
32 1421
1984 2441
2166 1369
1966 1078
983 1804
2485 2463
1847 1645
1526 2291
346 1388
2440 1110
1697 1314
706 1346
1609 1113
1126 246
1548 1262
2211 868
1254 722
2508 1305
1988 2283
374 2302
1957 210
1736 595
1612 260
1891 1870
199 1240
2000 754
1785 307
2043 1137
60 2547
1281 456
2448 2057
1824 795
705 1157
1713 1603
256 558
1239 2213
332 2517
117 1078
1148 117
2158 248
2472 1066
463 1017
1056 982
184 690
274 1145
217 1707
291 2036
92 111
243 304
891 89
1286 1052
2377 643
643 274
2390 568
2227 921
264 391
405 1006
2508 26
1831 2029
1244 983
2141 2205
1591 1462
1411 832
2304 212
2080 2219
168 27
1840 1750
2083 1976
24 2414
285 490
312 2175
2337 271
2305 1314
2154 1892
2182 740
179 1211
200 2360
895 1767
249 2027
140 2155
2075 2105
677 1610
1941 2503
1348 1764
156 2093
1614 1963
761 1178
1573 1498
923 1642
915 1625
297 1085
588 291
2277 778
138 1441
142 1368
1797 1074
1605 2026
1065 1300
273 1955
551 1942
91 1859
1940 1601
2343 1261
2243 1045
1082 1688
1350 1969
532 434
205 1580
239 1085
664 2490
2083 864
1208 2376
1061 384
1078 93
1761 1416
560 1157
727 1946
2175 1965
2358 1138
1798 161
2269 1478
814 2437
1079 1963
391 270
1356 1214
2506 1781
1360 1944
657 1132
637 1968
1439 1564
1745 253
2003 206
1551 1378
936 437
1179 165
1013 958
393 805
1331 1213
639 1341
877 797
697 1204
1423 1293
276 1340
1412 1760
119 1104
1097 1333
2268 2027
655 1711
2405 1457
861 718
952 2121
763 453
295 2125
671 412
1249 437
93 1636
2349 136
108 936
2529 1183
1668 2484
2352 1113
107 1633
772 2306
655 691
2176 2171
2035 2020
2490 771
2114 1272
1187 2218
269 1906
1773 2230
1318 1782
567 548
2097 1596
693 2474
1154 1500
689 113
516 2266
1962 1456
334 380
66 598
2353 23
960 126
955 692
2423 1265
1053 1511
1830 257
1696 1397
1604 90
2109 1783
237 144
19 492
212 476
2213 1075
1988 438
1704 1796
411 168
1020 1315
1437 161
673 1808
2181 176
344 1458
1662 1347
386 241
1292 1656
1977 750
1360 1267
1591 2085
1660 21
42 1738
39 1013
204 1842
2 94
1048 1695
367 1585
2152 430
1609 893
1278 795
1538 1252
1918 1926
2084 2497
2496 2385
792 2505
1437 748
34 1810
2065 1136
501 2426
2386 753
667 1265
2039 2064
300 2463
1418 255
2512 1875
1484 2001
2486 213
1333 2423
167 2028
2062 1035
754 2055
1017 859
2000 1431
836 1676
143 1321
1489 2143
2470 1686
2555 1019
210 984
250 1053
3 2473
1173 594
119 863
1788 1182
1194 1882
24 484
869 395
2374 2545
1663 1322
1789 1069
2109 40
2463 2041
555 2355
2301 676
1888 1429
1595 792
1525 1976
3 1303
2326 1545
280 469
2531 1624
1370 921
459 2012
2002 792
1260 1509
2551 1184
2047 2351
789 220
1896 326
2494 2542
1699 995
1347 782
369 220
2145 1571
2076 1989
2509 1089
288 188
2547 1247
1904 1151
1671 1297
1943 2326
1307 2085
454 1829
1037 1397
1954 295
691 855
117 1644
2042 805
613 923
1850 377
2475 2280
88 119
782 470
1522 990
1977 1821
1555 2144
1950 665
1081 800
1238 2130
2143 116
2061 1387
1222 2533
2494 1592
811 2541
1760 1063
2024 1218
1910 1416
1080 2242
1695 1362
1337 1335
58 580
340 51
2315 1079
206 2264
2144 1203
35 1944
1847 67
667 2550
454 1289
1742 16
2085 2508
2530 1073
732 704
1474 2354
1334 1682
846 1481
1134 1929
1375 2315
1828 426
460 1408
928 1066
1291 579
2 1557
1030 1888
812 1832
2409 1048
1763 411
1185 234
556 2116
606 1233
267 131
1451 2558
1865 1517
126 1733
809 1066
2294 517
406 1185
1013 659
1456 2369
2520 1098
1257 2265
2474 989
490 2004
329 1575
303 1560
936 1119
1017 54
733 540
1821 2138
915 303
321 1508
810 2103
1664 1058
889 2292
1264 652
1448 2182
2535 1365
745 1019
1487 381
929 704
1848 2157
1805 2139
438 1459
1226 309
1255 24
617 506
1095 1200
147 2287
224 2191
2229 393
1670 1555
741 1082
1220 809
345 2185
255 2433
2280 2525
1962 2385
2372 1822
2292 645
527 1204
2008 2190
2114 1947
2289 96
2195 284
394 1777
2169 42
1960 544
408 2541
2293 1548
1581 954
475 2305
113 1403
479 190
1137 732
2036 283
505 117
987 713
291 2499
485 1980
1189 1066
1729 591
1583 1310
1029 2098
731 209
1695 841
1297 2011
948 3
2391 613
583 1245
1778 677
2381 1398
1523 479
554 1467
1920 1295
2243 1919
1455 1122
1402 272
1270 1485
1130 1109
1315 443
2298 1788
807 570
411 1050
984 317
2289 2473
1378 160
205 1638
2545 1038
2044 1642
106 1533
231 815
2410 860
1308 28
2220 865
2314 2391
555 1610
2281 1555
142 96
2187 160
858 1522
1080 1969
684 2519
593 2293
1100 1995
1731 1508
1897 307
1708 2188
104 839
1925 1869
494 722
1283 1544
1340 595
1011 182
361 1844
2188 2368
1703 2327
37 1724
341 882
1837 2366
1561 1908
2199 2085
1423 2236
712 1772
1461 2022
2059 1486
1517 1967
1989 602
1303 165
1766 1929
922 2107
1822 2415
1422 1099
250 1039
2257 2127
108 1331
498 975
1874 716
533 847
412 101
515 343
1646 2170
1791 1068
1758 828
156 1632
1917 407
1689 1746
203 2073
1874 1873
1886 968
2158 2138
325 24
2164 2315
1945 677
1123 585
648 265
1682 1641
1433 619
462 810
605 1808
1123 2485
2333 1597
1525 355
2437 134
2555 2294
1735 1811
1215 2559
2402 800
1294 1173
477 1552
1138 2056
39 1231
2424 646
1737 1475
84 2552
1713 1416
723 2262
552 1999
2541 2221
954 1147
381 353
1216 1781
2493 638
815 1090
186 730
2404 2471
389 433
1094 823
1261 2445
33 472
426 1309
1460 832
1454 256
220 1932
720 831
1488 178
1397 1454
690 1529
1965 829
1736 484
2001 239
2131 532
862 1988
1458 1611
1907 795
771 1012
1110 828
1431 1428
1491 537
2446 743
1547 1515
450 582
64 205
249 2065
1006 1511
263 1639
2145 2299
2517 2380
2156 2500
2358 2549
571 1291
1910 534
1337 291
1116 1572
2158 431
2076 182
2360 591
137 1968
271 233
1455 1638
1255 2269
1631 1393
647 2479
2196 657
1918 653
1637 1347
789 2075
623 1048
603 693
660 2140
2534 494
2276 168
2351 287
2395 2280
244 630
1782 144
1405 884
194 2511
809 1958
2295 1583
2187 1530
2260 2052
747 492
1648 472
999 626
2427 1632
2121 1407
1039 1554
1248 2123
2187 1942
1398 256
2253 2492
1204 2405
604 1323
2252 1395
1110 204
1846 702
1955 1861
1100 2317
1545 1625
1710 1799
2438 204
156 2387
2239 1123
1225 943
1274 985
720 980
530 506
1049 922
371 1212
824 1724
2039 2265
22 982
1384 1221
1521 1274
1324 2330
2424 666
1544 1143
630 1701
2058 2261
1246 906
2009 2234
452 1538
1477 1041
30 230
753 2552
2453 2225
1444 1269
1520 1912
1534 1129
2346 957
2175 1696
2289 840
1472 383
1685 753
656 2249
1963 1669
1825 1273
1820 2495
1248 2201
2214 1635
1097 1672
2289 2158
2513 2210
1657 233
2346 360
650 1151
717 592
1569 877
263 496
449 1675
2231 717
2248 578
802 2397
2457 138
226 1736
2413 642
2177 1190
1989 952
1595 1482
1710 1069
2308 2046
1101 1748
1465 2065
1394 809
2399 1152
330 360
1849 540
1317 131
181 2445
648 1764
1558 1073
382 969
2289 744
2526 957
883 1971
1709 474
332 2060
484 299
440 1843
438 2277
404 50
528 598
1757 2325
2178 634
2110 429
328 767
1371 1980
2351 1381
2331 1317
905 2172
1180 132
1413 2232
978 478
2558 1697
1531 2518
1252 1443
2525 1250
875 44
1111 463
1200 2068
146 1350
1817 2030
2267 2041
2145 755
590 2318
978 287
2503 648
602 1650
1443 198
2089 1305
1579 2369
1387 32
1319 1111
1675 2316
758 1431
604 899
1109 1789
358 387
593 1421
2355 2150
1990 743
2083 2024
284 568
208 289
87 1140
967 1854
633 2241
1496 683
2419 877
2474 166
1832 926
679 1541
447 1068
2086 184
573 1601
757 2028
2459 1368
1680 2111
2367 487
2267 905
1803 1887
1996 2082
77 2409
674 1813
427 963
416 1189
1265 206
494 269
972 2544
1165 786
633 154
464 183
559 2173
898 328
1830 1687
2284 1051
788 2148
1609 1674
2014 281
1679 1221
1148 344
1922 2551
464 2002
1482 2077
391 1452
1007 1387
418 840
1263 1605
66 557
1591 2393
2241 988
188 1524
378 299
872 732
159 394
1375 1378
2480 1619
271 1385
44 1389
1702 1019
669 352
1131 2172
2535 1242
2350 1013
1093 1957
200 2143
1930 1418
1302 1627
61 1721
949 787
2020 1052
45 916
1015 1283
1870 741
2475 889
2257 2065
524 2357
111 1426
2481 2200
2382 2288
2422 100
1575 2117
1343 1732
1620 1897
1034 47
787 439
13 549
1053 1292
800 1405
1466 1185
2394 935
250 2273
594 191
142 1754
799 2536
307 1143
1256 730
163 526
1012 693
838 2409
33 716
2184 1184
1387 2272
1685 2221
1516 1575
1410 2411
1278 1405
258 1069
1091 555
1890 930
1985 695
1160 1823
2502 885
318 992
72 354
2336 444
2423 2020
712 1867
237 186
264 2367
2274 1068
2088 1364
1469 1670
636 798
1795 1168
687 1243
1940 2131
897 1342
36 943
935 1087
1016 1978
1974 2108
2315 2453
227 304
1081 1193
199 293
861 80
2222 1569
1199 1508
1128 1895
1036 1061
745 201
248 468
330 1524
193 357
1684 1318
403 930
373 481
1163 77
2147 1645
832 2319
2022 881
816 972
1087 1133
1759 143
1058 2371
699 2361
429 191
1252 2186
241 2070
1498 1484
1316 620
2377 2056
1315 1756
1029 1950
277 1487
775 1536
1957 96
1849 1914
1332 1625
955 574
617 1028
2129 2125
2196 1524
355 1880
1956 1974
1629 271
1397 158
40 2441
1792 2523
1070 2494
577 1543
2461 1658
2426 2470
642 1246
625 1980
683 1543
2454 216
1429 1515
1609 2270
1949 1044
2135 91
127 760
605 1617
1316 1479
1244 2478
1038 1935
67 2440
291 2329
2166 1637
1241 280
2073 453
2478 289
2119 910
600 499
1130 1719
2145 2223
1641 188
2017 970
2086 65
1849 94
650 1113
2341 1729
1808 660
328 1600
293 2526
641 1669
397 2501
1878 83
988 1385
2166 2043
722 1068
1613 2318
301 1712
961 1201
1250 878
794 1446
2496 222
2413 1420
1623 463
209 1423
1399 1674
1507 1138
516 935
320 1540
2073 1071
2487 364
1580 2045
1585 2430
2298 1564
729 12
1082 119
1860 574
570 532
2503 2050
226 838
584 2007
1840 1302
752 278
973 1958
1110 2488
1375 1638
5 1445
1986 2524
2132 317
2558 904
197 1738
315 2544
387 305
299 2411
2069 626
542 2182
778 747
759 1148
1668 1524
1471 1916
1325 197
1034 1914
495 585
1485 2100
1836 1468
732 813
1078 1085
1743 1612
1590 1810
1709 1174
1198 1534
1781 2286
2095 780
926 791
2403 1405
2412 374
2324 2074
643 1748
1667 880
1163 1658
1544 995
2440 1020
682 1188
607 582
2172 1569
49 2320
1866 298
2520 1149
1428 2221
1455 142
1806 1145
2138 1338
1055 1580
2249 1997
2143 1843
2493 186
1785 335
1212 1821
913 1477
61 2398
17 2095
263 693
2451 417
1067 1223
2200 1465
974 1554
425 547
2320 2283
1293 1873
2151 2399
687 2427
1594 1681
2241 474
1601 1821
1242 216
328 300
1046 1619
2067 598
259 1946
1940 211
1774 96
2478 790
2514 1027
2190 2154
564 691
2138 721
688 1645
2108 37
133 1379
894 67
2248 1436
917 294
836 1841
1591 1998
1409 513
578 1135
302 2362
327 2188
705 514
416 460
2001 142
774 2321
1414 1446
1134 1360
2066 1557
1231 1682
601 375
2261 540
476 1386
50 1559
164 2383
363 485
1075 124
1768 1068
114 1247
961 214
1636 1021
1523 1401
278 2061
1418 1584
1696 1055
339 735
2307 2042
1368 1062
879 663
2347 682
551 1246
2011 1882
316 151
1879 23
2056 812
189 2260
2024 2129
1980 1100
418 2102
465 2529
320 1179
134 1670
795 1246
1269 507
1766 1294
2435 1646
1019 82
1958 2533
158 1003
1266 903
1752 2369
1067 1332
776 1031
2358 39
987 1211
28 1751
409 2
1196 397
1923 2070
2138 1942
2306 554
344 2020
1028 2083
47 1035
969 300
624 491
2246 1176
604 1967
114 278
358 727
1060 2337
879 2014
2025 1001
1136 185
806 1874
1882 2497
2330 1078
2228 1933
1482 2489
2036 1394
907 440
1666 2534
1431 2553
1055 2476
602 588
684 2232
384 2170
2140 1820
66 109
1393 1300
1422 713
2489 501
899 1305
701 1397
1161 1629
993 1708
190 594
2139 2039
1018 1905
1994 746
1794 543
1227 648
2353 424
503 1921
1568 1314
1493 1172
2489 245
231 138
657 938
559 2011
1918 346
1905 198
2000 2507
1658 1669
1779 862
535 1897
1998 308
2002 796
1125 93
489 1622
510 2465
2191 2261
2522 1718
1675 813
573 1523
1297 2253
1401 1994
1187 2186
1767 132
891 629
872 1346
1833 611
1023 110
1007 560
1228 1644
2440 928
627 121
1851 484
2523 1392
769 136
2394 332
733 1855
2317 1435
2327 1940
666 2480
1588 2510
1404 2314
16 696
807 432
1503 1460
626 1231
1636 2173
713 107
874 427
64 649
28 1754
2354 1567
429 2296
1503 731
2049 2318
1530 2163
341 727
1516 2165
1149 2307
309 1298
1098 2097
2127 821
1295 395
1111 2035
1986 1259
194 1142
295 814
318 804
922 656
614 1758
2514 1839
1024 993
1849 1895
1622 1145
709 2512
2123 736
79 99
1369 2292
207 875
158 1520
944 883
701 476
1326 986
1606 1311
684 557
454 1037
1860 232
568 368
553 207
1883 1034
1810 631
645 719
379 1271
2351 2507
718 1243
36 2031
1061 1903
2185 1397
1502 925
1450 544
752 1559
1560 1427
601 1365
1461 2220
1950 1471
2335 2538
150 1198
1302 2128
430 2238
306 65
1332 2299
868 1218
1985 1294
2479 1861
650 220
269 1991
2475 628
1066 102
1063 1128
465 274
95 1091
2393 1818
1595 92
1823 616
608 1771
1572 267
1705 99
1694 428
2362 998
1317 1784
2277 942
199 143
2097 212
2125 593
1143 531
1069 2407
907 1000
30 421
872 88
1665 246
2415 1226
829 211
418 326
295 1619
432 386
580 2489
815 30
768 1593
1241 94
1669 1696
1035 2011
1052 2298
1817 1509
1706 2019
2308 829
1652 1190
2254 2396
385 2181
357 351
960 465
1217 1318
999 2038
630 1823
2424 659
1478 1457
2099 988
1108 2364
2159 958
1304 589
544 1285
495 200
1931 911
2275 994
822 642
1017 2074
1618 1137
478 698
45 2322
20 1126
1887 70
1116 713
22 2319
2054 2161
698 1378
508 1094
2380 812
1214 218
1320 2438
2215 2319
642 1519
1332 2016
818 538
1614 856
1511 1620
1137 762
1093 106
1076 650
1980 110
1291 1161
2388 1863
1861 730
1916 2019
1221 765
2330 1590
413 358
39 2500
2378 1074
1945 2371
516 1064
342 2129
640 2555
759 64
1797 513
482 1276
2389 2191
523 867
1947 2228
728 12
1359 1072
775 2305
810 2037
2389 2390
373 2348
1085 1667
1454 632
1734 262
1606 753
976 612
218 1631
986 514
1289 145
2110 669
704 153
1223 469
744 781
2002 393
1119 960
2206 1256
977 1110
1424 933
2326 2012
981 812
1389 2016
2296 396
695 1867
670 2329
155 1881
733 417
1963 2053
1089 2104
565 1997
501 1659
42 1630
90 109
183 1912
18 2446
794 533
2315 898
889 2010
2535 1823
894 432
2052 1843
2019 2460
2175 2478
2356 1226
481 1661
676 823
1179 1046
164 1752
1768 560
1498 775
1471 1009
2160 1827
2472 1900
2202 1053
472 1492
1138 1
326 1971
1790 1943
2083 1376
2278 1230
2500 366
1631 798
913 473
2528 2352
801 1304
794 2213
554 769
1750 1913
2178 1043
1873 1244
942 529
2097 1921
2021 1328
2462 2490
400 2402
1432 1085
1974 503
2308 1012
584 199
483 875
2112 1949
1761 1168
1644 86
210 1094
340 94
586 1008
1899 1022
447 173
2444 579
2382 1354
1674 1196
2441 2346
2400 2381
1686 1498
1091 747
1405 999
1942 835
510 634
500 1315
1907 1763
2076 2499
285 1554
2348 1796
1312 516
2132 865
682 615
2252 2076
497 916
1553 780
824 892
994 755
279 1259
1867 238
1757 74
959 2429
2047 113
2135 2293
1728 2526
2233 1413
1547 2192
454 1427
624 335
1330 1275
1034 1237
1420 670
924 1287
954 894
1205 1892
1922 1394
533 1497
1053 2424
1446 1935
1069 1508
851 1731
1457 212
2380 1293
2010 1681
1969 2006
593 1032
1326 532
2388 2335
154 1942
363 252
2391 1087
949 1480
1047 1789
1324 1817
2095 272
1547 1239
1845 1748
823 950
1094 1073
1488 1471
947 86
2092 633
268 644
213 50
2287 1222
2469 1855
256 630
1759 2486
870 541
1577 2269
115 889
1372 1224
941 923
1469 1796
2346 2112
2043 597
2453 832
1523 1212
1205 1343
1818 67
1944 515
1758 690
1861 794
260 1385
560 56
842 585
572 2538
1666 467
1917 1283
250 30
1368 1593
1379 2542
2244 1181
1147 596
2214 1552
2045 1977
996 56
2170 2144
1248 1178
1016 2406
401 163
2286 1041
1002 2138
2143 1013
441 2336
484 1038
1896 254
391 1866
2006 1244
2040 533
2212 955
2058 452
925 2085
1625 440
1791 2235
1829 160
1923 954
1513 402
2286 705
1447 799
1939 673
1726 494
1933 2062
59 645
1007 253
209 2552
2005 2378
1475 199
2346 257
0 1603
555 937
526 1346
1851 267
1741 1156
1905 2316
711 1342
674 242
693 2553
762 509
1515 1945
345 2485
1892 1784
2383 969
1258 1924
1406 2303
867 975
1740 234
1874 783
65 199
2088 548
2082 1349
1937 1647
1131 955
2446 540
491 2082
2419 1944
2359 709
1248 1681
756 1862
1232 223
918 1407
1782 875
1640 931
351 651
947 1793
488 529
1971 418
1521 1145
255 1214
2218 1516
2126 2386
781 1202
690 1223
1116 1936
25 876
317 163
2516 652
2149 689
72 2426
1816 1657
2280 449
840 108
1184 2191
1288 690
1603 2524
831 1766
1538 2159
60 1052
738 1106
1041 25
701 317
2292 2548
988 267
873 1903
1819 283
1151 1692
2078 1408
1703 707
281 379
2381 874
376 2054
570 415
2173 592
1478 1924
2369 674
2279 2267
325 2320
2120 375
723 2122
1071 2556
1778 1784
357 4
1578 2036
1970 961
2490 1375
65 769
1804 1214
1423 610
1526 229
2312 997
1692 422
298 2493
818 1963
594 2339
1977 1140
2436 96
2211 620
143 2416
272 748
2391 1039
1708 2495
2174 779
705 1657
576 224
1412 2262
154 2149
1560 2083
598 969
1858 946
696 1665
252 523
2531 1315
2539 2549
2313 1164
1890 1668
328 2477
1134 1092
2265 2395
592 2546
1346 1823
1259 2465
604 1279
1238 412
817 1888
1727 2538
920 623
875 2396
152 50
2517 152
917 2312
1707 738
1757 2397
1726 544
770 1136
1034 1913
1994 856
1158 610
1363 510
331 762
1707 1095
2330 2056
1056 851
1456 2411
915 1300
1023 2401
543 2292
775 2368
1064 253
827 2416
437 1314
967 1427
1578 527
1611 1507
1391 147
2163 1299
2459 630
2343 1413
792 2384
488 2379
1837 1867
72 2019
1277 2322
1197 1521
1954 565
2291 2190
2147 1120
2119 594
1920 320
1030 1355
1003 500
2263 2284
670 1248
1609 533
1516 415
232 1108
2258 267
1877 2255
400 1371
2282 541
2255 1516
561 196
1069 210
1309 2374
2301 1522
2132 1125
2539 1254
1850 875
527 1390
406 68
1948 1883
1486 1071
982 2299
1870 2249
2305 1933
623 399
2134 1084
1889 2420
1604 2544
1692 89
15 1219
1194 131
691 419
1016 927
1790 1269
2072 1636
191 1058
931 2020
61 1445
128 2330
1248 575
1890 942
2436 1910
1683 1070
2208 1410
1862 1676
121 2239
1675 327
764 268
668 1797
689 1931
89 184
894 2252
1173 1704
1955 741
1079 180
1088 23
1581 549
2124 1194
2033 823
1833 2210
64 524
50 1072
969 386
360 154
190 1934
2536 2125
1714 618
2484 1193
1636 2227
558 1958
1759 797
2110 1111
1565 66
998 273
145 716
2510 971
2020 311
1240 602
491 2009
1434 1784
2458 2184
2464 1898
928 2265
5 2547
996 199
1875 1623
1010 525
491 1597
220 363
742 1661
1970 2527
483 2363
1391 925
20 1502
629 2111
699 1856
495 896
2137 490
1376 1138
623 2245
821 664
761 1937
1427 1976
1279 2165
1527 2456
783 1596
1455 94
258 923
998 2536
1034 2350
742 2003
2412 940
151 1330
361 134
692 234
958 601
1170 991
1596 966
707 37
1303 2098
418 1890
690 102
466 2495
1745 1524
846 2516
1548 1047
1567 1005
1664 2108
736 1847
2040 641
1153 2442
2190 1930
1750 703
444 2400
1920 475
1761 817
1588 838
115 1446
885 868
697 1892
1908 1134
170 2262
2163 1893
973 602
1251 1587
2002 2220
633 911
1931 2000
838 201
1926 997
2306 2009
1487 745
976 1880
2039 1504
571 62
1040 2270
2229 2199
2386 1358
1534 972
2003 389
1625 431
1617 1382
1407 457
299 2018
1014 1455
1344 2513
1668 976
538 550
576 2297
1243 1138
2266 1959
234 2430
2425 2177
610 1093
140 1523
1980 803
1033 193
1915 509
650 1763
1875 506
1782 2041
2473 651
2074 2522
776 511
1075 861
1198 1266
1527 1894
975 2297
943 201
1226 1998
1204 1106
432 2287
1994 324
1496 448
1506 1147
1484 1413
2177 1534
1076 98
717 1840
761 1889
615 484
2091 153
764 1398
1022 243
676 387
65 638
2002 1244
2038 929
2461 1374
196 1955
768 2411
874 877
1199 2356
1990 1544
890 373
2107 1016
2239 1622
1776 2401
1379 1046
891 1301
872 1775
416 6
2354 636
2304 1707
1105 1285
2145 460
2033 1447
354 1353
593 155
2338 2233
2216 1971
2206 1860
1909 889
745 934
8 79
80 492
1171 1845
1690 2209
2115 1812
2187 2387
2327 1146
1969 248
165 39
411 393
1166 1292
2251 38
263 2498
1047 1190
1311 933
2299 399
924 299
2493 2556
2081 1856
2511 987
2331 1507
1811 376
1433 1258
1346 2239
1220 624
1181 524
802 915
642 1990
2063 1256
470 2261
2054 938
2494 1489
2548 1895
1742 2401
388 1779
1873 1470
597 424
269 2431
523 1969
1052 496
755 801
2491 1776
18 663
2540 2521
216 869
1245 67
255 1911
1900 2306
971 1642
32 1357
2315 575
1260 2118
1929 5
1913 1803
774 2467
1125 982
2188 463
1576 66
368 752
645 1585
1464 1051
1419 1557
178 1534
187 2347
568 1244
1575 2522
185 1173
1575 1447
1969 958
1490 975
1638 2093
666 1403
684 513
1417 2149
1409 1852
735 2212
420 1194
1009 1170
2547 1703
1369 1145
658 1940
545 2348
1901 1752
161 449
774 1194
983 262
1398 1953
517 2216
1627 2477
1889 711
2303 1592
1871 2133
740 1433
1756 1328
78 1549
871 983
239 2018
670 1855
1231 1226
137 1434
1994 839
1299 1842
351 96
2530 2260
1799 1464
632 269
1883 224
950 1939
1281 1325
125 2037
903 1962
1631 1914
1286 67
386 1512
1825 684
399 905
829 1502
1565 1018
328 545
344 837
198 188
812 1096
1135 1621
1708 311
266 986
1040 995
518 533
267 2174
365 1822
1268 8
383 418
1203 1248
98 656
1030 2392
405 2137
2088 56
169 840
1546 1852
1266 572
952 2248
67 1849
2547 1714
425 2446
509 1844
1915 2018
1765 625
121 1448
1581 171
705 1433
1562 403
2137 5
627 1785
548 979
426 585
853 1265
961 1256
2550 1658
2119 2284
184 1098
2478 2472
1297 686
2406 1199
842 1250
2095 1558
2209 424
7 1874
1414 1416
2058 721
2074 711
1743 805
1359 2087
789 567
1165 518
1680 1362
2483 299
1168 1414
1135 1886
1384 2092
1237 2115
551 2313
223 1705
1238 2403
112 2028
1846 455
641 95
1819 1539
470 653
1460 147
2152 20
1512 2331
1986 1478
1369 1557
2315 2269
2143 1138
1158 2084
1397 99
1256 189
915 145
1862 1707
2055 2442
1028 320
2320 212
1936 1165
583 2387
1078 739
1604 2517
662 1195
2254 71
1517 1916
851 1061
324 355
596 1205
1938 2477
207 1959
510 31
487 2104
910 406
1380 2277
2074 1134
133 2518
591 280
2146 2340
2287 371
613 619
85 509
1867 1276
58 1515
887 1509
1916 911
2525 1404
1166 722
7 1787
1639 1955
878 512
2368 388
1862 1709
1972 755
1911 911
2265 846
386 2122
286 2537
1460 2222
1163 2267
1136 508
473 242
587 1733
64 817
2228 931
1470 1757
557 2446
913 1826
1426 1616
1796 2247
2181 161
2205 588
1666 2283
91 1823
1361 749
175 109
1973 378
1717 2259
860 1884
1023 184
2471 683
1008 832
175 978
901 691
1481 2427
1501 1710
2551 1561
1744 1515
570 2208
1798 424
233 2549
527 246
1270 569
195 988
915 1628
2030 1393
593 625
668 1955
2171 37
843 1647
1364 1761
1476 1407
1947 507
2390 1207
1870 1301
1225 1708
290 2099
470 490
307 1593
1413 2435
62 2083
1542 1803
523 1175
744 2135
932 627
1432 1488
2410 2190
197 648
1494 1035
1337 776
164 339
128 1650
2345 2149
644 1744
92 2362
1776 899
1124 2166
1138 262
2516 280
1550 453
254 1550
688 1964
421 959
387 150
2390 356
264 1724
1030 127
113 657
1320 69
914 1469
2505 2056
288 471
1957 637
517 2231
7 1558
118 1568
2281 1816
992 345
1659 915
1724 1060
1727 2523
366 1270
560 154
1358 731
2345 1373
426 1922
2410 1034
1819 2451
1392 167
2072 2320
1896 1119
875 2020
2237 2061
675 1176
2547 1086
2137 519
1951 1270
972 2416
2445 1841
262 2518
1621 1634
1 1773
2092 1076
2433 1325
2288 467
390 547
721 2156
1846 805
1598 959
2083 457
570 1608
55 204
1345 1224
259 1441
367 1439
2239 989
1963 2061
2419 1970
30 1071
1631 200
1405 832
2353 1842
862 1036
489 2499
468 860
1304 2350
584 607
361 786
552 491
918 647
1402 69
214 1331
1334 1975
660 252
2036 760
689 2529
1278 17
2549 534
831 997
1143 2066
718 1421
1330 2236
1510 2362
713 2443
1728 1224
658 1945
425 2076
1098 1031
1690 1582
83 197
2327 2127
1940 963
1553 2038
1077 2035
1928 1154
191 1089
686 731
2151 168
1591 1803
364 836
920 27
1181 744
952 1010
618 1076
663 2436
1687 134
1759 647
529 2209
473 1728
1361 2390
2269 2228
2456 1426
226 478
385 1573
2552 653
677 1439
485 1203
2249 1955
2228 908
1002 2537
1339 2150
678 697
252 876
1206 1144
822 2162
517 1361
1905 2384
2073 135
1348 1012
334 566
2061 363
2 518
1169 1371
254 1569
1091 1148
152 303
1620 566
1830 1340
282 438
1351 1247
68 272
2167 236
2541 1680
827 2104
158 491
1143 2379
1096 857
93 1141
2258 189
343 2392
643 144
1940 1678
1175 236
1834 370
1194 776
531 1576
297 243
257 844
2439 136
2081 2311
913 736
2058 818
745 1644
229 1079
1113 1446
2178 1455
799 333
1714 1401
747 2208
414 966
2264 1576
678 2447
900 1694
2382 407
1722 2323
1239 1480
1009 1057
1738 2325
1565 2418
2490 1328
127 85
576 2352
1991 1775
1291 2268
855 1701
1541 2364
479 1184
1475 344
1467 1339
771 1568
1621 416
826 729
1785 22
1097 2504
1372 2447
597 2309
62 762
1924 1169
1709 1911
1218 2194
1555 976
326 672
2401 1501
2010 1922
2350 1490
1757 1777
1588 76
978 1141
1621 1153
1529 561
2214 1874
2420 941
1871 439
1755 2425
552 373
890 1880
1775 1971
734 1274
385 1933
2517 1147
1644 1565
376 2228
737 2331
991 2218
0 1699
1078 1779
430 1848
971 239
2509 1844
817 2087
655 1969
1442 1409
314 1567
293 1071
2390 2432
1853 1714
2290 2069
298 1966
2010 1214
2434 1706
1942 1618
2397 498
1071 851
361 507
1507 1170
212 2178
935 1041
1932 1403
953 1616
621 2541
510 92
2094 298
1883 351
1102 1670
614 1936
693 1392
1555 1645
422 681
1890 1053
2316 859
521 570
1111 2002
2237 166
1909 37
542 2379
2485 1175
1672 1850
1028 2429
888 2235
1468 2557
417 1887
1255 1770
926 1181
710 2108
151 469
1111 881
610 907
2541 173
1347 938
1014 1534
342 2377
1415 1811
73 1848
1470 418
102 379
2452 835
1217 2360
75 2129
1332 2330
970 2020
883 879
883 339
1859 440
2461 2349
1999 844
2254 2247
1837 616
452 1292
517 2241
562 461
717 1320
2472 2079
579 456
853 1696
2462 1551
1563 370
2134 1218
519 2122
1112 637
1581 620
2222 1225
2507 657
2196 315
2412 2486
743 2098
2231 500
2263 1743
364 545
960 1700
2097 608
493 2548
2037 2410
1012 2373
1928 453
624 10
839 197
2027 336
1579 1592
1561 90
136 2393
1204 1328
2200 2345
1812 1713
904 358
1316 1686
2353 1550
1840 2338
649 934
1037 1631
483 701
1696 1476
1477 1533
1236 344
110 915
2024 1005
1668 444
2250 2171
1315 807
2314 65
786 280
2273 694
1867 1177
2447 64
742 1207
892 178
1270 481
1768 216
289 330
750 1949
1069 2192
1972 426
845 104
1977 13
1095 1248
1527 1541
963 2547
1630 2149
1317 1514
1609 312
172 1541
1784 1452
1970 609
1853 935
102 1200
1669 857
2342 2001
1248 1972
2182 1656
43 1036
1072 1036
1330 65
2534 1172
2182 1672
953 1286
257 1275
1209 2505
2483 535
148 2009
928 373
1302 2434
487 8
1246 1956
837 268
1650 838
951 1438
193 2041
474 957
1875 441
660 2473
2080 2451
1106 2381
445 2184
1174 798
2415 456
811 1386
1142 1324
1253 559
706 132
960 1900
1557 1390
1463 439
2255 205
1841 951
1410 601
1676 1210
1867 2312
897 1648
2501 2358
1571 1724
2309 648
2187 5
1958 1228
2134 83
605 1421
516 2519
100 1292
1617 658
1967 2327
157 2278
1469 667
2066 654
502 1122
378 2518
1178 433
224 1579
1859 1506
1255 324
195 515
2084 2504
178 1571
1147 2143
529 854
2372 589
1332 2155
634 1954
2333 588
2405 1488
2554 1782
2299 1330
1430 2317
748 1142
2486 490
443 1999
1740 1960
190 1426
1038 1392
1476 1906
1006 40
1538 2485
464 1580
1142 1355
1492 127
1471 795
1469 1927
370 97
1261 1685
1347 2123
868 233
1179 1089
1586 1825
2175 1972
778 739
579 111
2013 251
623 1157
733 683
1387 419
2002 1384
764 760
180 1774
1925 2451
2319 865
16 1894
2134 999
2174 680
2545 1370
1100 968
1856 2108
1175 1293
2344 2204
2450 342
2354 1064
2367 269
2496 2236
1959 1160
2099 1181
1683 353
58 917
504 754
1909 2149
2483 2245
1647 2479
233 901
2407 2557
761 983
2297 223
2318 860
408 270
630 267
1486 2346
995 1053
557 2484
1610 1778
1375 873
1219 2342
488 1428
946 1824
2135 2257
2328 1460
1316 373
335 1289
332 210
1989 2452
2373 798
882 1491
910 977
895 754
1040 1669
1026 1565
1465 1989
860 1497
2196 1662
2386 1239
2041 2024
449 2012
482 2363
1804 2176
2318 2353
2265 1013
879 627
1552 1682
2157 1106
19 1291
2231 912
932 990
1473 69
599 108
1804 837
95 1258
125 536
1108 61
2174 712
1136 866
1608 2519
2142 2477
266 1155
1652 945
964 878
2463 1364
96 756
249 2283
643 1954
2214 232
1876 795
2282 1033
1312 1608
2390 1838
2445 1301
994 2501
1259 1004
1520 569
1582 237
1682 1401
536 646
2068 19
1719 2531
1996 715
289 690
877 1577
667 2516
1297 1109
2033 291
2354 2128
1154 30
354 2278
943 1769
453 480
1056 2042
290 884
48 446
1493 1127
2305 2434
1577 1762
1301 1767
2306 1077
183 1226
2307 830
664 1113
2482 2546
2285 1283
2097 1055
1119 1816
1330 1647
335 2101
1029 923
1086 1831
1084 1801
219 971
1243 2169
1415 2220
146 220
1889 1527
2297 1316
611 1310
1528 2051
956 1703
1892 1709
1939 560
553 1060
1803 1185
269 1320
1815 779
832 2074
1195 2285
1009 55
913 2177
524 323
1980 2270
982 1244
1026 697
609 2433
1970 726
1054 906
1745 1543
1086 1006
804 1935
130 920
1526 1777
1229 365
199 1855
1456 1878
2357 1163
2142 1547
92 1157
2266 1867
2143 2459
1187 2432
1715 1151
737 853
2296 1527
283 130
660 1077
1392 2174
657 1646
562 1103
142 324
1946 2201
442 1074
1262 775
1183 1574
2259 2042
901 1767
1411 185
270 295
2111 1575
151 2343
1646 2123
1120 708
208 90
1769 629
855 490
700 549
391 1702
1322 466
986 240
143 953
303 513
1946 2401
1906 2316
881 1665
883 833
1282 1615
2148 2195
876 619
478 1414
1174 1692
1613 1563
425 38
2224 1228
2357 51
1402 31
812 258
2138 815
248 140
800 1762
1495 1324
784 563
2103 1456
2044 2256
696 2459
1525 135
2191 851
2249 1266
2031 1056
1062 2260
252 1244
1559 945
39 1268
375 464
390 1290
272 1193
2357 2140
538 1920
200 1404
139 1436
1846 647
2314 1037
2546 380
223 1327
894 2041
2426 1909
1679 933
1901 1855
766 620
680 1657
1797 1934
83 576
2290 100
519 2194
474 126
1983 729
692 927
657 2374
1155 2019
2043 2212
2430 916
1708 680
534 18
1529 1796
939 2017
1397 1834
2181 204
2171 897
862 1382
1181 880
2553 1982
952 455
1272 1596
1796 324
273 1382
1872 1595
853 1325
2040 1592
1646 557
1303 485
532 1508
885 2087
548 1803
606 676
2265 1197
1100 1947
1039 592
1283 332
2091 1369
448 1189
778 303
1100 1305
282 1326
1215 84
1844 277
2299 705
1608 1146
1178 34
1922 2432
2012 1533
193 1982
235 2009
1346 796
2025 1950
611 1428
1095 2250
1914 1008
1557 628
2466 2401
1551 730
2474 1972
158 2228
177 2029
65 2463
902 2239
1046 757
35 1302
2006 409
245 1047
1255 2132
2318 506
2410 1788
979 1110
2182 1463
87 2027
279 643
985 2302
1213 1211
2043 426
630 1182
187 84
1275 2190
2126 2214
1333 2487
2230 799
1716 1765
384 1518
1795 81
2243 2520
123 809
574 1663
2434 737
266 767
893 1875
424 1419
1759 2181
1839 493
1164 1953
2039 1749
664 1343
1041 962
2279 2007
2479 745
2055 2411
1835 169
145 826
637 1810
150 985
1936 1133
1216 2156
563 1196
154 1958
1170 2134
2107 2135
1007 1350
905 1743
462 1329
183 1677
1615 1834
252 277
468 1779
1026 2298
172 609
204 314
1305 2421
911 2091
1332 1143
824 2376
499 1605
108 1739
381 2497
295 2247
100 2387
1748 2320
1282 1943
1786 322
1925 2331
1963 282
901 2347
2273 358
2486 435
1123 336
2338 917
767 630
1049 2007
1341 1657
625 1184
1242 1468
1582 2278
1946 2479
1567 2534
715 1016
2207 2342
629 2515
1065 290
2101 215
358 652
754 1213
2506 704
2535 2041
994 664
243 2221
1683 628
89 106
299 2026
904 1948
1689 1661
1937 1591
1248 1354
1484 1310
2169 584
13 2168
2514 1569
967 1540
538 367
1054 2416
614 837
2263 2449
638 2344
1360 1178
2024 1470
2243 810
1311 1820
871 2049
210 280
1482 2361
2297 1780
2179 2543
1916 522
1232 2509
817 1071
784 2011
940 2056
1670 203
711 1058
1982 147
916 892
475 1171
2436 647
493 1332
1312 2059
1933 449
2330 247
627 2096
461 2533
434 2062
1746 1558
2284 2174
148 1555
117 8
950 530
2346 1451
495 675
594 2062
1907 214
1232 2309
2247 2157
602 1523
193 194
497 2328
1866 274
16 695
1169 1567
1375 198
2486 292
2315 2024
217 693
1020 2355
1610 2408
708 76
262 320
42 932
848 752
697 1981
1313 2387
1331 1639
974 1000
194 2091
1872 2018
2252 1349
1830 927
1641 1825
29 2124
640 1473
780 1107
2231 334
2461 1265
2546 465
1535 1102
632 405
1081 1459
1108 2385
1910 2307
2501 2104
2542 1575
220 259
1787 595
736 1090
99 1330
555 89
2496 1508
2023 1096
388 1285
473 954
1842 750
1982 887
895 1731
162 891
1483 943
423 976
1787 2307
484 319
2076 1617
663 732
1438 2240
381 2511
888 1350
1987 294
1478 538
1322 2004
2485 2258
740 702
1194 45
944 1675
91 1792
1625 871
356 1826
1514 69
1643 2482
2556 1458
2119 1034
1274 2246
2400 2528
608 1718
1805 2388
984 1082
2201 2258
479 695
320 1843
370 261
1507 1539
1667 303
1772 288
2432 1921
2285 422
1148 579
2394 1725
1447 2280
608 2530
379 331
1652 1033
1049 212
2081 1510
1942 591
1935 1028
1903 1220
483 1351
470 1061
443 793
477 1780
1061 2140
1714 441
1436 1379
1410 2209
1551 350
1879 1338
1550 314
2302 1517
1603 2227
1156 1344
2309 277
556 911
1818 2093
2183 1242
2330 608
1787 665
413 1785
1178 234
349 1107
2054 1448
131 802
2146 1480
894 170
1397 964
1799 560
1854 290
1931 1981
1025 987
1055 550
2348 1488
1050 2467
859 1435
2483 1823
602 1458
737 1935
525 1587
120 992
200 2508
2273 2491
1728 584
808 1519
521 2113
1182 721
2224 239
771 1000
2315 25
1854 2190
2186 2098
2073 1861
1163 293
1556 1336
327 1444
1445 1994
548 419
2313 25
1494 1135
1406 337
1391 29
1349 1688
306 852
825 63
1935 1383
709 2427
1911 2083
1192 1353
1357 672
783 1476
1184 280
2550 43
2310 403
1706 1275
2458 1043
1140 600
2119 301
1910 1306
186 358
2442 1795
1091 484
2124 594
1555 1466
458 991
2221 2371
1912 230
1361 135
421 1151
2513 65
1048 289
782 1636
1321 441
1700 1402
2162 1090
587 1403
2160 631
847 2294
1291 78
230 1002
1194 1226
940 643
2243 2305
1137 1083
2476 2054
308 1132
1137 1562
608 2426
2452 2202
1729 58
2044 180
1058 1399
402 2303
2136 961
2098 1988
1800 1743
324 1325
332 697
125 762
1764 133
2267 438
942 115
372 1686
310 1872
2428 337
1175 12
2153 1226
2380 1924
610 439
190 146
1826 1659
1115 2359
884 655
2187 1267
565 546
1436 1547
607 1339
2503 1638
1555 560
1799 268
192 714
2332 13
1521 1290
1364 2406
345 1922
1835 231
1949 2175
1065 297
890 3
863 1071
15 1971
2224 1817
1222 213
1141 1334
2044 843
194 1790
473 818
1086 1942
1062 1915
2004 1141
2542 2127
181 2057
2050 2479
946 79
1633 1374
1481 920
807 2190
650 1362
2137 1223
1114 604
1546 544
1270 927
469 816
1270 1385
2269 9
2333 239
2143 1180
1679 125
1646 1182
763 101
699 293
2127 1571
1772 2107
2150 430
747 56
2035 2239
1882 1735
714 2443
1538 485
1193 1816
2117 1098
2117 1632
1762 1074
2107 439
1113 498
431 1961
2298 2193
239 535
1449 2355
276 1
1997 19
594 433
2009 309
736 2498
738 2420
672 2169
1839 1685
605 1349
1147 1118
490 1422
1180 714
2300 2418
1557 2427
1469 1512
1053 1579
2 2443
2325 222
1138 220
2403 1063
436 64
1099 2424
1526 1251
652 1952
2453 1514
1007 301
783 1072
688 1086
1408 786
314 1681
1463 2387
828 41
1154 1629
1760 2215
434 1476
234 1935
2133 688
1079 723
956 1355
521 1034
1348 230
2052 722
2199 1425
354 1111
2055 1283
362 1019
361 1971
763 2404
452 295
166 978
2404 111
1103 2223
2285 1745
255 828
570 279
1712 129
991 2527
3 1965
1789 2361
1957 2065
1084 1616
2352 1897
2452 1664
2168 364
1192 1298
1138 530
645 1704
494 2353
1750 2506
2246 1668
2375 2493
867 1502
1226 774
1651 1329
1697 2142
1082 2318
2498 648
934 992
1925 1116
1424 893
1800 960
15 37
2053 629
2251 505
1832 1713
1510 449
2188 809
664 2249
119 1792
638 1678
621 1467
939 401
2342 379
1581 202
1036 412
1599 384
1889 1657
255 2058
2313 2288
233 215
1791 250
531 1206
567 1695
67 1657
1420 2465
156 1838
47 114
911 559
1898 687
585 2003
1859 1697
1209 156
1380 1740
628 2484
361 1936
266 963
2007 1432
1832 126
1186 2330
2107 864
1575 473
1926 447
1226 2487
1375 214
2019 894
2090 1333
1629 2392
2107 1241
1732 500
703 131
2224 2159
2230 142
200 1880
546 1007
2253 1019
817 1941
928 1843
381 164
1382 45
674 532
32 1709
2415 797
242 2295
1234 2328
311 1849
335 667
902 67
1024 583
1980 445
2476 755
774 1877
2375 652
1178 2100
1696 555
527 1850
2004 2304
1565 2006
2136 129
1825 1032
402 363
953 2194
1159 2404
1463 296
539 2141
2324 1977
2483 2484
1052 1169
1005 1054
902 118
2451 968
2059 1898
1864 535
317 487
1735 69
2346 2556
2295 682
338 802
1306 2555
227 1132
1218 1907
82 1498
1178 445
1237 1300
1423 242
1776 1515
406 454
2339 1393
422 1897
1576 456
800 1625
854 2364
2475 1182
1142 2470
667 2548
690 20
1567 1402
1334 121
1455 1850
1963 1475
677 240
1211 1585
2344 2296
2034 950
1795 467
2371 2404
1352 1349
121 2491
91 821
