3280 4000
2905 524
3146 1784
2349 1472
3110 2531
3011 2043
3148 2317
2096 1798
1173 3115
3029 3103
2878 1417
471 1833
3224 2937
1228 3270
1084 2067
2442 2306
997 2136
303 1693
84 1267
2415 700
2598 1231
518 2245
493 2890
2498 1309
3118 2633
620 1589
2291 1390
1508 1994
89 1868
2183 366
1088 2145
1281 3202
2670 142
2479 1711
619 1423
984 2467
2323 250
1712 155
2108 27
2923 1605
2143 60
983 1520
2751 1583
253 2860
3045 1837
2917 1931
838 2230
2247 2758
941 1572
2596 545
1017 692
444 2830
924 3099
3266 3104
1476 807
3175 3240
2238 2616
2749 1405
649 2
1029 125
2316 306
3149 2781
230 2361
417 2807
197 2928
2742 1191
3221 1680
2984 2197
2104 2146
2767 2701
545 3160
2750 1861
2693 582
569 391
477 2090
366 110
3225 1660
1820 91
2196 530
955 2101
1804 2748
190 2291
338 252
2528 121
2005 332
2009 1610
2841 388
2440 797
3044 3002
1957 1246
2793 3113
1420 845
2562 1564
1116 956
2498 369
3136 1566
2389 818
366 248
2851 1983
602 1218
609 1628
463 179
67 2993
2650 888
1568 1441
2637 2621
2265 3156
2505 1586
3004 540
1398 2809
506 2297
2969 2702
1064 1205
1485 2025
2470 1479
2004 132
1056 3228
2477 1424
68 1253
910 2007
259 977
2099 598
1520 2112
1225 773
1060 1367
2484 1964
2680 2437
547 700
2776 819
1993 3147
279 450
1115 2830
2702 1892
577 1141
915 2152
2888 1990
706 1119
1057 2605
4 1279
2902 525
2580 263
416 89
38 2451
2485 2050
1282 2181
1986 1941
1120 2752
125 9
697 1773
2376 2568
2060 739
3104 1634
3200 780
1334 96
267 1820
1666 1534
1224 1700
2926 1376
339 35
822 418
1711 391
1499 616
2449 494
1642 2120
2192 2883
1629 1261
3279 3237
1951 2315
1182 55
797 1774
1091 859
1857 1762
1670 2507
1988 1925
3103 2798
1921 2224
674 566
1955 1156
652 1583
2728 1054
1838 32
1222 1448
1998 479
3251 601
1215 1415
3095 1570
3032 2849
2183 543
3083 1377
2971 1889
835 449
491 2249
1144 1291
2408 428
526 1545
12 783
3104 2779
2250 1794
2461 1637
2255 2012
1831 377
1869 1495
932 3147
1006 2054
2328 2457
2017 2833
847 1052
3056 874
3029 1112
521 2990
1139 2033
2662 309
1838 2953
1967 1162
2184 55
2099 3259
2873 1673
2943 2344
1682 2368
498 1423
202 605
1273 2396
2553 285
853 1205
2175 496
2098 2724
3112 2748
344 3091
212 532
3010 107
2873 1504
538 1373
622 831
542 790
1087 3264
2934 1388
2368 724
981 2621
1327 3031
2502 1040
998 958
1180 2113
2100 237
1214 2780
1419 1393
2129 2183
1009 1147
1326 74
78 685
1924 371
133 2262
3240 1055
2638 1414
774 2211
397 563
2630 271
1346 1212
2388 2327
814 1068
2547 2723
2413 1447
1234 1031
2349 1226
1618 636
362 1562
686 1643
1750 1034
1722 403
1891 475
2452 2863
731 1576
164 2647
1703 282
2126 2724
3176 3205
1897 250
2245 3020
1448 1683
1633 498
3266 736
3220 2522
1994 187
180 1202
2197 455
1629 475
721 2878
2682 155
991 366
458 638
80 383
2002 928
1370 818
2379 2216
1856 2554
2962 1627
458 30
2579 1735
333 344
1541 2771
214 1069
2675 1506
1272 1962
917 2926
1985 1224
3026 2572
2927 72
744 676
2166 500
1062 1952
265 3131
454 885
2371 3114
674 2593
119 2942
2598 1864
209 905
1542 2512
2961 33
1151 1432
858 344
1344 2491
691 826
1454 1781
1701 3190
1116 608
1130 2975
1747 201
2826 2889
429 2544
548 252
1874 3070
380 367
3038 538
3274 2216
141 2632
959 1263
414 1912
1801 1260
3243 1080
1467 211
373 1798
2997 2620
1416 1040
2343 2502
2078 227
461 1156
1499 834
3023 1385
454 1952
3132 2165
551 1543
2010 337
544 1853
784 1452
1155 203
1201 2666
1088 2708
324 14
471 1667
1867 2830
3135 1042
2693 2734
2469 209
2633 2966
3246 891
974 1754
359 133
859 2007
508 625
3165 1362
327 1105
37 810
2302 2721
769 927
2544 944
2188 2850
58 1831
2772 637
1055 1031
2171 222
2455 1174
636 1790
2419 1599
124 1283
1589 910
2582 3157
1176 2980
2268 1060
2280 3112
1180 615
1681 1144
1359 905
1021 2642
1325 1493
648 2248
1315 213
1399 3042
1548 2145
1825 2239
2895 2963
2209 1442
829 1181
3049 498
1273 460
685 3073
1519 2963
728 2265
2195 429
403 1217
1133 1936
2799 1454
1238 1877
2872 1880
2544 254
2588 2392
278 1866
163 1539
1681 1744
3195 936
265 2788
163 80
586 737
2393 909
2720 2201
835 655
106 970
2879 47
1009 3221
2607 391
2783 1269
669 2465
390 1556
828 1027
2837 3008
1447 1464
1130 1355
1984 1201
2611 1932
2056 849
1109 3085
269 537
1013 1795
746 2152
1403 468
2776 2080
1425 1116
2416 2762
823 2330
861 2807
343 327
2547 1647
1167 3037
770 1165
1430 2436
197 1620
2488 667
1206 726
1509 1026
993 433
3194 841
2354 2754
125 1285
544 735
2608 2154
1910 3018
2779 2907
420 3156
1496 1442
2721 352
1346 1911
3104 952
814 1744
430 1090
1989 743
2865 866
2106 3149
1091 1574
2828 1082
73 2633
529 2041
1051 703
1542 1031
3275 994
1499 2726
285 1527
723 904
967 1276
2070 960
2972 3278
2107 2527
1581 248
394 2811
1943 390
1799 3142
1575 3217
171 158
2795 634
495 2509
3017 2199
193 2531
2906 2779
2111 1772
1153 3250
3080 485
3150 1951
323 207
984 1570
3089 1019
38 2377
1559 1106
2969 2874
755 58
1644 194
948 1499
2658 1135
1111 3279
3070 2989
3178 3125
2260 308
1653 3115
2921 442
341 1416
1467 2204
109 3154
1640 752
1236 2362
2317 2523
913 438
2389 1143
192 1173
724 1794
911 1629
423 932
2427 2596
530 2162
957 1244
1170 2897
2303 1786
1053 94
2017 1255
1029 922
2996 333
2701 1678
2 745
1707 1207
2595 129
862 425
83 482
3241 1264
2985 834
1705 2039
1816 26
2899 334
871 546
1474 1785
246 1538
450 2932
3145 1082
1118 2129
2753 1151
894 122
341 303
2041 781
2691 752
893 3100
2356 1399
1507 1588
1481 3083
2079 18
1845 944
1075 3155
2296 751
745 1779
582 3204
1844 2928
2063 1197
2105 3201
786 1996
573 1121
3056 643
3119 2201
2360 2014
674 1624
1643 501
1910 1367
1250 2689
889 3272
2635 1336
2310 1726
2397 2502
1170 2632
2557 2232
2181 2558
1095 3206
1057 0
3179 1136
1492 616
1385 1037
1237 2815
1762 2376
1021 3015
2732 1477
554 2460
2393 1689
2115 356
1664 118
2488 892
1355 1401
2444 42
2627 966
2812 2472
2480 1236
204 2309
2050 2539
2497 1407
2391 2444
2576 1791
683 2480
208 1808
1458 450
2337 3046
1905 3178
2352 294
2403 1442
405 501
1598 267
2128 315
1530 1789
1979 202
2026 1530
315 562
512 2160
2055 3059
996 1558
2959 1631
2594 941
1923 1049
541 323
3266 1224
364 2072
3177 924
859 1783
795 1087
377 2602
1874 2749
136 640
1935 470
2185 2641
480 2983
625 2721
1559 58
1090 121
1083 2823
1119 1902
1263 1933
2255 1451
3053 2711
358 113
1542 2176
574 1897
247 1598
2621 2590
937 1425
2265 1135
2891 2273
775 1060
377 2785
430 2753
1365 2100
1991 2750
1025 1052
2233 668
2763 477
3249 377
2059 1129
270 654
224 1368
243 183
1303 381
524 2887
3056 449
646 2551
1326 2010
306 174
1747 1165
2278 2391
1773 3226
1544 450
3113 1574
2937 193
2820 5
2922 1737
3185 3130
1802 711
2268 702
518 1425
1118 3274
2478 33
1456 1292
2204 1764
625 2524
449 2417
1022 933
454 1268
3097 3172
312 791
1238 1111
1503 866
2565 2066
2208 2191
575 2115
18 980
1749 2336
2031 488
1099 2322
2311 2107
1768 592
870 259
3003 2775
2209 3272
2994 1062
2531 2970
2609 1583
197 2694
846 521
1600 2575
1648 410
1121 133
1832 1111
111 3227
3088 1584
530 2802
1793 224
2907 2677
39 1490
953 2451
2236 1119
2018 1437
651 2818
3145 2017
816 2350
2256 438
2275 1778
801 2673
84 1173
474 1487
273 2073
1397 1498
1935 2370
1682 735
1021 2434
1949 597
2774 2016
1964 74
2714 1460
412 3197
2818 1958
3176 1594
2902 203
2232 1032
354 2920
2787 3015
2864 601
2984 2324
2770 2360
3089 754
3132 1252
967 222
2668 3186
283 2617
1891 538
1688 490
636 2418
608 2516
1703 2993
362 1057
1303 2373
2263 1442
530 1512
471 1266
676 2105
839 814
1398 2334
1238 761
2003 370
1734 2211
2824 2175
425 2293
3198 2067
1679 1940
1917 1763
2030 2433
1880 1986
1894 2454
2420 784
1895 1929
149 3048
605 335
744 2955
3135 238
441 1318
1749 1927
1876 290
709 2942
1061 2940
160 834
1652 1393
2195 1729
337 2222
2977 2380
695 1721
2003 148
1404 3077
463 1631
970 899
3198 650
1711 227
237 42
3015 2400
714 2884
983 159
3231 2122
2166 3093
2297 2376
1929 1686
808 867
2657 3061
2481 54
1313 1551
868 2929
574 1370
2453 1428
1815 1472
200 1524
3197 2631
2801 1246
2827 2068
1135 2119
816 848
1752 2908
1380 276
1177 2732
482 1026
3104 2361
438 395
2972 412
205 1777
133 297
3059 712
898 1115
3062 796
1186 2473
3260 2029
2479 2210
3194 1085
637 2479
1470 567
2233 1938
2972 547
1085 2329
2122 192
1020 2843
3261 1846
2544 1756
1724 1620
813 684
2136 266
1308 1649
350 2401
1970 2595
251 1413
1822 1612
1456 1709
1294 3125
1621 2999
2261 1375
2835 2274
502 1987
3206 558
2615 2853
2934 1457
2937 2043
1086 825
1277 2683
2423 941
1971 2503
2761 752
2438 1203
430 1601
712 2966
1477 2643
1616 1873
2677 2490
1138 18
951 2124
3170 2267
2717 247
2874 1226
2059 2902
1394 1234
2359 1006
1912 2863
1256 587
888 566
2633 1446
1161 761
3263 1548
143 1788
3071 1163
2692 1885
744 2663
381 1545
3173 2866
1476 2222
2703 1821
1893 2823
2614 990
3061 1248
1368 1687
1434 2033
3228 1172
761 391
2777 1489
1445 896
2079 68
3033 1112
1260 857
2682 252
2167 1177
210 2085
2387 2456
777 2286
909 1493
314 2586
1328 1662
1916 952
1333 2041
3042 2352
536 1268
1736 841
1857 2115
1643 2848
1606 255
2191 2630
2415 1649
2967 2986
2308 229
353 303
2317 1923
2514 575
656 846
2072 2077
1739 543
1765 2642
2155 3088
1430 1614
2683 884
1496 3271
2890 972
2918 175
138 2633
1519 2130
1799 58
1924 832
2637 2852
449 2559
1627 1954
1214 210
1159 2102
1431 2680
140 2014
1006 680
681 1076
1541 1547
1812 750
850 2005
387 1356
2358 981
2365 189
529 1450
824 1321
493 313
2998 897
679 371
1054 1224
2265 774
2747 374
2264 2308
500 1732
1392 1945
3272 2772
838 2408
2668 274
321 701
2493 1888
1914 743
1748 2141
2488 60
2598 1770
33 1892
1890 1532
1892 239
2109 2694
952 3071
257 839
1623 1947
691 578
3179 2064
2131 419
1601 2650
1197 2993
1021 1568
975 1005
430 1158
1676 2226
857 1752
1136 143
1714 1031
671 2757
2964 2370
583 3180
414 902
3112 1975
1616 166
1120 1620
1449 1434
2517 2036
1197 1003
2975 1774
2507 2627
1645 2490
1664 383
173 1437
1139 1918
1167 3177
1026 1522
2024 1315
877 2241
885 545
1875 1060
1343 2904
2687 3194
2034 2337
2818 351
2788 474
1229 526
416 1328
758 3231
2497 2231
3023 2299
1789 1987
950 2236
2513 533
2160 1932
525 2017
1787 3230
918 2619
3082 2174
925 601
1250 2213
3104 1853
1245 2441
1507 2949
2516 1336
329 244
1238 743
291 1290
632 767
1101 236
1559 2684
363 2225
979 1636
2832 1459
565 2930
3235 2155
1145 169
509 831
2791 571
2969 777
2052 2145
1648 2375
1880 1963
1967 659
962 2666
1324 2705
2429 1444
1243 502
271 92
1475 2459
2306 862
1819 750
339 992
2935 2721
83 1417
861 1046
3022 1937
1080 3063
1569 1509
689 749
72 398
1409 3203
2644 2014
2468 3259
694 170
2696 948
1529 2238
1978 1646
2844 3109
717 1245
3073 682
2182 1893
1626 1884
265 72
404 967
3111 2252
1007 3241
1337 176
209 1777
2761 2556
1028 290
1800 2655
678 379
2602 2473
635 1857
1605 934
1097 2201
2685 2723
168 3191
637 2165
2219 2991
1533 2647
1194 2142
3029 1389
3130 2758
717 501
2299 1252
2405 503
1028 2565
2128 2103
629 3123
2662 3256
1107 2989
3159 1951
1810 2571
1326 1250
661 2730
1166 935
3216 328
1594 2606
2967 2487
2471 737
2093 1934
1999 2185
515 2367
1609 2239
2996 1356
1886 1332
1062 1751
613 1502
3020 3239
1841 969
1051 1307
1560 862
2132 41
1975 1663
856 2642
2709 2669
608 31
1730 1441
1327 1183
2189 3258
1095 3061
1484 406
1041 3022
2582 2444
2644 35
521 132
2034 417
338 2882
2818 1813
150 3043
2843 1715
741 612
2400 0
2298 1899
849 1943
1138 1850
3160 1346
2543 1679
1946 430
3105 369
3171 1645
393 360
1911 1466
1032 3141
648 1222
506 580
2551 3124
2381 2845
2935 2125
1263 1725
483 2033
1236 3258
2708 2593
1831 2075
298 563
706 3079
484 2532
3049 2786
2218 1940
1960 1063
2666 79
2512 2680
930 2125
1370 1184
920 772
1897 1705
61 1338
1489 1420
850 195
3251 1161
239 1740
1758 2088
830 2572
633 2249
1091 2646
2894 615
1000 2386
1362 3187
2986 1747
2906 1724
263 1708
2640 2206
1300 578
2765 2015
510 2718
1873 2650
2293 2906
774 2191
580 1471
2083 669
741 2645
2500 1585
587 2037
1774 1668
3194 1520
2747 986
2031 1336
1281 491
2994 2104
2096 1745
1075 232
577 870
544 2167
1656 2114
2390 1624
2325 2454
2656 2960
1000 1152
2207 2121
1656 2669
3259 1932
1663 2940
800 131
713 976
1893 3175
101 3233
3109 2644
68 1969
3096 3234
830 990
1409 2138
982 1244
1017 193
2353 1613
1780 2775
756 2058
980 571
2427 971
2613 1801
1221 1112
1411 3217
591 2090
1419 3131
3239 432
2559 3198
2738 2388
1736 3272
1263 2150
2127 2506
2161 2237
1010 1851
226 2345
945 175
1310 20
255 1136
2644 2630
2556 2543
2615 446
2318 1621
857 2057
258 1905
1575 234
65 2003
3192 1221
2225 665
1817 2908
1844 2547
804 623
1426 1844
2635 2843
1413 1378
600 2226
852 1459
3179 235
348 210
1802 2339
3145 2368
2952 1885
1047 912
2254 1732
949 1758
1650 48
224 1859
1444 2122
1973 3200
2517 1756
422 1040
1826 76
1328 3266
800 1703
1970 2257
1430 1468
998 708
2140 1400
1048 494
2275 1267
203 932
2350 2472
1843 2953
766 2359
74 3273
1908 1444
223 1520
2270 3174
2721 69
3140 2234
543 814
663 1324
51 955
299 638
824 2084
1004 3121
3142 2974
2176 2172
2735 1392
1644 2134
789 1958
1722 1197
1407 839
269 2464
3093 2540
70 2504
1473 553
1983 658
2931 812
1821 3068
2090 3252
1240 3059
2204 1585
1051 1353
2667 1068
1365 1760
1571 181
1784 1785
1064 1170
417 854
2385 782
1706 2639
3017 88
1076 299
2256 2985
506 1085
689 2808
1922 1970
1038 3163
2655 1504
1865 3036
2035 325
2574 415
161 360
2458 2721
61 2052
3187 876
1548 2074
1798 1636
3257 2876
2311 138
1116 2244
81 305
1925 783
514 378
2076 2301
2576 3071
3151 870
2692 1913
2521 129
3017 1214
344 412
2683 2726
3261 846
2597 1773
1314 1308
2202 99
2241 3195
2542 2285
2297 2304
586 1738
318 2857
2466 1189
1864 386
1494 135
2212 1882
2816 1910
2213 798
628 1732
1748 3196
1706 649
323 2177
600 1279
1476 1682
1354 2463
1864 2735
3122 2512
3163 3055
1496 3257
2902 3026
1662 2988
231 209
1410 3153
179 2652
2571 524
993 59
2877 2355
2344 1815
2839 1292
1397 1516
2093 417
1196 2310
2860 1937
2147 1975
869 2489
1716 1991
1227 1357
2064 432
1592 1648
2077 673
0 920
2621 156
1323 776
2477 1990
2417 3185
1183 828
362 152
1393 468
298 1571
2143 674
2085 929
401 1056
566 1952
1673 2052
844 2627
701 1888
1703 1839
855 2418
2084 452
759 1970
139 2745
2008 2209
2531 227
2761 1259
1330 642
2397 837
1088 1347
1539 3130
3195 1770
1216 1025
3184 1583
3194 235
2252 2836
913 1220
1031 366
2522 2980
3198 2491
2344 1339
1888 2593
2 854
2708 984
1805 2695
1207 2552
2924 2267
1572 326
1288 2243
172 958
2128 921
1751 406
2733 1751
3053 2735
1915 1732
21 1724
1827 2570
847 2424
537 3104
538 1657
2532 1342
3196 2321
449 1630
3129 2370
3043 121
2638 483
147 2169
1817 249
310 1481
2331 1125
586 1298
1122 816
2398 631
2624 1777
1564 2478
1566 114
1872 3133
900 2473
1564 2685
1877 91
2557 1935
2370 1435
809 2689
100 2150
1956 3148
1248 732
1805 1426
277 93
2533 1975
115 2620
99 2141
3064 302
2604 2601
2975 2134
283 132
2852 2438
1541 842
268 397
3279 1591
225 1056
3164 1299
284 2328
1081 778
1684 2985
347 1200
1564 2335
340 2380
2499 1078
1324 574
479 1478
962 763
3244 2959
2908 3271
2829 606
184 1574
1520 51
1543 1095
949 1739
154 2834
1137 1980
2685 918
3155 2538
640 1164
271 3203
538 1031
3079 103
634 2654
2533 676
2334 698
302 1357
2157 1002
1900 1666
168 2558
904 2809
2946 270
1063 1196
1898 2672
322 1795
1107 1972
2611 2411
3026 636
2928 1864
2676 570
3258 1191
3184 1497
1102 932
515 149
830 2049
1322 844
752 1917
1390 2159
284 1483
2670 2792
1137 461
83 2239
718 2043
2574 3204
1355 3220
2061 1758
1814 283
708 1285
1722 488
881 2857
99 1419
1813 1285
2022 266
348 2938
1073 2812
2650 72
27 1938
2749 178
2001 971
2449 1372
824 1932
3220 2570
2103 741
2976 183
2225 1945
1488 331
2462 258
1565 1357
1499 2672
1309 1487
1787 2139
437 2961
2723 2810
3276 2692
3186 3060
1708 2006
36 1216
1743 1133
857 481
369 3220
2611 1577
1309 1173
494 2809
2571 1045
2961 1614
2430 1819
1100 3219
148 458
2636 2396
794 724
2588 1675
462 135
2722 2559
1943 1756
1064 1050
3171 159
2451 474
999 2633
628 471
1734 1763
1629 1655
1735 2224
289 1672
2894 2126
2501 1566
616 1031
2194 2882
1679 846
208 1225
156 2809
1070 2035
3013 1357
34 394
2848 2504
770 792
887 428
2568 2492
1095 1084
2769 2954
1129 3118
2280 861
1519 1704
232 1479
1551 2704
425 2225
1506 1866
148 1034
1825 200
1042 828
159 2575
682 306
1588 184
752 2597
752 1847
1973 2798
2205 2645
2475 2186
2724 1862
2521 392
464 2459
1974 3271
2714 804
2496 2479
1328 2528
1 1756
1184 2150
1238 1540
703 2694
1898 2296
3153 431
680 2209
361 2151
2316 3227
2648 797
1768 121
730 3200
2398 3169
981 1694
2229 1370
657 342
2628 3162
727 1560
1744 203
793 1740
890 2867
2736 2517
1586 2295
2275 791
2914 1511
171 2351
574 1610
200 909
1752 3148
1379 1348
2631 2509
1780 232
289 1280
3168 3119
3109 127
3264 1409
730 2158
683 723
534 1167
1170 1767
1537 2656
2208 957
344 2463
1712 382
1816 1130
1868 2843
1670 850
910 1039
1814 1574
2807 1758
3226 1414
1346 3131
489 1537
831 3113
1161 47
2197 187
423 505
1328 2210
1124 1019
923 46
318 2718
3261 296
113 1736
126 1632
2825 1062
1668 2576
1723 2630
2899 562
2005 1736
524 2289
3148 1031
3241 1238
1381 3
1245 1304
2975 2442
1902 1223
1252 2787
2077 1794
411 2221
1459 3223
2975 1020
3117 737
2324 728
2008 2025
666 716
277 2173
3072 2587
3119 2811
2513 518
1957 1810
1253 1815
2926 382
758 1986
2626 2136
467 2396
1230 112
1428 1208
745 3169
1133 706
1494 985
2201 250
2465 2279
0 341
2219 1272
223 835
2079 196
2976 2372
1958 3192
2242 1287
738 646
2590 2774
2431 1977
3190 391
1407 950
2540 1244
613 2876
1728 2394
270 3009
2394 645
1702 1799
3107 385
784 1751
154 2933
2371 2336
2577 996
1504 3143
2368 112
1487 1139
2920 1880
1460 2867
733 202
2064 2054
67 1545
1111 2380
13 1515
432 2718
2735 2115
447 3064
2689 2901
1744 101
1798 1657
1942 3277
2602 847
1858 1593
272 2375
1283 2732
3010 1695
197 1370
909 1695
2463 933
1187 1355
2058 1840
168 1402
1215 2382
1375 500
855 2291
280 1425
811 547
522 794
3005 3103
3170 931
1264 1585
2549 2687
2485 880
1006 2154
899 273
67 546
1150 3025
2103 1829
1299 504
1880 2307
2544 3264
872 380
832 2178
884 1847
409 1956
2582 2686
2944 1704
80 1350
523 355
1947 2856
1048 1004
2682 2586
2450 1260
1704 1692
5 562
3112 1658
2743 885
2568 1715
1022 2396
2617 3063
2255 323
1363 958
3039 2551
2570 2968
793 2252
1416 2001
993 3028
2308 1584
1347 1289
1242 2423
2865 2795
1288 1986
2563 342
1682 1824
3126 2763
2632 2281
135 3252
2051 244
3198 549
1652 1870
68 2732
2529 317
511 17
2632 1395
1694 286
3064 1732
455 1446
1716 1148
1476 2422
1976 1977
1303 2783
2791 2385
2781 1885
2182 2997
86 2824
820 957
2779 377
818 2991
207 721
2012 3214
1166 1069
2298 414
207 1778
1313 1177
52 1934
2686 1866
1397 1814
2426 558
648 445
1912 1067
1975 2382
2970 2004
1236 1705
827 2234
760 1058
1710 81
1048 486
1845 2185
1853 1332
3166 2986
549 3043
2285 963
3060 3261
2648 748
2060 3126
53 2303
148 534
1678 634
1965 1723
1164 634
1140 1240
954 2340
281 2196
2809 375
952 1354
2268 935
263 2353
824 1550
532 1158
559 2217
100 2157
989 3070
2320 2875
318 1855
1827 2722
746 2168
3119 1018
2965 2336
3202 2316
421 711
2682 1863
234 2713
767 1426
471 1442
298 53
2162 2712
399 41
756 2306
742 2510
3107 789
2709 795
2346 321
1454 2247
2906 1484
978 2845
2794 702
266 2715
2093 2597
1466 277
38 111
1688 3169
2551 2571
939 1526
1448 1123
1475 1
429 1056
2779 1348
2251 1909
2787 141
2963 600
1358 23
1616 2158
2682 2273
75 453
820 357
270 1812
3032 407
2265 2923
1786 821
269 71
422 391
74 243
2518 22
2811 537
1784 2903
1898 1991
1012 2681
1897 1460
3033 3087
3124 2557
3107 2040
1347 841
2387 2882
2774 2412
2942 1838
1336 1626
2261 2832
1090 2946
1583 1057
1646 1043
442 1230
831 723
393 1380
2647 1355
1877 2128
424 3025
2937 2422
2471 3200
1212 2806
17 2828
1092 2392
2835 2701
1889 726
3207 1536
1145 1155
14 2867
187 649
2902 1034
1476 1183
1383 1620
802 2126
1595 2805
2027 2770
825 692
1820 1675
192 1647
596 140
2827 3115
2468 1799
1370 3186
2996 961
1485 86
1096 1237
612 3105
3186 1240
2981 965
1750 199
2472 698
1582 2241
3277 2349
2260 1909
469 2843
1136 2606
349 2729
758 3073
1896 1399
1492 1463
1928 2685
1355 2753
1231 1031
890 177
19 2551
2967 1710
910 1661
2504 2058
2867 79
1009 834
3259 2659
2115 883
1539 2210
2231 2920
1033 753
1273 2721
2410 624
2082 576
684 1569
1822 257
229 2035
1177 229
735 696
1849 22
2074 3197
1802 1299
2574 1567
2224 1936
1155 173
3015 956
444 2776
934 2642
1111 2984
1903 2870
1912 2771
2010 41
1647 1889
1626 3196
48 2013
920 830
764 3065
1811 938
1398 3232
360 2765
1307 2491
1020 1199
1832 2630
310 227
1969 1655
243 1020
2229 2313
2520 2674
1117 2969
3248 823
1354 178
685 2558
2051 2305
2176 463
399 28
1508 914
457 1236
339 2847
2979 1284
2696 1061
2549 2758
1511 524
2778 3135
786 2984
825 2410
1309 1327
586 1360
1466 382
702 634
1455 70
2140 221
1259 3183
3040 1423
2024 2515
1919 1812
3252 1186
2481 2072
901 2101
2352 2390
898 1989
2837 2198
1524 2450
2206 1849
1255 2627
2821 1311
1988 1433
1614 1459
2560 2211
913 967
1661 471
3225 2459
1586 951
458 1157
22 2328
2664 2548
459 670
2818 2983
2026 1413
941 690
750 1178
52 2247
1660 763
2856 2695
3111 1902
2708 1430
1344 5
151 2593
31 2264
951 22
1293 672
2071 242
226 327
1000 1468
2488 2862
744 2600
1556 3257
2145 2638
3132 421
488 406
747 1921
3015 2053
2952 2591
1939 1115
385 570
2283 478
2011 2784
1141 2600
77 2087
2607 2762
223 2308
680 392
1972 1647
222 1249
1219 3170
276 620
2100 874
411 849
1790 440
1720 3096
3049 696
1095 767
1231 1666
2280 217
2883 1999
2918 2509
3103 1335
457 1810
1021 684
321 2847
1389 2346
3098 2718
1924 2238
2313 235
603 1022
2120 2709
3203 2209
125 1224
1134 2698
357 2677
1960 1772
2840 3166
3148 1521
1487 2411
1214 2839
465 2518
372 1935
1951 2706
2105 256
978 3081
2786 1005
855 1878
282 2783
2009 832
203 2622
617 1352
1723 781
2131 3112
1121 731
2542 1032
1913 1276
351 1719
1026 1172
1789 2222
200 793
317 1992
575 242
1675 3222
2428 3169
842 2864
1673 888
109 2003
3189 2437
2270 288
990 2560
2852 368
1281 799
813 3091
2010 318
2648 3164
2133 2742
422 875
1679 672
1517 1293
900 2243
1988 1318
2099 2702
1548 2992
3218 1636
3123 790
1408 730
1634 1099
2821 1453
731 1656
2401 1148
2281 248
271 2920
910 2381
1751 72
3244 736
2705 1771
854 964
782 460
653 1767
103 3195
1809 1552
2866 3128
891 1199
1066 694
1828 1611
3084 3154
636 2895
2224 1427
199 2141
685 1312
1491 2446
88 2541
1532 610
3196 2685
2733 1348
1065 2634
2316 1628
549 1999
632 1152
169 184
1410 2702
1519 30
2734 3018
1468 596
1686 2812
1673 3039
1976 384
2380 402
1061 609
3151 1772
14 2181
1127 985
1473 2450
1245 2531
2536 2991
2797 727
1271 156
2252 2084
271 2996
115 68
2917 1212
2711 2157
2658 3245
2366 2388
2566 2372
906 1258
1651 2191
774 633
1715 2040
2065 222
2306 432
47 1271
1651 972
2137 1948
2338 2740
377 1875
3229 2825
1613 1413
311 1339
2409 405
1360 115
868 855
1080 1493
1102 3211
129 720
2815 1529
2236 2657
276 1309
2547 1755
852 106
132 255
2769 3058
1647 2105
2026 876
769 826
991 2158
2428 514
72 2206
777 2404
336 185
2990 2457
2196 1250
3228 653
824 1419
1974 2241
160 2324
1462 2345
1472 2090
1759 507
2060 1357
2529 2632
1085 2235
2908 454
304 321
1516 1548
525 1901
956 1578
690 1193
769 841
993 2477
2149 315
1927 3031
968 1611
686 3162
2155 88
964 2342
161 331
2797 2117
753 2536
2234 3150
1867 2921
29 2724
1616 1810
1984 2866
504 540
2532 1512
891 1428
467 915
1328 1150
2656 1278
2898 2706
2169 1055
428 1066
1390 22
2016 34
1061 879
3163 3188
2904 1726
657 331
192 3055
1946 2262
495 2584
1711 923
1453 1574
3247 669
1353 520
1641 2107
1167 1962
2475 588
2145 291
966 1263
2671 3039
1564 289
1279 2193
2488 1101
1119 1466
499 1570
211 373
1264 3025
2897 2238
1626 1178
2182 1657
778 776
1446 571
1059 2316
1237 2600
2123 1717
473 1651
1396 3186
295 3215
2933 2540
3151 1848
18 494
1422 537
1611 343
2471 1921
307 54
3152 2026
1727 802
2498 1805
1740 2469
521 968
734 764
1576 2265
713 1214
2898 1894
92 356
1036 3029
1797 2843
2955 3095
1606 1184
356 2741
2711 448
910 428
679 2347
2626 2836
293 186
602 1756
1651 2649
2859 1405
2096 2959
2802 1429
2776 1866
1304 2076
3145 2001
1263 1949
2181 309
1264 728
2419 1060
2998 1153
1783 1089
2956 3096
1501 881
862 119
2837 238
324 292
3216 1643
2906 1643
2050 1128
2185 2364
3136 1203
408 785
1592 2613
1555 623
1466 41
251 249
751 1717
1343 2812
2117 3202
2011 1500
1980 2907
2740 2773
804 3000
894 1981
2342 1709
1178 1303
886 1043
2070 2343
1549 2870
3133 508
1788 2508
253 2003
1454 2716
1254 422
764 1392
2705 743
2677 1276
2 2328
2027 264
2730 412
565 2906
2670 545
2463 1913
2826 2625
1959 506
775 2090
2695 1514
261 704
2664 1460
1536 1288
2244 2797
2866 1798
2516 2630
2054 2462
1459 2043
1021 291
1907 1842
700 1255
987 3048
2015 3028
570 3242
1098 2567
1589 1360
1350 1057
34 1717
1290 2616
139 666
1942 1730
568 695
2836 3085
1702 1058
1939 1926
2415 804
209 711
233 1300
1593 1992
1093 1734
1520 2974
918 739
934 1261
1531 2178
302 855
2572 2039
2580 1836
416 2345
3043 2927
1042 2234
2738 1923
2497 456
1041 1893
2994 2464
771 2546
1566 1493
3203 1500
749 2656
1052 1129
946 953
2549 618
2124 1311
391 2358
360 3123
2534 1403
2567 944
1596 22
2584 1859
1313 438
2114 790
2947 1175
1039 1541
768 1498
2874 597
784 1157
2551 1358
585 1679
2205 689
2471 1621
1914 38
647 238
787 970
1313 1324
1329 1899
2969 2076
1964 552
2 264
2267 122
352 911
2930 485
1153 2696
2664 1293
770 2140
2305 56
78 1827
2533 912
2767 585
1713 2430
3251 975
2564 1537
979 2468
83 863
1703 514
1854 2
1639 252
1061 2330
719 1012
1129 869
1298 1898
3197 3175
1425 2181
1645 2953
3030 75
865 488
3021 492
1087 3063
307 2966
2821 2489
3164 1443
1729 2232
1598 1898
323 1602
1551 493
3128 3239
1773 633
1606 1494
2518 2735
528 3231
655 1409
245 2289
214 2971
724 1145
301 2647
161 763
2364 2436
392 1818
2383 2369
726 2276
1049 16
1876 2793
2461 2065
2727 2805
1767 2827
2234 1389
69 1057
881 1260
1955 2316
1368 1122
699 38
1212 2741
1238 2713
1642 1143
31 598
2394 2328
2104 240
1490 65
2588 2679
1508 594
1704 2209
2766 1845
1348 429
171 633
1489 2877
2015 1320
2089 725
2649 1093
2201 773
179 3052
543 1644
1472 2096
1955 1517
792 892
3098 3142
584 554
2963 1128
1104 2017
2993 1398
2230 123
1586 2205
1473 371
58 1582
2751 961
1105 2565
316 1360
817 1115
3219 266
1573 2089
2297 2597
212 645
386 521
1537 177
1467 1516
1208 1838
1908 2491
2433 2568
2439 11
3051 116
2774 2216
203 1255
1864 2837
3073 2120
1178 103
811 1547
635 3210
204 2402
362 184
1171 1371
1952 774
3101 1613
3179 1395
2819 914
1071 2585
1370 316
2109 2623
556 535
2487 3262
1212 257
578 2707
961 1628
820 1978
890 397
276 1564
303 1735
3118 1533
1884 596
652 294
2664 296
2999 2513
2799 2083
2600 1588
1763 1006
2570 2652
217 3181
2059 2094
638 1058
114 2697
315 2586
2958 3209
2552 2597
1675 940
1977 1692
259 911
2114 2756
576 469
1417 2376
1654 2293
2362 1561
2923 1798
1318 2769
3009 3254
1242 902
2629 85
1852 618
801 2183
2798 1631
802 931
1244 3131
897 1737
187 1053
1362 597
1937 3012
326 2826
1690 1096
189 1472
2989 936
1214 1221
2057 2712
1923 1400
2507 2320
249 120
1969 1334
1752 1522
3267 1912
2276 756
2269 2997
2398 1037
1245 2184
1081 1463
2597 54
1453 3050
1503 1757
1617 2214
1058 2702
2499 1879
1 1438
295 789
1141 465
2203 1480
1910 2638
3027 610
646 210
1778 182
1310 1504
2337 1041
1233 1815
1540 89
831 2718
614 705
3084 629
233 1689
1527 439
1144 1059
1136 1196
1857 2135
62 1398
2489 1449
1117 279
601 1437
846 61
1646 195
1517 3042
200 241
175 1768
2205 1308
1788 46
2304 1607
1451 606
387 2166
3031 2914
2849 359
2764 1572
1180 1043
270 2040
2513 1478
2110 871
3223 231
2343 2845
2673 189
1055 811
2911 583
2276 1722
2335 1553
2509 2363
418 150
1120 1100
2842 2973
1252 659
1678 466
717 218
585 2862
678 1765
1729 2483
803 588
654 1374
1663 1991
2107 1871
389 2928
666 2370
637 1199
1390 2178
848 1968
1368 1236
1571 1046
748 123
3201 335
3203 2367
2692 1951
3213 2294
2393 1450
2002 1948
3095 1478
2551 3238
667 2969
754 696
1596 619
625 1239
1917 112
3044 25
2990 2240
2899 999
2876 3222
2721 1633
888 186
1439 1184
550 518
3058 371
1266 2781
2695 2636
1969 410
968 1834
1213 2407
2356 1080
670 3081
1053 2097
3243 1952
11 2089
1257 677
1666 2970
106 323
3191 1536
1361 1553
3005 2113
3023 1423
1218 2910
3010 96
2829 2137
1248 2750
2349 493
1871 311
925 475
849 1807
1826 989
157 987
1499 1863
1714 1703
410 899
2967 1133
3041 1849
2274 2471
143 3084
2056 2158
2969 1726
2221 3010
1658 2673
2158 817
956 2905
638 227
543 1326
860 1930
1146 291
1499 2647
1804 523
1642 1037
755 3266
2397 3042
70 1740
727 571
1684 2206
2683 873
2429 1056
3270 2886
208 2663
2912 972
2985 741
3265 1552
615 1243
1516 1817
2522 1497
2517 1352
1248 2663
1948 2320
2995 904
2030 2560
1881 760
1906 1617
267 536
1088 601
2363 786
3279 2457
394 1119
3177 635
1659 645
2802 3034
501 2096
811 1116
551 1556
1002 788
1292 1859
638 581
1889 585
2106 613
138 2376
2422 194
555 541
1501 2397
2709 2430
3039 74
1188 3013
2082 1388
3202 2177
1158 1422
878 558
1312 3157
1086 2549
2134 1634
795 3184
1033 2290
2279 1414
1072 2959
132 1748
2633 2158
2167 2617
244 304
3015 919
2337 2112
1929 1242
1464 138
523 1861
170 2897
1573 1664
558 2647
1626 2790
2665 719
1956 1330
475 1694
2744 107
2703 1195
470 2233
2724 2727
2983 2181
1527 2211
2175 3188
681 1669
371 2000
1070 1010
2276 1140
3048 2452
2625 549
1663 2941
2067 1907
3245 2121
2477 1496
2908 564
2736 989
837 1663
1870 1566
1483 2304
2015 1169
1161 2765
1247 2514
127 1961
1862 381
2415 773
139 917
2336 1270
3215 427
1260 1317
655 312
2807 2367
954 638
3129 1483
1181 1407
1601 2956
664 2614
1961 1610
414 1280
2925 1612
439 2526
3075 2609
929 1777
758 911
961 47
3042 571
135 2180
37 1633
294 1385
2285 1932
84 2197
1439 2319
2825 2386
3031 1935
1361 621
363 1440
3177 2721
968 2830
228 2011
1279 2310
836 643
317 2185
82 1276
2990 2089
2218 1650
1048 343
1049 1015
2510 2457
2555 1066
690 2918
2765 984
1078 1306
2126 1337
2592 386
885 2856
1057 1024
2400 1779
1306 2695
318 2929
2369 163
1717 255
1211 2257
3270 27
1051 155
700 2024
2179 2932
2536 1590
990 2158
641 876
2793 2674
279 2423
172 2091
2081 1989
2370 2231
395 1541
2753 371
1358 3219
1180 2421
3236 1337
1094 175
1961 2827
787 3
443 3113
1422 1988
2574 3012
1094 2812
1950 1990
3068 2670
189 357
23 1928
999 515
158 2188
2128 868
2816 2817
1003 1195
488 1421
3102 2818
1218 433
2400 1949
224 609
2344 535
776 6
1858 413
3113 393
2930 1230
1060 2303
1498 2302
993 775
1874 237
1267 683
1820 3152
890 2088
1339 1794
1079 2724
1961 1894
1542 2324
2555 172
1399 1661
1673 2205
1111 1205
1223 701
2597 597
470 2375
1196 1237
273 2712
1525 2218
591 1065
353 1236
2910 2100
1428 3120
1181 2715
1244 2797
3210 9
487 3134
2813 84
83 3018
2704 1046
467 1513
277 700
1938 1547
1089 980
1814 2350
2235 2882
1783 1373
2308 2392
411 1445
2016 629
551 1443
352 2863
1588 255
2826 2960
2967 1641
908 690
1699 1212
2764 996
3213 202
183 1985
1690 285
735 2680
1976 1078
1832 1204
2473 1477
2821 904
1193 136
2069 2930
2862 2288
2323 1576
1460 242
605 2607
2497 1849
262 231
2023 1371
2844 234
593 2069
2934 2126
2410 891
1949 2904
2236 2013
2968 3266
1780 1117
1845 3025
1429 884
2425 1913
2469 1133
872 2599
483 2079
3000 466
2000 1982
2761 551
1237 3204
1584 2584
3203 2729
911 1187
2998 1662
2343 2584
348 592
422 2271
1511 2392
2525 1775
1943 1035
1733 28
25 2520
41 3115
1312 355
342 87
2120 1569
2476 1137
1100 346
182 369
1195 2654
890 2313
1127 3085
504 1921
159 1251
920 554
663 1398
2426 1147
1875 3191
2037 2540
1264 1012
1132 2783
1729 299
3207 3100
1368 1850
1816 1019
675 553
963 2600
503 1214
2160 2188
298 2964
1033 1249
2179 2465
383 2182
1487 2359
1081 2923
2149 1789
276 1547
2747 3223
1221 2803
3254 1994
2080 1151
1098 812
206 642
3230 870
586 720
1314 556
311 315
2533 1090
1934 3069
541 28
1992 3182
1246 60
2137 229
1600 700
1879 2269
185 770
1722 2563
2202 1024
147 635
2893 2346
302 499
1426 1811
2398 545
1390 295
633 2517
2723 1429
1234 919
93 402
1326 1239
1415 1733
2929 1525
751 1768
2829 2429
2733 2105
24 2539
1139 1925
2374 974
2182 2285
1410 246
2254 1119
3038 2880
2073 2758
1395 1992
231 696
2690 93
1148 2894
2657 398
3110 526
2475 2393
1112 877
479 619
2808 2726
2093 732
1416 1577
3053 2773
866 1981
58 82
1794 2122
3257 1322
2186 2445
3114 1914
3071 2264
960 2178
2789 1061
3123 2149
1687 3024
1915 526
907 2108
524 625
2712 1874
472 125
1793 1852
871 2072
1039 1075
2034 176
1574 3106
1836 2006
2589 2044
418 1995
785 501
724 444
2715 2209
1277 2715
1276 2322
160 1602
3006 2209
2198 1358
658 1005
1441 1549
1782 358
2744 2090
1834 304
2813 867
1046 2325
2063 892
690 1559
1546 598
753 2084
579 1650
148 2236
651 122
1589 893
915 2185
1460 1746
2409 110
811 428
1576 1828
1970 2629
2005 2904
184 2323
2679 3180
1049 362
2703 946
2376 831
2279 1081
1837 1866
2076 1177
193 2388
1373 39
1164 197
1894 422
1291 306
3276 1229
1696 2818
2404 1426
790 2530
53 3055
2447 2666
2294 1704
894 666
293 699
1071 298
2249 2745
361 1475
1764 1147
3260 1256
2414 1344
3149 270
1245 3058
2931 1377
969 2482
1263 3249
1285 1773
1459 1571
2500 2215
382 337
114 2057
392 1616
713 2521
319 583
1970 2874
1547 51
2755 2873
754 1368
1630 2922
1097 2940
1549 2440
229 927
660 767
397 3004
115 711
1835 862
1034 1058
2298 871
554 1555
971 1475
2702 3025
246 1749
2078 713
327 350
2488 316
1228 186
2309 660
3246 2810
513 3268
1984 899
775 1469
1577 616
1014 940
2987 2720
2324 2543
1814 990
756 2824
328 900
2010 1850
2402 494
51 1214
3023 1250
3161 180
1179 1980
1799 1875
2466 982
273 1272
1026 187
428 2635
1840 2320
3268 1018
2784 3097
2704 756
951 1712
242 2236
92 2671
90 92
469 2090
2156 299
1495 1516
648 3147
1074 967
1458 1633
222 1113
1590 2386
2341 815
2809 1200
1941 1792
1744 828
2590 753
88 243
1404 1412
2146 3183
188 3222
282 966
2866 2448
2420 1068
27 2259
941 1052
1782 1323
564 1488
2053 1577
2100 2654
726 2530
516 1257
3233 335
1855 920
94 1917
2628 2496
2168 2247
1167 2217
1847 2570
511 110
1078 3191
2455 142
129 3187
1056 1701
949 2464
3172 733
713 2099
1717 703
2274 658
721 884
1197 2070
2689 3189
259 2090
1706 2750
1778 2117
3268 972
246 1279
2004 1529
3126 1120
2570 3136
2778 664
3216 1591
310 1383
2544 2468
507 2400
1055 1335
3278 1685
2514 1849
3157 1666
1257 3173
301 3022
1377 3122
2751 2144
1526 821
3203 307
1969 285
1280 593
672 2958
2082 650
9 111
2800 2864
2279 1107
702 952
304 1049
2647 370
1987 3222
1173 2736
2466 2900
390 105
1342 3199
3098 456
2507 1839
1194 737
2253 3121
1298 3074
1710 1481
1450 3207
650 705
2503 2977
2622 1486
917 3152
2378 860
2971 934
3037 1565
195 949
1803 2156
1654 835
2408 2735
2478 1622
198 3232
457 2194
2941 2679
1942 2869
2676 858
1445 3016
657 682
1398 1552
149 243
1950 3189
2067 26
2899 3170
3101 872
1967 1838
744 530
210 1836
1436 68
3157 1568
547 2463
2222 2937
1812 1388
457 3015
48 880
1303 1077
2920 2160
249 171
1622 2759
553 1593
803 1285
2096 88
1582 2420
796 3082
1259 3100
2044 1609
644 1155
713 2407
1159 485
793 1829
973 2712
1433 1953
1268 2345
2509 2171
2353 1044
2515 917
2386 687
1913 563
1478 1789
1686 820
367 2866
2515 123
1492 1704
2405 1589
1392 651
3151 687
731 322
2592 2134
1794 2363
2669 1272
2246 2184
510 619
1843 2128
2544 1750
1500 3157
2074 3058
1530 771
2729 2098
518 265
3219 1406
3275 1638
2006 785
1947 2985
557 1365
2468 799
1008 1268
665 560
2513 2775
1829 131
2443 2756
1048 2596
24 1220
200 1635
1674 2987
1555 2234
2437 104
134 1934
1143 2601
537 931
630 1538
2547 3017
2922 2652
1848 2856
747 1841
1257 595
2031 856
747 3231
1893 860
2451 1431
1659 922
906 951
2253 1028
749 669
128 2535
2331 2867
2537 1222
1020 537
3171 1466
478 427
2725 1219
1786 1045
1930 2585
841 294
396 401
462 2347
2247 1707
837 2815
104 1803
3169 1658
135 1646
873 2348
359 2310
3072 333
85 1541
1834 2282
1406 1772
2037 292
128 1030
470 1291
895 2865
20 82
3019 2964
2855 1845
1156 117
3270 1699
855 1267
1266 211
387 1925
543 2109
1610 174
632 351
2272 2895
2578 435
2817 1760
3126 702
357 970
312 256
1739 2382
104 2488
1071 997
781 2425
1409 1601
2215 2266
1989 1922
2097 2122
2324 1702
1390 2449
941 1586
731 1425
207 2222
2325 839
1831 928
1560 1086
3219 1269
720 20
2388 3148
1418 557
2398 1186
2631 2222
1296 1661
204 2322
553 2243
511 1350
1212 2796
2270 2125
1979 1525
2322 3083
806 1323
2368 1714
87 783
175 3161
3073 3056
865 1869
281 1735
2258 537
717 2703
1208 1474
3154 1786
511 2178
2714 532
1383 3212
2647 596
2545 1496
2043 1416
2800 499
3024 1791
2635 1054
2462 1846
2563 32
227 663
1747 277
3215 1358
2178 1883
1615 3186
3045 3141
1896 1671
2804 1156
1152 2067
283 491
2767 2364
2047 1180
2979 2032
3260 2167
1248 1794
2506 2757
1653 166
426 653
1586 1041
1493 2093
1778 1070
2553 2158
631 3198
1865 283
2341 935
2162 1498
2946 2713
1664 561
764 941
977 1626
1116 1855
710 2565
1891 2274
2681 1929
63 2034
1871 1602
2106 2829
3269 187
2629 1860
2058 2652
1662 784
1126 2403
1329 858
1011 433
2995 973
808 2650
775 979
1131 1691
3060 1116
1813 2340
1555 1142
2761 1179
2007 239
475 86
2883 1282
2366 348
340 1801
2698 75
362 304
634 3179
1075 2210
336 921
3121 102
3119 224
1046 2131
2992 1960
2221 200
1400 2744
2032 3196
3119 2242
261 2675
3270 1264
483 833
2827 1186
2840 1088
2657 1541
959 239
1194 3093
2854 2413
1192 1042
2179 1176
745 1777
400 2216
1158 1101
1401 3229
3047 3268
440 517
1121 2013
100 64
2691 2750
1409 1739
1950 387
505 2783
1543 590
3041 1156
466 1110
2860 3083
2188 981
643 2182
2884 1704
2389 2539
2965 1630
2738 488
2637 1054
2329 814
2098 2154
487 1770
1112 501
1624 3117
920 1438
1220 173
367 2351
3067 1768
1727 1789
457 2495
1693 1844
1698 550
2878 2434
192 2937
892 386
2361 1358
1794 194
2212 3142
74 581
2718 1212
607 1635
2593 2471
1545 2840
2572 517
271 3130
3134 1803
1387 2634
718 30
2662 1067
1070 2230
510 201
3179 2337
647 194
3127 705
1277 2039
417 1750
1473 87
2154 268
1626 1567
2416 2622
3274 1258
1001 1657
2682 720
54 2054
3110 484
3198 3207
1980 576
2583 2956
617 3238
496 2079
428 403
2284 897
2413 158
570 2746
2904 397
775 1144
1325 2281
653 2302
971 648
340 757
3242 1488
1810 148
3014 826
3067 1029
475 1789
2729 589
3041 738
169 966
616 1068
321 1227
