3880 4000
870 2445
742 138
730 2472
3860 229
3666 3745
3580 1368
1737 1167
2689 101
3525 1983
1474 3633
3524 3842
1553 155
1133 332
2677 3567
2342 1790
1953 1411
1233 2325
3339 177
2647 3056
557 2888
797 2966
2249 584
2533 2363
599 3498
3653 2301
2084 2452
2095 100
1663 2942
3876 3279
3825 3150
1241 756
1674 1323
2815 3662
3352 2368
500 147
2333 1958
1128 3775
2639 850
2486 1821
3626 1053
1091 2133
2334 1586
1642 2040
2335 914
2324 1994
244 2574
449 2854
655 3749
2801 1508
3070 2223
3752 445
1732 469
2803 303
2618 3544
1945 811
1298 2163
573 1092
3064 1747
2266 3532
230 1090
833 1419
3616 361
2864 3258
1428 1064
949 1504
2848 2226
1409 1314
739 177
199 2713
783 2437
3755 916
1681 247
1485 197
1991 2778
2880 3279
175 196
1060 3469
2119 997
137 255
347 3331
2818 3076
2786 1438
1478 125
3184 609
513 3574
772 2876
2090 486
218 608
2622 3231
1882 1477
2295 2465
2392 564
1964 3503
1690 1412
1163 2306
290 1428
1785 136
1722 3195
3023 3756
3228 316
72 1330
3750 552
3046 647
3104 3600
3339 384
311 445
3830 2520
1495 1362
472 2014
3245 1420
2139 2624
1788 369
615 774
1322 1964
905 1103
3797 3259
1611 3877
2493 2482
3804 2144
2255 462
2230 3511
612 3354
1324 155
3813 1321
3501 803
2231 1306
2323 2304
1693 2447
2710 2833
1044 2021
3503 103
3283 1818
1108 2849
256 2295
3507 720
116 2999
3230 997
3722 2708
129 1643
747 2600
1346 1216
3664 1370
1810 1969
2489 876
301 3248
2820 3363
3103 713
1376 2433
3650 3409
1238 2243
776 3156
549 1554
1617 119
3828 3115
1889 3675
242 2662
3002 2500
1964 3793
732 2937
1434 373
2439 3685
431 3341
2954 3236
2997 483
3565 2917
3564 2090
1458 2861
3339 3482
1560 2787
1778 2506
3232 1026
2563 2136
2631 2525
2034 1623
610 1403
2558 3720
474 3834
3165 363
3399 1877
3143 2750
2449 1382
1329 2536
2510 2303
2901 1080
1656 2042
2761 2869
1435 1407
203 902
2149 2
3554 1440
2364 1728
2214 3519
997 1833
2173 3222
3102 116
513 3505
1362 3081
1647 1673
695 2583
2109 3481
3633 515
2164 826
3247 3675
3824 3016
1095 1136
550 1256
927 1177
1445 1805
1739 3342
3311 1754
2930 59
3848 1934
2088 535
801 3823
1838 1784
672 1821
2365 2424
3365 281
1901 2790
1968 3664
1236 271
3160 567
2179 1631
124 1894
2692 1048
2096 3702
2526 761
3531 2942
1830 815
2399 154
1711 2195
3458 935
106 509
1564 1688
2408 3334
3171 2022
3134 2736
2849 745
1723 3772
301 1335
1698 3070
1900 2769
3767 3688
1690 1209
1981 1711
2322 3819
318 2255
2687 2597
731 1523
3350 1030
978 3281
2392 1603
644 1329
1254 1790
638 201
2681 2561
2091 2136
1656 1354
2686 1109
541 2688
3484 1360
1752 3296
325 327
1083 921
795 3584
529 1119
1814 771
1237 527
3644 3219
1375 2297
1813 1417
856 3625
1823 2432
2841 3466
2512 2322
3221 3012
2162 2739
1368 1297
3564 1513
1554 741
1969 2626
3091 3705
174 476
3686 2339
2509 2863
819 1763
1424 3730
894 3412
3652 2959
2722 3238
1861 2982
1669 2785
3535 1618
3130 1772
3611 3508
3242 2115
3567 1917
159 2290
3403 1629
2522 770
230 575
2689 608
1378 983
958 1301
2801 2391
3387 1004
3323 3421
1321 2698
3489 2680
1298 1025
2478 1095
110 3186
1422 1623
3561 3626
1122 1027
798 1997
2566 3030
2867 1374
1412 384
1895 65
3828 1488
1392 3878
1770 2550
2455 3437
3822 1547
307 3322
2608 2485
906 2639
3817 1198
297 1369
880 1342
1943 2416
3230 3698
434 3693
1261 3283
3310 741
2815 3510
1725 2085
2242 805
3326 3878
2666 895
572 1902
1659 3329
2152 1756
3665 2356
2021 2181
3062 662
1545 1158
654 1718
1006 975
2524 2530
3857 581
2083 444
3412 1902
3142 256
1960 3787
1554 3660
1904 2620
890 799
2081 2785
1094 1528
2781 103
1335 900
2801 2925
1131 2691
3688 2378
1347 2547
2768 1866
291 2540
2857 601
2878 2599
2622 1230
3703 2622
1215 3280
1914 2640
131 2528
2552 2079
1767 2357
401 960
2490 2340
1316 861
3432 3256
3509 292
1845 2877
3672 2170
1088 3441
1911 1639
390 2584
714 1964
407 1854
315 2338
1185 3693
1475 1898
3762 1718
3869 2117
262 3876
3426 2202
2957 1040
1183 2450
1150 2562
3138 1771
1385 1835
3744 1868
914 1794
2473 1501
3877 2548
2180 3706
3335 2602
3044 1491
246 223
1678 2126
378 2299
2506 2170
110 1879
2874 497
861 421
3377 1283
1665 2906
1610 587
3199 1351
2037 2147
181 1553
1440 3735
576 2056
3305 1411
1888 545
995 3865
2861 2138
2607 683
3603 1535
49 2601
74 1758
3462 3402
2848 3111
1087 458
980 19
2833 451
1277 434
1282 1179
3502 3442
840 1854
2037 666
2225 1076
1995 1817
2201 478
979 1729
3267 1488
2064 2285
3540 3625
2235 2141
2698 1456
2725 1513
540 1677
997 1587
1087 3147
3344 152
1478 3216
2738 3381
1461 1041
3511 2971
3753 3838
412 1393
1502 549
94 1854
3451 3057
75 1397
478 814
1687 1856
231 71
2013 3464
2982 716
3426 241
1559 3629
1448 1716
2715 308
2864 338
1203 1839
628 3232
2499 2177
3288 272
2496 1321
2564 1848
3463 1963
2517 2590
3293 544
2645 1656
2823 1906
1673 663
1005 589
1507 3599
3098 1161
2577 841
3390 3694
1518 1029
2269 708
2902 3700
3058 2775
1370 1382
9 3694
778 717
2096 138
2148 2878
874 1151
1868 95
1463 899
2600 3635
922 615
1585 1104
3223 856
995 1299
3802 3251
3813 1466
1247 2158
3186 2987
725 2108
1457 1084
3298 338
3658 926
1476 2653
1554 1584
1275 1202
438 979
3547 3637
3053 3770
2300 762
3260 1183
2334 1320
1578 3321
3494 2146
2050 1416
3778 30
254 3611
3083 2559
1521 1402
3677 509
3767 1166
1924 1349
1197 2054
1970 1716
2018 1890
373 3802
1065 61
3282 535
1040 140
2217 1590
2724 1704
3396 1535
3568 610
2933 2061
1999 1888
1845 3190
2313 823
295 2963
11 3514
1147 1264
330 2921
3667 548
532 2480
583 1138
958 3477
1602 766
1239 1082
2110 3755
2567 1355
3476 979
3447 2519
1599 3818
3375 1909
1509 3030
1293 3393
2456 1583
1435 2348
2043 762
1068 3863
3637 3432
2715 3859
1021 560
3624 319
1396 3639
3597 264
1306 2940
1235 1249
1582 2610
2946 359
3413 104
1077 2652
3686 468
3619 1411
1383 642
3194 949
2564 2770
2919 725
3069 2533
2403 1114
295 2482
2189 2159
1900 879
1751 357
2979 2019
3562 1890
2495 3420
239 2622
956 3250
240 2839
3714 3516
3847 1139
2422 160
3805 1599
1146 2539
3383 2133
2387 2015
1088 1655
2613 1226
3643 62
126 819
1465 69
1710 951
361 2632
3411 344
923 320
3217 3013
2779 2952
3540 2657
1770 1067
2198 3823
1963 808
3839 664
3082 1530
756 1351
254 242
2128 2202
3259 1786
1487 1131
3319 1092
3798 3151
2447 2175
1926 3148
3216 2672
756 1713
666 2644
3521 2765
3320 2988
467 2059
1488 2293
3698 1590
292 11
3441 1715
2525 1971
722 1520
553 3106
605 2702
591 2110
1853 374
3493 2330
3127 3241
660 722
2087 579
557 1248
665 1334
1385 225
1208 3207
3805 2403
1852 1915
1686 1579
3553 3702
3448 3369
3797 1006
107 393
3621 2138
865 127
3592 2456
1815 2873
1577 42
2737 3594
1984 39
3231 1942
1779 717
1707 2751
345 255
3675 1765
2968 421
698 1480
3126 3811
3660 2322
2506 1289
549 845
3256 241
380 1147
3260 2121
1334 2065
3099 1032
3004 1417
1989 1229
113 1014
1313 1966
746 3825
233 2993
1627 2087
1585 3495
2930 1898
3429 3328
1312 1477
1173 1207
1736 3755
1438 1696
3184 487
3001 1100
1512 972
1184 2747
381 2346
3174 1452
827 3263
3841 2701
683 44
269 2545
908 2223
1385 2194
2104 2878
2887 3399
2888 779
1806 12
1521 28
3549 3457
3239 1651
3808 2954
3688 256
534 1596
3789 3608
1573 3478
737 2996
1744 1315
10 267
2302 2902
2168 2767
2759 614
1725 2090
362 1290
2871 3269
449 1375
1847 1408
3804 3076
804 2311
162 1575
850 3295
2565 1192
3752 9
1026 809
3811 3040
1831 1824
1611 3017
933 3123
3525 2518
3472 414
343 3077
3510 3717
2636 973
506 3103
436 2286
3193 3701
1078 11
3080 2263
2839 2756
442 1730
424 2291
2090 1475
3336 594
3857 1032
1566 3638
2366 1406
3807 12
2035 645
925 799
1337 694
80 753
3634 2802
2938 3639
3811 3797
2969 1537
9 636
3040 231
2456 3349
1771 3733
3862 2078
3307 1016
2748 2389
3465 397
2610 3227
2667 2643
1848 998
1700 2175
261 137
3190 47
1047 3566
2304 2219
3680 148
3048 3130
1487 1762
3775 675
3135 1818
1286 3763
3442 1244
1770 2396
430 1280
361 3079
2994 2016
3164 2156
2284 1189
2963 1651
846 697
423 829
3295 2236
3822 1619
3721 2240
1550 853
1159 619
566 661
2283 66
299 534
2730 687
1493 2293
3204 2498
2650 326
3305 2454
264 260
2504 437
263 148
2476 1743
2886 1785
1158 200
255 1577
573 3147
1966 1259
1699 2873
500 1720
1041 427
3603 1382
283 1298
269 2360
2059 864
1530 1687
1784 609
2077 1790
1941 375
3165 2388
503 1221
1224 727
424 692
471 1051
3749 2808
3741 3098
2751 545
2853 1271
2595 2312
3523 1624
1455 1989
3603 3579
2995 2789
161 1933
1275 2800
2752 2999
2223 3108
3152 594
2795 681
631 2438
2790 4
67 2909
1129 206
1466 1075
3641 1791
803 356
2864 352
2056 3372
1966 412
799 1119
2358 2313
35 3302
1266 2760
3083 3132
3218 3662
768 3096
2311 3266
1270 3821
2968 858
919 3716
3384 492
1329 328
78 54
2048 3246
1366 354
2521 3523
874 2500
307 1300
2297 356
651 664
2852 2142
2480 563
3473 1664
2083 2028
3677 373
163 101
406 1596
1154 3722
2981 3852
1964 3480
2903 1064
1311 3592
1852 2631
554 2044
1708 1993
3426 813
1390 3461
1614 165
1778 1888
1507 1277
717 3802
2076 3378
1761 2456
2468 3641
2678 3570
2207 1511
3361 82
431 3852
1862 2268
2919 3310
1236 2164
283 1117
1357 3496
1440 1331
1277 261
3566 2969
2124 2459
1830 2983
1527 2809
2143 2894
2003 293
185 1413
2170 1422
2909 2094
390 505
2528 2275
1047 2278
38 245
1669 3561
3119 2369
3558 1642
811 575
658 1585
2176 2219
1764 1405
1548 1472
1240 2459
2338 3034
145 161
2004 2019
2984 2455
1059 2081
3701 3699
3323 1560
3462 540
2227 3738
2451 2294
1310 343
3242 806
2950 2280
3737 242
618 2696
2738 1879
2131 3718
3613 799
101 3116
2031 2444
204 1629
648 1193
1349 2319
559 3099
1671 3041
1884 2405
1988 1362
2989 723
1043 2264
121 1970
2115 3255
704 189
1661 1984
3711 1083
3128 542
2310 2192
1960 3290
680 1910
2804 269
1703 3010
3849 982
2745 1113
2545 2094
2364 3600
3301 2150
3815 1083
3622 2581
3293 373
3219 1320
1627 1933
2502 2061
3561 1483
1971 1457
2316 2464
796 486
2890 3198
158 837
1819 2675
555 2195
3627 48
1430 3139
589 3231
3627 3228
698 2621
434 3548
383 3392
1706 2869
2367 1163
876 826
1594 3474
612 3857
2916 381
2591 1665
3513 2769
3700 290
2152 1372
2261 401
1541 2674
62 2732
11 3410
817 3518
3493 2594
3210 985
2615 1243
1589 1806
484 1383
949 931
1483 1434
1247 1626
3227 3450
3058 2205
775 2167
1185 488
3452 1778
308 1485
3485 426
1389 175
3559 2710
2351 607
2299 319
1259 2912
1093 1157
1665 1020
3568 3049
1693 1019
1837 160
1366 2341
1079 3063
1804 1788
3213 3089
3155 2806
3251 1869
3115 749
2003 2969
2590 999
1228 3224
3102 2441
2502 3248
794 3185
2469 821
1912 1992
3550 628
2961 3375
3804 1972
1893 3560
634 1527
21 2167
2024 1481
627 3057
3705 2777
2723 3303
1062 1162
3812 1988
574 1804
3092 356
371 338
3489 342
3011 709
316 760
2808 2091
766 801
621 511
2711 1753
2963 1529
1807 1669
2587 25
1874 651
1250 361
23 3568
90 812
2166 3809
3011 1228
3421 2027
1505 92
841 549
1237 12
2488 4
2565 1084
1580 495
2385 3390
52 3157
3603 1809
884 3838
2016 8
409 3563
2879 545
3326 3813
2416 3143
582 3673
3427 2005
116 649
728 3094
2086 1800
2030 2913
3717 3314
3738 2319
285 557
3687 3173
2045 862
1676 1198
2036 3066
434 493
2726 1351
2878 1696
2948 761
3531 946
217 3360
3139 2252
173 1039
2796 2798
3562 3578
2704 1994
3123 3356
3625 2588
3347 1957
581 1373
2226 3672
3813 3481
107 1618
2778 3703
3866 1722
2295 3653
2123 1007
3222 3133
3143 2234
1081 3371
1691 595
992 3367
965 3281
208 1206
274 2243
3199 404
795 1043
3426 2846
893 3196
429 395
2327 2338
1168 2688
2468 1340
3791 827
1659 1825
2164 1085
2891 2924
1287 2572
2760 186
3138 3587
270 3016
3007 2561
1220 748
21 3801
3066 3870
795 3659
1972 1858
3519 3598
3092 3832
3332 1834
325 3527
3687 1742
760 2150
2011 1711
170 3676
222 1485
2729 2565
3247 2192
1574 2076
99 3474
2863 158
1310 748
515 1122
1158 3474
772 3006
1916 2566
3495 1174
3416 3169
2732 614
3776 397
1942 2192
496 1025
2434 430
1697 1618
2141 2212
658 2848
220 1923
1813 823
3823 3007
2311 2512
669 2097
3427 901
2702 3552
496 0
2276 2531
3084 2770
1989 3049
1163 3647
1601 1708
3532 519
3015 833
1835 1255
3116 327
788 2400
719 3323
1162 3037
898 2874
3482 40
208 1943
2691 3046
1883 40
1939 1507
3347 2593
3542 3144
1487 3591
1787 1596
3412 1722
481 3080
2572 1931
1540 1016
3788 2629
1156 1374
2831 2717
3203 1175
1866 3491
1834 1046
107 2112
2844 3566
997 28
3052 2637
200 202
2053 2448
843 1088
723 46
3454 1948
3293 878
1132 1484
261 1557
3255 488
161 421
3493 2340
1071 3166
2570 401
3403 2479
1174 3405
911 3363
1843 2265
371 2092
3293 638
2247 3801
3629 3008
1352 2097
682 3646
2697 197
1420 3150
1272 1073
153 1605
1202 3678
1131 88
1681 3009
1084 29
1990 609
3130 1930
390 2535
3684 265
2775 348
3279 137
3545 3743
751 3454
2163 1351
38 424
3627 2794
634 28
2147 90
2092 2701
3112 2558
1424 2975
1816 1270
1918 3451
418 3545
2603 771
2968 2923
429 3019
559 3293
2875 1915
2573 2723
42 1389
505 3389
2933 1294
1361 292
2188 1292
3053 2171
293 410
3687 738
164 1791
2540 820
1106 1829
1078 3321
3810 1671
2705 1664
3485 2140
2890 3553
3834 826
334 302
295 563
488 2680
1267 2500
829 1941
3012 1711
315 2761
640 887
1585 1959
104 3701
302 1815
1679 2989
1893 1230
3468 3071
2211 880
2468 1337
998 2815
2910 2748
410 3687
3817 500
1221 475
3621 652
3557 2237
2974 3147
1126 2775
1941 1277
3330 3228
2364 2998
3188 810
1224 2816
1852 2281
2215 982
3212 1414
1351 2167
2694 2123
2530 842
2827 1537
2792 2735
3314 1696
3460 1185
1416 91
106 2151
2025 2696
2160 3175
3685 676
782 500
1189 878
1651 1189
3439 993
3131 361
3533 675
1347 2516
998 1500
3862 53
2425 3221
2455 3755
1375 3233
1472 424
3612 2857
2396 3126
2326 1152
1518 3732
3023 512
2866 3099
3397 499
1717 306
84 1590
810 2362
2877 595
2814 101
215 2624
2152 3638
2877 2108
1317 2767
2192 2238
2118 1247
172 3141
2002 3520
691 2779
1818 3692
3874 1962
3356 22
1063 3355
308 3575
2531 2406
3662 3644
2826 1537
18 2316
3743 1855
24 2974
1647 874
587 3290
3811 897
732 2826
3003 2404
43 131
246 155
2634 3712
1253 3646
1317 2572
2228 2112
1011 797
232 1021
902 2712
1879 839
2212 808
972 3418
3388 2770
1646 3457
2908 2863
857 498
3139 1376
1755 2836
773 270
2786 3236
3446 2799
891 1359
3860 3643
1610 3330
1049 1950
2366 42
2809 2458
1716 597
1329 1370
1290 3526
2340 3077
1527 1392
1013 1021
1008 3642
1882 974
2029 2140
227 1237
1052 1173
3544 340
1429 2962
743 1819
2449 1556
3450 2150
852 216
913 2777
2570 1199
850 3403
2675 3605
3641 3603
1508 2151
266 1438
1094 1246
154 2267
2875 3663
1220 850
517 195
1898 379
2196 1701
3490 460
3013 2524
1291 1543
3274 3452
3580 1338
3123 2364
2706 1988
3040 2228
1723 3067
2833 1649
1706 3635
1639 382
2944 1772
1022 3325
2459 2797
3226 3047
558 647
1683 1885
3197 1301
3141 3592
2316 3141
3122 3079
2368 2118
25 3317
2773 3030
2533 2102
2901 2632
3359 245
3486 3224
1086 3541
1182 1147
3789 1720
1359 3311
541 2845
1303 3739
2208 2431
2642 1186
868 784
130 1914
2770 3053
296 2581
501 1451
985 3404
3094 688
3055 3260
2468 758
2309 2076
3705 1987
2188 635
446 1646
3187 453
587 1466
299 3370
2504 2998
2593 3073
2224 2296
997 1169
3179 2496
787 2641
2404 512
1427 2944
1699 545
2816 190
189 3038
1090 2521
2353 2582
106 1578
2487 1043
134 3598
617 181
399 1102
3646 2296
935 2802
3517 2004
1373 198
2718 940
144 913
2734 2478
2255 1161
665 3692
2405 395
1156 2071
2066 303
3330 1853
2817 2917
288 403
1841 461
1716 970
3272 3071
3501 2812
206 2421
1868 3197
626 2493
3184 2643
1643 1509
2584 1996
845 2273
1391 1752
741 866
2974 3513
3465 1253
711 806
1453 1808
2974 2490
2287 3855
2050 2814
2416 2260
1715 54
2683 2875
923 1070
1364 128
843 3214
3144 2473
519 324
3760 3458
2320 1713
2394 620
3786 2149
1410 2619
1580 2196
1587 3505
337 2584
364 2279
2575 229
3469 2361
2422 1594
2111 151
852 3594
1580 140
1145 3768
1733 414
2786 84
1614 1675
3839 175
511 1887
17 1925
2269 836
1025 1581
2918 1595
3035 945
2121 1135
3293 1960
1179 829
3184 2198
3777 1450
3047 1935
2374 1508
2556 2132
373 2263
3612 2166
2964 827
46 1488
2777 217
1901 2919
3695 2427
1987 2215
2541 524
3508 3756
2104 3015
2312 1969
3300 1796
3581 1191
38 1873
3282 508
1540 104
2203 2332
3051 774
2879 1387
1919 1558
916 115
212 1774
418 597
3027 2731
477 2276
1181 1147
769 3496
2058 3853
2920 437
2145 2498
1099 47
3244 1277
3302 345
1009 2806
1340 819
1840 1240
2326 1686
2758 2908
1436 3611
693 2750
1812 1192
1513 3091
2159 334
1364 1617
3104 1149
3544 638
2538 3279
2544 2824
3066 2131
469 704
393 3515
1464 3686
3103 259
2786 1468
3698 3856
1834 2421
2025 405
2174 2561
2057 2251
1347 1958
1384 1418
251 227
1969 3645
565 3520
2358 3146
2778 1410
97 2827
3384 1441
1392 3307
393 1933
1605 3540
2023 939
1089 1371
3552 3196
1663 827
1322 172
1470 1756
3494 94
286 3832
614 3039
2385 3572
3381 2478
151 1582
837 3814
291 1224
2907 1255
3054 1522
3620 1020
3782 317
1827 2725
2833 1430
1800 294
868 157
3498 319
3492 1390
1338 951
2525 904
3545 420
1184 2859
2590 3130
922 2029
3635 3612
2240 327
2205 2177
1878 677
2632 1365
3472 3480
2074 2708
2211 2825
205 3239
1703 2275
3280 1904
1888 1800
2319 1366
1793 1583
379 1421
2178 1131
304 792
1781 540
890 3810
1385 704
3035 2763
2753 2945
3248 1290
994 1129
3082 1497
1024 581
1324 2192
1229 3792
3508 1768
2498 3524
965 1696
1546 1346
1131 3329
2294 2580
1854 1290
2365 397
2422 1798
2568 3303
2087 460
2772 3124
3541 2669
3175 2562
1036 3653
2059 3507
1819 105
3523 943
3326 1352
1392 1965
1497 3516
1654 1005
2999 217
84 3660
545 2087
3617 2304
603 1456
2311 3399
2346 2163
3617 1756
2858 2798
957 1439
3410 3625
3112 1574
10 661
1640 3569
277 1422
2561 97
362 3694
1470 3473
628 3562
1248 2631
2427 2434
2781 1619
2055 3668
2408 2387
2962 171
3179 2781
77 3617
435 958
900 2745
2920 332
1693 1720
907 422
667 2645
2380 2383
1746 216
2768 794
1054 1498
1877 199
1173 2441
704 1802
1008 650
2020 2142
1906 1850
2150 3154
2841 1954
2499 2484
676 2154
3678 3789
2483 2373
2841 1556
1026 2350
3459 1269
2255 3792
2796 2662
61 76
1983 1401
432 3745
934 2722
3607 1638
3735 259
3801 144
2108 2994
213 319
2127 2328
3540 3705
1818 117
2803 380
2424 1594
1337 3525
1923 700
2460 320
1475 2658
3266 122
219 2430
3698 1198
278 709
3604 3122
1080 107
3778 33
3235 3082
3599 1696
3122 2699
426 3265
1176 560
2833 263
2976 3052
2424 3554
2681 316
766 3739
1567 335
1484 1314
2 718
2691 3366
897 621
2521 3138
2535 780
3784 3395
369 3252
393 1398
1114 229
2989 955
1721 3827
216 3395
28 1449
204 3203
2464 3237
46 2872
901 2375
2932 500
3501 1421
671 3207
139 2587
170 2365
516 2588
72 1525
1556 713
2888 1174
1816 1550
3123 3276
237 3335
1998 3488
962 437
2345 1228
1881 3385
1776 3679
193 3291
590 1560
2506 622
1768 3796
3457 663
954 690
3769 2722
1356 62
2387 1764
3338 1555
827 2166
346 3198
3760 148
3316 370
1255 3384
888 1547
1870 857
1307 129
1387 1285
617 78
2030 1578
3341 2664
1061 2841
3746 1450
2771 498
2064 1179
2711 1267
1418 1228
3271 2445
206 2921
1880 3476
3730 3634
1923 3635
337 2139
2421 1164
3842 381
660 2153
1299 3025
2307 2951
1319 678
3049 1625
2833 750
90 99
1642 2343
2786 3155
2468 318
943 2894
3761 1752
1897 3517
2839 85
1681 781
101 2127
1299 689
3448 2125
3712 3863
2715 2517
654 2658
2090 660
3660 493
2444 2603
3231 709
1164 2801
2414 2874
269 138
2216 3769
2436 1336
2950 3037
3308 193
661 602
2827 174
518 718
3786 1177
3699 1563
159 2583
2803 3298
746 75
356 1511
534 636
1640 3824
1370 2960
1342 2762
2750 1497
3122 2030
3801 2963
1640 1621
2139 3701
304 270
2263 2071
268 250
3163 554
3041 343
1999 3105
2133 1187
486 3836
918 513
2825 247
1434 2146
2474 3777
3178 1097
1270 167
814 338
357 3691
1997 1769
1180 2117
734 3766
2376 934
1460 1774
783 3045
3086 722
3478 1544
1243 2364
325 3180
2344 2356
499 3592
355 1617
3232 1547
1964 1109
736 1524
543 1843
3051 229
3073 609
3843 3059
3534 533
2447 1827
1735 745
551 3757
2087 3558
2511 1494
3004 1715
3839 3299
2495 3375
101 1935
1184 2876
3507 3011
3332 332
1618 3286
1126 2597
2089 3412
1193 862
147 2893
3410 363
2259 875
2742 2289
3293 1178
1170 2186
864 2875
2563 2698
257 259
658 1897
3320 3133
1192 2241
2199 1348
2972 3647
2335 2034
2836 702
732 1393
2613 2528
1633 129
462 1278
3263 2235
3267 2155
2828 271
269 3006
954 3018
1056 2161
36 144
830 284
3633 2967
315 141
1359 3627
3226 2619
2341 799
247 1549
1790 637
3466 936
2258 1787
3652 1257
1362 1160
104 1999
643 1672
2827 1699
3285 1730
2021 2182
2628 1150
3660 2240
1907 520
256 1412
437 1968
1100 164
3806 3204
232 1873
2670 810
686 1031
1928 3857
987 104
2268 1254
1101 3461
2402 2948
1085 337
939 2839
2945 1021
828 3460
1409 1235
319 1649
3459 2682
447 60
1293 3420
1754 1526
3715 2931
2619 2979
984 10
3488 609
1811 1260
2787 3609
3686 1911
3569 3470
3370 1973
3330 2351
537 1744
1610 2855
3567 3187
1777 2704
348 3356
1294 1996
1653 6
1099 2467
42 1820
2068 2743
2325 627
270 2707
2706 2214
1574 3097
2929 888
2570 2710
1184 314
1863 1611
1313 496
3632 1394
709 128
806 2705
968 3725
3831 3234
1097 2176
3634 647
3608 286
2157 2170
234 2972
331 1906
176 792
269 2080
82 3412
1003 956
3551 1705
2522 1771
100 3520
1232 1166
3167 2836
2352 1069
861 275
2578 405
1335 2701
562 2725
723 227
1791 3779
2187 1521
3400 1061
2570 3272
1702 1868
814 2167
2293 3427
2359 2116
134 2204
1966 3452
3180 3205
816 2780
1990 1869
350 3366
2785 836
1787 469
509 2335
861 614
956 1934
2690 1927
2642 2776
2226 1259
586 1199
365 3839
959 3546
3312 2296
929 1679
2650 3028
3757 2862
3703 3342
1312 2018
2313 2262
26 84
3859 2787
259 1119
1285 2674
1913 2775
102 3784
2217 722
3650 2107
1362 438
1989 2268
955 2211
1553 2721
3385 3422
2203 384
1655 1230
3659 418
741 611
2576 2953
823 2746
385 1666
709 996
3347 2089
1211 782
1690 660
3126 943
1545 2977
941 2221
3382 1659
1672 1686
97 742
2467 594
124 746
3864 2031
3455 922
1350 3856
762 3815
3841 663
2072 188
3405 2175
2773 3437
2226 2799
1400 2677
912 1047
865 835
1240 3230
2867 2608
709 2578
1465 1526
1768 2996
1724 3592
1785 813
3097 609
1632 2457
2266 1530
1322 3764
3394 3340
743 1642
716 2651
1657 813
618 2845
3720 430
1250 2271
2127 2896
3360 3690
2887 2252
3511 870
3624 2761
1819 1741
332 3831
3265 2484
3568 1694
83 885
104 2667
1109 1365
462 1846
3103 3808
3814 3099
211 2524
92 2484
1742 3651
671 1716
3454 979
1488 983
727 782
3117 1588
3608 3151
2538 2404
759 2174
437 3491
1401 3596
3710 1267
3848 53
411 3585
325 1335
1481 3698
2064 3817
261 2904
1246 2065
2941 3290
792 2239
831 1082
3869 2113
732 2899
593 2718
817 645
2749 187
2398 172
345 2514
2737 2736
607 3095
921 3572
1563 1850
751 167
1498 1907
3705 759
1917 3780
640 2423
3500 216
712 3666
2818 2596
2020 2039
1602 1838
3317 50
3795 2914
1295 2744
338 657
1860 845
2427 3005
796 879
943 2091
672 1173
2944 2827
1981 3471
717 3606
2360 2855
2401 2213
2958 982
2386 2362
834 2986
155 3494
1159 812
666 3470
961 1946
868 2672
559 654
1690 190
284 1160
3571 2106
1325 375
1283 314
1848 1331
1044 2769
1595 3196
99 2286
1356 3562
2207 2558
2444 2634
1426 1664
287 124
3624 1146
3766 3742
1767 2903
2513 1046
1005 2848
3508 3609
3510 274
2415 336
1882 2346
2423 2369
616 2381
3618 2474
594 2164
412 3216
2468 1242
982 1915
3232 1877
673 2460
116 3616
3457 613
3617 3299
3672 1522
2323 1023
1001 3616
240 1035
2263 355
2034 143
380 874
2455 3009
2900 2537
129 3220
615 3548
1029 2567
1508 3702
1602 928
2846 2119
3536 753
1228 3035
509 239
2519 3166
1437 2267
1783 2613
3330 2991
3268 3763
1 1058
2432 2244
1350 3216
1782 2379
1517 690
2653 2359
1339 208
1979 1131
1159 4
3831 3366
1505 3615
1988 3870
1051 412
1045 2062
2023 2947
2260 458
2589 1152
1902 775
981 41
1215 3770
35 143
544 3631
2054 1753
728 169
3188 2029
2608 1906
3253 2007
995 428
681 1589
2658 838
528 695
3235 2839
217 3329
53 1471
2215 2152
3862 2816
558 1489
3607 1630
1523 2311
3469 2179
1576 829
2905 2549
529 1431
2335 1270
2241 2224
3226 623
796 2581
2259 574
1123 135
3221 3008
713 1581
599 1521
2628 413
3305 2846
3381 1283
9 2084
2048 1139
218 1115
2925 1690
2641 2039
2120 785
739 577
3673 399
2083 3072
2064 1379
3022 1401
3266 1712
3166 111
3825 96
776 3579
2675 2384
2419 858
85 1848
1275 1295
82 3154
2179 3207
979 146
2374 3296
156 3617
1925 2224
388 2735
1076 3757
3110 2147
3545 829
1623 2479
3341 1471
3074 3090
1197 545
3381 3051
2543 3173
497 1733
335 3652
1351 1568
458 2863
2285 2300
974 1722
3642 3091
1005 3879
3080 3863
3595 994
2460 1014
3059 1731
2248 3734
92 560
2005 1638
3113 1991
160 747
943 1101
3553 1863
2523 484
1992 2740
3491 1412
2411 243
1497 1797
122 2022
3331 461
2359 486
94 1167
1935 3257
3648 541
78 3833
1967 715
2099 2173
3397 2729
3665 3491
284 2440
617 3688
3631 3431
3238 2316
1166 3871
2710 84
2638 2976
960 1139
3029 2622
2670 3516
1780 2892
2127 168
2992 1300
2070 600
527 459
3210 3555
27 389
2275 1395
2524 809
376 2171
2003 3818
574 3424
1878 1105
99 2093
2857 472
1473 3528
48 110
164 2124
3268 1037
2242 3482
3298 292
3626 2961
3589 574
1051 821
868 364
488 1397
3534 3810
561 146
1557 1370
480 1379
1162 1478
689 1102
998 2483
299 2524
1961 2811
1972 2848
1012 1190
1665 2155
102 796
214 424
3760 3302
637 521
2789 2085
2758 75
2891 299
3032 190
3260 1682
2163 293
1646 2942
3127 3592
2513 1598
165 3467
1345 3012
897 9
783 3532
482 3812
1128 246
2652 2887
2833 3400
1177 846
2897 733
1104 2298
2746 603
2533 3281
1476 803
878 214
3795 3802
1214 1413
2594 1788
3156 1849
3670 1018
163 378
532 2785
2586 1333
1301 1038
935 367
2072 95
2592 1004
1651 1973
1568 369
1246 1673
3237 634
1307 592
835 2533
88 2924
982 1752
3411 299
3536 1216
243 2587
398 3508
330 2380
601 270
486 495
23 2263
2792 2615
2582 705
100 3828
425 1572
1481 1606
3014 2893
692 3404
1006 808
2331 1208
1033 1297
2680 334
3474 999
2548 1186
445 2670
3357 2781
53 1725
1502 1005
1947 1669
3785 3066
2032 1085
3444 3215
2852 2272
555 1450
2260 2528
3099 2199
3422 3749
3709 2852
3182 3696
2387 1118
824 315
394 3386
906 2361
2498 1416
1519 3557
2030 3278
811 2336
115 2739
54 1967
1096 768
2904 2642
717 78
1452 14
1856 877
2782 856
2195 16
2200 3253
992 2849
2004 2361
2244 655
3349 463
1579 3483
3748 0
1462 487
2931 1537
2938 2372
339 984
974 3070
1242 2068
1563 1250
3390 572
710 3125
588 3758
1630 283
2934 98
2170 3516
3329 2646
2237 3795
1188 2490
1660 1234
39 3068
1987 2461
2147 2334
1924 3468
1855 3362
385 1638
3015 740
2185 2448
2043 3600
750 2866
2441 810
3780 607
1746 2100
3209 2569
3603 457
3587 2058
2554 570
1427 891
2959 2181
460 434
2448 2917
3721 3417
584 90
1640 638
668 2144
1473 2998
170 653
3119 1949
747 792
1242 435
2011 1678
2104 98
3439 2764
268 3368
3527 2487
2989 2286
3648 1408
936 2592
1544 3674
1473 2854
3668 3775
1760 831
2280 360
1940 1522
1930 3331
1688 1658
3603 3113
1978 2099
480 485
1759 1348
1540 1895
3095 1783
857 2062
885 1400
1941 3623
3645 1272
2885 1935
3357 2543
2214 2457
425 3293
33 2143
353 822
3320 3661
3675 3192
1348 3322
920 715
1356 2569
466 2815
2435 205
113 2989
2726 135
1574 3278
357 1127
1988 1061
3330 2510
904 3091
2142 1514
368 1526
2303 1385
3707 3530
1716 385
370 208
1420 574
875 663
616 244
684 3678
2762 173
742 1775
1008 3
747 3083
181 2013
2496 2562
2544 3822
1546 1626
1590 2343
2409 1304
329 742
1541 2361
3820 3247
3557 1984
3089 1176
397 2421
521 1048
318 3482
3478 3323
293 1896
1376 43
747 1561
2509 2025
2369 2666
659 3115
2093 3237
2954 2003
2511 974
1132 803
1478 2932
970 2828
1638 3462
3639 1277
2774 1734
3737 271
1330 3238
864 2570
1553 984
3036 314
1347 1573
2935 2522
2743 726
1705 1101
410 421
3526 1239
576 1750
1116 1468
2010 2704
1182 2326
2586 675
1845 265
3621 2117
2048 3281
493 3087
703 1778
2144 3037
2397 534
991 1404
1937 1814
3124 2447
1408 1535
3204 570
126 1883
241 1751
851 734
2431 1442
1536 1280
3530 2461
1092 609
1536 178
2619 3802
1738 3614
1391 2917
2065 2541
324 837
1594 2084
2641 1533
1959 1170
36 2097
1373 3567
523 380
1233 3077
2305 2594
3110 1161
306 2549
2546 1866
3128 2265
3730 2869
3431 2629
2269 1538
3017 3689
3162 2166
3646 1436
1929 1312
3432 449
304 3214
2640 2924
1330 3540
1513 3745
3799 2911
2605 3661
2167 2316
981 1680
3756 2980
2312 2589
1135 829
2766 2023
2014 125
2964 360
1690 3846
3283 2014
1411 1438
466 880
612 2968
1369 1998
273 281
2896 1217
2745 1126
2847 2628
1608 868
2060 641
2332 3157
2683 2070
2472 300
2542 3676
508 2358
3830 1550
1709 2126
2106 2217
3683 1476
1371 3092
3149 2124
2225 1006
871 48
3183 3654
2263 384
2432 2597
1447 2344
1661 1570
3092 1
3067 1639
1107 2067
959 1311
3765 2955
2999 1283
141 186
2555 2198
1247 1479
3676 1019
2623 567
1213 2677
309 1631
2707 3831
1558 3867
747 2795
2194 2309
95 1408
1513 101
3264 1120
2239 308
2404 3025
779 2003
391 1450
145 2017
1876 1015
762 2550
2823 2070
627 2195
1520 1430
1050 1505
2894 91
603 1627
1722 1487
895 1574
1679 2134
2913 3761
3132 3762
3576 1376
1424 1221
3017 743
1623 856
29 1511
912 1912
3295 1425
1651 3331
670 2671
389 3374
2269 250
2853 427
1823 1990
2449 2112
3227 2395
2698 3347
3201 981
627 134
2839 3022
3737 3876
3611 3360
839 3041
1991 2948
3008 2579
1992 3428
2257 2498
1440 3116
620 1104
3482 909
2371 1849
3823 1902
742 658
2942 94
2241 3623
3529 3032
3710 1125
916 663
3677 1118
3415 488
192 3171
2060 63
2521 1181
3322 563
971 1484
3755 1423
406 577
3368 2313
3368 1905
1165 1904
3228 3286
2194 1587
3626 2971
3424 745
797 1082
1963 3480
33 3011
2740 1864
484 3029
1304 1052
1000 2671
601 969
2505 414
1468 1065
1583 2119
2623 2574
2218 671
3043 2051
2932 2791
3225 3505
149 51
2228 3017
1945 212
522 934
109 3531
2698 615
2238 78
2192 1516
2903 27
3548 1353
2521 1164
2569 2548
3083 2886
3643 400
3869 64
319 606
1665 2703
105 2781
3855 2573
2176 133
1698 2077
255 3607
549 1249
2438 1967
623 960
2557 1528
570 1378
791 429
423 283
1079 3221
885 530
619 1496
1366 3086
3872 902
603 2878
3471 1205
1099 1091
712 388
3130 1902
2655 2307
2511 3034
3634 516
3269 3796
1070 593
374 192
2552 832
1520 1327
2693 1152
1499 1894
1474 593
579 1540
2237 982
2188 189
2464 2036
1680 3295
3444 44
3323 2671
1110 13
2753 2533
1887 2024
2693 3152
1578 26
3071 852
3448 844
1339 1692
2495 1344
646 2203
3791 937
675 351
634 784
248 2549
2276 2116
681 2180
2292 1693
862 1023
3640 1594
1152 3737
2586 1214
2248 2095
2022 2414
1819 1647
451 816
894 1208
1303 2890
571 3075
1654 1446
1950 818
3425 3128
2610 524
3075 2046
1222 2263
696 729
2415 2666
1304 2249
1767 857
2130 1925
3495 213
16 2207
1415 3873
2194 3785
120 2011
1681 1022
2579 2003
3190 2931
3039 2116
2229 2022
2059 1419
1917 31
106 1634
3114 2463
3793 794
1497 2090
3432 2362
2129 1459
3744 3100
2460 3837
34 2358
3797 2350
2931 20
2705 482
2882 3267
3547 238
3257 451
2546 1774
3676 2472
2657 902
603 1185
3861 599
1664 3581
1330 2499
3094 443
1948 2248
3435 3828
3125 1828
246 3638
1254 2396
113 2912
470 1526
2130 971
3358 3038
1998 3822
478 3558
2482 1051
2061 478
3470 2035
121 2344
1885 3172
3019 1935
2617 3497
1032 30
1898 2915
131 2929
1762 2920
1963 2618
2868 2336
672 3396
1472 2431
1702 87
3687 3052
233 31
1969 1435
2433 973
409 3023
871 2390
1611 886
372 1136
1994 596
1578 2983
1838 2408
3231 2922
3075 3680
3316 2833
1713 3162
921 1293
709 3369
859 1214
2563 3656
140 457
3869 3331
3155 2213
2263 2853
2702 795
178 2137
96 1135
399 3129
242 887
2020 1928
775 2577
2368 242
1168 783
2005 1446
3134 2320
464 1115
942 3161
3639 3114
287 325
1436 834
2327 2183
2756 1659
1943 444
591 546
1764 490
2998 3488
37 625
3751 734
3041 2132
2473 2951
1141 2634
2509 587
123 3356
2263 1522
331 773
3705 2836
1115 1530
858 1674
764 3746
47 1684
1216 3543
2263 2776
149 1856
859 579
1174 331
2471 1963
1524 450
2957 2106
1619 619
988 667
3392 1654
1288 3565
3320 744
307 764
1028 2204
68 2450
2002 2767
2286 591
1440 3409
2284 526
3461 255
1061 463
956 3041
148 1340
3705 2388
3662 10
3139 2098
2639 3584
620 28
2300 1200
2491 687
3809 2992
918 2816
489 2380
843 2971
1209 1838
455 2946
1466 1618
1651 2752
3392 2932
2054 370
539 797
1888 1285
2620 1042
3690 1836
3611 3075
2303 1616
972 784
2363 3574
3149 2464
2081 1685
3592 3478
2993 2964
2130 1310
2160 689
185 3693
3420 3071
657 3604
2469 2942
605 759
2377 2369
3866 3706
1655 1373
1935 2923
3280 2924
1438 1760
599 821
1004 1105
756 1511
1624 3122
3343 973
2659 1979
937 622
2598 2294
1565 3614
2789 1769
810 3297
1532 651
2403 428
1447 660
543 3714
833 1284
2146 3718
2975 1944
3379 3626
2426 3470
1292 2132
434 2464
1167 1168
1254 1244
1062 829
917 3874
3580 1456
2059 2155
2429 1955
1792 3252
3401 221
1200 2171
2010 3656
1510 1242
3121 1227
2847 2559
1921 968
2993 1624
930 2032
1704 3659
3700 2445
1852 2764
3277 933
2447 1611
1994 1755
1790 771
205 482
2213 3740
3261 1499
2743 2083
3840 2225
3836 2144
2137 1600
515 2210
1651 2017
683 2417
2592 662
1367 1478
2516 2058
1865 629
2905 3476
9 3458
523 2153
2404 736
2847 1316
587 1232
1831 2756
749 1225
1001 1454
459 127
2302 2646
458 676
955 3618
1841 2666
2957 3233
2114 25
2419 3716
174 2047
1541 2997
3600 3489
1555 52
3872 1937
1515 1120
2112 2583
328 2273
3012 2204
2879 2152
296 1340
167 992
2023 831
2885 3025
1705 2516
1373 3399
1347 2781
1891 3099
562 1099
1469 3367
82 2296
1745 3316
2411 55
2175 1321
1389 527
1337 516
3242 3758
1630 2175
1586 621
1533 3475
158 245
1065 2016
3566 1927
624 1605
1194 591
1204 234
2332 3445
947 1366
1920 2469
1458 1972
1731 819
1772 1817
31 652
3390 3723
2813 1808
1931 3719
38 1009
1871 1547
257 2359
2727 2116
1329 3029
864 2263
2489 2763
1215 265
3772 721
3073 1542
2157 2409
3044 704
1856 2105
462 3523
3051 2177
3093 3385
3322 1816
2185 2463
2246 2221
1364 2727
2661 1285
2687 2648
1014 3320
3089 1362
3804 225
2945 1792
2737 3060
3247 3580
3248 3182
998 958
2046 1384
1426 27
1 644
3459 1988
576 2847
210 2449
1977 1544
856 503
1246 2135
2064 3809
931 1178
17 3269
3288 287
2537 3876
3825 42
2761 219
422 504
3872 1975
1255 2959
2742 2326
2905 882
3412 3726
3701 2774
1861 132
2255 3203
3503 3627
3857 380
838 2773
3301 1668
2563 493
2691 1557
3866 1379
271 2689
3516 2832
1501 920
508 3334
3493 1179
239 1605
1747 232
2092 2807
2381 3609
117 978
1637 971
2615 3545
3828 807
1247 3645
956 1377
993 1838
599 3350
1007 1913
2389 223
2290 3222
1682 3186
2542 3442
2924 513
2774 65
3229 1985
691 2495
1521 2788
503 3042
2121 3009
3837 3685
1708 3586
3843 3698
2181 889
3821 835
2417 2553
2723 3362
2214 1707
1724 186
3406 2640
3587 1870
662 3607
3195 2349
3695 3283
17 685
985 1986
3334 180
2858 198
1806 3595
1243 259
2034 2234
1661 2614
3842 3245
1881 1854
2929 1511
3874 3590
2387 3380
2531 1756
3318 2006
341 257
989 1042
1409 985
2014 1967
2122 757
2845 3693
1736 3012
730 1894
321 1848
3369 3204
942 1858
2720 1207
578 2177
2602 259
1035 2680
1076 2158
1429 2720
2111 2142
2036 2005
3693 704
3744 1914
1826 179
934 1084
2966 2812
143 2412
2938 908
371 3329
2106 1980
2659 2491
2239 1777
2877 2694
1582 2335
1463 1697
511 1188
972 634
3366 990
1991 3396
705 2209
1471 3718
3400 941
105 2647
1091 3580
2499 598
1724 1319
3730 1292
1803 2403
2485 2877
2015 3120
3101 532
425 3483
2912 1307
2912 1282
517 740
1942 616
3460 2487
1388 2045
1876 2400
2851 3532
1203 3250
126 2687
2406 1990
1661 1254
2015 543
2512 1644
294 3286
1397 3201
734 2579
2716 510
3051 1099
3012 3209
2347 3542
3824 872
2101 2078
2148 755
1461 2117
2863 192
658 3304
2131 1421
26 3300
2393 1342
1321 1971
1426 2489
2595 2899
1736 191
1054 3845
1771 1520
2510 543
882 910
1641 2845
3816 1589
35 3610
3496 722
476 750
3045 2939
3642 3848
213 757
2110 1349
2153 1936
3834 1753
859 1244
2398 3698
1992 3127
1810 702
1887 2044
2319 647
418 642
2816 3474
3154 1309
1458 3120
2321 1782
410 2041
741 3585
985 44
914 3745
2752 309
1288 248
1585 3268
449 2408
1137 2501
1444 2277
2880 147
3701 3218
361 1758
852 1525
3278 3747
918 981
2516 199
686 144
815 2755
3583 3838
93 3654
2435 2816
388 1272
697 2471
2162 1171
3623 941
3306 204
3688 3687
820 3423
1762 2730
703 162
1899 774
1718 3501
1352 2326
1369 50
464 3601
1082 2042
921 641
3670 586
138 561
1592 1852
1893 133
3276 531
2164 1426
483 1762
3065 338
2333 560
241 1493
767 216
2630 1616
569 217
1354 3194
948 995
3261 254
2569 2966
987 2906
408 536
3859 560
3784 589
1600 3508
3474 2623
1117 3855
580 504
2894 817
2090 3622
475 2608
3794 2825
1745 1807
3088 3360
86 1105
1143 2960
140 2851
1205 2603
1991 3533
464 3005
3425 2374
3606 64
3777 3745
3712 586
1280 3436
18 3503
2969 3052
3449 2211
1968 3641
2419 48
1071 691
285 3221
2700 2581
3190 2944
2135 3400
2331 2790
3463 2544
3277 3035
577 3349
2206 2280
3327 72
1307 336
3027 3839
298 2396
3472 1864
1320 697
1061 1480
2649 915
2333 2455
1003 2871
3080 2130
2103 1958
795 2325
3508 232
625 3058
2326 1615
2812 3136
840 2289
662 3178
793 392
2291 346
651 2465
500 735
3350 2039
1284 3150
939 1528
2645 2079
1276 1966
97 1327
231 2720
2597 2251
1613 667
2094 2237
1717 3810
3359 734
3347 3794
3195 2940
296 649
2678 127
3074 1415
3586 3794
542 508
3707 821
1139 2332
391 2932
14 909
3170 732
3693 3823
2325 1737
2464 463
3106 2911
673 514
1413 979
2028 588
2780 2308
3592 1984
2967 2553
3044 1898
3727 879
1681 3285
2894 3455
2849 3243
1195 780
2164 2798
1657 1131
2074 2213
449 256
2235 3421
1372 304
1324 3399
3014 1853
1924 2947
3631 1543
2984 1872
3172 296
388 3600
772 231
1452 1819
1099 1016
3076 680
3446 464
2619 3343
1267 2345
1529 2124
547 3114
3146 1176
3841 3758
3450 849
846 878
1763 1821
807 2628
3505 3736
598 10
2542 46
2908 2047
2808 2961
1674 1748
567 3339
2183 1447
1795 3356
611 316
2078 1614
3825 2254
2410 1518
2771 2176
795 1029
169 1355
1557 44
422 3615
3704 234
1083 1555
1052 2130
1009 2881
522 3462
1442 1231
3098 3601
1018 3318
3476 1546
2150 1878
3753 944
2062 1890
376 3004
1545 1439
2645 1381
1771 596
358 2075
2629 3802
3091 3556
1394 2461
1445 1927
1955 2687
1580 2518
3760 1739
141 173
1579 1279
1055 3102
895 1012
2221 2747
2875 2333
2768 2532
692 975
1949 2673
3321 3011
3699 934
1665 1518
520 1217
441 2949
3121 3827
249 1803
6 3253
259 2076
99 2236
3660 2411
2207 3413
3613 506
971 467
740 423
2784 3795
337 3247
2765 2282
3517 2836
3725 3483
1939 2029
3688 1098
1621 1744
2158 2680
2649 442
1300 1437
1251 1110
94 3758
1852 1654
142 3266
752 3375
155 844
1487 3041
3463 203
1206 3046
1300 3857
3066 2493
2997 3387
1426 1788
377 1331
3337 999
3145 411
876 1673
179 2287
3190 1101
1953 2170
2069 217
1220 423
914 2814
3106 2247
3053 2780
610 1198
3213 2831
1990 2646
1619 816
818 2877
1827 1298
1739 2071
3777 389
221 2923
2707 3245
3332 3811
3849 1164
3782 5
2276 2385
3389 1346
512 2106
312 670
424 2826
1383 3331
1615 1845
1409 1140
170 3108
3667 2168
2880 1375
2153 766
601 817
3284 2262
2491 1791
3814 3568
394 161
3144 1977
142 1190
977 1799
682 822
939 1067
158 3655
339 2611
298 2637
1639 569
2231 3230
