1240 4000
507 895
1197 387
1044 1031
97 945
413 1067
6 392
491 520
774 241
520 900
390 314
670 145
978 181
1189 1043
113 86
141 594
856 774
920 604
324 209
251 831
988 951
221 200
2 657
1047 318
507 955
643 172
1120 263
777 804
703 812
985 224
13 750
992 731
662 1073
479 531
244 7
510 1076
754 467
594 676
879 255
343 861
1017 40
387 1129
356 490
163 1147
578 334
1236 520
1167 1058
615 879
566 38
979 650
1003 361
967 969
447 1231
851 1041
1025 43
638 950
368 990
527 5
683 917
694 726
282 799
311 1179
56 1178
290 162
34 954
225 13
1238 782
1126 1026
108 493
339 262
134 255
474 106
525 208
829 916
1012 724
413 855
956 755
205 607
1080 142
819 471
967 465
512 363
38 1168
352 4
50 223
32 354
253 988
1142 109
990 90
1 255
217 86
743 1232
862 806
722 527
363 371
1165 34
801 911
22 557
305 1149
193 326
1199 954
950 880
131 581
1018 1149
812 267
140 48
917 848
430 258
878 833
690 71
1028 1069
535 597
1184 645
33 75
1127 255
1057 315
22 1123
1052 0
493 915
777 861
341 502
1105 760
864 397
452 570
410 407
248 201
607 734
869 751
586 969
417 388
930 361
677 744
246 643
1207 1088
194 1142
1036 39
89 17
1056 206
873 1047
840 880
207 1120
267 919
689 970
390 441
1013 239
1172 728
229 503
932 955
522 521
1179 124
318 590
577 968
387 592
849 700
874 475
1124 17
603 624
815 850
642 1126
796 87
552 659
643 685
404 691
325 100
405 417
1157 750
1070 1114
673 942
1060 1108
866 1009
784 44
678 1155
824 371
814 312
325 317
1163 724
1126 361
1170 982
197 126
975 555
172 833
256 303
840 1134
120 762
292 130
386 449
1105 680
770 114
1058 1028
146 491
36 685
903 412
935 653
273 673
32 889
123 682
250 178
228 1000
618 942
231 786
636 1084
719 494
856 884
884 1044
1154 22
1044 78
192 380
623 1134
390 499
129 445
670 528
368 420
840 108
540 58
766 997
357 639
799 455
374 1115
45 526
660 1074
344 94
426 1076
800 268
569 868
388 620
850 135
432 411
793 886
598 857
839 910
613 875
896 1069
922 7
203 880
197 164
720 1099
199 631
429 594
1155 266
1121 652
682 844
278 652
781 708
596 775
135 677
285 802
814 1082
25 140
1211 920
719 726
965 612
461 343
899 272
729 294
1036 417
1119 2
35 588
722 972
590 853
900 156
566 1160
102 1001
717 1224
126 707
204 342
859 944
302 127
853 1217
605 490
565 1013
794 117
812 357
96 500
136 509
240 741
673 1173
1221 824
556 874
1208 194
843 550
574 355
857 908
562 41
544 1225
712 211
553 711
973 1153
935 374
1028 1203
1107 613
868 120
206 29
621 922
951 176
24 300
406 1236
269 975
790 372
234 1067
1077 200
704 241
203 266
519 716
814 803
1048 469
268 503
880 546
646 135
417 231
320 642
19 131
133 431
1088 1194
157 1196
48 611
443 173
17 1166
935 328
201 439
1176 576
1023 734
932 407
472 567
348 896
874 948
924 207
153 530
1059 848
40 227
230 1106
669 31
218 671
421 39
700 674
124 812
1199 283
576 107
328 1111
102 502
878 1113
68 770
615 514
239 658
1238 990
729 1101
905 981
192 13
225 103
638 1116
467 199
167 1119
337 813
712 937
1020 218
747 72
299 708
11 303
719 1005
605 1201
776 282
922 452
908 191
390 475
366 583
402 1004
1162 109
1018 1181
279 781
125 48
1211 165
755 954
200 1145
562 13
917 901
572 293
608 1115
527 659
1109 916
672 224
229 935
614 705
654 221
378 1081
331 607
689 1090
3 1149
117 654
1058 540
322 537
452 641
187 875
787 623
314 672
479 339
1099 718
471 676
451 537
814 1202
1088 645
350 692
416 407
467 684
810 812
1094 715
274 886
773 314
686 575
764 797
106 391
658 160
489 538
599 822
497 108
510 587
871 104
76 824
1117 1196
442 976
779 239
953 409
339 429
780 376
1180 106
980 661
529 783
690 620
876 634
441 373
906 301
1027 689
768 230
117 940
1118 564
256 940
304 565
1034 688
951 191
566 521
736 1175
1066 285
164 435
149 205
637 1196
483 698
959 873
15 164
179 1084
1038 1079
519 118
301 125
278 0
913 1042
547 1124
458 1198
334 736
54 339
682 604
570 892
461 863
25 354
756 583
641 843
333 1033
682 454
351 1032
743 927
751 63
1112 1106
256 538
1096 1104
666 796
132 393
1085 98
706 817
1141 1089
566 901
840 20
905 246
740 584
186 1020
434 877
783 1189
481 1123
484 58
233 821
182 997
593 47
1205 72
88 205
1217 566
149 364
503 112
254 898
858 827
83 312
314 359
427 450
386 1158
872 566
435 707
1053 812
251 515
230 492
857 1013
521 116
1042 977
426 512
845 942
1187 790
1197 831
577 460
88 1180
85 1152
592 686
847 896
91 217
1218 414
1181 230
997 102
407 581
747 349
54 303
1187 433
942 152
18 328
782 1076
237 821
270 708
238 849
1135 888
377 1196
908 698
368 849
833 1054
250 318
650 234
908 732
1171 711
983 1136
249 136
449 360
298 407
91 386
55 693
809 1097
806 936
185 821
517 835
1172 50
1189 864
156 849
58 602
295 132
14 1175
563 1235
1077 660
1050 164
1003 697
69 799
1061 377
61 223
214 895
760 1181
1103 22
1214 536
1051 969
1216 987
400 233
776 427
540 23
690 1212
811 117
666 157
830 572
815 726
50 317
1204 1141
693 452
1025 445
992 66
576 1138
962 969
343 370
662 468
48 867
119 1057
334 1202
832 747
102 1120
175 427
1037 538
1218 279
53 936
1079 273
872 859
415 1043
577 1061
1027 418
56 346
441 262
409 690
40 427
1100 952
272 989
578 681
620 1184
218 1229
1210 1134
181 483
131 369
149 1006
680 997
447 1031
187 39
242 113
1167 1013
44 251
65 189
221 362
755 615
700 754
262 650
698 673
143 264
161 681
988 665
116 787
417 1093
765 49
226 933
877 33
1013 938
340 1134
1097 906
229 285
258 273
792 1058
920 319
1155 1221
1037 541
478 1075
105 741
1062 807
799 605
491 937
89 339
591 965
973 245
961 864
36 481
1087 531
1181 153
506 440
1236 407
1016 453
370 830
601 38
826 320
520 416
136 1003
1111 14
452 930
375 906
551 568
293 159
955 66
931 1053
169 490
302 532
325 945
850 510
5 44
368 871
155 296
610 370
806 1080
483 1199
597 1234
1222 277
260 376
1028 586
218 1004
782 352
90 106
140 1000
857 30
583 198
1105 273
253 906
645 83
571 199
198 845
485 1105
696 140
733 537
688 636
1107 1033
1102 400
817 793
760 847
957 974
1235 1083
1096 276
348 450
178 196
562 289
271 87
1155 706
702 371
966 677
598 1206
626 594
1002 1197
343 967
987 450
579 679
1201 88
427 1021
433 702
680 120
880 993
878 835
355 255
0 329
1210 458
235 508
999 251
698 233
958 418
787 758
909 707
769 1121
375 1059
435 939
317 804
1089 812
808 688
649 37
610 1113
828 418
444 578
750 640
768 114
317 262
557 968
828 470
191 90
273 603
138 120
815 893
473 758
31 962
971 976
785 992
1109 1229
30 1235
614 1116
668 1227
1106 34
549 187
837 1130
376 111
840 183
301 1238
71 368
386 1112
38 380
905 75
317 210
813 74
123 970
1081 408
532 752
1162 883
577 830
479 677
1212 258
596 379
940 907
56 855
576 1121
381 981
16 623
628 1001
873 197
221 433
330 1113
1064 942
1096 809
107 35
566 869
487 1103
254 709
755 476
697 1053
931 899
208 1122
828 448
1089 404
515 640
203 89
723 1054
1034 1042
874 254
246 222
1052 52
15 213
1095 969
512 238
814 1175
182 716
448 981
1188 865
453 300
1059 1062
59 878
828 201
171 225
1156 666
1010 949
761 394
157 727
679 730
901 702
334 927
57 102
781 1005
618 327
613 914
803 207
797 385
68 1024
781 338
540 84
268 516
1081 1050
711 629
516 411
530 1166
256 1121
844 965
891 698
471 1065
1082 744
384 391
1223 190
697 1016
231 363
1055 170
951 890
1079 1131
850 384
684 222
693 383
1238 781
1141 92
614 1225
90 51
1238 1161
854 317
761 601
950 427
803 546
619 1179
848 1027
874 692
725 779
791 990
593 1123
206 1058
1141 1208
511 122
285 760
759 963
951 1161
1030 20
1214 118
905 506
356 524
750 1161
915 441
543 890
97 576
1121 399
228 1179
70 1040
244 1128
166 159
395 215
637 779
121 933
527 1208
468 1133
956 1004
1078 153
292 991
178 648
299 304
1182 797
316 624
994 1190
1211 873
979 906
1063 226
666 476
1058 804
851 753
951 504
191 698
695 341
327 1049
1101 737
439 920
453 509
750 591
1035 1110
1068 648
1105 827
950 1080
349 863
1151 951
898 282
700 460
114 592
1188 331
253 1018
1069 998
786 428
1082 444
1195 98
786 127
807 976
82 804
958 47
8 1202
297 882
584 268
382 550
845 303
976 1044
1051 631
215 1048
1058 1003
792 1036
409 42
306 232
1211 1072
1137 563
586 449
343 80
495 828
241 1113
1064 141
898 649
752 747
757 1110
579 87
135 1151
488 923
699 1191
470 366
282 1163
925 582
421 679
568 125
969 700
177 885
2 1217
1139 668
351 617
1004 794
593 578
661 386
662 854
996 257
172 1102
620 668
687 45
128 445
272 395
167 157
510 219
400 993
63 1188
513 967
1093 773
833 1203
134 798
195 359
573 101
302 237
568 906
1091 639
232 801
765 302
189 151
1175 757
598 776
333 421
934 609
869 1095
217 425
212 76
557 1029
728 1207
1115 710
931 6
669 96
48 785
216 102
6 502
473 868
569 1197
708 832
368 669
330 1228
89 1187
376 367
580 1212
317 1021
317 620
1057 1109
988 1119
764 972
1063 265
349 740
22 100
621 801
684 802
741 550
549 822
884 256
1080 209
913 689
317 609
733 319
33 100
195 894
487 232
853 849
4 865
937 320
539 832
1100 512
769 61
1005 468
656 1238
70 899
28 536
1027 1096
284 82
387 29
676 701
1129 829
866 988
408 613
23 539
881 302
1078 921
53 1140
652 464
903 972
90 975
401 642
778 119
1132 110
1129 455
492 54
752 783
308 847
652 659
951 805
1211 1011
1228 462
250 604
968 430
135 300
505 1061
1020 821
72 367
795 445
120 495
801 667
69 569
74 1141
1186 262
1224 352
157 619
1160 635
581 1234
913 894
1040 662
1036 1149
1167 577
1040 69
1060 983
474 670
847 659
1157 446
582 549
1092 102
952 449
58 360
440 943
121 1006
514 1230
533 697
724 1016
565 581
314 244
499 749
887 973
192 454
177 1129
18 6
1193 1217
933 262
111 838
113 898
265 847
262 1079
1173 1156
467 761
414 531
245 18
678 657
1106 986
635 905
1096 241
579 535
1146 781
720 1174
328 531
905 294
1013 143
765 74
989 1172
1187 635
202 62
244 1117
215 51
597 413
256 415
923 570
286 306
155 247
648 871
280 1152
642 370
240 977
965 534
1114 620
731 905
557 725
276 876
978 924
731 84
1123 233
146 991
733 493
378 484
275 654
1060 99
331 831
650 47
937 32
1094 529
21 164
713 315
454 817
1097 33
1049 192
372 798
691 1018
721 114
1196 117
1044 645
640 211
802 389
456 233
993 638
527 1021
397 161
538 567
229 1000
72 126
475 624
202 689
1105 137
836 6
651 1122
191 218
728 1179
1183 1010
461 285
208 320
226 149
801 598
800 254
150 1203
879 68
745 1055
139 385
285 1090
877 218
26 911
368 1229
713 144
268 653
319 1204
662 43
569 401
1079 304
438 1174
783 827
93 236
211 619
1045 327
806 893
744 676
484 192
433 80
1072 1152
466 765
225 840
920 715
928 9
141 491
895 575
1230 980
1152 827
54 227
651 1018
825 1145
1095 55
1102 350
873 58
1004 716
38 926
949 94
112 255
987 1096
598 434
953 369
552 1046
1167 233
113 530
529 927
565 770
1163 731
729 12
307 428
251 394
901 281
185 717
348 1178
296 62
1017 713
275 422
36 689
139 1158
557 941
37 784
265 522
364 614
233 700
1029 625
466 424
1003 668
344 1155
509 890
1064 1197
617 1096
614 45
79 950
264 444
622 358
53 624
1159 444
354 742
556 897
770 692
1045 913
118 450
1162 191
1010 243
1221 92
779 927
1127 927
501 360
551 381
225 1133
237 607
154 651
948 598
290 16
699 948
178 127
493 767
264 1080
100 1139
693 887
1129 234
82 636
957 442
748 639
554 277
1156 759
424 1054
1065 1118
435 1008
272 217
958 602
621 357
592 597
1046 1155
429 1216
565 349
618 84
1221 680
315 340
289 190
157 579
1201 957
531 755
905 292
299 118
633 344
535 1096
1212 673
497 686
609 669
228 341
937 249
991 486
1160 1068
119 16
173 330
783 463
628 247
472 639
52 660
634 908
207 995
329 380
1113 829
313 926
397 1061
1191 842
1186 611
491 1199
824 128
625 307
366 1239
790 674
165 1119
1014 286
661 194
645 126
138 1111
810 374
826 1025
188 621
518 64
939 86
151 44
508 843
67 356
620 947
986 30
21 300
1086 623
160 990
957 755
757 99
1151 1105
119 32
69 327
759 71
729 1107
1201 1155
938 425
251 121
1068 802
288 587
1009 490
1091 1007
140 795
920 14
716 1214
31 57
378 1239
1128 822
683 231
1179 37
576 1235
469 779
1231 802
453 26
485 537
292 1022
363 656
220 631
351 1189
827 884
502 1148
13 975
84 511
543 698
1206 650
834 719
1010 855
932 1220
876 81
153 186
591 1176
1235 9
575 536
455 814
289 794
815 924
677 1108
117 967
603 739
1046 433
1131 79
538 359
1093 577
867 691
14 977
730 16
264 335
635 56
119 822
745 813
1185 556
1077 87
1079 620
104 1237
1008 1175
869 755
728 982
750 321
511 146
997 1120
666 352
674 339
505 824
1219 1030
366 1127
1144 1100
949 69
1095 199
359 861
23 362
1109 130
1120 963
1123 702
82 77
635 1178
631 446
758 898
727 426
310 854
925 730
485 530
642 807
930 13
1151 476
1000 516
823 601
1147 226
567 72
894 101
1190 364
36 1139
218 1135
802 1078
1027 228
1119 569
1237 654
821 386
740 943
190 497
1149 520
767 1000
425 943
987 815
1119 270
552 431
971 233
567 84
1002 269
545 1009
385 1220
1108 491
1225 28
1002 351
460 679
432 818
368 424
1196 1006
77 815
722 1066
891 536
729 1173
643 534
446 1123
520 1227
186 1036
1084 13
513 527
1096 247
889 186
535 937
642 874
273 34
432 44
1124 1052
812 377
589 498
866 805
145 683
1129 869
974 982
791 345
272 1176
364 396
849 111
36 443
351 553
1091 399
618 165
517 304
472 753
825 843
426 482
513 1090
722 976
860 284
441 516
419 222
624 1009
961 436
902 353
271 239
946 86
315 1083
4 1039
102 355
639 704
295 1189
1011 821
609 405
46 164
893 922
1166 639
547 939
427 878
277 394
48 836
847 1087
929 215
545 853
399 145
802 1071
955 629
116 187
639 765
980 564
371 76
724 712
934 767
107 664
287 294
1159 956
849 125
1063 77
1148 781
1084 43
310 614
1199 814
360 1207
24 745
442 1137
222 70
987 283
317 902
1178 891
18 931
995 494
190 606
227 1130
497 589
397 1052
476 812
573 262
784 25
234 373
985 343
15 926
633 701
325 557
420 216
656 1167
409 867
1071 758
923 105
1077 934
249 1184
639 3
535 862
485 143
266 738
242 590
256 969
421 218
56 1203
398 166
433 697
826 335
809 888
980 282
182 1138
90 732
655 895
872 202
1104 849
1087 1161
194 992
824 464
346 148
618 537
588 1098
323 1203
962 255
519 779
779 709
790 773
944 836
1138 542
415 1160
296 131
891 459
21 965
419 89
310 588
617 1206
579 416
995 859
793 832
1156 310
1089 1201
271 1079
674 728
885 710
242 1003
145 934
873 839
347 242
1142 446
9 48
640 666
1183 567
712 1042
487 263
1158 979
766 1030
491 851
107 858
632 654
1050 635
189 672
767 924
500 195
661 420
889 1232
1224 211
641 76
392 407
883 984
538 414
237 115
251 594
220 333
791 1197
196 1051
403 1231
432 145
124 929
637 818
694 801
1001 1128
613 811
1022 713
1218 919
488 132
41 1130
46 344
725 761
819 697
391 1082
591 1034
1004 1075
4 733
381 712
436 773
14 812
180 378
294 359
1070 219
838 35
764 419
91 1099
31 807
206 513
1144 630
1201 686
1059 771
1125 3
464 86
1031 596
360 257
32 675
447 835
5 272
943 299
635 244
822 927
356 946
1169 844
469 830
886 1227
273 802
940 33
565 1082
663 194
665 646
507 1011
1068 693
934 265
531 1010
1054 573
548 897
576 870
1040 370
840 1010
839 355
995 164
559 164
609 16
785 54
1233 1007
1122 291
453 787
842 1120
80 823
674 643
599 1092
1206 228
634 2
236 618
341 1133
1230 616
386 913
749 1067
1123 1221
789 636
211 9
1156 457
526 519
733 759
221 887
1109 7
1060 254
362 809
651 13
290 1079
361 1181
982 319
814 496
327 157
1195 471
1080 2
1226 1150
1015 109
1121 941
122 670
695 424
1060 168
550 772
714 167
41 211
635 307
185 221
1103 160
824 390
1127 319
1022 792
205 970
853 542
399 261
323 493
684 1154
470 750
2 34
315 904
1206 297
823 321
538 391
215 1209
795 129
682 121
726 349
472 446
777 292
1140 374
711 1100
1227 566
637 1032
1060 321
33 1003
550 194
258 229
441 959
489 120
383 184
335 908
378 395
4 600
1164 367
1019 64
357 130
171 361
1202 13
1192 804
539 306
359 592
268 134
1207 367
359 114
702 669
581 470
1074 47
701 432
170 1172
1048 762
38 953
22 638
1233 86
93 78
26 647
699 381
244 1159
467 51
511 1048
1055 718
962 1029
359 887
790 876
397 351
359 444
271 733
656 13
9 887
929 1052
900 17
763 597
135 662
3 536
33 360
268 676
401 134
940 286
413 660
78 861
518 1125
59 698
1235 1001
890 660
305 1059
446 42
755 1143
1234 607
603 990
479 1040
963 523
1196 618
941 423
933 1122
538 1057
168 644
1145 779
1231 916
1014 2
803 1132
247 939
958 211
157 90
917 669
56 128
1033 193
633 878
288 338
303 861
637 1072
401 700
741 72
1029 213
474 286
45 583
259 1228
763 68
143 844
872 984
489 704
955 1112
1209 1170
506 945
703 349
846 841
69 160
870 1164
127 537
208 10
517 681
710 177
1078 294
516 840
664 811
148 805
1177 546
876 244
1181 961
512 1209
838 507
1072 1110
871 1141
728 643
561 437
462 1095
477 489
34 519
973 1190
39 1218
419 679
429 36
20 677
473 939
557 548
767 573
602 314
768 842
863 957
519 52
865 562
400 981
91 694
1086 944
621 746
1058 268
215 894
685 793
273 851
880 892
1100 971
238 65
357 415
987 57
25 966
507 72
978 21
630 1029
261 998
458 705
207 575
677 611
262 444
872 623
1164 666
1177 1027
915 419
44 353
983 46
323 969
291 725
356 91
502 537
558 825
108 395
10 709
631 137
651 504
377 734
159 282
635 146
718 92
93 1177
41 498
227 295
458 469
205 768
1160 874
809 985
1112 362
373 270
1065 481
942 1215
239 443
1069 432
1207 786
639 731
1239 417
501 774
205 200
129 750
1057 1044
359 61
601 1169
247 222
443 738
222 151
985 328
626 1044
873 868
893 943
185 734
597 1209
156 1204
479 319
754 656
779 222
424 835
1034 625
1118 1021
590 592
590 780
190 327
260 197
831 989
130 454
964 862
561 859
894 64
610 532
873 185
387 660
607 1213
978 319
731 366
381 774
1142 790
616 739
196 1
533 746
634 506
137 483
713 62
332 856
1193 996
297 791
251 1053
71 210
770 655
31 607
108 387
75 931
553 426
673 120
870 424
1073 313
900 413
121 763
159 739
733 1164
1182 24
815 11
799 597
389 812
179 792
66 751
944 256
608 1232
313 1035
1229 877
734 807
419 311
174 697
31 640
1210 245
318 413
138 514
248 986
931 712
1100 959
468 545
138 1026
857 918
818 293
735 567
614 502
1192 339
311 532
1105 1057
951 294
175 1003
1173 482
440 178
759 873
8 886
559 160
1020 1042
1104 1123
140 316
723 684
1022 246
75 756
257 594
905 998
753 377
724 1081
213 644
958 1012
1058 409
1061 516
295 276
385 403
524 110
616 588
109 1061
136 211
170 738
1047 43
218 488
66 228
460 1145
710 536
358 917
427 117
212 717
805 237
211 172
788 20
658 51
582 157
30 1188
615 60
385 597
602 580
677 704
753 661
359 590
944 154
865 1096
438 348
833 1145
507 652
736 585
417 1107
982 111
1018 1010
730 943
1104 690
1089 417
45 319
382 884
166 550
383 826
7 675
1237 1046
599 220
562 889
702 1018
824 486
185 966
170 540
708 346
115 104
626 778
984 732
0 1128
433 709
655 1011
546 1034
534 704
1061 939
936 1110
982 1148
404 896
553 1219
303 720
170 1118
304 1033
155 796
223 896
477 876
310 450
917 1176
1152 1234
290 1098
1142 331
104 247
775 568
277 536
33 919
713 121
659 51
118 104
975 1124
864 1033
1095 938
567 1150
919 1096
197 986
349 1208
1233 823
465 106
327 1230
477 148
476 836
723 327
978 644
1052 466
811 1010
144 509
892 468
348 1139
1170 280
160 317
689 1022
1038 145
244 783
1026 15
348 777
178 103
950 585
1190 259
654 397
76 932
859 550
707 668
1011 1081
315 646
783 755
634 1174
195 1238
816 518
1033 149
449 794
163 16
1196 319
281 447
25 1202
181 1139
521 43
494 287
202 569
70 302
662 404
195 1093
104 172
70 1170
74 472
222 935
921 752
753 724
795 914
993 517
709 1231
942 385
513 1120
16 1045
257 846
822 747
625 325
543 828
893 702
463 742
874 1106
611 176
397 320
12 138
514 537
875 2
895 927
973 699
1149 816
866 662
711 621
253 495
949 658
312 532
254 1232
442 115
367 426
1037 100
593 873
1190 19
754 923
1164 157
984 602
290 732
353 1212
973 1209
1011 838
203 25
762 1169
547 926
1097 732
703 733
1147 853
572 138
925 972
812 1043
1138 265
998 1164
174 559
1011 243
810 310
1088 428
1171 1003
291 979
1193 5
172 821
665 632
1076 200
1233 1176
238 78
317 1170
332 491
836 959
969 90
1218 1193
645 768
939 1218
475 620
674 759
696 682
86 1178
557 218
263 947
742 695
341 714
507 10
602 859
681 453
1169 1180
350 897
424 661
807 212
147 1216
1087 245
179 244
1214 519
74 601
552 729
1208 212
18 319
987 1064
914 14
1209 1124
942 72
569 404
996 313
917 951
771 928
1086 396
1142 138
1029 170
217 477
625 762
1224 618
156 200
357 206
374 960
713 743
725 555
1158 506
737 335
639 1086
538 269
114 291
593 860
384 739
496 810
84 442
726 435
815 2
364 742
121 387
354 102
328 1013
76 810
459 444
698 1170
1220 1157
651 72
299 360
508 206
832 873
1177 607
1130 260
997 875
24 240
485 320
921 1227
888 1097
94 494
603 940
1067 582
601 798
394 120
890 486
938 204
1140 713
706 907
168 763
646 904
640 237
352 297
235 343
37 1104
771 85
642 64
1228 1108
392 110
1134 1027
1046 510
1027 446
1057 1141
1052 1101
681 351
730 960
603 99
82 1203
726 452
406 939
437 563
557 974
632 739
226 420
582 611
461 308
1171 1047
661 750
945 146
45 1181
393 628
1231 955
629 589
662 5
769 322
895 1112
297 1074
216 306
744 397
133 704
820 1167
834 803
685 361
416 891
511 384
1038 1102
846 255
727 354
984 1121
772 835
197 936
767 559
242 815
627 552
288 545
764 673
1213 1226
1099 1057
97 143
446 563
166 684
483 1127
686 1121
285 908
868 465
41 240
376 1167
498 1131
525 314
921 1122
631 632
78 954
1117 532
1192 411
993 1078
969 426
1091 154
752 216
139 165
111 889
990 1127
1050 747
754 196
1196 170
342 611
106 801
406 496
537 1096
998 583
1082 79
14 1215
446 1068
502 53
387 161
468 405
752 152
855 82
447 274
264 1044
58 546
1095 415
360 652
594 19
407 547
1148 50
456 856
259 884
741 1057
528 328
727 199
343 1234
954 276
1052 505
309 619
781 260
280 1113
899 1
1111 445
1114 289
1170 705
563 215
1038 68
1051 82
141 776
907 1019
72 62
14 571
675 774
258 730
237 438
55 964
770 103
563 15
824 982
575 893
611 937
1112 195
220 614
34 668
280 77
659 658
1124 120
314 861
751 408
884 316
778 350
1082 390
701 736
16 1074
275 587
1237 860
774 16
726 927
472 661
89 1152
772 53
811 444
607 446
741 535
742 857
406 388
1194 695
653 1064
851 634
458 1192
398 1221
369 961
888 978
418 1036
880 1039
357 54
561 1136
85 555
610 496
860 1210
389 106
189 518
598 320
1025 436
744 442
18 783
120 351
717 608
257 569
605 830
1027 1171
428 229
1203 646
99 932
217 72
236 831
1065 1043
212 1174
337 228
477 740
1060 825
16 1061
461 978
149 111
768 232
332 447
559 942
984 425
996 1133
860 1013
850 62
989 677
157 119
878 358
561 235
469 1069
575 858
298 145
599 664
1119 155
739 579
648 1228
850 296
1172 311
318 520
224 295
358 1089
1164 253
557 644
417 563
414 566
81 1133
169 1029
106 457
652 133
829 812
296 602
138 1224
887 1139
712 259
336 546
684 1076
1163 488
871 792
29 1126
1096 696
5 354
491 1209
403 680
513 611
921 1032
15 38
394 511
1147 278
400 874
557 912
167 213
1038 1100
655 135
684 1169
1143 815
520 523
1189 386
620 322
1155 958
720 973
283 0
294 467
289 587
766 245
353 177
698 532
729 278
1110 107
1038 695
438 831
105 890
1021 1114
276 743
300 456
394 979
597 466
89 122
471 238
20 775
426 595
166 1061
492 59
851 50
932 1140
428 1123
235 100
400 238
939 392
330 1133
1225 805
413 603
925 777
750 76
452 221
113 1077
393 593
1218 513
250 381
210 99
370 479
1177 791
696 431
1139 763
1165 790
307 697
34 176
843 513
753 836
691 47
358 378
389 948
654 754
1067 260
258 694
50 1073
1094 1188
802 900
604 566
139 879
782 287
35 710
489 914
315 1143
686 507
216 106
652 874
139 143
730 991
468 480
394 1178
1032 1080
816 577
175 985
249 94
325 1120
1114 410
594 725
1064 1118
1193 1081
713 1035
1123 312
372 861
389 887
475 471
916 604
261 701
551 219
19 413
175 592
344 889
935 810
308 54
80 1000
1006 403
373 377
218 217
1016 90
536 538
259 1008
744 1008
135 1170
427 84
607 227
846 1136
637 851
418 1064
375 869
560 431
349 734
333 858
335 261
351 1157
1112 1005
1143 949
715 770
515 654
1161 670
468 126
1096 1061
951 697
281 1225
937 192
819 890
1153 392
541 744
84 268
1199 742
581 871
41 99
528 82
896 823
1047 851
263 599
215 1071
988 682
844 978
321 1007
1017 622
955 972
377 215
458 261
321 426
831 1001
122 824
593 773
631 998
1073 365
967 681
719 1009
847 614
1009 1038
235 593
738 610
171 542
320 696
160 254
289 938
1063 588
61 678
1125 610
1153 123
1007 356
961 84
239 1090
733 227
393 1113
70 551
419 823
511 1047
745 945
672 354
784 231
1136 1227
598 965
1220 304
796 431
227 1189
1082 776
410 506
1087 301
831 403
747 478
1182 946
788 662
778 274
672 828
1223 411
1103 249
707 51
267 557
839 406
106 552
493 905
29 601
181 371
826 852
590 342
317 940
337 953
841 1211
871 647
256 922
18 565
848 350
932 530
35 285
663 1153
688 360
1203 869
448 800
982 624
1198 617
1097 1016
113 563
505 1072
879 333
738 497
609 365
573 1130
117 386
973 985
728 1210
869 691
314 369
591 1035
379 407
800 939
476 1217
465 882
1069 84
1002 1230
987 400
905 279
5 1187
555 20
393 836
1126 1167
646 1031
88 228
331 138
847 305
1141 806
1143 1185
250 182
645 766
220 36
946 631
1213 525
456 720
1058 645
760 630
1126 773
119 261
412 84
213 1223
414 17
1155 1218
962 410
223 910
317 920
198 357
760 1086
1081 94
84 646
1107 1227
566 904
574 220
1007 595
584 514
92 650
1144 625
592 447
871 889
781 1212
35 995
1140 1205
706 47
891 652
1045 317
713 1167
1050 501
109 612
152 356
1134 876
298 681
1056 446
464 634
350 277
125 747
1097 1067
434 1166
627 352
491 660
1168 1005
499 522
629 1006
473 1173
467 276
821 112
53 1131
263 192
1195 516
1176 751
528 182
1088 410
566 867
369 699
887 1237
532 1107
959 669
743 464
403 737
670 889
1147 258
1128 1116
1018 342
176 97
468 1222
960 999
424 962
1076 678
602 966
505 823
74 818
391 562
1151 962
889 910
562 842
1175 504
1078 348
423 359
1136 1175
692 825
705 1103
331 1191
898 433
120 560
963 515
490 76
987 395
1033 1179
774 761
12 303
702 774
898 699
602 333
938 750
978 821
1055 715
354 808
668 149
168 811
990 351
206 800
224 682
400 1038
450 849
532 718
531 996
819 492
927 1116
251 1098
1235 1217
645 148
1118 31
892 484
464 239
694 1136
489 864
194 91
476 829
249 1176
441 689
1139 1076
1036 1047
198 70
117 67
1215 316
1132 182
748 611
301 445
379 761
1169 210
228 804
1038 674
1187 1001
1202 841
167 1120
227 1025
886 59
60 768
455 143
920 8
344 1178
442 303
1161 363
516 1005
542 892
348 333
483 1084
609 214
96 976
1202 178
577 757
1141 957
510 332
1146 440
146 983
114 1053
186 515
188 898
294 523
49 397
632 451
555 796
661 65
171 971
1071 911
237 796
626 457
703 87
1103 753
912 760
297 944
1019 1001
1118 733
974 1176
457 472
871 1076
405 159
233 451
835 996
585 39
377 602
629 1097
624 742
731 956
811 1190
171 24
641 63
326 681
1237 950
720 1070
385 643
941 1027
26 984
34 1061
1174 214
1046 981
878 662
1158 159
489 63
553 997
1131 954
1144 997
907 854
1008 302
254 288
932 173
175 448
503 152
816 1008
1092 997
1202 563
328 964
759 792
280 263
169 354
276 745
994 485
85 735
426 591
1177 786
1039 923
665 698
508 456
963 909
233 419
70 449
1225 21
1237 487
1122 302
678 824
313 417
1222 859
1079 1137
357 21
131 550
114 72
1160 1060
358 60
1036 1113
13 623
826 936
647 349
564 1010
1083 863
359 657
353 258
785 422
992 371
611 69
488 232
630 503
893 688
653 616
690 1117
1158 1091
650 527
184 146
65 639
966 976
211 580
161 408
53 256
86 521
1201 699
1203 609
1182 792
736 494
139 540
490 615
174 224
613 1056
679 1037
508 1198
107 301
447 1085
185 685
926 362
857 272
453 215
676 580
134 1108
559 492
130 305
779 670
638 216
308 180
1035 734
950 749
190 752
812 13
218 1214
637 568
13 177
929 1162
338 376
717 374
776 439
149 1037
34 379
917 618
779 1101
997 1161
690 213
326 170
1175 448
746 25
1172 146
65 821
370 431
1060 149
952 1056
662 131
958 952
188 440
167 653
806 807
920 1192
703 505
467 271
289 683
470 328
832 590
1142 484
936 786
891 388
636 1184
457 637
880 621
104 1014
177 1227
726 202
626 506
792 1195
255 305
127 901
572 1055
53 1109
695 324
1202 96
899 1003
1155 284
757 797
296 228
830 710
1004 38
1017 997
232 456
1021 1163
6 847
413 173
1136 8
1191 1092
860 13
1124 938
67 962
608 627
497 75
11 1017
256 208
899 1057
484 628
553 1197
310 984
549 803
805 187
652 336
765 1232
654 54
497 746
15 239
662 1230
1072 995
244 235
200 153
976 711
544 19
426 1172
961 717
1078 669
403 646
314 325
545 34
959 758
459 583
72 1002
317 1145
1208 933
1168 925
236 315
1063 1089
665 186
370 800
1001 358
116 590
1221 737
928 1170
998 515
983 636
327 1189
9 360
618 1135
719 1127
900 847
624 605
873 273
845 1208
694 172
685 363
824 527
683 134
608 1221
143 469
655 1025
722 185
207 1112
399 394
135 532
864 527
415 253
671 1235
1042 1070
656 123
432 386
399 423
896 90
472 802
336 923
828 138
975 1026
236 816
1141 576
1093 700
1057 930
73 225
590 1046
1037 466
1060 280
543 883
1166 47
834 168
934 334
930 144
1195 153
608 852
500 163
1173 656
1146 1147
174 139
741 311
61 347
1233 195
60 986
1193 658
639 591
859 211
260 372
991 1113
692 481
670 450
103 1138
26 1233
814 558
965 1190
1200 851
102 1102
252 681
1218 529
611 289
298 556
611 44
977 1082
103 1216
1236 764
380 1081
583 461
898 963
61 87
867 228
839 372
132 316
1182 740
867 95
604 362
1178 1147
275 606
692 286
150 725
144 551
899 690
242 663
994 872
546 0
581 640
1097 1004
944 1144
231 428
110 1129
442 577
969 1156
674 1065
960 199
1053 1204
301 118
1109 69
1036 945
748 711
997 721
757 486
728 652
483 60
643 852
823 539
469 227
142 282
374 248
971 880
277 110
130 418
519 276
57 1009
127 766
127 370
913 1174
655 829
754 652
53 328
68 593
280 761
818 875
729 355
377 1192
448 907
408 16
1145 857
344 59
380 842
171 324
64 91
695 302
525 627
963 532
435 391
447 593
396 422
862 237
582 112
446 1094
323 564
12 1213
24 1156
972 688
91 38
223 12
492 243
856 961
106 197
860 420
1024 1159
490 812
750 585
890 814
99 669
1005 582
853 1080
1108 1121
784 847
1187 1024
735 847
780 756
269 418
718 373
137 199
255 180
1151 698
1064 229
364 1232
77 263
587 710
885 954
976 636
784 235
762 456
358 882
1147 340
1068 970
184 662
1212 516
744 794
797 1010
129 602
521 443
173 894
1056 917
214 641
330 373
282 1230
813 89
682 922
347 265
411 565
1131 287
1123 382
145 401
1052 1092
757 711
684 329
886 1137
253 287
416 616
539 562
18 291
322 19
1238 912
785 765
692 1009
262 1213
428 695
879 527
1195 1108
459 604
38 575
262 775
1229 167
93 1093
455 1019
177 1142
977 892
1178 1047
1200 346
617 395
71 8
783 350
1042 1105
304 943
278 675
1181 987
495 799
258 900
72 464
643 791
411 326
453 1127
1100 489
251 304
1112 644
1103 216
1091 1166
638 979
1150 18
225 688
56 333
312 793
662 71
517 644
26 291
286 314
534 1024
154 61
704 461
992 1008
1116 202
180 554
495 979
193 977
264 1029
1088 967
512 846
49 1230
621 887
927 407
1040 1208
264 121
523 616
948 641
136 960
552 771
766 1096
257 65
323 792
810 433
1235 815
388 746
968 340
226 1196
53 174
214 551
1221 774
357 605
683 979
97 750
1106 711
740 867
1237 611
134 191
145 1099
592 554
198 553
481 327
228 482
284 631
219 516
600 145
317 400
160 1005
602 1064
333 42
220 295
761 183
555 544
939 1113
193 298
612 282
512 1195
826 11
406 325
914 1128
933 937
903 651
717 617
422 204
154 147
994 949
344 849
473 30
578 655
998 981
971 838
542 1194
546 1077
524 738
770 146
1032 673
851 1121
695 360
270 569
922 627
179 133
967 794
775 793
92 884
516 196
1159 991
705 890
348 319
1169 822
242 429
774 1230
484 676
505 509
361 1144
53 450
273 492
510 1156
390 555
720 127
965 418
1180 54
66 799
624 409
1215 1037
177 311
1031 993
322 317
401 202
816 822
601 104
459 392
165 111
643 14
469 1226
998 229
1168 891
274 591
392 171
642 14
27 36
495 541
718 84
202 203
794 559
396 170
985 653
975 530
1114 1149
1002 187
548 1032
651 1054
116 137
762 1129
67 130
1039 990
217 1121
285 1183
481 1155
691 566
1004 418
805 295
412 1087
418 122
1010 942
874 672
101 967
196 87
1229 1048
690 909
1230 624
246 698
760 393
7 840
464 254
996 674
1235 611
779 594
588 422
577 209
682 55
610 981
1179 1005
787 992
1218 65
599 979
400 702
843 835
102 335
968 885
641 137
282 400
129 458
651 1170
479 576
693 444
677 669
643 671
755 41
701 674
452 565
212 232
361 1168
965 1061
1156 511
986 1041
903 1054
781 832
742 351
1195 104
325 39
849 465
123 1103
740 447
787 219
1238 444
325 1162
376 397
311 729
166 1005
693 594
380 956
1068 436
1196 680
784 1209
982 317
267 183
1186 173
44 534
497 413
609 1202
645 695
1008 1232
450 656
634 359
1195 254
154 281
436 47
649 674
728 1087
167 388
1173 1118
1116 593
1097 93
365 919
1035 1205
171 36
365 126
679 521
740 69
611 163
1102 903
628 1218
352 612
829 149
1189 827
1212 112
194 511
1140 533
185 84
280 16
1138 1225
517 859
4 822
174 808
856 549
433 274
1220 638
300 621
1115 989
352 907
1218 149
359 651
129 90
689 710
785 964
341 1206
49 1033
671 817
634 65
744 669
190 978
389 822
390 792
1117 662
977 744
1219 1152
916 317
738 1090
34 871
1092 1108
1135 1068
500 493
1035 20
992 571
1042 11
303 1148
312 61
750 122
766 447
652 1002
904 850
975 297
695 625
727 201
460 1089
830 1069
408 197
1199 546
1004 912
44 1236
447 611
864 1001
195 141
97 874
273 1130
604 20
829 91
459 339
326 505
290 325
846 1105
1221 455
822 921
769 959
172 557
25 899
490 505
340 929
585 542
460 923
978 396
830 386
583 932
1156 564
190 949
145 6
590 232
615 1127
829 427
305 723
702 382
547 1200
272 377
3 247
840 719
844 713
1217 278
552 1073
582 170
72 406
522 977
1038 594
210 846
615 525
459 96
267 484
845 872
1193 870
569 770
451 1157
338 286
435 336
540 26
1050 130
31 1213
547 240
288 1202
1098 473
1145 1092
1097 860
591 531
995 16
1 620
315 760
164 421
723 1138
429 358
1170 1191
338 769
584 1198
193 3
196 469
1059 979
658 992
311 43
438 262
523 1124
1074 808
153 1211
753 21
1074 13
443 331
644 652
106 392
442 820
996 632
591 848
28 547
893 1083
504 613
866 94
450 560
24 321
877 958
87 800
841 632
160 713
462 1062
512 756
1068 310
727 815
745 574
1069 741
1203 1100
348 269
1152 678
357 563
934 487
265 105
909 99
91 550
962 765
1177 346
524 535
569 680
1187 1119
516 396
1161 1149
903 756
320 654
454 1100
667 1046
685 282
463 1005
