3940 4000
3596 3445
3314 2976
3939 2320
2629 2759
617 1395
2153 3644
539 2376
1503 3101
3300 1017
3361 2876
1909 2460
460 3035
1013 2440
2274 692
1958 2318
1902 2409
2719 525
3789 2782
2154 1904
2222 3870
973 1844
2688 650
3713 164
909 2269
2113 378
1006 1031
3857 788
3186 442
1231 2392
2671 68
3924 3480
1242 854
487 1791
2242 3110
3908 1809
748 335
1801 716
219 1103
1661 3795
3372 189
2212 3533
3634 3228
150 2867
267 1086
3205 1380
1517 3535
846 1483
2277 1462
1684 3736
599 2819
2539 2325
2146 274
3108 466
1136 925
2841 46
2071 3421
1585 925
187 1009
2332 782
1508 3936
2113 2137
237 914
1682 1379
81 212
2092 3611
1771 3430
1942 3783
2665 3891
2772 1100
1106 1828
2876 1835
2367 757
1013 1073
3284 144
3530 2901
1989 3795
2674 2728
2854 3039
949 3807
2076 2371
3243 3376
1843 2749
1840 1460
2676 861
567 3086
1569 3502
2744 17
2864 2487
1613 1098
3907 2542
477 1874
2667 2368
1825 51
1970 2660
3119 3345
1117 1070
3649 1601
3412 3299
3774 2187
174 949
692 1834
1003 1616
2087 2652
2561 3592
1746 1772
261 3558
3254 3899
3134 1590
2381 2665
1389 1221
3737 331
2971 2138
1897 425
991 7
3314 1373
767 2971
2241 3140
3858 3846
3432 2163
598 865
1274 867
2257 796
3012 3862
657 2397
3901 1445
2112 307
639 2037
3824 2802
244 3353
188 706
3799 3774
1442 3644
363 3413
1479 2236
1487 83
1241 1140
2013 2656
1884 2579
1406 2537
2796 3618
595 1119
403 651
1029 1516
2017 3181
2406 1996
2665 3795
2515 1101
2496 715
2771 3915
3445 1489
2953 2748
3285 1754
3170 2398
887 2467
1078 393
3781 2209
2684 2770
3779 2932
1945 2769
714 916
474 1305
970 1364
873 2565
3276 2289
3360 3102
901 2642
1513 458
2770 1445
2235 1988
3304 1000
906 1951
2974 3458
1241 3259
1418 2191
2938 321
1076 1690
1822 3230
241 1858
3751 1322
2449 1558
2309 3056
652 364
484 39
1469 3863
60 3784
2566 2417
3221 860
3817 1467
3891 876
3118 1460
2708 315
1787 734
2018 3
1047 2678
3600 1667
1261 891
153 1165
999 1279
983 2472
2171 645
1196 358
654 2542
1076 1878
3391 758
458 841
2368 2566
977 688
2508 458
3906 321
3493 3233
197 1029
3633 3414
3020 3038
1303 456
1476 2261
1117 3432
3877 1293
1359 1085
1053 3123
1749 1983
361 3689
3604 3492
2141 955
2220 1235
2589 2815
51 200
3447 598
2736 3343
2489 3545
2770 1556
1259 2758
2047 3076
845 3229
528 2593
624 317
3102 2854
1809 3305
1989 3823
1641 3025
519 3789
1309 1269
26 892
2870 928
2842 812
3250 1904
3794 1
2841 1151
87 3370
596 1425
1753 2395
1566 113
681 3531
1795 2519
33 1176
3578 2914
3274 2185
3313 2416
2677 3610
3544 2369
3777 1218
3066 3661
3736 559
1573 3007
343 1777
609 3597
1891 2605
722 2925
1033 1232
422 3721
1841 1897
2238 1668
508 3897
2203 3400
1994 896
3392 1970
1926 1551
1822 278
1426 1670
3496 2598
1161 1420
2201 1725
2080 3329
3829 2926
713 363
3180 3185
3834 1324
1274 961
2239 564
1064 644
579 2026
1764 166
1645 782
1803 3462
2505 3147
1288 1056
3521 3377
2290 1720
2007 3785
1379 3524
1034 3912
2225 818
2685 2862
3540 128
957 2730
2977 1937
1564 2726
3317 1499
3831 3019
3356 2888
3621 1036
2851 2679
1871 1636
1715 522
3848 1622
504 2760
2060 3392
3798 2464
2915 356
1191 3623
612 2273
1317 2391
3323 2195
2987 3296
3006 3120
3446 1833
1881 1048
3305 3375
296 2331
2309 2411
3235 1101
2980 1464
3474 3394
581 920
2959 452
2739 2692
94 1007
287 1224
597 1241
2111 969
765 187
3580 2132
3674 3004
1219 106
2382 1620
1067 2624
1713 3635
2528 1141
139 524
95 3093
1943 708
3748 2117
1615 3595
3076 3300
800 553
3199 1976
1747 1470
1628 901
943 3409
2152 1813
1474 1215
512 1354
3544 2930
1288 682
3908 1254
631 485
1754 1169
2062 2598
511 2095
280 2412
2438 3250
2828 3760
2981 3345
1987 963
2912 3297
1833 2208
2937 2491
1859 842
287 3373
1067 3795
1904 551
3489 1253
3006 3231
868 3833
3513 689
2390 393
898 1727
2047 2881
212 242
37 3847
2391 2814
1000 518
1426 1992
2075 291
2157 3041
1936 2124
83 3040
627 3758
3564 1596
248 3013
585 1923
1111 3928
3600 1725
1424 1305
2979 750
2232 3680
3237 507
2405 2452
2820 272
2896 1111
2341 1129
780 688
1419 714
1247 3720
3910 2575
2054 1079
22 3796
724 3852
3787 3507
1714 279
2673 475
1716 711
3031 1044
2027 3029
2602 1987
878 3468
2018 2166
2263 83
72 2298
53 3786
1899 2591
745 3012
3516 797
3465 3687
347 2034
645 2118
216 272
1678 525
2695 3290
2675 1901
965 2029
3753 278
1150 2449
1939 326
169 3554
2378 3244
1495 1727
1505 118
1263 1668
445 3225
184 2499
3155 3423
2872 741
1512 3112
382 2696
3524 534
616 1174
3601 867
3312 2006
3798 3300
279 2891
2881 3176
1240 2306
944 829
1876 1098
3820 2189
2167 2421
2387 971
1445 2630
3446 1532
2263 2303
835 1550
1221 3193
847 392
3669 3195
1646 1080
3492 3466
1096 3447
2336 1604
1222 931
1192 180
176 1350
3886 677
284 1189
2652 3353
3187 3394
1662 2342
2494 1380
914 3556
1378 2964
1000 3682
2079 3058
3302 3597
1548 1606
975 3352
865 2365
736 3574
1312 3903
2870 2669
646 1402
2464 3803
235 2729
3503 1298
2525 3939
2554 3475
2021 2207
3480 806
90 3218
1174 1896
3698 3506
1559 1723
2457 1284
1351 3578
1682 1257
381 874
1823 2616
1698 1503
3938 2686
135 211
1779 1755
2894 2328
267 3267
1660 3529
3535 3313
935 3278
2352 7
1507 60
1358 1376
3590 1621
2492 2395
793 3554
2543 1675
3247 225
2346 452
3055 2177
1224 1165
3443 1498
606 3347
2699 2323
1528 2068
481 1853
2517 3759
228 3501
3143 214
1203 244
3504 3677
2785 3854
825 2410
959 3343
3727 513
696 2518
1101 635
240 284
3774 654
1763 740
2300 1356
1473 1388
305 2652
3690 2910
1193 1907
948 338
2749 1082
1354 3122
3117 3376
3093 2624
1575 1940
28 1032
2035 1323
424 640
1078 3386
3173 2252
2811 416
892 1289
3861 2171
2614 3807
2467 3793
3299 193
2030 3178
3227 885
817 389
168 511
505 2366
716 1857
3715 404
2111 3303
209 2131
3588 2064
2582 2375
3722 1746
3890 3811
3727 920
368 3627
1104 2988
641 684
1809 3686
589 2244
1286 2109
1104 2878
3064 2387
2101 611
289 2050
528 191
3269 1589
1741 3804
3561 521
253 567
1267 765
2151 2831
3919 3457
3358 1899
3884 2718
1698 3505
165 539
727 408
583 3329
2892 1193
305 190
817 777
2598 2764
3490 1058
2532 560
338 3343
755 3773
2325 3490
782 3064
3841 548
2107 1890
675 66
1894 1698
2288 261
1274 665
1480 2148
1804 3463
2096 1308
908 2618
2243 3554
567 3599
234 1110
1326 3428
530 3210
1799 3783
287 2884
3164 3375
759 2265
2525 596
1325 617
2685 3812
287 2699
2625 3079
175 1921
434 3908
1507 1530
1185 1888
2384 3652
85 3851
3584 66
1773 2669
2714 2136
169 2710
552 3298
907 2951
30 3748
1017 1705
2505 2199
2934 2879
955 1932
1226 399
277 2618
3251 3548
2885 2236
514 1571
133 3907
2493 977
3894 1999
1246 3291
1637 2765
1307 1941
24 3024
40 2105
3590 2405
1896 2737
2014 1478
2113 456
2281 1265
2813 2295
2222 1201
1531 2345
1708 2582
1811 724
3017 311
1536 216
3028 2688
1819 1891
3494 964
1916 605
2455 1350
3145 3479
973 3477
1970 1700
1803 972
1281 378
1152 1224
751 838
3929 320
793 3853
2358 255
1459 3816
1995 3856
3939 3362
2926 1786
2097 905
2315 2921
36 2214
2699 679
733 3218
518 1086
1319 976
888 3767
305 464
2686 963
3322 1026
1308 839
1122 2188
873 1481
2712 187
3591 3147
1631 883
627 3803
3102 643
1153 181
3765 1323
3303 1160
2129 3497
1054 1552
386 2245
2843 1546
1326 2904
2771 1623
3023 3025
1467 3784
922 1821
2585 3302
2480 2054
2147 3454
1571 1569
49 2763
1975 3131
3674 2787
2917 2505
1729 553
3247 1856
3908 1112
2947 3747
3798 615
3771 3077
3885 418
3086 2021
3300 3594
3610 3557
2572 66
488 1875
159 3813
3871 2613
1771 2802
1550 3560
1733 2238
1254 1580
2130 2708
3089 162
3796 46
3310 3661
3203 546
1216 3145
458 3502
932 1035
639 2100
2493 418
1374 3155
279 2280
1569 2271
736 2606
2222 945
969 2815
543 2738
3811 3551
415 1557
1427 2099
1569 1871
2972 3005
205 3752
3693 2908
2878 1705
422 3601
614 815
2147 466
1652 1967
3173 3406
3859 1659
122 968
1692 2278
1124 2760
525 1123
2527 675
1612 2295
859 3394
2430 928
688 1967
2352 2956
1263 1714
2894 3145
1536 1060
2641 3271
1775 3536
978 703
1425 3913
719 1842
1998 2994
1310 2817
3924 161
3017 2004
360 367
3757 3084
3202 3391
1104 1875
3099 998
2045 952
1400 1298
3289 3692
3264 3062
3200 3161
2272 3125
374 1274
3356 3054
3849 2181
1068 2847
3522 1484
3567 1666
2869 2915
3579 2314
340 3408
1360 2198
1129 2003
1833 836
1642 188
2231 3344
258 16
2251 651
3066 1494
3079 2011
1874 1919
2055 2382
2807 2314
269 319
3452 2053
1868 261
2028 1795
1681 1956
827 2180
436 1543
633 2911
2769 2539
3767 1572
2562 2163
1171 460
1549 2917
1266 2633
2767 2322
3807 604
1637 3174
242 2772
2540 2353
2666 3074
3836 897
779 3655
467 1358
1264 64
2733 1459
885 540
1601 1516
1197 3005
3369 1311
782 218
216 3163
874 742
1462 561
1077 2518
652 1837
394 2663
895 710
1248 2594
3547 3143
3252 1390
3066 3659
2273 3168
2443 762
1860 636
750 2033
3799 1298
691 1912
1622 2001
56 1549
1815 1462
313 2158
2825 2978
2726 3175
2216 2569
2916 2167
424 61
1804 2618
1646 3554
1773 686
1428 1336
2449 2122
1501 609
2059 415
3179 2347
327 2232
1718 2011
151 953
2544 2214
3340 3824
1106 2625
3096 1369
2940 2863
2961 1571
253 3337
2403 3191
3304 928
2048 1989
2080 139
3399 1107
2510 383
3507 3097
235 2593
2856 2325
167 2688
2418 940
3395 1092
2096 3731
1276 314
2146 2494
3085 1114
157 1000
298 2800
267 2160
1781 676
1736 2350
3883 1204
3338 3668
3086 2989
405 3337
2591 3592
3238 3510
1559 3082
1997 2733
3366 708
461 3754
2532 3814
2054 287
3258 216
1166 160
533 3738
3843 3205
3283 807
3215 982
2079 114
1194 848
3457 467
1240 1205
3064 1316
2257 2618
310 653
1050 369
656 2792
3069 3790
1951 1514
1520 533
2431 2415
1624 460
2995 1411
970 681
106 3193
3272 1248
3682 789
94 3748
3272 3057
2330 3464
2882 1631
1769 1951
3599 2707
1031 3172
3606 1278
3065 2241
1174 1226
1666 2933
311 2074
2774 1087
574 520
1132 2580
853 3692
3220 870
2174 266
3001 445
2501 2092
3586 1786
2861 1978
125 2291
643 1902
929 1469
3570 1220
37 157
175 2972
577 500
2127 3443
3242 2951
2797 61
2952 3518
1206 3781
1398 2307
2472 2851
508 1545
565 1989
1906 1175
2998 499
2073 3261
2542 197
3298 2662
1245 2791
3020 3737
1301 1509
3025 3415
1994 3771
33 2317
1876 1087
830 487
3524 2962
1311 2187
778 3802
1904 829
3557 3304
1690 2834
2384 1561
2712 425
518 1723
2048 1502
2837 3260
794 2075
2363 479
1884 563
926 3104
697 2846
2275 926
1899 2407
1940 803
318 196
1169 218
2849 1190
3769 1984
975 1474
196 1532
2432 407
636 1028
1923 3285
4 2912
599 2042
1585 3651
2825 2284
2038 3395
72 2269
2668 1945
3052 3721
1084 528
1549 758
1875 1572
3322 835
2864 3473
1382 2910
3298 3628
1056 245
996 3345
2197 1309
1522 1723
2806 3130
1875 2992
148 1677
2892 3140
3037 294
637 1190
3519 2059
1379 530
870 2779
2144 636
3332 3092
3151 348
3078 1790
3607 2658
955 2981
2387 451
1107 2536
449 716
111 1651
3469 151
173 1581
841 2832
166 1483
1663 2482
601 2176
2468 3586
762 812
1051 210
2917 2680
762 3898
3770 2476
1706 2031
2046 2232
3203 3148
1694 337
1213 2841
3001 652
368 3325
1039 3378
2975 3747
2689 1308
1686 2590
2234 1367
177 63
3492 2931
281 3304
104 382
1655 1834
756 1649
1621 1249
3913 999
1296 1128
763 478
2594 2485
2850 613
481 452
3326 837
974 2246
3829 2730
356 1287
156 2015
817 3638
239 1170
3609 13
468 2391
1362 3265
2161 950
1411 933
652 1794
2722 3465
312 3920
198 2170
1526 3066
2034 3093
2204 1152
405 370
3647 2131
697 2861
2956 1922
914 1524
1544 3313
535 2556
1819 1060
1884 265
3475 1900
1903 1458
2827 342
1070 3697
1967 1331
1537 197
3630 1773
3385 1371
3640 81
1048 1366
1642 589
2 1646
2891 1825
851 3207
3810 3113
2685 558
2347 4
3745 3890
3933 3320
892 2605
1910 1034
3858 914
1415 1401
3610 1870
2096 2506
710 1572
853 1686
3127 2766
2515 3801
3043 3053
1996 285
1101 3265
3052 2275
1482 3861
1743 959
1528 3146
497 1091
717 2596
2301 2396
3636 843
1571 1327
703 1538
2270 2654
3081 3167
1101 3479
1836 2068
3041 2963
2055 3595
1663 391
951 1064
734 365
1760 246
725 1544
2 3865
3299 3651
3902 2409
1254 804
1851 2823
2030 3702
2901 295
2485 3687
2729 2425
3232 2066
786 604
211 394
1896 69
3065 710
988 57
3306 3098
3470 3062
1565 2151
3307 3167
2907 3094
2571 2486
1544 1787
91 1820
1948 3827
3070 806
2166 1690
1533 241
1306 2805
3623 767
1081 3529
627 2281
324 2685
2855 97
806 1311
1196 2098
539 3265
3093 1450
967 3599
592 2485
3440 3920
3790 2078
1982 1169
2465 323
3594 2293
3040 2616
3801 3499
622 406
2549 872
787 2090
2394 73
3327 903
203 2998
1634 2107
2960 145
2652 48
3808 373
2917 3457
1731 1604
3333 408
1690 926
2893 684
849 2692
2437 1911
2888 3280
1576 423
2530 677
777 3040
578 3259
3281 709
787 3321
1838 2825
3179 919
2097 97
3401 2372
2478 541
214 405
3119 3777
1929 1004
3278 3066
649 2859
1503 377
2706 3683
929 3379
647 3572
1316 2616
617 3856
2470 2081
2300 706
3658 1978
2029 1522
1693 1293
521 2401
96 3897
814 3451
1784 2702
1995 2148
3054 2931
3411 3859
1419 1998
3398 3819
3712 3814
2434 2051
2332 2720
2873 3137
1551 1592
413 1725
2200 2998
2906 3901
1357 1716
1422 3717
1572 3322
3096 685
1470 566
970 3859
1598 873
217 3045
892 32
2720 1970
3491 1010
1945 1340
942 1730
1333 309
2531 2703
2717 2560
923 93
3565 2519
1153 650
2558 762
1955 2121
3665 2297
2185 701
500 542
31 2928
3074 2589
1844 1274
3302 1408
857 203
3576 2566
2685 414
367 2715
3849 3347
1671 1700
3206 3780
2630 1420
1933 2643
3398 3519
2230 3505
3704 1249
3576 187
186 1862
3200 2953
2915 3633
91 1031
3033 2767
3587 2782
2337 3061
1437 2409
3337 2796
3454 3256
2611 2495
2665 3672
2535 885
1524 1378
1704 3567
3330 3920
1852 1328
1176 2915
2424 1759
2409 1893
3830 508
3100 3081
3507 833
2381 2824
3525 3386
2095 1294
242 2983
2768 3883
1248 3684
1696 3574
2411 2089
3313 2547
725 1623
681 2542
231 2284
1347 777
3318 1259
1605 1957
3805 27
1760 2903
357 747
346 394
1275 3723
1697 337
430 3353
1432 136
145 1255
1079 3588
1891 1889
2771 107
3321 226
2807 1220
2197 1331
1366 2912
1333 2286
1426 2623
731 99
3780 476
798 161
2226 2343
3248 259
3432 355
141 2758
711 3503
2109 3185
3512 1223
1182 3512
367 311
2989 1669
764 2484
3409 1801
3452 3594
3282 2681
143 3315
1842 2397
2780 1115
3732 2935
2875 1980
3264 2965
1929 352
1169 2131
586 1303
2818 645
3554 3415
1953 1605
356 1162
619 1343
2828 2095
3197 3099
3031 520
2246 1336
1057 944
1491 446
2257 3407
2073 1656
3812 3528
2395 2084
1443 2004
982 2868
1438 1262
2587 524
313 641
330 1473
603 324
3491 3553
2455 589
2343 1601
1251 3355
1856 3019
2386 271
328 2575
578 3740
1211 456
2409 854
3552 1401
2404 1724
1433 301
2012 2602
2091 768
955 3739
2050 509
3442 2291
61 958
3753 2197
3349 1574
3757 2993
1255 3914
3306 993
3098 1732
2449 1871
322 1078
2747 1576
284 1104
3406 1917
1111 3033
2063 259
1448 968
322 2328
3241 3749
2312 266
1274 2912
970 734
1282 1098
2188 804
3589 268
733 2552
29 3154
3781 1696
1269 2243
1531 1998
2766 1030
1561 1285
1609 3152
1787 2081
3920 1998
3271 857
1950 416
146 2892
2255 1036
3624 324
2901 1959
1729 926
3186 3913
1386 2559
3889 1973
1518 3738
621 2084
2220 3315
3870 2434
2699 220
2137 1425
1215 980
1607 79
787 2789
2396 3350
365 2370
1813 1189
3616 52
3117 138
1069 2879
3815 1127
1992 484
556 3498
462 129
1973 2428
2968 1914
3273 1173
34 2250
910 405
1287 3243
1267 1671
3431 2192
2261 464
2976 891
1059 1226
188 779
926 2843
3115 614
1803 289
3210 1145
711 3054
1053 3192
2373 1978
63 9
483 90
626 1348
2956 1662
1576 412
2486 1755
3091 275
2198 1387
2250 3157
798 3707
987 3860
2764 473
791 2681
894 1212
2033 2883
196 2577
1445 3072
1936 1778
1171 1566
3880 1614
193 3437
3496 3396
828 2367
1621 114
500 2625
72 3859
1799 3300
2720 682
3092 35
2485 2606
1096 1631
2569 3022
169 3267
1827 1948
2712 3534
476 1166
342 2955
30 1767
775 1483
148 1392
2014 1139
1184 3781
1569 3438
381 1238
138 217
1913 3421
608 3848
1136 3926
2211 315
1637 3018
1312 2731
2091 2360
1484 48
688 3565
969 2389
7 3887
3900 3274
2866 3685
505 2421
2747 178
3727 3839
1619 77
496 2273
599 432
12 3226
3022 3192
2349 3367
2071 3741
902 3029
125 1395
1839 203
964 2277
2168 862
1723 3362
1811 3086
559 3629
1623 2478
910 1674
3834 3502
401 3229
522 139
1112 3001
1337 3298
2234 764
473 2217
1305 534
3273 1788
2447 3463
3195 990
3866 474
2982 3144
3726 3719
1818 3596
3757 1100
1686 2841
385 1415
1768 2430
2643 3121
3331 2723
396 3396
2753 1761
1611 634
1027 405
264 78
490 3301
1156 2123
3047 226
1075 2344
217 3474
2322 2122
44 2723
1827 3618
1528 3609
1421 2197
1128 2323
397 3630
924 1771
392 3388
2076 1312
3381 2288
3911 2522
1767 1533
2755 642
3114 102
3117 1745
1727 2523
105 3813
3538 517
305 3145
141 3156
3361 2451
1620 2467
883 501
3680 856
2343 773
831 85
2318 2591
2271 739
2764 2242
362 226
3080 347
2179 1038
2571 1533
75 3545
2715 677
2039 1418
1700 2565
41 900
1369 2737
1004 2560
859 221
97 533
3825 2986
3661 1012
2755 1044
1732 1153
3931 595
3616 3490
1179 1335
1389 1520
120 2691
334 1989
3364 2226
3578 61
777 2923
166 1510
904 2781
822 2704
422 3674
1849 1414
2751 369
993 3334
373 1334
3607 2245
1443 1557
2511 2349
2948 1919
1087 3791
418 2480
573 2611
3677 737
913 2798
743 1718
2321 2870
2329 3830
457 1427
595 2692
3287 1053
1531 1605
1485 1866
572 2208
26 949
2693 977
2228 324
2285 3882
2662 2936
2836 747
1223 2706
1430 489
673 153
384 1703
465 2612
1486 1372
3335 2118
2822 2753
921 3254
494 1765
3738 2162
636 296
3124 3730
187 891
2912 167
12 2492
3874 3351
2178 75
3331 2711
874 3809
674 1607
3118 2179
2019 572
724 3780
3022 662
3853 1232
2267 814
2383 3755
3337 3107
3394 2717
1500 2470
789 3931
640 846
2921 2085
3936 1463
324 65
2196 3446
3837 440
1991 671
327 1517
315 1059
3919 481
3552 30
1505 968
294 2631
3645 3241
3416 3770
3111 1002
3475 1279
733 3455
1777 854
971 2948
3123 1480
911 825
357 1041
3909 3598
3037 2863
3499 2523
3051 3563
792 1819
1571 109
2249 2383
302 2153
62 3560
3388 3276
2510 3801
2502 425
1658 2717
423 382
1616 255
2419 1747
3783 2044
1100 851
3504 1802
862 3456
3252 190
993 1071
3219 2799
2096 2899
845 1262
2284 2712
3800 964
3394 2317
2223 2051
1294 856
1837 3221
515 138
809 2914
2095 973
429 1151
2722 864
2761 825
73 659
1982 841
3248 2466
3180 3559
3901 2658
1355 1911
1829 2274
769 298
3839 915
3359 1372
3312 1217
2467 3075
83 1061
3665 1390
2582 1093
1319 197
771 65
1571 130
734 1433
1700 1213
2402 3000
3543 873
1671 1652
1726 3795
643 301
240 2151
3656 3014
1265 2010
3134 2515
1305 254
3234 478
1028 189
2484 3337
1398 2964
1041 1088
1917 2472
1120 2115
1774 2408
1367 374
2829 2320
1516 724
1345 31
1037 2377
1584 2522
2198 1558
1728 96
1918 3246
187 2912
2491 3496
1128 2028
2595 1340
640 1964
2296 56
1054 2772
3034 844
3042 3359
1089 1125
2411 534
104 3023
2956 1268
2275 965
36 3471
1931 2941
452 728
809 3278
2247 2541
1729 2090
2983 1991
1397 1831
2291 1145
2437 1131
3058 450
2470 1388
3664 750
1857 692
867 358
2090 964
3605 189
11 519
1619 3172
3111 264
1343 1690
3322 3447
2192 2925
3143 1053
1402 596
1695 1044
840 241
2286 1315
1608 616
1733 1037
2298 1005
53 503
905 3233
1153 2918
2713 1203
1282 335
2338 2444
3881 846
2526 1083
2365 128
1115 631
3514 2303
3226 3891
3579 1027
2484 2520
3498 1577
1893 707
1776 1650
1484 1181
2829 2406
1455 454
96 256
2586 779
1901 131
377 2582
2935 2619
1978 2518
162 3285
68 433
3248 1008
1919 621
176 2979
3180 2568
1475 1146
493 283
1274 7
1800 1379
3910 3810
2650 816
3158 1444
1855 2030
1817 331
456 1571
3823 2636
3789 1093
482 709
2012 3351
3375 3751
3170 851
160 2091
1916 980
3065 1803
855 476
738 2665
2919 3144
1342 598
814 3391
92 1175
2137 2760
2070 1890
3584 224
993 966
2301 3274
769 2
873 1301
538 3082
1357 2625
2626 527
2013 137
2181 3515
1078 837
2375 187
2569 1255
1630 3173
1428 486
896 1060
842 2987
2833 3646
687 3635
610 3176
1648 2986
3338 3701
62 1025
203 3594
3013 1923
3120 3264
2384 301
3786 677
507 2205
2231 3463
916 2983
3845 3380
626 1270
104 880
2125 3728
3282 3461
985 1371
1575 2738
2841 3869
3772 2861
2904 329
3886 3884
793 3763
686 1402
2357 3689
2810 1929
1352 1972
639 1083
2036 1096
443 2658
2222 2851
743 1866
27 1505
847 3310
1781 1025
2032 2571
355 2119
3340 1508
2094 866
3178 3394
1873 2190
254 3464
1306 130
845 3933
3799 1345
3546 3690
1521 2657
2627 1244
2788 2031
2835 2848
3492 3568
14 1614
908 414
2427 2157
1982 783
1283 2618
3854 2220
1305 269
1538 3405
1829 579
3611 1688
1310 2359
3023 2339
3342 2988
901 122
2921 1460
3877 2846
1832 2899
1891 612
2761 2567
1416 2094
2494 263
2628 703
340 2228
169 1594
1531 1017
609 3928
3277 2964
359 3755
637 1596
281 3795
3870 148
3017 2332
3610 3599
2843 3323
915 3469
1719 3239
1632 2643
1255 2928
3864 886
119 3913
796 2453
526 2142
343 1851
1653 690
531 1015
3816 3106
2563 2662
3894 2207
3206 3238
3907 2736
238 2599
1745 1260
1525 1056
2070 194
3362 3065
3623 129
3709 555
597 2504
3747 1627
1365 1658
1341 2391
3562 3640
2683 589
3779 1915
2050 3351
1621 3568
109 1603
2807 3004
13 288
472 2443
2329 2564
369 2383
2369 2739
1056 3630
48 1943
1425 2348
3329 1134
369 1909
3729 907
656 2643
1845 3667
1967 2836
1166 3070
3116 2824
3251 3267
3743 708
1814 1376
2533 3113
2660 365
253 602
170 938
963 103
1984 2221
1315 2462
2371 3885
359 3719
1111 511
839 474
1329 1332
293 3038
2169 1373
3583 657
1157 430
2070 2762
3465 2036
3195 289
3570 1000
290 1005
20 2374
3672 2003
2389 2567
2100 628
3222 900
2057 2748
1493 1867
3005 1444
656 1568
1895 1432
3214 1791
2360 3269
969 985
3440 832
1313 853
595 2430
542 573
2149 1830
2483 3783
3697 2434
692 3495
121 1617
378 2235
719 1347
2135 3840
193 132
1895 3126
1756 3447
2596 722
1119 3182
1547 823
3657 1889
1413 2804
2960 440
1510 3185
1835 3506
2466 1349
1753 89
2417 120
2587 1454
1322 2048
647 2225
3831 3090
2173 1704
95 3310
1294 2609
836 2842
1737 3662
57 3566
2836 125
3778 3278
1574 2073
38 310
1632 1630
2868 1093
1481 2822
3802 345
2984 2416
1175 2080
3893 2329
311 3042
3606 392
766 2949
813 1029
649 569
3742 1651
3776 1955
3081 2535
741 743
2389 932
322 355
2091 1401
1639 233
172 2717
3604 3489
2616 905
1133 3897
1527 3071
3877 1110
3510 2683
2702 602
3274 1246
3237 1948
2914 1008
721 1576
3540 209
3640 2515
1704 3459
533 398
3342 58
1916 1795
1296 810
649 1105
2509 293
3696 1270
3393 1308
2178 3093
1280 2092
3696 1447
1839 546
713 852
2950 1190
977 3932
3662 2414
2106 327
1955 3864
2096 3114
1621 2435
3458 3655
1985 3421
3458 1739
1998 3299
658 2276
451 3296
2552 2393
3474 3574
1953 841
1171 878
3619 997
2320 686
1594 3162
3694 550
2692 2160
2719 953
1548 2907
1179 1095
2451 3811
1579 733
1026 44
1232 1091
3315 3816
1473 555
2909 1574
2253 2380
3689 2493
1497 2362
2018 3252
1673 3588
3871 3250
370 2334
3145 50
2361 1898
1816 2516
1731 1401
772 1219
2686 2860
3126 1587
2683 3354
2105 1364
3869 1561
786 448
2843 1790
212 3520
2651 1790
2917 1702
3648 870
1081 1369
1713 1085
2547 306
462 1882
2520 3244
2721 2377
1247 3590
2337 2692
595 3821
3867 1365
602 286
2668 578
3907 999
1335 2428
905 766
3364 3539
2912 2976
867 67
3328 2672
2204 1770
3515 189
3820 3372
1677 2184
2305 2782
1081 701
425 2007
118 1052
3631 3658
2134 2051
705 3138
2628 1057
3883 3587
3764 1323
1050 605
3622 561
2275 3316
1182 3595
637 1599
1703 761
2980 2873
3213 2521
1224 2032
3229 325
2454 456
2931 660
1435 1385
1003 3858
1081 2957
1184 988
184 3572
933 3725
992 30
67 1076
2091 3157
3684 1912
635 728
1590 1428
2213 3357
3331 2621
950 753
1067 2026
3599 2473
2358 3517
3595 2092
3004 2780
955 910
2055 3729
2253 3513
2494 1127
2399 3269
2655 1534
1956 1737
413 3274
504 3456
1238 2356
1772 2001
3128 2915
3019 3791
2898 2769
3827 1118
752 192
3272 822
2562 1729
713 2573
3873 2809
3655 2135
2766 2214
2624 491
2333 2860
3553 2147
2249 1637
832 1185
1949 2460
3231 852
3861 2042
670 89
1353 1690
976 1128
1055 3852
54 2679
2358 2437
2947 2176
1174 3834
936 1450
2680 3488
3312 2466
2970 498
3459 1235
2785 1919
1158 2355
2394 3250
2745 3828
1380 417
3545 1911
2502 2886
3716 3516
1528 1126
163 1780
537 2918
592 440
1058 1186
2415 2064
47 3632
3253 1905
1581 3910
921 1140
2648 988
1010 2836
3445 3240
2676 3240
606 1045
985 3622
2881 3418
183 1284
1536 3198
2872 855
3834 302
521 3504
1789 3803
949 3004
2794 1467
2714 3875
2404 614
2449 1712
3096 1795
3653 1587
789 3156
3569 2032
1247 109
1597 1886
237 3068
1701 3275
3244 1171
3260 1593
1927 1798
833 892
727 1209
252 94
948 3883
2184 1267
1333 928
2537 2844
3342 193
539 3755
2770 2971
343 3455
423 482
1475 2741
2710 1488
2279 3375
3733 1976
1438 2959
1366 3750
394 2784
1483 2578
2534 2901
1270 3834
2814 729
1137 2179
124 2276
3529 2718
916 1516
1727 357
1197 1667
1096 3752
2134 2630
1323 3322
580 1434
63 2658
3465 685
438 3637
1041 383
1689 35
914 823
907 1043
2923 3618
1602 3888
1891 2932
810 1380
344 2030
2320 2495
3371 2863
2804 468
3124 3085
2371 1354
782 1807
3753 3487
516 388
760 933
3090 1526
2318 1715
2635 2992
1237 516
1557 254
572 2483
97 3914
2172 2149
1921 3179
2770 1989
2271 1878
3139 3701
272 2868
1891 1123
1159 2593
3810 619
3312 100
1544 3311
84 629
291 293
1334 2637
3485 3817
2127 2326
3804 2626
1972 897
38 1900
2006 2837
3033 3007
2137 465
2872 2803
2529 882
2115 2795
3129 3690
3765 3887
2789 1919
1257 1605
2769 1340
1193 2880
1163 1397
1383 3170
2595 2772
834 500
1553 431
565 3728
3048 85
774 3143
1795 2271
3428 3533
134 128
617 3640
2805 12
1603 1854
2434 1769
2866 1065
888 3477
1226 1818
3802 1204
3413 3063
1278 1065
1403 2729
1122 1794
1776 2757
3215 3811
3919 81
2295 3868
1322 1988
1595 1618
556 2333
2202 1959
3602 3164
3376 1950
496 2974
1564 319
2770 1960
3156 2162
2149 3774
1974 991
2551 1494
3876 2359
2254 2977
52 2206
1892 2171
3795 1393
3147 2883
3542 2925
1704 1963
1584 2566
3629 1088
2643 1606
1934 2272
3338 3388
498 2794
815 2587
225 3672
2168 197
2184 1088
3469 1725
2280 2155
3085 1465
1110 1980
2001 3002
3567 2023
2299 872
1838 1832
3906 1028
1827 184
709 1874
3144 476
1096 1939
1842 701
1120 2800
831 2502
1119 1051
3710 2571
1303 1016
1898 2470
3279 2343
2947 2023
2961 1987
3391 3187
1110 3713
2498 1274
2836 3027
2555 2964
1235 3726
3063 537
2129 2476
2626 121
3914 287
57 233
2481 56
2631 3224
3788 1803
357 363
1073 1248
3628 3110
709 2313
958 1841
444 142
1377 1127
1018 1087
1402 2344
3795 1124
3018 2092
399 2697
3333 2440
848 649
900 2183
361 2080
2592 1247
1367 1760
3158 3386
843 1960
3363 539
498 838
965 1561
1640 3483
43 1123
862 2499
1315 531
3619 3092
1778 3331
3102 1571
1286 1401
2093 1101
2313 1009
3338 3810
1925 2704
3857 2434
2239 137
1482 377
2268 240
3729 285
705 983
3673 600
1715 961
1071 1520
2579 1268
988 2953
194 2087
1000 1036
620 944
2245 2254
2861 1611
679 2851
344 1103
1205 955
1117 32
506 330
1749 2693
1844 2981
456 581
717 687
2233 140
956 1241
613 3776
3022 2729
2192 2588
3675 600
2319 3003
3558 592
3869 1948
3907 2754
3524 169
3375 1028
2006 3292
465 738
2145 1624
2979 2759
3456 266
898 1809
3285 2225
2497 2166
1289 1974
3772 723
1631 3654
2663 2309
1515 401
789 1568
3104 3535
1144 1866
2668 2958
1438 1068
2534 2290
972 1340
1449 3390
3046 2240
573 1828
1843 1599
3417 2891
2760 2903
2350 2145
2738 605
44 2276
2843 2789
579 2448
1072 1805
3196 2508
2410 118
3243 2471
188 2824
2003 3874
2791 893
3665 1182
1461 904
2255 1714
2907 1717
941 2469
3127 2677
3864 3096
135 3328
932 213
2064 2344
3228 698
1432 3179
3106 1472
3014 2092
2006 2698
2523 2028
1368 2427
3435 1587
1146 152
3015 2113
2427 1541
1670 1126
902 1835
3475 2880
1790 2589
708 24
3848 1498
2847 281
3300 371
2542 2985
229 3010
3297 3517
1421 1343
2045 1667
3346 890
1469 1429
940 462
1355 3011
3452 3063
1466 1160
3355 2684
1332 1648
3503 3117
1562 2094
2722 2627
3760 1575
700 3290
2852 430
1930 3501
2161 42
890 1009
204 3634
2900 823
3343 1576
758 2213
1163 1726
1673 228
2319 2818
1151 2227
399 2920
1413 3467
1355 3854
1422 849
1795 750
2978 2805
252 511
1790 3424
1970 166
3738 3394
3919 1487
1922 2736
2581 1364
807 1989
1818 2517
1011 1906
471 16
3730 2729
1815 2974
3499 699
2159 3840
308 1014
3329 386
873 816
2119 2072
3757 412
3180 3675
3573 3447
1889 429
3424 557
2121 2530
3147 14
554 1820
3538 2624
2810 1667
2913 3158
2585 3598
212 511
3441 3929
890 2190
2783 396
627 31
505 3701
1950 688
3619 1833
3043 1372
3355 1092
3458 3195
2129 1674
38 2936
3029 1306
1416 3643
3126 3510
1896 886
343 3239
2105 3560
296 3430
1161 3380
3401 2009
1087 1832
1685 2960
1019 950
1978 1641
186 994
1233 3671
3178 1221
2069 3318
2381 1150
3526 982
3595 3932
159 518
48 2992
3913 3742
1941 2854
2435 799
1481 3033
3307 1301
1613 3873
3815 283
1685 1834
1749 3708
2258 3569
2667 758
1563 3512
324 1425
2497 1280
3498 412
2897 1969
356 3771
1430 2275
3066 1211
635 1345
1333 196
2118 3933
3695 3561
821 224
3637 3115
964 2434
3691 2550
1997 3695
26 851
1019 2025
604 158
3836 1643
2519 1597
3158 2367
586 2850
2635 3299
2297 2324
946 3247
229 123
1438 3359
3188 950
2547 2223
519 293
1189 1937
973 2066
2533 2985
3799 3108
436 2162
3545 3291
864 2355
928 3190
3718 407
3022 693
1088 753
3890 1418
1419 293
1751 196
1286 2436
1114 1131
1434 3033
602 1803
1785 3118
3442 2215
378 919
2271 1077
1117 3373
1955 3211
2399 855
2691 2099
1991 2932
3119 2260
1968 509
287 1844
3439 1306
244 2833
2783 3084
238 1315
544 2370
2846 1793
1508 89
3352 664
3483 380
3676 2795
1842 845
1765 520
1909 299
1567 2851
3719 1327
1173 1824
3274 3668
1773 2997
2580 2284
712 2926
2122 842
1269 1232
3429 1991
3702 2590
1242 3770
295 111
621 2495
257 1490
715 2872
765 1557
3345 1792
3142 750
3293 2878
579 3830
3186 879
3010 2423
1487 1577
809 889
3799 415
2851 3743
3661 1721
2836 739
547 1507
978 1314
2727 401
1890 2265
1243 67
2582 3326
2379 950
2847 3346
196 744
2637 3032
1343 21
3669 1771
956 3713
1538 866
184 1076
133 1228
3456 2006
1300 2009
237 689
3327 1108
1008 2025
3917 395
2199 2911
511 3209
3838 2267
2449 1805
139 2342
1630 2394
3188 3810
3687 1181
2858 1496
3923 2616
1867 710
936 3644
3549 3512
3324 1824
590 2883
2794 3463
301 1405
1884 1114
663 3428
273 400
3479 808
1020 3712
1897 830
985 291
3442 943
3853 638
2439 1083
3555 1498
2294 1953
72 2386
2718 3601
1779 2096
112 2440
2182 1055
614 921
1009 1271
3314 836
2038 612
2417 2711
2457 1501
2004 3038
2078 2535
1358 847
3140 2615
2407 3760
249 2510
2435 2806
1717 3500
2253 1390
329 1995
1380 1948
307 277
1528 3180
2459 1110
325 3868
2564 573
976 2655
745 542
657 2616
1303 3408
3551 2954
3392 3118
389 766
1545 2797
81 430
1181 922
1928 3324
3394 2682
2258 2649
3 1300
3083 533
2021 828
339 1737
1915 3035
3210 2923
3173 76
1382 830
563 341
3928 3842
3903 673
2994 3427
1620 915
2918 126
2998 2572
3920 2146
3217 3069
829 2994
444 3529
3892 2636
1127 3801
449 1067
2294 3397
2598 1797
347 22
1608 3850
3698 2009
379 411
3885 96
1682 1997
1590 3782
2240 2184
619 1072
2338 3123
1474 3778
1661 777
3234 1190
1054 1512
1287 2438
750 3700
2096 3029
367 475
3753 1528
531 110
1958 1355
2949 3750
1147 2098
3615 1565
3733 714
932 56
3048 2176
3590 991
2813 798
1201 2440
3085 2569
2498 1937
372 2015
2981 438
137 2505
3195 1192
2436 1516
1540 400
1342 2428
1211 2230
801 1225
3701 2440
1970 2248
1912 3532
3476 3894
3311 1714
2025 587
3289 3718
1622 1393
3799 1422
884 1634
612 2026
3208 365
1376 2070
114 1694
3213 1520
700 2290
3247 595
47 2224
1478 360
2403 2741
1993 714
2516 3114
3607 2789
1657 292
2711 2004
2446 1610
2711 3237
2834 3173
46 836
659 1720
2317 157
889 2739
3360 3497
244 340
915 520
71 2006
809 2554
2963 1686
1245 3520
3885 2303
2780 3356
653 1584
27 1990
2840 2469
2054 3490
2260 3898
3917 1827
61 3168
2983 3708
1493 1217
3212 1227
1761 3865
2995 649
875 1050
1602 2690
992 2692
2612 922
592 1688
3107 2698
2126 3167
3370 1306
345 235
1991 988
1841 95
215 767
132 1720
1616 3822
3909 540
3040 703
2007 3680
1424 3397
365 3779
2471 1493
2169 2208
1747 3492
2621 206
1533 387
75 198
3614 463
414 97
2197 3239
2217 3162
3296 3634
1072 1423
1275 1198
3004 3859
2964 1027
3065 1222
288 1928
2832 3814
3366 2271
1366 1624
3342 132
746 567
1929 2448
2569 1668
743 479
461 993
3819 409
837 1545
3749 959
2796 1552
1881 324
2368 3858
2171 1617
3783 2182
3206 3576
2553 591
2839 1998
3426 2195
3543 427
1179 3787
1440 2800
2807 537
176 566
1172 3387
1462 1650
2223 1485
2404 1790
2952 879
662 1618
1468 3504
2917 2437
1946 3421
3571 2289
1110 3928
1424 1720
267 3546
3744 3757
3906 1724
3204 3266
2836 3112
166 29
1688 1076
2107 1704
1164 3027
688 3114
3139 1416
1043 1760
1899 2982
3631 484
180 1763
3144 2964
2862 899
1196 2386
2141 1905
715 1612
938 3030
2435 451
1308 1958
3883 1887
780 292
2031 1548
3674 1036
592 464
1922 2983
1238 2440
3587 1193
834 2941
2633 1925
3933 2423
3539 1407
934 3204
686 3315
2924 1158
3528 1341
3585 3334
1712 3198
1844 1727
1412 1170
669 619
708 3022
554 752
243 1324
1804 427
2861 3253
2973 3759
2180 3328
3218 2303
3738 1079
131 1583
1176 3912
180 2030
842 993
214 1234
192 3811
165 124
1957 151
215 3661
2551 1286
2086 3577
3053 110
1984 2155
1038 525
3125 157
758 3358
823 940
288 637
1923 3171
3481 2014
2913 3523
2290 3016
599 2911
2449 1440
2250 1065
1176 3923
2439 1574
2246 2616
1307 433
666 3266
2078 321
809 3147
3711 2318
2254 1547
1640 2458
2180 3737
3235 1162
3063 2867
521 584
2622 3921
503 702
3434 2442
2813 2461
3866 2485
912 672
2925 3244
3215 3913
1275 3798
2565 702
784 1944
1549 1831
824 2193
3707 1727
1489 1529
540 3937
2710 5
731 599
3108 2558
1422 3462
3118 3580
3887 3308
1479 1560
798 16
3234 3210
510 837
1882 1425
1856 3734
3913 3314
612 3733
676 1225
3296 2336
301 298
2941 3700
1374 1261
3147 2213
2130 1138
1863 1501
1738 48
754 1668
3781 2646
95 3062
2952 2577
1229 157
3212 3672
1787 2747
3441 1403
3510 2961
1006 768
166 3121
3500 1755
1350 530
1607 978
3768 841
3858 458
650 1405
3316 1903
2001 2669
2826 2478
339 1927
706 1194
2088 1003
2814 1035
3582 2147
858 2100
1670 2907
1299 1061
2478 1612
534 780
3761 1590
3731 3071
63 2766
2186 60
3320 2904
2297 1856
3122 1389
1570 2462
3845 587
1024 257
1075 2225
1201 3065
3395 1741
2925 2695
1441 1872
410 633
2120 1751
1146 729
1801 664
2618 2525
2055 789
3001 3180
3639 123
118 646
1889 612
3176 3597
364 3591
1602 3387
2557 843
434 3487
1744 3390
201 1650
3412 44
527 1447
1400 2171
2954 2130
1076 162
3758 3873
2425 1098
1917 1356
1076 611
3260 1366
3215 795
3507 2256
1165 420
2423 3289
613 2110
1175 1444
3356 2774
3554 3869
2061 771
2607 328
1311 315
3726 2078
2342 1006
998 1104
2110 456
2271 821
3416 3469
2213 2232
2578 3663
711 1231
285 3140
2409 869
2762 298
1627 2619
1839 3423
3044 2830
1602 2465
831 3805
3312 112
256 2065
3443 1801
3679 2770
1526 123
1782 3108
243 3782
510 957
1669 341
2132 1173
1086 2202
2393 3145
2187 2727
3257 3011
2685 1144
3191 194
3820 605
2479 1577
2865 1242
3576 1834
1808 1932
3491 2216
2232 3913
2782 478
1848 264
3290 2122
2202 340
2965 1962
3248 1476
1675 3023
2775 3464
1711 2751
1796 1619
2231 3631
3475 908
419 1840
3471 274
1132 1892
3220 2007
841 904
1543 3753
3625 681
848 3013
603 2148
429 1473
3604 135
1274 1297
1408 3934
2041 3007
2045 1486
2976 24
2262 1327
3267 3041
797 1827
1626 794
2972 717
251 644
3728 2450
1276 509
1230 2078
3153 2252
772 3083
3430 1843
3693 1592
242 2274
2579 2587
2857 1402
2600 2179
1021 2385
1966 1493
1276 2178
3517 2040
2253 2678
1525 2917
1120 2941
727 396
787 3413
1256 2853
2939 3787
3078 2227
1330 1939
3226 1342
3050 455
2779 864
2479 1889
926 3564
2193 1525
1924 1308
2827 1492
491 1665
3001 257
977 2194
3236 3362
3712 1543
2111 391
2096 1580
3663 835
3333 3571
1398 11
2587 3000
700 1613
1942 2451
1282 1694
1362 3056
2992 3136
3326 2273
3595 2159
118 3104
1690 3536
1090 3329
827 3527
116 921
2366 271
2698 1838
58 3610
35 2300
1337 2411
3268 2315
279 2267
142 3038
1288 1240
2445 853
981 1546
3782 1086
544 622
3038 3902
2222 2372
3876 2312
2202 2096
324 3630
1534 2774
2696 2963
1584 657
102 2772
3730 1829
2575 2359
153 1794
1549 2935
557 2110
3507 404
3861 3303
3518 2490
1146 1381
605 2299
1700 153
2444 2195
3470 3057
3896 3621
3823 3328
3214 208
2457 489
2990 1603
1463 2114
1422 2301
2546 496
641 3391
2166 1570
175 3324
2327 379
3120 2830
946 3248
507 603
933 1083
278 1
1649 147
3330 2137
2098 3404
967 2112
267 3533
3007 1213
3360 2538
1617 3882
538 3493
50 3175
452 3637
2836 1029
2627 460
359 2861
2797 2408
2754 745
1384 2781
1365 3854
1711 1938
2838 27
863 2479
2960 332
1813 3171
569 927
126 3358
1219 3392
392 2256
1565 3441
1908 758
3171 2068
2832 3110
2633 1025
3920 3893
415 781
187 2410
1617 548
2518 1550
2260 1122
1726 2777
3207 460
3547 3232
3302 593
2309 2795
2068 2891
1354 711
2926 2062
3314 1824
2310 2444
2742 3412
1596 3379
743 1885
716 3360
1468 2542
2994 1123
609 1560
2671 3853
1261 1228
2157 2327
2878 3709
564 3127
818 1918
2127 2920
38 3799
1215 621
471 3705
3025 3087
3854 491
1595 419
1979 1924
3463 2549
3368 1396
3827 1710
1870 3534
2705 2281
3746 3275
215 2968
59 971
360 3562
2513 3666
2611 3023
915 1903
3448 212
3323 1002
91 3657
805 1543
1094 1888
3127 830
2338 415
3617 1866
3683 2483
1607 3363
1516 3134
3478 3864
3223 2459
3587 1175
1997 3901
3543 3788
1076 2376
2964 1425
1188 1889
2118 1568
3629 1628
922 3676
3400 3489
1637 3472
3716 3589
1758 3186
1594 2940
2179 1109
3217 668
306 1029
1481 2532
3486 1345
2636 1516
797 2932
1951 1722
1538 1929
2388 2751
1771 677
421 3489
257 2723
3095 1697
2653 3468
1320 3168
1197 3002
3551 2338
2342 420
2443 1704
3194 3737
2072 2009
3428 2862
2009 1781
2236 356
3657 3406
331 1501
1682 1818
3260 1677
1840 2105
2980 3516
3363 659
3617 2475
2480 3024
1491 389
2524 1714
2839 2472
1528 3890
2602 3585
1298 3845
1242 1219
3143 30
224 1723
563 2684
3396 1768
1495 500
2649 2469
3482 1467
1421 147
1707 2336
1188 3885
173 667
704 3490
2904 2721
3813 3462
597 3815
17 3890
1170 1507
327 3741
2217 1438
2363 1192
2864 73
3382 3093
2961 2538
3362 819
66 818
1191 140
3426 1769
2761 3802
1718 869
3248 1022
123 1619
1726 583
3317 2876
3613 197
1661 3092
3786 3695
1438 3735
3818 2274
2111 2401
3899 397
821 3050
3384 2164
2603 1143
2251 3501
3143 3014
3097 112
3936 1279
630 3907
1865 3427
2631 2213
733 2806
3399 3370
1313 448
169 2488
851 3434
577 2940
2551 1894
961 918
771 809
1833 2510
2043 2505
1544 3169
3415 3563
1892 1695
898 995
151 3834
2066 3680
394 3711
3411 2197
1539 3586
2113 3858
114 3204
2030 3545
3289 606
1922 2362
2520 1335
2661 3842
2245 1852
847 2953
3216 3304
348 3412
1481 2418
3312 3405
2328 11
3101 751
2820 1953
121 1997
3149 2239
2848 2251
3811 1196
1236 141
2137 2930
863 1762
1907 2789
1432 2683
2323 1854
811 648
2298 3051
1134 1902
1380 1044
3315 1697
1660 219
695 1802
3427 21
1476 553
2300 231
2160 578
2111 3895
2596 864
3619 2985
1338 117
617 2393
2181 3434
1151 128
2168 3080
1981 2585
1021 1750
3644 1539
3066 1466
17 2553
1242 992
2308 3221
2265 1396
3536 559
3923 3088
3914 3551
2502 1092
1498 1143
1244 3286
447 2465
