500 300
408 134
137 145
487 446
189 196
176 40
287 17
313 236
214 80
375 230
410 385
303 95
160 195
384 433
61 456
44 173
176 15
495 296
22 411
60 57
498 377
163 233
484 297
145 380
392 382
166 276
255 114
460 30
277 91
155 48
284 66
69 166
325 80
430 462
470 259
58 370
376 366
404 205
251 108
458 9
298 47
389 8
259 221
23 221
248 192
246 204
357 40
44 146
270 331
96 1
202 56
31 446
146 197
430 485
329 458
356 87
230 432
287 236
29 440
319 110
477 448
232 178
341 137
41 407
204 65
321 490
471 211
478 338
357 417
310 289
476 374
389 486
446 279
356 187
215 67
142 349
371 251
459 340
100 326
464 239
93 351
187 74
234 349
66 371
5 15
196 94
141 443
348 121
187 451
370 483
406 196
401 494
369 292
386 200
353 52
222 450
481 57
151 487
204 119
324 340
405 191
107 271
338 254
394 447
75 374
498 116
251 207
274 76
222 393
64 181
61 351
195 395
52 424
95 122
44 308
327 354
421 434
136 408
16 429
441 444
40 413
440 341
44 149
214 309
286 116
176 64
8 177
330 279
292 13
335 290
302 258
492 255
58 485
146 342
88 275
4 382
292 16
113 364
152 226
316 227
432 107
150 367
313 208
353 206
237 271
91 127
397 363
78 405
480 180
301 63
187 0
232 19
158 154
174 455
23 419
484 242
283 460
162 373
283 348
411 112
483 431
210 26
274 159
8 441
53 52
471 350
231 282
114 375
271 463
436 140
258 141
474 99
484 67
456 430
342 178
276 408
425 71
337 402
351 416
246 465
248 174
376 430
113 11
6 374
108 15
487 288
240 134
275 170
101 346
37 282
297 9
437 158
449 232
453 149
435 237
349 2
60 440
254 484
123 132
66 98
325 293
150 270
382 117
266 453
372 447
112 305
444 88
247 373
32 244
396 149
476 496
374 448
389 268
476 36
224 78
403 328
305 358
356 178
72 372
293 310
313 193
251 318
100 218
338 386
137 296
411 349
22 486
53 309
348 19
158 146
131 177
277 73
250 208
285 490
499 40
159 116
52 230
449 416
364 347
227 303
102 225
153 108
246 86
168 75
481 349
114 6
130 254
416 411
407 185
380 296
296 288
328 371
97 11
425 28
253 387
355 169
241 193
356 374
110 391
471 477
394 317
198 347
36 349
243 436
293 73
449 228
453 221
275 377
480 264
335 450
292 188
177 281
107 29
420 132
460 67
33 246
444 416
311 157
118 481
84 12
26 371
6 277
40 205
370 69
149 78
349 276
24 148
293 214
359 101
361 197
341 441
158 75
146 182
118 117
93 395
474 145
123 425
243 10
257 270
385 339
317 463
