500 8000
437 216
199 98
190 335
142 270
275 252
286 478
265 76
37 85
491 382
233 335
74 385
239 348
75 464
493 353
468 92
137 458
393 343
231 193
37 183
152 19
377 29
142 196
163 418
190 158
418 380
414 261
416 476
133 109
17 47
460 334
105 460
292 491
305 14
442 399
321 171
6 86
69 1
205 35
309 359
445 470
394 124
295 260
419 207
246 383
67 192
274 485
333 27
122 62
461 269
13 191
39 45
401 157
486 157
382 461
449 471
460 75
217 127
115 336
468 261
186 392
216 255
58 314
3 496
37 163
408 15
461 277
109 104
131 397
71 230
393 209
45 220
120 266
43 122
64 492
11 110
317 7
241 482
449 39
350 100
415 99
440 493
497 398
234 451
68 321
369 87
147 329
458 20
465 361
354 271
168 68
147 362
58 167
358 167
193 258
167 154
358 388
273 367
441 456
188 184
240 22
196 220
397 90
51 352
403 48
259 122
20 236
62 444
44 184
72 265
379 114
121 353
242 219
87 251
308 23
365 402
53 114
376 131
326 219
375 59
433 340
400 263
115 175
437 2
458 73
335 326
469 246
410 408
408 490
249 87
483 416
272 195
189 145
442 72
180 437
23 490
145 299
296 330
424 342
207 263
202 485
159 229
373 233
230 69
60 492
328 75
490 492
482 129
108 304
417 269
205 216
458 252
286 407
275 270
15 17
66 140
195 368
24 467
118 440
325 106
389 428
297 37
301 461
116 256
207 67
373 325
33 158
337 316
250 397
62 328
460 228
125 218
351 100
95 356
481 375
138 212
493 148
349 377
302 320
16 176
79 366
342 482
222 282
126 281
274 187
46 277
329 3
335 460
207 468
487 116
6 333
467 78
246 454
139 232
269 296
227 215
286 471
32 328
129 139
81 327
0 242
228 132
245 139
144 477
313 303
94 427
206 213
306 392
299 24
370 465
101 495
445 8
29 45
23 178
192 39
403 120
46 96
313 20
4 448
89 251
98 82
8 437
307 237
372 210
134 137
107 45
48 231
309 225
456 442
401 293
353 273
185 224
264 472
2 61
129 37
368 39
403 222
209 256
386 411
336 368
419 329
143 77
414 2
435 177
445 333
355 414
497 341
422 326
404 191
479 292
167 330
302 392
204 154
299 275
260 16
5 334
219 375
362 425
0 268
484 437
322 74
110 357
354 73
291 222
83 216
421 237
412 464
373 8
276 408
159 79
22 425
168 189
496 105
405 246
477 291
280 104
456 267
169 177
412 55
247 475
217 177
68 122
393 44
455 476
95 266
300 297
269 267
405 256
493 491
52 486
57 295
263 110
364 91
74 301
258 211
426 130
391 287
26 143
116 29
317 46
357 63
334 376
492 335
253 240
398 35
448 434
438 237
92 88
20 425
313 165
421 327
31 445
286 177
246 367
276 401
397 28
104 166
388 390
398 405
412 348
256 239
269 270
499 247
319 413
435 249
399 256
405 261
432 270
16 222
24 194
287 258
232 342
154 422
57 85
44 158
194 351
450 137
164 198
210 188
149 133
491 350
182 43
140 73
280 109
195 332
418 241
334 477
330 274
30 453
337 130
158 283
88 32
86 201
109 424
233 419
112 166
167 157
199 475
120 268
362 410
338 325
218 16
9 78
465 77
476 65
278 212
150 384
232 305
336 352
421 201
95 127
275 496
277 13
53 148
261 481
169 212
488 474
416 118
248 269
211 57
10 288
478 382
156 8
226 330
420 189
414 479
361 301
261 172
44 38
280 124
339 30
434 277
214 374
175 183
89 178
33 371
2 239
276 145
339 22
53 180
143 106
224 43
95 444
87 403
211 327
208 282
291 33
484 198
173 167
413 448
265 208
349 472
185 402
125 321
257 117
180 97
44 367
333 391
448 77
188 406
177 399
155 476
172 171
310 150
498 41
247 358
375 467
281 243
331 54
394 242
109 348
18 52
470 232
152 89
303 440
480 164
313 273
128 13
338 217
427 307
117 374
290 257
88 453
29 472
414 224
313 349
219 393
179 202
478 366
86 340
32 27
498 436
476 417
1 345
83 45
86 412
85 7
223 376
342 48
401 436
372 231
9 197
67 8
356 454
120 344
81 156
124 482
95 370
354 290
417 13
240 92
5 189
421 372
232 455
76 417
416 270
98 247
453 219
86 37
380 90
274 310
423 477
367 400
138 339
95 496
220 285
352 410
187 240
148 491
135 250
93 443
298 361
106 307
434 284
322 452
413 430
442 438
366 37
234 186
51 459
319 125
495 351
168 128
484 81
120 230
332 43
91 266
438 70
293 477
94 203
3 144
150 406
140 365
183 470
16 355
355 353
433 93
357 178
447 272
224 236
248 119
272 414
56 348
368 462
462 67
339 215
169 105
57 43
85 233
44 216
436 479
349 91
338 310
251 288
306 287
54 351
275 30
350 35
341 192
43 159
163 60
311 362
163 495
61 46
378 168
103 318
2 352
200 20
113 87
94 86
278 321
53 188
284 40
67 340
99 186
350 245
407 279
393 109
197 161
277 215
413 88
307 483
324 367
349 175
214 446
116 279
19 181
197 108
330 67
144 334
109 182
440 405
438 317
329 447
390 102
171 198
420 344
266 123
182 382
138 122
87 361
324 305
155 291
440 413
328 169
220 84
144 473
102 50
243 352
377 74
0 494
260 14
257 209
194 64
153 218
151 32
486 201
480 96
6 279
146 242
154 164
227 365
261 296
87 90
180 171
110 450
179 387
380 214
186 311
140 34
489 126
275 492
281 468
64 356
262 207
260 182
330 114
300 458
40 312
163 452
310 115
476 377
101 285
190 120
312 145
239 135
185 94
25 160
194 267
315 187
163 35
170 405
463 212
344 296
5 483
489 306
68 200
148 40
455 39
199 129
96 483
197 497
120 178
226 386
210 497
35 258
126 31
298 393
355 245
0 71
446 439
376 112
300 36
397 59
270 395
92 380
366 62
498 76
151 183
470 10
115 23
31 106
163 123
156 164
88 252
325 101
286 52
455 32
372 405
54 365
386 470
203 425
458 425
227 440
281 479
487 261
117 256
409 79
20 372
98 92
237 145
360 408
124 120
189 396
104 356
135 269
55 24
87 322
136 405
192 19
156 401
118 175
222 284
221 258
380 162
121 41
480 451
373 275
495 295
293 423
388 359
347 348
314 413
124 488
218 8
260 95
486 343
302 130
251 425
481 165
57 142
410 297
412 420
329 154
163 412
109 60
457 71
36 230
175 44
33 395
52 244
71 254
224 144
105 123
219 95
482 476
465 341
41 117
89 127
480 382
404 6
301 302
369 293
82 286
487 373
374 213
322 149
348 474
406 249
428 430
184 186
364 418
483 68
34 72
202 219
149 280
456 91
130 146
63 290
172 149
287 178
103 110
434 379
470 413
344 267
322 450
109 255
70 20
56 476
458 23
439 357
147 178
478 272
252 95
60 403
284 188
39 289
411 115
125 51
433 177
419 107
444 274
351 103
249 295
187 344
148 490
218 23
78 187
192 474
234 381
250 23
316 339
183 39
379 316
327 91
438 463
182 493
63 19
162 321
455 121
434 31
213 216
327 415
209 54
296 127
207 393
167 361
40 69
288 310
294 295
472 85
191 255
6 459
366 301
38 496
100 417
452 229
300 51
176 329
31 361
397 467
400 60
167 350
201 294
133 62
354 138
322 381
324 47
236 299
68 62
412 290
206 360
270 330
22 269
241 245
360 276
244 211
77 115
296 44
368 256
24 282
281 280
460 112
136 449
356 441
474 198
448 211
416 460
58 126
155 320
29 145
86 207
430 425
299 402
282 434
334 414
20 409
159 289
335 283
470 120
149 17
346 467
205 80
396 387
127 164
285 409
459 359
264 195
418 173
102 319
195 284
84 155
365 43
398 70
48 280
401 454
72 121
155 493
158 28
31 299
120 60
353 391
411 99
6 213
188 89
362 112
452 448
22 412
36 216
251 28
55 216
238 383
434 131
368 162
192 489
479 142
39 430
224 70
116 232
4 303
12 320
368 381
227 173
392 190
73 369
488 453
288 83
167 225
334 422
148 57
73 468
360 264
161 34
356 203
61 383
243 176
405 83
322 448
263 384
17 417
0 18
15 57
16 419
20 195
54 116
306 305
425 235
186 183
0 484
7 350
443 91
204 296
255 121
29 4
492 386
212 6
177 23
18 491
427 184
327 494
9 23
462 93
251 153
79 297
68 320
155 408
215 496
233 369
316 120
307 447
386 417
470 37
173 485
216 382
186 343
257 201
474 306
489 487
202 98
6 451
390 489
79 2
371 440
365 372
180 43
264 251
452 139
445 457
55 266
346 209
156 268
192 153
188 228
475 437
247 335
336 340
13 348
36 17
118 163
187 42
337 414
145 332
201 446
224 341
138 361
465 47
248 369
300 119
272 464
79 344
111 211
381 434
107 158
276 1
237 326
87 250
376 119
288 174
407 311
99 220
417 183
108 159
232 204
197 49
8 193
459 476
136 369
72 91
393 251
480 310
13 174
89 82
288 329
173 185
44 210
317 5
373 262
5 292
328 47
246 40
255 187
23 423
168 71
492 443
453 386
43 463
486 87
294 281
290 335
301 152
52 198
306 123
83 88
7 238
308 244
406 226
109 55
169 422
229 191
328 319
7 303
4 349
451 230
369 26
326 480
320 236
122 80
470 434
322 189
455 420
359 445
6 455
184 15
340 124
371 438
38 292
83 16
40 408
193 188
77 297
255 332
239 227
453 336
41 307
71 333
231 244
254 279
141 174
314 167
329 70
37 143
408 175
406 243
498 180
131 113
415 247
302 328
81 468
206 441
390 248
408 171
82 410
437 24
70 233
171 33
182 120
14 177
241 96
365 204
202 31
402 96
63 135
182 330
100 7
186 427
466 252
367 47
186 424
299 138
130 335
286 483
449 277
362 134
170 420
93 193
408 87
171 452
339 468
171 60
496 426
421 349
475 50
447 331
142 406
444 226
153 457
486 121
480 50
336 384
17 53
352 107
243 381
193 75
395 482
89 157
128 270
383 39
52 306
248 254
485 421
415 279
10 205
340 74
125 445
232 181
280 435
18 253
165 134
297 260
147 468
391 183
306 235
441 185
175 82
293 231
417 195
370 317
343 133
325 193
29 318
438 381
32 34
295 89
224 401
410 471
84 396
19 128
3 410
90 127
113 120
50 453
71 295
185 345
168 173
123 7
163 397
348 230
468 104
85 177
188 102
334 47
358 359
28 447
354 47
159 473
180 185
446 175
422 105
264 262
495 401
314 336
433 110
450 230
397 244
145 320
284 57
314 449
23 36
44 414
265 216
167 120
158 72
186 41
36 349
180 244
251 0
149 278
38 214
95 68
6 432
170 225
280 138
294 410
407 303
22 402
457 12
380 108
144 198
66 97
207 41
433 231
263 165
158 149
186 20
336 461
424 210
204 421
329 149
78 35
423 498
252 418
2 312
282 424
10 491
491 446
308 497
395 446
211 483
344 411
435 363
351 309
324 246
184 300
94 72
144 266
92 79
469 98
207 32
119 252
378 16
172 290
227 175
406 268
428 420
394 302
2 418
471 60
79 369
394 373
216 262
185 482
89 8
389 462
117 13
21 265
80 417
76 25
479 441
463 320
211 25
121 112
476 326
335 397
415 365
408 143
156 20
383 459
52 188
81 309
423 211
70 179
443 282
387 408
53 97
475 369
433 275
455 377
203 190
229 481
474 18
389 287
171 23
424 19
200 44
240 239
211 174
182 343
448 266
393 346
376 380
459 3
35 241
431 152
301 28
218 354
458 498
249 89
405 490
201 264
212 415
128 478
88 22
80 152
497 219
62 171
311 469
237 248
231 145
42 401
438 124
415 400
348 430
206 65
125 201
73 383
444 483
405 331
70 394
148 408
58 475
2 333
297 146
344 271
488 249
366 179
286 161
43 330
405 272
336 246
366 193
469 54
117 169
71 445
194 213
35 22
238 352
296 324
48 39
241 385
145 205
374 304
218 46
488 328
38 377
263 11
70 111
54 129
325 415
324 127
426 204
21 100
287 221
468 401
179 134
356 43
250 163
133 266
116 1
37 251
487 292
169 48
339 466
123 109
434 164
277 92
465 467
164 332
168 469
121 361
159 415
497 60
434 383
7 445
225 174
357 350
422 436
364 309
282 471
224 287
468 46
473 439
19 387
59 477
142 279
155 343
254 33
485 19
357 358
31 158
229 301
306 196
406 197
419 255
119 325
194 301
210 251
351 227
94 257
148 495
371 325
329 53
397 308
141 202
368 60
347 380
433 189
48 26
214 66
401 390
250 459
258 99
61 237
259 114
485 376
189 158
345 254
230 218
278 348
223 120
377 308
257 437
200 342
357 221
304 423
387 271
492 105
215 295
446 322
406 434
127 470
426 196
32 10
119 162
159 249
313 243
424 181
255 316
193 413
164 104
257 24
299 391
120 297
239 126
273 376
89 65
377 277
95 148
264 370
205 226
345 402
128 358
18 84
334 26
458 346
241 65
266 262
93 425
6 230
42 179
176 430
272 364
354 350
92 122
331 203
136 415
174 239
113 243
114 407
464 304
326 148
166 215
411 208
100 192
246 90
217 140
125 339
52 377
307 97
475 442
254 379
84 409
18 473
461 260
349 301
237 267
44 2
380 66
461 91
57 448
394 312
466 264
96 251
430 485
41 448
55 449
23 224
188 288
10 59
21 286
467 458
413 198
470 164
478 345
22 438
409 223
317 193
332 186
314 496
393 132
74 413
18 282
288 421
149 114
201 363
241 78
193 249
73 113
272 77
188 271
102 286
342 96
249 484
13 163
325 131
236 463
499 382
58 154
101 191
429 25
58 178
413 398
291 285
462 336
434 140
146 28
186 418
10 46
278 431
398 101
170 398
232 442
218 70
1 330
49 100
17 251
323 228
256 198
484 108
216 115
292 41
255 97
407 221
485 358
234 325
225 324
24 38
25 293
473 333
428 276
416 394
140 396
63 461
283 214
269 170
315 54
37 166
233 5
17 119
465 203
168 331
366 194
348 121
82 298
394 175
385 405
351 401
166 3
240 333
433 369
487 497
60 189
495 373
492 232
273 271
496 459
324 7
75 18
66 160
412 99
449 478
234 375
121 197
208 420
141 411
146 108
50 61
339 212
25 170
84 75
63 277
426 120
116 106
249 136
324 337
415 283
152 239
305 28
102 374
296 208
188 436
242 312
431 142
413 89
140 93
499 468
371 352
304 163
116 105
251 22
282 295
478 466
44 324
186 278
82 234
449 44
199 434
241 193
264 30
249 214
119 110
366 466
97 188
486 423
129 364
289 41
210 313
374 274
370 292
258 161
362 422
333 308
30 72
4 113
488 260
21 149
494 282
259 151
32 197
112 283
217 110
463 19
22 183
320 185
87 278
274 339
304 248
63 321
339 324
363 277
330 222
285 234
73 482
60 480
79 36
171 279
7 224
125 30
20 271
425 161
406 239
238 301
307 63
122 283
210 192
206 260
177 443
229 67
299 195
300 215
209 410
27 250
269 279
313 387
178 290
29 114
86 307
339 268
454 430
360 307
235 171
451 298
239 74
399 59
483 410
151 337
89 463
489 387
332 19
295 364
328 458
396 385
229 486
262 68
83 492
186 219
104 133
80 204
328 405
38 108
422 70
297 83
448 492
101 70
335 205
91 467
197 35
294 288
336 53
376 116
120 151
291 365
373 338
223 394
395 392
437 36
271 129
78 385
8 302
385 158
27 49
209 126
395 415
291 53
407 172
424 410
151 300
18 240
284 193
6 482
287 230
432 351
111 207
480 357
287 276
81 287
31 185
484 130
353 133
400 264
100 199
408 68
378 322
45 386
174 190
351 255
36 386
166 487
109 344
261 123
393 453
199 393
210 216
442 416
471 385
332 420
212 449
286 227
222 328
201 418
235 456
456 11
499 55
117 291
302 71
193 213
292 289
270 317
336 374
109 418
306 61
310 385
362 19
262 125
252 29
231 317
13 306
476 446
412 216
177 231
7 321
399 416
79 280
110 364
10 25
380 158
488 232
231 357
193 17
322 124
210 61
367 26
274 272
47 38
458 379
228 86
414 368
35 221
87 83
75 337
97 177
92 367
392 289
169 398
19 208
44 497
382 146
4 143
151 455
72 431
85 148
358 339
0 372
224 389
225 332
148 257
193 61
496 63
429 395
19 347
313 59
76 154
19 101
347 230
262 42
156 413
131 167
70 10
431 467
295 146
212 277
5 52
191 258
171 102
421 154
453 368
25 475
189 441
81 354
330 409
151 179
319 162
147 496
315 491
143 201
491 474
80 461
165 23
469 299
0 239
371 19
283 493
427 175
255 67
134 166
218 481
183 102
85 347
36 108
37 370
482 78
325 195
103 72
276 233
27 443
239 458
43 33
380 16
376 478
344 314
323 275
194 349
196 267
44 466
307 55
193 124
497 178
125 203
422 243
10 358
450 461
101 238
263 261
77 270
224 61
50 13
403 182
498 463
166 435
149 127
127 376
349 118
69 60
265 329
222 287
318 177
235 341
263 314
370 412
396 153
148 316
401 295
139 421
372 268
239 331
127 301
324 265
310 364
489 2
191 70
93 385
133 425
84 421
494 342
158 198
478 206
490 472
319 155
458 101
123 144
332 403
422 2
304 351
172 308
167 49
197 18
327 364
360 160
103 314
90 17
476 312
332 128
320 16
79 455
480 120
437 251
420 11
390 170
162 354
390 258
184 208
446 383
205 456
447 455
160 28
484 297
462 381
332 27
492 279
496 177
38 356
335 448
401 102
214 293
251 435
228 226
430 265
419 324
271 405
403 220
469 454
401 55
423 404
358 249
121 487
143 254
485 96
459 128
343 98
486 78
438 168
231 237
281 197
201 152
103 162
50 116
312 131
352 71
421 81
190 51
332 441
372 339
414 60
96 182
213 110
97 149
286 17
460 219
392 65
149 308
230 375
316 71
427 238
329 252
302 196
135 73
192 298
3 253
293 154
44 136
306 125
462 78
144 306
95 255
401 24
6 270
63 123
384 113
292 324
401 204
140 381
167 38
186 382
310 239
464 282
75 17
113 280
415 309
96 414
497 38
240 254
196 107
227 92
56 137
270 189
411 394
197 412
381 26
213 482
95 345
245 324
388 27
181 197
46 385
427 434
442 301
222 238
30 450
46 3
139 390
198 395
486 106
108 74
192 407
229 167
316 317
405 109
203 449
227 99
87 427
164 179
244 212
334 188
383 373
417 35
292 27
399 407
462 386
56 353
69 52
320 454
478 408
194 256
198 7
166 168
92 471
123 337
228 40
76 185
109 7
180 298
359 11
263 88
424 411
450 13
187 499
391 337
369 480
310 309
438 234
100 6
280 346
353 176
282 465
303 70
265 14
161 403
407 65
325 64
124 48
148 335
62 425
159 485
38 320
484 90
266 360
47 397
82 153
440 345
405 252
401 321
137 397
178 365
304 123
465 449
194 343
16 79
442 5
26 127
427 112
490 290
148 63
360 339
54 216
179 302
202 456
164 455
374 194
428 278
144 234
379 176
243 368
295 230
174 452
67 492
141 149
452 440
135 144
61 279
424 379
444 363
21 170
421 90
112 192
113 364
220 54
229 197
231 123
328 214
68 371
136 171
413 96
199 119
339 20
58 496
163 82
130 391
266 67
440 171
230 34
284 482
126 249
177 372
192 406
185 106
65 99
128 112
463 85
35 292
120 129
289 279
498 328
384 69
60 49
132 99
91 78
335 285
343 250
105 240
364 377
292 472
55 161
437 282
341 52
497 46
448 481
77 336
336 61
488 197
256 296
356 473
319 191
265 39
220 305
492 1
479 419
22 15
462 390
202 415
480 146
302 97
279 418
350 54
162 402
169 265
245 208
469 449
54 3
82 45
58 11
421 476
348 491
0 366
21 450
219 232
486 209
350 210
265 161
62 108
15 270
48 495
427 128
52 4
333 40
494 147
206 284
211 226
233 83
204 413
112 19
196 348
348 428
407 261
339 11
408 67
441 310
458 385
357 144
450 375
413 283
173 201
452 404
29 489
82 62
378 156
366 385
213 221
319 67
377 208
367 126
473 196
187 92
392 461
223 147
251 256
384 391
53 127
109 490
442 80
55 221
294 182
165 488
150 474
486 16
203 176
218 41
117 407
394 400
414 74
388 199
103 391
401 334
384 306
157 230
34 40
432 69
69 92
74 93
277 85
282 430
330 386
469 53
495 78
222 36
227 439
316 258
145 95
43 489
275 305
61 226
380 432
133 238
2 64
65 208
90 147
299 329
292 57
208 63
392 285
82 448
337 423
374 72
59 127
374 466
399 368
345 383
39 309
316 154
92 243
289 182
225 196
297 385
431 126
159 330
261 328
261 473
271 308
333 323
174 257
232 10
300 345
324 85
20 242
255 282
316 1
292 287
11 352
467 230
428 166
116 129
237 21
214 132
205 269
119 467
396 436
177 296
273 312
249 250
252 41
133 285
131 303
335 60
303 297
28 169
429 419
110 274
180 144
466 355
458 214
142 114
257 8
178 247
208 302
133 404
418 343
83 466
306 496
442 52
156 211
345 331
498 422
184 339
117 100
275 182
143 98
285 467
477 42
339 298
179 485
476 98
264 261
235 96
116 212
51 150
24 200
442 222
355 167
414 319
448 16
69 422
60 153
134 106
235 297
256 472
490 340
265 134
400 38
218 279
18 39
205 268
407 373
193 223
260 422
268 109
298 33
397 164
60 168
351 87
15 76
224 348
490 302
152 415
8 307
187 134
407 449
374 413
17 76
74 405
415 354
322 284
148 395
143 208
380 457
462 415
304 317
30 376
373 118
360 404
280 310
153 46
291 454
188 428
292 243
80 326
67 303
292 67
334 287
112 288
157 258
103 14
224 131
193 209
439 173
384 245
368 67
64 330
499 352
225 135
162 306
96 151
351 491
377 323
406 371
37 352
62 287
219 322
261 257
372 182
203 80
114 193
323 141
259 238
299 257
89 351
121 8
462 407
30 480
479 397
312 325
97 247
289 467
381 175
106 392
326 448
387 445
166 276
88 220
149 355
224 134
343 167
208 228
142 287
138 217
171 10
172 287
363 498
93 33
133 100
285 212
0 369
320 418
261 381
122 206
152 73
373 132
94 28
267 361
390 330
456 421
154 476
316 404
293 268
125 75
300 369
199 204
478 378
59 483
157 476
92 214
395 452
391 342
136 364
268 36
212 134
330 284
392 133
492 71
83 64
166 369
305 248
68 301
57 37
367 141
476 273
4 207
308 330
315 72
371 227
379 134
28 142
54 83
363 455
140 393
364 259
189 199
459 373
398 133
417 246
165 354
418 443
305 166
156 387
201 64
333 166
199 118
82 308
434 234
409 89
141 9
419 125
413 428
374 163
306 421
80 158
156 431
111 3
325 19
97 361
487 299
286 57
494 279
191 132
88 366
383 435
44 331
73 128
391 32
239 456
192 203
484 416
403 276
8 429
278 263
141 0
147 4
160 159
27 65
34 149
351 9
10 153
103 6
291 300
302 67
440 51
151 191
244 303
384 227
25 204
376 319
213 304
372 36
448 177
366 245
103 404
473 305
252 406
349 141
476 498
30 234
248 255
109 434
472 430
20 232
309 367
427 77
368 66
334 187
206 395
276 40
187 30
60 257
167 79
231 201
212 107
315 212
37 406
233 194
78 229
50 322
443 389
388 281
196 65
476 412
298 131
400 129
349 84
491 471
184 383
441 120
217 220
491 211
410 115
347 234
406 125
376 110
180 479
253 58
150 251
413 266
32 164
139 496
494 61
416 497
312 352
111 230
311 96
392 254
210 89
324 490
221 85
248 485
361 92
478 248
222 485
440 111
365 209
217 234
36 333
335 465
466 174
273 359
122 446
266 466
123 234
130 121
478 273
375 385
260 19
110 156
24 223
239 39
468 55
38 430
141 124
469 228
56 146
15 268
295 448
302 69
494 229
410 403
220 132
248 351
190 447
107 372
108 329
198 211
77 380
321 436
107 378
373 305
417 113
249 361
299 60
134 184
205 271
246 208
272 172
435 387
466 173
204 407
424 336
449 279
327 329
146 156
418 299
254 17
387 177
80 164
47 318
146 52
117 346
446 171
429 196
70 262
271 137
484 282
347 182
101 35
81 398
185 307
446 310
426 234
341 469
42 27
316 392
484 131
224 387
195 122
235 206
348 15
436 66
198 274
479 73
130 219
458 112
196 16
392 310
113 75
126 40
416 475
343 280
30 329
334 319
75 354
308 206
313 335
352 48
143 35
489 135
284 455
227 64
242 274
106 321
462 314
57 494
447 184
406 5
23 388
236 491
280 211
93 375
424 63
329 384
451 213
367 98
291 423
479 28
387 461
155 485
460 409
251 323
335 213
392 119
153 474
226 416
117 2
160 404
293 294
226 5
254 149
141 414
452 193
44 62
262 368
221 366
463 491
262 457
292 1
311 447
4 355
378 312
389 362
353 418
106 381
120 254
216 355
147 464
374 98
330 405
458 256
206 336
98 398
241 160
169 32
43 349
161 174
261 280
317 90
190 379
364 321
241 332
37 206
187 85
384 184
481 456
460 197
397 149
439 267
19 6
308 16
188 86
42 278
184 431
121 275
408 372
262 228
428 313
433 336
223 492
438 55
81 399
125 1
119 397
73 194
341 410
455 5
301 308
327 456
491 479
185 181
164 172
153 121
107 295
198 273
81 92
276 11
386 380
422 235
319 108
200 468
468 193
403 209
125 237
385 222
408 448
289 314
214 107
315 477
228 306
447 287
69 416
266 270
214 206
349 410
159 381
98 102
257 0
304 330
361 479
23 369
51 431
400 332
342 331
199 463
153 63
20 104
58 225
271 85
344 169
326 228
202 246
383 395
477 328
101 482
352 58
414 211
446 25
309 342
72 129
396 70
258 399
127 236
6 111
432 417
40 32
426 174
410 150
149 54
153 224
97 492
15 259
187 365
283 117
348 141
475 145
62 86
221 126
158 494
313 205
194 128
395 186
188 128
308 427
364 142
328 323
33 448
370 119
263 498
91 367
353 246
343 459
494 413
312 306
465 164
186 16
313 440
240 205
310 40
213 485
28 267
81 146
197 437
405 155
68 99
64 424
377 389
388 430
479 17
407 53
192 216
196 356
315 91
466 378
283 277
474 425
185 225
389 268
391 378
386 325
237 13
385 495
208 15
107 124
405 231
114 126
380 393
470 63
314 204
84 166
96 188
479 421
177 19
99 468
69 413
238 372
298 352
196 113
159 457
208 311
238 417
19 65
387 141
324 263
148 419
327 101
67 89
88 239
477 253
268 242
482 155
421 463
113 83
404 329
255 72
144 329
145 430
363 299
17 289
279 315
381 63
156 402
451 240
297 95
253 444
44 207
184 48
244 210
419 316
81 15
230 32
339 446
123 256
151 315
234 254
256 292
68 474
26 135
479 310
456 150
278 393
447 283
160 343
103 29
227 473
175 1
240 483
315 441
408 368
222 61
491 157
474 205
110 168
161 271
156 257
13 438
217 205
210 221
17 409
203 328
134 456
355 151
45 219
163 76
362 247
243 238
56 319
154 45
475 235
417 328
126 160
92 67
413 103
400 322
466 172
228 330
317 221
136 361
326 18
9 70
248 422
220 475
139 163
319 61
476 436
20 337
272 355
321 242
350 129
95 335
19 43
338 308
218 459
28 168
84 286
59 439
395 318
34 292
242 161
63 246
441 235
134 443
456 384
149 335
380 453
248 476
16 326
326 0
154 314
52 79
300 32
499 251
458 464
194 263
107 58
157 469
370 93
336 105
58 447
478 403
289 372
154 483
85 432
78 479
150 459
446 62
382 1
292 83
36 350
369 431
380 177
93 39
396 252
28 205
364 397
343 19
100 179
112 314
292 143
282 413
419 349
423 370
7 40
192 101
125 421
414 362
410 485
368 429
217 216
123 228
480 38
281 163
49 236
429 159
327 4
340 217
426 144
263 25
30 206
452 95
169 213
467 485
95 353
42 169
99 278
332 150
223 176
76 90
114 458
205 220
349 32
405 465
46 85
423 456
336 63
414 126
61 67
75 61
398 265
407 374
9 175
375 227
406 301
40 141
208 387
347 122
161 231
232 191
156 78
269 278
193 443
168 470
221 154
378 387
6 498
77 275
429 331
128 263
403 458
461 397
16 414
488 175
333 78
86 14
141 237
249 367
439 448
435 254
434 268
475 365
462 304
196 121
478 74
291 268
471 428
19 259
52 289
331 247
260 286
485 321
150 110
215 260
83 142
435 319
416 142
322 348
69 68
327 341
438 126
17 144
403 434
74 40
214 204
200 404
341 263
136 175
281 417
465 406
191 165
341 187
208 363
224 214
312 208
187 13
206 470
447 213
277 327
344 175
443 388
318 236
63 228
338 397
62 373
417 486
416 54
383 173
94 406
91 5
282 99
296 376
450 2
133 151
115 165
399 244
286 437
362 56
283 196
23 462
30 49
274 309
174 348
456 168
481 348
41 357
172 480
127 289
458 270
111 117
84 172
382 284
17 151
219 452
16 398
211 164
36 267
322 385
246 163
478 138
78 248
290 379
333 388
371 28
450 283
3 180
166 374
254 54
12 199
125 380
217 345
451 454
141 212
426 222
296 30
255 174
396 219
18 390
214 60
472 335
389 357
307 279
52 153
297 49
112 363
262 74
95 358
193 133
498 129
201 456
349 481
434 158
213 299
169 211
388 230
66 324
346 361
397 8
365 21
400 43
169 389
31 284
134 200
373 288
385 128
115 267
337 224
214 25
418 215
216 73
201 74
54 143
357 196
358 33
213 347
230 197
386 10
450 483
334 128
353 189
405 384
62 142
205 166
305 49
190 54
429 384
322 272
168 211
372 476
379 479
471 34
51 401
253 10
440 464
418 34
235 51
163 203
278 430
164 223
129 100
257 38
117 53
351 286
137 6
319 253
369 297
363 331
305 374
190 55
13 308
86 60
237 414
50 68
166 167
289 201
178 286
36 271
415 16
334 440
222 463
307 43
263 378
327 493
454 295
436 195
72 421
336 327
106 74
163 394
227 424
54 135
116 137
461 263
79 447
260 229
484 394
71 300
319 12
86 144
422 156
465 198
33 272
31 353
170 291
93 394
459 271
371 448
75 58
407 385
292 63
309 471
17 161
234 417
427 199
463 317
440 24
487 492
127 497
458 311
131 188
439 146
376 266
275 332
390 424
71 317
316 224
187 424
161 270
254 292
223 479
485 463
48 442
252 459
155 156
112 465
439 100
488 29
111 180
399 325
17 321
463 367
181 169
263 106
454 73
141 297
117 151
319 59
181 147
254 405
258 426
2 154
47 443
327 138
435 218
36 479
96 109
389 158
235 457
403 315
441 348
371 465
386 104
408 281
461 456
257 309
4 417
160 369
38 193
87 237
249 49
122 472
222 120
470 159
132 352
206 364
437 245
363 355
122 151
188 467
376 158
141 190
115 45
336 44
177 271
189 68
113 49
365 307
261 391
253 410
331 302
368 310
482 149
243 237
113 347
223 175
374 313
337 416
269 15
216 487
48 404
75 37
149 123
483 109
475 181
452 424
342 157
59 191
379 100
0 28
248 131
394 470
491 36
135 96
49 469
62 279
53 457
187 178
348 36
80 254
251 324
346 480
356 414
400 207
288 364
330 350
301 474
497 476
452 345
359 364
16 337
123 124
89 118
462 44
110 171
317 415
359 401
331 396
112 221
142 228
405 116
55 403
61 39
465 338
224 320
106 29
233 240
195 423
140 100
427 162
147 309
68 84
133 264
202 90
168 408
491 7
428 102
236 400
370 340
201 315
103 114
75 322
209 315
424 480
284 68
405 206
488 254
312 337
497 248
419 213
329 43
49 273
455 190
303 80
430 369
125 367
364 164
458 194
214 112
260 409
474 405
20 264
223 19
410 159
415 458
42 274
77 496
340 373
72 444
157 409
120 38
185 321
491 396
156 435
187 247
351 142
53 353
378 191
149 217
136 227
405 124
343 256
328 360
434 201
337 70
100 477
334 30
103 260
441 384
211 267
130 245
247 129
450 326
151 242
125 76
130 198
102 323
494 329
394 101
428 442
437 455
70 319
78 127
437 332
7 307
460 218
389 33
250 408
358 383
479 478
250 63
65 250
313 202
139 458
115 135
112 172
60 125
342 243
321 60
483 89
164 485
50 131
217 319
409 222
497 147
172 340
242 412
107 10
453 322
338 220
43 223
192 141
344 188
489 380
287 446
441 266
490 289
304 3
106 487
40 267
486 360
314 183
342 245
11 311
271 283
80 231
10 131
49 461
132 274
307 82
284 279
401 486
360 5
43 402
397 19
196 457
30 21
135 114
122 160
150 28
290 458
214 85
177 341
111 104
170 231
193 459
301 176
219 113
260 414
277 29
148 429
72 486
219 418
447 18
260 279
337 459
108 354
355 73
274 158
385 110
305 245
64 460
197 84
384 59
339 90
205 421
459 40
196 37
407 410
427 24
204 224
281 493
227 232
135 306
109 101
220 6
446 19
426 474
124 449
22 256
299 470
55 320
306 436
205 45
115 270
172 235
473 352
427 378
134 57
492 288
430 285
97 491
438 60
101 217
117 40
314 303
154 449
343 138
81 106
466 165
111 81
239 213
288 169
344 325
349 475
181 262
478 107
393 474
101 53
300 197
466 152
330 184
260 214
452 144
66 417
335 174
372 54
91 404
406 195
206 23
177 287
130 439
3 435
277 181
134 249
169 10
246 175
236 292
273 119
294 492
100 499
16 192
187 84
187 275
305 56
443 329
314 297
398 166
230 215
111 193
190 362
418 3
473 274
42 15
451 318
223 375
450 299
330 195
498 225
346 35
5 481
48 56
223 171
364 52
281 371
80 447
209 108
458 70
34 431
364 432
165 233
305 197
310 359
459 81
368 130
178 345
250 396
76 314
215 144
327 66
67 144
429 2
440 276
131 394
390 290
127 115
200 380
434 267
22 5
248 97
301 175
279 162
90 192
170 328
60 34
260 106
467 217
143 454
51 323
191 285
224 275
153 498
113 76
121 122
221 435
138 237
274 44
491 309
158 354
118 261
125 197
431 259
353 213
39 113
479 451
131 128
394 90
353 267
342 150
182 444
364 81
474 71
195 354
290 9
41 161
40 61
362 206
312 96
294 82
270 493
201 416
457 341
437 151
319 395
348 490
71 347
331 101
401 307
190 122
47 487
368 258
320 452
474 226
268 178
299 44
311 486
261 482
98 307
454 77
223 254
34 303
164 199
436 210
167 302
143 223
14 445
54 177
291 305
55 197
39 318
218 163
282 406
430 354
361 325
230 118
117 85
66 434
487 273
159 187
376 74
489 447
232 34
253 421
263 60
87 431
55 424
490 267
208 178
202 340
201 287
374 484
138 137
64 5
353 214
43 301
359 231
371 387
55 363
292 428
70 1
282 50
384 427
425 462
275 261
61 112
478 87
71 231
42 111
430 66
212 130
46 362
403 194
162 270
317 196
104 456
137 216
435 322
461 54
413 90
69 207
24 396
201 481
57 270
464 201
372 194
165 188
193 167
0 385
233 171
137 247
193 18
325 364
380 381
456 248
125 387
165 82
52 295
464 0
493 27
45 322
162 373
219 117
442 443
51 353
414 454
292 385
22 429
367 128
232 421
231 148
114 235
140 345
344 437
51 146
401 175
231 194
147 0
397 271
226 55
11 106
404 93
281 89
324 350
308 296
389 388
470 59
254 298
307 389
11 371
53 387
355 205
155 251
23 63
182 41
285 90
82 55
304 193
47 26
364 171
332 343
202 353
485 106
3 367
449 42
274 443
139 151
409 170
178 121
197 17
406 260
20 291
489 323
341 51
53 483
50 5
404 264
74 277
384 145
372 346
488 382
137 139
270 309
471 24
25 0
293 377
240 144
161 131
496 392
98 462
349 366
398 263
289 202
53 110
409 59
490 165
7 104
292 272
159 412
26 425
193 386
251 409
45 186
46 90
167 181
91 336
19 122
336 104
59 278
81 101
456 68
425 152
267 228
116 31
344 422
250 276
237 201
475 79
351 349
40 3
276 37
163 370
346 206
189 330
50 455
389 495
103 137
95 376
355 482
244 121
204 171
83 412
327 213
233 424
16 161
117 108
160 308
62 88
328 487
189 209
492 39
106 41
362 463
57 34
282 283
102 205
396 377
328 436
60 0
115 365
143 215
161 140
499 270
76 156
93 414
400 438
166 66
40 343
293 266
406 248
319 224
386 137
260 124
495 134
358 180
254 449
224 178
366 320
415 58
493 61
187 288
350 6
498 60
78 26
137 327
152 416
138 41
140 484
269 50
159 276
122 202
471 415
56 196
256 329
431 82
358 139
277 279
381 109
4 383
408 204
101 203
218 351
362 308
119 435
58 191
249 270
69 455
156 355
259 177
303 377
149 5
381 121
322 406
319 458
155 446
196 499
242 291
43 263
450 94
307 61
387 113
35 442
117 126
233 32
190 426
474 265
376 11
211 6
305 208
235 420
86 464
28 24
365 252
283 67
481 209
286 413
36 305
251 70
290 289
104 57
303 107
488 374
166 314
298 37
258 44
62 481
11 2
384 132
152 27
200 159
123 394
20 398
281 298
278 374
252 374
99 441
157 299
362 235
94 230
59 247
215 409
413 412
99 396
482 428
197 379
485 481
435 212
130 79
304 137
231 472
156 451
113 297
15 233
371 164
250 112
236 356
267 305
246 280
483 159
289 23
233 94
48 188
196 7
230 130
415 216
277 431
170 326
149 371
92 104
193 150
246 130
374 73
380 342
193 471
67 406
187 227
367 361
269 60
360 104
75 361
31 155
423 107
284 259
36 138
192 227
497 11
158 122
264 224
398 155
321 10
275 355
93 390
286 213
345 482
385 90
147 170
170 29
328 180
42 450
220 43
131 311
114 318
424 154
159 233
60 210
284 85
411 74
121 429
316 427
102 448
12 409
144 6
31 114
361 476
93 186
55 289
374 376
197 31
388 105
360 88
201 280
325 93
325 331
397 168
442 81
156 289
379 28
320 52
199 65
242 467
107 382
177 261
53 88
341 100
380 9
299 114
472 494
116 270
309 123
225 68
396 59
77 321
399 203
421 85
25 428
97 178
111 270
465 356
407 494
407 110
126 65
113 272
323 232
398 312
293 446
20 84
244 389
157 367
367 396
315 445
134 84
68 141
174 15
139 434
360 399
253 211
381 415
336 128
327 196
228 69
84 247
50 307
220 3
85 451
361 322
18 471
470 221
7 160
213 33
473 259
299 92
168 20
377 219
303 334
130 124
463 344
386 339
342 97
173 341
307 497
100 487
216 243
30 178
452 128
116 111
94 292
248 229
244 12
65 428
444 325
262 370
268 143
438 21
23 286
193 202
332 88
91 152
146 1
434 94
139 95
362 403
305 171
106 322
251 78
217 204
72 235
485 191
183 149
148 106
489 108
414 409
485 280
111 405
449 470
76 272
437 13
150 324
451 264
469 438
459 41
326 214
322 232
474 40
285 324
239 311
316 58
250 347
159 213
108 226
491 79
98 432
422 494
250 475
168 143
274 148
275 36
428 339
206 80
440 449
449 194
436 250
198 120
121 77
130 266
336 240
412 107
494 234
306 250
409 282
331 113
19 180
118 61
97 498
206 440
463 50
349 277
68 479
384 396
70 315
28 288
221 365
213 459
391 453
204 274
3 47
143 180
345 339
497 420
126 306
226 332
353 22
282 459
454 103
300 0
117 51
108 339
141 32
103 472
128 479
47 171
59 53
380 467
214 340
193 298
272 314
110 297
135 186
2 124
379 199
254 327
484 192
92 186
204 292
139 241
45 415
26 157
139 211
37 372
387 14
170 78
11 454
284 493
451 4
295 38
466 140
367 298
472 306
499 484
28 139
397 4
439 410
167 218
491 314
331 470
147 115
75 122
121 257
225 11
106 453
70 17
319 295
29 140
24 215
186 496
455 150
150 97
77 410
96 236
118 141
254 332
371 460
25 465
88 189
416 12
3 60
363 351
214 371
7 132
281 210
412 94
381 150
135 441
110 138
248 265
157 384
485 458
28 259
160 499
258 385
153 23
152 178
333 427
21 174
376 381
43 66
10 287
295 311
232 209
332 364
101 359
241 79
390 420
476 91
216 50
402 336
162 436
120 100
304 368
170 318
216 371
220 420
76 188
251 1
491 208
364 279
178 308
346 239
497 358
289 281
422 98
51 269
185 491
94 320
38 69
204 203
482 427
121 459
178 209
60 143
292 434
205 261
17 9
209 170
158 212
186 354
213 113
43 144
471 343
44 417
7 278
341 374
441 194
436 379
286 237
316 402
393 45
147 7
83 322
461 42
274 283
263 476
79 236
309 368
148 183
220 469
432 146
214 412
222 325
359 252
177 183
34 488
110 302
140 27
441 82
253 171
332 106
43 145
419 314
317 299
83 166
213 348
17 440
206 314
99 364
202 159
62 284
129 336
264 418
180 449
148 383
470 270
74 314
4 21
13 434
52 363
307 455
47 208
470 382
154 428
260 353
244 46
242 74
34 447
374 372
74 217
281 367
201 129
388 151
461 183
15 309
348 256
434 299
358 471
485 269
413 175
327 374
162 261
324 341
88 336
436 156
97 355
204 333
216 294
5 92
164 90
217 35
426 385
156 102
18 238
222 129
426 229
274 287
162 83
289 239
67 239
233 454
178 80
299 442
187 156
428 124
214 6
106 87
350 9
146 143
96 221
473 157
354 276
279 400
326 215
25 314
23 91
399 458
477 339
234 410
487 129
317 151
294 60
109 186
291 192
312 399
265 310
178 433
228 451
445 129
261 219
147 278
15 457
377 163
471 77
110 115
280 3
80 121
358 188
328 156
381 231
93 64
249 306
181 0
388 379
380 344
197 48
288 475
230 165
407 15
477 217
451 470
132 336
286 241
161 335
253 12
461 0
144 185
375 52
402 161
421 382
53 84
51 364
435 287
231 413
264 36
45 80
474 186
424 89
269 187
110 362
477 94
15 252
67 49
88 54
289 173
77 375
382 265
430 477
324 467
352 26
181 122
339 222
107 244
224 382
354 292
466 320
242 428
402 324
498 425
280 331
333 236
410 337
455 127
237 463
420 80
345 335
291 177
21 426
119 220
64 331
298 158
195 247
265 442
125 351
340 449
256 415
485 420
346 157
411 222
363 376
235 102
328 465
318 449
125 35
370 161
140 432
81 244
152 218
103 361
379 236
368 435
134 246
495 153
6 261
448 230
385 283
83 278
40 499
384 499
218 416
452 97
33 17
112 151
306 83
474 268
407 243
250 255
52 305
104 498
197 68
184 263
299 36
415 142
356 303
368 41
167 240
227 213
188 420
446 192
219 346
322 425
52 226
378 407
270 430
266 22
434 472
355 476
146 310
468 152
202 352
453 74
261 122
247 254
269 367
328 303
17 382
82 209
23 430
392 281
465 104
3 91
72 281
195 183
232 130
185 319
191 298
489 437
59 153
286 59
26 464
369 173
446 364
68 286
224 119
488 347
90 34
105 212
248 410
122 147
124 53
131 489
477 345
44 305
367 385
497 164
163 260
9 202
201 308
426 276
498 320
51 144
50 113
5 314
127 129
218 174
171 437
207 5
2 494
96 217
81 88
217 164
298 491
491 81
339 123
410 127
265 48
1 260
168 86
446 401
437 246
491 359
137 115
441 205
0 306
205 353
187 287
230 237
409 32
73 179
1 338
63 476
445 87
467 249
258 149
69 202
297 134
483 225
34 416
110 314
313 118
123 334
230 186
94 494
23 147
37 159
54 464
46 285
163 11
234 282
41 476
210 34
243 396
303 243
385 134
118 134
281 19
240 62
342 202
27 497
77 69
426 400
465 413
476 290
488 195
142 419
358 492
347 321
181 36
88 446
207 358
290 232
481 380
248 23
244 206
155 166
426 394
273 206
157 438
270 471
25 258
184 480
415 361
397 222
319 445
189 418
368 356
70 41
18 250
36 377
120 9
239 70
326 48
390 113
119 58
422 80
491 283
53 161
171 293
11 446
79 260
390 328
36 3
189 366
45 293
459 264
439 488
62 346
413 486
302 465
52 183
385 43
446 245
339 25
71 224
319 454
283 161
81 272
323 431
235 434
9 379
349 412
471 244
385 157
182 342
245 421
312 239
260 205
237 404
469 332
154 191
56 398
240 185
293 106
432 459
237 447
400 211
209 230
292 191
299 162
148 485
68 89
160 440
121 184
33 364
309 316
356 326
354 249
471 466
381 188
456 427
39 190
68 177
275 46
250 283
482 486
350 323
160 104
106 356
67 479
380 471
279 283
313 281
318 89
366 417
113 5
33 113
436 35
186 467
322 122
334 435
181 398
400 495
46 280
66 22
242 362
358 341
398 348
478 174
270 302
367 75
31 371
331 61
448 306
393 242
380 69
315 402
220 36
492 376
97 98
48 449
17 1
301 151
498 73
494 54
1 350
13 17
302 204
187 342
228 127
150 181
274 334
126 140
112 327
436 384
272 427
432 43
200 190
384 232
117 209
22 135
233 296
117 419
364 79
59 141
367 323
350 135
103 5
488 259
106 431
215 473
319 131
326 408
23 411
269 239
349 240
490 81
122 99
298 231
40 159
64 111
75 420
105 223
169 496
289 466
3 445
475 377
493 498
20 203
103 125
297 88
297 132
59 228
337 417
311 283
384 254
311 48
325 464
77 327
21 14
244 377
89 366
292 359
416 492
453 70
329 413
172 224
136 348
349 321
348 159
322 342
200 370
186 47
324 154
229 244
482 206
275 335
80 288
483 4
207 151
376 413
236 53
496 311
324 358
162 146
159 42
405 165
447 410
414 469
430 363
249 45
437 189
32 144
469 169
71 423
246 138
338 108
418 333
216 203
245 62
1 236
76 277
129 392
92 117
477 66
346 225
214 351
385 131
18 158
73 356
35 450
258 479
72 406
146 147
200 137
290 448
449 251
398 336
449 239
189 112
60 199
132 414
82 229
321 180
153 189
246 250
428 103
404 447
83 445
27 477
248 323
328 300
62 132
157 68
461 399
56 462
64 233
280 6
491 327
339 151
400 432
213 360
337 432
236 423
244 309
392 354
170 448
426 441
38 410
18 123
211 131
257 12
302 440
242 37
154 142
111 124
178 195
13 127
88 390
336 480
171 388
290 149
0 463
424 459
234 317
74 145
454 258
256 495
82 136
309 436
94 411
492 51
386 255
28 29
80 28
359 243
218 393
147 381
148 207
43 360
8 120
380 267
437 426
226 289
69 372
327 347
461 349
327 119
342 281
79 322
4 259
174 116
424 120
13 39
392 458
49 26
125 43
201 367
213 415
44 146
437 155
237 309
408 48
39 282
313 57
181 166
445 450
256 221
204 330
233 336
10 53
285 301
425 216
242 142
208 217
277 144
26 325
83 182
462 370
62 313
132 90
415 154
144 432
210 336
2 203
151 288
402 8
355 428
372 189
108 287
182 447
156 475
149 191
184 373
322 377
254 314
284 307
453 408
80 209
175 19
439 109
119 75
266 375
236 205
351 178
207 181
303 258
205 218
238 59
246 453
223 280
12 56
460 170
351 60
76 139
366 150
284 387
483 223
293 323
302 239
88 174
4 387
8 265
147 490
81 255
2 57
418 166
350 71
316 297
261 119
428 145
156 125
273 268
477 69
10 4
324 152
62 280
61 297
471 102
114 294
380 231
119 305
403 367
327 387
173 50
256 460
412 482
144 220
422 287
193 308
366 279
59 86
138 149
98 153
117 397
198 224
53 350
148 347
12 296
496 250
124 493
259 11
212 28
380 442
163 54
114 255
98 485
20 414
486 314
101 478
405 219
361 447
193 152
89 300
326 189
331 104
51 41
341 484
377 456
405 435
297 395
223 367
1 368
315 90
265 255
164 452
0 35
94 44
278 394
450 122
203 487
78 79
267 205
264 206
314 451
473 408
438 189
321 363
400 189
414 212
368 352
426 386
54 189
286 358
364 115
338 379
467 179
20 486
260 473
147 32
35 249
64 238
278 261
272 462
400 470
16 146
219 166
164 100
92 435
276 45
4 449
18 222
374 96
338 459
282 25
301 195
353 139
167 433
406 38
390 470
412 188
57 144
1 181
162 432
159 492
402 239
388 482
356 40
150 347
43 45
135 111
138 71
24 350
130 57
440 176
289 229
393 117
418 339
217 210
253 446
480 203
311 490
427 315
471 401
345 184
53 395
49 317
391 319
389 463
340 458
443 382
253 273
385 33
347 433
380 134
4 184
442 376
171 304
10 414
401 95
397 351
157 238
261 106
483 451
70 34
475 194
327 157
157 457
390 78
154 196
42 418
174 439
29 241
15 462
455 396
358 124
24 243
64 385
281 56
259 208
483 243
378 33
366 418
291 363
303 429
414 29
243 189
220 197
280 338
468 374
150 218
24 266
378 52
318 78
247 392
278 405
140 47
332 349
417 72
441 30
16 469
133 447
252 94
428 297
372 296
445 389
307 395
458 416
217 70
73 342
294 130
212 114
87 91
72 108
141 144
171 174
59 486
4 285
109 306
242 446
409 139
231 459
446 114
365 31
315 237
346 377
149 194
151 392
196 466
147 175
41 27
197 135
348 27
402 452
212 484
362 15
30 270
433 353
71 310
151 229
93 82
381 93
29 243
411 415
288 25
197 60
342 499
301 227
432 392
30 100
105 103
462 401
214 477
34 464
260 184
378 388
468 146
255 183
132 5
453 413
431 133
341 160
30 337
430 381
203 398
388 111
332 406
176 461
147 370
379 3
310 217
302 89
232 275
81 256
193 470
492 259
146 273
59 123
356 162
320 19
21 182
114 39
166 109
479 76
293 221
433 421
446 260
311 456
56 69
473 353
210 297
356 278
397 80
109 277
114 41
174 53
353 211
151 14
412 342
360 445
94 295
240 110
37 328
111 225
217 322
478 296
201 73
204 73
305 323
2 322
184 8
276 289
421 446
89 177
354 192
100 5
130 267
93 89
314 129
243 45
300 155
479 100
168 45
285 408
334 99
58 201
487 480
445 277
233 408
211 124
393 484
131 139
444 165
272 205
212 217
372 131
173 267
224 461
352 294
105 353
92 368
6 390
182 197
342 454
328 55
70 145
224 62
423 73
156 84
422 114
237 102
183 459
254 453
23 337
466 20
492 134
201 42
34 357
23 25
192 191
362 98
167 163
113 310
107 323
88 427
59 468
443 4
37 198
182 329
109 296
401 301
442 159
22 37
230 428
83 202
396 134
456 180
137 348
2 436
371 340
492 12
161 166
194 350
365 432
387 138
489 308
135 110
310 323
340 17
318 62
241 164
325 125
368 236
93 455
396 10
439 320
457 139
233 190
152 288
139 282
477 24
357 3
234 344
138 103
223 20
178 211
300 22
486 167
236 233
13 335
424 234
438 402
218 324
251 114
429 181
412 215
442 451
35 177
431 312
327 102
107 357
357 248
161 399
48 469
303 269
162 238
248 301
133 288
436 281
349 93
101 182
281 404
362 183
379 391
217 194
393 266
133 30
449 233
120 274
329 64
449 394
428 305
34 335
423 278
100 458
299 14
31 216
246 399
459 99
138 258
302 285
323 72
84 274
398 292
462 352
70 413
64 109
296 23
89 58
273 235
445 222
382 294
498 46
227 223
304 85
409 68
158 413
398 85
483 315
150 141
51 194
252 310
286 363
199 215
91 218
68 472
251 271
213 376
214 256
317 456
334 468
495 281
116 414
60 99
40 243
352 365
366 26
89 494
159 344
293 327
244 470
216 190
44 46
118 190
229 208
201 102
296 461
328 223
77 353
445 416
388 81
216 286
407 457
408 391
160 415
207 28
444 227
186 10
222 10
319 329
390 448
194 57
495 165
40 359
197 455
323 200
483 116
232 333
234 440
300 476
203 296
286 292
449 224
272 148
11 328
191 178
434 351
150 233
89 101
0 114
181 199
118 310
220 76
79 258
355 443
422 355
342 348
208 83
396 156
406 81
101 389
68 161
306 55
306 198
214 5
470 337
460 497
413 391
17 217
142 432
384 287
128 315
90 133
415 44
33 314
264 256
346 277
101 165
372 398
16 150
303 169
459 455
139 322
39 459
211 321
7 492
149 432
373 389
319 31
437 277
268 246
380 409
330 295
29 369
44 125
217 286
186 299
118 377
142 160
347 304
108 63
365 422
417 392
484 465
383 440
423 4
381 177
110 345
273 103
109 429
211 272
5 146
313 240
496 116
34 21
161 92
239 443
112 367
407 116
71 487
297 406
137 203
417 463
469 105
301 202
482 403
248 426
252 309
474 290
159 347
373 44
160 284
108 166
308 373
430 219
295 289
29 32
478 197
8 423
168 99
78 361
180 233
367 167
380 491
51 179
419 144
219 199
148 166
305 480
57 365
89 4
69 398
481 205
88 231
488 94
317 252
22 224
24 182
394 138
179 248
345 417
392 112
482 450
468 217
281 369
206 337
163 12
202 308
473 212
283 169
173 330
360 254
48 123
182 177
67 168
349 488
452 82
472 200
291 273
431 368
310 209
151 178
396 177
412 265
263 248
69 104
214 86
390 165
263 362
318 343
214 402
73 289
309 168
212 334
274 167
483 253
145 307
492 153
400 124
159 176
13 484
165 369
328 135
58 205
4 427
251 344
26 99
439 113
317 451
165 265
434 33
208 371
151 394
283 499
11 144
36 192
105 6
406 425
118 238
60 41
63 478
64 260
404 134
285 126
255 283
88 149
344 162
452 242
72 146
252 387
338 322
284 47
433 163
56 85
68 307
453 354
472 9
466 88
30 85
47 390
408 258
40 140
58 296
448 215
169 407
84 252
370 334
339 356
433 349
282 421
381 189
190 454
192 498
155 369
88 139
275 194
15 23
173 399
484 27
154 198
52 389
175 490
363 384
179 7
406 361
344 361
12 226
160 258
17 350
383 149
16 48
327 353
405 461
495 344
139 307
270 86
163 270
431 375
362 401
53 55
106 203
31 291
133 2
78 254
270 110
299 231
212 88
496 450
215 196
217 292
306 254
64 479
264 490
326 95
112 248
316 381
8 304
262 198
448 62
333 338
9 434
324 260
352 140
80 418
215 194
144 304
422 152
278 72
215 250
10 43
499 139
17 452
20 76
48 498
99 456
392 252
73 68
483 203
24 186
335 406
152 291
299 21
5 98
431 76
131 145
479 105
373 416
431 40
263 233
370 249
203 420
149 62
177 474
489 441
149 417
387 183
78 343
9 63
4 200
359 375
465 448
324 387
431 50
144 322
243 107
29 476
388 492
295 32
55 87
488 6
95 440
22 181
338 249
89 422
210 346
118 372
137 230
368 405
355 339
95 211
126 402
189 221
462 359
78 239
197 194
453 12
149 276
380 56
106 269
43 148
165 268
239 326
308 203
215 296
289 409
169 354
161 246
123 165
91 240
407 267
355 59
88 158
59 418
236 317
313 429
458 428
238 170
314 48
365 414
287 72
208 304
280 397
443 146
17 156
285 77
185 229
123 311
39 41
388 55
101 461
316 269
194 181
389 117
215 129
380 135
322 93
262 270
419 438
198 81
412 437
219 301
180 287
311 80
249 100
282 23
469 315
71 167
25 113
90 60
443 221
161 330
471 280
158 23
362 496
148 133
470 111
282 265
200 465
268 283
267 333
360 345
451 118
234 42
209 489
464 107
380 156
321 208
424 463
149 41
388 208
236 276
476 158
46 53
345 116
485 496
174 210
224 436
180 460
176 357
29 89
483 332
276 202
379 137
192 350
75 142
14 1
456 32
154 463
402 57
24 171
466 155
143 468
426 76
221 476
374 474
117 240
163 329
189 291
255 301
238 414
16 421
485 182
174 160
339 307
395 353
217 314
95 463
441 321
105 361
90 88
31 401
264 3
300 428
439 156
484 216
107 74
461 43
109 62
217 175
232 202
384 166
404 249
400 95
206 165
330 484
491 267
206 101
389 161
405 87
399 131
438 112
489 221
411 425
206 376
83 352
331 193
493 140
286 411
390 145
465 306
333 112
423 489
145 155
54 327
324 95
44 455
137 422
235 78
252 256
269 406
71 359
439 103
193 335
277 226
390 146
57 312
299 324
353 476
443 276
478 1
91 117
18 301
47 295
403 201
196 414
47 146
173 213
219 9
291 195
371 91
280 159
15 7
417 447
380 10
11 329
341 131
455 226
266 44
199 0
316 182
229 294
169 479
138 456
87 207
290 444
37 450
15 144
66 374
455 246
212 274
498 415
162 473
45 70
187 443
257 103
374 293
496 264
348 455
4 351
23 311
438 156
295 286
341 378
169 11
440 115
491 153
292 17
264 376
84 343
437 101
219 236
152 320
356 97
255 157
106 350
470 339
320 202
167 440
343 458
96 265
15 466
267 390
228 109
392 279
272 100
410 139
4 238
25 195
103 64
396 3
309 315
386 15
433 278
383 402
264 419
9 305
38 159
400 64
313 486
206 103
462 264
304 204
56 437
42 360
305 447
50 182
120 248
159 127
69 476
480 145
258 33
83 131
292 310
46 37
118 248
106 304
283 66
76 311
10 104
223 283
454 404
55 170
269 213
140 452
322 98
485 53
459 281
0 117
469 65
135 289
480 257
467 131
334 309
317 76
191 498
228 131
498 71
132 366
205 43
134 388
441 28
331 36
84 466
40 345
285 372
209 420
297 259
240 262
350 329
103 157
410 157
272 175
302 262
467 74
37 375
207 285
495 252
92 116
57 249
49 253
333 44
301 148
293 415
386 491
339 3
362 66
204 255
286 457
135 388
372 355
324 480
230 176
200 75
387 466
473 193
350 144
262 17
37 150
276 391
278 110
389 497
30 62
292 302
239 272
13 266
379 418
411 225
162 98
219 16
68 21
324 208
240 464
281 340
377 329
102 262
430 74
346 339
339 294
248 106
86 58
223 323
411 171
375 148
388 231
255 239
264 247
42 428
380 107
159 269
332 321
96 124
97 51
107 445
496 70
348 234
254 171
267 355
279 368
111 142
371 84
7 329
238 449
298 234
284 438
216 378
70 159
381 365
77 497
262 243
158 83
153 404
25 65
294 154
204 285
141 442
434 89
219 193
152 362
96 472
189 123
72 151
470 209
311 405
351 83
143 344
99 7
240 278
491 145
321 299
416 276
364 53
108 375
8 209
266 422
469 294
426 379
342 127
195 17
26 218
461 438
206 183
200 483
244 301
38 325
293 31
58 344
186 470
420 135
278 115
457 16
372 308
83 49
429 199
41 430
138 124
255 472
315 192
101 379
174 213
294 291
97 22
386 279
85 308
415 360
55 50
447 35
0 455
316 274
116 437
179 375
79 329
466 438
244 111
344 277
66 194
105 160
273 77
480 472
200 132
295 420
311 153
345 26
478 352
93 280
370 336
367 184
331 487
162 40
483 330
285 416
490 356
74 359
480 137
304 32
66 400
181 72
30 66
81 110
201 375
278 30
306 160
305 341
223 199
353 122
240 467
361 11
360 35
371 184
281 160
278 36
84 474
300 246
305 489
9 215
231 290
124 24
54 57
308 263
264 394
142 343
107 13
79 323
48 308
223 229
313 474
451 438
191 126
348 54
319 432
456 3
100 163
426 223
106 264
88 287
82 68
350 478
139 297
269 258
339 142
324 222
364 67
251 163
20 192
440 100
463 398
121 430
363 392
139 184
110 387
260 97
150 261
350 220
81 352
286 218
148 96
266 478
347 472
137 414
443 78
363 343
225 245
465 331
208 308
376 10
35 461
235 332
480 148
214 315
350 133
54 417
234 19
22 382
383 489
444 385
124 475
352 299
411 200
56 246
226 218
16 392
397 252
103 335
493 313
226 124
26 16
343 306
292 15
9 75
385 19
248 80
121 468
1 159
82 183
156 122
303 224
445 328
381 71
293 313
210 29
175 55
351 191
444 431
123 139
57 110
341 150
354 247
475 328
362 41
77 194
142 314
332 301
442 388
474 194
38 51
250 443
141 52
47 338
478 340
113 23
14 114
113 127
26 73
463 193
51 445
222 68
366 312
348 194
238 6
302 180
245 197
462 197
278 477
258 203
52 354
200 48
445 338
494 116
358 134
350 204
257 39
108 416
237 68
178 231
196 328
199 90
155 303
482 94
56 118
177 392
130 149
450 236
394 111
194 377
358 91
371 384
59 12
62 43
159 403
372 6
239 54
340 57
90 27
332 262
284 129
482 102
407 495
212 488
466 308
298 454
254 466
459 489
387 351
460 284
133 338
315 132
433 444
55 186
310 185
165 356
138 8
185 2
464 280
217 258
365 224
113 388
147 214
66 256
160 467
315 359
51 414
388 346
369 260
106 403
450 360
115 108
481 299
385 314
175 111
262 363
18 296
27 450
297 379
387 421
29 240
163 27
270 200
197 214
420 234
339 192
297 375
292 77
165 446
15 359
411 104
329 273
219 490
229 59
368 210
2 88
263 456
251 139
382 37
217 165
482 228
233 60
258 146
380 216
81 426
9 34
80 186
66 124
66 147
196 335
253 411
286 415
495 272
132 330
244 350
386 222
19 285
312 3
414 295
393 106
464 498
8 353
66 424
396 343
96 355
47 497
371 392
256 455
331 246
45 360
225 326
182 172
462 473
335 227
328 137
12 141
182 51
56 312
442 135
474 437
14 119
441 234
331 335
57 390
338 383
129 33
169 435
249 360
183 267
110 320
479 276
129 290
414 28
125 80
302 101
93 410
459 155
461 300
150 13
205 489
117 170
126 125
30 255
68 253
285 295
195 345
431 231
78 424
41 232
198 313
299 52
259 298
498 316
32 396
134 131
55 251
415 80
53 151
84 108
251 318
396 487
485 283
54 51
7 162
408 466
284 415
49 339
53 429
212 337
104 22
201 21
374 200
235 150
344 372
409 418
245 349
14 489
236 38
143 276
35 323
250 131
394 259
453 298
253 56
441 85
388 293
341 12
437 394
436 215
117 373
263 151
423 429
322 434
242 54
207 30
391 278
100 181
76 122
103 376
107 123
135 429
313 336
431 63
442 417
386 363
51 59
110 19
373 303
489 37
225 46
76 102
430 69
164 260
403 477
155 382
403 185
6 278
473 156
60 458
432 267
86 314
98 112
481 310
201 17
210 141
431 236
244 166
319 410
143 445
348 447
248 368
58 451
191 384
247 188
133 438
365 236
269 97
64 396
399 9
274 264
113 366
249 348
393 221
92 481
127 15
188 350
447 323
184 249
491 57
406 99
71 78
157 149
55 376
274 7
452 132
117 399
187 449
431 73
358 311
404 256
365 369
432 118
27 62
149 119
432 401
112 445
158 306
455 444
370 198
213 66
58 267
134 403
365 435
56 384
338 40
408 189
81 233
231 176
201 202
103 342
150 386
437 355
137 391
150 190
83 163
429 466
188 116
169 137
168 301
374 494
439 268
254 181
18 203
483 38
13 424
448 189
74 288
161 423
150 452
377 358
100 484
414 123
303 76
30 192
179 214
128 181
297 90
409 204
107 25
230 498
31 153
32 285
144 14
204 328
409 476
14 84
237 377
334 408
76 36
411 113
326 363
418 441
291 200
153 200
267 397
306 74
450 488
199 112
141 27
49 293
433 334
221 110
30 5
346 196
78 226
317 153
242 440
371 462
417 362
304 324
327 271
430 426
378 60
265 59
180 430
251 240
106 194
304 51
112 227
425 49
12 69
285 43
39 367
340 255
320 473
447 467
491 490
291 219
316 466
374 149
388 94
287 417
118 122
451 363
5 344
133 386
73 23
25 414
292 225
487 149
187 182
405 408
386 478
179 429
18 15
308 253
14 184
390 352
294 152
377 390
178 327
215 66
174 494
242 409
172 410
395 56
389 289
373 437
440 458
216 304
149 342
77 199
238 247
119 211
146 34
302 20
216 298
333 53
472 213
238 202
35 73
422 324
141 183
178 174
431 122
249 58
465 40
343 417
247 269
365 280
442 103
202 100
345 63
415 337
15 250
162 401
148 102
49 201
96 121
32 248
184 226
168 205
364 265
141 5
100 215
239 337
429 204
266 499
213 493
340 475
149 387
170 71
238 236
189 272
207 178
330 187
317 381
246 365
12 171
135 222
449 450
57 157
386 47
260 486
438 404
292 135
422 77
291 163
166 389
24 149
310 341
10 407
457 251
482 349
36 51
327 375
250 313
285 420
382 139
496 207
118 346
173 106
250 161
282 26
182 1
205 321
283 88
350 151
493 478
459 419
438 129
482 65
266 458
272 245
0 109
491 397
30 338
366 259
342 63
79 265
447 241
184 204
58 55
384 219
344 52
227 206
30 482
306 477
289 330
81 139
213 205
127 263
201 423
147 483
234 452
302 481
209 487
335 477
388 15
262 73
171 226
436 457
121 344
493 49
438 25
181 218
181 373
124 261
349 98
218 407
207 90
262 109
490 38
142 143
322 360
471 197
337 304
344 6
408 366
51 278
313 276
280 360
141 319
381 195
2 406
193 359
452 382
227 84
442 6
406 39
220 134
298 368
287 194
452 130
486 122
219 305
369 65
300 73
345 393
237 323
179 11
390 403
149 187
376 140
255 195
398 120
230 362
457 355
166 362
344 322
490 205
129 200
176 279
92 204
420 212
192 451
219 27
77 240
320 329
427 99
267 144
419 190
381 115
139 29
209 184
186 227
71 242
336 37
171 218
418 28
87 462
158 97
339 110
118 54
308 114
126 401
400 197
50 313
10 255
24 132
150 449
270 413
226 316
434 11
366 360
359 14
418 152
142 117
425 400
399 388
128 63
318 52
4 312
270 412
27 363
124 217
193 252
136 178
275 76
50 221
359 83
485 16
260 248
303 329
131 278
117 356
319 240
107 486
400 384
343 426
364 255
358 224
247 482
327 479
309 484
205 462
164 33
388 473
169 173
8 409
216 441
386 192
123 54
36 50
82 90
9 209
43 146
14 347
151 283
361 405
479 120
311 113
441 139
441 158
25 37
201 250
367 250
361 108
344 442
155 197
439 244
267 140
17 267
180 306
138 268
362 70
339 154
152 176
333 477
198 457
388 10
255 365
40 374
27 499
158 40
104 170
475 177
62 317
266 235
193 137
104 436
197 453
155 185
97 392
108 271
22 40
462 214
471 323
16 422
427 209
271 284
159 310
179 65
2 374
150 2
292 31
452 357
95 274
463 216
448 1
65 237
71 281
86 446
263 30
295 133
331 92
395 323
174 440
344 239
412 137
324 195
149 292
484 300
467 180
195 386
377 431
112 404
164 201
225 162
295 337
336 401
319 434
415 106
91 212
359 102
165 197
33 175
369 319
338 392
112 152
70 381
122 478
268 401
42 150
53 449
355 31
324 107
296 165
303 222
90 170
140 304
189 177
494 122
18 98
12 127
12 444
19 448
400 424
468 110
83 394
480 130
478 217
316 30
139 459
297 10
246 92
19 492
292 20
364 270
150 390
262 451
188 57
29 69
361 181
17 454
156 212
347 147
474 92
24 292
148 285
398 241
135 150
364 421
14 190
161 301
410 196
422 39
303 233
471 120
236 485
81 434
25 269
382 223
291 389
19 447
18 442
481 384
121 57
116 220
482 61
2 261
60 43
494 455
426 221
355 206
73 12
442 394
285 421
81 411
430 378
263 64
199 232
123 484
381 431
390 203
111 130
193 488
90 284
4 102
293 149
222 28
198 51
401 259
93 318
90 446
429 113
142 138
183 480
134 291
81 251
411 468
125 358
287 318
407 475
51 322
147 304
314 373
125 352
81 384
101 264
34 263
344 212
31 316
485 44
476 441
494 324
182 82
173 108
387 196
41 15
477 324
187 304
148 203
226 32
19 97
412 424
13 404
21 310
225 204
7 211
388 286
276 370
297 74
202 360
343 87
327 124
296 447
181 374
281 499
442 0
446 471
273 155
484 329
104 207
100 79
390 23
471 132
352 157
36 69
270 289
318 288
35 290
8 359
19 188
91 140
423 347
49 179
61 256
371 273
181 399
134 494
457 172
302 248
309 240
1 62
68 323
333 82
48 27
410 72
321 6
162 77
349 456
109 130
69 240
354 257
491 31
163 238
316 342
221 439
434 491
212 245
421 435
119 135
83 380
243 334
255 108
11 188
173 202
362 97
56 201
485 429
18 485
62 15
296 401
495 280
464 396
134 214
78 72
429 40
104 407
179 259
159 101
353 453
60 491
486 9
331 322
188 120
442 320
159 465
376 412
436 164
23 246
247 363
132 136
130 29
258 119
240 4
87 188
174 256
179 371
148 476
266 100
260 59
335 494
227 188
299 198
428 5
15 393
44 19
417 139
335 132
324 400
448 342
379 45
162 290
352 84
273 474
335 119
331 253
480 92
55 84
31 7
92 404
226 245
439 195
208 27
328 21
101 453
213 158
200 257
397 198
325 306
159 335
245 189
13 300
290 334
89 410
171 157
462 119
423 250
6 336
408 119
417 39
61 211
215 202
141 338
139 311
151 414
475 47
321 498
435 385
301 351
143 247
430 499
0 182
463 108
115 94
226 106
404 292
47 163
210 349
492 95
2 186
212 380
333 111
401 228
474 339
408 380
334 407
155 78
59 203
25 255
493 75
103 253
467 350
217 53
142 385
69 441
208 235
235 103
326 43
455 131
228 484
253 317
95 393
414 350
125 147
382 167
336 116
15 3
250 0
401 302
426 348
365 158
68 386
83 173
172 146
67 18
435 329
387 277
228 65
77 367
152 438
372 395
385 76
94 484
307 101
69 225
6 164
135 309
499 268
378 470
271 207
22 114
377 106
131 360
44 162
163 228
204 273
152 479
309 370
433 106
191 286
293 220
492 343
347 149
110 38
496 280
234 47
405 476
183 360
494 372
145 488
58 479
415 436
248 197
102 172
116 471
32 82
345 265
220 70
187 116
343 308
52 144
298 477
24 59
34 375
380 337
149 476
75 70
117 376
403 181
247 301
439 344
368 126
236 232
416 439
204 400
255 384
84 435
46 371
405 430
428 383
485 117
181 137
17 225
283 362
118 405
114 119
60 364
69 443
148 343
2 396
367 430
242 95
61 23
89 137
300 212
409 190
51 83
181 31
259 370
339 427
323 77
498 427
360 432
282 75
469 316
174 311
305 207
123 46
462 173
182 175
268 150
306 400
375 422
237 161
168 44
271 252
499 146
247 106
141 89
383 261
240 296
198 213
329 367
355 75
230 354
225 60
485 292
368 445
138 12
281 117
274 153
331 497
112 177
464 121
128 166
242 296
47 237
168 161
8 84
34 53
10 378
125 241
400 378
236 197
183 367
221 361
470 218
482 62
288 302
383 120
172 2
441 40
416 222
498 371
476 448
180 320
180 324
492 189
485 433
436 133
109 52
267 288
299 139
393 69
221 241
298 291
248 7
340 292
434 391
248 58
197 86
130 276
235 378
134 373
176 174
153 279
290 370
135 495
78 485
396 53
361 115
420 304
126 16
367 442
154 325
290 453
366 249
225 228
23 408
499 358
211 424
312 77
461 324
239 430
169 238
74 367
280 315
296 73
312 219
406 488
248 492
422 147
373 486
353 423
329 421
397 395
445 463
302 134
344 373
182 243
455 174
393 223
83 5
181 57
96 272
409 313
356 109
283 63
237 369
147 27
34 186
406 33
438 11
262 336
53 96
494 206
214 338
381 499
224 28
320 472
380 119
459 358
184 430
179 281
390 240
245 37
384 309
441 15
258 154
54 121
178 404
222 220
303 64
225 26
166 46
313 86
376 364
19 244
314 182
79 338
123 488
316 55
48 410
266 347
183 495
96 482
32 486
198 82
419 356
272 291
316 344
266 411
120 243
279 241
266 290
426 225
127 241
118 442
271 369
307 357
189 374
49 226
426 243
2 223
60 185
294 172
43 327
91 149
469 119
117 195
199 66
183 335
489 52
356 431
3 359
106 195
113 489
181 178
333 459
84 175
221 419
8 290
405 62
283 225
7 72
366 72
182 20
222 422
288 287
64 35
321 97
149 1
57 107
413 243
279 165
138 331
