500 400
170 334
458 95
378 136
99 110
202 128
17 125
341 291
491 119
387 496
254 185
467 255
416 170
368 303
198 14
242 46
69 377
222 239
125 234
407 318
348 330
497 477
153 96
407 170
417 313
247 66
45 375
214 464
465 327
471 97
164 218
416 168
68 287
192 262
309 102
290 10
97 34
242 438
460 474
369 484
53 57
437 46
269 43
486 136
207 138
249 65
61 182
137 288
423 109
260 425
124 145
11 181
496 152
85 23
383 9
307 225
491 406
188 310
396 163
252 122
169 95
226 278
349 397
254 443
72 48
300 312
19 50
127 20
211 465
165 18
22 129
307 348
100 416
43 434
62 81
376 140
479 226
323 218
164 39
274 370
288 89
24 199
152 110
411 400
98 31
365 257
152 488
5 49
85 355
339 398
241 37
289 142
488 417
106 65
58 428
107 150
280 433
341 26
411 480
234 15
355 270
141 316
46 107
24 169
38 435
487 182
26 490
138 317
177 448
468 197
407 65
465 22
186 341
264 287
228 334
404 35
191 167
67 438
480 453
196 241
243 259
116 335
71 55
480 289
107 276
413 444
256 61
178 266
375 186
164 254
328 91
23 219
436 469
11 143
154 132
132 321
276 396
348 454
428 252
209 324
478 350
111 290
75 411
188 489
238 364
294 177
483 354
311 443
355 415
22 353
286 218
30 185
169 452
164 92
361 95
122 113
357 363
96 253
204 450
116 29
94 375
46 191
368 208
324 217
47 1
369 346
365 272
73 249
181 420
470 437
384 81
132 284
249 422
466 115
373 48
414 88
415 17
265 290
265 384
361 391
210 380
360 25
310 427
341 48
361 26
342 255
2 93
260 289
62 336
404 462
171 9
16 209
363 99
62 175
467 283
472 357
69 466
70 393
251 103
144 29
383 348
86 454
332 411
194 40
481 419
129 72
69 310
32 272
24 396
242 307
458 387
377 450
390 412
202 334
24 424
300 225
135 449
29 223
294 237
475 238
134 119
483 29
401 271
29 393
21 108
272 213
259 430
51 325
488 217
147 334
286 277
0 219
340 395
220 176
112 246
276 433
25 478
440 122
468 152
493 339
499 281
163 11
158 436
84 454
345 15
456 473
420 252
166 255
330 333
205 169
482 140
415 470
218 390
472 133
384 413
234 67
475 363
327 316
349 262
94 279
94 182
76 418
156 314
296 406
8 276
363 271
331 17
445 333
227 444
174 193
254 52
368 362
55 281
32 95
120 474
305 228
99 22
188 115
111 47
20 57
473 41
316 35
39 67
234 404
78 306
413 383
261 13
196 261
313 163
397 47
312 298
447 222
324 458
118 392
60 278
127 341
460 346
481 54
224 384
0 304
17 38
177 301
228 481
161 41
304 233
75 189
282 339
425 475
353 26
446 273
79 343
160 297
139 382
231 108
435 114
163 494
102 145
380 240
208 170
288 270
282 448
134 450
389 428
62 192
324 468
493 397
86 424
39 294
1 443
485 383
422 389
384 299
499 272
380 478
240 385
350 210
255 387
431 164
207 492
273 19
346 456
478 280
126 49
202 253
425 267
497 134
68 45
270 83
254 462
274 177
417 24
246 186
167 388
345 434
388 86
239 62
391 307
122 229
246 204
137 446
90 483
411 207
308 55
390 87
143 389
79 108
387 218
339 106
232 498
235 139
328 24
380 33
79 207
120 393
335 247
378 126
410 350
106 319
25 249
369 278
15 362
79 142
417 290
276 5
179 463
225 146
91 135
106 239
19 402
373 303
387 95
493 259
108 268
124 498
271 436
328 459
471 355
423 56
65 408
369 448
197 37
