1000 1600
411 186
303 525
701 208
119 7
761 641
762 209
553 923
680 806
417 625
472 835
340 693
53 189
472 403
796 500
807 303
176 826
715 691
885 704
522 707
909 605
379 98
477 9
870 305
5 716
386 947
905 624
31 571
692 900
443 369
14 73
360 421
272 28
560 613
587 976
191 842
832 261
496 745
725 731
278 367
425 859
861 261
611 954
25 291
281 567
44 150
172 124
355 810
161 819
402 870
398 832
719 677
211 105
431 90
594 828
759 998
478 325
195 534
901 302
826 584
794 688
818 717
143 795
165 675
546 446
122 718
590 44
968 240
107 299
914 142
535 449
997 132
37 70
170 942
713 647
743 145
961 987
342 800
366 369
624 286
635 461
894 922
598 647
423 853
755 254
687 532
876 713
377 279
230 205
87 584
152 271
83 560
71 491
354 845
0 405
712 400
406 178
963 409
779 799
683 518
73 925
578 899
949 221
589 148
191 630
473 544
985 832
738 573
286 826
461 483
958 293
400 448
977 470
108 620
134 230
269 157
122 503
856 790
180 352
904 809
33 489
71 299
869 880
30 866
429 104
788 256
299 154
478 24
439 343
59 220
565 145
478 470
882 931
445 780
181 647
227 538
779 52
925 501
191 861
340 825
238 575
52 183
462 850
714 740
665 216
510 672
17 564
398 942
368 224
279 522
815 910
359 196
460 164
63 285
704 959
365 768
497 227
620 99
928 638
771 645
335 339
811 164
965 29
936 135
853 79
419 866
915 145
651 253
170 838
441 769
430 176
20 315
905 552
190 611
772 294
471 377
79 776
293 932
987 806
498 318
118 29
791 74
515 195
359 328
765 216
420 528
495 106
488 374
383 276
370 804
896 566
859 355
580 820
199 499
386 305
775 824
262 310
567 340
124 408
56 909
870 716
673 903
635 248
182 703
428 801
626 210
664 408
540 444
876 730
792 32
88 124
457 607
118 816
292 9
873 992
888 78
906 894
529 877
736 164
425 235
694 330
384 547
888 735
636 325
839 484
607 561
470 353
402 778
638 43
560 819
316 511
910 867
128 415
140 14
899 522
508 33
26 835
879 469
722 602
580 423
342 262
161 401
754 211
533 502
759 873
377 375
516 846
855 89
933 874
851 914
596 59
400 471
628 511
615 566
921 540
151 200
992 639
542 800
974 870
866 685
525 945
276 900
540 709
57 451
617 600
949 849
417 606
515 342
327 678
724 335
363 385
454 995
703 110
475 212
139 819
552 827
739 85
497 582
556 379
244 894
525 370
343 338
286 939
357 38
730 814
132 357
938 739
888 989
586 112
568 618
226 2
677 845
161 393
10 213
105 846
87 38
266 242
959 143
238 653
620 54
494 577
748 9
678 647
769 597
92 303
427 939
720 59
368 293
959 857
416 596
408 874
883 886
565 171
486 586
706 321
629 137
792 9
98 991
921 684
93 620
513 233
971 290
508 318
588 957
626 633
600 967
190 440
749 95
489 461
983 793
78 356
332 620
758 547
363 327
324 926
175 897
526 275
494 413
781 757
825 829
23 137
48 110
581 477
299 521
280 183
366 84
441 460
819 694
176 368
788 8
399 309
945 807
92 211
869 433
922 129
585 301
619 495
840 464
73 804
109 164
68 776
201 882
321 479
360 548
409 183
441 447
274 494
121 366
789 716
34 430
552 687
928 234
878 911
191 966
593 716
496 267
469 661
300 555
561 359
345 870
871 582
756 111
969 440
587 675
922 261
736 123
620 273
751 521
16 667
571 935
647 338
929 66
91 24
348 456
647 53
892 252
848 898
863 64
421 847
879 317
59 609
259 276
580 168
903 169
686 977
797 491
215 607
686 641
431 399
780 295
353 12
439 592
819 978
759 733
71 228
439 1
178 338
208 639
879 574
39 198
246 229
606 976
107 511
475 665
603 862
872 663
642 349
376 55
287 279
917 143
994 416
704 187
58 6
192 283
394 94
343 424
131 500
57 53
990 7
305 660
352 440
517 855
680 668
377 638
1 131
44 589
14 833
713 411
209 644
683 796
618 294
892 967
89 444
124 934
188 860
221 63
758 721
573 982
587 873
91 664
90 146
178 900
384 6
221 822
339 963
126 373
883 172
149 403
938 980
453 44
596 738
18 160
290 411
146 465
712 720
989 551
521 564
541 588
60 836
306 614
770 955
84 663
454 631
426 508
566 500
582 860
367 141
346 288
504 998
158 423
513 371
73 899
369 709
419 986
534 331
96 176
810 291
455 327
233 25
845 139
129 964
236 158
188 601
149 736
568 875
101 45
674 294
244 448
287 514
822 810
644 665
481 298
457 398
916 120
217 403
631 115
50 249
587 996
475 2
715 954
912 591
626 617
593 497
219 265
954 469
921 841
650 730
13 404
385 478
761 959
826 827
455 970
271 531
838 861
223 36
581 584
655 271
501 419
845 817
177 996
213 793
267 521
157 936
773 130
409 182
491 860
531 806
418 943
590 609
548 838
832 698
733 274
926 679
339 491
120 448
632 423
62 717
601 729
718 441
269 881
728 7
652 828
456 175
561 811
835 284
853 896
730 646
877 331
455 872
267 754
213 729
881 558
185 147
850 955
339 534
482 459
177 848
868 870
647 52
426 208
776 628
434 224
191 294
648 81
793 281
600 782
163 317
651 483
22 936
441 880
889 873
779 657
121 977
930 623
166 832
363 828
271 443
746 985
43 734
867 353
871 863
440 768
860 876
553 791
173 600
242 825
834 326
213 562
352 986
867 361
708 444
76 38
461 861
305 757
871 852
81 636
123 912
606 217
552 890
69 779
644 139
82 28
421 443
185 294
793 492
344 10
605 947
142 512
557 813
855 161
457 274
544 902
779 908
320 956
612 785
933 719
520 613
528 855
585 90
167 905
828 289
793 676
343 152
252 336
729 419
858 302
883 202
691 625
509 488
396 543
568 954
537 671
365 51
921 888
84 683
856 571
880 774
867 942
380 53
139 150
935 701
933 186
872 245
63 278
580 239
386 112
278 510
118 378
755 468
357 236
629 964
213 773
362 833
759 594
783 139
705 39
937 256
795 751
763 875
311 40
705 117
509 319
117 594
781 802
447 452
641 636
714 855
410 899
325 443
352 276
778 346
392 79
775 764
145 961
310 514
868 152
648 487
605 387
997 695
833 249
999 952
374 542
918 659
772 893
714 630
541 219
422 309
211 185
987 761
545 981
736 23
229 87
471 993
446 774
363 301
451 324
767 780
322 374
472 479
257 103
248 111
464 652
227 347
994 699
813 766
365 810
591 557
750 132
725 832
861 561
490 936
73 220
646 219
100 95
560 205
560 829
383 506
794 370
53 185
811 652
60 174
307 270
27 252
969 883
524 750
238 485
635 187
29 393
356 807
699 822
354 211
605 663
909 843
165 941
258 570
669 396
849 130
552 353
779 931
550 499
899 222
660 752
105 733
215 755
676 425
192 118
948 884
938 929
938 330
830 420
557 674
590 797
483 998
398 588
290 623
536 80
61 153
713 734
721 724
588 70
517 934
528 610
145 200
626 106
973 252
55 771
565 682
154 852
183 992
270 640
948 271
921 569
685 396
646 780
668 540
507 544
956 662
424 527
889 285
677 445
782 135
803 865
787 912
956 179
571 217
538 557
556 92
451 430
674 938
637 270
219 58
843 262
636 149
675 215
325 678
796 857
124 571
695 890
55 595
407 675
480 568
942 577
847 37
845 252
914 890
701 142
700 840
262 159
863 178
785 695
55 671
259 393
90 229
699 569
216 42
888 91
248 303
625 459
236 385
591 707
385 475
603 679
403 84
284 511
21 536
847 577
81 62
406 890
469 561
949 510
907 508
574 938
899 910
649 572
648 18
982 307
988 617
692 365
654 605
798 951
827 12
997 289
744 952
710 678
896 351
577 356
961 870
364 347
743 644
742 136
776 447
885 308
373 284
373 426
85 342
226 355
367 225
681 601
538 126
413 2
152 244
220 977
829 145
491 361
629 798
316 862
874 374
381 899
451 203
414 152
162 536
943 925
353 224
906 780
931 455
330 883
775 308
91 203
266 166
75 667
690 959
896 398
718 967
506 92
226 275
571 313
883 819
16 950
405 689
283 11
388 281
837 55
173 494
131 833
474 57
891 752
379 303
238 655
599 704
576 260
286 616
184 178
82 225
73 635
725 868
943 77
856 606
589 499
652 338
165 879
333 591
927 264
729 394
49 661
727 998
542 373
531 981
101 426
811 427
791 276
74 672
244 340
506 52
446 499
377 846
186 73
223 74
381 7
289 56
105 229
668 360
510 932
311 737
278 524
710 931
318 605
709 320
51 572
540 362
509 386
541 18
829 657
560 610
452 879
307 814
925 663
455 486
80 191
655 990
4 203
652 5
467 779
354 896
663 138
736 533
95 307
654 797
530 280
879 385
43 706
90 400
385 19
795 881
646 994
659 250
994 449
519 665
213 559
279 866
528 889
354 50
409 262
363 308
362 556
402 108
851 149
245 428
726 841
134 638
103 865
510 263
682 182
903 670
107 758
289 815
260 612
648 818
976 524
625 436
672 494
332 776
537 125
419 50
853 371
8 606
413 558
217 118
348 667
459 959
200 684
648 30
538 407
629 333
43 136
744 224
561 46
789 541
727 934
74 948
249 305
218 348
398 727
443 452
829 677
685 659
269 667
354 930
520 350
256 238
193 947
696 553
946 790
359 832
406 191
437 270
590 281
429 311
776 317
664 277
54 565
985 318
529 753
721 2
198 677
287 642
908 93
509 828
744 812
932 671
418 812
192 810
391 370
64 268
683 741
857 666
96 673
131 132
199 736
540 574
618 219
809 149
162 831
251 412
9 390
717 750
492 777
747 872
638 272
736 110
12 726
51 411
754 307
464 905
433 752
295 5
527 109
67 769
921 929
479 436
728 987
179 509
885 380
46 611
173 562
946 630
970 544
578 752
530 255
19 144
538 844
527 144
719 132
64 254
444 523
785 731
998 995
762 651
56 889
994 781
760 300
703 657
730 418
124 299
770 544
720 226
28 52
646 863
553 45
270 257
343 458
247 877
987 387
260 610
192 748
834 406
360 258
109 411
774 388
87 550
411 963
534 624
702 678
179 27
49 995
400 111
326 690
813 998
389 653
574 41
145 164
644 876
17 162
521 19
681 988
755 590
367 596
15 301
300 528
422 179
517 897
161 298
603 761
268 863
102 637
579 621
746 117
213 331
360 91
249 497
635 231
922 300
457 312
831 220
823 655
69 566
948 80
698 575
435 463
425 829
559 363
508 291
930 963
542 652
92 996
99 575
816 629
526 371
938 445
711 184
982 29
350 607
758 720
139 769
208 600
695 927
800 453
327 642
177 787
936 540
668 543
568 477
235 353
731 837
822 17
800 176
671 760
231 664
900 615
931 780
469 431
3 879
299 8
675 94
949 931
982 613
207 902
438 18
769 467
120 12
571 770
345 753
69 138
363 883
772 640
989 214
797 22
434 67
412 774
781 326
170 215
668 267
802 937
9 979
948 786
415 100
308 481
143 996
74 45
792 287
736 184
401 959
166 452
916 22
409 869
477 699
295 760
961 187
582 854
686 277
185 757
194 109
857 189
797 868
219 922
913 130
459 305
159 497
673 649
423 820
153 235
889 550
906 849
53 161
360 374
18 393
797 807
804 237
409 261
213 901
956 103
924 106
751 839
751 850
583 964
410 158
842 904
962 231
190 238
811 246
745 710
410 292
134 82
998 425
271 942
511 424
148 1
921 477
304 258
534 868
55 318
935 751
882 675
210 267
612 517
854 534
62 881
533 254
560 714
995 106
874 924
34 772
243 245
397 900
293 528
258 99
529 463
766 153
709 144
680 878
399 475
171 85
519 922
998 583
262 541
880 49
320 999
718 855
192 765
949 825
68 690
620 380
568 905
570 161
752 325
678 922
479 941
110 63
242 330
135 566
723 207
524 905
719 400
324 141
599 681
847 277
276 658
864 369
140 19
697 737
279 607
145 633
275 132
594 713
94 398
586 472
402 889
25 999
813 347
785 419
300 725
138 97
941 615
111 269
386 648
930 654
29 165
791 925
291 608
89 487
203 222
176 226
615 163
416 623
356 758
28 544
604 925
152 490
537 851
40 20
848 152
143 161
61 863
334 875
129 149
140 130
557 236
103 222
136 457
458 78
257 469
706 10
762 513
522 786
875 78
156 239
171 83
477 180
67 593
277 899
106 173
663 341
82 682
441 360
350 15
195 690
119 191
532 190
50 47
62 369
454 884
990 139
108 788
918 385
190 630
741 6
215 161
40 108
775 942
535 571
62 340
857 670
968 178
570 513
749 261
178 575
606 929
76 110
674 439
280 440
700 888
564 813
652 925
713 546
639 999
304 315
702 337
786 797
911 275
584 817
659 471
480 855
872 556
291 582
754 962
264 26
780 758
307 132
827 17
603 253
14 261
132 842
224 905
107 208
653 633
585 954
880 657
211 775
353 896
704 911
344 203
112 988
544 525
960 865
736 417
862 196
689 311
648 742
957 321
946 335
828 124
958 553
832 385
221 547
343 585
907 337
539 395
520 329
774 78
145 611
924 58
478 356
68 156
931 309
376 615
395 570
954 834
695 151
486 667
361 971
327 673
699 481
838 543
333 924
430 294
732 955
359 402
585 56
501 876
749 92
715 700
44 298
955 983
927 670
597 784
389 444
666 54
762 145
40 157
828 849
861 136
33 254
555 282
266 768
389 563
606 411
138 680
112 788
857 440
470 302
126 463
553 827
567 51
570 546
490 602
652 171
201 913
50 412
380 694
684 341
267 689
149 345
772 240
924 850
691 148
114 663
921 484
977 531
954 936
342 643
174 183
242 681
508 913
458 329
556 560
881 855
228 384
997 687
815 612
229 740
694 598
637 117
812 86
323 563
271 134
228 509
81 701
605 297
20 440
942 752
530 31
284 216
480 780
86 495
488 240
410 46
817 139
921 400
862 45
159 598
82 40
717 180
73 954
801 623
268 594
420 415
505 816
675 319
109 904
651 653
982 91
723 499
422 280
989 617
936 676
814 914
66 487
325 440
979 131
116 893
748 182
816 733
474 356
321 248
936 852
626 612
636 548
740 975
969 743
326 304
77 265
780 446
981 992
842 555
189 494
497 224
973 6
530 97
323 704
425 161
878 174
659 80
24 989
813 142
862 571
891 938
985 532
93 234
667 363
582 324
374 126
482 123
