1000 1000
820 801
946 438
32 64
78 621
273 979
420 379
839 421
406 690
960 533
340 587
840 631
109 823
256 95
975 820
579 644
448 308
190 481
951 717
960 744
459 237
13 808
312 49
896 50
814 270
396 309
670 941
531 265
375 943
752 279
918 23
139 466
74 410
439 114
200 536
350 822
662 137
837 732
613 503
47 444
513 574
613 59
702 136
15 293
595 367
763 181
391 174
223 564
45 423
411 894
473 230
682 783
811 341
809 807
709 325
812 134
582 960
676 60
251 945
182 223
925 714
616 577
452 441
206 397
831 493
724 959
851 967
694 682
351 742
807 388
311 874
960 472
104 89
37 855
398 959
721 300
359 704
107 76
852 703
218 170
124 813
428 175
437 284
931 498
201 409
912 531
173 375
430 603
655 825
411 924
593 983
396 355
258 938
289 498
346 601
589 643
40 91
950 58
129 58
73 421
453 324
804 517
382 817
159 925
545 553
777 717
433 415
672 452
655 974
612 358
479 940
15 173
586 260
52 619
783 239
358 157
157 937
511 164
268 732
309 120
956 78
978 38
584 510
751 59
729 595
860 909
101 279
160 647
389 166
90 19
976 823
249 153
690 97
939 164
79 283
700 464
27 616
779 150
513 592
395 139
639 670
759 168
845 155
236 536
950 760
317 766
31 938
490 717
872 265
152 817
855 73
531 197
209 855
746 759
433 727
418 946
626 308
734 868
228 670
641 375
137 501
71 966
710 658
263 963
451 199
841 732
514 140
573 232
173 428
619 425
286 261
503 495
113 44
557 450
753 568
896 206
412 704
290 269
711 285
747 297
832 644
501 402
980 925
443 59
294 446
749 338
921 703
267 407
725 638
830 582
312 338
746 927
39 686
266 932
843 48
634 882
908 753
657 41
658 95
387 966
818 870
203 532
943 175
15 453
235 444
261 254
165 368
868 77
542 368
854 103
674 984
370 485
403 867
956 535
615 266
4 842
597 835
139 469
246 776
835 68
377 187
402 375
857 462
986 857
809 665
600 622
628 163
980 951
235 885
863 299
143 576
337 10
652 123
400 247
662 159
360 644
5 60
447 696
997 767
883 202
467 69
556 899
830 315
307 934
540 853
636 696
744 782
705 337
152 659
33 233
88 333
310 667
347 627
115 596
846 706
440 653
422 259
59 100
403 51
68 500
559 490
541 109
487 664
801 845
878 673
258 756
745 600
921 955
955 609
652 24
565 922
968 898
500 332
595 149
212 761
814 679
347 757
277 681
30 428
777 934
394 916
484 692
460 390
393 790
317 1
697 898
39 964
445 911
956 157
372 396
577 814
154 438
397 133
960 487
410 916
881 819
409 33
241 118
722 280
760 617
65 943
88 43
782 843
181 951
24 493
492 344
805 843
760 265
250 111
75 383
748 94
749 474
846 537
357 464
127 991
522 619
436 731
579 385
491 125
525 330
724 31
86 482
616 796
356 876
871 869
663 169
398 144
457 951
49 334
753 15
819 572
228 998
521 89
738 916
892 663
337 733
168 19
759 47
861 527
79 494
391 76
950 319
668 650
981 130
529 551
295 1
721 661
541 440
917 683
413 297
144 117
791 345
918 564
958 474
851 291
396 62
894 114
626 642
349 502
447 276
469 231
46 732
137 3
187 668
799 250
793 535
228 171
285 690
209 313
468 257
829 353
657 156
616 491
681 51
547 448
4 623
406 343
816 673
523 663
247 801
690 498
293 463
402 606
175 596
481 474
235 866
265 333
656 895
77 32
632 663
651 450
896 185
431 680
890 685
601 631
203 523
34 739
540 145
767 436
99 94
100 946
60 440
509 410
468 655
493 693
865 876
749 912
906 527
198 431
776 509
776 308
823 35
801 817
771 619
937 865
268 927
390 120
670 55
207 613
706 27
24 932
894 110
979 133
165 776
659 736
91 29
134 880
775 578
223 710
434 153
254 829
270 662
411 547
184 66
831 153
720 866
611 302
6 773
969 949
858 568
910 715
728 369
432 318
179 218
120 347
314 344
122 641
163 240
203 746
181 882
499 277
381 980
592 842
197 645
496 686
601 79
3 354
495 291
450 420
696 156
905 336
403 100
497 652
894 976
556 776
707 803
969 208
162 76
9 430
392 456
312 788
753 348
146 370
810 456
196 2
771 2
561 725
814 269
701 250
377 633
448 103
249 765
259 73
736 251
40 305
97 555
684 736
145 14
764 921
593 789
961 683
113 890
734 605
826 718
616 323
512 919
395 379
475 946
944 653
55 522
495 26
818 621
524 571
416 965
379 758
179 246
605 227
573 607
449 593
900 676
335 779
943 871
851 639
748 460
676 124
385 414
782 394
479 718
199 419
894 906
7 921
889 766
349 275
551 617
692 63
368 98
2 7
812 686
63 554
165 635
37 363
472 482
877 344
520 671
434 670
740 689
986 11
685 250
644 500
14 490
462 619
989 330
467 786
302 286
870 793
155 215
779 182
630 881
199 924
583 835
268 528
910 348
28 883
644 304
991 179
531 819
882 744
382 963
318 874
981 69
964 80
223 118
214 777
749 692
297 189
166 105
313 28
805 376
979 666
71 673
923 78
868 6
73 261
572 595
285 338
982 45
785 395
374 885
726 523
485 929
915 511
97 901
592 802
459 284
204 123
421 938
407 937
653 626
695 847
85 831
512 54
454 273
500 635
829 400
537 877
199 520
433 711
993 502
466 418
351 868
767 949
594 524
501 53
578 527
522 651
343 990
720 936
898 938
846 157
92 548
101 78
312 519
921 534
557 715
551 481
834 125
201 694
985 677
904 526
523 453
821 833
487 639
745 223
925 466
737 84
522 341
66 285
978 677
439 495
107 901
374 143
204 567
581 891
990 924
370 716
172 490
398 34
219 30
153 883
613 425
306 827
366 558
392 864
869 939
41 514
181 140
721 541
863 665
537 667
896 352
924 236
248 237
30 989
537 16
961 288
347 959
416 438
827 885
42 687
387 274
316 682
433 400
217 745
464 680
44 860
179 500
476 257
913 917
144 914
752 962
176 76
586 59
918 22
146 686
840 870
148 29
132 783
420 19
985 676
629 808
578 365
652 882
758 592
362 327
449 419
845 442
626 166
301 475
881 991
372 483
818 927
806 114
19 345
964 487
706 10
698 420
655 324
380 578
823 354
314 224
428 703
159 476
812 874
957 920
140 296
773 192
20 513
118 548
939 798
718 958
970 996
628 278
809 305
800 244
19 762
627 769
677 955
595 515
631 385
325 409
160 436
418 152
919 302
148 970
549 561
118 924
294 105
117 890
520 759
545 828
389 109
240 633
350 397
370 37
390 470
536 445
639 742
800 983
260 935
520 820
457 23
475 535
204 824
426 119
231 202
169 241
689 455
117 728
324 818
727 332
23 246
238 208
512 744
808 377
357 290
930 31
772 949
866 791
367 284
436 869
447 432
522 587
214 238
12 750
536 836
656 792
274 252
172 258
940 52
311 204
732 900
628 88
400 263
843 440
839 410
78 502
547 469
687 815
25 386
81 942
218 104
916 258
180 635
520 642
87 201
875 112
58 57
472 871
254 105
441 78
830 557
455 211
856 615
447 754
299 474
597 987
407 162
89 562
912 63
324 701
810 291
947 165
89 777
297 229
250 955
690 892
960 934
773 523
53 189
835 580
601 483
790 167
772 906
300 162
568 975
107 452
101 701
19 97
86 27
615 800
160 467
797 952
739 58
25 437
976 336
914 419
647 195
21 290
870 204
371 485
510 94
885 666
153 844
402 475
285 835
817 798
505 743
430 615
821 564
518 685
458 369
344 965
368 795
601 564
581 723
450 883
339 556
741 772
306 5
339 204
594 49
417 285
166 680
243 673
14 951
421 461
3 886
854 977
420 270
102 974
584 423
962 684
104 315
227 748
271 189
384 284
556 713
807 743
629 914
948 760
451 380
667 375
463 764
116 768
961 127
848 643
635 583
73 949
46 873
442 117
691 71
30 982
938 398
902 673
932 537
353 495
282 404
267 942
305 992
465 138
62 323
453 581
256 702
617 202
282 641
678 407
565 1
508 199
63 425
939 178
473 992
265 998
216 371
234 99
879 369
100 385
515 772
921 295
385 792
806 680
318 19
344 293
696 553
441 79
378 310
924 212
719 17
958 113
130 96
708 171
364 317
292 749
86 247
728 406
944 29
565 448
303 278
296 147
863 865
831 696
232 982
425 13
131 720
448 454
543 787
610 765
223 488
704 6
946 451
911 885
727 121
8 452
813 661
91 132
773 690
705 457
473 831
300 294
378 381
23 270
410 828
856 778
873 277
812 856
148 233
97 615
143 226
639 227
645 864
452 817
524 675
45 3
231 91
102 349
783 199
377 411
974 443
112 405
389 759
499 103
2 952
256 227
234 274
976 229
44 878
113 467
139 678
206 207
709 942
326 658
139 643
610 444
659 897
611 376
988 879
991 784
552 74
387 320
991 994
79 297
125 186
346 691
593 683
912 673
431 638
493 455
486 551
350 648
994 825
268 857
940 975
