1000 2400
906 566
880 977
365 877
988 165
284 911
686 796
405 407
985 65
227 190
734 669
487 668
588 499
764 199
497 313
165 495
413 720
317 197
683 149
831 764
447 744
636 700
130 516
923 273
382 300
420 873
614 464
980 36
299 157
96 547
349 593
480 393
77 339
280 525
718 867
675 336
558 704
543 956
249 592
679 658
287 990
210 800
337 949
923 818
614 720
590 780
481 770
19 775
538 936
711 134
956 354
494 596
534 200
169 179
871 525
114 25
975 308
470 635
924 866
165 708
150 583
72 844
951 810
647 137
38 535
318 840
866 404
86 155
538 433
237 424
680 670
498 511
311 722
566 952
864 671
233 885
285 29
920 25
945 743
97 951
891 982
96 502
477 516
954 860
296 977
692 662
923 498
538 354
74 888
679 610
828 59
861 869
712 541
106 167
892 490
254 464
374 572
886 625
819 639
695 581
681 532
295 952
942 771
443 580
878 161
225 721
324 652
117 880
685 650
715 475
837 614
728 634
410 965
867 984
75 166
670 395
454 825
495 354
317 460
160 620
698 308
466 329
601 642
465 315
464 801
210 328
342 450
203 904
410 431
805 587
544 888
787 354
637 686
593 985
687 678
269 954
35 463
793 192
579 448
323 985
857 384
280 906
202 374
169 399
229 936
105 291
999 349
533 907
368 892
518 674
171 560
248 749
449 883
55 392
898 253
154 174
962 170
75 714
134 634
950 917
267 152
481 373
247 834
966 253
771 595
509 647
808 340
590 733
555 384
972 453
134 340
604 167
336 991
842 271
724 344
759 713
67 487
260 629
681 614
875 899
519 719
712 96
924 105
908 481
200 94
103 216
342 462
931 203
160 123
386 311
689 55
597 511
468 32
574 723
445 478
110 802
485 544
486 716
310 806
316 917
94 869
860 386
538 494
865 718
379 166
945 898
501 796
289 314
706 944
661 834
665 846
722 622
861 268
47 61
960 456
61 828
608 321
603 109
629 778
823 729
811 95
557 457
602 264
823 511
504 422
456 713
959 761
186 289
123 671
987 587
712 612
227 841
920 590
351 336
958 334
428 591
887 806
196 817
511 116
788 246
236 599
244 921
761 216
236 152
149 968
472 361
970 448
540 760
998 405
577 725
978 680
895 965
346 609
427 954
873 854
901 46
258 332
207 858
734 406
358 168
987 915
460 226
649 250
236 114
357 392
483 997
811 699
850 911
365 790
115 634
97 799
463 530
65 70
456 354
789 986
616 684
327 421
809 406
970 449
353 627
616 110
399 851
796 760
875 58
5 686
470 333
158 183
875 451
352 521
156 919
988 140
13 322
702 446
464 441
772 769
820 60
508 295
549 348
627 165
366 696
431 341
368 188
790 722
566 967
898 775
776 496
380 724
142 438
245 165
240 540
991 60
981 751
479 921
398 451
335 282
682 437
969 783
543 507
59 800
614 238
302 902
439 235
346 924
854 376
202 9
354 808
978 142
344 367
19 201
7 925
182 950
996 12
263 972
864 810
132 443
326 74
823 581
512 625
33 135
114 777
218 154
965 874
211 163
972 770
861 977
972 867
136 426
730 176
45 212
910 553
601 986
725 738
325 13
161 883
472 847
320 558
395 662
129 440
652 824
175 587
443 121
152 696
37 266
643 944
117 73
350 716
268 112
283 138
426 18
991 551
755 854
216 125
594 221
254 150
309 958
258 364
738 177
346 912
650 535
57 838
138 633
972 184
255 101
812 993
554 12
135 641
400 323
489 39
365 710
629 939
353 271
636 563
38 22
200 524
582 172
739 200
334 572
635 789
249 717
183 314
500 910
432 68
770 994
570 287
77 671
961 574
130 917
4 21
943 309
147 77
195 800
404 159
651 429
273 845
585 217
112 324
805 399
549 996
795 625
122 959
310 105
134 681
867 491
623 423
409 892
119 454
895 132
167 170
771 726
706 188
998 127
921 565
182 724
957 61
464 747
601 993
912 506
989 300
18 820
408 730
521 398
577 562
651 691
487 70
781 538
565 613
334 983
784 319
753 389
644 517
949 686
626 469
21 412
244 487
952 153
616 764
562 387
821 739
315 662
479 448
535 567
778 516
570 174
881 228
847 11
333 190
924 502
611 317
698 392
321 934
389 648
567 401
529 317
18 193
980 360
244 793
178 476
37 962
333 534
178 839
561 76
487 752
484 216
334 941
561 802
856 609
803 642
631 705
457 427
531 291
119 527
629 611
595 745
685 982
614 919
643 933
380 576
458 507
152 207
431 307
457 101
547 966
420 748
195 302
812 676
731 825
484 99
610 198
207 147
105 293
612 953
737 587
675 642
536 328
714 133
487 797
246 185
487 576
886 948
813 922
787 676
101 671
391 687
186 979
29 254
757 408
861 144
765 319
673 10
254 518
543 720
727 128
510 404
825 130
301 845
789 23
34 118
653 389
495 935
2 964
903 796
356 924
44 247
54 310
239 166
874 717
805 897
745 347
928 115
305 169
219 90
828 574
889 586
721 31
663 52
909 321
762 586
829 340
697 538
548 412
271 320
749 412
722 770
412 620
188 86
192 220
590 334
391 229
699 930
989 741
103 274
296 696
789 307
169 888
155 391
931 875
272 379
254 60
333 101
764 854
890 841
298 759
158 120
540 705
816 536
747 806
140 600
883 721
200 618
234 405
345 525
187 727
119 740
190 667
380 272
889 942
784 248
162 472
565 269
367 541
744 119
727 915
370 11
345 229
798 690
928 444
257 363
989 197
263 233
576 830
164 72
194 19
777 690
319 932
726 361
873 843
45 517
124 161
180 535
403 328
356 45
875 263
905 57
526 426
197 936
192 798
330 719
89 872
774 498
488 151
121 89
427 331
309 316
259 672
465 208
866 47
318 198
550 245
860 413
688 29
448 297
89 51
164 222
982 371
666 729
970 816
538 851
722 82
4 632
785 228
777 175
565 477
527 10
132 928
556 457
244 596
61 623
499 376
279 375
333 287
75 172
847 364
713 371
970 308
861 673
26 244
607 479
549 442
211 765
726 396
243 567
535 549
923 453
839 576
480 509
354 77
566 947
819 955
639 930
271 351
603 525
922 335
547 390
395 858
403 181
4 401
569 499
802 957
823 495
794 639
561 134
801 572
472 809
11 798
602 958
785 242
513 844
854 457
264 507
137 313
813 368
786 409
414 584
255 794
421 345
95 635
163 13
661 249
539 885
129 665
794 477
526 305
595 333
68 37
388 243
985 340
756 111
537 343
693 181
640 794
713 542
944 929
164 176
923 989
533 207
394 832
123 710
507 31
109 832
768 479
880 27
411 623
539 194
187 800
314 301
954 222
882 734
96 827
561 232
413 223
845 834
941 109
779 19
423 847
289 65
253 772
22 501
508 730
873 159
531 94
483 896
930 944
878 208
869 67
819 421
994 824
160 799
106 925
168 726
454 264
784 588
15 684
71 355
560 934
304 333
425 849
204 620
952 542
424 204
406 747
477 328
250 567
995 511
965 830
911 554
950 176
105 725
825 94
508 115
89 887
656 156
279 322
614 556
202 319
126 825
47 362
499 97
850 947
423 114
442 826
579 570
314 359
222 887
573 723
647 549
623 20
928 535
179 7
285 896
985 109
313 128
46 97
522 230
694 650
413 721
657 264
517 267
798 152
287 576
97 80
558 637
100 737
978 36
302 602
693 426
663 796
98 694
138 618
258 375
620 880
533 395
99 714
864 353
344 180
904 72
381 16
808 383
767 800
948 994
714 318
520 402
976 917
11 68
143 416
9 503
412 520
948 617
649 839
52 452
704 226
380 872
529 112
447 895
551 144
91 804
347 594
249 15
329 14
362 410
698 491
863 90
203 88
165 215
238 612
637 894
170 417
734 438
376 63
301 146
614 753
298 596
530 427
122 886
898 260
916 571
372 970
154 397
698 428
755 35
820 613
829 103
690 394
698 585
559 273
760 721
883 755
206 803
16 707
666 31
815 395
119 202
57 240
696 136
100 834
408 661
956 688
188 333
810 533
31 795
383 133
654 41
454 72
144 851
596 706
271 475
589 329
461 375
922 936
578 559
648 543
548 523
427 378
513 669
367 827
719 824
972 951
434 927
53 559
983 967
350 488
328 381
388 393
903 905
951 234
608 104
294 507
221 706
250 100
156 424
124 358
157 567
50 686
34 129
902 32
630 789
114 65
923 162
111 687
25 508
871 780
170 978
473 31
703 715
528 351
915 134
624 200
635 920
356 274
894 438
503 837
732 253
525 759
740 394
282 469
644 282
414 422
637 712
753 17
299 417
146 294
49 793
353 425
579 219
240 412
305 827
234 145
696 25
968 655
972 243
334 899
73 303
764 657
994 4
546 493
924 97
525 233
659 560
259 452
285 761
624 331
817 470
677 323
852 580
440 347
264 842
723 250
71 289
652 810
174 884
572 799
513 405
57 320
709 486
910 151
573 184
326 471
745 574
333 538
866 321
659 309
951 456
908 768
179 109
38 115
716 726
47 387
289 305
424 101
175 347
631 487
180 609
730 559
245 448
347 708
212 361
259 296
371 798
336 54
692 225
266 579
478 220
931 997
505 57
330 308
970 178
415 362
179 903
996 392
317 840
429 767
77 966
809 696
226 12
992 906
892 782
525 848
209 746
222 450
141 593
701 866
113 85
170 961
820 475
178 254
135 288
561 127
124 681
964 61
540 171
116 882
366 587
118 287
252 758
401 373
486 837
424 564
292 994
235 306
731 949
867 471
730 550
263 433
929 782
995 835
662 721
448 743
286 455
507 571
460 846
457 417
51 664
418 464
732 276
992 537
110 407
675 456
554 148
167 263
609 25
223 710
461 502
773 144
397 315
227 508
459 653
259 38
207 968
222 105
605 920
681 573
114 588
605 87
622 375
293 572
417 110
503 667
420 415
834 441
567 427
85 41
822 167
923 433
946 951
359 293
845 183
435 904
16 103
906 571
91 505
46 742
114 627
823 144
917 999
385 557
26 972
231 724
567 574
527 909
25 219
361 963
676 661
423 391
975 95
354 311
661 762
859 46
650 151
842 93
5 806
644 862
367 931
750 152
456 504
487 792
447 279
458 76
188 67
894 621
150 594
489 879
696 455
661 23
354 83
68 388
114 783
277 295
717 627
561 345
90 369
238 519
488 433
81 455
379 599
252 449
346 47
445 919
588 337
959 620
41 539
119 35
777 298
717 773
975 256
320 365
804 106
607 161
961 791
73 658
293 839
653 763
383 31
567 882
488 530
658 581
589 169
921 105
377 868
382 541
313 413
247 56
907 507
83 646
223 102
271 186
245 213
81 524
634 114
593 61
882 735
296 573
915 179
97 330
346 109
288 823
756 766
125 131
683 742
285 902
555 723
395 877
441 218
963 274
38 13
964 791
351 85
861 423
302 44
316 215
631 258
60 867
194 733
592 187
32 971
345 248
21 445
403 385
751 222
815 133
22 803
341 83
631 684
444 497
761 275
735 351
993 747
415 312
430 342
884 106
802 502
847 907
88 803
175 468
56 245
101 552
772 154
990 190
668 836
314 717
801 502
440 677
888 359
318 827
59 355
432 813
791 808
736 467
815 64
963 893
268 869
597 883
137 881
815 888
183 765
435 843
898 470
691 513
118 749
677 367
755 765
86 12
561 297
271 398
224 681
733 533
507 362
864 576
288 964
404 901
455 134
128 257
796 646
193 457
407 22
287 458
950 414
295 214
603 362
889 399
98 317
361 777
549 378
387 628
96 195
868 830
373 91
829 990
148 475
8 847
360 143
854 763
500 434
882 269
109 403
993 676
528 90
3 496
802 979
682 862
303 719
492 635
336 518
894 984
780 128
236 971
299 542
110 515
226 770
481 849
561 174
253 963
978 54
829 114
697 963
351 965
528 113
764 647
851 641
270 14
678 324
714 519
21 6
266 288
219 246
380 792
390 49
655 552
676 512
246 878
80 500
523 274
999 775
412 161
471 175
562 585
656 648
522 665
549 227
119 942
802 926
352 421
760 812
988 648
233 772
651 217
15 640
353 363
102 863
450 660
899 389
145 883
209 676
180 326
802 59
177 756
152 67
34 533
271 623
919 404
309 975
103 562
861 929
771 59
796 184
885 624
967 661
791 802
402 71
193 977
350 862
51 626
929 626
210 470
273 918
188 231
981 88
627 48
563 917
659 502
951 82
875 181
200 122
266 810
979 649
492 605
99 838
648 325
160 208
693 579
396 945
918 984
174 117
645 435
651 245
588 721
461 738
378 924
164 29
675 928
201 797
139 514
63 54
335 640
297 202
312 636
22 645
725 412
876 262
589 425
48 616
199 674
65 521
226 852
679 125
307 827
926 583
281 710
246 467
940 198
739 209
661 677
815 624
909 371
318 507
661 147
494 67
688 951
229 342
603 933
568 212
807 667
181 447
213 711
383 493
774 577
60 802
926 857
504 77
226 51
423 166
347 164
977 615
754 633
245 823
773 179
985 666
101 968
420 216
109 262
894 62
75 116
859 742
402 307
29 552
375 896
510 541
35 806
986 212
535 595
311 433
32 234
611 875
518 468
671 510
33 158
227 491
183 160
30 610
56 129
311 66
395 748
831 93
426 784
264 120
135 920
172 894
513 150
320 728
681 881
174 390
306 301
271 644
175 203
17 538
573 431
453 257
126 885
944 401
87 818
813 805
634 665
569 451
883 294
128 123
382 740
398 992
682 362
633 686
160 964
123 901
430 111
346 234
283 950
199 415
910 445
717 754
92 42
488 577
519 7
511 245
623 233
228 653
501 271
322 742
65 64
627 122
664 184
285 667
265 430
916 495
390 434
214 502
616 664
995 510
236 907
751 844
811 551
52 43
734 935
798 840
146 933
403 257
348 757
787 397
227 351
249 376
642 650
343 52
427 723
308 755
135 238
373 346
227 208
659 831
672 437
981 929
770 357
576 81
730 153
889 272
282 169
461 32
759 795
965 194
735 879
389 718
327 790
935 154
774 544
907 978
915 259
128 142
922 728
992 105
736 779
291 944
708 111
206 789
920 261
691 707
129 130
590 794
475 712
664 413
748 289
32 250
837 213
460 966
813 43
333 280
845 797
319 356
590 693
442 294
519 646
101 9
309 721
365 947
11 249
733 642
484 278
486 145
148 194
278 177
899 539
207 642
972 554
194 250
350 507
661 817
571 673
964 282
760 795
363 960
669 749
441 658
323 147
887 779
286 880
217 883
254 682
817 875
633 342
834 722
934 36
513 567
596 318
532 542
8 696
836 852
566 787
532 959
28 309
244 636
168 234
899 437
285 729
508 723
900 300
44 64
821 876
348 968
634 768
658 796
306 838
807 443
852 518
259 571
244 424
137 585
238 243
912 219
548 773
365 406
252 956
58 686
98 338
84 839
45 471
191 560
231 508
170 458
161 61
369 70
480 268
563 891
441 25
226 798
631 924
47 459
793 730
762 789
281 484
665 551
18 54
299 306
156 273
497 718
322 211
234 618
320 976
857 214
72 42
126 976
1 357
326 568
512 992
285 480
612 9
103 169
3 311
759 913
819 194
387 820
784 66
783 323
352 161
217 484
429 52
209 934
125 469
328 719
347 170
553 491
769 171
160 533
998 493
517 150
363 556
859 465
257 32
652 414
726 614
770 655
774 471
254 860
615 606
558 590
642 716
655 196
794 259
381 251
968 831
506 112
57 394
783 979
294 317
502 582
332 517
185 710
225 204
747 419
104 216
20 208
507 656
277 85
740 6
355 698
931 253
679 429
175 423
849 674
510 56
857 292
812 545
183 378
264 211
98 676
394 854
581 631
504 858
630 534
224 260
496 25
75 446
291 298
926 289
822 252
637 480
977 57
337 116
246 684
252 838
981 716
394 127
240 451
346 823
827 314
281 294
385 234
605 355
77 101
221 382
664 856
660 891
662 465
847 721
384 683
979 721
752 566
79 787
355 226
850 622
950 584
977 696
196 72
838 588
486 799
664 444
24 664
787 793
85 143
822 902
878 15
61 915
76 473
181 527
20 832
496 963
966 936
866 455
586 838
59 433
858 51
525 20
362 7
196 641
831 400
991 620
89 735
505 950
656 155
388 976
380 679
585 462
710 855
190 861
988 484
399 226
191 735
534 478
108 80
312 970
682 832
475 605
734 414
988 200
159 263
765 254
312 237
733 406
459 488
473 548
198 335
970 439
354 659
17 439
867 512
191 896
85 58
888 288
126 241
75 902
427 572
514 579
664 819
255 352
676 792
384 307
692 253
618 309
581 354
872 390
899 241
66 970
841 211
325 595
64 59
868 589
869 420
219 483
348 417
761 629
99 935
258 206
312 181
470 43
405 761
976 154
381 104
685 471
154 92
134 661
453 801
568 141
365 661
401 406
828 986
115 809
119 86
683 129
281 905
266 222
397 249
702 770
51 14
441 885
713 703
266 525
172 877
970 737
155 868
667 835
222 120
603 367
254 351
372 996
642 941
417 940
837 369
781 879
41 776
877 311
987 535
869 778
736 445
699 788
477 690
916 104
772 867
154 852
495 829
848 328
947 932
177 416
932 368
164 393
530 900
254 891
476 7
520 748
751 612
514 93
708 42
485 156
568 690
215 502
773 943
685 460
298 331
981 102
719 434
46 109
326 489
82 568
327 739
171 720
299 504
13 494
70 412
822 738
852 525
540 515
58 582
677 538
602 136
819 117
288 536
590 8
500 818
282 842
519 538
220 878
588 193
234 727
31 831
658 236
953 801
797 463
880 337
172 400
776 855
112 220
11 966
552 220
734 47
846 633
396 590
71 25
361 906
917 905
455 671
651 618
681 430
124 941
942 25
970 303
538 588
411 790
475 396
435 280
527 953
658 146
817 135
164 254
705 250
44 308
161 976
872 35
254 193
824 951
190 264
710 816
837 739
528 254
225 14
302 651
154 539
299 586
650 390
765 734
432 397
513 717
720 842
755 2
686 781
371 636
321 549
503 228
330 854
633 474
613 656
226 919
329 492
369 660
841 575
157 782
769 22
178 12
721 799
761 81
583 906
895 891
279 543
423 580
554 938
920 510
498 187
717 20
382 193
525 360
143 553
216 204
386 602
963 484
503 374
894 102
897 390
792 21
91 389
807 751
21 551
596 655
26 988
493 557
983 943
352 410
573 129
627 403
150 783
189 29
596 906
934 804
201 887
362 188
146 540
506 513
341 336
366 940
32 826
487 842
797 200
563 94
991 454
225 942
194 319
243 545
435 190
993 703
825 287
76 496
918 580
793 95
802 97
437 5
473 580
82 270
900 658
378 609
68 527
629 998
134 728
710 294
584 571
867 616
932 379
574 115
40 884
616 445
193 23
476 739
757 466
384 137
168 469
42 918
352 935
707 219
910 959
517 425
813 721
532 827
634 793
579 377
886 684
521 29
5 783
311 30
419 581
247 565
168 45
383 405
981 828
232 964
49 279
46 249
189 196
981 44
630 496
111 242
481 600
580 50
862 514
54 571
754 134
71 928
820 949
319 488
283 289
843 645
255 587
566 479
389 142
518 320
68 109
121 294
963 416
67 928
371 263
757 884
252 585
358 845
523 524
891 35
937 218
319 14
236 670
747 603
587 117
534 998
18 610
894 235
670 466
111 301
605 889
499 903
138 478
864 899
154 593
517 606
255 232
551 733
369 420
689 608
340 0
113 183
672 831
128 425
662 457
532 963
51 798
554 497
155 469
849 491
405 620
722 360
837 573
527 799
259 819
208 632
995 989
442 115
514 919
129 200
289 505
485 629
501 167
235 742
872 465
151 317
849 690
548 500
372 352
505 321
955 426
493 128
952 699
15 410
527 771
546 192
217 240
410 470
71 787
749 348
179 317
535 61
354 368
716 672
361 286
107 907
381 12
427 40
828 67
585 802
303 934
921 365
874 423
271 659
542 65
417 385
684 787
333 329
995 21
521 436
456 316
742 468
686 903
423 116
576 550
720 388
653 858
513 324
84 572
317 146
416 946
332 30
788 904
96 689
485 8
464 99
2 779
757 282
154 422
319 20
178 611
922 934
862 166
253 225
693 71
791 100
240 319
417 294
776 494
377 806
306 555
112 407
178 595
840 820
654 972
138 743
571 106
566 197
951 910
855 747
722 236
589 337
529 784
830 300
688 303
207 463
199 437
769 744
36 5
559 911
439 805
8 505
525 463
479 389
240 825
3 46
281 929
417 63
97 690
157 632
210 181
24 493
204 281
816 843
407 736
567 280
227 450
403 529
143 936
395 803
732 674
146 219
741 293
628 291
871 995
756 89
270 473
130 572
625 586
160 511
317 14
506 257
14 261
628 189
423 322
966 783
878 240
110 302
378 47
563 22
933 751
957 37
957 459
492 602
229 199
721 782
235 354
365 844
155 905
312 604
658 135
178 78
742 952
817 945
875 889
409 163
194 520
59 401
201 758
201 647
942 30
134 376
507 687
843 947
143 228
15 94
973 81
18 639
34 183
185 126
915 339
623 914
556 226
942 880
568 276
18 450
685 798
90 283
43 367
219 363
919 863
276 679
128 871
333 344
824 372
982 726
627 950
525 982
520 166
888 51
537 9
44 992
602 251
467 119
242 613
202 453
98 573
175 553
713 719
15 148
35 833
965 254
363 723
528 238
522 24
111 797
959 315
768 225
892 307
131 440
543 835
650 97
322 563
301 573
72 386
239 894
891 267
585 58
574 556
428 527
128 236
467 954
630 580
780 950
552 531
699 7
268 115
712 816
993 342
337 663
635 861
466 403
368 398
369 454
806 603
694 981
136 897
883 579
852 816
796 327
531 228
121 159
463 824
633 600
393 108
415 706
29 410
582 879
683 821
