1000 1200
846 996
71 191
290 429
668 930
594 426
705 519
587 827
624 802
422 29
329 561
379 357
464 354
623 590
710 59
369 394
753 273
389 150
373 761
378 634
772 715
304 170
126 614
157 365
667 22
944 311
912 621
555 937
762 310
756 239
364 29
828 343
192 97
205 282
335 453
78 548
463 784
622 374
943 678
677 794
775 650
783 981
891 670
726 964
765 475
667 515
619 703
358 448
143 562
310 357
94 117
848 285
431 966
283 58
603 12
883 588
120 342
48 759
319 368
364 616
540 913
902 652
877 914
810 629
511 627
437 770
667 523
107 216
728 232
608 886
425 764
473 241
694 669
578 735
3 543
609 984
375 761
772 876
431 935
563 152
310 972
33 544
277 4
866 123
822 219
90 768
347 483
520 604
610 919
491 547
180 700
495 53
170 498
4 519
854 398
213 577
729 966
280 665
874 979
969 868
745 217
113 212
170 176
348 901
505 693
704 814
274 731
40 495
378 942
186 642
381 731
13 674
656 804
543 667
51 118
550 317
745 215
118 795
453 286
29 618
132 451
411 386
549 347
815 858
216 287
436 574
366 854
373 467
214 543
968 888
244 702
649 41
460 369
659 538
956 382
951 866
488 735
186 718
602 376
710 293
475 328
110 3
23 85
585 386
441 47
106 137
860 637
704 667
632 957
697 73
863 552
581 988
867 489
333 426
93 692
102 160
631 926
512 612
659 16
889 242
218 70
145 377
49 339
902 180
972 440
787 524
516 639
986 763
75 393
38 973
109 363
779 748
517 20
626 508
718 127
785 743
77 653
962 808
590 632
224 605
969 771
906 214
216 594
522 68
748 788
688 285
42 801
700 990
754 933
412 303
764 759
183 690
187 522
4 72
817 463
976 152
266 513
91 663
522 870
826 25
425 375
283 451
541 983
112 989
145 721
447 14
341 437
817 23
992 652
641 236
159 810
389 466
891 595
283 857
963 584
977 129
942 729
911 233
4 297
311 604
137 143
976 722
918 79
465 449
159 902
214 1
230 992
434 785
12 441
949 936
25 399
208 446
413 216
445 72
412 254
712 624
293 906
479 687
192 383
419 450
233 76
131 553
39 865
670 87
774 930
632 933
484 414
386 218
372 503
999 703
230 575
23 181
205 126
466 132
90 450
370 570
666 965
682 129
873 332
270 479
478 413
201 838
530 114
516 616
240 776
742 714
398 703
177 917
962 122
615 51
887 846
798 269
455 24
720 438
364 764
590 146
494 336
246 590
740 768
171 205
849 948
832 89
793 209
143 470
514 745
566 663
240 20
509 994
334 691
301 707
720 155
975 518
258 256
76 204
959 833
819 701
234 917
370 222
216 510
792 838
409 18
305 550
126 930
696 618
265 794
139 757
537 615
701 523
543 451
249 507
657 52
206 888
390 724
497 345
275 928
915 717
840 913
485 665
239 368
84 540
285 274
704 16
247 513
209 985
324 997
448 797
927 544
154 802
626 880
911 94
999 329
684 156
212 483
234 922
301 237
750 164
387 636
981 846
540 944
672 356
250 602
130 814
689 889
815 220
355 463
100 159
369 853
433 584
869 672
620 373
218 764
358 998
87 606
470 934
224 124
142 565
759 565
227 583
194 644
654 265
350 759
141 538
153 454
535 206
347 751
109 750
384 840
719 940
463 510
126 346
987 34
81 583
379 558
753 676
742 867
960 558
257 532
340 67
5 71
368 155
920 47
399 26
596 543
220 435
244 391
935 565
68 520
369 320
739 120
548 808
546 550
291 944
440 921
472 292
799 645
44 847
26 575
632 130
933 218
928 397
414 696
928 717
360 771
294 752
494 591
481 960
847 229
65 631
102 147
282 684
680 810
203 211
659 416
35 513
96 759
239 892
937 236
942 732
165 909
446 34
205 15
767 460
747 831
874 602
894 30
584 165
444 356
64 3
774 712
477 643
769 404
805 422
45 309
500 637
724 116
678 287
933 640
254 836
560 22
80 308
330 382
101 385
807 508
133 15
689 805
733 45
217 329
78 127
545 594
79 633
187 810
433 93
410 137
450 195
386 918
502 845
820 938
437 907
967 412
559 566
684 456
187 932
253 667
879 326
855 908
552 516
56 991
121 790
778 851
137 746
734 248
397 937
834 334
180 807
709 914
803 696
648 303
940 457
265 435
329 458
395 336
471 50
299 577
266 410
96 462
75 986
214 553
54 450
672 582
735 787
504 484
402 214
437 882
596 941
167 163
295 604
269 62
595 24
488 1
291 364
331 507
102 986
667 539
843 293
700 779
254 151
881 654
878 914
546 705
616 509
124 305
694 918
998 756
872 31
956 722
840 919
606 817
291 622
597 171
647 44
239 589
513 369
587 138
47 908
459 60
769 54
541 388
831 338
680 667
770 589
35 566
565 985
511 826
221 865
208 564
735 901
232 882
121 800
907 610
98 186
358 963
237 947
160 688
865 434
202 617
369 961
634 700
841 698
671 532
34 797
558 387
212 195
536 720
207 537
930 929
657 953
889 829
45 499
861 785
203 514
67 780
961 377
101 554
549 748
813 472
126 895
248 363
424 184
513 420
248 379
40 496
563 643
834 830
121 186
345 944
311 744
28 438
945 968
348 404
185 949
963 742
457 338
284 325
750 195
421 458
976 203
134 742
700 30
528 758
333 748
998 793
429 382
572 9
434 82
50 249
520 577
299 542
643 582
950 468
652 72
470 680
303 566
47 572
322 926
468 589
623 351
127 198
313 819
65 635
962 577
982 190
909 94
296 945
443 868
708 277
129 714
245 125
613 691
359 347
38 601
839 353
67 881
362 174
104 545
809 623
506 769
93 873
748 445
173 13
123 518
280 720
737 754
211 926
253 561
244 878
676 579
656 746
267 682
29 701
286 681
963 235
462 314
501 597
169 852
452 309
158 956
241 559
611 300
263 707
310 102
648 173
598 190
354 86
448 195
826 437
964 417
261 963
160 367
606 218
766 13
276 485
598 520
159 398
541 894
182 350
808 403
437 260
980 658
858 17
970 342
54 862
384 360
961 23
253 250
259 20
999 397
6 129
683 247
722 634
194 750
569 124
308 914
351 729
404 384
680 475
652 453
113 830
195 576
160 476
781 454
129 413
293 354
806 371
98 752
603 35
938 227
22 804
208 949
847 469
681 552
171 418
102 921
721 358
182 773
388 424
30 959
740 913
387 26
843 763
693 917
573 901
589 602
364 227
778 388
154 450
134 916
549 559
972 436
363 111
821 881
456 863
189 931
184 478
103 854
927 126
599 864
957 317
184 42
271 498
643 540
863 397
483 433
854 377
528 619
221 616
563 470
808 285
138 2
733 797
613 512
918 91
45 235
258 583
102 751
359 536
231 215
975 620
380 541
688 911
767 349
666 476
333 614
181 399
586 874
255 795
482 789
983 222
904 969
991 544
261 653
653 259
399 459
490 171
627 514
275 754
29 334
162 502
275 804
730 327
851 821
667 241
638 388
464 232
803 393
511 574
782 937
434 152
102 881
241 441
173 355
484 72
364 275
256 692
732 812
233 597
556 305
155 574
313 884
242 722
752 977
52 247
871 141
469 578
261 502
763 561
607 940
12 810
911 863
867 367
625 865
33 201
185 458
933 659
529 698
882 406
920 393
628 779
15 551
339 302
111 774
600 341
55 377
624 916
672 122
150 897
737 271
900 952
455 86
785 692
368 841
252 494
671 513
419 675
685 857
200 479
510 318
92 860
869 283
193 311
710 230
84 716
974 76
468 460
959 713
782 198
754 713
618 53
122 45
685 445
416 341
72 902
467 741
219 644
51 572
533 160
395 357
148 646
761 416
129 583
244 528
294 248
983 117
36 125
302 123
780 874
443 322
903 778
75 837
378 475
835 25
883 95
592 619
751 583
577 258
482 566
953 13
439 868
211 228
393 296
353 798
809 772
623 949
700 917
635 736
358 348
779 625
39 317
718 772
774 225
737 981
640 131
671 829
161 598
74 193
754 285
101 888
969 248
993 484
769 242
111 560
831 436
468 856
418 948
608 930
708 142
958 596
82 823
400 500
14 605
157 975
272 704
407 738
997 910
854 167
906 844
781 820
678 802
178 902
254 740
245 588
46 361
241 802
444 431
560 669
626 300
387 40
238 335
77 877
716 599
258 9
915 535
417 815
696 847
3 217
2 226
96 162
498 943
698 358
872 282
635 698
782 550
483 232
676 970
839 702
524 439
197 595
103 933
254 751
371 520
681 633
973 597
333 800
201 520
376 654
789 477
918 783
248 967
178 999
857 8
713 830
921 346
799 940
957 916
897 439
466 603
443 865
578 116
838 426
258 743
796 447
749 436
347 592
405 129
892 566
632 925
924 555
546 566
62 633
332 983
557 328
679 372
943 677
585 778
537 643
526 582
971 852
621 971
451 594
766 261
864 985
82 634
554 139
173 626
59 702
732 950
71 633
266 597
648 627
536 637
378 806
460 997
738 601
362 382
977 653
48 571
780 977
590 909
249 700
46 296
755 999
39 9
413 876
897 989
169 533
195 490
643 356
22 259
427 384
563 404
408 724
676 35
792 18
659 996
808 906
116 639
73 997
293 54
313 638
566 458
941 157
59 843
715 336
253 87
259 901
635 731
723 250
384 547
744 901
826 656
540 820
62 460
454 729
922 394
572 904
613 216
484 66
802 414
795 746
650 600
332 446
769 983
623 419
309 742
360 973
665 253
845 34
499 663
255 710
188 187
737 365
879 741
162 647
464 72
753 67
15 429
54 232
906 660
13 994
884 152
856 960
286 277
756 566
251 271
626 64
572 818
926 207
280 194
797 447
727 763
428 812
687 59
904 684
523 420
567 194
525 531
499 566
211 276
717 300
202 468
180 12
253 325
721 151
202 347
205 3
882 58
190 601
366 441
786 465
640 934
41 404
418 205
191 537
109 160
663 137
625 845
934 861
545 2
921 594
712 855
362 902
417 350
5 397
711 312
406 506
261 147
18 623
713 944
517 837
52 685
299 753
551 545
661 546
23 8
308 862
291 512
240 350
872 21
537 98
920 766
524 552
358 797
796 300
599 890
776 130
394 503
140 663
419 773
512 356
61 270
776 474
333 126
196 60
571 486
412 17
710 593
745 117
751 448
64 787
555 797
932 892
699 690
737 451
955 843
430 895
720 355
225 470
890 105
52 867
500 206
702 62
726 664
502 660
478 748
911 557
873 800
349 81
855 328
302 346
413 662
225 349
403 77
866 24
687 416
948 527
8 54
916 0
425 70
302 654
993 455
807 539
204 292
790 839
269 287
448 301
720 400
966 933
331 373
626 194
343 485
548 253
984 596
721 678
191 119
198 987
816 800
530 627
191 92
943 386
115 995
107 166
784 320
427 393
84 712
769 528
817 674
873 658
996 347
734 782
637 274
547 399
421 959
