1000 1700
700 156
90 957
640 917
281 687
80 464
907 452
594 122
10 590
513 818
911 604
976 199
17 764
204 785
415 525
519 753
390 449
474 641
596 239
888 997
734 171
770 650
857 503
190 804
36 511
178 832
65 912
384 299
79 18
407 268
360 483
883 313
348 828
751 656
758 441
140 97
381 537
938 982
525 782
916 708
84 1
366 74
989 994
392 595
635 912
691 502
816 382
567 700
33 836
358 658
843 694
903 440
752 465
537 183
784 245
719 945
362 222
298 837
438 979
109 905
552 886
879 549
593 300
556 909
915 702
837 660
738 402
873 340
911 212
563 535
162 419
244 519
152 201
769 732
599 189
654 635
736 514
642 426
112 771
667 95
417 609
516 644
348 750
451 486
125 734
400 331
313 146
634 484
562 271
636 195
773 162
114 21
797 832
370 264
194 210
997 676
231 406
379 1
781 671
940 251
968 221
451 792
955 749
344 150
377 383
456 393
328 824
477 273
335 929
711 899
934 691
310 504
60 790
183 778
981 38
348 820
216 787
845 436
565 312
181 467
649 732
749 132
427 751
254 818
551 925
518 742
60 738
219 93
31 253
391 898
397 115
737 647
247 780
924 583
334 833
165 686
396 802
524 182
175 655
471 6
852 552
814 151
727 510
679 210
671 935
509 464
984 861
736 883
657 219
936 96
906 413
30 169
237 969
361 97
416 57
409 521
710 140
59 417
5 56
479 512
956 331
891 833
126 37
456 941
167 31
809 213
374 767
927 232
461 683
156 124
102 292
651 475
384 626
495 601
566 398
520 569
486 191
407 9
682 382
673 328
149 764
318 352
567 943
589 812
336 880
587 45
813 497
77 949
576 106
801 86
580 730
160 553
870 554
594 72
990 334
931 504
620 754
348 613
52 300
535 595
415 280
544 825
107 644
139 882
444 816
905 823
521 734
216 777
148 303
712 934
307 317
196 198
774 432
221 647
331 277
272 827
304 480
773 887
554 356
319 68
491 877
295 568
641 948
726 89
28 223
265 68
821 432
343 383
168 139
354 675
326 198
954 80
132 65
393 142
476 475
873 844
2 612
448 348
920 670
477 581
472 859
52 283
389 379
640 202
382 669
614 268
314 126
381 746
204 861
1 475
773 401
647 964
329 928
673 283
799 23
244 32
354 205
393 364
697 667
931 471
572 445
422 985
516 486
566 987
199 44
573 291
664 699
297 583
471 624
147 410
263 36
88 117
928 488
347 326
139 601
15 3
253 157
327 568
790 257
574 514
462 570
896 617
716 971
910 566
208 307
345 850
532 591
875 55
676 833
977 808
25 598
644 284
759 581
87 359
39 575
661 252
916 320
723 973
834 631
14 772
252 807
291 776
299 566
948 425
815 91
904 583
515 439
430 354
841 534
653 310
7 379
296 975
320 748
460 809
655 612
961 567
523 557
996 738
979 872
940 665
461 232
122 771
430 168
507 745
24 546
891 996
306 501
901 588
257 728
187 914
973 165
282 47
619 980
690 251
58 698
214 507
625 93
683 175
523 965
697 656
372 712
208 904
562 966
341 73
349 394
913 26
914 322
693 781
798 204
527 419
900 714
387 675
566 921
67 627
283 351
159 315
643 397
639 366
985 855
82 780
425 739
884 232
379 651
590 395
290 100
447 840
540 491
883 958
386 950
401 649
141 794
737 915
411 370
186 866
246 851
338 791
809 83
652 136
878 241
729 309
682 939
614 886
520 271
656 327
520 510
155 343
146 169
238 155
768 264
471 50
855 868
511 6
735 849
204 16
327 986
778 222
71 486
516 533
991 401
129 952
774 941
470 972
282 200
161 903
191 499
271 731
70 696
785 525
426 50
785 909
249 930
719 338
731 176
356 414
885 789
574 444
51 535
711 217
478 787
560 186
468 189
152 861
210 869
272 435
575 76
744 523
106 195
788 39
889 797
707 239
683 546
87 38
515 537
277 83
774 967
169 550
510 811
78 168
139 4
202 169
59 261
978 653
420 748
241 815
419 729
713 874
913 710
183 441
419 528
701 120
558 891
311 986
761 622
803 219
542 27
747 970
96 323
478 881
598 536
499 193
250 130
248 922
438 907
477 718
785 744
588 85
324 110
964 76
473 331
776 145
841 742
756 139
577 951
401 17
316 438
844 20
574 363
996 216
690 167
434 576
204 282
49 183
980 205
33 862
470 990
887 174
22 673
284 615
208 568
244 75
509 616
301 756
788 849
423 746
325 352
161 731
369 631
556 190
100 962
489 59
174 889
612 194
476 906
429 266
790 84
176 387
491 777
305 285
367 344
700 884
570 655
879 993
954 312
420 726
22 99
237 630
237 246
495 271
484 449
387 317
518 975
551 766
494 889
748 838
419 795
338 275
992 911
0 826
731 817
813 854
803 29
645 536
884 317
184 82
377 948
824 613
902 502
927 873
979 192
446 878
902 801
650 641
22 139
309 963
508 135
142 311
758 802
185 254
324 475
255 429
542 378
670 541
746 371
30 99
418 8
312 789
52 234
979 335
40 196
34 335
460 497
872 23
918 825
419 136
162 942
42 836
264 395
617 138
342 765
842 631
527 127
513 457
660 227
248 688
849 151
178 290
879 454
397 390
810 396
184 800
847 901
478 565
86 844
641 770
563 472
13 317
521 547
627 61
413 362
626 845
724 197
667 237
436 729
51 126
840 504
426 906
431 343
832 391
481 158
429 648
618 169
614 416
447 931
566 746
830 599
166 571
749 179
839 334
726 756
209 673
56 113
252 919
917 477
746 349
585 182
186 415
452 244
774 771
329 388
811 862
48 950
40 916
924 674
733 645
245 457
927 918
147 300
667 875
976 35
356 271
272 825
231 48
344 671
328 382
230 599
2 291
278 147
9 172
5 59
374 500
319 78
936 49
230 369
0 294
167 508
829 522
342 283
925 620
181 341
179 160
558 118
995 109
827 346
613 932
106 672
378 321
209 715
169 786
443 876
9 133
747 459
819 831
872 100
219 705
744 217
941 21
39 466
190 543
388 837
832 672
624 266
367 106
304 918
637 915
118 172
813 729
987 77
437 455
741 649
60 427
286 186
863 209
834 617
108 142
32 872
533 938
536 109
693 168
987 131
184 517
60 203
56 201
381 952
95 611
251 220
305 944
636 560
95 721
180 664
893 301
907 545
532 534
274 60
202 729
240 122
276 127
29 482
599 244
302 403
640 71
998 806
992 236
664 395
699 382
469 105
624 451
463 177
248 45
243 479
972 311
840 493
218 67
106 581
662 592
326 324
562 118
837 871
847 162
424 122
121 900
568 223
933 332
989 936
293 37
694 504
676 170
106 804
908 727
281 908
934 242
822 632
219 790
847 865
815 555
321 776
947 230
16 900
278 687
704 876
989 372
97 36
308 297
239 621
726 119
780 191
383 86
878 757
746 621
420 52
316 286
587 772
960 862
842 76
875 129
606 703
738 481
191 474
780 758
926 40
755 55
25 955
786 682
245 570
439 875
240 763
151 428
304 52
87 117
449 152
970 114
154 2
771 188
876 663
580 772
198 54
910 783
836 733
245 115
268 340
223 237
558 642
947 894
139 44
378 962
933 534
836 236
891 134
632 27
276 437
239 704
949 686
959 535
472 63
262 750
705 432
304 109
736 863
576 522
204 874
557 537
18 892
638 484
125 45
400 419
672 969
279 965
183 260
187 973
797 302
973 659
982 660
577 866
153 663
16 454
477 28
663 46
913 723
67 666
672 107
161 900
653 418
30 591
497 443
211 766
836 112
721 83
87 740
292 70
305 854
967 834
327 917
239 548
936 813
382 419
720 364
819 973
437 465
817 619
483 426
586 450
722 985
991 61
926 426
861 506
140 47
52 176
88 29
239 510
987 989
357 111
574 321
91 346
119 893
759 116
918 939
250 884
574 360
724 284
953 20
592 338
603 105
887 631
570 836
862 215
132 694
98 398
622 539
868 115
338 117
941 480
626 956
596 832
810 343
941 620
776 674
89 91
86 471
139 792
958 89
964 729
239 477
608 937
881 739
525 723
611 904
550 16
588 322
823 874
127 563
345 385
578 122
384 866
250 360
856 326
550 108
460 815
16 558
355 343
598 241
91 145
752 931
387 218
528 923
910 478
813 147
666 381
794 259
885 741
641 541
46 500
89 381
275 915
993 463
386 314
520 834
822 598
697 598
16 262
56 411
297 66
568 100
946 797
0 138
608 384
1 290
943 268
364 171
702 850
194 583
680 556
171 338
415 859
637 533
726 715
886 806
557 475
381 774
813 240
117 477
137 661
21 465
939 908
875 268
708 650
364 11
742 596
142 811
786 531
948 905
438 248
831 495
755 188
970 44
930 430
173 910
354 909
466 332
884 433
543 151
33 260
832 910
398 22
790 96
31 884
197 150
67 477
252 481
901 469
338 745
36 558
816 658
592 306
113 702
602 891
789 688
221 685
938 474
620 406
718 94
388 514
556 600
691 548
495 69
553 116
93 862
605 428
448 86
113 530
131 716
73 47
558 625
821 711
390 616
670 408
28 613
479 53
577 493
198 207
357 678
255 305
213 495
296 745
512 936
506 443
941 518
448 677
688 613
894 546
167 129
398 465
740 974
436 44
7 222
424 513
85 27
83 65
218 354
751 93
369 423
504 916
438 481
659 868
919 695
626 988
619 751
202 362
901 658
521 834
457 974
973 959
193 371
744 76
60 264
474 667
838 179
404 595
724 158
672 164
566 414
580 148
610 182
452 214
534 906
576 869
799 271
412 780
718 574
520 175
195 924
869 72
738 930
145 222
399 555
427 339
198 106
180 439
725 82
2 892
33 869
197 385
576 631
850 150
931 360
791 288
946 405
733 717
57 663
702 751
749 214
89 230
234 504
576 278
626 986
981 625
956 663
660 348
435 889
157 473
642 95
680 578
715 259
174 848
595 407
789 219
979 298
595 382
624 500
192 640
226 415
743 925
718 446
355 667
264 211
338 152
871 635
570 447
118 220
410 798
986 256
161 665
715 452
671 387
995 305
340 994
867 406
125 824
531 875
971 98
934 216
706 150
759 675
567 364
856 416
448 566
348 191
453 213
662 772
528 486
770 314
857 839
998 543
660 393
497 971
667 607
818 571
574 142
167 355
727 638
89 428
428 233
840 41
188 657
5 422
44 892
639 218
116 514
889 484
956 629
664 621
288 199
163 936
610 210
715 979
50 963
916 725
180 471
531 313
737 271
454 845
429 712
114 913
954 25
17 427
639 500
119 605
789 61
376 565
971 424
778 888
852 668
562 839
492 808
635 973
264 872
209 333
847 167
823 373
216 248
774 454
3 807
670 199
633 806
506 737
247 163
163 510
276 959
510 792
288 173
499 559
914 142
952 958
410 823
412 524
255 312
235 542
113 812
606 312
898 484
541 54
44 585
5 707
706 229
948 260
93 626
147 394
328 79
73 756
999 554
697 80
899 505
626 418
995 453
775 354
130 55
525 179
644 929
382 364
91 360
143 737
154 480
168 984
272 360
899 160
83 592
752 502
869 834
523 440
504 421
426 566
760 778
801 359
506 67
168 104
639 695
193 469
68 930
474 537
543 129
315 748
741 314
152 498
492 636
128 956
548 564
652 749
744 394
978 656
824 719
51 784
15 16
938 883
382 969
115 25
372 760
358 258
811 370
674 77
66 609
7 817
86 39
997 664
20 999
609 649
748 868
540 859
741 532
928 249
578 827
728 583
442 344
54 583
940 436
345 931
932 428
599 427
133 329
165 494
362 138
508 919
52 604
662 225
485 211
743 351
405 577
775 709
288 272
366 790
727 331
591 899
422 634
419 849
512 513
434 916
443 211
606 540
731 888
383 243
683 380
1 665
455 140
95 964
717 30
198 770
890 241
309 281
913 403
329 507
101 292
913 718
994 846
390 457
863 924
510 582
136 386
818 101
552 79
358 388
241 142
801 169
175 381
541 267
956 643
891 345
358 495
851 962
333 338
653 301
282 576
263 598
287 697
490 129
968 504
727 141
219 291
957 992
853 841
350 152
652 162
248 554
734 160
847 968
976 665
370 20
967 152
154 8
129 680
809 72
661 455
903 116
331 11
809 709
224 278
32 420
494 600
32 640
971 8
18 790
119 539
809 225
862 351
313 633
849 10
385 173
28 297
890 293
113 430
791 416
615 133
260 331
172 134
607 528
545 490
735 585
342 167
759 515
171 127
2 297
229 477
556 689
683 705
701 793
181 759
773 470
377 514
450 292
866 557
837 445
553 699
840 434
648 636
236 365
743 462
89 889
821 577
805 304
221 513
432 322
577 871
797 198
980 149
912 607
176 434
49 348
409 458
611 977
670 494
9 797
656 117
554 750
974 346
30 905
476 752
239 103
56 740
190 994
585 138
507 717
793 712
0 862
350 668
97 39
89 832
525 126
572 67
412 755
776 632
340 328
898 26
46 265
634 818
13 64
785 205
989 267
352 707
314 220
450 394
207 228
894 879
279 631
997 213
398 416
887 778
906 407
436 605
104 570
314 122
572 147
404 166
117 684
212 425
327 550
733 871
780 645
471 780
95 596
306 447
167 648
373 494
658 257
999 413
716 405
755 781
188 378
142 116
929 867
307 506
498 566
73 480
617 391
675 719
414 185
69 525
33 532
349 596
953 915
906 503
298 546
111 937
745 699
143 533
821 302
950 375
736 499
916 273
784 983
881 694
491 295
869 436
702 986
587 190
629 73
740 635
467 319
719 782
754 342
693 850
807 444
397 889
633 435
917 801
888 499
380 930
869 738
820 450
397 650
217 451
265 192
434 736
594 837
656 482
961 599
739 772
159 592
748 222
862 810
482 18
299 99
511 953
103 333
469 479
504 889
313 895
935 893
7 387
68 88
357 575
945 213
15 998
123 562
67 601
616 465
986 132
954 346
857 398
770 374
845 447
377 501
380 394
255 363
280 211
16 479
823 545
275 878
464 410
727 409
17 237
660 557
993 558
446 441
292 842
344 270
908 215
573 897
925 334
503 900
703 369
328 827
970 211
900 34
546 994
269 751
439 508
590 169
42 687
489 393
213 979
34 338
696 806
555 752
189 395
313 487
824 697
194 173
687 474
466 803
425 794
608 212
762 508
338 86
726 64
449 170
829 946
767 17
882 535
460 158
785 761
485 914
474 208
752 547
250 797
798 700
737 490
977 905
531 611
779 261
670 904
119 861
286 611
96 623
61 146
335 73
521 260
307 665
850 583
958 703
355 395
107 241
336 768
462 804
231 288
819 500
388 515
194 221
648 844
165 299
256 897
769 912
544 69
741 206
490 713
995 567
198 90
998 141
450 927
47 660
240 850
311 266
648 286
601 600
120 669
946 705
98 775
599 823
195 952
693 408
800 927
399 564
643 918
438 574
162 62
936 222
358 662
415 120
979 889
604 393
352 81
624 761
563 98
659 697
300 362
778 272
737 192
611 563
41 780
35 16
26 740
545 59
683 731
147 808
43 763
61 480
14 445
566 462
913 273
298 285
165 816
656 33
187 475
349 927
228 396
238 154
879 752
96 250
517 361
507 131
25 953
528 218
17 576
358 132
24 908
295 430
845 301
176 393
912 526
108 442
797 6
652 706
39 277
767 501
961 823
539 289
756 422
825 68
609 745
454 401
484 457
341 278
493 469
111 117
324 605
404 105
