200 7200
37 156
81 29
143 30
180 158
27 173
121 157
163 177
70 42
48 114
181 119
70 92
132 77
135 197
189 22
170 156
153 175
149 133
102 0
70 152
129 25
101 1
144 8
20 165
187 18
85 126
68 29
191 27
188 81
95 150
167 157
178 170
134 194
134 146
95 55
168 171
145 88
42 106
41 21
13 18
174 90
164 153
147 178
157 160
88 177
15 193
111 163
95 112
144 53
194 164
126 91
125 32
73 164
196 53
140 64
19 148
88 60
154 31
42 50
163 42
161 132
101 58
36 102
87 35
52 190
35 133
82 157
81 124
180 108
121 195
128 187
116 75
3 70
181 21
132 111
145 150
197 179
73 184
108 76
20 21
84 187
35 130
119 63
19 154
131 194
141 142
153 59
0 3
52 35
175 54
152 85
139 41
19 151
107 11
155 115
82 132
178 43
110 143
70 18
116 15
28 95
134 58
129 60
116 81
99 72
138 65
178 36
67 78
26 120
33 7
137 39
42 113
91 57
106 197
117 56
142 96
183 61
195 166
134 177
24 102
196 184
126 40
50 128
162 175
121 198
21 141
89 33
90 151
82 79
59 52
18 46
129 158
170 38
33 96
141 33
197 71
77 87
44 51
104 181
108 12
195 0
45 160
12 191
132 116
190 89
50 26
98 179
183 20
153 81
65 8
111 86
76 44
18 29
91 65
58 11
47 70
51 86
86 125
166 165
128 196
83 187
47 110
130 121
88 25
187 119
195 46
180 186
27 138
57 182
135 194
71 184
3 190
154 96
95 175
37 196
132 148
163 101
71 135
14 83
29 72
145 29
191 8
196 153
178 191
163 2
121 186
29 9
134 148
131 81
14 65
151 11
132 127
93 31
161 108
49 151
191 32
47 68
134 22
198 120
149 52
59 176
156 9
158 14
28 44
150 110
10 193
120 101
80 134
54 79
27 36
15 154
12 95
64 17
26 56
108 183
139 110
94 193
186 161
103 188
123 105
138 75
33 47
191 155
159 141
198 148
84 137
142 12
36 138
158 42
56 150
129 137
175 145
137 106
180 98
101 36
142 28
75 77
65 156
189 62
184 86
7 119
171 188
182 169
196 69
92 3
27 106
112 180
168 106
113 193
174 100
67 49
57 130
118 99
138 24
123 38
104 129
45 28
59 81
150 11
187 93
41 128
155 181
131 95
79 80
64 126
86 177
44 61
180 109
85 61
93 82
165 39
186 129
48 22
95 111
128 74
138 83
119 140
64 120
150 35
156 148
83 93
17 120
51 153
76 22
19 78
175 10
168 146
198 80
32 123
33 147
90 111
149 174
79 169
136 42
63 187
45 151
92 105
46 13
88 83
92 89
85 39
106 195
36 40
136 28
89 127
29 103
28 171
23 178
120 78
61 63
96 125
154 20
170 54
14 18
63 137
48 144
117 138
113 24
73 25
105 71
173 54
97 185
169 38
195 120
73 17
123 28
192 16
5 74
150 140
195 77
4 79
0 197
51 110
167 71
99 79
99 98
177 156
87 91
35 129
38 110
27 184
58 108
119 130
8 7
103 174
64 158
18 5
1 118
187 17
35 34
48 60
182 0
16 74
70 84
15 95
82 138
136 41
51 72
149 124
131 36
30 77
119 177
134 82
10 124
9 176
37 161
144 0
17 27
156 162
163 41
165 76
141 94
105 80
85 73
56 175
70 72
46 16
159 135
122 190
49 136
46 78
192 8
107 8
62 173
85 197
46 68
38 104
58 106
170 101
106 160
25 148
30 61
127 113
124 167
114 68
21 159
124 93
119 149
6 167
26 68
68 8
139 188
82 96
69 107
184 16
40 106
134 29
28 75
138 15
11 158
194 171
33 133
116 70
138 197
95 86
22 180
39 0
119 165
56 73
17 176
16 101
163 86
43 109
83 91
118 175
50 17
142 116
120 30
22 123
71 191
158 90
127 134
183 29
71 110
166 116
47 109
76 3
71 9
30 92
22 75
58 145
124 161
198 60
174 118
193 36
16 77
183 81
105 153
68 126
152 147
2 22
176 71
144 70
137 88
50 111
199 85
8 158
198 197
156 173
154 87
156 86
15 159
157 99
69 45
26 7
87 59
166 3
19 157
84 10
123 194
176 76
48 182
68 145
8 52
104 53
13 185
98 163
182 171
6 172
8 142
33 39
148 102
22 49
197 164
194 41
198 78
147 165
20 197
162 44
165 42
67 74
59 178
92 51
73 60
69 84
77 97
82 155
77 143
100 45
34 170
175 177
186 127
188 13
121 39
81 180
41 14
196 173
43 175
171 136
5 174
167 127
67 152
0 24
185 108
131 42
49 181
135 44
15 60
50 108
181 116
65 165
158 78
110 116
78 108
180 65
192 120
107 49
63 27
58 195
148 172
1 135
124 15
96 181
72 101
136 120
162 65
52 83
194 101
14 185
173 124
153 45
198 65
28 29
103 112
177 101
40 37
148 31
100 180
79 21
23 57
77 139
9 188
123 1
50 124
153 46
137 120
143 67
19 91
106 102
81 140
189 83
83 53
154 189
22 142
165 9
11 49
58 194
154 83
149 189
138 97
130 53
190 163
86 17
40 28
198 130
143 12
2 56
198 133
25 188
64 132
130 182
96 170
145 38
1 103
57 122
22 41
51 20
175 23
138 129
26 99
191 9
170 3
173 110
132 95
157 60
101 78
153 5
92 38
28 0
92 24
71 155
109 52
108 65
3 134
128 113
10 197
134 159
92 103
145 51
89 22
135 170
2 111
41 122
190 171
81 88
169 177
30 58
65 52
154 23
75 193
6 146
99 49
83 162
141 18
142 70
88 9
175 64
190 79
42 33
11 175
4 185
42 72
159 198
159 42
28 47
121 56
33 127
166 131
49 4
141 156
159 50
18 189
78 79
78 64
137 33
41 81
69 115
45 95
35 28
28 89
177 170
67 94
16 91
28 181
114 96
65 193
182 179
130 186
110 65
165 19
129 0
3 97
130 36
27 112
185 164
192 116
118 144
84 59
34 153
125 63
81 21
164 22
44 56
199 124
21 72
23 25
60 80
116 2
127 25
57 152
122 79
51 81
76 96
155 198
199 119
40 66
72 59
30 98
51 177
14 189
180 143
151 89
126 197
60 35
82 22
92 60
97 39
46 147
37 117
124 24
136 9
95 84
2 192
106 148
170 21
124 104
70 120
137 46
99 120
87 130
122 196
198 114
97 48
182 119
198 185
119 144
3 192
184 60
47 102
151 196
68 161
93 144
153 171
82 124
187 192
11 98
124 195
68 136
134 123
2 3
118 181
22 129
147 175
113 54
47 2
139 182
174 123
178 132
32 73
75 66
181 37
143 3
123 146
162 35
195 56
0 9
3 193
196 66
20 94
156 84
109 28
82 167
165 62
13 66
10 111
147 47
10 163
96 89
129 43
2 71
83 57
54 153
104 73
22 192
46 71
191 74
189 42
197 199
36 195
148 137
183 128
77 177
157 175
100 111
159 158
59 126
18 68
98 165
42 34
151 131
130 123
146 93
59 6
103 147
25 82
113 44
52 182
183 126
54 82
12 82
164 191
6 147
108 103
88 123
116 32
171 151
43 7
189 119
42 80
63 167
166 122
125 198
104 101
52 49
50 186
7 171
51 101
79 97
68 15
138 103
148 75
59 146
22 188
95 195
144 25
0 130
159 155
39 104
35 89
144 170
109 39
154 198
66 12
165 29
9 138
50 181
72 190
142 128
99 104
165 163
190 77
58 178
8 170
11 192
111 114
80 7
55 0
135 114
198 167
89 150
11 73
167 168
62 131
78 179
2 157
88 143
70 10
68 28
54 62
45 0
121 60
59 47
56 155
3 118
1 51
173 34
178 55
15 187
113 143
30 170
32 17
113 120
168 133
79 142
52 175
73 128
146 20
81 103
55 132
92 170
34 64
60 170
3 110
90 172
23 111
142 91
101 116
60 13
18 135
104 151
11 18
7 41
30 197
28 183
168 38
105 131
179 112
98 41
142 54
123 101
56 168
103 46
176 140
97 191
31 173
163 75
154 4
8 193
25 79
139 150
29 143
135 124
166 151
98 183
32 52
111 69
5 116
158 66
145 194
48 154
90 167
111 83
118 60
194 51
102 42
126 132
89 25
41 173
4 120
100 156
37 131
21 88
110 194
198 166
95 105
190 37
145 39
35 144
157 172
18 85
164 195
57 7
33 111
2 186
156 133
12 27
3 45
26 138
124 4
50 36
147 88
113 171
188 178
160 184
194 168
31 61
123 166
124 164
168 87
172 155
174 185
44 158
173 92
167 142
88 64
0 50
161 98
161 164
101 89
119 31
128 108
3 67
102 5
107 143
162 148
108 6
170 99
92 135
187 150
163 60
147 35
132 135
44 58
182 80
6 87
9 2
30 184
57 11
93 17
124 12
14 90
1 93
98 132
55 198
106 110
104 8
28 182
173 199
170 85
85 9
32 193
113 196
93 112
2 66
108 172
80 53
164 45
159 82
137 43
80 151
162 69
184 58
144 137
18 109
36 90
193 30
188 115
123 192
112 144
15 173
137 150
15 58
14 60
86 57
21 50
3 36
159 131
36 8
54 22
98 181
36 18
24 21
193 81
187 12
157 109
172 65
50 115
63 138
109 100
54 33
183 148
44 105
64 11
147 177
180 156
136 167
62 126
66 88
162 36
20 13
53 11
30 69
64 161
160 32
188 162
49 197
138 128
199 169
77 50
174 171
107 7
148 24
191 127
57 38
69 124
121 91
47 197
17 70
10 87
144 64
125 78
108 123
181 99
140 148
80 70
77 96
13 67
22 5
181 126
142 149
117 124
95 128
196 129
110 125
163 32
111 24
86 181
109 135
193 77
15 64
176 96
40 76
24 118
75 176
172 48
37 41
173 81
102 74
21 9
31 12
72 145
74 170
0 125
115 120
157 24
71 5
137 180
98 26
136 115
98 70
72 168
44 199
83 95
87 142
143 129
19 179
100 21
40 119
137 174
70 12
132 186
149 6
115 157
23 93
26 162
29 153
158 136
156 104
159 121
14 161
72 83
145 172
30 62
72 107
158 131
150 170
91 114
48 135
156 28
98 110
96 174
31 33
164 33
33 29
80 16
76 12
131 186
78 88
136 74
112 183
118 88
141 144
35 118
83 8
43 74
109 162
107 25
84 141
69 104
7 92
9 187
91 190
172 73
85 123
28 166
3 89
90 41
155 134
95 174
177 98
91 0
154 90
80 154
96 166
7 118
10 191
108 101
90 21
89 59
55 12
96 178
43 55
108 105
123 178
85 129
140 101
107 112
122 165
91 124
164 178
106 104
41 199
137 128
172 40
172 133
163 97
44 79
157 194
16 42
100 35
78 4
151 18
28 194
119 196
113 59
140 193
31 174
179 103
114 65
56 41
72 111
119 59
100 115
17 76
79 180
59 103
33 166
61 13
188 75
27 161
81 45
198 24
135 22
1 40
105 88
159 33
79 127
144 88
8 169
164 23
193 86
187 91
136 143
45 140
124 68
100 49
100 17
97 182
84 24
72 7
196 167
62 29
62 36
168 37
41 45
108 85
53 139
153 55
148 37
150 122
64 71
129 111
123 57
74 25
60 183
94 133
166 21
171 84
4 181
56 177
6 111
6 49
9 117
18 128
104 60
195 63
52 6
164 106
182 29
159 8
103 22
189 193
13 138
193 164
100 78
22 157
91 63
57 193
172 83
66 174
16 0
136 100
60 135
45 175
158 119
77 45
10 54
70 195
47 105
79 125
143 42
86 23
93 4
186 47
80 189
154 185
111 144
112 149
33 139
28 60
129 149
29 79
120 196
93 110
21 83
137 32
102 79
120 153
76 38
20 16
103 159
147 144
69 180
23 117
119 53
25 51
1 85
140 51
178 84
92 44
102 194
5 156
136 187
77 189
88 13
9 102
2 187
21 168
65 111
175 67
105 48
7 67
15 157
146 15
182 135
161 142
186 98
106 124
6 69
141 31
105 20
21 106
3 38
122 168
156 46
73 196
26 152
54 58
132 35
146 89
47 65
122 185
100 155
58 66
172 85
11 43
38 10
187 33
140 191
71 26
51 9
181 47
148 35
6 188
157 103
70 8
143 66
12 0
112 20
85 102
110 53
124 146
30 182
91 38
37 91
50 145
32 150
102 81
42 40
148 6
136 112
122 102
45 62
87 120
36 151
139 177
74 7
80 82
122 176
0 14
130 178
190 54
70 99
58 81
196 126
71 41
164 134
75 117
10 3
92 32
145 147
103 78
160 142
187 34
180 187
26 15
125 127
113 197
121 43
63 78
90 132
14 118
92 168
138 193
112 168
89 69
161 141
131 31
122 43
99 137
110 169
85 194
49 132
95 163
139 111
144 29
69 8
94 81
132 156
177 113
186 54
194 25
188 161
187 67
184 57
155 177
129 125
103 104
43 103
87 121
30 88
174 102
192 186
126 172
179 176
107 5
6 168
12 65
181 188
141 181
24 96
22 107
83 61
14 171
16 174
139 27
86 78
76 8
115 67
129 17
43 77
84 197
167 69
94 155
116 108
26 61
140 183
90 55
129 9
105 177
152 195
0 164
121 96
103 48
136 8
182 36
177 67
155 90
158 84
144 152
137 147
187 60
140 177
41 117
28 176
73 131
108 137
195 122
84 120
9 73
53 140
180 72
103 123
185 149
101 166
59 43
104 58
174 65
55 101
158 182
161 145
106 103
11 75
16 169
51 74
173 90
145 80
128 32
170 14
106 38
166 85
149 114
174 170
141 46
63 102
65 38
195 54
51 126
32 112
11 140
194 119
142 136
84 173
85 190
144 67
52 21
197 68
138 67
177 181
71 36
68 187
179 62
179 12
137 162
196 169
139 135
165 35
191 167
25 139
182 84
115 192
1 36
25 10
90 57
38 182
31 35
195 42
82 38
127 57
164 7
73 191
39 175
81 42
186 104
123 45
17 40
57 26
179 158
54 67
64 125
135 186
69 10
95 3
24 72
171 26
72 125
133 157
182 94
63 199
87 50
174 39
193 79
86 191
140 112
169 96
38 198
109 53
80 3
70 115
190 189
26 16
52 5
18 195
91 71
142 64
80 69
185 114
23 197
146 76
26 190
104 86
15 28
118 36
161 36
106 95
41 180
78 73
175 50
26 62
30 94
89 181
149 22
28 85
3 180
80 57
128 123
112 48
162 25
185 68
143 24
24 191
174 21
149 131
82 49
119 12
176 57
82 160
180 147
199 37
196 13
147 36
147 102
46 60
88 3
107 187
94 51
58 57
169 116
8 102
2 18
176 149
125 193
144 83
73 140
158 19
19 113
72 12
162 92
126 167
49 187
157 177
21 176
143 117
87 83
198 177
141 60
9 78
4 17
146 121
34 87
98 18
87 53
63 151
30 196
40 96
128 141
10 120
46 98
93 94
73 153
195 29
64 96
73 174
176 41
72 129
61 38
111 38
188 36
27 13
165 194
128 98
140 170
193 131
115 166
98 194
173 123
20 41
195 72
150 180
177 197
61 11
148 197
165 161
185 66
181 72
158 162
19 103
66 123
134 87
74 24
190 73
50 118
102 161
13 33
85 98
97 102
66 167
101 103
38 2
161 172
158 5
193 96
191 81
54 149
170 176
58 110
68 96
123 162
184 13
69 139
131 59
126 160
6 127
86 115
85 16
0 142
114 123
190 49
149 195
71 57
66 100
143 92
98 73
65 197
199 183
31 62
44 183
88 173
57 185
180 74
123 54
60 31
87 181
183 165
3 138
84 168
24 81
131 49
194 132
58 157
34 33
16 92
60 196
74 82
174 163
134 33
152 77
190 24
165 16
135 17
94 130
32 36
14 43
192 93
32 37
41 154
29 55
21 61
103 165
49 105
70 133
115 134
106 171
51 190
164 129
157 166
146 65
153 102
68 79
48 113
158 143
194 45
194 187
117 63
164 199
5 99
161 198
151 23
108 171
161 180
136 105
124 158
71 92
129 14
78 60
96 52
152 72
164 142
61 169
17 16
151 95
133 184
189 159
74 87
185 129
181 156
77 147
191 95
108 110
39 152
160 189
187 41
151 183
137 81
191 130
149 17
44 100
190 186
134 51
49 142
35 92
104 78
80 14
156 122
103 122
133 164
108 57
96 25
192 163
78 34
166 170
112 74
183 178
7 61
76 80
64 198
157 193
186 63
32 135
0 43
180 169
105 77
127 29
67 84
83 160
138 127
26 25
139 29
77 153
177 7
132 109
2 95
190 174
154 66
99 132
138 194
31 156
126 30
42 153
166 5
83 54
25 80
3 151
194 114
155 151
38 108
74 103
111 149
167 144
18 15
141 189
145 40
149 194
117 123
76 125
173 190
182 133
136 54
86 39
135 183
90 110
172 123
178 145
70 137
130 137
85 155
17 152
72 78
191 80
101 156
49 32
50 78
183 93
50 166
26 118
73 148
134 157
42 54
10 99
68 98
64 169
90 17
165 46
190 176
195 3
104 10
122 22
92 23
65 22
78 195
73 136
24 54
170 77
99 131
197 77
161 127
0 100
186 24
156 32
89 42
114 11
129 83
114 16
100 72
145 113
39 93
100 70
152 179
147 182
131 136
170 89
183 7
124 157
160 147
3 86
48 132
127 151
79 164
55 74
172 25
191 78
26 140
43 123
120 108
9 182
120 66
1 29
114 90
59 168
45 117
71 115
40 153
32 70
143 23
87 126
197 153
89 85
176 196
20 17
24 79
155 62
173 35
104 32
109 22
73 179
1 7
176 93
70 64
105 65
146 71
74 11
115 45
115 180
52 29
135 190
72 167
39 157
130 129
183 27
91 191
152 59
93 191
175 114
142 166
159 168
127 135
191 183
5 173
185 18
9 48
171 80
134 35
104 36
151 145
26 86
105 127
58 130
70 187
58 199
101 124
29 30
127 44
12 118
22 119
71 186
84 184
92 113
88 131
46 80
14 105
14 87
194 112
84 78
53 8
93 2
178 139
72 130
69 108
199 71
191 45
77 160
112 127
15 32
70 112
185 187
119 155
175 81
146 164
23 9
120 3
15 136
28 54
141 70
111 101
30 21
164 61
135 143
100 137
177 118
149 63
185 82
38 85
110 132
171 90
141 111
95 39
7 24
22 104
33 59
43 97
136 165
123 17
103 194
18 71
41 16
97 117
100 33
169 13
161 195
68 9
144 62
151 82
110 192
47 91
0 79
47 54
83 153
196 125
61 62
182 190
26 10
167 53
185 192
169 12
191 121
96 75
96 81
171 31
36 52
4 155
187 138
193 171
151 53
18 186
30 179
46 106
194 47
40 94
153 148
41 134
170 190
39 141
45 19
142 5
185 168
37 25
42 2
186 185
10 100
118 71
9 64
165 51
32 149
64 148
71 134
183 2
4 168
140 67
147 60
21 34
125 185
158 93
115 174
118 93
18 20
33 162
4 101
84 64
141 153
135 42
143 81
72 23
12 23
19 44
76 115
126 182
51 66
132 103
20 127
109 12
58 69
97 121
144 127
181 176
57 4
53 152
193 50
56 112
56 151
67 66
153 132
21 16
116 53
179 81
172 4
63 29
169 1
158 102
169 50
180 159
4 111
89 191
193 9
57 76
53 175
159 81
88 89
52 113
159 179
155 171
188 30
66 180
153 149
57 74
51 70
97 119
132 83
136 91
170 58
186 169
17 138
49 81
107 115
38 63
73 166
131 137
145 48
7 123
45 51
197 79
76 67
137 18
26 164
117 83
96 196
63 142
82 63
163 168
150 132
84 103
35 102
53 39
155 41
179 50
11 86
161 22
100 81
64 150
36 99
80 185
41 61
171 47
115 160
173 167
84 49
59 49
143 4
79 148
22 34
164 172
62 27
32 19
63 127
134 77
67 90
124 143
19 77
97 160
151 148
143 171
193 141
65 46
97 81
110 68
23 89
5 132
0 47
198 118
151 68
167 27
122 135
14 91
130 112
157 130
145 81
140 104
20 5
120 42
69 73
37 112
63 90
50 12
41 118
27 102
95 77
150 186
66 46
114 103
19 121
87 11
73 10
165 10
32 65
34 77
14 110
66 113
69 159
74 197
67 64
141 65
77 83
38 116
50 153
106 146
185 195
142 118
52 91
187 46
48 133
59 163
99 148
5 94
137 12
104 93
11 120
126 29
183 118
20 199
12 101
89 119
130 41
108 24
96 186
7 101
26 136
131 101
51 125
192 190
124 107
115 31
131 181
83 105
173 25
86 113
46 168
34 49
87 28
184 69
166 2
41 121
188 122
7 96
67 157
55 56
165 85
181 100
163 135
2 39
193 108
8 82
151 160
181 18
14 93
109 92
24 26
174 187
122 87
135 15
171 60
112 182
73 162
77 131
194 71
142 27
7 112
138 21
23 8
176 197
199 40
68 32
34 134
53 45
59 100
76 4
112 120
114 60
190 39
25 191
178 142
37 133
80 94
15 128
20 62
4 152
48 136
146 194
44 91
12 123
154 199
66 111
75 55
38 51
189 37
190 11
159 51
68 57
29 128
45 189
162 160
110 191
123 148
24 40
39 18
178 149
94 53
178 85
148 199
45 44
183 34
163 149
64 32
181 59
81 144
171 72
138 131
130 188
97 195
190 97
117 169
59 137
157 149
19 167
142 172
102 162
179 77
31 182
162 8
167 8
166 100
148 15
33 160
149 113
79 9
100 121
80 78
104 155
112 128
176 121
18 117
12 18
112 96
182 150
113 146
140 103
67 117
158 135
81 123
30 65
41 17
8 73
44 34
170 102
31 103
168 55
91 9
84 149
152 146
96 198
39 76
72 192
101 132
162 18
144 23
112 123
6 36
136 199
138 5
52 15
158 110
100 146
67 69
20 180
193 71
1 49
34 122
181 192
49 167
176 112
192 6
165 188
113 68
156 56
198 4
20 96
13 113
156 39
31 22
3 132
167 5
115 151
46 35
119 78
171 48
100 30
89 156
59 94
155 50
126 130
128 177
185 62
26 195
187 153
127 83
16 122
126 137
157 37
20 69
130 142
104 177
78 199
134 153
137 102
124 134
115 32
64 152
135 160
101 169
30 23
128 44
141 152
143 122
37 51
95 9
64 104
144 125
53 156
89 198
43 126
31 81
27 144
59 50
188 23
110 144
149 37
172 80
53 120
173 43
144 71
133 100
14 23
162 13
172 109
102 143
39 120
104 172
41 85
116 17
182 81
61 3
12 85
8 25
1 104
29 70
44 87
92 19
21 178
150 90
138 170
95 71
92 131
17 144
94 107
58 193
104 131
98 174
72 184
156 178
49 47
70 93
24 173
48 68
44 89
183 56
157 70
186 92
107 116
55 65
75 58
21 161
174 84
36 197
70 194
141 64
27 118
77 194
92 142
15 167
29 120
31 145
180 176
58 3
127 171
179 61
154 197
115 148
109 10
168 153
130 83
178 56
82 113
74 176
49 2
64 87
186 149
84 122
123 31
131 51
24 90
193 111
4 116
73 91
55 48
23 101
55 197
156 47
27 123
114 186
103 118
55 196
146 55
154 113
81 74
81 114
152 115
31 20
60 173
161 153
188 63
143 190
73 74
169 158
129 8
177 87
140 41
125 136
194 44
177 160
62 60
61 184
12 198
104 90
153 33
128 21
64 8
155 192
184 181
29 197
186 134
55 67
74 143
12 195
129 177
181 138
104 178
137 138
114 101
121 105
106 144
184 59
47 199
160 180
60 120
20 79
12 180
18 123
12 34
20 141
0 133
72 113
70 67
111 70
138 79
25 136
94 101
2 170
16 164
179 34
49 172
84 97
25 11
177 159
24 120
86 76
100 38
90 156
58 78
26 8
162 95
170 142
142 89
198 100
40 102
26 30
196 18
43 92
2 190
77 161
68 100
147 195
88 115
8 46
137 176
182 132
6 191
154 180
151 71
146 88
14 32
102 163
136 181
171 167
173 38
72 143
68 69
89 72
65 102
146 91
136 40
175 130
96 3
193 84
129 173
31 129
28 110
43 44
176 177
112 3
10 81
118 145
159 74
113 50
22 78
152 40
147 45
184 158
165 192
26 149
121 144
117 187
32 192
33 46
8 115
88 121
156 19
185 39
146 77
120 142
131 74
63 4
155 87
88 168
159 199
5 56
70 175
164 19
76 20
45 24
147 30
48 143
23 64
166 38
135 95
36 94
187 166
79 76
63 115
8 11
0 26
55 150
65 131
196 192
87 7
182 180
165 108
162 178
182 103
109 167
180 10
81 70
182 86
85 7
22 40
149 190
4 53
45 39
0 126
158 39
115 7
172 131
26 175
89 169
100 114
45 1
45 168
140 110
107 125
134 156
98 158
81 79
164 74
142 68
75 191
12 139
187 48
20 29
25 63
41 135
192 199
51 27
61 158
89 113
14 128
53 173
90 124
77 99
45 155
106 7
140 34
137 139
196 70
81 33
16 32
26 117
94 177
180 101
17 121
43 170
21 144
35 131
79 198
140 80
91 176
190 62
89 105
59 157
88 150
88 43
9 150
188 92
173 187
62 82
180 113
102 66
69 192
150 129
81 52
108 125
91 102
166 134
52 70
56 164
66 16
84 51
97 109
43 134
49 85
196 149
55 38
132 97
179 55
67 129
176 7
2 161
54 152
184 146
166 14
138 162
4 55
7 129
64 5
180 181
106 14
37 173
65 45
129 57
103 172
181 197
121 120
166 111
110 66
155 83
178 117
108 42
125 143
83 22
1 18
156 187
129 68
174 33
43 198
163 93
128 171
91 99
122 94
93 30
175 76
66 108
87 163
10 140
158 165
19 10
50 158
124 5
184 18
42 71
51 180
31 86
51 187
192 109
174 129
69 137
66 197
40 26
114 177
29 132
19 55
47 145
10 32
122 153
98 141
88 101
136 55
98 43
29 35
58 85
0 120
158 122
73 54
197 17
32 38
47 92
39 117
135 55
47 41
76 182
108 92
20 124
173 77
103 170
140 128
45 141
59 78
90 100
100 113
89 76
97 20
121 27
176 40
113 3
165 64
73 62
57 87
175 5
181 84
28 84
124 155
54 66
148 84
96 155
191 113
135 98
139 158
171 62
36 86
63 26
7 35
141 62
59 123
157 56
152 184
183 113
34 157
106 75
197 122
39 61
148 74
114 43
152 19
159 17
173 131
35 24
37 36
109 63
110 130
27 108
197 15
24 9
53 32
11 1
92 20
74 48
70 168
21 77
147 183
39 199
72 148
57 49
70 94
101 184
52 193
155 39
199 86
119 93
86 81
170 172
133 13
150 13
38 21
18 37
102 83
20 10
76 122
161 121
61 54
129 62
98 31
15 181
111 137
67 77
163 23
167 24
76 93
109 138
148 159
187 163
185 12
29 199
9 60
39 187
108 189
149 109
17 147
30 148
115 124
69 176
69 193
44 172
37 128
71 98
151 149
0 83
67 165
118 53
138 144
70 185
18 45
63 66
26 88
134 183
178 53
144 198
123 3
79 70
65 106
47 34
60 153
157 21
30 129
54 95
32 21
85 193
146 72
87 131
42 56
88 107
174 58
2 180
91 123
173 76
66 14
139 1
155 153
126 48
16 63
177 150
68 109
78 184
148 187
11 68
148 10
194 184
168 78
42 53
26 198
6 72
1 171
169 44
2 152
21 156
89 193
156 43
26 145
70 105
83 195
66 147
24 145
83 43
138 152
167 33
24 180
5 127
76 102
164 20
77 184
55 147
4 8
155 29
49 106
144 160
93 106
90 2
68 106
18 156
46 160
34 29
13 9
33 18
1 192
198 31
17 132
169 23
99 50
139 96
163 194
140 180
122 130
156 52
118 66
150 157
129 103
123 142
198 142
49 26
167 164
113 137
171 138
120 50
101 38
22 120
104 79
151 15
90 178
198 52
53 187
141 27
103 75
137 107
144 171
112 81
185 9
172 28
167 97
27 127
120 122
195 11
31 117
7 147
79 3
54 64
32 188
108 72
147 114
44 35
51 136
122 62
29 106
85 198
29 84
29 91
39 182
103 139
96 49
187 32
151 192
145 186
186 122
82 127
159 167
121 52
17 48
154 50
71 195
57 131
53 106
52 67
193 194
99 169
81 148
135 133
101 197
112 60
73 90
196 14
105 142
52 110
75 118
58 115
81 56
153 138
150 93
126 155
60 142
172 191
3 34
155 142
112 192
138 56
142 3
133 1
119 172
108 115
27 40
85 6
87 97
141 71
84 124
173 79
92 181
18 40
134 198
0 170
111 20
146 110
49 166
52 151
82 42
57 106
67 58
0 18
121 80
48 130
47 17
133 73
120 151
189 147
37 120
118 196
33 1
146 82
86 145
125 167
104 74
96 63
7 19
51 199
13 16
37 159
18 119
130 159
179 196
18 170
165 37
119 147
192 137
107 29
82 164
64 10
103 50
46 30
149 55
100 126
167 111
189 48
46 79
147 128
4 136
165 176
79 59
196 144
87 178
182 102
169 46
67 18
194 189
169 103
179 114
90 186
45 180
49 42
48 27
166 159
197 168
103 87
65 171
148 157
153 118
163 145
43 111
8 187
4 150
109 186
178 73
41 73
192 18
157 138
13 164
180 5
50 192
52 139
80 75
82 17
46 127
14 115
48 184
20 98
50 101
61 79
113 4
175 44
3 187
155 27
156 30
63 110
69 15
126 164
89 145
196 180
102 51
15 66
106 140
87 183
180 94
177 108
118 121
149 168
155 49
76 31
11 156
47 36
20 8
87 52
47 122
42 151
183 63
63 8
109 29
68 0
94 62
192 83
151 197
189 59
53 180
67 145
32 75
7 90
111 82
148 88
75 112
107 139
89 62
145 192
160 11
58 102
96 195
54 104
54 35
27 194
156 57
12 112
198 0
183 57
176 89
29 186
107 40
195 59
183 96
100 98
174 180
173 17
62 111
104 59
197 43
73 21
80 81
180 61
17 189
62 35
45 177
163 188
30 109
188 148
172 162
131 141
181 71
77 41
68 75
55 102
94 197
77 82
109 83
124 196
142 97
95 32
16 70
61 36
85 115
166 88
113 111
173 85
143 55
134 61
29 69
70 193
29 194
131 175
90 103
57 19
69 96
166 172
173 153
143 104
49 88
193 143
42 124
21 109
137 68
19 3
173 28
147 4
128 57
164 151
161 177
35 160
135 99
162 153
188 110
122 179
36 143
51 117
10 24
93 8
142 110
158 82
30 124
118 90
35 98
153 107
5 29
195 86
38 69
49 189
117 198
193 137
134 79
16 1
38 53
180 168
82 195
104 43
94 9
177 42
195 119
143 153
56 39
128 34
137 160
126 165
10 123
141 107
138 41
3 105
94 31
155 75
32 121
164 31
22 59
44 129
185 86
63 64
135 106
169 194
154 59
165 30
5 13
85 104
77 92
69 34
76 27
108 145
101 14
83 40
173 73
190 179
22 12
5 95
22 53
106 89
149 118
28 41
181 163
136 160
162 37
18 73
139 76
9 80
147 163
150 92
59 112
71 140
123 61
49 168
88 51
76 66
183 9
106 145
87 152
189 10
104 52
59 24
59 74
154 95
174 124
86 173
195 115
26 102
0 134
17 141
143 154
13 97
73 187
195 192
180 8
170 149
51 59
44 21
142 56
187 23
75 60
87 19
71 196
189 99
96 161
128 0
54 166
66 90
166 67
112 142
150 121
157 183
22 90
33 194
10 95
71 28
188 26
107 102
84 36
34 142
144 142
55 93
13 187
62 157
183 189
14 192
125 8
39 38
42 86
66 148
161 103
60 105
195 15
124 99
77 126
178 194
165 53
135 67
175 51
177 133
112 141
83 16
141 167
175 160
143 86
124 123
142 69
14 145
97 1
41 160
162 60
112 150
87 82
166 9
194 104
34 80
30 90
100 99
51 196
44 173
39 127
38 190
189 157
163 54
28 199
24 1
110 134
60 107
119 121
137 122
30 73
133 190
5 89
43 100
113 32
196 165
62 11
171 34
44 49
196 162
79 152
4 129
133 112
17 179
139 151
25 105
173 23
127 195
41 198
158 34
87 133
185 138
33 120
87 25
186 119
15 179
66 122
77 25
6 14
148 98
169 124
18 190
80 159
35 38
127 37
166 139
127 10
161 150
169 163
148 42
121 189
136 195
37 0
64 149
91 168
6 185
38 128
183 11
82 59
144 194
54 87
86 190
23 58
139 171
183 159
68 154
45 120
108 166
34 8
61 181
103 99
146 157
160 143
143 65
191 133
131 8
5 184
192 36
57 40
178 35
57 186
152 27
21 169
192 154
15 76
181 33
196 1
115 49
142 77
178 150
46 49
47 8
120 35
119 43
95 30
62 187
71 163
106 84
128 78
162 143
93 161
112 181
178 83
61 98
183 184
157 7
114 51
174 36
84 152
121 135
68 196
2 17
6 62
9 179
25 124
182 23
33 17
181 111
88 172
32 164
94 108
101 40
39 194
169 22
180 119
49 154
124 127
63 14
195 27
77 28
194 133
162 155
106 2
134 107
65 125
6 131
31 107
116 164
108 140
68 5
175 116
31 64
106 182
47 82
34 7
31 158
62 199
1 56
91 82
81 113
82 16
83 163
110 160
156 55
21 14
90 128
94 78
159 106
60 128
154 147
50 7
96 46
126 159
72 79
99 82
139 68
128 116
78 39
112 24
82 143
132 65
127 104
16 118
89 160
44 48
40 112
134 83
121 103
188 14
118 74
31 183
144 143
23 46
14 98
57 52
190 161
169 51
75 93
24 169
31 82
54 4
40 143
39 115
137 172
108 153
129 70
145 11
167 154
2 32
11 117
46 181
189 84
155 143
126 81
134 120
27 116
22 146
101 75
157 188
102 154
12 30
108 37
3 139
177 71
47 32
148 122
76 82
94 159
136 45
31 192
136 22
184 39
188 28
63 130
131 19
198 3
153 52
55 133
191 114
133 26
39 16
39 124
160 39
37 15
103 6
60 55
152 132
24 149
115 139
144 10
117 191
194 148
105 182
104 18
115 132
18 47
44 123
153 172
30 167
42 94
155 32
43 28
158 55
108 169
130 42
27 137
151 93
140 91
82 88
163 161
134 27
7 62
188 34
99 151
116 96
13 148
99 144
105 125
119 56
1 98
117 164
130 143
91 174
125 45
22 27
172 122
168 137
25 91
108 196
149 103
195 199
47 114
90 15
115 65
81 135
30 105
79 163
18 193
184 89
142 19
11 12
113 47
76 134
38 183
20 119
173 130
160 178
161 18
198 165
131 115
130 170
80 67
84 123
104 125
63 40
141 67
112 175
85 52
83 140
24 146
62 51
133 11
94 72
61 55
18 96
70 150
43 174
91 27
55 148
81 111
86 13
36 111
165 11
130 187
118 100
158 164
66 112
124 198
81 122
33 23
81 38
38 197
52 145
36 149
50 11
90 191
103 30
180 60
118 171
181 171
189 162
172 68
71 136
9 175
149 101
33 155
103 93
140 30
131 118
30 54
174 40
109 189
164 97
46 29
132 190
16 117
68 127
143 1
103 97
115 153
34 26
150 87
52 144
7 78
95 190
4 20
71 130
79 170
181 168
34 15
19 26
173 74
76 110
125 49
123 165
150 108
1 117
192 91
27 198
131 10
73 102
57 42
185 28
160 183
182 74
82 191
188 160
158 47
27 16
40 58
94 168
98 106
176 198
131 168
26 46
101 34
175 117
50 123
49 140
15 30
63 98
37 94
138 183
2 40
80 0
146 151
174 25
115 191
54 96
173 59
49 80
51 163
73 129
13 36
36 124
106 80
138 182
17 14
59 161
106 158
90 192
11 70
192 23
148 91
83 133
32 72
166 98
96 41
183 110
123 75
104 111
13 114
100 135
182 49
89 29
139 87
161 33
50 27
1 21
180 83
176 92
175 176
153 97
69 92
15 172
85 120
31 18
52 61
13 47
52 92
162 139
109 37
123 33
57 147
16 8
57 112
75 79
47 99
92 31
37 163
107 30
162 61
76 58
63 48
158 73
199 93
4 107
194 87
29 87
150 34
169 30
27 44
144 133
33 188
165 71
123 111
13 161
74 66
75 38
139 17
112 16
179 87
56 124
29 178
101 37
84 40
21 160
44 130
49 15
48 31
156 196
167 101
78 192
47 14
33 138
104 25
8 110
26 125
174 150
185 162
38 186
134 42
182 20
133 85
56 130
95 18
169 95
192 10
13 118
111 126
196 8
151 13
9 61
13 105
10 185
143 49
21 104
124 183
182 151
143 2
94 127
138 184
151 61
61 143
95 93
136 103
190 144
51 139
83 186
157 198
86 35
166 105
177 167
48 28
24 37
190 165
109 81
131 28
103 175
109 59
174 107
108 82
190 58
31 47
162 186
99 3
118 102
97 139
93 113
6 197
99 23
97 29
29 198
39 80
65 139
77 138
109 58
109 99
33 75
61 66
87 71
50 58
74 83
179 93
16 36
87 93
103 69
169 53
16 73
26 58
10 83
171 116
38 66
7 75
141 92
188 10
71 55
20 175
46 142
79 178
36 146
55 177
183 65
145 197
58 117
7 180
187 64
142 104
104 33
128 69
48 199
85 149
198 68
95 66
86 8
171 96
14 28
173 29
182 137
84 144
152 183
25 61
167 110
181 35
133 165
121 72
35 36
36 106
108 62
172 71
163 195
118 150
192 68
181 160
61 99
139 144
61 199
72 69
33 30
156 33
177 38
53 12
39 27
152 178
115 154
131 26
177 188
93 162
105 54
197 191
54 46
54 65
22 4
49 188
141 16
172 169
117 90
100 54
27 199
179 115
185 172
193 31
185 111
103 26
179 43
82 44
164 112
66 178
178 165
1 2
160 71
149 162
91 88
58 192
114 176
0 57
148 111
174 87
120 114
190 159
159 110
65 62
184 26
95 26
161 116
42 128
103 66
112 77
143 56
175 102
21 93
90 106
35 78
65 84
120 49
193 5
111 110
71 8
131 12
24 188
1 61
9 169
60 101
42 167
195 48
22 198
49 54
185 136
78 151
152 155
60 91
46 45
13 3
21 66
145 131
108 162
161 79
121 35
121 196
21 19
143 198
67 136
95 31
106 181
115 74
40 109
36 125
94 105
121 36
24 87
129 46
59 132
163 33
98 112
174 11
173 39
94 194
92 194
100 179
55 120
83 24
54 138
62 134
111 22
191 189
43 41
158 115
89 144
93 108
167 78
38 67
172 39
183 172
149 43
79 175
128 122
4 98
124 59
167 83
109 42
86 144
168 95
166 149
53 150
176 5
61 0
55 112
157 169
171 75
197 125
162 159
38 37
41 34
45 186
38 160
163 73
149 66
108 121
199 84
30 74
95 139
99 43
191 143
74 183
111 183
31 96
117 27
9 99
96 92
173 13
78 98
151 188
38 155
82 141
21 131
186 9
168 29
80 56
32 196
152 128
92 39
35 186
112 25
31 9
57 81
185 60
24 20
18 149
14 25
76 62
2 172
195 132
163 17
128 176
99 60
165 138
147 122
28 138
38 41
130 184
94 125
10 23
184 186
139 73
69 114
33 145
115 118
31 137
148 135
133 39
54 90
126 149
56 52
134 135
27 190
183 188
39 3
126 47
111 91
25 0
60 127
156 87
76 186
112 106
86 139
134 132
33 40
114 192
128 53
21 173
47 160
11 77
125 24
183 51
130 22
123 159
33 77
85 29
66 39
30 83
152 95
51 98
75 197
131 160
177 199
164 60
89 141
27 149
118 45
101 22
32 33
34 17
8 2
24 98
146 108
51 22
65 152
192 180
175 125
5 11
172 141
47 88
87 132
68 78
88 196
58 175
10 94
94 97
4 3
142 47
49 83
27 168
165 149
129 47
22 61
133 146
44 146
20 178
118 82
33 185
177 75
125 48
146 195
146 142
84 87
194 158
127 162
199 43
20 193
21 89
32 184
48 6
38 42
116 98
8 148
70 136
182 108
122 193
119 86
11 14
117 53
75 49
159 12
70 66
159 100
94 57
167 84
140 8
165 50
43 35
126 151
125 116
166 20
193 16
87 23
57 101
152 98
61 144
186 110
36 30
37 59
163 134
134 6
109 15
28 135
50 34
183 173
131 148
126 192
87 88
87 176
53 92
4 44
102 60
129 77
162 130
26 196
31 127
138 174
180 166
151 41
153 186
56 13
139 104
85 162
94 73
102 164
196 44
162 28
183 164
135 29
172 72
22 177
42 10
193 35
165 180
199 98
125 183
38 144
151 35
41 195
73 6
77 35
152 80
14 194
110 184
182 90
67 42
40 56
52 154
94 83
72 178
133 63
65 67
9 190
141 30
29 42
163 89
124 187
108 186
183 86
126 115
196 195
173 116
166 138
181 127
12 156
150 22
62 3
159 149
18 83
107 178
9 121
130 158
195 52
109 194
12 99
8 91
104 19
97 47
37 154
135 155
96 187
111 159
23 161
116 41
196 143
24 46
96 44
27 128
32 109
175 172
163 1
15 5
20 188
72 193
106 101
70 14
196 31
141 7
29 26
68 168
143 106
169 36
52 62
34 130
110 57
107 151
21 158
91 118
140 46
98 82
166 87
193 139
98 16
44 53
118 11
84 41
129 114
61 60
9 72
14 20
61 191
87 79
54 118
116 21
1 9
165 6
100 189
88 77
170 194
192 15
185 184
17 15
189 69
20 110
134 90
90 102
180 177
146 153
150 176
6 133
147 121
196 49
84 6
83 84
88 136
19 74
114 55
114 56
22 60
109 61
38 126
178 113
134 118
153 26
167 151
15 87
147 23
147 161
197 11
48 185
99 140
117 151
171 3
3 7
151 25
34 144
170 132
34 196
14 159
167 51
39 151
123 30
111 31
170 86
120 185
184 47
179 65
33 130
58 35
112 193
47 108
112 146
193 37
118 2
119 0
23 16
139 185
146 49
176 191
17 62
178 48
148 193
100 57
83 181
48 148
174 86
165 174
93 102
140 16
101 31
97 183
127 178
198 113
89 130
196 131
123 164
78 28
105 169
1 116
146 4
7 76
144 150
134 167
165 1
42 83
72 156
170 122
180 13
29 138
138 102
115 6
26 143
175 136
126 55
83 13
151 6
37 169
121 0
112 126
27 43
160 195
86 169
93 85
192 113
104 199
68 157
151 72
13 175
139 168
131 183
9 14
67 196
78 176
43 185
195 8
125 42
177 46
175 37
153 14
0 64
3 168
158 17
184 111
12 49
0 21
120 48
74 15
72 191
163 62
46 144
22 0
146 67
39 48
37 8
63 128
26 169
184 20
112 104
25 195
13 183
145 64
52 148
152 46
43 153
54 86
16 86
129 95
72 54
171 170
144 129
9 127
81 11
150 147
37 89
58 118
150 43
133 44
130 117
174 63
193 124
73 38
34 107
163 158
188 77
100 172
148 129
28 115
151 173
12 79
25 187
53 138
68 166
59 133
194 4
184 37
129 145
88 40
167 52
8 197
191 22
52 24
66 171
109 142
184 3
88 199
13 168
94 34
20 153
5 6
24 97
96 0
58 181
121 141
181 91
179 96
6 75
45 188
174 154
84 151
73 118
155 178
36 158
138 150
49 63
127 126
4 153
77 73
0 6
130 147
11 127
120 76
191 66
41 131
43 66
131 38
188 86
23 54
147 148
148 29
130 190
179 86
22 152
91 189
136 121
64 40
189 169
41 25
191 37
154 103
68 170
74 132
144 85
5 152
146 102
125 18
154 2
128 164
183 33
151 165
153 140
133 34
64 49
149 173
99 20
71 190
139 133
43 160
35 187
185 112
15 78
44 117
59 141
99 159
153 91
88 29
85 80
28 157
8 112
74 84
177 187
86 53
61 166
115 142
27 109
163 154
150 2
30 171
184 180
95 186
1 78
8 66
116 118
47 128
12 75
123 180
70 5
20 131
84 85
72 138
57 125
125 195
172 121
147 111
194 82
98 195
171 130
113 80
8 173
72 63
145 17
133 152
171 99
29 3
114 118
94 190
125 171
78 75
181 66
153 87
25 53
22 74
142 175
159 35
82 178
33 95
62 123
133 80
67 132
191 153
141 133
88 158
156 88
165 199
199 73
6 65
105 109
179 140
75 9
156 182
81 178
37 174
194 106
199 139
100 93
189 104
178 161
125 61
70 0
9 141
62 86
83 85
63 81
42 76
195 6
164 104
144 145
166 65
59 193
164 135
196 188
159 92
172 124
128 87
48 7
75 122
186 102
145 12
184 167
43 18
76 30
17 109
72 71
54 193
14 12
71 54
193 168
79 18
62 109
137 36
144 154
110 99
146 10
41 149
114 92
190 181
17 194
75 90
125 163
19 79
68 176
175 27
141 143
174 71
81 194
133 46
164 98
135 184
175 49
32 136
57 92
157 140
74 145
63 6
151 190
157 155
28 132
92 149
35 10
17 186
71 88
43 89
55 58
20 173
186 182
185 100
103 71
162 68
111 35
187 170
167 21
101 178
22 43
121 79
186 133
61 105
88 6
50 73
159 25
42 90
192 4
58 64
21 130
137 22
113 164
144 50
114 130
54 127
154 91
6 174
162 75
77 86
53 146
49 185
4 95
69 179
162 140
128 194
179 117
120 145
150 123
128 197
155 117
86 147
152 102
56 103
169 170
199 147
61 69
194 2
163 175
172 138
27 115
44 171
34 181
160 96
38 136
100 64
11 90
91 101
112 88
11 9
73 75
16 133
107 183
163 129
29 121
175 83
7 163
0 147
35 15
16 159
154 101
160 125
108 141
45 42
16 179
39 19
21 118
99 193
190 6
84 25
42 144
29 136
89 116
127 116
106 128
123 121
62 5
20 75
135 167
108 192
87 94
108 139
77 31
4 170
1 154
65 16
126 70
18 84
26 28
165 113
54 40
85 154
92 18
94 91
63 157
52 125
66 9
47 22
176 77
23 61
120 139
177 59
2 68
94 18
21 127
86 40
42 31
181 161
78 112
17 68
102 159
67 48
49 28
62 150
16 168
116 155
14 76
94 63
69 154
62 102
105 15
121 54
57 188
66 109
177 172
65 186
123 145
119 123
25 38
52 16
76 113
100 76
119 61
122 98
163 139
37 90
42 59
152 33
92 153
181 198
139 125
99 112
186 181
186 7
145 142
118 167
167 60
101 99
120 128
77 62
46 89
149 182
51 158
60 81
28 59
11 71
102 157
94 99
96 83
65 20
7 39
31 28
197 144
161 50
125 84
153 181
135 117
36 175
183 174
30 190
63 35
181 147
156 48
26 119
162 49
144 51
112 76
169 171
25 178
104 55
107 132
177 48
43 53
168 96
37 107
137 71
27 100
45 55
51 55
170 52
185 140
115 109
25 60
75 139
122 19
195 21
141 124
23 21
67 172
68 194
80 88
176 90
27 157
93 37
175 73
150 52
137 117
154 182
98 28
59 29
101 84
92 104
16 93
63 182
61 103
117 106
132 192
85 132
35 149
197 118
139 21
138 40
166 133
96 140
142 173
86 66
58 128
93 38
94 4
128 153
14 112
28 152
96 72
191 101
191 46
124 116
87 106
81 157
90 193
111 134
98 48
20 176
190 196
5 42
16 24
138 143
145 128
57 1
91 141
59 171
127 88
75 145
156 17
150 149
20 46
161 63
109 156
68 14
73 2
43 33
109 34
10 40
15 72
126 95
111 106
27 21
131 3
94 154
84 143
68 36
91 151
11 187
55 41
180 29
197 109
180 31
23 138
32 134
32 185
167 192
34 37
76 33
35 169
126 136
157 32
184 126
111 13
76 32
72 52
34 6
90 105
62 148
122 123
124 166
29 21
129 81
56 160
30 176
198 20
133 81
78 10
104 167
4 187
166 29
74 184
187 10
54 31
71 111
65 26
20 135
94 111
172 76
17 30
162 125
28 50
163 131
163 151
40 0
113 9
94 41
28 12
92 45
62 95
139 14
49 33
58 86
159 61
30 5
6 178
79 69
127 172
104 35
160 196
136 16
0 35
56 111
26 22
92 185
48 93
56 163
132 196
89 34
5 82
181 146
148 77
23 106
19 176
198 153
132 96
52 79
194 8
105 181
95 97
18 63
12 21
106 152
102 71
94 0
197 115
173 150
28 38
102 4
142 188
198 187
175 69
86 149
140 168
75 192
14 94
31 161
29 67
19 59
50 163
168 150
33 122
110 127
78 52
186 195
58 105
155 0
114 190
136 111
102 195
70 23
144 134
123 11
164 17
78 48
107 38
199 95
1 82
199 53
13 131
190 158
153 0
0 98
22 99
198 105
128 19
152 182
43 142
87 140
163 29
24 144
81 169
27 159
168 50
194 24
120 83
192 21
67 121
22 106
133 153
25 147
129 105
34 86
122 114
62 99
116 92
6 152
151 27
116 144
94 112
67 195
121 167
91 31
192 70
142 72
79 33
97 147
6 156
117 134
109 160
21 113
148 130
20 144
23 115
6 135
112 153
111 52
154 34
107 20
145 21
126 90
190 0
23 191
23 153
189 96
189 21
91 85
66 168
27 67
74 195
147 129
78 144
34 88
169 188
48 89
34 0
3 23
123 90
189 174
9 45
174 161
117 29
11 94
24 71
170 146
154 51
170 57
159 83
135 168
175 21
32 111
146 38
95 123
34 60
29 140
94 152
21 71
43 36
146 155
40 133
134 197
33 192
69 174
169 128
65 59
192 153
52 143
71 108
194 65
22 42
14 121
7 151
26 192
147 11
90 93
144 15
55 108
54 97
27 182
160 0
20 87
178 60
178 106
8 89
35 125
185 42
143 118
83 135
130 29
15 10
16 58
63 140
43 84
51 146
71 175
161 34
88 39
52 46
139 195
151 129
36 152
125 151
112 38
158 70
139 189
152 99
8 160
14 100
7 122
134 112
191 47
33 87
105 196
101 8
131 15
175 74
76 177
7 60
31 21
54 110
1 170
53 61
68 144
63 85
12 86
35 84
159 45
1 26
135 30
36 34
181 26
153 98
134 93
192 57
20 187
191 3
32 82
148 76
80 43
5 191
94 143
196 80
112 4
136 106
111 174
105 29
158 156
37 75
50 68
67 45
197 72
54 9
153 106
121 28
46 93
103 96
69 194
134 7
21 36
143 175
107 168
116 90
147 69
27 158
171 173
89 15
92 36
98 103
57 111
48 174
76 47
166 25
144 76
17 13
123 181
72 166
105 187
44 122
119 129
82 69
73 108
98 44
183 132
160 74
143 197
46 43
90 19
171 134
27 34
107 158
180 50
31 124
130 11
149 72
90 82
60 159
113 35
197 137
103 91
182 58
183 119
33 136
129 195
15 2
14 58
17 23
65 5
30 185
178 126
10 150
15 20
42 104
71 114
173 132
111 58
72 43
44 184
65 93
17 108
195 84
122 85
29 187
181 5
3 84
90 141
164 43
140 135
76 26
33 146
60 24
129 15
161 136
90 166
25 119
142 165
114 82
62 63
62 140
101 96
34 190
71 142
131 191
66 79
21 196
151 40
24 135
159 43
30 14
81 71
73 20
104 159
140 159
152 88
65 159
145 153
186 144
162 192
74 109
35 25
171 175
38 196
76 162
185 3
102 199
108 198
87 161
156 59
163 36
134 91
116 31
197 130
109 7
3 51
148 80
173 100
125 176
41 86
141 113
5 14
96 141
98 129
8 176
107 75
99 106
191 185
26 48
113 64
14 8
49 117
174 108
36 139
28 186
119 27
101 3
143 89
136 192
2 146
165 70
120 61
139 39
186 112
162 63
32 43
133 143
23 190
64 151
152 101
30 48
78 143
189 92
160 134
23 193
110 161
85 60
54 26
155 58
131 113
198 87
182 5
95 90
53 63
56 70
181 27
0 127
150 111
117 139
40 163
101 52
31 126
58 147
47 35
34 119
28 168
133 171
198 103
182 56
192 9
7 25
134 5
34 123
72 60
52 160
99 168
80 31
156 147
16 100
86 91
188 66
117 92
101 54
123 161
148 5
176 63
166 132
8 75
136 43
52 108
179 14
90 140
46 158
94 8
172 13
171 111
30 47
95 178
93 184
107 98
153 19
194 52
147 14
83 190
106 100
92 128
28 145
47 61
100 73
150 83
56 20
5 27
177 164
145 138
79 108
134 86
146 16
127 188
51 79
111 138
156 140
139 40
161 6
25 65
67 147
179 156
176 159
146 7
150 107
10 145
20 159
33 198
151 161
172 99
156 99
128 133
5 197
128 148
125 4
166 185
63 51
55 164
104 6
49 20
69 77
16 131
160 64
165 146
13 48
169 85
150 58
85 22
122 118
112 83
193 22
97 64
82 188
66 176
175 191
181 42
148 4
142 181
71 161
75 108
35 79
120 117
181 191
140 113
5 24
68 35
193 60
2 184
125 124
170 75
159 175
63 77
62 196
122 108
6 143
141 115
54 137
199 151
15 196
44 149
171 58
91 129
100 53
115 185
81 197
84 110
39 197
164 101
48 142
1 60
37 48
183 99
74 137
104 192
18 10
17 36
162 74
165 43
133 12
48 157
189 186
73 14
191 149
143 71
12 151
29 181
124 188
139 85
63 158
93 12
181 44
62 71
134 55
103 76
141 10
41 32
4 56
12 178
144 57
47 169
153 121
34 102
54 192
74 75
67 106
185 148
5 21
169 113
183 48
22 6
129 29
196 133
24 176
37 96
163 78
44 31
149 4
90 131
97 122
163 91
177 64
4 89
96 122
88 161
141 192
96 62
191 48
28 193
114 52
169 130
198 82
156 44
54 122
42 27
153 22
152 37
153 10
64 176
1 111
139 24
83 182
77 53
4 64
59 16
126 108
125 122
102 142
171 79
81 5
84 117
51 176
126 92
123 15
23 74
17 106
4 122
165 45
14 186
94 184
58 12
119 148
192 49
158 118
101 107
117 5
78 127
108 197
103 183
44 140
114 146
153 103
171 56
42 93
33 48
176 94
162 4
47 16
71 89
69 178
38 188
149 9
172 192
103 105
40 180
134 105
158 54
140 27
179 170
126 96
35 40
1 136
104 108
186 59
145 111
96 194
35 189
135 57
4 99
10 159
146 64
92 62
138 90
57 30
177 15
179 131
146 41
199 153
165 75
176 62
143 0
38 184
177 93
10 47
171 132
98 94
162 48
27 169
0 132
143 45
163 143
87 190
136 24
75 53
113 23
49 134
150 66
171 196
45 10
22 121
17 99
55 121
12 41
40 179
169 75
24 131
64 189
151 195
113 188
72 85
191 112
53 126
47 52
132 177
50 61
76 161
43 192
185 54
104 185
93 128
189 135
149 160
79 117
65 103
63 190
46 17
114 93
156 166
72 150
73 189
94 82
143 5
155 105
29 177
145 46
164 8
18 62
63 2
23 52
148 17
13 45
78 32
145 49
124 83
140 13
76 45
147 3
156 157
110 48
47 141
57 148
41 178
131 83
28 149
9 65
100 34
14 69
90 184
0 36
81 172
10 51
111 170
26 123
150 131
8 143
187 164
148 56
145 30
190 127
55 119
85 30
166 109
164 139
17 26
95 108
155 6
169 165
182 109
5 172
188 41
168 157
93 89
158 26
81 165
164 34
165 2
77 101
10 16
78 23
56 69
12 80
5 190
128 103
77 80
199 118
182 75
45 37
148 170
53 177
102 136
128 12
55 145
102 135
33 5
35 97
43 176
16 68
148 104
126 61
179 72
4 106
69 83
21 43
120 124
138 30
100 83
67 0
11 135
142 98
97 197
65 29
88 44
121 77
110 82
14 86
80 103
148 43
130 172
62 149
181 20
33 197
180 30
84 13
141 73
56 35
2 34
171 183
99 163
166 150
157 190
26 170
68 45
69 4
127 159
35 177
64 99
139 64
0 156
199 117
128 118
117 24
29 150
48 122
45 54
160 129
189 13
189 129
35 197
145 119
188 55
23 127
191 4
128 174
166 112
25 153
9 44
139 127
158 121
2 151
4 16
141 168
22 145
54 164
82 161
91 62
57 33
19 64
2 60
37 52
83 106
185 83
63 105
114 142
87 30
149 123
87 113
23 114
145 13
13 119
97 91
40 85
24 140
73 33
181 32
34 98
96 32
88 53
45 150
49 177
103 146
20 6
181 54
87 49
22 185
9 84
177 120
117 184
39 59
107 119
170 134
57 174
87 162
88 124
121 151
157 119
152 112
20 58
61 88
153 8
158 109
177 166
104 113
131 188
118 89
124 179
5 87
129 157
123 129
43 130
7 108
71 27
6 39
82 115
69 143
39 128
99 143
106 165
194 139
40 72
31 13
22 17
176 129
146 199
149 141
96 14
118 62
195 22
140 144
27 84
52 112
172 19
99 154
126 113
57 82
153 158
56 3
184 100
149 0
160 118
71 51
120 90
87 39
140 55
156 193
34 191
179 153
93 172
130 20
188 21
164 84
183 95
97 85
163 52
61 157
49 169
72 27
172 167
54 99
171 6
158 37
32 79
154 53
6 199
113 138
46 188
130 196
82 92
50 102
160 113
4 118
149 136
143 157
65 168
126 161
25 189
159 24
132 164
40 175
195 66
187 103
3 68
27 111
127 123
101 188
34 32
183 170
43 68
85 94
147 72
101 6
186 23
147 83
99 73
128 22
31 105
169 40
79 23
106 37
23 36
177 47
115 178
175 57
105 115
196 114
33 193
20 137
25 108
39 40
129 136
58 53
199 150
180 172
99 122
34 93
56 193
94 3
178 46
116 68
165 116
96 118
92 112
82 33
7 117
67 199
71 171
28 170
33 129
1 127
97 136
48 86
20 44
20 77
147 125
14 124
3 24
1 114
98 86
156 130
165 24
8 27
150 198
119 70
133 2
150 17
126 125
65 60
72 132
193 38
27 4
142 151
28 76
50 170
154 158
136 44
100 92
160 42
172 188
161 118
77 106
38 148
23 44
98 13
35 1
141 51
10 59
196 27
98 187
194 67
112 138
184 166
43 186
73 37
15 25
78 31
5 105
138 84
162 80
36 186
86 74
27 41
120 193
38 159
112 171
153 135
50 195
34 121
63 21
118 72
51 193
186 187
135 169
133 110
174 7
52 124
50 65
126 147
100 139
188 98
146 78
121 94
198 25
109 117
13 39
154 18
130 183
52 33
164 87
154 26
129 108
172 41
1 6
36 72
17 110
63 58
53 160
45 162
51 23
126 97
128 67
167 113
63 32
75 189
140 167
28 3
67 191
129 187
146 56
160 91
88 24
121 58
189 170
32 67
189 89
57 18
18 99
191 192
80 11
75 147
63 169
168 173
5 28
78 177
23 28
74 38
91 130
23 174
80 73
28 99
93 80
168 90
153 163
30 10
117 32
0 108
184 123
132 155
149 156
55 166
56 122
165 189
194 177
105 165
91 78
71 25
68 42
106 34
96 74
147 44
37 46
45 138
185 117
132 8
91 106
163 48
93 133
117 22
142 127
43 49
166 197
169 136
5 2
157 84
153 94
192 169
10 6
70 24
161 169
39 55
177 192
87 157
53 103
150 18
140 182
41 66
10 143
57 24
76 85
84 60
45 70
197 25
134 57
29 164
184 164
133 52
5 194
24 174
97 149
196 115
39 114
71 187
159 91
130 140
62 9
99 53
120 157
5 31
110 96
77 84
35 69
173 57
185 143
58 37
47 80
88 86
20 57
85 2
188 100
41 0
102 165
97 56
40 115
195 91
66 164
139 9
149 61
81 98
198 61
38 187
177 80
194 48
183 83
114 15
160 133
119 175
192 197
83 4
156 93
60 42
47 58
70 134
49 38
180 171
169 197
11 23
32 162
119 171
47 143
151 168
94 47
116 162
145 117
183 121
35 16
144 5
5 58
199 135
167 56
130 102
133 42
23 108
87 188
14 10
127 52
100 94
149 14
184 19
142 90
79 28
48 100
33 176
154 140
182 188
184 65
72 58
110 62
43 151
135 116
129 61
184 0
83 80
69 33
93 36
52 187
162 146
160 9
30 9
152 164
14 71
175 98
48 139
150 169
46 40
7 20
145 133
71 80
178 109
199 15
117 100
113 27
190 108
16 79
24 161
97 9
61 107
137 6
49 27
72 34
155 46
54 69
166 70
165 55
36 4
32 98
118 80
2 182
48 137
192 127
13 94
57 198
176 48
189 188
49 153
140 137
14 49
107 51
199 26
36 76
125 83
147 100
76 54
125 164
43 56
99 125
144 2
41 44
10 167
39 36
189 148
193 68
178 91
186 123
161 120
79 174
12 174
194 63
107 16
38 90
54 176
174 127
135 69
136 72
153 18
152 43
58 129
1 69
104 87
160 54
15 175
51 56
77 135
193 196
177 122
178 34
13 108
4 126
27 160
69 90
170 180
120 159
175 186
64 121
27 35
145 137
171 104
175 97
190 178
18 74
76 16
39 58
19 94
113 134
33 106
131 44
20 60
2 131
126 198
95 53
41 54
40 38
150 160
75 166
129 101
88 41
117 170
116 93
19 194
128 10
65 147
82 193
0 20
126 84
189 175
62 44
37 126
115 129
119 166
97 17
66 6
184 55
51 61
170 90
105 148
160 146
44 188
24 99
60 56
168 109
40 187
122 124
106 116
134 130
137 132
99 185
46 119
41 156
37 142
30 157
97 130
67 162
128 135
75 144
41 112
153 125
55 84
106 186
102 184
149 65
25 175
176 88
31 46
187 79
40 97
60 119
136 2
93 99
190 60
185 71
180 96
153 137
162 82
88 0
191 11
66 125
100 88
146 154
105 154
80 156
35 37
102 125
83 121
14 113
182 54
19 73
82 122
103 127
17 7
21 98
171 54
44 11
65 137
183 16
163 132
159 96
11 124
100 187
170 108
110 85
171 123
120 171
176 101
105 35
113 10
74 149
152 61
169 168
164 165
25 150
125 30
114 14
163 108
67 86
183 80
4 163
35 117
141 146
90 18
126 157
5 147
122 78
12 122
198 188
28 164
13 135
60 191
194 176
121 110
72 5
63 104
135 179
98 133
179 146
92 129
110 2
93 19
111 194
171 0
128 119
149 143
67 24
107 177
118 124
95 8
85 88
57 73
199 121
185 29
62 10
108 155
60 155
95 146
179 166
152 45
188 176
0 194
9 53
58 87
179 38
62 182
80 179
182 78
162 107
176 182
126 128
37 113
152 131
105 113
167 106
88 20
59 58
43 172
180 27
187 123
168 86
41 109
136 82
1 129
183 167
175 190
158 146
55 57
84 130
80 114
81 161
73 130
12 61
118 127
50 137
28 106
197 96
56 7
24 150
50 112
64 2
57 47
174 177
157 6
144 12
168 57
186 41
174 132
0 172
30 1
5 16
56 63
48 192
25 160
22 71
20 48
33 65
67 33
85 184
167 54
128 11
126 67
134 100
23 160
139 141
128 4
118 49
141 198
155 28
41 58
78 132
35 188
164 44
44 180
179 138
168 172
170 56
89 80
29 162
151 102
49 176
128 26
39 119
86 152
51 191
103 79
54 43
95 73
122 159
127 65
147 112
111 73
20 156
42 98
47 4
99 14
104 122
145 0
176 31
81 17
2 129
134 106
29 174
191 199
187 171
101 76
150 133
78 193
159 142
94 28
7 21
65 82
35 76
43 177
100 120
113 103
193 39
185 152
23 179
189 74
38 114
5 96
164 48
19 58
48 69
106 69
37 115
85 187
121 50
129 152
21 4
120 103
153 75
21 68
19 117
120 104
87 45
47 136
137 13
66 87
63 0
45 126
109 181
139 31
54 146
156 114
126 154
47 20
97 5
132 27
75 21
132 130
54 13
115 44
75 0
138 196
192 5
157 4
162 193
122 146
77 79
5 198
33 16
27 19
19 140
52 18
121 156
182 192
198 131
122 11
188 40
78 96
50 189
157 162
110 136
177 32
146 47
29 113
188 126
123 183
179 185
160 105
75 76
29 14
81 90
39 90
29 112
67 155
127 194
128 182
160 50
68 34
186 67
106 155
121 48
61 108
98 105
186 42
11 186
12 121
14 111
87 12
155 111
27 154
187 111
117 15
89 187
184 149
21 108
1 46
181 36
103 195
170 164
70 163
9 177
19 186
114 195
68 91
160 28
162 5
94 129
132 191
28 197
71 43
9 25
10 50
99 76
51 39
22 13
102 144
24 121
86 105
146 118
61 112
73 4
7 121
112 121
121 59
94 147
195 133
139 81
77 26
152 170
69 22
154 54
144 146
186 97
8 121
17 103
148 70
149 30
99 92
26 84
164 94
16 172
87 70
25 131
105 179
186 34
183 166
94 117
66 47
175 146
12 6
132 131
26 116
113 107
76 77
45 66
131 0
178 94
117 192
137 163
11 136
167 17
109 73
78 92
95 98
146 117
194 159
90 80
130 153
75 168
14 117
162 99
174 53
174 97
120 27
153 165
163 25
94 185
120 28
29 45
104 141
102 38
22 9
196 140
81 152
63 23
184 163
59 0
118 138
152 3
45 114
55 124
27 146
166 36
122 77
1 197
156 124
173 9
140 40
180 117
142 117
98 159
144 16
