200 1800
11 16
92 57
83 31
14 64
17 113
78 32
66 179
57 95
111 176
19 23
48 82
150 136
88 136
17 1
45 172
41 48
197 178
112 142
37 156
179 160
169 143
172 77
21 158
90 138
27 178
186 27
114 5
139 13
31 64
165 107
115 130
38 118
60 110
59 78
112 153
73 76
70 72
183 55
55 154
155 31
52 185
115 158
180 147
98 36
81 80
87 150
190 6
32 25
115 68
77 49
73 105
21 74
186 149
151 61
183 139
117 56
136 148
53 65
197 193
112 85
182 101
91 122
170 57
153 4
168 161
161 163
69 197
90 195
91 52
34 89
99 36
139 190
161 14
5 43
168 165
61 172
158 132
12 82
24 116
101 83
195 78
190 103
77 42
113 189
14 184
107 88
134 179
5 167
127 46
101 187
125 116
194 68
0 96
64 46
123 85
47 10
175 153
61 88
142 12
162 95
86 143
10 0
188 150
164 151
15 98
131 38
135 65
31 57
119 177
117 3
8 171
4 16
52 117
133 192
15 82
19 189
115 59
95 75
144 167
156 138
194 199
65 149
194 79
101 49
39 130
195 116
176 61
13 190
64 100
127 123
20 167
102 57
146 135
129 67
50 150
177 40
186 110
193 153
194 180
87 92
98 150
106 152
55 71
146 101
2 4
66 39
176 98
84 11
129 173
142 124
160 180
161 152
175 32
192 112
21 115
193 65
188 175
39 62
82 162
26 65
45 70
17 108
27 17
182 159
96 20
54 100
160 24
119 188
56 66
85 88
186 52
114 194
72 151
82 110
15 143
133 20
94 81
3 27
46 130
59 35
34 88
169 112
75 149
123 177
167 136
118 22
185 111
61 160
121 145
100 126
25 69
115 108
12 133
160 90
145 167
155 99
83 6
147 97
143 13
187 191
77 88
62 66
195 13
85 125
104 8
195 59
178 166
25 83
121 48
129 191
177 129
135 164
151 112
150 48
128 199
138 74
69 114
59 163
158 78
46 3
83 136
179 127
131 150
46 18
22 32
183 71
1 4
151 169
0 19
34 139
95 123
92 52
117 72
143 6
174 81
89 56
53 42
1 84
45 166
145 91
91 28
66 101
25 152
70 196
99 180
95 188
41 117
70 21
162 27
36 189
63 54
18 13
77 189
14 174
4 12
130 111
87 79
177 23
181 78
90 20
116 59
58 32
176 192
177 170
1 139
19 87
99 69
91 54
59 61
160 139
86 101
7 130
58 106
119 138
104 20
1 174
148 128
106 26
35 76
36 112
92 178
140 28
113 57
53 144
71 109
105 145
108 93
50 17
96 66
25 168
81 163
64 77
41 32
175 154
80 193
158 46
116 58
41 120
146 95
60 52
179 15
101 90
160 83
115 173
131 105
174 100
111 175
46 80
184 157
188 72
107 184
149 112
71 14
124 144
83 177
95 165
94 147
89 171
28 171
110 26
30 47
94 97
37 151
3 92
179 181
195 93
159 101
154 5
19 138
79 125
64 54
129 144
74 116
182 111
143 197
143 91
108 193
30 52
19 77
94 172
186 194
149 132
102 47
50 177
31 176
159 137
156 182
192 196
143 4
150 14
58 155
103 126
106 161
99 61
103 182
3 147
120 42
65 164
67 80
162 109
183 162
61 103
36 71
132 189
8 161
48 93
18 20
179 113
51 193
89 155
144 60
42 185
24 196
132 14
173 176
27 89
95 70
53 181
66 10
46 153
4 164
73 53
191 117
75 171
73 67
36 141
126 178
96 135
147 10
135 84
39 110
5 148
34 115
14 69
6 72
166 116
116 150
114 75
116 109
52 15
39 193
128 102
194 72
105 178
82 49
126 19
51 161
150 64
85 22
61 81
199 32
73 161
83 13
184 59
119 35
75 42
144 199
5 198
126 29
157 126
115 135
72 30
98 59
61 63
189 158
156 159
170 95
18 133
91 161
180 43
27 135
72 110
17 121
86 3
171 124
180 178
107 170
172 178
67 94
49 80
132 64
69 185
138 39
190 116
196 115
47 127
39 17
44 73
113 195
189 156
177 128
111 55
118 170
12 83
0 55
119 73
42 72
196 97
101 197
55 13
66 86
89 45
83 61
172 96
169 26
131 43
12 64
124 180
136 62
188 111
80 129
88 1
167 50
84 94
81 133
68 125
47 119
196 125
146 166
135 50
88 100
140 174
59 34
122 102
41 77
11 101
146 34
187 169
94 40
149 197
2 87
124 175
192 102
122 183
58 164
133 2
134 68
22 158
191 81
158 55
57 122
143 69
0 119
5 132
128 169
50 182
58 1
187 96
105 151
21 104
155 104
130 108
54 127
183 118
156 143
177 16
38 37
102 3
197 127
116 18
113 12
31 33
153 52
45 32
65 7
188 166
178 65
119 80
141 92
64 25
57 24
121 93
176 105
6 17
35 44
88 193
57 195
189 93
186 80
123 143
59 180
117 89
89 176
199 65
71 103
178 26
199 48
164 93
153 15
132 135
119 111
46 119
38 49
101 94
94 129
42 172
85 43
191 179
129 176
107 86
140 161
137 163
97 25
118 87
80 143
41 133
155 195
51 44
87 55
65 133
167 58
70 146
88 71
80 154
157 77
156 162
144 51
103 33
94 26
62 16
196 0
187 19
113 77
82 137
81 111
64 136
109 15
56 10
191 43
116 72
163 61
16 178
44 125
188 125
161 187
114 15
78 151
181 62
148 178
119 98
100 36
122 194
73 60
169 57
113 198
5 108
139 125
124 85
107 60
116 172
54 153
32 193
151 148
72 134
56 136
63 103
10 112
40 60
86 173
174 160
113 34
24 118
126 161
2 171
193 174
140 55
23 117
42 114
23 63
167 79
124 91
65 147
161 159
23 74
197 7
132 119
113 82
104 116
27 168
106 110
10 126
92 78
144 102
117 35
161 9
103 54
110 24
68 187
155 127
184 113
117 67
29 13
48 43
87 168
96 100
161 141
53 25
132 174
4 177
64 57
35 69
114 95
35 67
46 198
76 196
110 165
115 23
147 167
194 88
178 44
133 45
104 114
77 126
149 43
78 13
109 59
156 23
85 37
69 121
118 2
188 38
38 23
153 188
142 107
122 87
33 128
185 21
116 90
144 58
103 115
166 151
46 93
58 79
172 164
45 35
55 103
34 48
66 93
47 198
36 163
126 146
83 143
51 198
131 76
109 68
143 59
95 87
73 166
42 90
24 51
119 167
176 157
109 156
104 3
30 60
55 115
45 151
155 32
57 155
101 145
128 13
40 112
86 84
34 144
57 140
54 198
67 81
157 57
190 81
160 127
14 60
129 14
130 196
148 142
100 150
111 169
186 45
110 169
191 23
186 29
41 180
56 36
128 188
142 72
89 150
68 124
177 22
168 60
155 110
103 13
84 108
165 97
124 77
45 199
130 179
57 191
184 38
71 47
101 91
87 175
140 70
87 36
189 109
50 194
105 106
144 59
5 113
21 113
98 137
11 120
154 187
180 184
107 92
79 131
19 181
199 113
105 112
60 134
45 177
32 34
139 185
60 71
169 102
110 112
69 13
96 11
176 182
160 171
66 0
100 159
89 141
80 170
133 84
48 86
199 154
62 95
178 17
114 64
72 158
76 187
101 82
77 162
101 180
94 177
118 123
50 46
107 120
89 136
86 151
23 149
23 61
106 174
24 58
155 122
112 118
129 148
176 52
38 140
177 176
84 10
152 148
46 96
185 126
42 141
40 7
22 28
103 99
97 84
154 159
14 119
125 157
189 194
191 189
74 129
152 75
77 72
149 40
9 38
78 124
41 49
88 125
153 11
190 147
112 63
58 108
32 13
103 34
176 107
172 35
20 2
68 171
27 86
141 20
9 134
177 149
27 149
31 11
183 93
25 92
150 37
174 139
131 100
138 154
174 176
52 156
53 6
178 104
164 92
64 122
105 109
83 103
187 120
184 179
37 33
26 46
8 31
56 124
146 191
171 139
96 86
182 32
7 124
131 80
19 111
9 178
71 95
177 30
183 124
36 173
51 90
67 15
89 166
121 147
45 26
86 181
133 30
15 183
85 99
78 75
164 17
156 0
61 135
147 123
106 181
97 49
183 98
23 12
6 36
81 136
58 84
140 87
183 34
41 8
46 58
129 60
82 21
101 46
47 21
38 193
28 111
38 170
97 107
101 84
39 28
157 34
16 188
178 76
41 163
53 38
100 141
183 23
126 4
4 37
135 133
91 114
10 187
126 24
124 152
171 40
194 4
144 18
155 106
181 21
44 0
172 82
147 144
165 81
195 80
137 175
174 28
42 51
93 129
190 69
174 168
192 83
16 173
129 165
134 30
76 123
117 30
28 152
9 192
23 111
52 115
8 62
189 34
77 4
0 148
27 88
128 183
135 70
128 30
105 172
100 107
124 127
133 48
44 114
89 131
159 58
186 142
141 55
64 157
54 19
95 195
147 47
129 188
117 73
87 8
163 96
137 177
127 60
67 151
55 187
195 145
198 108
20 92
93 171
14 113
187 81
20 127
180 73
38 165
56 101
105 104
48 112
103 162
47 76
175 2
38 198
94 144
141 68
172 118
62 142
59 8
189 3
60 104
177 64
87 27
141 169
76 163
17 18
40 165
194 57
199 24
176 159
37 30
144 165
17 136
86 193
47 52
153 171
79 43
87 137
105 196
50 54
191 130
102 183
8 63
62 12
180 132
92 33
35 27
30 112
67 50
161 198
196 52
64 83
159 53
141 62
51 190
34 172
80 50
155 6
186 196
78 104
17 122
37 181
60 121
7 42
187 132
54 145
88 13
83 169
109 36
43 17
85 133
55 130
131 81
153 64
109 182
188 165
173 185
109 42
132 51
128 43
151 182
74 169
108 10
132 63
112 3
106 46
72 190
190 28
184 79
198 144
23 76
43 41
180 50
190 15
64 173
120 81
56 99
160 189
89 15
107 161
56 72
59 88
24 168
198 36
26 27
7 63
49 50
39 38
185 170
170 197
65 154
130 64
63 192
107 193
128 80
136 33
23 94
111 57
21 85
16 159
77 0
196 171
142 191
157 109
42 34
5 39
184 60
128 98
134 78
166 183
100 194
181 121
182 36
18 135
175 66
165 89
61 153
17 142
118 7
196 127
72 187
146 111
153 9
47 136
188 149
33 101
127 69
62 158
187 71
178 186
182 187
129 11
117 94
44 31
79 162
76 86
44 26
191 71
54 3
148 106
73 98
146 15
136 34
103 161
44 190
102 38
94 32
146 49
76 5
172 69
84 196
157 122
5 71
189 11
50 81
106 134
110 187
74 179
3 181
190 110
52 48
89 10
30 152
26 79
21 150
15 130
100 14
145 175
124 50
185 95
79 195
94 77
24 183
24 182
68 79
122 10
25 77
168 30
31 36
77 164
93 113
19 95
66 59
29 21
141 6
184 122
194 5
140 104
142 22
82 185
134 84
121 151
113 48
111 96
144 131
102 175
43 36
37 140
193 8
123 181
156 31
62 79
167 62
126 181
84 62
123 165
172 33
79 48
69 161
61 170
26 112
32 49
153 111
106 149
188 103
68 53
84 153
198 142
90 94
20 6
163 191
48 105
96 180
139 115
101 162
3 84
178 101
197 113
46 14
173 1
24 54
32 128
36 75
57 28
198 61
158 146
166 1
8 44
81 90
198 155
168 123
136 42
18 71
24 173
16 121
169 28
97 161
113 39
113 75
115 118
73 1
181 124
73 72
102 25
60 97
96 156
3 100
142 13
160 175
3 163
95 110
103 77
198 1
80 37
30 101
4 36
7 139
136 24
28 84
9 60
69 79
88 10
4 170
193 116
70 136
36 183
5 10
122 9
184 154
121 29
0 83
89 71
32 168
130 77
32 76
10 154
132 34
180 0
24 95
9 0
153 62
170 90
54 157
3 122
74 0
185 163
29 130
127 88
71 150
153 103
83 34
36 150
197 136
94 36
26 2
1 170
166 2
167 172
140 198
147 165
179 117
42 82
95 125
4 145
186 184
149 169
57 15
155 75
147 157
175 174
173 183
176 64
42 1
144 176
76 194
188 49
97 171
188 77
80 159
89 28
135 189
27 180
107 186
48 95
166 181
131 146
190 113
11 136
90 11
161 89
98 75
74 112
87 154
45 83
148 111
142 167
119 55
81 69
117 121
146 164
193 62
98 186
48 76
114 102
173 122
177 85
105 127
27 144
46 118
123 67
110 43
183 30
5 128
139 194
173 111
84 126
32 71
119 26
140 94
28 149
97 13
33 104
90 10
167 133
51 185
45 102
79 57
134 140
68 132
19 198
195 122
52 42
37 16
152 67
30 10
169 58
122 94
155 55
72 11
161 63
35 0
193 7
157 12
50 106
15 167
197 61
9 149
139 79
39 165
84 72
164 138
81 196
183 178
35 65
1 21
68 63
75 164
136 105
152 70
188 101
34 47
194 161
146 94
174 75
137 197
44 1
159 170
194 167
95 93
65 18
141 149
119 153
175 185
29 22
136 22
104 95
113 50
152 85
3 177
153 98
42 196
9 116
197 172
174 145
98 10
72 16
168 72
26 4
29 12
20 108
143 71
121 190
181 104
152 92
57 14
60 153
170 181
174 91
154 133
2 28
84 154
162 44
67 78
117 9
157 15
126 141
126 109
7 191
84 49
2 167
120 87
80 103
121 141
133 138
118 162
67 7
142 150
93 112
23 178
35 54
114 88
80 27
73 156
126 89
195 100
66 20
56 92
92 184
129 40
146 160
186 13
154 177
19 129
152 72
37 125
174 48
123 190
13 53
59 62
195 108
32 59
168 82
3 175
135 34
122 133
58 187
31 148
133 50
149 128
129 198
43 39
142 44
139 83
130 26
144 62
22 92
38 117
75 120
96 4
127 18
152 78
160 37
123 174
80 7
122 14
63 172
145 129
108 144
52 142
20 188
184 163
142 60
174 18
82 25
75 123
60 147
121 42
28 183
94 5
151 154
94 135
94 128
60 78
56 76
155 145
14 2
192 131
73 147
134 123
169 162
99 177
98 40
140 136
186 125
13 15
131 162
138 71
172 19
70 30
29 7
70 162
168 121
131 137
126 150
54 10
143 161
153 28
138 105
105 74
135 196
65 104
47 61
149 46
194 55
106 56
10 42
16 5
93 132
171 61
151 28
143 159
82 32
6 66
160 106
46 128
98 11
198 84
2 106
79 54
37 2
184 135
160 192
22 109
129 114
118 181
5 139
139 169
178 59
23 181
47 69
98 32
8 198
51 172
98 21
106 38
41 165
73 50
74 84
157 92
121 116
4 125
107 7
116 103
55 44
102 130
116 77
135 12
37 95
121 178
108 28
82 69
33 30
22 71
54 76
77 3
171 77
21 15
195 169
121 11
188 91
5 161
76 77
55 159
171 26
160 57
143 139
65 119
58 67
78 63
183 16
172 159
121 189
6 58
31 91
36 185
93 51
3 148
88 45
51 38
153 143
126 114
84 52
26 183
102 142
18 171
51 41
32 130
197 59
179 140
19 150
64 97
23 151
175 191
187 34
125 71
105 154
171 51
73 24
15 86
45 128
141 168
1 106
13 134
133 183
47 77
4 185
97 163
145 119
173 54
27 102
169 121
196 16
121 175
173 23
132 100
110 64
106 91
24 153
97 87
103 183
176 154
115 1
110 134
128 174
57 134
125 190
132 155
31 147
84 158
126 125
191 64
193 22
196 23
106 196
14 29
83 66
180 52
100 65
96 105
131 40
132 176
9 113
120 174
166 106
106 3
13 178
74 71
166 92
199 22
26 36
73 77
31 143
175 116
113 133
181 196
170 56
194 104
75 168
96 43
120 1
28 164
143 166
195 176
19 167
70 186
16 197
171 150
118 65
77 46
62 19
11 57
8 72
56 196
115 15
138 172
90 34
171 138
195 153
77 56
111 171
83 4
77 150
67 61
167 68
85 174
116 129
197 50
63 187
74 8
151 184
36 174
197 64
193 180
123 12
149 77
90 144
2 86
0 92
47 65
166 118
120 149
140 20
106 117
79 187
92 145
133 4
139 78
163 22
17 198
66 111
185 8
154 26
111 183
1 40
178 181
27 42
143 2
91 183
160 178
97 44
177 38
93 90
44 66
101 76
111 179
