200 8800
77 148
166 78
113 133
136 142
160 107
87 149
52 95
47 123
139 44
73 174
100 190
83 59
159 121
37 100
93 165
36 101
70 136
197 147
57 64
84 11
63 66
24 76
93 138
6 82
53 97
27 94
127 35
38 195
33 112
196 26
100 176
162 29
14 43
199 13
185 76
73 112
160 169
134 171
85 66
2 152
45 3
108 4
103 24
155 140
198 166
47 91
51 67
45 159
102 143
30 52
61 73
191 93
159 150
119 99
117 142
69 57
160 113
148 175
148 57
20 178
85 184
53 152
176 99
112 14
24 25
40 27
177 198
181 195
17 71
107 192
71 171
121 11
35 192
55 120
152 184
32 159
156 60
69 37
103 32
73 181
99 95
71 123
24 37
128 195
92 42
137 54
194 114
87 114
103 130
143 157
101 2
95 31
146 71
172 137
199 47
59 159
184 155
57 193
1 56
3 91
25 172
6 87
56 174
115 74
169 134
21 151
19 123
171 89
63 32
35 37
46 146
189 29
196 166
195 85
95 102
18 68
197 3
43 123
60 137
7 170
89 102
194 178
163 188
185 2
41 96
179 169
92 10
168 80
12 64
77 142
125 54
102 177
56 195
197 20
29 54
145 103
16 92
175 74
195 41
33 161
131 114
99 85
174 161
123 171
61 114
112 41
68 167
70 79
168 114
93 156
182 115
123 44
126 165
173 159
142 184
163 128
73 102
125 46
4 16
4 74
7 152
48 130
2 24
68 19
130 31
192 82
68 89
60 48
154 162
66 176
66 186
174 32
75 122
142 70
27 111
151 175
162 113
141 143
114 187
86 11
24 54
41 130
175 16
86 44
130 166
52 8
65 164
100 105
145 69
197 120
85 46
117 69
126 89
111 147
65 144
147 164
111 138
160 76
146 5
57 156
11 161
8 188
81 65
131 198
126 129
115 192
52 69
68 105
71 42
75 36
59 0
140 95
195 43
192 11
33 93
122 5
116 188
122 118
175 83
109 18
116 104
166 181
141 41
33 70
163 20
19 47
153 69
35 151
86 129
98 40
188 6
160 147
70 4
87 194
180 121
12 146
22 162
152 34
35 73
5 95
77 164
100 43
147 137
192 73
67 63
93 30
176 45
38 109
138 126
108 155
108 119
132 87
57 118
112 189
36 11
172 177
56 77
86 191
94 12
87 84
152 174
84 5
60 8
17 171
15 26
63 128
84 48
100 117
16 20
161 111
188 41
114 59
169 168
140 70
73 157
110 28
152 129
196 17
112 61
71 158
131 31
149 24
139 0
170 37
186 96
189 27
104 35
134 115
30 135
0 106
110 117
84 71
30 21
2 51
97 94
197 57
79 119
170 153
122 103
193 81
34 43
25 76
107 152
25 109
171 39
32 87
76 98
88 76
8 96
7 179
111 82
15 44
105 126
38 44
102 189
129 114
133 46
59 87
102 7
70 103
138 199
116 113
173 47
151 70
83 170
34 73
176 143
8 185
156 118
46 98
47 40
24 195
113 123
175 82
76 130
196 108
56 147
40 65
106 50
139 100
14 194
22 177
159 132
81 166
44 170
62 182
159 72
139 142
78 50
183 48
131 59
87 103
180 134
34 145
32 110
92 188
107 184
107 52
125 13
198 97
199 129
45 68
162 58
118 88
138 91
114 77
13 32
198 9
164 15
104 112
28 120
94 20
34 118
91 190
105 137
10 191
190 86
162 189
19 190
59 12
110 99
187 78
4 29
128 19
186 159
119 123
129 10
144 106
116 66
111 1
34 3
173 65
95 34
13 141
82 63
172 128
153 7
15 133
171 160
190 58
32 186
184 139
97 91
129 193
75 38
138 17
10 121
118 114
152 90
55 122
9 125
48 169
147 83
89 103
174 36
168 167
0 196
153 166
139 68
20 0
95 74
127 37
0 58
8 168
126 192
113 143
124 138
108 29
77 101
25 182
168 199
78 186
188 197
192 183
57 165
60 43
39 34
159 161
78 60
76 154
84 154
195 117
68 55
121 12
30 161
131 199
131 142
76 184
75 16
67 81
49 78
117 181
56 106
167 97
138 97
18 95
176 179
104 159
59 191
76 66
194 197
61 125
51 9
129 30
174 37
154 129
43 120
86 69
179 99
114 58
80 30
91 185
151 11
1 153
62 75
120 187
140 196
3 66
169 56
122 38
119 18
181 96
130 64
86 48
135 146
38 130
93 11
72 142
25 158
109 97
36 179
190 20
108 193
36 152
196 88
127 23
102 69
194 171
190 48
19 193
152 135
154 155
120 139
42 52
141 31
42 142
148 144
32 5
189 7
50 19
190 79
148 107
33 135
17 63
44 74
111 159
105 148
23 191
140 44
158 87
17 153
74 73
69 170
115 128
175 65
186 168
53 141
165 178
57 75
33 110
91 101
188 134
81 53
73 71
140 122
48 51
73 156
62 138
185 156
1 182
6 136
64 165
126 60
138 16
43 122
64 26
108 173
197 184
177 190
58 74
69 55
13 183
164 97
161 196
81 159
89 18
117 166
116 87
191 89
16 25
195 76
31 13
89 198
142 98
4 163
107 48
144 176
161 6
174 62
97 87
197 139
162 43
193 124
58 173
66 146
63 80
127 31
22 17
172 165
16 197
93 25
119 132
158 99
15 136
161 188
12 136
109 145
146 171
87 159
182 170
142 119
129 187
139 25
140 78
107 138
84 168
13 105
115 10
39 19
186 26
144 5
159 13
115 33
93 131
110 8
104 41
21 41
7 26
131 37
185 44
96 53
187 33
129 198
10 65
105 139
153 95
75 151
169 120
180 156
135 62
103 140
159 22
37 40
88 22
84 98
96 25
130 97
44 19
174 135
188 126
148 64
76 46
93 98
27 4
195 125
189 176
45 164
124 53
151 174
26 53
118 177
181 154
30 169
101 160
109 93
106 70
162 126
168 183
12 198
23 178
8 36
32 70
3 174
43 115
66 157
48 140
84 109
185 88
72 22
94 25
82 62
146 177
57 73
97 11
14 61
23 133
181 37
114 178
63 191
102 164
32 188
76 10
146 140
65 130
47 175
171 53
65 166
68 76
134 15
92 78
8 189
8 121
70 135
171 109
176 164
164 192
111 81
39 71
11 178
90 94
85 20
130 74
67 33
190 174
143 87
80 48
19 76
52 171
68 118
199 92
14 52
111 112
73 145
33 44
34 38
22 152
199 176
66 125
189 158
103 162
91 36
67 12
154 143
161 153
99 137
113 3
107 53
20 55
44 165
54 189
28 33
62 185
16 78
80 181
88 58
3 37
156 85
17 173
161 94
66 133
102 57
74 30
36 181
53 13
87 25
135 52
43 156
82 1
36 85
106 46
108 102
80 90
193 136
186 82
139 96
119 105
145 8
38 89
141 188
65 126
93 102
55 9
191 163
31 103
21 57
72 165
33 6
181 66
148 194
159 189
143 15
138 3
128 72
185 115
39 26
126 29
176 110
67 36
147 44
51 70
173 9
45 21
147 198
159 61
189 131
112 66
163 30
50 119
123 185
102 25
46 53
98 194
183 173
53 157
105 161
102 122
122 101
63 117
27 187
44 159
118 173
55 5
37 134
116 94
11 162
192 65
54 157
115 48
139 16
82 129
2 164
6 57
78 194
186 44
85 179
45 146
144 149
73 58
29 17
115 191
20 111
164 121
71 102
16 58
104 130
195 173
2 45
177 173
156 113
63 193
195 174
12 154
10 140
63 64
124 56
15 42
17 39
149 173
175 11
177 120
157 102
8 108
137 131
55 197
21 17
51 85
85 18
17 150
187 43
119 77
187 75
190 53
53 82
31 134
82 108
23 32
9 124
81 93
24 10
177 119
199 136
36 106
188 83
62 24
34 184
116 149
77 85
98 85
2 53
184 12
2 99
10 101
187 22
197 71
186 111
36 185
195 131
179 197
170 58
186 0
121 182
181 25
4 134
91 99
72 76
160 46
50 130
130 7
167 35
115 1
165 133
153 30
6 172
32 176
192 92
184 114
135 19
148 151
114 183
161 160
35 4
130 56
140 120
195 113
135 97
16 185
58 39
193 160
50 171
40 45
96 11
169 67
161 177
126 141
40 116
101 73
159 115
62 120
187 89
11 14
18 195
113 6
79 32
107 12
132 19
102 6
58 10
183 99
27 57
79 170
57 131
15 131
25 149
133 131
2 46
186 35
79 122
1 84
121 89
18 146
164 185
92 8
119 9
113 100
128 58
165 45
135 161
63 83
28 5
32 177
23 77
67 83
136 165
40 133
104 195
41 187
63 182
40 19
89 85
96 91
36 48
13 81
110 92
196 73
29 35
12 171
173 135
56 160
132 65
156 175
49 118
136 108
19 109
127 40
118 147
78 31
111 197
54 176
90 83
117 95
82 90
95 63
103 192
19 138
185 167
60 86
104 198
6 186
195 133
43 46
151 169
47 180
113 68
131 29
193 112
0 53
77 1
23 46
5 94
199 34
151 146
78 91
59 48
129 2
39 73
142 186
60 81
16 99
60 61
52 57
76 7
104 73
124 87
7 71
69 48
106 76
125 7
26 45
0 167
188 81
150 0
13 110
24 40
196 34
96 182
96 92
105 158
172 116
4 78
131 171
73 95
57 49
144 76
6 112
152 121
53 65
7 65
146 82
36 191
15 184
163 123
71 52
125 48
96 148
120 53
26 193
59 55
150 166
26 137
26 85
67 35
154 118
21 53
151 154
181 177
134 118
55 8
52 140
147 169
62 6
183 195
190 171
133 49
1 27
14 18
192 10
30 37
111 80
33 99
190 135
195 136
169 72
62 63
0 9
77 19
172 92
108 39
50 134
198 156
168 144
190 26
9 123
71 111
73 176
92 83
75 163
91 149
178 35
88 67
134 116
148 50
44 158
53 83
118 45
150 117
109 78
18 191
80 190
76 70
119 185
153 13
148 27
45 121
121 16
117 35
37 85
45 199
104 97
74 139
25 110
29 194
32 149
26 19
15 20
56 175
48 137
99 59
176 196
15 108
62 25
60 4
175 167
179 34
125 160
44 48
125 161
81 190
58 109
195 94
94 63
70 166
43 15
108 184
83 87
113 4
36 175
153 77
106 18
10 199
29 165
121 55
91 81
129 70
8 178
91 153
176 76
50 115
106 83
122 77
122 190
188 136
102 10
0 44
146 74
26 55
79 154
47 107
177 10
164 78
131 172
139 30
18 186
33 27
108 147
42 159
89 141
79 162
80 34
129 3
4 9
107 9
8 184
181 165
27 84
190 51
125 133
88 19
9 83
159 160
1 110
17 24
160 21
35 131
124 15
106 167
72 111
75 65
80 69
83 127
9 121
146 76
57 95
164 28
110 185
189 111
91 172
44 176
13 65
133 27
40 173
1 42
66 123
112 0
157 76
182 77
59 41
109 42
33 3
85 6
98 20
127 104
186 101
152 61
172 149
4 190
100 59
74 122
116 35
186 109
75 9
56 184
198 66
122 195
170 35
121 100
159 126
94 40
132 60
199 43
182 150
116 51
48 67
90 98
38 136
111 60
120 12
92 17
17 2
84 165
166 21
32 54
149 68
118 187
143 199
133 107
96 94
140 42
53 19
3 51
62 156
167 122
60 99
24 147
77 69
187 16
41 32
160 133
107 175
51 76
74 22
192 60
44 155
60 172
85 76
179 172
154 147
33 18
134 179
25 57
64 73
125 86
189 170
191 43
134 95
23 126
175 51
98 15
142 122
125 23
78 188
38 185
162 145
162 49
32 140
66 51
56 39
175 69
13 98
101 5
107 82
32 132
152 180
50 99
159 80
132 23
182 144
42 83
27 83
158 148
130 148
193 76
158 69
127 178
83 43
92 101
188 183
146 112
188 185
80 95
117 103
162 69
93 7
163 160
158 159
37 112
64 171
35 46
46 59
107 74
185 0
88 151
5 136
66 31
150 20
25 6
142 71
156 20
109 110
199 9
56 10
193 130
75 53
172 189
12 191
21 10
105 165
27 3
46 112
144 59
138 12
14 132
20 1
143 124
186 112
81 8
11 173
142 38
22 137
77 152
87 125
27 11
193 0
198 79
72 41
85 174
132 153
5 131
87 197
137 184
73 90
150 174
190 189
157 107
117 11
135 166
0 119
106 153
55 187
132 158
17 57
179 187
145 77
10 116
171 182
151 198
136 139
193 64
150 25
175 84
77 20
80 94
54 97
122 123
80 141
199 55
110 169
24 183
72 55
105 1
51 59
162 3
149 157
157 43
101 85
175 42
84 4
183 21
159 49
19 106
197 85
189 77
83 177
116 50
19 9
71 131
47 94
73 197
180 26
61 15
18 60
67 142
159 176
33 7
134 101
110 34
121 175
107 33
97 95
165 40
177 107
76 16
42 104
102 191
145 98
185 159
138 18
53 196
63 47
74 99
187 193
156 26
138 94
162 1
17 123
131 49
112 114
194 134
52 35
72 10
10 34
62 39
145 179
42 148
144 121
12 144
53 47
5 0
91 39
139 115
151 107
196 78
59 93
64 172
29 102
105 71
5 15
150 78
60 178
30 172
195 15
162 26
163 73
130 71
195 9
146 61
34 147
178 102
139 152
80 129
130 36
98 75
86 81
179 88
132 33
170 100
128 196
31 155
69 51
59 188
127 132
164 107
96 39
167 63
92 67
66 92
92 187
151 31
195 6
113 129
190 164
99 13
37 10
162 139
75 60
55 169
140 121
187 80
148 70
101 150
34 170
52 157
18 81
191 5
21 178
61 45
195 99
189 95
94 82
22 49
186 13
184 185
69 154
45 156
58 127
193 47
71 40
76 48
110 108
165 65
155 183
186 194
54 44
177 178
136 88
101 46
104 40
142 90
137 126
98 35
105 108
135 112
153 138
150 129
131 135
40 108
32 123
61 31
194 182
164 128
170 31
72 62
138 53
118 112
9 196
92 130
178 96
20 12
157 122
121 58
50 153
140 145
18 187
76 67
188 131
189 123
114 152
118 135
45 123
84 133
153 43
166 185
15 52
46 179
61 129
16 111
195 121
16 156
185 179
158 121
184 171
165 193
194 177
96 102
96 23
167 140
127 151
167 53
153 29
25 130
177 57
151 77
110 68
78 45
22 102
171 25
197 121
149 97
117 24
131 178
24 56
100 7
135 184
125 82
74 142
158 64
176 80
190 143
24 121
159 25
55 28
149 29
141 152
155 69
116 36
193 152
150 59
67 84
192 111
84 179
183 68
40 168
197 103
128 82
189 168
74 111
20 8
112 16
85 5
108 44
173 36
124 155
190 55
83 79
34 143
50 14
151 138
175 100
75 94
126 15
76 50
12 99
114 82
115 68
182 81
38 146
34 86
191 129
84 68
155 181
64 179
139 32
125 20
144 143
48 53
167 59
158 6
82 169
153 60
133 159
140 108
96 183
48 195
188 174
63 85
83 134
47 87
166 180
49 134
6 155
46 114
158 22
80 183
95 1
161 165
160 17
146 13
186 179
56 121
120 127
196 115
175 185
74 100
79 97
157 144
132 74
98 144
159 101
107 22
84 35
14 47
101 82
64 197
145 42
56 84
194 94
28 75
156 3
44 18
164 30
113 199
181 4
196 144
149 40
54 160
11 94
55 138
93 45
36 153
129 19
121 138
162 138
130 154
113 51
100 135
66 191
19 167
195 81
14 102
181 44
180 133
146 148
1 151
133 130
186 188
60 165
159 58
175 140
16 46
176 190
144 91
115 53
77 66
192 152
78 58
119 115
48 170
18 154
181 1
7 147
176 10
151 117
193 61
104 142
46 151
33 189
107 24
71 121
28 146
79 103
120 124
58 122
177 104
165 199
27 134
57 174
88 101
92 107
23 163
183 47
46 79
3 196
43 154
35 182
61 16
92 94
1 62
17 108
95 173
35 28
156 104
172 175
110 82
170 67
39 133
5 167
176 35
30 181
74 134
196 180
123 6
109 62
64 50
75 195
43 42
82 83
183 193
56 165
188 180
109 83
173 76
171 128
198 148
135 178
110 69
36 134
37 128
51 79
134 35
126 30
16 64
108 53
27 163
87 24
191 141
161 68
129 58
2 115
109 26
85 165
95 55
173 66
49 93
111 94
4 121
49 150
98 74
172 188
111 198
46 128
57 88
122 126
76 84
6 118
127 107
133 157
195 57
74 48
147 146
77 175
193 62
181 84
177 2
154 2
175 38
158 60
182 20
191 127
155 80
97 184
111 120
138 41
48 88
89 137
41 49
15 111
141 166
55 183
141 175
133 21
105 92
32 38
29 109
25 128
184 195
32 89
192 21
88 96
74 144
47 98
54 46
76 61
123 162
131 155
63 55
97 158
6 1
153 114
56 131
51 55
44 131
47 52
11 109
99 177
102 51
148 152
192 66
171 124
74 23
199 62
104 157
57 10
129 65
147 139
6 109
15 128
157 127
25 122
53 153
57 170
110 83
165 69
23 13
25 45
19 158
120 131
196 146
113 31
0 91
150 31
71 79
146 118
108 175
87 110
190 64
6 125
61 23
66 79
78 11
33 51
185 71
128 35
24 5
66 127
94 141
62 106
56 152
75 116
25 114
158 113
166 6
35 142
12 100
32 98
62 130
89 197
192 149
31 102
155 57
179 126
16 190
86 112
135 130
19 66
136 115
98 163
195 161
82 163
171 180
37 161
128 67
105 9
6 46
5 34
51 172
30 54
117 173
127 199
32 105
44 137
129 41
43 159
126 191
73 22
120 179
145 102
61 156
155 161
120 194
139 106
101 37
58 130
172 155
113 43
149 191
168 101
138 79
194 2
126 166
125 32
186 63
192 101
27 116
108 77
108 161
51 194
155 130
56 72
136 197
84 173
100 6
31 91
70 120
58 90
192 169
10 159
49 136
69 109
30 60
47 194
65 61
184 176
96 115
161 101
61 6
115 86
174 142
95 188
146 36
103 172
139 92
87 39
85 151
120 173
2 131
187 37
125 140
156 163
16 165
120 68
188 159
88 182
4 46
40 76
24 143
61 131
195 83
145 101
143 134
84 162
91 32
69 172
110 50
189 198
109 80
146 175
110 51
114 80
150 38
41 23
60 136
59 92
102 77
58 172
155 30
13 52
181 6
189 150
119 135
99 123
102 20
110 189
135 117
119 137
21 77
98 179
197 108
38 7
40 88
178 182
158 186
61 99
164 0
83 21
104 143
108 124
121 79
124 107
172 87
177 162
87 175
40 97
176 49
192 189
54 121
152 85
188 139
51 101
80 112
178 49
24 89
59 166
86 159
126 121
140 17
140 123
110 4
7 86
163 166
193 52
52 160
20 126
183 166
196 142
120 9
76 136
192 104
39 189
129 171
169 69
39 24
28 27
176 64
78 82
52 1
87 150
61 89
31 96
130 35
86 38
180 137
6 115
64 89
139 195
186 128
50 37
54 61
103 118
168 156
29 112
90 26
58 133
27 119
109 193
131 127
73 49
86 58
96 142
176 102
163 17
112 157
50 98
157 51
28 92
44 178
100 80
128 30
66 16
5 197
26 21
30 114
99 143
24 51
137 53
77 144
163 101
10 43
7 74
14 143
36 18
188 17
186 144
107 188
160 110
151 113
34 12
108 114
128 143
21 102
95 88
190 199
107 98
180 53
58 36
75 115
129 106
137 88
7 157
7 59
148 188
24 43
34 142
20 60
9 171
176 188
41 134
30 14
162 83
80 82
164 22
11 184
36 78
187 9
198 25
178 164
176 152
98 25
169 76
64 145
42 100
111 140
121 190
103 168
146 184
112 82
7 18
25 164
167 164
87 174
28 15
17 110
71 120
57 181
140 47
173 27
197 183
102 148
145 29
84 72
89 97
169 127
116 171
6 144
35 157
161 64
161 60
25 175
148 163
180 183
52 40
25 26
194 113
94 123
44 53
138 149
96 136
155 142
121 21
47 90
131 94
71 78
140 168
111 126
156 107
193 118
64 60
59 89
2 11
173 163
13 83
145 50
151 179
28 62
69 174
31 169
110 136
125 164
36 176
82 21
63 88
116 20
52 20
75 184
53 61
35 183
178 163
44 105
85 118
92 79
149 194
88 97
194 82
31 63
106 82
81 52
117 197
16 62
51 108
170 191
193 25
185 63
116 44
33 130
38 37
147 185
76 168
13 120
155 123
70 167
4 33
199 83
47 44
129 132
4 92
166 8
36 74
140 71
103 18
114 14
184 40
60 130
30 195
142 75
79 132
151 66
134 156
42 187
141 140
17 68
99 159
64 9
52 62
56 117
86 18
58 17
46 97
196 87
144 72
31 18
179 58
36 103
103 16
151 168
99 3
123 64
79 140
192 193
48 78
36 6
73 166
37 84
169 132
95 17
70 52
137 177
123 195
79 64
21 31
154 32
124 93
182 41
87 115
184 82
41 108
142 183
122 64
133 119
140 67
14 17
106 109
77 127
180 128
116 175
197 174
18 132
125 12
89 170
177 97
37 142
103 13
171 33
189 154
83 71
146 115
183 36
115 56
88 198
34 153
92 113
160 69
129 115
116 11
141 156
8 142
177 51
174 155
28 95
169 12
184 83
106 91
79 193
56 188
24 29
55 22
67 52
116 185
20 172
50 177
139 42
154 111
166 58
56 53
24 70
154 126
115 144
93 32
82 32
21 15
61 51
134 18
180 73
17 7
173 145
72 3
136 135
53 72
181 97
153 194
178 59
6 173
99 68
101 3
68 180
70 61
183 170
15 119
121 128
99 41
47 33
52 173
123 153
81 21
138 132
70 34
99 28
197 46
28 80
4 97
60 174
53 147
88 65
27 42
168 163
36 31
199 125
164 88
169 54
113 180
44 51
196 25
156 166
49 26
83 50
7 164
13 89
39 84
92 73
75 80
151 91
174 28
64 35
137 133
127 78
123 26
106 7
15 33
153 107
53 139
145 3
66 48
189 25
103 167
103 188
89 167
21 79
110 63
60 124
67 53
32 33
64 114
73 151
170 26
10 47
16 22
89 125
162 105
61 25
172 115
65 197
164 197
161 164
173 98
28 138
57 63
58 65
33 46
24 3
115 9
199 109
69 42
90 180
48 136
43 197
161 59
116 73
123 180
100 35
190 113
54 175
42 157
182 190
155 13
64 149
45 142
176 16
151 137
78 146
40 120
60 5
34 112
172 157
175 170
199 39
55 185
75 26
188 71
165 182
175 162
91 171
180 77
50 165
139 52
5 194
120 92
197 189
98 187
41 151
163 85
185 195
47 124
149 46
183 65
125 57
16 34
112 64
68 142
45 35
49 94
132 44
195 143
106 102
25 192
159 77
39 75
77 110
18 28
123 56
183 88
75 74
53 160
118 30
18 48
196 63
171 185
74 148
186 90
171 157
192 105
192 140
20 27
94 29
124 83
25 154
25 56
176 59
171 42
8 62
86 153
194 9
164 132
100 10
88 6
196 117
64 154
170 165
172 26
13 170
104 145
183 148
59 154
163 56
109 198
141 171
181 156
119 152
9 132
146 119
184 182
109 139
27 102
15 122
106 147
16 167
154 140
102 195
120 23
144 47
122 3
193 32
14 173
123 16
177 80
110 56
154 144
187 159
72 172
14 166
50 54
99 24
25 173
174 109
138 102
105 155
44 50
117 188
3 56
75 148
60 96
109 125
136 25
166 192
86 198
131 144
163 86
192 63
195 145
10 84
23 29
93 0
130 80
197 26
18 151
22 199
16 45
136 191
49 87
81 167
157 41
56 83
40 33
66 30
181 41
16 115
162 77
37 6
53 129
185 17
102 130
40 101
113 15
71 94
47 4
134 39
164 13
125 70
139 150
46 50
158 164
121 184
135 38
150 118
45 81
190 28
179 158
115 175
132 22
43 133
13 180
20 191
114 41
97 20
48 91
100 50
44 177
130 198
153 56
41 4
86 194
151 61
53 7
180 92
22 23
96 197
162 114
85 116
69 60
24 69
156 50
166 23
12 68
166 45
111 145
163 187
120 115
4 182
35 168
120 172
100 71
129 76
160 119
54 43
117 38
144 16
46 142
115 60
134 145
51 73
82 176
114 67
139 99
126 37
181 63
191 146
173 111
131 19
7 101
43 144
167 85
117 116
165 6
41 13
180 61
36 171
153 191
103 78
65 71
97 82
151 180
6 134
157 74
124 37
155 83
196 171
116 2
20 184
66 101
139 33
68 80
10 4
21 144
157 77
15 84
184 177
131 125
49 13
174 24
28 20
178 148
93 29
126 103
171 177
28 86
84 78
192 58
62 56
53 12
152 23
126 170
148 65
138 129
41 166
91 112
146 143
159 179
143 159
102 124
112 78
115 28
52 198
32 25
160 51
123 130
115 169
77 137
52 66
45 42
125 69
102 152
199 166
118 56
106 162
73 110
170 147
11 100
182 94
23 73
12 175
48 121
100 0
2 169
22 50
189 44
131 39
73 136
1 145
103 191
78 2
183 17
9 25
127 81
8 124
76 22
67 151
65 68
17 130
70 93
121 33
148 108
4 43
49 7
4 118
88 37
126 164
150 144
106 116
124 180
196 109
178 189
33 58
130 172
136 119
186 68
146 43
74 179
136 134
18 77
34 144
36 158
23 81
181 193
85 115
191 28
171 92
20 72
112 170
21 156
20 161
16 41
106 154
35 63
183 149
125 36
89 114
53 114
40 187
11 58
49 100
182 113
99 142
178 5
102 26
190 23
18 112
97 192
189 63
133 26
134 107
94 127
96 6
6 163
16 31
130 70
0 37
112 90
46 26
53 118
64 125
174 185
80 128
176 173
148 126
106 137
26 128
13 178
97 148
13 149
50 117
49 61
153 177
107 71
133 81
192 77
96 82
162 51
190 35
112 117
116 186
157 111
109 53
199 37
88 194
85 172
92 6
165 162
45 178
9 149
134 170
137 185
192 71
45 86
51 100
3 171
27 99
104 23
1 132
186 173
106 183
179 133
128 102
155 194
40 195
74 168
29 56
189 83
69 178
53 134
28 169
186 51
198 110
135 68
186 156
122 24
170 157
174 72
39 190
139 59
158 188
129 109
72 176
61 36
178 83
7 188
179 11
171 68
1 191
38 137
76 197
51 53
136 86
65 182
73 98
123 58
4 73
78 102
80 96
158 31
192 78
135 91
188 130
194 139
141 10
81 172
197 165
44 136
175 101
85 120
6 151
125 78
58 119
73 152
37 120
119 183
0 138
140 189
151 95
150 60
63 20
190 138
125 29
62 102
177 188
137 142
2 9
34 97
177 58
111 31
99 180
159 71
108 132
27 143
60 186
174 27
77 167
71 103
194 108
177 157
37 155
21 127
65 118
10 132
161 117
38 81
115 164
188 94
99 109
40 144
79 101
168 166
192 158
71 166
40 157
140 102
189 57
143 106
161 146
112 115
19 14
9 167
13 18
11 88
145 133
98 42
183 75
96 159
165 115
25 46
136 13
95 198
59 102
105 77
148 41
69 64
189 118
120 167
174 95
148 99
27 70
155 136
75 101
25 143
61 74
75 20
82 102
154 187
49 157
135 46
112 48
92 131
171 51
155 51
1 46
14 2
108 117
107 140
131 107
139 38
102 133
106 189
144 62
104 171
62 145
59 183
99 103
182 74
153 100
109 67
161 184
167 115
81 122
24 94
132 190
91 134
123 12
12 30
76 115
169 148
85 176
45 189
78 134
159 34
190 133
135 79
60 98
118 110
118 171
182 64
2 56
100 14
172 45
71 183
69 14
90 172
97 62
34 40
34 178
88 144
127 54
42 167
15 180
123 172
82 35
74 187
8 175
57 186
198 100
118 181
57 20
113 12
101 94
27 135
169 113
81 149
184 119
110 166
82 4
14 82
95 83
98 186
138 168
133 52
189 60
39 32
195 0
167 45
142 197
2 162
71 176
43 188
112 143
169 166
41 63
88 148
179 35
115 63
167 4
183 45
73 17
195 147
10 155
176 20
49 154
174 175
90 44
57 112
74 167
172 56
75 1
35 191
93 6
180 48
23 188
153 52
26 121
142 51
62 168
18 172
136 160
181 173
113 140
150 110
91 74
154 173
161 163
48 46
62 7
127 171
8 39
105 36
113 179
123 127
89 117
106 29
108 63
175 86
163 120
16 157
144 164
51 150
29 41
1 88
96 62
82 165
52 17
25 77
141 144
133 73
34 65
38 85
70 116
189 115
157 146
158 81
37 76
148 23
51 170
108 93
60 2
44 94
78 14
43 85
10 163
63 179
9 58
66 14
57 161
129 170
158 1
72 40
42 118
126 106
34 79
43 75
84 21
77 82
166 62
64 167
141 85
198 13
9 76
0 8
141 121
192 89
9 98
105 185
58 111
70 0
139 108
54 106
58 171
12 109
119 43
67 16
14 97
5 44
8 45
108 33
84 60
119 117
196 52
62 172
189 6
73 78
108 156
79 161
162 109
158 14
48 117
21 56
149 136
80 121
58 184
48 55
158 147
31 163
147 122
165 97
161 51
15 132
55 66
42 47
134 60
177 54
10 160
43 105
14 87
124 187
29 142
151 105
172 162
125 62
10 25
168 123
118 59
56 189
4 98
41 85
172 59
61 87
197 130
181 95
147 54
177 185
156 90
45 57
92 183
108 118
94 192
170 96
152 101
196 62
43 77
128 108
24 64
99 77
182 32
176 185
100 158
140 2
122 29
170 68
49 52
132 163
33 104
8 127
44 60
9 91
189 125
116 121
168 71
197 2
117 23
4 124
36 112
79 43
175 117
42 49
46 21
33 98
46 183
54 23
129 79
116 191
29 196
39 77
77 70
41 121
78 193
6 120
5 170
49 88
15 149
92 158
50 25
192 175
90 146
59 143
108 158
35 181
15 83
170 120
189 171
123 70
0 120
193 17
47 181
74 18
145 52
48 151
34 177
19 93
193 91
150 91
26 113
126 175
168 34
13 107
65 139
130 75
75 124
155 35
54 34
94 113
105 131
107 45
17 170
149 139
124 141
128 113
95 184
139 41
193 155
97 28
81 112
51 57
113 98
55 180
154 116
24 157
129 166
37 178
138 2
189 31
154 107
104 88
197 54
18 83
133 30
180 66
194 198
132 90
35 137
101 143
107 36
146 1
163 141
173 160
65 79
56 116
88 23
132 191
3 58
5 22
193 41
93 157
145 150
131 154
131 129
84 6
8 88
159 117
108 74
11 194
16 169
50 27
132 126
8 57
165 5
109 4
189 141
87 179
32 178
74 8
146 104
14 74
100 160
130 182
83 35
33 92
103 2
138 56
117 34
140 129
189 108
81 89
167 65
97 160
74 123
41 118
152 15
42 23
6 16
52 147
12 149
165 22
91 169
188 115
86 170
16 88
82 130
7 194
33 191
189 87
105 178
99 56
145 100
45 23
158 145
120 99
32 53
116 102
105 17
30 160
33 105
171 119
67 121
113 21
15 161
9 87
14 67
148 82
29 1
95 91
97 187
125 16
185 30
126 163
93 189
101 62
33 156
116 93
77 169
150 199
95 176
112 181
126 177
85 131
152 51
114 167
193 170
34 104
2 7
64 47
179 144
162 143
148 104
12 148
47 176
22 24
6 58
23 12
45 198
43 177
166 53
29 5
70 64
66 20
182 82
76 108
153 89
9 78
92 169
137 73
42 144
40 46
96 150
129 35
137 167
173 7
132 187
68 116
44 77
143 60
183 40
28 148
158 196
74 64
187 166
58 37
123 23
75 149
146 58
193 102
37 190
179 43
147 13
11 131
89 30
62 60
115 47
153 190
151 62
0 43
194 69
191 112
92 182
144 162
37 4
6 170
69 119
145 154
76 148
35 86
157 173
54 102
2 113
86 92
77 4
93 60
39 48
195 44
158 39
132 5
93 104
74 89
110 124
100 44
21 96
171 191
58 196
38 58
197 62
68 3
144 4
188 100
34 186
95 111
144 155
154 192
111 79
119 131
128 7
185 58
72 67
24 66
188 123
133 31
92 61
47 84
83 73
147 95
63 122
189 169
39 88
45 89
38 180
29 130
40 166
170 123
80 12
4 26
17 0
36 33
129 101
159 113
157 29
134 42
134 76
93 153
11 174
92 84
99 42
94 95
198 101
198 14
112 179
85 132
176 21
159 141
48 166
77 147
8 25
94 10
27 78
82 37
145 36
21 87
90 113
165 110
46 47
21 172
95 103
6 11
107 40
198 124
4 69
98 140
34 125
187 68
142 199
47 86
91 130
76 101
143 75
178 176
9 178
111 59
51 163
148 197
103 161
80 136
122 134
14 182
198 18
133 3
96 109
25 119
93 187
23 182
150 97
46 80
133 163
170 14
52 182
122 88
151 144
69 59
17 5
15 29
60 15
14 24
26 173
111 184
16 89
13 15
187 0
34 81
92 116
174 96
167 155
18 57
165 76
12 197
64 134
82 79
165 130
5 90
51 25
29 97
27 197
117 6
35 102
61 90
77 146
2 192
113 41
28 177
128 130
46 137
124 148
12 27
177 77
92 54
29 138
152 116
191 82
192 198
123 36
113 136
89 52
182 175
47 114
143 122
140 72
98 119
86 130
105 179
130 113
142 172
156 28
55 163
139 187
167 118
92 82
187 125
139 78
6 59
141 139
108 164
185 99
31 46
105 93
106 105
73 114
158 167
183 29
137 57
176 111
128 75
160 4
18 179
19 150
100 194
43 167
191 79
88 178
56 90
101 197
3 28
133 96
3 164
137 178
110 3
154 85
174 54
57 122
74 169
13 72
97 143
55 158
12 102
112 123
40 38
15 88
64 0
192 187
45 141
188 21
9 164
128 12
0 7
110 86
111 56
102 55
153 160
121 92
88 112
150 80
179 137
54 73
5 103
3 108
112 77
124 66
33 103
185 121
22 173
110 78
105 167
18 71
135 107
96 188
141 199
62 115
37 160
153 104
179 66
174 48
105 159
181 138
108 138
95 180
78 126
74 181
31 29
115 54
53 50
141 5
172 52
165 59
182 125
7 181
166 10
91 59
47 45
121 179
100 148
141 74
123 106
30 197
104 181
13 25
36 115
195 186
153 187
46 122
87 113
122 35
177 134
101 180
63 146
140 73
151 194
0 142
77 160
59 27
56 173
19 34
159 85
24 135
134 183
25 41
120 69
81 143
161 48
131 182
8 30
77 178
140 1
43 181
23 199
194 89
106 148
68 162
156 130
2 110
54 199
129 25
31 117
64 187
199 116
50 15
129 116
177 6
27 110
57 40
113 161
127 53
61 190
190 145
0 40
77 0
117 146
31 177
135 77
113 40
79 112
137 145
189 2
124 105
1 31
151 36
139 164
55 89
14 165
84 194
90 89
142 78
187 29
185 82
56 177
44 120
24 172
66 23
157 84
62 5
91 19
123 165
34 190
145 119
99 174
173 169
85 157
134 14
123 144
62 66
62 104
27 146
126 112
106 69
142 171
117 70
79 187
101 18
136 158
163 115
145 49
185 32
66 118
33 109
94 162
22 150
142 120
121 166
61 111
102 137
1 23
28 11
3 117
113 134
154 8
56 191
125 58
121 119
166 31
155 103
109 35
129 48
126 124
168 119
21 143
129 146
112 169
149 65
11 124
93 150
54 134
37 135
161 70
157 186
184 189
196 177
28 172
182 163
149 178
6 51
150 149
54 104
171 101
130 124
199 15
142 32
24 98
106 131
69 131
160 186
9 11
2 153
84 3
151 119
20 40
165 52
150 119
51 184
147 173
178 171
117 134
162 178
104 5
70 5
96 85
76 93
68 86
86 91
179 89
74 87
47 116
70 188
20 124
196 36
96 177
56 85
151 114
69 41
67 31
122 54
15 151
10 74
44 70
184 36
92 143
56 7
138 99
187 20
53 34
187 96
16 79
43 38
143 110
130 54
27 47
197 152
168 191
69 8
142 191
4 195
27 29
14 46
136 34
198 108
26 153
115 132
36 95
48 199
48 175
117 60
42 112
49 69
6 21
38 10
119 163
148 36
151 80
132 43
181 199
153 176
149 7
134 153
15 150
142 20
95 156
161 167
83 61
157 25
77 193
133 1
199 112
97 195
19 104
102 184
148 72
179 62
57 70
192 172
75 174
56 178
49 119
78 66
2 130
189 79
86 154
72 33
118 137
43 176
195 146
196 193
134 23
89 79
39 132
180 74
150 47
129 57
79 69
164 90
173 198
142 105
70 75
142 28
114 124
95 51
114 94
80 106
183 163
23 195
192 110
84 40
143 165
181 103
176 12
9 72
176 65
71 1
61 140
63 24
124 188
76 132
132 7
71 47
68 182
16 133
180 191
150 103
46 126
65 5
51 19
52 79
99 22
126 186
143 86
166 35
7 3
101 183
79 36
8 171
115 121
168 187
119 111
166 170
108 46
61 154
1 45
6 39
131 95
58 72
17 167
172 31
125 56
164 119
152 142
197 15
154 46
101 157
45 110
70 131
21 20
128 169
33 14
165 108
42 16
60 22
196 86
174 156
170 179
124 175
194 161
57 178
75 24
47 178
173 45
20 7
108 19
45 145
17 181
11 163
174 141
145 68
98 162
161 122
134 80
71 113
55 142
166 152
185 57
80 2
177 46
138 117
122 139
142 195
53 174
195 8
188 170
24 20
66 99
90 64
99 133
90 4
178 197
183 151
19 98
32 169
176 157
27 5
31 139
111 129
168 141
151 76
186 125
91 89
46 134
37 9
136 118
66 21
141 167
60 55
132 112
158 8
107 163
63 105
30 92
102 136
10 27
15 2
191 74
93 179
27 96
1 21
10 85
34 89
70 65
69 171
81 197
102 39
178 90
111 47
149 135
14 65
160 195
189 51
143 44
67 125
116 59
191 21
146 68
55 171
176 88
174 128
145 90
77 161
117 185
128 60
118 176
13 133
33 196
110 135
7 43
99 40
70 56
193 121
1 106
199 40
152 91
138 128
96 81
13 94
191 53
90 169
102 186
114 28
138 144
139 87
148 170
177 163
166 165
131 7
45 67
131 52
196 81
164 130
139 61
118 139
119 143
129 167
189 37
41 161
170 62
115 147
30 184
195 180
120 159
86 22
192 59
42 35
27 183
101 99
149 42
192 80
25 12
91 82
79 165
65 174
175 191
91 170
71 76
50 155
191 2
8 24
152 110
98 192
161 0
113 84
57 139
67 6
170 196
181 90
61 155
2 147
87 166
144 114
197 78
74 43
135 191
158 172
179 150
19 67
70 190
8 72
11 110
17 117
0 38
140 115
54 85
24 131
50 193
126 61
164 180
159 107
67 138
145 152
82 133
55 137
4 49
62 176
63 18
108 78
169 125
32 109
168 14
16 40
135 20
5 162
192 4
10 114
92 147
89 2
51 136
16 132
10 82
71 41
78 47
155 138
64 53
38 51
158 56
172 108
129 176
116 24
31 110
104 15
122 128
98 120
62 121
136 116
76 36
175 193
152 86
81 25
193 22
193 171
12 180
151 103
121 101
65 158
104 164
88 94
30 91
80 23
146 48
13 3
132 51
85 191
33 23
65 25
25 70
41 7
77 34
195 137
32 119
61 169
96 33
26 74
86 127
70 19
102 28
8 68
55 96
83 157
146 131
36 43
90 133
59 43
141 151
107 126
68 125
117 53
117 39
29 49
190 69
115 142
180 16
129 50
100 171
153 147
123 121
171 21
22 157
78 155
192 67
82 172
59 155
103 102
31 114
129 142
68 30
163 89
69 130
8 115
62 173
55 151
148 95
128 20
83 171
176 68
158 126
192 91
81 77
44 1
5 158
36 5
24 32
178 118
41 58
130 0
140 165
147 75
111 127
197 106
179 75
76 138
101 42
90 30
61 194
173 73
120 4
106 33
185 45
155 188
48 162
47 56
88 89
105 104
183 165
31 75
127 1
79 7
181 50
50 103
43 90
39 172
189 187
177 125
95 11
147 119
146 56
18 171
192 184
1 169
70 146
8 119
40 53
184 190
138 84
60 21
24 177
126 47
63 84
156 71
3 57
170 173
39 139
26 94
2 30
72 130
88 50
1 2
99 157
165 24
80 161
72 47
101 144
103 25
51 46
140 60
46 127
182 6
153 76
81 131
28 130
78 43
3 88
143 172
146 136
143 3
144 117
138 148
25 162
21 153
138 110
123 88
157 20
117 36
112 131
152 105
112 130
182 55
89 41
122 173
145 61
23 18
149 51
89 111
87 160
146 127
119 84
153 20
20 186
7 45
138 146
144 60
30 176
177 49
182 187
2 127
21 16
67 127
151 87
152 57
96 111
47 164
137 37
111 114
56 128
19 199
116 151
97 114
39 192
137 160
95 35
38 168
111 24
105 140
151 24
92 65
136 190
104 190
49 45
182 142
1 199
163 192
123 108
184 31
42 88
9 36
24 130
139 116
28 155
3 140
10 9
159 151
35 92
33 166
100 13
181 59
193 147
155 166
161 107
168 49
191 162
24 170
1 57
53 125
115 41
52 199
68 138
61 130
175 17
80 81
34 11
9 35
8 98
84 160
14 90
118 124
158 125
181 88
82 139
63 120
110 104
1 55
173 161
160 35
7 35
19 148
39 165
135 43
25 190
195 80
84 170
2 193
128 194
63 165
74 12
159 82
156 137
126 87
79 11
184 160
15 25
84 42
13 115
49 189
182 76
12 181
86 61
67 57
12 33
147 161
1 176
14 186
190 118
0 183
191 32
122 151
45 30
188 29
170 124
54 180
145 21
163 108
108 159
131 173
167 15
196 5
97 7
132 20
188 120
66 95
69 40
60 34
15 194
57 154
181 146
11 67
62 47
45 149
171 135
182 53
65 30
71 139
163 42
125 118
56 60
46 3
189 24
168 73
100 30
129 13
101 189
187 147
37 42
131 176
49 31
189 148
59 146
29 48
139 48
93 111
115 138
142 154
20 32
15 32
162 76
72 64
52 102
18 38
52 29
4 17
190 131
30 112
109 63
195 151
77 125
77 63
171 37
128 64
65 18
192 79
156 188
75 87
1 89
156 112
53 55
37 47
183 104
99 198
142 145
154 124
148 54
26 50
109 82
116 159
187 94
115 187
196 192
165 9
69 137
29 192
54 151
196 18
60 154
180 45
134 148
62 69
144 102
44 102
199 86
84 24
33 188
40 125
25 115
40 93
193 13
98 174
144 175
130 11
168 17
72 69
140 31
10 135
18 70
155 58
193 46
118 162
151 39
95 26
175 143
111 63
119 173
88 62
50 35
69 44
134 140
184 59
44 72
161 76
27 115
26 150
32 136
10 153
173 127
7 198
10 8
153 82
1 174
96 14
8 130
75 46
45 140
41 164
60 88
24 34
143 77
114 134
118 113
100 109
21 114
60 167
198 105
137 120
167 162
134 161
109 163
113 18
179 122
195 27
117 164
30 50
143 79
151 185
57 24
54 198
20 76
160 32
29 61
136 127
90 8
62 73
39 44
180 9
91 189
177 124
87 19
188 73
76 112
68 172
145 192
19 157
55 141
96 125
180 115
91 195
137 83
190 85
27 46
52 51
89 105
174 47
44 104
139 172
106 196
194 116
24 154
165 192
11 103
155 74
53 187
151 177
155 157
147 182
79 148
115 94
20 199
23 27
182 91
39 136
129 73
193 159
198 71
27 179
59 45
114 16
66 57
142 88
97 100
27 128
198 168
71 165
63 171
48 5
79 145
191 17
115 82
140 94
116 131
63 126
167 46
82 123
120 156
125 152
143 168
4 67
199 169
173 104
76 18
66 164
11 65
15 165
103 183
125 28
52 23
10 75
149 8
123 29
98 188
165 189
165 195
51 91
87 63
134 12
31 162
75 180
22 18
9 6
24 156
71 144
195 2
108 87
81 168
119 197
11 45
95 124
9 81
47 170
140 157
123 42
31 83
54 38
69 35
133 124
135 86
52 59
22 34
176 139
157 34
198 122
137 141
104 12
113 191
44 87
12 108
106 27
22 144
46 136
138 109
26 115
105 136
8 186
43 139
160 157
182 48
29 73
81 123
42 147
71 164
51 151
199 38
1 123
138 114
50 23
16 49
150 164
141 47
38 52
7 112
45 31
81 171
20 36
158 48
153 121
47 168
167 154
100 127
61 127
171 14
49 27
42 41
98 138
120 145
144 147
103 82
49 96
72 146
19 52
95 168
89 62
65 28
123 68
112 20
181 70
109 134
67 166
4 5
131 63
165 184
21 73
168 36
70 127
184 50
114 95
100 36
146 23
46 57
55 23
138 142
172 29
127 42
65 31
43 111
167 44
84 104
38 119
88 187
29 47
66 17
158 194
11 146
109 153
102 48
124 43
183 189
26 164
81 94
31 137
106 163
137 19
91 100
111 83
161 32
119 106
192 0
187 180
67 177
92 48
77 16
126 14
136 84
129 40
63 56
196 105
63 75
11 153
96 15
175 155
170 28
192 109
31 76
196 89
154 75
134 38
93 75
186 134
89 31
174 163
120 15
118 105
102 105
65 170
191 134
129 0
3 39
147 112
77 111
26 142
166 184
197 74
197 159
11 71
82 166
176 162
146 167
58 168
157 27
14 76
95 149
167 189
98 3
69 116
182 75
98 132
83 52
132 59
84 46
110 154
38 63
65 57
72 125
184 104
94 171
111 152
148 55
6 175
73 16
184 147
92 62
0 121
191 193
34 123
141 70
151 63
173 102
118 158
147 101
13 126
3 80
132 67
125 88
157 17
20 165
162 90
58 7
86 75
164 60
30 192
47 74
174 182
5 130
130 10
169 9
42 61
152 124
34 162
28 57
174 169
36 147
36 114
178 166
6 180
112 55
150 175
22 169
129 89
38 155
160 29
5 152
36 188
9 40
175 186
27 121
143 83
15 129
67 0
69 124
8 44
156 150
72 26
167 101
97 156
112 195
100 103
51 11
76 179
80 185
94 136
170 21
146 172
23 181
13 54
47 156
19 166
21 164
5 159
52 126
61 116
196 130
64 127
163 142
61 84
185 189
75 123
177 62
88 165
2 4
130 183
103 127
164 49
136 40
75 164
189 182
28 171
38 17
42 58
4 95
112 70
53 93
92 115
128 132
131 16
165 146
48 77
91 140
85 35
108 179
88 18
107 66
33 180
44 29
163 118
174 193
179 67
108 35
189 35
31 174
20 2
192 122
10 173
7 136
102 53
19 8
134 146
178 2
171 158
78 141
117 54
105 64
79 19
90 104
140 170
138 34
77 139
15 79
115 7
19 12
59 16
125 188
173 43
109 144
123 35
94 33
46 178
183 20
17 151
118 141
146 37
144 14
45 116
151 37
29 98
131 151
96 66
36 90
16 28
0 176
116 195
94 185
10 16
197 156
148 46
89 120
172 94
31 194
164 29
85 29
193 107
112 188
59 29
97 163
109 158
22 196
199 50
170 85
161 109
31 195
191 151
114 177
64 87
78 63
127 150
142 11
198 42
155 65
73 121
113 149
76 158
187 59
103 101
0 23
124 72
41 38
93 80
22 126
121 191
129 62
146 110
160 1
43 93
195 157
187 56
112 67
180 49
142 116
90 119
185 134
38 8
148 1
80 29
186 95
44 37
2 3
196 91
12 8
110 148
107 73
73 177
106 149
82 24
148 122
52 84
75 146
70 15
153 184
147 163
195 42
189 134
140 136
186 103
171 199
22 42
92 77
28 56
144 3
18 197
169 146
71 181
50 162
77 156
20 166
122 145
56 17
88 152
140 80
121 1
98 183
70 191
169 104
186 93
5 97
68 27
54 87
171 136
173 74
178 68
83 164
196 60
134 96
27 56
64 7
115 29
42 199
22 153
168 160
81 148
22 63
52 24
32 64
199 139
103 59
184 172
196 30
22 64
79 118
152 3
159 38
64 28
0 22
157 113
90 131
24 49
97 96
52 183
177 159
47 100
117 98
55 64
26 77
1 103
77 165
77 59
172 42
117 7
177 26
20 95
83 181
17 78
6 65
143 90
100 53
156 86
51 80
89 119
22 15
192 195
62 133
175 68
52 32
159 93
73 187
129 7
18 37
136 150
148 10
171 72
67 49
13 124
76 139
6 171
100 144
10 81
194 28
112 198
82 116
74 33
112 172
119 189
60 125
10 117
112 8
78 75
58 34
147 152
58 75
37 57
118 75
122 113
131 183
116 83
55 108
40 62
68 33
21 32
187 2
12 160
138 178
39 181
174 58
85 68
15 12
26 157
132 197
45 135
168 11
155 2
101 173
55 101
72 190
181 26
85 153
22 66
118 186
93 166
72 118
22 166
86 49
30 51
16 23
150 146
94 117
190 95
133 28
12 111
177 176
125 136
181 14
145 159
91 24
2 94
29 63
144 113
88 184
158 143
115 194
9 59
90 72
6 185
104 32
182 70
97 102
7 81
47 172
148 11
183 157
56 126
182 159
76 142
124 151
61 120
98 87
144 55
38 21
97 125
24 48
105 127
134 61
94 48
101 70
176 3
61 115
121 20
62 21
111 76
0 118
55 195
183 147
87 4
146 108
154 101
125 145
169 52
58 148
123 181
64 174
41 14
114 79
68 169
8 97
119 166
83 168
70 99
155 164
198 28
13 14
41 66
195 37
88 64
174 80
61 80
155 48
98 23
135 133
60 173
86 158
48 154
144 73
114 186
36 70
126 42
198 149
28 186
0 157
168 43
137 64
84 130
149 74
172 49
142 179
109 135
128 22
96 24
63 178
10 78
115 102
18 79
124 5
16 71
102 24
149 102
174 134
125 3
95 144
11 87
58 82
62 30
38 127
169 5
65 146
98 147
14 5
118 33
34 127
93 144
75 176
142 149
171 54
77 61
78 118
170 104
179 94
20 173
117 118
152 137
27 92
68 114
6 64
55 192
107 55
129 93
36 121
3 35
148 53
54 120
39 179
185 3
172 159
120 95
35 159
47 3
103 49
149 5
25 17
115 12
111 115
106 35
196 65
30 143
21 154
99 8
97 33
86 64
187 108
164 191
113 78
105 14
158 184
142 130
105 70
46 116
60 57
21 55
11 164
121 66
9 21
121 162
111 44
91 120
169 59
117 199
32 19
112 31
43 131
180 65
138 116
160 49
99 82
84 158
182 136
198 165
54 196
197 185
19 7
92 56
158 66
152 133
158 130
144 31
94 158
59 173
151 186
65 114
168 116
21 106
55 70
86 157
179 143
146 0
68 124
72 170
29 148
122 106
81 70
165 47
185 193
139 181
174 14
65 153
32 114
109 126
36 124
81 27
173 139
161 170
189 164
129 183
133 122
104 17
94 105
18 87
63 123
97 19
123 10
74 159
172 144
169 15
147 104
29 176
145 37
130 127
65 86
167 36
176 11
160 59
106 177
55 77
119 141
116 183
46 77
100 31
55 170
21 124
115 55
186 176
135 34
118 70
190 0
156 152
97 159
170 3
169 175
16 117
189 59
177 35
41 26
62 59
13 90
188 27
126 38
184 84
105 157
133 149
23 153
61 150
90 134
164 170
155 33
12 132
191 181
21 135
70 22
64 37
140 30
106 185
29 141
27 72
167 8
67 106
72 71
67 91
194 117
97 199
131 179
199 178
39 118
197 170
147 9
191 118
137 182
113 47
159 17
36 10
115 69
97 24
60 27
191 90
129 184
100 46
176 51
189 55
182 117
19 122
93 128
42 158
32 73
180 62
149 185
32 11
106 66
159 194
108 68
21 34
99 17
153 46
6 10
23 69
187 130
172 101
86 183
76 57
37 109
4 13
8 89
150 132
164 59
6 3
54 10
110 35
186 75
108 176
64 153
18 178
100 161
126 104
98 10
74 50
99 98
173 53
27 139
66 36
28 4
31 68
76 60
43 66
110 132
97 101
158 154
197 66
126 67
50 123
5 157
166 46
137 71
133 154
86 9
108 21
196 32
88 132
3 50
15 106
62 139
190 167
181 187
189 117
30 131
173 19
85 7
32 66
41 124
30 170
159 131
155 66
46 69
8 31
183 118
91 142
86 57
54 6
128 14
26 117
199 159
12 9
142 15
181 101
51 180
116 127
21 131
131 128
43 47
184 109
178 94
145 47
114 48
134 7
71 53
189 0
66 64
176 168
55 104
129 55
44 46
98 154
75 90
180 155
134 108
40 194
14 6
139 47
180 80
76 163
89 148
82 156
161 75
80 131
180 170
138 8
50 149
89 65
5 18
132 34
65 77
120 193
165 61
149 96
117 20
1 15
41 168
38 23
22 109
99 37
27 16
153 83
102 56
96 137
106 58
189 130
72 29
175 46
26 122
150 154
144 183
117 122
2 107
0 188
25 29
185 150
106 120
188 45
180 169
169 106
81 57
27 118
66 33
199 76
116 123
89 73
174 167
149 26
2 172
76 11
121 30
81 49
79 105
190 96
4 191
193 18
133 42
129 123
92 165
105 61
179 160
171 65
145 117
124 77
16 155
67 80
157 15
80 14
150 65
1 12
181 76
61 132
39 20
136 21
171 105
57 169
129 185
9 172
0 172
7 94
79 150
79 115
154 166
196 1
99 7
168 20
3 148
181 11
37 68
70 178
71 77
122 191
158 50
131 100
48 15
29 150
107 5
198 93
126 198
16 53
12 90
35 12
152 64
143 123
187 57
31 62
45 51
88 161
26 0
128 71
92 3
162 196
52 53
24 120
70 54
65 162
157 129
23 171
32 108
68 49
3 62
143 149
105 54
56 120
169 97
63 5
155 146
1 53
157 44
106 165
31 186
115 135
3 5
71 22
43 110
68 188
193 162
111 75
28 8
157 28
199 114
47 117
22 26
95 13
194 131
25 183
64 49
174 46
112 176
18 128
20 82
69 63
140 23
136 18
2 50
138 173
103 93
82 122
125 172
27 38
133 18
196 164
102 36
99 188
79 134
166 55
81 44
31 57
115 30
130 49
107 15
117 46
53 98
85 109
40 60
25 59
30 105
32 126
32 45
196 80
170 1
96 16
146 50
6 129
163 83
101 108
39 36
113 81
161 61
73 127
3 181
57 0
88 166
13 87
52 88
190 127
177 45
89 116
118 127
173 129
127 195
166 61
16 159
62 126
14 62
42 34
137 56
103 195
100 125
193 84
83 32
111 23
97 129
119 54
144 190
68 36
11 198
71 81
152 45
23 59
85 79
181 126
5 184
3 134
192 155
94 176
79 38
149 131
86 169
199 170
182 50
79 48
65 2
133 194
167 159
192 138
128 28
90 159
80 156
0 84
35 53
127 135
148 196
92 29
174 145
75 107
143 46
69 113
135 144
101 137
128 137
7 88
146 19
117 113
188 37
163 176
33 143
115 18
129 29
110 46
190 139
24 171
88 134
49 138
53 135
73 14
166 79
150 69
126 152
44 190
103 83
111 14
190 49
127 101
193 24
116 103
72 83
135 13
161 67
19 105
178 195
85 82
176 39
77 36
86 71
27 144
167 102
81 47
95 109
26 145
11 49
98 96
196 127
188 135
25 134
38 124
86 166
77 141
91 156
56 182
9 106
45 94
163 151
195 71
9 61
151 98
81 74
116 13
170 50
44 153
55 134
67 25
198 74
146 26
6 141
12 52
196 41
83 7
143 62
89 181
108 166
13 140
175 15
188 111
96 147
48 186
52 104
148 147
92 9
171 80
133 117
86 93
132 180
3 94
125 26
3 76
104 161
181 159
165 19
64 68
68 22
185 100
154 78
125 11
195 62
152 106
73 44
90 175
97 183
190 5
115 168
159 9
149 39
117 171
116 160
178 152
79 50
110 194
68 63
82 75
20 30
65 9
93 34
45 138
19 182
186 187
193 141
49 17
24 198
112 89
120 147
7 143
24 6
131 152
1 134
58 25
140 26
66 162
48 37
103 106
106 168
24 162
103 58
28 9
51 120
16 149
1 141
70 111
174 100
111 34
41 106
77 185
47 21
78 98
180 117
171 0
0 162
64 19
26 158
93 65
103 153
7 28
167 193
73 81
94 72
169 140
55 46
24 21
115 39
52 159
8 50
21 139
2 62
63 132
68 190
25 161
130 30
13 44
29 111
195 86
199 140
46 19
0 177
166 1
154 35
46 130
56 157
141 0
91 154
149 180
124 112
182 22
28 45
81 174
138 35
146 3
188 187
83 169
12 11
17 44
149 120
181 148
73 24
34 151
33 152
150 8
70 84
18 168
176 172
198 6
40 41
65 33
149 11
51 139
33 5
52 174
173 61
64 117
32 145
84 137
142 40
21 125
8 140
131 110
173 167
56 76
149 176
135 150
50 89
29 34
135 176
82 28
190 94
93 132
122 135
189 22
163 146
172 126
67 42
87 154
157 97
34 0
131 196
37 165
23 164
42 174
160 156
113 61
83 0
66 196
138 66
146 133
63 137
168 122
60 45
22 19
100 151
180 108
144 18
39 1
7 187
187 13
126 41
145 130
16 104
49 23
144 50
183 16
183 87
95 107
187 176
92 22
147 181
90 15
26 38
101 22
74 152
24 104
8 85
29 178
130 153
164 175
144 171
162 132
184 52
156 13
136 143
184 157
99 125
171 60
22 154
158 191
186 80
10 138
191 148
149 159
72 138
59 30
40 63
181 48
178 72
33 124
92 12
102 129
164 113
96 56
66 134
22 13
2 90
65 142
170 172
8 100
168 107
104 96
150 28
171 70
95 37
0 117
148 16
78 95
14 138
16 14
115 197
20 154
26 163
21 159
49 170
23 115
17 27
83 46
59 64
103 69
27 159
23 11
198 36
61 188
39 121
66 159
182 105
86 105
169 117
73 88
142 47
92 111
162 32
85 21
162 171
166 111
55 131
87 27
148 118
188 52
127 85
123 164
159 175
143 50
116 79
2 18
38 154
39 42
82 188
128 70
108 48
78 136
160 67
36 12
186 131
168 174
194 145
42 8
162 17
48 3
72 80
22 30
179 0
66 42
16 35
131 77
48 52
43 102
149 186
159 142
88 153
59 72
54 162
51 4
21 103
197 158
114 164
168 172
163 24
99 19
132 54
138 73
151 82
4 100
35 118
147 97
182 188
151 19
106 28
57 111
93 130
30 144
66 115
20 41
163 95
144 49
70 115
138 27
39 67
169 39
14 154
197 45
30 70
72 49
95 137
107 158
29 166
85 182
122 112
86 73
143 171
69 152
154 165
16 8
150 176
97 42
176 97
150 18
113 63
13 73
123 48
133 100
171 59
66 97
170 45
176 15
100 192
53 92
43 72
50 24
185 128
86 106
143 197
91 25
24 125
199 137
151 60
155 101
173 77
191 52
168 97
100 1
121 14
108 49
143 38
125 143
79 141
15 185
173 81
95 145
7 195
29 90
143 68
104 109
128 99
138 46
187 143
131 180
87 73
43 97
159 163
89 98
152 0
74 40
37 29
183 41
8 183
88 66
53 11
88 138
39 49
191 42
112 160
178 156
149 35
53 42
7 12
17 41
39 11
186 199
108 1
175 198
39 163
103 3
129 104
3 25
143 107
75 48
12 85
158 12
179 174
99 134
26 56
26 6
57 99
81 105
154 170
149 56
13 137
152 72
145 99
3 93
3 180
197 36
110 9
187 82
27 80
192 146
120 77
75 193
153 37
47 96
9 128
161 52
103 76
37 182
167 166
32 84
29 190
81 109
18 180
18 100
54 17
82 138
157 9
198 157
107 162
51 94
34 163
179 167
182 103
162 168
5 49
86 6
98 80
112 43
63 76
48 160
44 78
97 193
150 169
65 195
63 162
9 156
100 181
86 118
66 6
4 194
126 169
199 64
52 115
32 152
126 155
124 135
38 194
72 133
85 186
102 88
29 68
145 30
87 171
17 101
113 32
46 12
85 129
128 59
198 184
24 133
163 59
84 20
135 23
119 14
183 135
155 177
199 167
35 121
54 128
124 59
148 67
18 142
94 119
28 30
76 113
50 128
0 19
21 193
132 157
26 36
140 117
146 69
141 93
49 128
167 80
179 30
155 137
69 129
60 24
162 136
28 134
116 184
10 45
61 138
5 54
154 100
178 120
42 141
170 25
63 139
122 186
38 123
83 117
22 112
30 29
83 122
142 57
116 84
58 5
190 152
55 150
133 63
56 8
183 110
177 36
128 91
63 153
14 109
123 111
72 156
90 120
145 56
19 27
129 38
42 182
90 109
12 43
80 43
41 9
107 11
194 36
0 140
5 117
84 107
116 177
41 190
164 163
64 3
139 117
153 145
91 104
12 2
122 111
11 8
107 31
168 75
151 112
46 188
120 52
181 134
0 79
78 169
198 96
118 93
152 1
132 143
174 76
175 78
171 57
99 149
119 97
169 51
46 93
0 136
35 187
181 45
32 72
189 147
179 117
75 159
151 152
53 6
66 139
86 173
35 25
143 167
191 177
85 194
151 13
77 195
136 10
38 131
47 95
21 162
77 196
177 27
158 13
118 90
106 30
71 61
114 42
71 70
4 136
103 196
165 4
55 196
40 177
26 11
188 102
148 139
133 140
64 160
194 132
69 85
133 92
73 94
79 26
183 141
193 142
33 10
27 103
152 44
99 126
138 103
3 96
15 115
13 71
131 174
43 109
90 122
83 65
164 33
109 48
146 125
19 71
87 62
75 85
137 122
39 162
18 157
23 57
30 123
158 103
133 74
42 87
29 147
49 187
195 26
21 157
169 101
155 191
46 165
112 129
128 33
15 39
16 195
13 78
122 172
157 166
155 89
139 81
97 44
14 91
187 171
90 97
188 67
47 152
0 169
49 132
129 31
160 151
80 113
192 48
51 42
82 162
118 64
146 199
135 83
13 30
96 75
182 141
101 113
39 196
114 157
149 18
141 58
159 166
145 46
150 48
138 54
143 180
85 160
135 116
130 168
175 39
123 57
121 94
98 63
134 160
55 91
199 160
42 68
61 85
180 126
119 181
33 153
43 3
103 85
79 128
57 91
70 58
141 150
118 73
112 65
25 55
184 159
107 76
59 175
187 152
111 118
0 97
167 150
133 142
125 65
103 26
190 78
129 108
91 71
78 123
131 87
104 10
91 121
129 119
186 185
12 0
99 127
92 74
160 62
4 123
23 124
47 18
85 55
161 69
77 57
96 199
48 62
78 199
154 97
161 158
106 61
139 46
131 25
104 99
41 91
108 171
63 163
113 198
55 124
3 89
15 145
67 62
104 152
98 58
184 4
20 158
54 107
56 14
162 36
84 18
74 86
172 61
35 15
127 60
131 67
105 130
145 115
178 129
66 5
113 42
127 39
50 38
179 55
17 187
104 86
72 37
157 180
77 117
179 129
51 47
33 31
4 125
86 39
110 196
4 162
75 67
195 109
59 65
175 194
194 54
116 112
149 66
59 80
57 104
129 60
76 43
59 152
23 71
125 141
132 71
184 131
40 89
56 140
142 162
123 107
134 187
157 156
92 26
186 24
75 71
68 87
121 50
8 29
164 63
140 81
96 127
139 20
64 27
146 149
72 126
4 42
1 70
131 75
104 25
43 62
158 195
53 31
120 47
164 103
180 178
109 178
69 187
189 193
128 156
180 106
136 93
174 112
107 125
128 98
151 118
190 110
170 125
79 13
54 159
163 14
6 89
20 45
23 28
44 183
18 1
121 199
30 85
184 126
186 119
126 174
177 167
129 117
18 92
161 123
185 133
185 51
128 141
187 133
98 57
164 169
120 155
70 80
156 132
79 139
83 11
76 27
32 0
174 94
50 82
130 63
111 28
112 155
39 38
143 28
125 115
39 106
157 174
160 83
16 191
88 54
43 126
111 178
1 113
2 33
186 136
199 24
78 46
123 154
158 29
99 79
33 193
98 106
83 104
160 63
81 101
121 44
116 145
60 131
120 110
124 189
4 116
100 3
49 48
78 183
184 43
46 89
90 33
144 103
158 114
86 90
85 150
105 38
51 107
179 140
34 164
99 199
64 116
143 4
99 96
152 99
38 42
106 99
180 60
76 190
61 47
140 159
71 193
138 39
95 187
58 181
56 132
40 67
143 108
160 140
168 70
93 134
194 77
145 6
105 66
154 74
45 174
31 136
77 136
8 125
95 193
31 41
4 180
38 128
116 187
166 63
191 22
195 66
50 191
190 14
62 90
184 148
71 134
3 105
20 71
182 134
199 4
14 199
151 32
164 91
12 153
192 16
5 31
61 108
38 101
151 166
25 101
59 127
117 65
51 15
197 187
97 106
37 86
142 128
141 86
9 192
50 113
34 106
51 22
149 6
79 174
93 37
160 127
39 137
11 68
138 145
22 35
144 191
25 184
91 155
165 32
135 56
70 150
83 118
101 11
83 108
63 34
59 42
77 121
151 104
14 180
49 194
195 166
175 58
19 2
75 17
158 156
137 116
162 112
80 117
41 101
157 67
171 99
88 28
89 109
39 16
59 109
17 85
88 119
35 112
110 122
141 95
108 154
32 27
126 144
149 171
19 10
24 42
86 76
79 110
3 136
152 41
159 127
99 53
196 28
161 46
88 171
170 177
95 125
38 71
26 17
134 32
107 197
184 9
3 12
53 77
88 149
180 154
144 83
1 73
93 143
154 196
39 125
197 33
48 20
125 121
149 21
119 153
57 93
133 161
8 66
58 132
71 108
153 174
2 36
182 28
2 125
33 194
28 116
44 30
145 9
155 72
187 48
135 90
131 27
96 112
130 152
8 144
146 170
15 75
113 108
63 152
100 23
129 83
61 128
26 18
52 185
20 129
178 54
163 68
124 79
146 116
150 143
3 49
31 142
149 52
170 155
31 35
90 183
8 94
11 199
164 160
135 64
107 166
153 152
142 30
153 150
122 61
124 163
98 125
64 132
118 138
30 158
38 165
176 169
10 77
1 74
145 43
88 43
3 178
23 6
52 146
108 168
17 155
123 69
134 149
32 199
152 28
100 191
126 160
126 81
76 35
122 56
192 56
24 194
110 71
71 96
190 98
150 81
152 60
131 54
123 147
109 24
71 33
52 143
110 19
11 113
197 131
48 147
153 157
124 192
131 9
106 45
125 193
142 109
147 180
147 38
22 37
79 6
53 74
29 83
175 154
68 106
65 62
33 52
37 198
176 161
101 50
178 42
29 36
46 49
112 136
12 162
93 177
197 52
190 159
53 15
190 146
187 177
83 190
65 116
56 6
179 104
31 11
123 142
110 144
12 192
150 108
69 182
160 109
165 54
102 135
170 12
110 21
51 105
16 37
72 88
190 46
57 58
114 109
8 79
26 110
52 142
47 153
191 114
68 82
163 116
164 159
191 91
113 49
34 76
70 83
170 73
33 76
144 187
23 85
141 114
189 152
106 118
163 22
164 181
132 97
75 64
89 149
65 16
194 46
80 17
65 26
142 50
189 156
11 136
184 87
9 104
2 158
73 131
49 117
135 156
72 23
178 39
37 91
107 23
152 144
114 55
138 77
6 45
155 129
149 49
79 107
68 154
197 35
128 150
156 103
54 187
89 160
77 22
84 17
152 78
79 171
41 169
166 52
76 137
109 122
199 31
172 193
6 133
71 49
131 124
70 194
127 5
12 101
193 177
64 156
98 123
67 187
99 44
156 172
100 65
143 100
11 177
133 101
89 43
108 26
81 165
0 15
120 109
70 2
26 91
73 93
65 160
127 137
8 153
101 190
181 149
3 183
102 156
87 79
31 14
121 134
179 31
135 82
148 14
105 187
72 161
147 68
91 56
85 183
38 24
20 185
198 91
123 159
168 145
109 140
182 197
27 14
182 122
100 122
74 135
103 0
157 138
166 5
166 146
184 53
22 186
92 100
10 88
15 100
11 135
5 134
26 37
106 24
17 79
117 81
110 121
73 84
147 191
74 112
94 120
125 185
196 101
182 39
127 172
172 32
2 52
127 106
9 142
51 12
15 102
91 44
47 28
166 36
93 190
71 109
177 142
167 83
67 190
49 65
28 178
66 84
81 90
155 198
174 17
118 142
71 129
3 86
0 194
65 60
128 116
34 85
40 102
151 58
194 189
175 37
14 84
129 196
179 156
17 141
18 129
151 93
34 67
25 48
18 163
179 192
73 5
104 163
57 11
157 162
194 174
32 74
146 89
113 107
142 17
50 114
123 125
150 12
138 127
20 23
74 25
73 28
11 118
49 114
80 76
39 114
135 192
95 129
1 136
75 49
173 79
167 73
62 55
105 55
13 19
42 7
37 123
193 55
119 39
86 94
99 156
64 185
48 43
141 28
10 175
194 127
133 118
66 2
49 98
133 196
126 173
73 182
67 159
26 189
62 51
64 124
55 11
3 53
165 102
114 190
81 62
40 109
160 14
123 178
12 155
180 41
49 83
135 84
160 27
64 162
143 26
24 31
145 129
74 17
15 147
18 194
18 116
32 137
133 37
176 151
80 193
4 75
172 190
139 24
146 94
113 150
129 194
103 139
10 67
117 27
22 110
66 87
67 180
134 65
80 104
137 65
9 1
154 72
63 177
161 40
175 157
130 99
7 168
58 139
57 43
161 131
158 96
135 57
51 13
168 142
15 148
172 185
184 89
89 118
174 198
185 78
14 116
175 145
18 153
22 43
137 8
39 70
51 119
198 61
0 48
56 119
8 95
155 29
186 91
186 30
146 17
68 181
178 183
90 28
179 68
83 123
172 106
133 115
58 104
177 23
23 165
26 23
134 52
20 149
30 174
176 193
62 46
15 166
41 110
56 180
164 194
143 45
60 3
135 81
188 2
162 70
95 48
108 135
100 189
106 12
148 26
59 63
67 70
2 32
90 92
198 58
84 177
94 112
137 164
169 161
51 10
197 175
131 74
163 21
176 87
82 40
70 173
32 9
75 5
12 141
84 102
177 179
89 25
167 72
35 115
74 171
4 79
176 40
88 133
58 199
106 171
35 193
149 103
21 126
101 96
132 28
159 198
4 86
32 7
50 73
69 196
5 98
92 91
134 120
8 173
183 60
91 80
108 34
145 183
103 119
168 139
185 181
47 119
133 192
186 165
132 118
80 52
42 18
23 184
199 132
193 39
164 154
104 108
134 59
56 4
122 124
103 152
133 109
27 88
92 7
88 115
80 115
157 4
121 135
149 179
68 14
118 160
146 4
66 104
89 190
69 53
128 144
32 80
112 87
14 104
160 115
15 47
16 124
14 113
161 187
74 192
63 140
79 147
120 3
29 117
121 13
113 24
158 88
166 158
36 65
171 111
56 156
98 67
6 139
46 58
148 68
186 9
104 160
40 2
194 130
74 184
175 0
187 146
93 62
97 2
80 66
33 117
131 185
80 84
50 92
128 198
102 155
63 10
141 190
7 180
92 71
127 7
147 6
10 20
90 141
143 85
151 165
97 182
143 6
84 120
199 135
88 147
86 119
196 153
166 191
121 196
192 136
7 183
68 100
136 69
9 101
24 134
130 3
38 107
69 118
88 121
188 154
22 21
187 119
61 186
114 98
88 157
49 148
16 43
34 109
104 98
134 195
29 159
142 61
31 58
82 13
41 147
149 37
123 22
110 181
62 4
135 50
19 1
120 11
140 114
78 53
99 52
2 6
179 77
19 119
193 56
27 62
70 109
187 140
198 117
154 81
80 24
140 183
48 73
63 12
173 151
71 63
77 64
133 184
153 4
101 35
93 164
43 70
169 135
48 198
137 6
51 64
107 173
184 47
150 183
130 20
45 187
132 53
34 2
132 178
107 14
44 145
81 186
117 126
90 111
61 157
71 155
163 88
63 154
199 183
62 142
47 134
141 88
154 23
150 36
15 178
155 8
165 18
194 16
52 101
37 122
126 73
83 174
198 38
73 6
180 25
48 23
122 87
147 151
92 155
92 69
39 188
103 163
77 172
109 31
81 59
39 51
190 62
31 197
78 67
186 54
117 76
38 83
167 39
192 40
58 43
12 96
42 102
79 106
186 140
40 190
38 61
175 136
103 160
43 13
148 56
75 181
104 48
23 37
130 19
142 185
151 129
9 136
10 5
77 40
139 101
60 162
111 36
116 120
199 61
53 165
171 90
39 78
183 159
163 172
115 198
81 141
176 191
106 178
48 22
2 83
51 135
56 52
94 177
126 151
26 34
90 69
167 98
42 10
97 108
102 13
119 128
161 137
39 161
15 103
89 152
16 87
157 72
44 22
165 0
36 193
183 127
61 4
85 81
130 121
51 34
16 72
19 192
77 89
127 98
122 13
189 139
16 105
122 108
162 78
164 67
185 56
21 186
146 51
152 24
78 143
53 155
110 18
156 149
140 142
3 95
65 151
121 109
184 54
189 137
119 113
152 177
179 61
54 11
151 7
176 109
84 88
141 15
4 130
84 34
170 90
137 29
104 64
61 174
197 22
146 7
24 18
168 153
7 110
148 47
35 136
143 94
90 87
163 47
123 158
67 29
199 179
78 28
101 20
67 162
107 19
150 41
158 63
87 104
171 56
190 107
87 156
78 54
113 83
39 129
36 189
173 165
52 0
72 120
169 105
77 93
174 129
182 104
128 89
135 104
127 4
119 17
183 4
127 161
70 73
154 139
76 177
76 114
14 197
174 49
165 180
26 96
33 174
185 180
107 83
45 147
105 186
119 44
61 79
150 107
172 113
101 114
197 118
98 121
37 33
61 96
71 163
130 132
111 50
45 73
193 69
7 87
7 163
87 22
181 143
118 155
15 187
136 66
136 173
160 71
95 53
166 133
144 180
100 98
186 45
110 107
4 107
41 198
164 1
116 38
155 46
69 128
63 168
56 74
14 70
132 140
79 180
2 39
67 150
21 115
106 8
41 192
69 104
35 5
18 80
97 75
7 66
183 169
25 142
85 193
107 109
37 15
56 112
4 159
15 81
15 183
115 46
56 86
6 40
105 122
66 38
58 53
194 81
166 114
42 62
82 18
152 98
43 33
80 99
174 191
107 136
67 93
188 128
158 119
93 78
25 187
91 113
8 172
49 37
49 47
36 41
112 180
94 135
25 30
32 14
145 180
22 79
133 177
50 63
133 9
158 38
113 186
0 14
196 84
8 192
65 161
93 20
1 154
128 87
194 83
84 145
56 179
8 198
195 129
111 25
153 120
172 80
33 154
108 30
79 184
52 162
110 101
30 5
193 122
182 7
136 52
195 101
180 107
39 103
135 40
96 73
193 5
100 112
72 73
178 41
11 189
46 172
199 196
135 60
36 1
96 35
184 24
180 189
73 55
164 198
86 184
197 134
78 77
14 189
5 129
173 194
177 17
109 45
196 157
74 28
180 125
107 64
111 103
189 99
80 60
39 183
131 10
90 157
93 180
80 33
61 162
147 103
100 104
139 97
119 78
20 144
19 90
164 136
114 117
64 42
83 183
168 0
188 199
36 84
139 8
104 187
137 165
151 178
16 186
42 169
85 117
38 31
113 55
170 97
193 195
51 96
154 3
2 134
180 141
138 51
197 123
124 106
69 47
48 119
17 72
141 170
115 123
132 125
88 32
56 5
115 57
144 105
167 132
73 12
185 18
21 167
184 122
98 131
80 92
115 17
10 171
86 99
104 72
50 157
53 38
85 168
105 12
67 38
23 158
89 47
15 92
176 121
99 102
115 77
20 49
16 188
174 70
14 159
77 118
127 112
102 33
46 45
66 39
190 178
84 125
181 153
153 165
17 120
79 30
28 26
38 120
156 34
23 83
27 74
143 42
40 118
91 103
196 181
12 16
196 85
27 191
4 155
70 165
189 50
86 51
88 100
25 141
171 122
149 100
93 161
44 150
102 127
112 108
64 40
19 45
152 158
73 106
145 41
62 32
23 9
38 47
24 0
53 37
26 58
184 193
105 176
120 123
11 40
1 92
35 40
45 37
60 83
16 11
62 38
129 22
195 156
11 47
166 194
145 10
173 82
99 67
197 161
83 55
128 117
184 175
40 96
189 155
14 22
95 54
60 107
72 100
188 38
115 105
174 178
172 133
156 40
9 71
94 61
179 3
84 197
0 104
148 38
52 128
92 72
67 50
162 122
155 160
182 140
186 50
38 184
90 100
23 116
171 138
168 182
89 27
80 0
55 43
173 12
163 87
145 107
23 3
14 131
30 73
101 89
128 155
185 14
45 139
156 55
144 185
190 27
18 10
162 134
25 21
32 158
102 112
63 90
65 45
72 66
81 121
162 40
12 157
161 97
98 126
76 53
82 171
5 11
83 6
149 10
168 24
190 123
82 76
6 90
74 195
159 174
157 126
35 21
196 178
16 90
187 157
81 98
147 196
59 142
19 181
58 68
173 49
164 172
19 120
198 137
144 92
102 114
171 145
137 124
190 191
128 145
178 48
20 108
14 122
178 104
58 47
135 126
130 116
57 89
12 58
28 53
134 166
182 160
29 169
141 68
174 25
156 37
182 30
34 90
9 185
159 192
67 124
197 94
172 100
109 36
179 152
42 131
75 6
86 25
24 68
30 149
88 4
193 179
57 141
65 198
192 46
189 145
170 156
134 167
34 9
141 11
82 174
105 154
14 99
172 5
3 177
85 4
188 133
96 128
50 41
117 51
122 73
145 4
66 194
191 161
69 6
159 139
42 33
22 121
93 4
143 47
34 189
29 28
121 6
194 180
123 80
109 91
180 88
150 198
72 30
90 99
125 71
32 170
42 44
170 43
142 127
159 20
42 86
189 153
39 85
25 105
22 56
0 108
24 41
118 18
102 175
122 178
120 199
32 95
55 10
195 152
181 34
16 97
69 58
94 109
72 38
195 177
49 184
167 169
6 156
15 24
61 170
63 14
92 114
144 56
139 93
153 122
146 6
194 184
59 50
120 48
88 113
123 18
188 30
37 28
196 159
112 120
15 160
10 181
181 111
82 65
98 133
1 167
17 178
156 22
169 50
153 167
93 8
34 36
18 148
182 173
153 96
106 52
193 158
92 132
170 119
28 153
109 146
110 16
145 13
169 19
166 75
71 104
161 86
16 113
102 80
40 128
73 75
34 128
134 138
180 158
59 129
115 40
108 107
60 89
100 75
36 17
197 198
148 117
13 119
129 121
114 20
125 155
33 17
52 87
70 90
133 182
17 144
123 156
52 170
23 90
104 39
196 187
7 68
146 39
49 70
28 112
199 182
167 95
89 96
136 65
15 174
195 25
118 58
40 42
95 169
82 34
184 151
0 21
66 45
7 15
143 184
165 86
58 145
128 92
26 73
129 190
9 33
37 62
105 11
198 171
39 135
196 156
160 196
67 149
142 147
189 18
115 173
108 37
33 169
60 133
117 84
76 164
45 71
96 37
179 107
116 173
88 145
179 38
153 27
35 171
168 48
71 152
147 162
9 143
151 162
190 196
36 55
66 37
89 42
183 113
164 177
198 44
58 107
59 149
49 99
138 189
90 17
136 50
2 117
173 37
77 187
153 67
45 9
48 70
45 0
112 145
129 11
160 2
164 166
165 127
153 193
95 58
1 178
97 45
98 172
39 22
97 189
30 26
16 162
10 154
173 125
30 35
160 86
19 84
1 197
119 156
151 190
127 90
105 46
85 161
192 13
69 30
105 10
27 26
168 37
196 6
199 5
108 67
35 180
117 21
85 122
103 47
29 51
184 141
186 117
125 5
54 163
18 56
20 22
48 38
166 104
54 155
192 119
111 18
77 107
52 54
151 45
143 18
1 155
133 151
167 191
30 113
137 91
23 136
118 28
80 178
188 80
137 110
188 74
60 13
92 97
78 195
84 126
148 84
18 17
5 139
134 139
38 14
100 95
23 78
122 91
96 144
14 151
166 109
1 107
