200 6200
91 104
156 95
90 68
91 7
88 171
80 132
163 127
6 154
2 178
79 122
189 5
66 97
34 19
80 121
122 116
22 89
186 116
150 174
46 146
199 8
58 173
81 188
186 60
21 60
119 162
135 129
158 68
126 69
118 87
81 180
16 119
113 93
142 9
131 177
94 88
167 60
144 41
46 85
183 167
86 198
155 175
169 28
196 178
109 80
41 60
21 9
85 164
52 104
50 164
152 156
108 96
11 40
117 49
178 147
175 170
174 62
5 68
140 20
183 121
57 132
1 171
34 7
35 10
61 176
107 164
37 71
169 138
188 185
156 133
114 144
150 28
62 147
6 15
87 113
63 144
121 150
133 10
78 181
162 142
112 130
4 20
119 14
175 49
131 50
97 134
60 157
155 145
93 36
131 113
17 22
42 97
44 117
174 107
60 8
197 61
166 149
147 26
139 97
20 172
11 60
39 16
98 143
169 15
60 188
69 56
123 61
2 45
100 143
162 59
85 55
35 39
148 193
163 43
135 143
36 71
47 179
61 62
187 59
167 93
71 116
28 3
70 186
128 176
43 121
105 57
30 158
139 94
172 159
59 74
40 160
68 148
184 119
176 77
100 183
116 128
172 76
98 55
86 94
60 64
138 83
181 199
167 164
3 152
86 32
187 0
192 53
171 135
89 83
177 146
184 39
30 40
82 69
28 193
11 89
178 115
79 56
92 39
181 25
170 173
198 4
159 126
97 2
151 99
132 114
190 60
193 94
27 87
74 134
132 129
32 87
171 34
192 57
192 112
65 182
58 116
51 19
197 117
140 19
177 60
186 152
3 17
192 44
175 136
192 93
187 196
93 99
35 16
59 114
76 25
50 6
51 192
76 81
24 27
191 81
157 92
178 76
173 191
59 35
140 93
87 19
154 105
13 86
92 163
128 179
18 135
2 9
11 91
67 3
152 27
177 195
104 28
122 34
167 2
190 155
186 156
58 23
111 71
103 48
199 171
116 121
195 77
118 133
61 8
78 137
94 132
86 60
142 132
94 78
27 3
128 123
153 126
145 100
118 14
114 95
43 11
155 22
186 62
90 94
89 122
50 140
21 75
47 66
25 170
120 104
123 137
63 110
46 135
132 32
157 107
117 109
33 24
117 123
111 94
66 33
166 86
167 147
105 68
192 184
45 14
14 79
6 84
174 120
182 147
149 168
31 171
13 193
165 38
32 59
118 46
78 150
194 110
173 126
19 67
121 41
150 191
187 80
150 37
101 178
17 32
3 182
30 119
36 167
178 78
35 25
183 96
180 159
199 166
192 87
70 100
102 162
185 78
21 98
56 12
155 166
38 29
197 176
39 34
11 14
55 13
106 144
8 74
0 196
111 75
59 90
180 127
6 165
64 88
155 112
188 62
83 35
82 38
88 196
77 93
113 64
22 161
176 68
58 33
32 151
175 18
162 87
23 90
60 152
79 140
51 136
97 38
39 181
146 2
192 148
187 136
103 162
106 65
182 8
63 140
26 15
64 103
52 54
110 91
145 26
15 156
107 28
146 184
45 155
187 176
94 191
196 193
46 70
79 189
0 179
166 7
97 31
43 25
74 71
186 55
108 90
77 190
85 50
196 136
101 154
0 102
18 92
185 116
95 101
49 54
177 191
75 105
109 30
48 73
68 95
123 5
46 19
186 114
128 77
116 119
37 44
195 60
144 152
133 199
8 84
159 125
25 93
153 139
84 131
67 37
27 113
195 154
103 22
6 146
96 48
97 15
149 27
8 86
55 42
4 151
24 66
88 28
96 19
42 47
146 151
166 18
89 100
149 115
189 178
165 123
119 12
50 146
124 170
90 32
28 19
46 150
13 141
193 11
1 177
100 160
103 24
127 11
122 110
134 174
79 175
62 3
111 139
115 170
10 51
124 157
121 4
119 95
121 198
186 126
156 120
114 23
56 72
71 9
15 7
75 60
139 103
157 110
162 70
52 62
183 38
139 92
154 176
53 159
23 178
162 4
94 179
121 70
173 34
65 178
13 23
44 82
47 8
144 67
12 199
36 105
24 58
144 176
5 3
83 190
94 100
51 104
189 52
83 23
117 82
146 99
17 74
129 21
153 7
110 128
52 124
128 168
106 124
14 101
179 110
35 92
34 88
149 35
133 36
68 125
121 57
16 48
70 15
85 74
58 106
40 119
160 138
167 12
59 44
32 156
106 170
7 177
36 134
195 120
163 171
186 93
46 71
76 158
92 120
85 116
160 48
186 14
191 91
145 197
103 181
103 141
195 20
59 8
128 55
191 193
119 155
94 113
99 154
47 198
126 66
55 17
75 59
131 152
113 143
4 96
9 153
199 142
112 184
41 122
139 80
11 19
174 13
80 73
76 142
152 157
158 128
127 25
166 87
82 99
189 40
32 0
135 61
157 72
22 95
163 130
181 186
11 172
138 9
147 43
174 149
89 93
32 129
100 132
129 199
142 125
100 156
191 63
72 73
67 92
107 73
17 199
145 85
107 103
78 49
0 64
120 116
130 181
159 168
112 18
116 5
54 40
143 102
87 73
165 149
128 12
162 85
30 52
90 9
55 93
95 59
152 49
66 130
109 198
108 16
183 34
119 117
34 106
64 134
34 46
44 164
124 2
66 140
123 49
190 196
2 165
97 1
62 56
197 68
132 152
135 5
154 123
123 168
92 32
157 30
26 175
174 116
156 36
27 32
181 176
43 46
190 31
62 141
164 92
61 9
95 77
142 168
196 27
96 53
79 70
134 5
71 188
62 142
44 49
119 7
47 129
44 129
155 66
13 168
43 8
28 131
115 132
150 19
118 152
149 5
26 52
89 135
15 41
90 105
53 137
17 149
140 10
5 147
88 39
192 124
50 60
32 114
88 90
15 147
5 114
84 87
18 137
142 57
172 113
3 101
68 69
37 13
185 33
167 191
24 167
13 162
12 197
131 158
160 150
90 69
36 76
127 42
5 98
28 91
1 138
177 78
156 53
156 58
11 120
51 78
136 120
2 150
48 102
61 138
116 156
97 60
142 163
141 195
177 106
56 145
90 86
153 28
41 14
54 94
150 135
173 33
103 51
121 184
123 161
136 180
104 119
38 108
163 160
25 23
112 100
65 123
157 19
141 139
143 60
49 58
107 112
56 64
142 152
54 190
163 37
57 182
168 148
79 190
31 145
98 91
51 168
52 128
113 133
55 7
104 121
124 119
44 161
31 52
82 100
132 67
7 195
38 143
174 181
59 108
162 1
69 161
178 131
82 109
61 130
50 88
125 145
55 73
117 2
57 71
118 170
194 3
110 70
127 47
195 132
75 175
64 178
97 3
88 195
70 59
42 77
21 135
60 13
179 166
21 52
22 7
24 176
118 199
19 174
170 107
118 70
183 83
91 196
163 186
29 40
26 60
11 117
2 182
72 105
69 180
42 91
95 105
106 29
98 45
50 198
152 128
22 114
64 190
197 157
82 73
30 99
5 188
41 143
70 132
150 84
149 2
61 127
99 57
102 120
18 154
11 157
36 41
131 41
182 76
103 46
196 111
55 39
2 91
161 149
1 62
146 152
159 167
141 79
8 112
87 52
31 164
105 148
81 71
92 173
23 50
88 33
163 121
94 5
185 34
115 118
6 83
102 80
51 46
151 64
151 143
56 132
47 135
105 197
17 179
159 42
133 28
145 17
181 32
75 157
80 8
97 157
2 154
38 135
191 13
192 88
176 57
90 169
167 52
30 126
157 53
80 71
109 146
91 57
10 29
130 193
13 29
122 22
197 95
153 33
36 108
4 62
99 196
65 44
109 1
191 51
25 147
85 33
195 151
34 126
165 65
121 106
143 88
19 71
154 53
115 153
135 92
54 197
164 141
93 145
33 150
172 41
178 84
85 0
104 7
108 55
125 56
37 60
105 193
33 77
62 63
57 136
72 141
67 143
92 60
59 112
199 69
181 109
88 74
5 182
116 153
35 31
137 73
30 151
128 20
85 131
127 5
46 162
144 121
114 79
175 162
122 69
173 23
4 146
10 96
136 28
12 42
121 157
87 150
195 137
113 166
47 2
117 118
7 103
145 134
76 13
131 52
4 132
92 1
91 21
190 171
117 192
31 23
121 132
125 160
135 42
15 54
84 154
129 73
85 22
100 185
146 20
82 129
87 142
84 158
43 154
93 31
34 14
157 178
85 44
98 8
196 98
27 56
11 73
38 175
165 99
69 77
30 87
4 123
184 185
164 27
171 150
12 92
184 190
51 134
139 172
74 91
148 196
65 87
81 108
94 181
159 9
111 49
183 114
90 48
156 123
90 30
88 83
43 123
47 20
144 104
199 114
190 98
104 93
111 14
191 131
131 139
31 191
20 118
10 83
171 50
134 112
194 64
42 169
184 82
178 72
129 20
26 61
79 166
4 127
135 199
7 64
139 140
96 83
166 188
152 28
196 164
62 58
169 25
114 24
135 191
142 42
136 122
150 192
199 29
64 65
16 117
76 55
77 47
174 85
53 191
115 27
62 90
19 147
52 161
9 3
0 191
190 12
26 130
4 65
13 138
194 168
112 57
134 182
143 58
110 55
125 176
14 161
3 161
143 140
80 171
142 121
187 175
5 96
55 20
49 127
197 133
113 142
12 32
87 116
6 13
11 15
44 110
136 12
157 164
159 93
142 37
58 82
12 4
77 118
52 7
25 62
191 60
25 57
36 196
190 16
160 42
48 139
118 76
195 111
51 100
59 86
136 199
179 33
59 22
188 194
185 14
14 30
154 73
150 75
2 126
119 55
47 128
16 196
137 95
167 56
168 118
168 197
126 19
91 192
90 109
187 170
151 181
112 143
106 102
130 40
160 79
95 35
19 177
176 58
174 195
60 7
135 82
40 70
77 56
26 179
167 44
181 148
173 186
52 118
104 89
198 80
140 97
94 166
79 40
51 163
136 143
163 3
57 106
197 167
16 52
52 158
114 180
78 15
138 60
81 61
4 42
137 27
64 142
23 51
145 72
16 160
0 124
14 113
70 78
111 65
55 81
142 156
129 50
131 99
41 20
81 77
178 61
57 187
129 139
18 143
84 190
101 103
85 23
133 120
119 129
137 67
98 146
35 155
5 81
81 144
11 155
181 100
83 98
5 141
27 52
63 126
138 21
161 131
38 18
191 55
37 63
8 23
173 192
90 150
148 187
84 78
98 58
36 14
108 71
26 72
124 160
177 22
75 97
158 160
109 169
52 56
168 15
180 85
50 9
199 25
61 90
169 97
195 179
35 57
197 123
105 9
102 195
168 143
26 3
13 121
39 48
26 164
42 117
51 133
72 192
110 101
69 13
90 137
21 58
130 150
158 81
90 163
45 129
26 80
153 48
10 74
70 23
4 128
44 186
7 95
33 74
151 128
189 140
140 35
134 139
113 35
190 66
53 153
69 163
43 23
178 109
133 92
125 69
169 102
106 8
167 59
158 143
1 152
194 157
160 136
72 187
74 44
129 151
104 196
151 127
174 11
16 62
164 189
40 27
10 20
169 52
120 178
99 6
155 65
160 156
24 169
191 125
79 78
15 42
6 184
165 31
119 54
136 119
29 85
137 176
157 172
153 85
93 115
164 100
109 56
2 119
85 92
187 164
136 177
83 141
141 77
147 47
117 34
185 165
14 5
131 82
153 113
158 82
191 138
86 191
101 152
37 122
5 198
130 31
59 198
77 76
77 156
188 20
58 193
84 162
151 7
11 158
143 24
178 81
118 43
18 159
181 120
198 15
21 131
61 88
160 183
115 70
178 133
139 197
77 48
189 120
84 39
192 24
130 134
76 124
171 109
44 7
107 75
49 165
123 150
112 47
60 47
187 186
88 120
66 95
66 197
57 168
175 1
84 70
198 12
48 177
59 188
128 163
116 160
46 111
168 3
49 185
49 128
146 65
36 46
184 138
142 159
105 51
44 189
122 74
62 71
30 69
174 127
43 77
198 140
139 145
106 174
24 142
58 1
147 23
198 179
24 99
146 156
40 37
197 181
127 105
2 0
146 143
1 186
7 178
191 16
187 138
60 140
105 108
139 87
63 55
149 83
12 188
184 7
75 29
110 143
185 13
126 155
149 173
117 13
174 56
105 146
185 128
59 92
175 147
127 35
179 76
108 87
109 170
161 25
168 199
39 78
51 1
133 59
39 159
41 25
172 9
3 129
132 73
86 173
163 8
81 19
181 102
102 180
111 50
124 4
44 51
89 107
101 88
21 189
194 182
2 71
53 39
4 27
73 100
145 186
134 115
141 186
62 34
112 77
28 51
131 45
35 144
34 166
48 58
35 186
190 32
118 193
143 22
11 144
62 138
188 24
67 180
95 134
9 63
153 192
75 183
24 89
60 174
150 24
109 36
16 137
64 43
143 6
13 197
53 59
116 182
13 164
57 143
197 126
78 3
138 55
79 172
156 45
69 40
10 95
158 56
51 131
53 7
82 68
132 46
122 156
51 35
125 121
88 82
182 151
108 195
62 179
8 131
3 71
188 170
53 138
2 183
126 115
151 161
137 157
197 77
36 129
104 162
86 189
119 42
163 112
50 170
4 100
158 77
21 42
35 48
197 142
170 120
181 136
75 139
97 103
106 105
97 33
108 123
51 175
126 5
24 34
198 128
3 128
75 5
192 20
101 122
27 187
90 176
58 10
72 109
176 146
143 90
183 134
123 76
122 113
53 26
190 151
96 24
143 77
125 154
161 171
122 188
148 74
109 8
189 94
193 68
138 119
181 149
113 198
164 61
50 84
88 114
112 179
129 120
172 161
107 158
91 190
177 159
122 29
107 56
90 29
172 32
105 190
162 161
121 192
59 159
5 107
9 97
67 150
77 15
191 169
94 163
185 186
103 187
127 142
195 184
9 148
178 172
55 178
153 71
9 186
69 134
112 156
95 150
39 42
112 17
191 176
113 78
179 152
129 43
93 173
29 119
18 81
87 112
34 5
180 22
47 98
168 136
106 132
189 192
79 136
32 58
80 64
13 5
44 156
33 16
98 176
100 141
147 144
66 125
147 77
71 64
171 160
79 7
129 39
48 104
97 48
184 66
46 109
191 61
16 1
112 144
79 2
183 111
50 86
16 65
168 178
73 113
43 39
24 104
45 120
112 181
100 10
141 61
174 65
7 118
118 8
171 19
36 0
5 171
109 68
132 170
148 114
84 67
17 87
4 35
85 89
9 177
18 95
181 155
46 140
113 1
123 21
44 103
146 8
134 193
127 119
30 97
27 29
14 162
65 26
163 197
19 14
31 77
15 175
155 8
145 92
142 107
38 89
161 46
110 140
157 174
107 106
148 101
165 56
84 44
54 135
47 151
26 94
134 101
142 40
154 108
56 176
14 61
109 105
2 191
165 193
168 73
166 56
29 169
157 21
119 36
52 199
75 38
41 66
125 105
90 131
197 184
124 9
188 91
0 80
111 40
43 31
95 85
76 159
131 108
20 176
158 64
112 80
171 197
10 90
192 194
11 150
140 116
6 120
144 51
47 28
21 55
108 11
176 174
194 169
66 163
112 92
173 165
61 160
181 113
166 136
74 113
125 172
76 38
25 92
168 189
140 40
184 152
19 197
138 140
13 44
77 126
145 180
40 77
178 94
83 68
66 136
49 45
183 197
72 42
147 124
141 43
45 128
22 73
72 24
106 99
182 64
0 41
52 133
34 61
109 177
166 115
127 124
98 159
96 80
16 25
104 105
125 16
185 154
54 157
53 134
32 119
170 90
156 65
185 109
122 161
126 39
102 151
186 196
37 21
99 161
96 156
182 23
80 20
157 63
118 124
189 65
172 187
22 189
10 76
116 191
163 65
43 153
175 152
158 35
156 46
2 135
181 18
60 122
188 21
76 14
43 2
12 191
197 89
110 16
122 176
154 104
1 45
34 63
149 140
62 189
16 70
4 161
6 56
50 57
81 85
150 195
115 163
92 171
41 116
176 29
80 173
55 26
160 164
195 67
183 123
80 81
153 87
133 182
85 135
129 106
20 123
61 25
9 25
198 193
161 124
142 50
135 169
23 168
31 2
154 168
26 83
73 96
13 120
10 134
25 21
177 89
54 111
147 119
111 171
57 6
121 75
119 157
54 70
60 4
133 128
178 71
171 99
56 121
111 11
9 183
131 138
149 23
39 112
161 83
86 64
16 61
199 187
159 92
90 154
45 38
23 179
150 96
171 183
142 108
2 184
112 61
81 170
93 138
170 179
187 48
56 74
28 79
95 103
51 3
156 125
80 178
146 189
146 72
128 193
32 178
58 163
142 12
47 96
10 23
96 35
138 10
175 88
39 26
172 49
64 163
94 164
36 2
196 53
199 23
95 11
131 15
189 49
107 171
88 106
125 181
67 149
132 111
160 101
162 110
149 101
29 93
180 20
156 145
50 101
19 6
186 82
64 124
181 33
63 0
86 128
95 102
182 159
76 168
35 97
133 177
197 140
197 160
187 166
195 104
152 81
141 92
31 149
119 120
133 127
194 46
40 55
122 52
17 38
126 24
124 56
89 133
157 176
163 82
151 192
69 138
178 142
53 73
143 87
70 134
113 156
78 142
158 175
159 194
43 22
97 4
14 140
194 36
152 125
86 120
164 59
111 109
141 31
88 166
191 182
36 169
86 33
0 14
194 59
193 54
64 130
101 106
146 16
180 24
53 13
179 97
66 133
183 4
107 24
167 141
44 184
1 71
193 63
19 182
185 73
197 42
153 159
131 24
16 159
152 145
31 57
67 114
95 30
187 9
154 180
56 134
60 1
87 130
105 118
80 179
7 80
190 100
118 42
139 180
17 9
120 27
129 90
104 136
72 153
10 199
23 111
93 1
185 163
185 150
136 124
130 34
107 74
51 47
166 119
45 5
23 92
131 196
9 155
148 115
13 9
91 77
94 162
147 7
143 81
139 173
11 62
60 34
186 59
52 69
48 80
145 97
110 66
3 39
125 106
121 159
70 51
142 60
173 66
173 73
161 58
183 45
141 161
95 48
66 137
47 180
156 71
79 157
49 53
195 117
4 54
35 55
36 190
66 186
113 106
105 21
132 89
5 6
118 11
195 81
13 149
130 191
66 64
70 58
85 21
114 130
77 144
30 73
153 69
161 177
144 61
44 76
121 67
169 68
164 183
94 171
136 109
56 46
62 95
104 92
19 98
133 160
185 96
80 9
190 6
158 62
140 74
31 111
185 152
16 168
150 107
21 66
124 126
13 102
167 178
177 47
92 57
28 149
67 71
188 131
38 188
136 135
91 169
76 31
146 27
79 195
46 188
79 36
116 143
191 54
98 71
96 148
134 24
82 23
85 76
186 176
78 170
138 79
17 29
142 172
137 145
9 36
190 28
180 86
184 51
32 82
83 134
126 134
187 132
185 56
89 40
128 102
109 22
90 1
100 199
41 162
11 27
134 172
31 28
198 69
123 11
80 76
103 33
52 165
3 112
165 22
116 49
40 126
31 110
154 34
171 194
16 140
30 172
3 116
22 170
125 99
54 162
91 66
82 14
40 15
10 159
76 12
74 187
148 195
22 79
10 124
178 42
15 124
44 173
135 105
45 166
141 193
82 113
60 187
49 46
126 31
140 73
7 36
198 167
23 134
7 194
59 31
139 14
105 149
8 197
194 114
43 103
76 92
179 20
75 124
36 91
8 52
43 199
112 119
180 95
44 2
106 5
58 77
108 75
119 156
27 117
121 108
26 144
133 108
30 15
168 152
160 162
43 61
100 129
174 123
134 125
124 41
8 120
134 179
6 191
139 23
18 174
54 139
41 145
46 98
148 167
19 142
162 165
77 117
155 136
90 4
100 113
183 113
161 199
63 131
118 95
9 199
120 25
92 198
27 105
6 142
101 76
149 162
196 21
10 193
49 86
161 115
106 3
110 111
59 83
45 57
130 101
169 84
55 177
120 124
85 139
75 141
129 137
45 30
122 186
101 185
59 153
21 163
44 107
125 3
41 109
91 53
79 186
20 35
121 12
156 178
44 194
164 42
5 138
171 7
185 170
156 2
88 59
66 117
102 64
156 131
153 96
90 81
10 125
36 181
66 114
71 96
130 179
124 190
190 138
186 49
87 15
91 111
17 31
12 117
192 171
130 79
160 123
126 129
129 13
65 199
188 184
61 190
106 60
159 101
179 156
33 163
152 26
110 82
58 188
62 134
199 160
131 198
19 146
4 92
27 103
172 4
37 187
42 174
95 94
21 88
38 60
152 69
163 116
194 120
21 61
159 163
46 199
101 26
193 40
9 151
32 10
151 108
109 137
144 40
190 176
87 196
12 41
66 42
54 19
94 126
136 45
83 38
60 46
196 101
115 31
143 15
190 40
138 20
140 4
27 110
189 17
104 180
17 195
4 165
74 95
184 48
145 154
178 199
55 90
165 25
145 83
26 5
168 156
89 48
93 102
134 107
94 190
31 176
12 143
59 101
164 63
41 84
124 152
110 87
34 9
22 44
99 34
32 8
132 58
109 16
59 81
142 23
197 118
176 35
199 20
88 93
12 169
76 68
59 80
142 169
34 91
194 10
86 71
92 130
112 55
121 59
90 22
4 171
154 62
77 159
72 7
162 7
42 194
115 116
156 180
145 177
65 68
108 80
197 4
177 160
169 150
138 27
25 164
196 37
115 122
142 93
32 199
127 9
97 41
162 115
95 14
93 198
5 97
37 155
93 136
98 76
45 177
78 174
184 145
194 196
51 176
146 114
25 142
12 135
7 158
124 62
179 199
22 152
141 172
5 49
101 125
109 159
146 29
168 5
91 159
49 23
62 87
143 66
50 192
44 137
96 110
146 133
84 133
164 5
59 10
127 126
89 47
164 12
54 80
193 138
174 199
159 56
61 49
28 119
176 134
185 68
192 94
146 181
128 66
57 73
72 168
45 66
29 123
165 42
137 130
41 58
185 99
155 148
177 190
99 97
89 138
120 68
143 20
185 107
109 155
194 91
65 0
9 134
186 11
9 32
21 161
31 194
146 87
194 178
19 145
11 57
66 75
161 19
150 158
197 87
54 108
158 177
85 110
199 68
30 74
43 72
193 2
148 6
61 80
159 123
123 189
7 188
155 63
132 0
168 12
106 93
105 43
33 137
180 90
192 95
130 57
17 88
10 183
84 33
65 56
110 154
17 131
52 192
55 84
107 168
1 19
144 98
42 58
179 119
60 107
29 25
48 167
154 31
53 31
69 36
98 193
71 75
96 195
90 53
73 42
167 145
172 156
84 75
179 27
135 124
124 90
103 148
8 62
173 45
168 82
99 150
191 93
38 37
192 179
89 4
128 59
61 56
29 138
20 13
85 106
165 134
86 16
0 139
90 60
33 174
75 12
32 142
189 63
149 99
86 52
148 72
17 154
82 145
152 5
139 183
46 80
188 174
74 153
159 61
31 8
11 26
89 146
150 187
167 47
176 6
105 73
194 142
128 13
54 12
188 175
66 50
182 20
52 136
50 63
12 1
178 152
21 79
73 148
138 163
20 50
64 59
99 71
6 108
20 49
63 134
29 156
135 154
120 75
135 91
140 44
158 28
92 111
108 185
123 141
100 65
37 47
23 97
23 172
198 127
19 25
184 69
31 9
94 32
46 96
157 55
107 99
76 125
70 76
181 98
110 21
54 76
176 178
143 34
182 164
111 185
130 102
21 80
122 191
61 79
27 17
191 41
193 153
133 175
149 22
9 195
174 184
126 113
109 25
141 54
72 87
172 146
117 86
66 161
6 151
198 85
177 68
44 96
186 97
178 0
71 18
149 199
25 7
62 80
83 12
64 171
199 130
1 96
50 156
161 193
105 183
154 78
36 21
4 10
13 158
169 38
178 107
177 100
164 15
179 52
24 55
89 119
103 66
153 35
95 87
192 137
70 152
110 14
196 139
36 52
172 60
42 166
183 29
2 76
185 57
153 170
155 94
107 83
132 139
84 119
33 87
42 63
69 7
107 188
54 116
69 2
5 179
185 23
61 84
51 160
43 30
56 58
140 104
10 69
29 164
93 111
48 59
74 179
40 131
61 64
129 12
74 69
153 61
59 61
176 8
106 160
117 61
162 72
119 171
94 70
190 18
115 29
77 67
155 25
142 188
37 94
145 142
190 136
33 38
8 16
46 122
186 50
31 7
72 37
99 41
57 70
57 196
58 186
74 66
58 78
162 90
7 117
89 196
161 112
85 122
133 186
194 47
101 147
114 157
177 99
46 104
130 180
93 14
137 39
177 44
18 168
40 32
179 113
104 149
105 15
136 63
3 146
168 40
121 187
107 7
60 81
159 52
101 91
63 184
57 60
152 87
180 124
41 107
10 18
141 67
161 121
88 42
173 39
91 61
77 54
92 37
68 52
28 10
71 97
172 69
145 98
52 198
138 115
131 110
60 115
77 57
55 29
189 182
164 97
188 168
194 193
54 147
9 111
101 9
0 56
6 7
41 75
21 12
5 139
153 77
9 30
186 113
113 8
130 1
130 80
61 131
49 75
90 198
178 138
151 56
64 29
172 180
3 130
166 135
119 122
1 143
105 167
80 140
90 158
20 113
133 14
110 141
96 50
94 38
173 21
55 34
118 114
23 159
94 131
189 3
98 131
94 63
199 172
39 185
81 169
106 39
153 38
115 49
85 14
81 100
32 75
126 60
47 109
35 111
191 152
10 110
58 147
94 40
52 105
16 75
51 21
22 72
151 22
192 186
128 199
70 71
54 47
143 114
66 6
198 22
68 119
180 184
152 9
8 160
36 114
75 86
125 136
191 124
156 149
144 54
41 30
141 96
148 34
173 188
42 115
71 63
158 71
94 194
7 23
184 158
36 67
134 149
130 121
173 123
165 110
58 37
116 69
166 19
158 72
96 175
131 43
166 29
101 93
56 67
90 161
127 28
199 84
15 165
6 62
99 162
184 56
44 124
90 119
153 173
21 68
14 145
140 108
20 132
68 142
51 152
146 61
32 116
40 72
72 102
97 37
140 120
101 177
78 112
78 147
81 116
79 88
32 163
179 18
14 192
6 167
157 125
23 131
53 55
186 179
140 142
25 48
88 78
27 154
74 23
63 3
1 41
171 101
46 120
198 38
170 151
147 183
140 91
24 186
138 46
66 79
176 124
89 109
13 51
78 71
180 40
100 174
171 130
111 25
173 60
103 153
188 73
175 71
28 4
189 38
45 149
193 160
151 73
75 110
107 115
153 76
147 127
62 161
138 143
15 157
6 47
133 145
126 23
84 100
20 98
181 158
72 4
43 166
87 44
3 170
155 133
22 10
104 116
65 70
173 8
43 186
35 191
163 113
71 139
128 31
65 135
72 107
39 136
23 151
97 52
170 85
158 75
80 110
6 59
109 43
53 151
137 21
36 166
30 153
91 185
105 28
101 38
133 169
135 48
85 156
7 182
84 179
89 29
91 29
86 159
34 41
72 131
164 162
115 30
185 110
113 130
147 114
173 163
27 171
117 55
165 136
49 176
56 97
120 7
79 127
16 107
177 119
30 85
120 60
99 124
112 148
119 51
32 120
19 100
46 106
156 34
172 44
3 76
191 102
190 23
141 91
112 26
141 128
59 152
153 92
57 44
177 80
23 148
170 148
143 126
100 1
131 68
105 77
174 131
45 79
139 147
135 134
114 37
190 82
156 128
35 154
31 146
1 199
128 117
100 168
110 50
113 155
178 128
173 103
190 168
173 132
54 5
171 195
86 34
6 121
135 178
77 37
147 13
54 142
144 123
113 105
35 93
102 121
77 21
196 73
75 46
132 128
156 8
16 158
84 153
53 25
62 107
161 11
104 139
42 27
50 59
77 9
14 44
167 50
144 53
72 130
41 26
29 8
39 37
155 150
160 186
53 125
183 52
107 91
139 29
14 198
57 28
20 11
108 179
106 20
112 199
42 116
79 108
87 43
165 89
174 164
141 24
33 180
184 107
70 185
16 29
62 118
182 72
108 99
150 7
102 66
191 25
120 159
105 16
63 116
187 10
101 123
172 192
69 4
112 137
33 12
151 157
102 86
67 78
113 114
16 57
162 116
115 92
58 152
45 182
115 143
194 57
44 105
142 112
78 55
49 13
21 74
100 71
149 109
192 30
24 118
131 81
126 138
91 99
164 127
49 99
111 77
59 100
134 92
55 124
190 72
163 79
131 58
19 141
156 176
172 19
60 59
199 34
85 148
154 103
33 48
95 117
78 29
3 150
122 30
108 7
197 137
178 191
196 45
18 116
43 159
25 82
98 135
23 125
100 40
130 106
131 154
183 64
57 63
33 81
100 8
120 82
141 6
8 37
146 23
11 153
172 28
128 58
176 170
38 70
141 133
162 191
168 127
183 77
163 83
180 157
188 139
167 94
103 147
40 8
136 127
152 165
135 151
122 49
94 152
153 150
135 142
85 75
30 77
175 73
21 83
134 113
54 185
31 1
18 29
92 29
165 21
25 85
75 54
198 129
64 122
140 176
75 52
65 171
190 116
37 182
152 167
157 173
191 33
140 57
171 179
0 121
29 58
167 61
106 42
47 193
182 141
31 20
155 72
52 182
73 192
6 40
50 175
51 129
163 194
157 13
175 62
176 166
91 181
179 132
160 5
111 152
94 41
156 14
194 135
16 174
14 48
138 85
120 161
138 66
149 43
18 2
172 176
84 63
190 161
47 176
36 31
59 142
192 49
40 134
119 168
86 129
86 148
16 189
196 135
166 148
29 153
172 127
0 77
28 177
96 2
21 28
106 31
192 59
106 155
93 156
98 4
89 174
22 23
182 132
115 136
15 167
96 25
191 154
104 64
127 186
165 130
37 119
98 3
104 127
83 60
16 170
27 13
54 56
5 173
124 24
87 42
189 11
72 119
67 117
26 8
147 65
193 18
0 57
104 71
49 7
146 56
4 177
15 62
141 121
14 193
65 137
79 51
42 193
0 18
40 90
134 156
37 154
112 157
127 14
175 163
189 93
154 187
117 169
146 190
106 119
170 69
63 51
151 85
11 100
133 187
146 5
17 114
162 121
63 24
182 13
71 68
113 48
60 185
20 174
184 40
118 102
101 118
23 94
18 110
193 72
185 182
144 55
18 57
62 31
40 152
135 50
2 107
109 21
120 5
189 180
161 28
160 18
102 147
22 176
18 69
132 40
104 42
32 193
22 169
15 126
181 96
78 180
150 76
175 99
86 17
71 172
149 74
139 66
118 171
84 73
64 156
148 92
18 74
43 32
4 190
138 71
58 73
26 160
150 198
125 127
34 28
69 37
67 63
182 166
81 53
143 131
141 29
166 163
75 103
20 163
199 57
17 176
57 46
192 141
19 50
195 160
112 54
176 37
77 199
14 108
162 51
98 28
32 57
121 127
52 101
193 174
47 45
9 85
94 79
80 157
37 91
78 89
91 84
116 24
197 55
68 77
184 151
126 50
130 90
140 106
113 49
84 152
199 101
130 70
119 189
112 90
26 68
48 74
32 123
90 100
82 118
58 170
63 124
149 8
48 129
27 20
18 117
127 44
179 49
41 106
187 194
112 49
33 199
110 132
128 148
184 4
88 35
196 151
153 188
1 59
91 109
17 138
21 125
47 117
193 154
29 84
140 77
97 53
133 147
127 77
165 127
9 113
72 12
198 184
45 137
146 193
135 192
165 124
185 124
89 160
168 69
37 120
147 33
120 187
109 187
28 164
81 29
104 20
169 61
145 12
109 119
23 77
31 80
159 67
78 105
29 46
133 63
4 99
193 53
157 120
195 29
135 56
162 197
73 119
7 123
83 66
101 46
195 6
43 198
155 198
41 195
91 44
195 156
155 67
110 39
37 151
166 168
199 150
14 187
58 68
61 132
114 4
131 104
100 35
76 66
47 132
43 19
189 188
78 30
164 129
136 37
46 180
162 37
194 139
67 11
63 13
81 20
52 193
106 66
0 195
75 116
7 137
44 115
47 53
43 74
181 75
51 17
120 67
171 146
192 168
175 42
143 118
90 99
48 169
164 49
95 43
130 172
154 25
164 150
48 71
145 104
94 17
90 43
40 112
174 99
80 97
192 162
103 6
116 79
50 139
160 23
10 26
161 84
99 1
124 183
82 48
180 151
155 80
106 104
115 88
150 4
149 55
102 116
148 90
35 133
7 74
87 140
12 16
144 196
174 34
158 97
110 126
77 83
19 65
37 14
0 9
197 50
42 37
159 83
154 7
50 100
0 38
165 157
166 123
198 158
101 72
11 138
65 151
127 162
145 153
191 119
154 133
18 28
147 48
182 107
46 15
44 42
50 64
27 132
131 102
127 178
95 160
82 140
76 95
91 83
157 132
192 157
108 120
106 187
41 104
189 75
41 137
178 146
120 117
146 136
182 170
0 66
117 71
78 159
118 26
198 11
104 150
153 152
115 43
157 94
128 37
137 184
145 81
176 158
181 179
111 44
189 167
59 115
197 177
34 182
101 108
48 136
40 127
83 142
84 157
11 59
128 191
41 18
150 94
11 136
126 90
85 10
79 129
151 81
116 62
30 154
22 83
190 30
30 145
67 100
142 77
40 151
125 6
67 182
183 187
155 59
158 117
94 46
21 65
3 138
155 33
66 188
130 131
55 94
119 165
25 130
7 70
163 108
159 71
146 11
10 169
37 193
33 39
89 118
168 179
23 137
171 18
100 171
9 197
33 176
147 131
60 149
23 96
45 144
166 65
114 51
52 28
5 166
51 156
153 105
145 129
48 142
32 23
65 27
5 191
186 71
163 110
1 50
51 106
45 77
57 54
65 113
5 172
126 47
187 88
60 84
135 40
61 33
16 178
199 134
71 148
86 176
161 85
88 55
155 154
176 21
42 125
70 64
93 62
149 155
153 131
87 41
87 5
14 52
143 167
172 167
68 56
191 28
95 96
69 119
33 194
111 90
96 118
150 6
139 86
67 81
133 3
11 22
189 142
79 35
153 111
180 110
91 82
7 94
197 106
38 57
118 66
53 102
119 62
51 187
148 60
154 181
147 63
90 39
124 138
12 8
131 171
28 143
10 131
40 154
126 108
57 68
112 42
12 106
196 153
169 32
13 59
47 137
40 198
184 91
87 47
44 90
9 184
150 58
132 50
25 122
117 33
58 66
148 28
191 105
101 45
7 187
121 20
51 174
178 93
75 165
75 148
98 16
181 3
82 170
186 3
76 134
184 143
15 141
124 78
141 58
107 130
53 161
25 125
16 111
160 86
32 124
139 58
12 144
89 32
0 146
172 166
197 22
62 151
95 20
153 75
27 68
68 187
148 43
5 22
53 95
191 104
177 112
147 151
26 45
112 10
182 32
175 156
42 185
145 60
15 152
178 164
16 134
80 111
81 99
28 166
96 60
52 50
178 106
66 162
164 165
122 126
187 168
62 129
11 61
19 119
140 124
24 190
26 67
36 70
143 155
52 103
114 80
4 113
16 78
43 108
44 126
61 110
6 10
128 108
98 173
39 121
18 49
25 141
165 12
88 110
98 126
188 199
28 37
7 145
77 22
99 76
10 70
176 192
95 138
111 30
46 128
14 122
177 88
108 83
138 171
17 36
96 68
151 84
178 158
81 153
160 115
54 189
29 69
123 47
32 121
43 106
20 116
151 166
63 172
122 141
63 183
83 101
6 132
115 81
62 127
108 137
132 181
78 18
27 74
160 122
92 73
127 161
177 115
77 27
126 199
174 154
45 9
71 132
71 147
38 78
16 44
19 37
87 195
89 41
180 28
47 190
198 83
112 183
139 146
97 163
36 82
5 11
19 45
95 98
80 180
40 109
100 46
133 115
6 68
103 82
86 145
114 52
172 190
135 118
195 165
174 90
155 89
44 89
89 195
58 183
124 1
78 83
13 88
67 53
33 124
59 143
150 12
102 141
182 144
150 38
23 133
118 16
46 53
117 121
99 27
139 79
176 107
175 118
190 37
54 158
59 134
36 170
103 145
183 23
98 37
77 17
30 56
64 22
52 191
21 46
77 198
75 162
21 49
71 4
123 58
130 99
189 37
181 127
108 77
142 167
103 36
56 171
47 197
84 95
12 112
98 89
19 62
36 139
196 33
191 20
138 87
141 20
178 110
35 130
188 113
69 121
27 119
193 103
22 91
81 96
117 32
177 52
159 38
13 170
85 16
26 132
12 183
20 170
123 16
197 81
37 24
115 82
156 140
105 85
100 28
174 140
120 109
114 134
30 58
149 182
131 20
144 156
116 77
180 165
182 82
111 126
137 40
90 128
26 186
15 102
55 183
111 103
45 171
110 38
133 142
59 116
145 158
150 145
93 54
171 151
11 4
29 140
136 29
29 20
181 192
180 42
85 166
85 175
18 42
101 193
28 151
73 110
79 148
112 70
58 13
81 26
40 42
101 16
170 93
180 35
197 178
68 32
0 184
161 98
37 55
164 108
11 176
126 92
187 24
188 169
29 188
170 77
92 65
44 95
156 59
166 116
105 40
81 12
36 20
85 35
172 21
154 173
96 190
11 156
58 12
74 195
71 17
0 1
133 7
114 192
69 120
16 166
64 121
178 67
68 29
183 149
33 109
189 186
102 197
163 136
43 128
151 55
178 137
2 152
134 184
16 171
55 89
96 55
179 89
106 45
140 150
197 67
196 180
185 145
64 119
186 190
144 113
10 188
186 169
50 98
72 45
44 160
122 77
141 178
101 191
53 4
95 157
114 39
97 44
102 189
196 154
182 27
118 9
100 87
65 168
130 166
146 9
106 149
98 62
30 171
24 111
31 114
57 101
183 116
21 149
90 115
44 72
103 53
180 27
83 169
124 128
180 152
179 162
72 35
0 123
136 4
5 176
111 104
134 186
128 29
35 136
151 17
129 56
191 59
59 37
3 121
147 10
109 141
142 4
100 83
143 2
152 181
122 166
25 104
199 103
184 165
143 148
8 193
93 184
47 164
114 61
98 140
109 73
18 72
110 134
26 163
38 181
65 75
18 156
98 81
101 64
197 18
191 143
130 91
30 29
24 127
141 8
84 14
151 10
148 151
84 11
152 79
130 0
2 113
86 47
123 59
75 182
99 159
182 25
128 96
48 54
97 90
170 101
32 137
21 69
153 41
34 32
85 11
40 99
92 122
179 2
14 67
19 82
92 68
157 86
70 178
41 5
155 184
135 126
60 68
4 24
82 43
21 121
3 49
28 87
164 138
61 124
36 19
80 68
190 3
41 119
32 105
56 156
102 63
55 23
140 172
104 169
198 37
139 169
190 180
13 159
12 77
45 125
73 70
148 58
118 113
115 97
93 17
39 192
0 129
58 90
122 61
27 185
71 154
88 5
142 139
47 97
198 17
146 74
134 89
128 150
83 5
195 13
63 14
46 125
96 16
27 159
163 158
104 129
45 126
148 191
156 126
39 76
25 15
166 37
115 24
177 168
96 191
143 137
34 6
4 148
166 50
66 94
94 124
146 145
79 68
114 25
140 123
11 175
51 6
130 85
20 14
140 88
40 147
192 106
110 144
184 126
59 21
197 179
30 143
59 7
170 196
81 27
140 5
182 4
125 149
60 137
1 70
107 18
23 78
59 131
35 165
45 29
36 145
92 151
198 30
55 136
93 116
132 76
17 97
23 141
27 57
23 189
3 56
141 158
170 138
186 162
43 113
142 10
135 156
26 38
141 169
113 3
48 196
191 56
159 66
177 171
153 55
100 195
39 67
74 108
52 162
55 3
56 188
108 66
81 185
12 11
175 110
130 108
121 66
154 190
118 84
185 94
89 25
95 113
177 83
154 47
32 198
23 65
197 193
147 174
5 154
20 185
49 187
71 157
98 34
76 59
7 73
145 68
134 88
8 179
12 35
64 9
52 93
106 90
159 154
65 6
181 87
64 189
63 151
135 3
110 15
101 139
165 171
157 17
80 14
27 26
31 178
135 188
52 72
131 36
4 61
76 145
170 135
79 17
183 141
163 125
103 179
68 72
84 53
198 186
144 100
53 140
148 144
160 130
99 187
193 22
147 128
41 171
132 66
36 34
13 90
92 107
56 123
57 22
41 9
169 124
25 150
147 75
91 3
162 49
4 88
12 43
62 128
197 62
2 95
45 75
14 88
148 119
71 31
192 126
138 40
29 152
189 136
105 196
21 19
110 2
92 9
33 92
34 75
25 123
12 196
142 89
132 51
16 64
81 126
135 88
66 111
137 133
64 42
182 150
114 169
127 158
173 81
147 186
194 154
28 176
57 90
29 105
170 74
5 29
89 162
116 152
53 40
94 24
101 161
138 48
108 84
182 122
156 162
7 9
32 185
37 164
17 20
92 51
158 9
117 101
154 96
178 99
192 67
34 51
36 95
74 136
46 77
110 99
48 68
188 110
61 73
143 61
13 4
50 15
54 61
1 195
5 7
52 120
42 196
171 157
109 34
30 79
196 163
159 31
133 11
2 101
18 48
121 17
115 108
181 121
144 194
144 73
146 137
47 110
199 64
0 19
61 87
92 170
151 159
38 1
67 193
37 105
38 10
2 170
178 33
29 102
57 108
186 91
115 79
1 22
98 32
43 196
199 102
6 41
95 154
127 31
142 69
6 124
68 51
84 184
119 56
92 101
3 58
81 58
115 159
177 165
74 97
123 75
169 116
100 153
12 85
80 118
48 151
120 40
34 125
36 148
166 40
38 22
97 135
130 67
59 111
55 28
74 77
174 50
144 179
95 64
50 35
33 35
99 47
134 164
198 27
121 114
176 52
3 0
56 180
144 119
8 122
157 42
97 183
134 143
158 139
196 177
117 43
24 148
0 147
182 49
70 33
41 56
62 2
60 163
52 44
85 31
193 83
88 9
133 106
98 2
130 132
155 153
89 99
158 37
165 161
164 91
0 52
50 190
38 115
117 142
186 183
153 147
197 88
183 32
3 77
55 166
175 37
57 49
127 55
194 170
121 128
85 3
57 85
187 71
75 36
64 179
48 178
131 180
49 59
103 41
164 166
9 139
157 113
61 199
87 76
150 49
100 110
25 119
73 36
27 15
78 65
105 31
151 69
27 145
61 63
155 93
57 190
199 3
119 74
45 100
16 77
13 64
48 183
70 142
168 45
110 155
125 192
9 98
189 173
129 30
5 16
117 167
132 143
189 60
173 42
186 41
55 185
81 187
41 133
54 101
74 192
176 59
104 59
157 78
196 115
148 194
99 192
145 113
150 129
155 123
10 8
167 64
1 49
51 76
0 89
175 199
42 144
109 158
156 26
79 39
169 7
73 199
180 120
143 0
65 127
38 58
126 72
124 102
39 149
198 1
9 131
195 90
114 92
30 188
80 181
187 177
17 90
108 167
163 39
195 53
97 54
59 175
133 88
18 199
128 93
94 56
72 104
132 54
192 7
55 126
170 79
49 121
146 57
84 79
2 134
0 20
51 125
55 5
132 88
17 127
13 140
28 0
148 113
48 66
56 96
16 179
25 146
13 48
156 165
122 124
116 184
143 49
173 172
21 71
114 81
44 187
17 125
198 175
109 10
174 39
149 52
100 184
57 14
120 9
198 172
8 104
120 168
10 121
87 8
109 190
19 77
120 172
184 183
50 124
120 138
103 159
196 113
175 183
7 186
31 142
82 125
162 134
59 160
124 47
21 197
31 5
84 194
7 19
1 193
172 193
144 180
102 32
91 123
144 71
160 19
63 192
124 164
137 103
59 0
177 198
149 114
37 78
158 149
165 69
164 142
67 187
114 106
3 176
78 167
196 117
95 31
48 137
114 150
36 132
23 24
11 6
146 122
185 113
50 153
145 188
51 138
12 148
42 126
155 16
23 81
89 187
77 137
61 100
159 69
65 58
144 185
152 91
6 193
46 78
174 177
190 117
149 86
25 38
124 96
7 198
138 19
8 128
105 38
113 184
163 187
60 69
102 70
146 160
58 130
160 2
182 56
42 19
24 50
116 149
73 4
121 158
93 107
198 120
41 156
81 56
177 76
102 164
91 4
42 167
10 2
29 143
141 37
79 93
67 83
64 32
100 165
20 8
35 53
165 135
106 19
21 143
30 107
90 34
190 123
145 198
61 44
5 56
136 145
141 73
45 27
33 53
39 195
166 197
117 28
48 180
44 94
27 67
96 43
71 166
178 38
16 144
47 74
37 52
190 88
16 92
136 106
107 191
13 38
56 36
80 106
177 49
6 48
196 39
106 141
178 173
75 17
117 126
6 186
41 71
81 160
80 197
33 49
162 199
15 89
183 122
34 139
7 32
148 150
180 83
14 103
115 193
93 87
196 158
178 100
105 74
6 30
116 107
10 56
51 98
110 0
134 8
74 73
196 84
22 49
112 129
111 168
93 197
62 185
151 91
192 105
124 104
88 116
79 91
184 127
46 175
69 65
3 99
164 149
64 10
166 80
148 95
93 48
25 179
148 169
43 100
16 27
131 182
68 161
159 175
89 96
64 96
99 28
158 136
134 45
169 120
133 25
161 142
22 105
139 55
190 164
51 86
26 44
75 40
64 108
43 139
169 78
11 0
74 3
139 8
163 188
187 76
150 126
198 101
156 5
88 189
172 171
127 109
192 115
173 87
89 156
93 72
77 6
186 68
35 36
138 56
198 196
62 23
147 97
59 42
158 183
6 31
91 155
132 2
93 127
126 148
26 56
109 138
101 90
10 160
167 54
30 1
135 68
88 75
156 161
187 193
176 188
5 43
96 119
99 163
153 127
11 71
112 171
190 101
55 57
190 9
4 67
1 85
119 13
44 53
97 82
45 176
182 92
6 118
2 27
180 29
127 13
9 191
122 120
135 155
19 85
125 100
139 168
129 15
195 75
163 70
184 3
29 36
153 184
163 95
55 194
43 94
138 78
51 4
130 187
166 91
40 86
33 151
94 183
12 114
104 22
102 74
40 0
147 134
194 85
131 126
145 66
60 65
171 66
139 189
149 34
25 192
193 19
135 168
194 101
140 0
44 78
84 195
115 76
15 158
11 52
17 15
8 95
155 99
195 172
155 29
100 148
73 183
178 77
172 194
114 120
145 38
17 141
37 2
155 146
5 136
66 131
12 22
131 132
131 155
158 34
88 128
150 113
50 83
190 65
10 104
116 172
102 119
52 47
137 118
71 151
96 92
59 24
19 115
91 187
7 163
121 177
195 24
158 138
106 61
49 89
18 73
23 132
32 54
193 106
131 78
199 189
67 198
143 95
147 9
95 21
71 14
128 101
113 173
133 40
59 120
60 49
123 163
169 19
185 137
172 61
165 196
188 137
185 1
82 53
104 182
64 97
37 17
10 149
30 70
67 164
195 193
71 128
65 83
130 144
98 192
174 25
145 57
164 68
28 2
18 30
193 164
195 180
126 175
166 62
154 112
124 39
76 139
130 76
128 100
196 75
93 180
9 82
180 14
86 185
83 95
77 102
55 188
86 179
99 13
147 87
191 187
108 119
42 110
115 75
50 29
7 45
91 173
88 44
5 79
111 84
23 198
68 117
147 64
172 147
127 122
189 2
96 31
1 183
140 64
114 34
98 31
91 160
22 106
30 141
173 122
42 188
115 36
183 54
182 30
106 150
20 28
97 78
107 131
76 141
173 82
27 64
170 15
92 194
161 157
37 31
30 39
72 48
143 105
196 109
161 61
76 63
115 62
127 137
175 30
10 0
29 37
187 35
106 153
97 101
144 141
37 109
128 64
1 126
145 75
119 164
152 64
26 173
20 184
110 116
66 3
83 188
42 33
146 48
59 158
95 63
44 46
20 3
176 127
172 158
187 119
68 81
104 190
190 85
121 182
161 20
60 78
94 2
103 16
151 199
130 111
83 111
78 116
24 137
163 195
67 133
120 62
165 176
135 27
142 126
163 190
48 188
7 161
21 171
27 0
89 145
20 114
71 7
47 101
75 186
43 62
168 167
69 15
56 40
16 36
94 75
49 174
125 31
167 124
2 93
50 12
39 23
36 37
84 129
131 79
153 142
57 129
161 27
180 106
178 37
108 0
70 77
63 148
148 76
37 82
41 193
136 118
125 120
34 42
177 30
193 56
149 191
126 133
114 153
76 137
54 149
95 196
23 73
120 164
73 174
148 77
192 145
82 94
185 82
45 132
135 66
49 87
140 191
79 31
168 48
13 42
71 181
48 78
106 145
5 67
123 119
56 14
158 57
103 140
24 183
154 87
100 39
133 116
92 118
74 130
150 125
66 151
176 76
70 127
53 6
167 7
12 9
10 60
49 108
74 186
100 106
170 83
183 138
155 141
129 141
46 190
154 28
98 123
186 39
52 147
153 191
138 175
170 110
45 184
198 45
125 57
59 66
70 171
41 69
52 88
16 157
6 134
108 73
110 190
5 165
81 105
28 175
71 102
1 122
55 69
98 64
5 62
80 115
111 28
52 178
113 61
119 98
10 7
138 33
143 31
75 4
157 188
187 115
93 57
38 104
43 127
149 184
141 188
140 41
25 162
117 85
181 0
39 69
172 62
122 155
38 121
134 157
149 75
17 62
127 66
6 32
32 49
193 185
42 168
109 3
67 124
75 15
137 158
153 39
87 123
12 6
94 77
83 187
123 153
161 113
171 117
23 48
7 35
151 98
70 99
166 11
71 35
190 183
18 20
79 44
39 59
162 190
15 132
91 88
139 96
74 139
1 159
165 166
61 52
120 76
84 16
24 15
189 24
159 183
110 53
170 6
191 171
67 18
87 45
125 1
109 130
157 68
142 143
181 49
152 46
194 50
104 165
52 153
139 42
21 199
30 46
94 64
91 47
198 133
85 42
108 165
194 143
29 97
187 159
181 14
139 176
134 46
111 182
181 59
133 18
91 106
191 184
191 117
32 154
101 81
164 173
63 103
31 167
113 187
91 87
35 61
165 50
127 32
34 115
21 155
46 121
82 33
107 177
125 38
189 196
112 22
152 90
17 108
27 62
100 163
191 79
160 30
101 48
102 140
105 79
72 183
83 174
198 151
154 138
195 3
178 22
118 178
105 142
88 182
154 188
17 119
78 43
40 9
53 155
197 136
27 33
45 94
97 195
127 27
103 25
97 197
103 104
102 186
78 41
86 134
107 23
18 99
16 87
197 82
46 159
11 140
112 62
22 157
88 20
174 74
178 40
134 116
35 119
79 19
93 65
169 76
8 73
67 147
25 30
97 14
141 26
125 74
82 147
48 29
121 189
56 179
84 141
184 140
33 182
112 165
19 88
54 7
50 45
72 41
109 67
57 175
34 43
143 152
148 140
59 23
27 102
82 85
96 98
142 124
160 75
122 86
79 58
7 81
20 42
129 130
152 16
195 47
185 143
167 111
82 0
76 160
101 158
116 100
13 22
78 19
82 116
123 118
119 176
9 89
33 144
18 56
129 114
75 37
88 185
111 3
37 173
192 4
199 56
37 32
94 73
192 27
92 146
167 99
15 173
182 44
75 198
27 177
117 166
83 172
138 173
15 61
41 80
43 168
191 49
53 17
174 190
142 33
95 111
60 88
115 77
158 186
86 158
78 173
155 130
141 150
172 186
111 76
16 37
72 89
71 122
41 65
132 55
32 158
155 14
37 79
44 155
187 161
31 82
16 88
112 127
58 69
72 122
190 81
101 49
74 133
121 122
8 123
172 131
29 52
64 188
149 147
116 17
96 51
104 78
90 0
65 198
30 72
135 189
10 103
89 50
169 26
90 175
147 83
13 15
1 118
12 52
196 155
1 191
95 1
194 60
68 113
5 190
77 162
9 47
18 125
9 84
134 123
143 53
36 162
140 135
72 95
150 15
24 177
80 191
108 93
126 114
50 75
90 184
196 67
109 6
118 132
47 93
151 57
9 176
118 139
59 107
107 147
64 157
151 172
157 1
95 142
118 181
4 110
187 77
123 102
19 40
100 155
98 53
140 28
123 99
188 39
65 10
19 167
67 99
85 176
65 120
91 25
85 62
187 195
29 187
53 68
196 74
110 17
71 120
77 182
136 10
170 146
190 8
112 24
127 148
27 75
187 33
0 6
159 160
50 21
76 93
57 152
189 67
59 71
138 50
90 191
125 126
151 134
104 199
132 172
31 22
109 62
182 105
132 171
36 77
98 94
15 171
133 124
83 113
27 30
59 17
99 43
113 71
101 172
29 132
182 96
130 60
172 105
173 120
34 111
163 139
42 68
128 39
37 103
15 1
195 55
155 69
16 193
16 104
188 172
90 178
48 179
20 1
176 60
30 12
198 31
183 120
32 91
117 157
15 2
180 26
176 55
122 130
64 112
175 172
58 155
188 86
89 198
66 70
128 40
177 194
64 76
1 78
20 90
46 59
67 119
199 50
45 105
15 159
30 130
69 26
133 75
162 76
73 155
33 139
134 120
102 37
40 65
150 10
106 53
61 139
125 48
138 139
37 85
58 159
68 18
140 85
39 103
122 2
65 79
50 180
46 145
157 5
74 123
101 140
193 192
64 25
86 138
173 79
114 128
74 152
190 86
2 125
71 126
174 41
139 11
90 71
133 129
174 86
156 48
2 157
191 100
34 194
33 133
121 89
198 188
31 69
81 47
27 151
81 44
52 109
181 95
112 120
164 101
60 128
19 173
15 193
47 61
123 135
78 179
20 37
171 84
178 163
152 194
162 137
130 124
27 94
87 127
169 126
27 82
93 86
160 9
156 1
22 81
88 176
119 45
54 98
2 20
148 35
115 168
33 91
103 155
111 166
139 162
53 173
167 62
146 76
59 150
133 0
28 32
139 81
174 180
147 165
133 167
66 104
37 1
75 31
22 133
72 23
26 172
136 137
24 152
130 59
107 151
153 109
98 33
130 142
104 88
123 52
170 167
36 49
36 87
16 164
39 154
177 75
94 101
154 85
4 139
22 20
117 131
65 32
31 162
141 157
100 154
86 83
128 16
62 99
188 37
148 178
74 164
79 20
183 41
127 80
34 81
49 149
40 143
152 10
17 39
110 173
119 65
181 24
99 69
164 110
50 81
158 91
137 159
8 0
123 172
180 11
114 105
183 154
69 140
133 5
77 72
58 14
64 186
26 43
109 87
85 124
1 17
109 150
183 110
90 121
168 161
77 181
170 140
80 99
139 149
102 185
87 159
161 18
125 72
172 177
90 145
121 138
106 0
97 19
113 168
61 69
195 196
191 46
11 81
97 96
128 149
111 131
68 40
71 193
190 15
156 109
87 115
140 122
38 197
152 133
179 37
36 182
194 28
176 112
65 35
124 175
135 120
173 177
24 83
126 20
71 44
60 28
136 8
185 125
78 123
41 82
170 60
157 20
108 10
28 23
116 127
137 80
181 106
85 56
95 185
104 55
48 32
50 38
120 90
140 141
84 181
119 23
25 3
32 149
89 81
1 160
139 19
14 177
14 131
53 185
40 25
167 135
37 15
82 176
17 122
114 176
175 178
70 195
151 14
110 120
27 6
4 49
106 33
108 2
160 99
163 111
19 163
77 167
108 112
27 78
68 137
64 33
122 0
162 170
11 96
196 28
61 116
80 11
30 118
73 88
182 162
140 190
160 38
37 127
42 103
63 143
146 54
133 12
166 100
97 148
73 197
119 3
73 6
23 123
166 153
29 0
26 166
65 175
193 5
172 77
187 169
144 29
45 172
125 75
80 120
199 54
9 114
117 113
103 11
103 87
46 181
45 28
46 8
29 172
75 70
22 35
27 197
166 141
155 179
182 90
178 174
84 127
123 42
59 171
116 90
49 198
94 99
130 188
152 148
109 17
119 150
116 106
184 50
112 81
196 4
103 15
64 12
39 164
59 36
170 111
66 61
68 160
122 134
28 106
54 88
12 105
85 136
180 8
173 150
151 93
181 51
109 44
189 78
194 15
198 60
172 85
196 64
106 76
125 183
178 88
36 121
151 191
91 10
117 29
131 141
156 103
13 165
