200 4500
185 139
71 50
60 91
39 58
195 137
172 76
45 71
65 152
65 151
169 129
0 7
119 109
94 191
121 120
158 70
148 21
14 73
68 38
126 82
144 170
46 170
44 58
81 140
5 85
145 92
18 29
87 23
195 180
143 137
35 151
76 116
143 176
20 175
42 99
124 81
147 192
177 89
6 30
96 133
16 69
79 106
144 103
111 154
44 73
3 65
52 101
159 31
12 31
92 98
67 90
184 25
122 174
112 72
75 44
41 28
198 124
147 92
127 137
16 92
172 72
177 136
38 44
148 15
121 46
182 55
54 43
64 53
62 127
94 181
56 115
104 89
159 154
135 153
5 142
137 191
188 65
1 76
97 118
173 151
43 196
127 167
123 95
66 93
26 58
79 24
31 46
61 83
103 6
113 163
36 168
124 123
81 181
36 190
172 16
101 134
56 38
73 194
162 127
24 168
55 137
11 114
54 53
70 102
165 153
95 36
71 16
126 78
187 36
187 173
77 39
167 100
40 79
98 2
144 30
17 146
173 35
83 147
97 113
167 42
174 100
97 103
61 70
69 20
97 99
125 103
165 15
98 89
71 170
97 50
69 30
41 58
163 23
34 27
137 21
97 25
129 186
152 76
90 77
64 11
43 48
155 1
158 161
89 53
176 114
110 106
148 198
7 100
88 149
85 9
174 66
122 32
32 1
184 150
178 148
181 135
145 76
185 75
71 90
174 128
167 128
123 145
91 13
118 108
53 130
165 41
142 67
85 194
97 76
159 87
197 79
127 25
13 82
93 53
172 58
51 10
104 150
98 34
2 93
182 187
111 86
1 55
93 192
118 7
95 34
155 8
110 179
1 77
114 16
76 81
72 139
6 63
179 194
76 191
112 91
141 94
58 169
77 66
131 13
40 191
154 128
184 40
53 108
20 176
14 0
137 38
95 127
24 30
27 129
99 103
62 108
122 2
48 154
32 114
175 155
168 74
78 156
22 157
103 18
0 194
97 167
61 144
196 121
186 16
84 79
22 14
0 198
8 132
60 140
23 110
28 0
109 23
47 128
146 109
180 66
20 150
178 26
14 81
162 186
135 49
24 175
104 98
21 180
184 126
15 22
63 162
95 192
64 153
12 19
34 14
105 12
61 10
136 151
107 67
59 14
161 31
140 41
158 28
5 80
65 34
30 133
176 2
94 35
50 64
32 8
69 166
60 74
119 59
137 6
66 62
108 91
34 36
181 143
53 20
20 185
199 197
26 175
55 95
67 84
100 14
71 83
136 147
76 193
69 160
76 112
160 3
50 131
133 147
195 24
21 173
38 163
43 28
157 76
163 15
108 90
106 39
58 21
8 152
159 137
125 11
199 128
164 100
23 173
164 59
146 55
95 133
97 104
105 60
105 119
79 134
8 55
75 125
46 117
9 53
98 66
75 196
172 189
182 128
132 159
77 9
55 90
80 171
178 84
32 39
63 164
98 86
24 97
7 3
107 176
31 77
104 18
105 53
187 60
68 25
154 61
115 196
61 92
73 34
148 176
193 103
192 96
82 42
94 19
152 171
193 89
97 177
54 44
15 53
12 77
151 91
147 78
136 106
151 43
108 93
95 64
130 119
183 105
106 37
30 77
24 39
63 23
15 131
120 42
187 76
102 186
101 50
85 64
104 115
183 69
119 43
60 116
196 180
177 13
179 11
59 151
22 51
71 20
197 44
96 17
40 97
69 68
6 193
188 78
129 40
84 109
190 199
53 74
164 104
66 198
0 180
139 144
84 5
151 131
17 7
168 183
114 127
116 165
22 106
96 61
192 109
20 106
56 74
131 17
158 47
80 15
19 63
166 21
157 34
37 176
28 4
161 1
32 149
91 38
160 187
192 13
178 108
136 4
12 147
3 66
62 136
139 50
151 162
154 183
154 140
26 75
193 136
93 127
192 49
93 158
87 59
109 130
91 154
130 153
93 19
100 123
66 116
156 165
15 44
164 76
11 180
71 167
93 23
105 17
180 169
80 26
124 32
122 152
175 51
143 121
158 29
97 55
15 51
31 181
62 162
191 82
119 154
56 98
15 110
85 190
127 69
193 47
153 142
21 33
6 82
136 72
155 44
121 105
45 51
9 198
13 34
18 83
7 101
178 48
23 48
14 174
130 54
100 143
158 114
7 94
18 79
107 65
116 48
7 170
44 186
66 159
36 103
19 34
136 36
47 140
198 107
177 128
80 145
155 3
103 67
107 123
113 15
84 111
62 13
39 89
28 13
23 47
159 112
174 32
185 60
145 83
2 97
195 72
2 110
119 1
170 52
103 78
64 62
198 144
190 149
36 41
141 134
198 143
34 166
115 150
150 92
134 199
1 69
131 86
149 162
136 10
74 63
173 198
100 104
168 58
107 94
14 70
72 66
56 173
183 59
125 193
148 175
81 49
197 129
22 174
159 128
52 174
67 167
116 94
62 8
5 138
121 2
73 104
106 111
187 46
84 132
133 199
99 186
194 9
52 53
23 56
33 165
163 123
115 140
111 97
168 179
170 79
182 63
65 41
65 92
119 177
196 199
73 190
87 109
141 29
73 68
181 8
103 9
148 60
94 82
145 26
82 145
156 12
134 0
148 156
95 155
76 100
42 81
124 86
109 136
55 80
82 198
167 181
40 149
176 178
5 59
38 192
117 101
21 36
165 189
65 93
184 66
63 99
144 117
105 55
197 138
127 140
185 119
55 99
185 146
69 187
150 145
71 92
129 57
159 155
161 150
130 24
11 177
74 127
185 165
180 17
96 10
156 114
153 51
176 124
69 132
97 6
49 129
109 145
134 177
146 129
68 63
93 71
194 55
56 150
34 102
27 47
22 82
186 35
170 118
93 163
89 102
78 73
125 181
130 169
6 165
54 69
95 141
10 134
196 26
26 170
121 38
162 176
125 116
185 5
131 119
45 5
148 187
97 154
119 70
107 193
144 112
77 195
112 157
76 192
42 135
182 90
66 87
191 64
39 59
83 21
56 127
89 186
86 158
168 37
67 80
97 189
180 92
90 132
51 122
69 151
23 70
90 106
64 57
141 44
51 58
30 141
131 35
17 138
22 64
4 17
31 3
91 153
102 98
138 147
196 45
187 51
5 186
85 21
159 5
199 92
148 50
191 13
159 85
3 108
42 104
62 132
103 184
182 0
62 16
168 38
146 177
117 29
94 87
60 10
51 182
135 119
119 64
75 33
149 118
69 173
107 95
1 96
127 98
199 111
111 12
119 151
171 38
178 138
93 6
32 36
181 13
157 197
55 26
35 143
47 93
6 29
148 183
26 122
124 41
168 124
99 17
137 180
155 143
10 67
192 190
100 84
29 111
134 191
18 128
190 161
87 27
27 42
42 175
80 29
19 116
107 70
79 92
7 37
101 171
75 27
76 83
70 131
11 178
3 147
54 102
77 11
92 91
169 71
62 107
12 10
12 109
193 195
199 9
103 87
51 131
177 31
100 67
116 128
172 31
5 65
7 131
180 130
48 98
116 164
177 114
190 123
0 16
174 17
173 16
32 163
134 171
185 0
102 66
96 181
126 102
59 111
34 107
44 132
144 12
34 47
153 19
19 50
163 159
159 8
106 199
112 198
46 163
160 84
6 75
175 3
189 32
23 45
91 68
113 89
16 164
33 96
122 158
137 79
70 12
15 128
160 180
46 183
71 12
34 4
59 130
179 126
124 133
137 133
131 180
66 137
166 61
142 79
124 109
7 47
197 104
91 93
4 85
101 128
103 86
64 183
135 158
7 89
124 110
192 142
76 91
95 175
100 106
9 8
20 162
165 84
156 177
21 104
56 110
2 177
99 197
34 66
62 12
72 135
11 135
117 44
15 124
97 163
158 31
108 105
154 59
81 122
153 167
172 108
93 28
198 139
77 93
50 58
55 28
18 34
105 111
79 30
130 165
64 197
185 118
142 139
121 63
8 138
181 176
38 66
173 10
90 105
71 58
165 26
172 70
96 35
186 174
167 13
5 97
2 136
165 126
158 1
112 167
155 15
89 191
168 182
123 74
154 50
126 110
86 163
196 159
43 65
185 87
169 84
93 174
198 116
5 71
10 147
138 173
15 120
82 67
182 26
129 181
162 64
114 38
180 172
6 176
24 86
197 195
15 184
31 171
90 26
53 48
63 96
114 23
100 38
9 137
125 97
118 86
7 180
169 149
123 28
22 135
9 31
18 89
150 71
28 94
158 56
167 182
8 22
74 118
183 34
6 186
145 146
43 199
2 25
109 196
117 28
63 125
135 20
70 50
0 35
40 28
18 40
104 15
137 140
94 16
15 136
127 39
194 187
7 133
112 62
153 54
198 117
189 40
121 126
24 155
14 25
161 49
113 173
119 97
134 135
40 102
11 95
144 186
160 83
125 124
18 90
17 137
18 28
117 19
25 113
116 30
52 120
167 162
6 115
48 153
47 100
188 81
87 17
174 37
121 151
157 130
57 3
176 102
170 101
26 127
74 159
118 113
100 79
6 132
11 162
187 132
92 117
46 76
24 184
88 129
120 143
60 198
27 169
176 112
122 76
94 129
54 199
92 59
19 5
175 116
69 23
49 105
58 86
163 60
182 36
42 156
44 174
66 99
116 160
190 6
2 94
12 69
38 138
43 127
110 32
40 148
136 98
52 157
56 181
34 192
11 149
39 174
183 53
144 125
87 20
107 161
49 167
87 28
131 191
87 68
115 92
196 191
102 199
61 51
165 31
193 45
60 154
79 124
159 27
85 42
164 49
169 192
80 88
96 139
82 120
143 190
180 94
88 57
118 75
186 34
119 94
108 65
126 59
138 28
8 148
175 117
66 151
138 66
61 131
79 76
104 44
191 78
98 112
168 133
55 198
45 151
76 73
113 193
51 23
182 127
83 48
113 75
51 80
94 39
3 100
52 68
197 161
196 49
101 51
186 184
137 77
115 0
72 142
35 194
102 4
161 68
6 55
86 142
111 43
15 4
57 125
59 13
157 125
152 98
65 186
116 34
169 107
130 139
36 159
30 25
105 117
110 53
154 118
184 109
43 180
132 145
4 94
22 188
16 59
163 121
169 40
78 117
88 85
131 88
7 169
168 172
70 163
162 152
146 149
64 59
115 8
34 184
73 48
23 119
190 148
186 12
184 157
93 185
78 44
27 5
87 22
194 148
51 52
193 9
164 56
69 123
112 27
27 111
112 89
4 60
27 102
153 126
153 1
51 19
33 197
160 47
63 48
132 35
117 166
169 32
115 76
181 6
12 45
24 75
90 190
93 41
60 131
39 27
129 104
109 27
41 11
130 39
180 50
46 93
161 170
80 60
123 104
8 151
141 97
21 169
3 157
66 105
95 115
172 182
149 20
32 152
160 93
190 132
3 45
23 55
133 13
166 56
18 196
148 27
24 0
21 145
100 133
76 153
166 90
3 159
55 166
49 177
100 1
196 188
51 96
125 196
47 10
106 54
67 37
25 41
135 126
169 9
167 98
123 49
160 132
25 103
195 29
147 97
71 86
116 117
72 10
72 59
100 109
176 155
18 96
190 155
48 14
181 163
158 8
181 44
8 13
81 190
14 148
86 107
9 68
6 157
57 198
9 124
84 133
159 56
95 136
15 81
134 167
103 17
168 145
158 123
130 100
17 24
171 161
139 32
69 106
127 180
6 71
87 138
45 195
126 147
28 96
76 54
194 22
105 135
146 80
173 152
174 141
169 152
76 87
190 16
6 131
164 133
45 172
144 178
81 87
122 103
104 45
19 151
91 70
75 134
151 139
61 135
61 190
181 197
18 13
110 174
35 28
94 10
41 90
58 67
61 196
52 122
40 5
95 7
142 57
135 19
151 190
23 134
183 30
65 155
147 13
0 1
184 176
74 36
22 19
78 40
41 159
113 188
6 5
119 176
100 52
71 60
61 178
12 2
56 102
31 22
188 190
28 97
57 99
137 56
190 46
43 143
48 5
68 197
113 3
56 195
35 188
152 77
32 84
54 29
123 161
111 95
55 84
129 93
78 135
154 1
28 103
190 159
94 11
140 111
68 173
150 181
54 94
38 94
149 178
147 68
63 142
183 103
3 68
34 3
91 158
157 42
186 142
53 198
114 162
28 51
110 16
52 178
131 28
25 128
172 5
126 3
102 61
108 15
72 54
174 83
46 49
134 13
169 128
122 8
163 64
174 58
194 58
129 163
89 183
29 48
0 119
71 1
67 88
93 177
97 144
137 178
113 187
133 34
40 106
190 101
116 119
165 121
94 93
67 145
38 194
31 51
165 143
178 75
188 158
106 151
70 29
117 179
114 6
57 147
193 97
9 65
32 28
57 29
24 36
173 9
155 16
10 63
160 67
150 109
172 30
131 57
77 101
52 6
112 10
1 19
100 158
88 117
162 192
169 199
41 190
50 162
90 112
131 4
172 139
172 103
123 35
45 6
71 178
198 26
106 35
161 92
199 178
130 116
159 90
174 78
81 68
106 162
80 180
160 50
140 5
46 92
103 42
43 100
137 45
25 40
20 127
95 1
18 164
114 18
109 49
102 123
46 123
53 86
174 64
81 116
150 87
179 178
102 112
151 99
169 134
184 8
21 172
90 94
158 121
12 103
101 191
109 3
9 58
139 21
136 191
74 130
120 139
147 154
82 151
146 61
62 152
38 167
130 96
52 123
20 67
173 177
19 11
172 44
84 193
80 66
159 107
122 97
148 32
58 18
69 163
87 112
2 183
181 149
9 134
70 103
160 66
161 5
65 173
75 88
128 68
130 68
60 153
5 151
149 133
169 188
85 22
89 86
106 18
102 159
155 135
94 14
4 106
86 114
62 52
139 59
163 179
30 74
130 3
101 73
198 67
52 172
109 104
128 151
153 50
164 46
85 33
142 89
56 64
180 98
148 37
4 128
24 12
104 130
83 157
46 27
17 130
146 46
53 160
136 53
28 109
113 37
122 106
133 11
192 152
115 90
23 25
117 71
176 160
72 45
121 180
78 195
102 143
24 171
163 16
66 171
159 20
164 147
174 31
72 49
64 173
168 59
25 181
17 189
61 192
3 190
181 27
25 146
55 124
23 179
184 80
90 109
172 46
125 166
138 69
7 68
3 51
8 131
134 50
83 194
146 82
54 90
74 26
7 112
36 42
49 17
46 153
100 128
70 120
120 51
19 132
29 90
19 187
55 77
40 14
22 185
97 159
24 142
170 95
63 69
125 40
178 45
48 25
120 183
109 86
101 115
49 100
149 139
159 33
8 42
154 55
5 23
86 172
42 138
93 95
135 64
175 4
116 150
36 3
132 79
79 68
169 54
91 1
4 50
79 156
151 180
19 164
26 147
95 142
179 92
183 10
149 57
165 101
137 184
185 112
52 31
41 168
131 102
136 176
99 61
77 70
196 189
199 41
81 149
15 34
112 184
197 45
35 130
82 122
3 138
38 197
177 74
99 157
195 173
137 97
47 187
165 138
36 129
52 72
77 102
37 73
100 8
37 30
4 181
193 20
8 81
72 95
194 123
105 174
99 8
155 171
24 121
152 180
9 15
194 33
135 157
43 132
12 182
165 127
37 101
141 121
102 96
144 137
13 46
156 36
182 93
13 33
174 43
148 22
149 63
191 199
114 39
195 124
149 35
194 193
51 114
154 193
15 63
167 2
18 165
167 171
152 21
129 73
185 142
184 128
138 2
150 110
140 130
124 146
88 81
132 173
85 39
132 48
128 40
164 159
104 133
160 55
157 198
28 176
126 118
178 81
170 119
7 105
14 107
86 140
146 1
60 96
110 103
24 28
95 13
14 124
39 71
17 60
27 173
135 127
14 159
41 6
192 81
174 47
20 108
177 70
177 166
93 139
179 167
115 80
62 109
25 106
79 44
25 11
36 193
78 178
66 63
64 4
189 87
149 172
125 59
174 156
17 0
159 71
188 63
181 147
81 11
83 118
136 115
28 115
20 4
55 7
23 188
191 154
16 177
0 178
169 126
181 85
170 69
173 14
16 111
76 143
169 113
182 1
163 110
34 123
176 93
34 195
32 126
119 16
158 88
192 186
20 124
92 193
59 41
156 168
75 142
16 147
173 47
43 195
22 3
84 174
121 51
84 168
67 15
64 66
95 183
169 35
197 4
196 30
141 33
61 152
194 103
145 65
102 174
36 22
131 83
44 188
192 64
173 158
36 31
104 77
198 109
100 127
120 122
54 141
174 189
84 195
159 170
14 98
72 173
69 59
55 138
193 31
109 115
128 194
175 143
163 92
124 39
46 43
11 4
146 167
158 166
76 120
54 187
67 133
189 140
180 40
151 29
148 69
192 17
173 126
61 155
178 27
93 25
157 17
9 127
50 5
122 145
187 150
199 49
80 144
107 126
142 28
106 161
100 83
146 7
151 57
63 176
99 20
154 105
192 118
156 188
24 151
108 57
41 120
141 81
102 43
138 83
76 185
178 37
150 66
32 162
18 130
79 178
174 121
125 114
16 9
30 39
32 115
109 30
199 164
21 54
22 126
195 143
168 91
50 152
10 198
75 76
73 163
150 186
73 16
156 123
60 133
54 25
181 195
140 198
14 185
34 153
41 145
3 32
119 54
89 143
161 160
63 62
52 8
72 19
54 74
168 17
31 64
118 187
22 142
125 190
160 105
87 60
5 73
147 146
116 1
90 49
91 6
133 175
36 100
34 139
88 35
61 29
57 115
114 115
185 102
35 53
42 66
10 38
119 100
181 74
89 33
194 118
11 69
108 101
34 90
23 82
138 166
42 172
55 47
139 152
11 50
17 88
108 68
15 162
68 180
40 19
179 125
176 95
185 1
40 53
55 118
88 162
68 169
65 21
56 106
129 96
145 112
61 14
171 93
77 158
98 30
164 97
67 174
9 116
125 44
99 9
40 16
158 39
194 181
160 48
16 167
85 139
117 141
55 113
43 108
80 129
62 193
25 129
91 161
53 179
14 140
139 98
58 96
175 103
53 135
78 62
90 48
164 84
80 142
25 78
198 87
66 35
183 58
31 131
25 121
149 199
102 17
73 7
49 193
192 41
187 13
149 196
57 191
67 195
140 124
30 27
114 128
35 68
136 172
7 128
147 189
134 95
87 161
68 166
177 19
87 74
14 51
102 73
152 14
100 34
53 181
163 156
79 122
153 98
195 51
63 177
76 11
193 142
38 42
160 133
75 18
167 152
114 9
78 177
49 50
63 128
124 128
153 110
61 188
77 60
184 39
130 111
156 161
50 100
18 142
197 18
131 188
4 149
115 141
36 59
124 44
175 82
45 9
103 141
198 40
45 126
165 174
190 111
196 105
121 185
160 107
145 171
187 7
125 134
152 146
130 189
173 148
15 27
74 6
63 24
100 126
36 178
160 145
181 21
86 192
58 82
19 31
65 178
50 41
63 185
43 161
74 11
60 121
8 174
8 83
161 137
91 100
139 86
11 191
190 112
104 96
0 39
95 106
191 100
41 179
168 75
20 79
166 187
163 24
93 169
189 76
158 74
144 84
60 62
176 52
81 12
44 137
2 137
56 37
66 53
196 67
35 47
88 134
141 180
49 152
45 29
172 59
4 143
78 69
193 120
72 111
132 10
153 72
146 183
51 27
35 91
30 137
133 193
189 51
190 51
104 5
115 78
58 76
28 194
83 68
22 160
166 78
35 114
120 100
62 100
120 102
179 128
19 89
107 53
147 171
186 7
20 29
196 173
198 85
50 188
144 57
163 56
192 65
191 24
7 182
27 185
124 98
31 122
126 191
78 63
95 188
6 58
175 21
175 99
17 124
76 5
102 3
70 87
136 7
39 195
69 62
199 110
19 20
23 39
184 52
99 12
8 157
76 175
17 73
149 16
197 184
191 153
74 124
148 7
179 148
125 121
193 10
135 90
139 178
69 9
1 68
88 37
182 136
86 138
199 66
114 14
198 179
144 35
26 97
1 52
139 17
179 159
15 49
129 117
178 62
159 148
19 14
126 127
169 155
120 127
137 35
145 79
129 3
71 146
17 107
121 184
100 61
118 111
19 47
83 70
35 107
155 127
71 185
133 31
19 82
37 124
41 162
135 142
15 146
32 52
171 85
60 79
65 11
109 58
63 171
90 74
71 22
42 74
65 139
100 185
78 43
125 101
164 26
15 17
35 126
120 136
35 30
159 2
88 50
1 101
82 123
190 35
90 53
190 108
14 109
181 102
77 117
119 34
134 8
18 181
154 148
93 35
197 173
32 44
119 179
197 69
190 63
103 73
110 49
40 192
125 51
127 163
23 158
0 172
189 0
155 138
135 194
24 161
7 31
177 90
40 160
174 89
169 44
82 185
195 25
91 85
127 33
52 108
162 92
176 187
9 123
43 92
193 85
105 134
91 4
67 17
67 132
96 135
107 10
132 3
121 89
82 8
66 24
64 127
118 129
92 38
139 132
199 179
60 146
142 145
103 71
152 99
139 116
87 73
137 128
49 74
118 33
71 123
147 183
18 105
74 131
79 7
38 86
143 117
57 152
78 72
187 136
138 106
36 121
165 154
27 91
99 136
176 7
90 128
170 88
12 74
27 4
192 24
112 71
46 107
86 184
176 152
147 123
152 60
138 149
170 194
110 165
81 131
19 41
69 126
89 159
161 179
189 12
179 12
24 143
59 149
5 10
26 73
141 152
5 56
32 143
57 119
13 186
41 197
46 102
152 120
42 198
191 175
191 25
112 135
46 173
196 57
131 169
159 100
95 73
134 21
191 10
165 97
86 50
146 112
185 153
183 185
116 146
196 9
110 94
117 75
156 46
139 74
121 164
42 137
124 135
107 197
151 156
177 158
162 74
54 144
163 52
166 6
56 11
11 164
19 126
149 24
153 23
129 154
133 23
132 106
144 48
185 182
63 184
37 127
169 117
78 198
157 78
43 156
3 63
125 108
123 170
42 28
183 159
151 141
80 2
38 150
128 131
20 111
78 100
102 92
104 167
70 133
111 10
194 18
175 187
95 179
73 41
173 17
186 79
102 67
195 41
18 51
197 78
129 105
175 126
4 178
152 95
34 103
49 194
126 67
67 111
14 126
145 193
157 65
183 40
75 154
78 2
20 73
111 127
51 134
125 107
121 59
142 128
74 72
49 197
182 56
181 64
139 55
98 58
168 158
34 165
9 13
102 108
108 196
13 44
148 140
84 14
197 130
136 38
176 104
188 147
49 61
112 28
197 25
110 62
24 166
66 81
141 41
182 194
98 77
66 0
35 82
34 23
116 181
3 133
37 107
143 0
5 174
180 18
59 165
7 25
57 47
178 2
48 187
106 105
149 173
120 182
151 158
79 161
165 179
128 66
13 86
78 9
88 194
184 129
88 180
135 43
92 185
130 170
90 120
153 158
182 61
170 15
161 66
144 96
170 24
179 139
66 32
84 124
124 152
175 192
123 178
175 73
7 1
28 77
138 47
153 154
195 65
177 26
26 183
11 197
129 74
101 135
73 27
31 99
114 174
68 61
63 18
117 0
30 153
55 88
114 13
155 164
15 88
61 75
84 53
118 53
120 27
101 57
113 92
50 119
57 6
179 196
147 119
60 120
36 92
43 110
65 191
27 23
93 81
37 63
66 156
189 129
84 76
15 181
69 102
51 34
190 171
125 19
10 190
108 94
81 106
155 134
0 156
64 90
92 103
20 133
63 110
123 179
116 173
77 95
26 123
174 103
128 172
35 9
155 167
46 108
142 120
150 176
20 39
191 27
24 92
105 97
164 80
139 147
108 38
147 142
187 45
150 72
139 76
132 104
95 50
11 6
47 154
85 116
54 85
26 23
32 55
6 78
196 93
182 148
166 169
192 104
34 54
43 112
132 46
198 122
46 178
183 37
167 27
17 26
182 171
54 93
124 31
116 178
193 86
41 185
28 99
67 137
183 71
188 10
190 20
1 152
137 177
143 7
70 145
19 198
53 142
1 41
18 109
181 32
64 81
5 168
23 14
123 140
165 43
16 51
155 117
104 31
171 32
169 4
127 75
8 36
190 25
170 191
54 124
12 22
4 40
19 122
112 164
57 195
81 162
20 156
136 13
6 139
12 51
106 0
62 34
143 179
164 173
68 129
23 105
158 14
87 96
4 126
41 94
35 108
99 125
143 58
156 115
164 53
17 164
167 45
157 173
56 177
169 196
64 71
68 24
193 63
50 133
124 112
49 175
15 123
95 131
18 25
6 62
104 169
22 92
190 14
37 8
192 123
162 163
145 176
87 38
115 168
87 122
58 28
148 150
127 30
7 62
44 5
60 171
142 107
197 121
28 5
35 87
11 58
8 93
89 76
123 32
172 118
37 116
73 38
72 65
176 12
77 146
196 183
88 123
187 65
174 190
150 52
171 73
165 172
50 104
45 141
117 110
31 112
113 185
136 78
179 80
172 71
198 105
88 161
25 183
163 102
121 173
41 123
132 71
198 141
45 94
31 8
198 72
29 165
82 178
149 31
131 79
123 142
136 119
53 190
47 80
78 53
22 20
176 76
112 86
8 141
66 121
68 178
25 176
174 134
100 140
195 19
147 65
122 11
96 113
134 131
195 30
57 89
145 12
55 121
79 121
179 72
153 18
25 108
61 161
189 107
118 61
9 20
53 144
4 116
36 131
17 36
199 131
38 126
190 58
99 91
8 15
104 12
109 71
193 159
161 183
73 42
49 157
87 137
82 28
197 96
96 8
146 76
102 145
109 19
190 31
86 122
171 20
109 97
28 147
43 186
165 182
106 49
117 21
161 113
150 167
186 196
73 153
114 36
115 128
146 120
54 171
120 28
11 52
155 13
39 63
182 3
195 175
122 162
121 156
122 71
172 49
152 156
151 31
55 50
48 186
53 7
4 26
89 164
71 153
103 68
108 109
105 151
114 78
145 151
82 26
10 144
6 199
171 81
5 66
81 138
99 133
86 160
181 55
118 190
78 140
120 71
194 17
188 67
97 82
116 16
71 115
150 95
130 40
142 7
38 125
60 123
90 82
196 94
73 119
73 165
42 58
155 7
4 8
189 102
56 192
31 38
108 139
164 29
5 119
18 76
199 39
49 45
70 25
130 64
99 85
24 74
6 122
116 98
30 194
25 122
42 196
53 25
72 134
174 1
49 91
155 144
17 140
134 143
72 67
2 16
34 131
112 177
17 23
161 50
46 63
3 162
130 0
7 153
198 194
196 62
0 154
24 71
38 118
150 9
177 106
2 101
167 96
179 137
148 77
46 185
49 6
152 75
114 54
155 66
103 38
86 78
10 17
13 171
183 54
54 155
120 160
197 20
150 88
153 157
113 132
14 45
34 152
126 189
156 184
160 63
39 187
105 199
105 94
196 96
93 106
144 174
152 190
58 90
164 36
24 51
166 178
59 181
20 166
1 163
44 10
177 40
127 122
142 21
44 143
131 187
136 84
109 37
184 99
177 140
38 187
2 70
176 137
18 44
77 40
141 140
150 35
156 82
48 89
187 156
124 182
165 171
153 196
157 192
107 157
57 83
106 193
42 3
99 45
155 111
30 165
86 39
176 78
58 3
74 17
161 44
22 53
107 106
82 149
111 30
37 130
43 190
78 49
35 146
193 167
43 37
0 78
160 115
142 23
30 18
172 161
192 121
24 2
174 125
19 196
21 69
153 102
109 46
130 20
192 172
43 185
179 190
15 135
134 109
147 79
104 168
143 193
64 3
67 143
74 78
91 189
90 80
167 148
178 112
89 130
174 95
199 107
181 38
33 171
123 27
171 120
144 69
145 174
66 18
76 159
183 124
121 179
26 110
107 79
41 99
50 149
6 73
99 34
54 24
158 5
107 7
91 17
158 136
5 92
116 15
49 89
59 173
77 190
192 184
148 73
165 169
42 61
2 15
193 101
158 89
149 95
128 171
170 30
78 164
85 162
48 140
106 152
43 12
30 8
148 155
88 18
142 108
185 21
87 168
74 47
189 46
12 72
139 101
142 17
64 138
103 100
118 37
131 1
27 161
121 32
72 188
50 3
22 9
83 13
46 55
81 53
106 38
151 16
129 69
197 194
148 12
67 46
38 185
43 166
130 150
68 116
60 191
149 38
91 177
89 67
46 73
68 112
125 153
77 85
195 152
158 87
119 35
119 17
40 74
191 9
121 112
82 84
100 113
136 27
37 112
194 36
181 185
77 110
101 41
131 65
23 146
44 115
145 149
23 64
75 86
71 13
183 121
161 187
161 3
134 132
83 53
126 193
1 173
194 68
39 191
189 29
93 72
186 183
127 144
22 143
106 127
82 129
159 6
197 63
197 17
123 143
160 182
155 2
15 160
136 86
179 64
91 0
75 169
13 57
196 114
29 33
7 98
167 15
151 67
87 170
101 133
177 10
45 149
150 138
9 0
155 93
5 15
25 94
84 127
96 137
98 132
109 43
14 53
21 198
41 3
137 95
69 91
31 135
120 21
100 115
64 58
109 80
131 176
182 140
94 50
129 44
78 144
78 151
114 24
53 134
180 114
147 120
20 177
195 40
180 25
176 11
32 76
29 42
170 111
194 50
198 38
80 48
175 106
95 66
174 135
62 51
93 88
1 8
36 83
179 114
135 93
149 148
136 97
98 145
141 99
126 88
180 57
57 154
65 182
21 108
49 94
79 1
182 29
123 14
115 187
54 132
84 44
15 190
68 101
80 0
123 184
38 28
139 153
0 18
193 4
31 92
137 54
45 102
163 136
5 112
174 177
13 84
173 184
115 15
100 30
2 7
122 78
37 141
198 2
122 140
161 175
178 143
170 19
173 24
118 39
31 160
49 182
191 152
124 108
102 74
72 163
92 118
38 27
172 134
48 32
138 1
24 20
20 5
21 38
101 100
39 75
185 129
138 71
76 22
55 187
130 15
109 20
1 51
74 33
1 177
58 134
20 52
144 15
35 155
85 72
69 135
168 11
71 76
99 29
35 20
117 193
32 192
31 199
49 43
171 17
66 41
123 80
102 194
156 83
18 163
94 23
47 59
84 162
81 45
27 70
92 88
137 162
83 139
53 127
42 169
186 138
164 170
163 134
79 45
101 11
41 148
195 123
171 34
157 30
17 163
10 64
146 186
77 164
107 78
88 172
131 63
22 163
154 64
8 123
137 61
114 53
45 89
93 130
29 173
148 166
79 143
35 162
31 187
191 43
107 143
89 144
32 62
48 76
73 178
65 63
18 33
161 6
76 43
187 183
116 184
150 171
25 105
80 79
93 96
96 11
119 81
156 89
51 40
116 129
168 188
142 49
183 157
10 179
64 145
174 132
117 41
123 175
167 195
48 124
124 67
87 110
34 45
146 106
57 4
123 3
93 154
19 143
3 72
166 127
13 108
31 74
32 92
91 176
38 61
136 30
128 86
193 24
158 19
53 4
110 33
121 191
136 0
184 58
124 63
42 68
123 62
86 148
80 37
152 56
170 28
1 135
188 184
167 80
65 79
166 32
28 78
59 86
198 71
101 158
136 1
81 38
138 85
151 110
6 119
148 20
189 81
130 84
187 117
70 162
1 113
104 183
79 116
92 53
144 70
72 166
117 43
54 129
54 135
162 179
98 69
79 173
198 80
150 195
87 86
91 193
142 85
32 186
65 59
14 103
90 16
184 134
180 26
168 8
16 145
79 148
26 45
84 158
185 180
104 191
20 88
50 150
91 37
24 59
133 97
143 126
33 79
102 137
127 27
148 65
44 17
190 17
90 170
145 197
14 118
122 180
61 126
101 144
139 11
82 79
174 194
56 27
12 100
7 67
48 141
145 66
123 81
154 8
194 11
81 83
149 71
126 172
40 15
53 50
145 118
158 64
187 104
6 19
166 30
93 13
163 53
196 73
13 198
47 81
92 154
61 32
104 112
29 95
80 61
199 22
135 28
72 194
18 116
54 189
48 150
38 0
71 106
177 170
51 115
16 78
78 30
5 166
82 54
46 80
23 176
153 56
26 68
142 82
174 120
160 12
65 138
105 19
54 80
187 177
151 193
155 73
133 190
29 193
55 65
91 148
41 89
192 7
84 37
67 183
38 104
107 191
89 56
53 23
83 128
94 199
196 16
160 195
145 116
62 163
183 16
197 9
23 137
120 115
101 12
145 40
73 45
19 33
121 92
95 91
32 26
194 175
195 48
143 46
152 88
133 123
125 161
133 146
89 118
159 95
144 175
133 105
49 69
180 107
187 196
47 141
179 62
37 27
134 12
147 128
28 122
55 58
158 181
175 180
196 140
77 38
22 189
31 120
25 147
41 81
80 133
120 12
130 105
90 92
138 116
24 106
177 145
151 175
170 165
87 155
109 140
121 78
43 36
186 42
185 109
42 136
152 134
18 60
74 182
199 5
97 139
138 174
114 91
56 148
59 156
7 66
171 16
62 133
78 141
7 50
57 199
141 123
107 144
171 158
122 27
63 52
155 186
95 199
113 53
126 176
43 50
152 174
173 30
156 122
26 148
88 25
26 156
43 118
79 95
104 23
117 188
64 139
134 90
42 108
157 57
126 195
173 190
189 198
165 95
133 154
54 61
133 1
15 178
38 48
79 195
91 104
137 192
106 191
164 88
37 36
189 25
110 131
127 143
52 3
170 175
6 180
91 164
116 106
164 195
20 34
89 138
165 148
96 31
37 117
24 89
16 130
99 191
140 184
80 101
85 107
7 110
81 85
38 151
110 30
164 192
145 69
101 129
73 47
36 112
53 0
104 131
53 98
85 83
184 93
190 187
190 135
58 85
87 162
154 70
34 162
170 169
68 17
114 198
50 51
138 21
60 88
87 121
162 118
145 48
137 7
49 179
29 156
189 56
114 105
36 62
100 60
109 76
24 34
46 11
5 137
9 151
117 149
14 116
82 158
41 84
122 132
198 170
177 103
140 121
10 129
151 194
34 60
89 184
95 48
59 124
93 51
150 157
69 131
75 4
61 43
196 40
39 16
101 84
98 105
129 199
161 101
87 49
131 12
169 49
57 189
20 82
193 40
109 36
149 36
121 170
142 106
196 87
107 163
189 53
141 195
154 5
60 157
82 92
59 63
44 134
30 0
104 71
191 113
128 16
112 17
195 110
149 22
46 36
106 17
33 55
27 133
6 105
18 55
185 150
54 138
165 155
138 139
35 4
90 75
59 135
152 104
9 156
124 94
97 45
34 44
168 77
197 174
66 16
90 103
72 102
30 131
71 11
110 105
29 52
20 48
195 37
6 196
152 166
50 169
163 7
79 16
79 99
39 62
25 137
176 100
79 146
66 124
70 36
140 195
93 120
54 51
101 45
168 34
190 67
161 52
118 152
36 185
90 110
184 69
158 163
79 2
116 80
62 128
108 47
53 165
78 91
35 6
152 74
158 42
23 13
35 78
83 177
66 187
11 187
0 141
90 174
177 190
104 116
185 8
157 59
28 146
42 191
57 82
55 96
133 135
78 134
6 160
101 184
147 85
68 55
71 105
107 74
70 53
109 92
36 11
107 164
27 103
142 54
136 82
82 0
129 124
18 101
151 63
3 88
188 171
145 143
199 76
53 123
59 114
35 182
87 54
198 37
43 72
52 60
158 125
121 54
86 0
10 149
67 86
34 137
14 76
48 180
164 51
4 73
5 46
38 107
80 186
175 43
134 114
23 72
14 195
27 76
62 177
35 57
119 182
180 155
89 64
102 150
71 53
23 180
117 118
108 24
68 48
72 25
26 101
17 29
164 144
181 168
94 179
30 106
76 30
127 110
51 41
172 125
24 120
138 164
24 189
93 22
42 90
168 186
47 99
106 140
50 197
36 115
38 147
20 101
113 11
82 40
90 143
104 178
76 55
198 93
124 179
134 106
28 57
60 165
45 125
146 50
116 168
40 158
136 186
183 199
152 113
178 18
92 171
98 74
63 20
101 61
102 121
52 14
48 58
17 117
172 69
55 128
3 56
91 187
197 105
131 85
82 161
170 68
159 19
148 110
185 66
119 184
183 158
10 162
170 92
146 160
199 74
116 54
109 141
30 45
81 18
100 141
126 103
57 84
184 193
101 94
30 92
26 119
137 154
151 68
82 134
119 69
10 4
97 74
86 119
195 189
12 168
122 161
47 186
167 110
7 32
6 51
177 183
74 186
52 169
125 149
152 79
169 25
193 43
60 41
186 18
187 16
115 74
104 156
144 67
84 166
11 33
33 37
59 27
115 106
102 1
65 75
5 43
197 16
191 149
4 186
158 10
186 176
6 102
194 125
21 46
1 186
60 112
49 113
30 53
8 160
2 107
96 143
198 29
25 175
72 75
7 45
170 158
172 117
7 18
184 73
157 170
2 196
165 74
144 56
40 61
15 171
0 150
103 191
32 65
9 157
61 125
122 75
181 52
107 42
198 3
156 7
89 21
66 143
185 151
83 116
114 0
188 66
32 130
22 155
172 51
151 87
196 59
159 55
58 73
188 90
45 152
163 99
177 189
146 40
182 67
119 134
138 146
120 56
56 59
148 188
185 189
97 56
151 130
38 148
156 150
42 78
42 48
184 114
63 21
104 198
121 64
11 121
178 49
127 179
146 163
108 6
2 41
6 22
47 144
84 10
113 120
110 133
139 3
54 8
51 185
76 93
148 153
131 137
64 140
152 181
178 103
177 87
8 116
52 141
45 169
4 153
7 165
39 65
34 173
192 187
26 162
199 18
189 4
52 56
91 77
189 77
148 62
116 72
9 152
126 40
8 136
41 8
152 55
51 130
147 72
52 17
142 66
141 147
18 120
2 18
13 165
106 144
115 119
34 42
164 25
136 25
103 123
43 146
33 25
181 119
138 39
67 27
90 139
107 184
170 143
176 33
195 63
72 133
79 49
55 173
156 58
27 157
130 144
158 156
87 156
19 142
175 54
151 166
24 95
65 122
36 133
56 17
83 161
53 47
129 170
78 99
117 2
36 45
198 16
31 185
0 48
11 193
162 154
26 106
156 22
133 163
160 13
42 86
182 107
41 176
88 148
122 80
132 165
122 154
180 62
119 55
11 73
124 130
94 182
145 128
24 43
188 177
153 151
197 95
44 53
55 192
90 179
89 34
15 33
101 122
184 183
111 171
73 156
172 3
82 50
111 159
14 121
165 181
139 182
133 37
85 189
20 10
195 100
33 28
141 55
19 60
192 181
162 8
156 68
6 64
146 101
124 91
101 48
147 193
122 192
156 100
124 56
197 97
42 62
163 81
116 57
96 2
157 13
89 44
175 8
161 75
147 112
120 155
138 179
91 137
61 156
39 112
114 189
163 29
130 55
193 141
104 56
1 89
181 151
172 199
14 37
157 88
142 113
124 13
182 117
75 59
77 22
6 143
33 191
28 89
151 100
66 181
123 130
60 179
49 190
20 59
73 127
127 99
56 16
148 184
50 123
121 17
167 180
135 4
38 124
118 153
123 148
105 95
4 152
12 121
142 58
194 121
37 13
11 84
160 178
25 87
107 137
75 197
56 105
56 6
36 167
100 131
133 156
88 40
77 187
173 44
145 55
8 125
86 18
45 109
105 8
177 55
45 41
147 8
178 161
188 92
159 61
124 96
69 117
94 166
77 64
20 75
73 162
116 35
121 43
141 42
197 150
136 75
176 14
180 135
69 18
74 156
180 140
11 195
167 170
138 177
195 8
178 118
7 19
192 10
41 172
191 125
19 104
198 79
40 107
157 195
189 27
7 152
47 197
32 167
33 147
11 38
176 156
36 29
56 87
58 135
80 18
0 64
65 116
164 57
56 151
85 177
121 70
76 197
181 123
137 126
194 86
190 196
165 72
112 138
154 195
47 11
180 105
68 152
18 136
7 39
171 163
190 99
82 18
41 196
59 40
43 116
109 21
189 186
88 13
33 83
170 105
96 29
65 135
196 24
106 52
0 139
123 78
15 50
173 119
39 173
44 95
31 111
105 32
44 139
170 122
127 142
166 147
92 12
132 15
56 65
99 154
88 56
82 85
56 12
192 51
63 87
147 51
142 157
111 145
144 2
143 64
155 170
4 195
51 137
99 138
127 16
35 34
169 172
77 199
175 52
35 25
69 24
198 171
45 20
87 37
8 65
176 45
111 119
86 170
143 187
177 69
137 10
4 31
0 73
19 97
80 87
135 140
71 148
126 85
174 158
49 62
189 181
19 199
19 183
181 46
93 31
13 36
93 70
109 173
168 21
94 84
39 192
72 161
103 4
41 153
43 158
22 182
9 82
37 90
6 148
40 95
170 22
125 20
14 1
155 0
70 115
164 129
12 171
46 39
