200 4200
106 162
4 112
146 131
180 11
49 12
64 10
147 91
159 189
48 24
17 146
106 185
121 179
111 97
51 162
159 70
40 32
165 67
45 100
143 195
79 99
172 25
102 161
120 154
89 37
51 19
182 73
77 52
13 15
5 126
124 25
171 40
82 83
142 172
72 38
152 76
38 199
47 126
140 52
33 89
154 185
198 176
101 72
137 31
99 97
130 127
144 169
99 66
118 27
39 30
105 90
122 87
118 72
24 127
125 37
108 154
34 15
21 30
154 12
44 58
24 125
176 82
27 114
82 14
188 12
147 5
163 61
42 190
71 92
80 52
123 42
157 127
50 87
92 199
70 108
189 71
130 10
25 44
99 148
99 60
29 181
35 20
62 43
41 63
194 112
151 169
71 62
19 20
187 60
20 61
143 117
115 32
18 100
13 175
47 85
151 167
81 102
64 65
69 10
145 125
69 82
79 2
153 65
137 189
158 186
177 127
36 154
6 184
119 102
97 42
199 24
95 64
18 46
117 18
132 19
157 167
60 63
113 182
156 47
198 120
11 122
13 112
193 95
54 34
184 114
81 70
39 181
118 137
67 186
179 154
15 137
112 39
55 159
100 67
81 24
164 55
63 90
175 79
40 126
189 132
115 75
7 145
82 188
175 24
134 138
53 167
69 134
157 123
86 164
79 100
22 69
152 8
22 32
76 43
180 23
115 39
28 39
64 30
132 109
64 156
89 187
38 150
161 1
115 124
95 12
12 20
51 168
117 12
141 56
115 30
189 118
160 89
175 73
80 69
148 152
77 36
53 60
97 146
69 127
72 93
101 89
47 19
182 35
112 151
103 115
20 142
32 44
111 109
188 84
60 4
189 124
115 195
20 98
186 86
161 179
96 50
23 113
56 75
156 45
79 158
144 52
94 149
94 90
60 190
105 188
40 101
87 182
72 33
173 122
90 3
179 198
28 54
25 19
133 0
8 47
128 116
48 72
155 154
41 193
83 170
19 139
180 110
165 160
79 3
34 117
115 110
129 194
85 40
86 31
19 110
66 38
183 187
90 16
145 5
119 88
33 50
143 113
193 81
192 148
36 169
150 176
170 174
38 135
183 116
193 38
67 92
32 110
121 171
101 80
95 154
0 173
136 8
71 26
98 73
23 44
36 148
13 40
138 148
91 119
127 37
55 89
48 147
97 64
178 54
115 187
192 46
174 123
25 145
93 67
179 190
107 196
94 140
193 78
62 196
134 48
129 110
76 65
63 169
31 152
162 130
96 112
54 12
78 67
109 160
5 50
34 95
82 139
190 5
172 44
5 6
189 49
171 63
55 117
199 35
4 41
31 87
65 80
176 199
7 122
46 13
59 173
190 13
96 195
123 147
80 56
16 144
23 38
100 134
187 93
92 187
141 5
122 6
196 140
69 45
50 113
137 6
191 190
32 25
163 178
148 187
47 115
72 43
110 140
190 47
27 155
87 62
135 85
185 116
66 44
125 118
107 93
175 7
114 72
46 91
74 77
116 43
151 39
157 71
147 175
194 173
71 54
93 162
175 117
96 111
197 58
79 84
42 51
52 115
3 107
135 96
146 141
116 181
69 107
114 74
81 82
46 5
73 190
196 74
185 107
184 154
53 161
51 167
153 144
166 125
48 63
88 127
158 131
1 43
13 92
134 103
62 39
89 85
133 9
66 34
162 19
116 86
6 27
57 2
17 42
73 6
46 40
195 77
162 101
107 23
167 13
107 165
13 10
38 109
111 22
90 47
22 29
128 148
144 147
80 162
38 106
73 131
119 134
119 109
81 78
126 83
116 119
44 71
1 153
144 90
135 36
124 40
101 155
198 166
70 87
59 142
126 167
59 1
150 130
130 139
45 194
158 122
13 157
133 3
97 47
83 173
176 163
129 125
108 167
104 121
109 88
23 3
120 56
75 122
47 43
130 106
142 46
165 80
80 137
191 178
59 137
38 196
61 76
25 76
140 141
137 196
66 187
107 92
20 11
101 123
9 174
17 186
162 75
101 167
95 151
94 196
142 153
63 2
198 61
74 174
65 3
109 50
2 19
149 122
44 41
67 55
104 184
126 42
115 112
104 155
28 38
25 45
153 47
11 30
131 168
46 115
76 190
40 55
99 77
189 192
24 155
121 155
180 37
18 190
135 196
33 158
69 143
2 160
169 33
41 156
42 21
25 117
86 67
143 88
6 90
81 160
194 7
35 54
161 59
154 0
115 20
118 87
116 18
76 170
71 13
35 81
131 2
73 10
33 189
18 91
129 119
1 157
183 174
147 119
53 12
29 141
23 42
46 60
12 123
159 160
120 41
137 101
104 183
29 116
67 119
99 153
0 16
94 44
35 51
22 121
164 45
66 159
86 110
118 42
131 34
115 173
32 149
171 155
175 103
144 48
57 190
33 184
80 103
68 44
199 64
17 130
80 170
88 45
120 152
114 7
190 196
102 186
12 157
93 86
17 74
193 124
113 106
165 176
125 67
145 189
18 195
106 142
131 183
134 79
126 30
43 33
17 33
129 43
25 47
167 6
183 40
76 139
192 116
53 151
84 68
44 29
150 9
133 83
44 65
21 62
100 157
108 152
85 159
48 35
14 110
161 8
117 107
75 45
174 71
107 18
165 158
36 63
50 43
106 15
72 137
141 138
75 141
87 132
93 110
89 185
156 8
197 134
117 159
185 94
74 152
183 42
166 90
6 172
40 45
40 5
173 174
99 125
66 111
150 117
88 191
135 161
155 158
127 57
89 157
36 57
94 20
195 144
101 14
127 95
169 167
67 0
32 11
87 4
150 198
98 140
152 22
99 118
18 84
159 145
131 145
21 155
151 29
186 89
58 118
86 135
12 150
45 147
18 142
195 30
46 41
109 127
122 86
130 39
174 35
86 132
106 65
44 39
95 176
71 69
125 114
192 166
131 85
5 174
134 70
40 98
0 182
28 176
165 125
119 68
166 193
70 30
186 1
28 6
153 6
21 93
100 80
187 175
52 111
84 83
171 88
189 97
139 172
46 61
42 20
45 3
6 43
189 135
98 96
16 84
71 10
180 84
87 77
173 84
164 92
132 51
163 147
124 57
156 103
193 105
93 147
68 38
37 139
120 142
183 23
51 108
177 30
167 119
42 33
168 114
21 124
114 146
65 133
31 158
7 58
75 140
119 76
130 90
22 145
21 158
23 146
94 88
52 147
130 9
11 51
12 99
181 104
28 119
50 77
9 136
22 0
55 84
79 143
103 51
198 108
169 190
53 34
183 71
150 28
10 190
22 123
93 79
140 153
178 3
71 107
64 148
150 112
35 146
110 185
194 53
162 197
87 158
54 64
121 125
113 80
92 165
29 86
161 115
182 5
18 12
114 162
100 6
14 138
138 130
69 151
35 170
136 78
44 101
57 56
129 46
70 139
66 74
190 64
98 161
104 52
150 107
122 60
170 77
158 160
21 87
164 152
126 73
84 19
158 19
189 102
9 157
43 178
108 186
154 160
5 9
64 82
149 109
158 157
159 182
103 18
148 53
193 90
190 158
85 18
153 183
83 8
94 189
104 13
77 70
38 9
75 32
90 178
169 119
91 112
162 129
47 132
48 37
114 180
152 186
192 26
140 46
1 113
53 101
36 99
87 20
64 29
197 184
30 60
144 81
12 59
27 94
38 179
14 145
37 134
83 86
57 148
102 180
86 69
38 53
64 31
179 4
93 194
63 57
112 22
45 148
94 141
174 158
156 163
105 54
176 15
84 116
105 38
20 63
22 148
171 182
96 184
49 128
84 181
58 148
154 189
21 118
176 149
125 141
104 124
104 190
27 82
76 137
13 187
21 33
25 23
11 170
61 193
190 157
158 94
54 162
27 73
112 124
75 54
64 185
118 45
104 168
72 181
195 32
11 99
169 51
142 136
133 55
82 126
83 104
141 177
68 114
43 87
7 156
176 55
0 50
109 182
69 61
125 191
194 199
69 100
28 153
190 110
156 180
107 22
153 89
168 170
31 109
185 165
20 25
12 124
3 50
143 130
124 80
103 45
104 75
183 19
111 199
181 167
112 64
110 198
191 186
175 92
156 87
11 54
84 89
24 31
165 199
68 24
135 68
82 142
104 106
130 14
131 51
66 85
133 79
65 197
150 83
120 31
146 70
69 38
68 131
167 38
140 89
27 139
123 35
14 154
67 13
169 182
44 30
118 66
136 23
78 3
85 69
149 43
44 195
113 39
123 171
20 186
16 66
52 114
101 86
95 88
49 164
97 140
48 16
8 119
166 178
179 27
179 23
117 78
71 5
109 123
170 189
101 183
35 58
181 83
12 101
121 176
174 69
14 180
85 179
100 44
57 21
71 96
138 42
39 73
40 68
146 71
182 139
129 108
176 111
166 48
14 62
81 167
76 87
56 35
55 103
136 47
143 29
58 115
86 5
60 74
145 144
28 15
155 48
33 105
20 182
6 48
113 192
17 185
90 122
92 145
8 180
163 105
26 177
60 155
192 54
74 69
156 176
83 34
148 35
48 199
28 12
109 114
123 159
35 102
59 35
147 169
113 32
190 188
159 39
37 151
41 188
184 66
111 42
74 101
39 57
140 101
154 96
39 199
46 27
66 61
156 99
68 70
10 53
120 97
191 92
94 6
190 136
159 7
122 197
137 68
177 99
53 120
165 145
165 182
72 132
116 83
89 75
112 135
160 137
198 175
105 57
181 7
23 185
92 59
70 100
5 127
160 20
131 13
186 33
183 38
96 121
63 163
120 10
8 96
149 81
160 43
3 167
104 88
149 114
141 165
58 51
154 88
3 144
188 65
139 198
175 140
141 23
25 111
89 143
59 68
104 80
4 89
189 151
43 112
1 99
7 28
92 123
0 123
170 2
56 121
41 113
140 57
34 102
184 26
188 110
129 127
54 129
60 77
140 30
195 71
95 133
113 66
153 9
19 77
170 15
195 1
160 173
59 111
15 26
163 40
9 68
28 170
95 198
123 32
101 102
32 132
197 133
120 182
15 39
8 151
141 156
128 187
130 83
112 11
52 49
41 1
11 129
72 45
157 48
127 152
172 19
186 128
84 88
126 157
40 67
99 192
158 120
52 124
59 76
184 49
13 111
51 39
148 129
155 126
8 19
32 94
121 191
8 58
194 134
189 144
35 60
86 50
107 56
175 34
176 66
142 113
147 35
48 68
125 66
125 16
19 54
45 10
65 51
198 193
105 46
40 63
81 62
61 130
195 49
194 176
58 73
44 86
139 39
131 77
191 0
22 1
163 21
0 58
18 75
157 101
97 157
29 70
60 199
143 51
180 50
124 102
39 27
17 143
9 172
62 44
134 76
85 166
51 161
100 12
44 146
63 7
78 111
77 185
139 74
6 112
76 86
148 8
52 60
117 49
148 164
12 91
108 100
183 173
164 35
63 192
152 102
70 35
110 18
163 165
150 51
66 90
45 191
171 28
44 134
38 20
20 199
64 12
31 4
119 43
86 123
105 68
156 162
95 66
59 80
77 145
192 131
175 158
20 146
5 78
89 7
175 154
165 144
168 31
85 104
83 74
154 51
38 58
178 97
6 111
78 116
99 37
76 36
130 71
194 143
123 37
91 1
1 107
130 118
89 166
118 83
130 184
15 128
0 12
157 35
20 194
164 51
191 132
18 53
100 189
193 175
156 22
117 69
76 83
149 89
88 110
29 47
176 119
15 33
26 112
65 4
192 53
180 127
148 82
2 143
91 176
45 167
8 138
107 40
33 14
76 26
59 4
28 96
144 50
181 139
162 53
130 152
159 72
44 104
14 91
52 8
106 170
197 177
184 54
31 48
122 68
143 148
151 131
98 94
170 71
177 57
14 172
169 112
198 9
32 17
15 21
94 38
193 136
13 172
176 53
70 111
118 110
34 134
133 174
196 28
97 119
72 15
90 51
127 64
162 0
61 89
94 77
197 29
88 190
158 99
127 110
195 43
88 99
178 10
182 153
195 113
191 30
67 4
112 8
60 69
102 83
10 126
157 65
176 155
147 108
42 107
104 74
46 95
120 40
60 182
15 195
129 89
49 172
120 129
161 194
115 29
165 53
73 152
127 94
101 127
26 102
102 63
128 78
128 88
113 165
40 84
107 32
106 4
126 101
190 28
4 2
55 80
147 59
98 121
110 29
90 146
190 35
158 8
194 39
186 45
101 150
116 67
77 139
62 153
128 56
184 142
25 53
153 162
154 2
177 66
102 99
143 136
120 77
114 194
125 68
70 105
186 58
174 197
74 39
133 189
79 30
175 162
94 134
72 61
143 25
78 85
78 76
189 34
49 137
95 94
79 114
16 21
104 199
162 72
150 72
89 116
181 68
62 34
104 109
83 12
93 133
149 54
83 15
120 75
169 118
180 4
163 84
73 22
146 89
85 75
97 172
135 168
59 179
3 49
85 36
55 100
71 37
24 25
146 99
87 16
108 61
184 105
169 18
147 60
90 75
87 164
99 27
59 159
121 15
35 85
32 21
143 182
117 177
11 18
141 109
1 16
43 35
37 183
135 14
181 2
33 45
15 144
29 5
68 150
8 49
7 67
155 82
178 192
116 139
167 192
60 195
96 158
192 187
96 137
182 194
19 193
162 192
34 196
117 164
92 171
18 69
17 193
140 185
84 117
185 14
74 71
53 116
34 4
124 67
36 109
171 179
4 64
106 197
16 159
153 199
142 84
53 86
29 46
123 57
109 167
174 29
133 73
152 194
61 45
179 86
199 53
109 67
95 8
110 138
30 167
69 178
24 84
73 70
145 52
76 11
160 84
192 68
29 54
63 94
80 7
93 186
172 53
115 156
25 100
31 187
76 125
134 83
102 138
173 128
94 136
107 126
53 65
123 73
123 131
20 71
181 129
3 98
28 126
170 180
58 46
79 194
187 69
74 26
113 57
114 144
41 181
184 99
145 107
66 46
106 161
125 194
133 88
33 195
123 136
1 81
141 78
129 93
150 90
54 153
64 92
144 9
29 62
119 154
161 45
96 162
12 170
150 94
85 83
125 186
154 66
139 31
57 30
62 26
32 98
29 30
143 176
102 59
91 165
195 190
57 168
51 111
65 184
5 3
21 11
122 17
108 185
115 12
178 195
140 69
42 147
163 142
9 175
10 60
132 74
192 55
47 138
35 152
132 174
195 78
4 138
54 177
28 162
106 26
185 178
146 129
33 67
50 142
128 26
71 139
142 171
113 181
62 183
161 87
59 57
31 198
152 45
164 178
109 101
199 146
71 119
122 198
183 68
188 112
73 149
143 91
163 148
46 83
42 187
176 162
122 4
148 105
10 159
52 83
184 16
95 162
62 47
147 178
128 99
187 156
122 114
119 189
107 104
126 195
184 78
17 170
12 137
184 102
66 169
49 108
198 83
107 16
133 48
132 163
51 34
154 97
56 66
93 51
127 102
194 2
188 47
151 90
57 51
57 4
182 105
166 136
0 122
166 187
163 146
187 11
29 78
167 69
78 68
114 173
144 31
145 177
35 90
123 127
164 91
31 145
199 46
84 134
15 19
118 151
21 73
68 120
88 85
105 47
108 146
95 141
67 159
65 94
146 112
60 113
177 61
98 42
158 48
139 1
151 70
97 83
123 138
104 0
174 47
133 170
95 152
150 186
161 114
132 177
138 153
167 64
84 44
171 170
166 99
0 99
137 26
162 32
21 85
100 135
59 168
26 51
144 32
130 1
158 182
101 4
63 193
89 173
139 150
30 146
17 23
140 45
102 129
157 38
172 11
163 177
188 160
167 1
31 180
23 33
38 12
193 187
137 82
142 100
19 76
121 1
159 45
99 53
193 182
36 30
190 1
54 187
175 48
42 152
33 90
178 36
183 169
19 44
166 11
105 141
131 159
125 32
56 108
7 27
134 12
180 58
70 165
88 75
151 197
57 65
43 192
44 196
36 51
54 50
151 61
174 1
18 22
195 64
11 102
23 74
136 2
130 148
125 131
92 139
150 17
34 93
129 161
134 155
114 170
111 48
75 78
27 20
13 20
181 111
107 122
28 17
108 8
38 189
32 71
8 100
60 163
2 106
121 3
128 34
149 183
157 58
82 6
151 34
171 26
189 153
107 52
108 30
117 14
164 62
194 101
8 4
179 170
186 27
120 42
177 50
186 47
101 125
79 55
132 192
133 111
17 165
63 76
159 48
134 25
193 1
135 43
159 154
145 143
117 198
114 89
109 165
195 5
16 93
178 55
78 49
1 112
26 113
156 13
156 127
49 77
145 117
192 98
19 113
89 151
164 196
131 148
174 60
163 12
153 61
85 119
167 142
118 109
104 96
121 6
79 33
196 156
127 45
195 163
61 37
111 198
48 22
62 179
185 60
70 171
141 33
96 95
78 89
131 114
107 62
145 59
165 127
150 102
33 75
15 124
87 6
132 96
156 96
58 14
156 171
52 6
88 13
88 77
155 122
80 49
168 61
24 116
120 150
66 196
184 140
183 11
166 134
66 170
1 18
102 157
116 36
175 152
36 197
122 67
61 55
39 52
169 26
50 97
199 149
164 141
68 52
48 58
42 9
142 53
121 154
165 162
140 8
143 34
89 130
159 112
168 90
31 111
198 8
189 88
195 70
89 191
107 154
133 33
185 168
189 185
135 140
184 30
65 119
196 181
136 106
56 10
95 55
162 14
174 82
126 85
72 179
163 175
183 94
89 22
3 127
138 49
198 69
27 154
125 116
136 35
70 137
71 164
96 44
62 165
169 22
9 103
73 170
184 98
196 17
90 141
92 60
190 141
18 37
191 11
180 137
172 93
138 62
57 139
65 66
46 99
157 104
80 111
128 139
38 184
45 48
105 172
167 18
100 180
196 180
9 117
116 44
62 86
146 21
97 43
40 41
122 41
174 192
105 83
192 128
151 1
62 121
112 84
138 26
27 148
66 130
170 166
138 78
107 105
93 12
57 20
80 30
45 50
177 28
156 30
18 82
11 17
101 105
61 161
141 65
26 105
90 128
17 125
49 126
195 6
112 25
188 178
100 199
17 176
104 125
187 160
137 19
9 84
92 169
84 151
165 87
68 49
66 135
34 64
89 111
37 42
58 27
145 48
100 43
129 91
137 46
48 75
109 13
89 63
135 49
77 58
95 47
80 40
124 168
13 78
100 151
130 192
149 178
98 171
147 73
78 150
69 0
79 108
73 13
152 181
112 3
53 78
158 101
120 194
137 54
88 134
90 191
163 72
182 90
143 78
144 122
39 125
51 10
116 197
136 37
71 128
37 147
18 55
199 87
131 23
81 9
80 140
13 5
137 119
140 91
142 91
59 108
152 10
163 197
15 156
141 157
177 146
45 101
190 161
109 16
174 53
123 165
30 94
161 19
98 129
82 97
131 91
112 28
178 5
186 140
12 103
102 165
65 178
48 87
183 52
5 45
120 189
4 49
122 189
129 130
15 187
198 115
153 53
105 64
103 87
159 150
111 102
61 109
86 80
73 69
89 156
160 153
62 192
41 28
197 12
31 34
62 109
111 157
116 61
182 106
70 175
140 181
166 183
20 10
6 9
47 140
101 132
69 194
19 97
132 135
59 123
54 67
149 91
57 67
42 10
66 179
195 149
187 111
197 165
82 1
125 82
38 176
54 135
81 170
128 130
158 148
59 160
42 75
65 104
187 194
138 167
103 39
45 77
130 173
40 0
158 126
182 111
27 113
84 76
79 65
51 53
108 110
6 178
14 71
133 76
61 115
167 161
39 154
188 27
194 131
75 129
81 44
28 145
193 147
71 193
119 18
96 189
194 139
26 0
192 5
199 55
56 62
144 174
126 93
57 14
73 184
127 189
22 30
105 62
104 91
146 49
13 132
172 35
169 13
96 19
88 79
67 73
41 130
87 26
133 77
9 125
194 30
130 82
127 155
195 152
11 168
186 194
165 96
56 82
154 166
57 162
75 96
105 59
78 98
198 129
40 103
129 154
35 126
21 145
197 75
116 0
186 61
116 158
22 157
63 65
179 89
87 30
140 49
33 100
44 171
130 94
50 145
160 98
143 41
29 48
163 107
36 110
60 119
31 117
104 35
174 199
102 169
134 62
27 132
125 113
160 129
141 142
20 191
148 154
189 125
133 69
188 196
95 74
49 106
76 111
172 36
29 182
88 7
73 163
91 39
160 78
43 147
90 169
176 189
166 3
24 138
189 99
179 17
114 177
192 137
20 80
19 143
189 75
122 193
106 132
57 83
100 133
83 155
192 152
64 55
172 43
8 37
192 30
184 36
66 31
126 154
181 38
173 80
196 83
141 155
34 37
82 140
84 149
68 152
14 5
28 52
136 26
118 180
13 137
8 91
75 2
190 130
158 189
8 134
147 186
9 27
180 69
160 163
165 167
168 121
37 195
17 49
102 71
112 137
92 52
120 99
140 104
86 70
81 158
48 118
82 51
43 60
102 142
58 100
82 84
52 23
57 34
71 76
32 84
146 156
119 136
163 80
171 130
48 53
64 179
166 27
139 143
109 3
27 11
97 102
23 51
124 110
57 3
10 26
94 154
103 197
86 1
158 142
179 93
73 157
62 178
143 100
157 181
95 70
179 152
93 154
111 178
192 23
67 103
148 176
195 118
44 165
183 123
133 8
144 151
16 163
38 46
61 139
53 164
115 8
10 121
57 89
93 41
199 44
179 90
169 106
29 140
43 168
82 67
11 175
176 122
189 168
171 64
143 81
94 78
74 48
198 88
25 67
187 52
68 101
6 161
156 189
47 164
162 171
71 109
80 29
46 117
138 195
151 4
58 92
154 71
153 20
148 160
68 176
13 179
140 183
178 56
71 64
1 13
47 148
183 33
24 1
26 157
68 67
161 163
75 91
63 26
119 144
49 193
96 182
185 172
137 107
70 109
176 7
106 140
191 106
199 49
63 196
134 179
37 194
186 30
40 156
133 169
72 99
39 192
184 153
22 68
75 9
5 65
120 57
95 129
110 196
86 4
165 90
121 26
41 179
105 73
191 123
153 109
137 93
148 196
157 55
46 90
150 18
173 147
175 0
31 25
193 197
32 181
97 46
118 121
144 55
35 124
171 95
56 160
106 190
80 11
74 50
176 88
120 93
37 172
116 105
46 128
105 32
135 7
73 151
25 11
116 26
80 172
130 7
69 191
151 147
188 181
53 106
129 34
95 30
20 30
141 46
140 127
164 70
45 121
91 182
0 48
135 144
58 24
56 40
183 95
54 111
129 14
191 87
84 85
45 168
155 116
131 132
149 106
131 57
97 0
182 135
95 6
170 160
93 26
180 6
70 198
148 197
93 142
44 33
77 28
18 173
44 168
5 173
186 176
57 46
34 2
136 175
98 41
10 38
45 66
16 191
194 42
44 91
79 103
95 187
70 22
169 192
53 23
65 13
44 3
80 18
123 49
161 12
115 62
183 120
118 198
91 57
177 159
178 21
136 24
108 52
78 83
129 18
74 53
119 39
127 10
74 181
44 77
21 105
25 77
178 121
81 58
101 99
39 31
199 114
30 173
176 27
128 82
21 139
191 149
37 73
27 4
66 108
70 62
184 90
52 119
62 131
143 141
178 35
19 80
159 162
72 160
69 19
152 79
138 118
148 55
142 28
84 1
155 185
123 33
99 74
48 80
155 115
0 1
168 83
24 168
59 157
22 196
63 28
134 52
26 97
143 93
78 39
18 99
175 164
120 74
53 171
160 101
18 15
122 157
58 138
27 101
176 39
3 103
141 122
41 140
9 99
176 100
15 65
100 90
140 174
27 137
180 138
129 73
185 136
58 141
7 119
34 19
59 58
198 127
57 98
112 42
136 91
190 111
71 147
195 172
55 86
145 6
113 47
6 199
31 52
57 76
131 150
90 98
7 172
62 120
1 170
0 85
185 63
153 88
99 86
89 58
173 182
43 75
76 112
55 106
53 44
81 153
119 69
93 171
59 186
178 186
107 118
97 176
97 134
173 44
10 119
143 184
135 122
133 51
84 107
78 163
116 143
76 174
48 130
71 4
80 81
86 41
182 57
14 4
185 98
75 107
44 191
42 50
135 187
2 139
78 113
36 126
3 97
87 176
193 85
186 39
183 136
98 157
105 22
28 129
55 23
132 99
74 126
168 21
39 84
37 196
163 57
29 99
160 69
67 39
72 59
74 123
152 33
189 134
55 140
159 54
41 157
195 41
56 50
11 12
69 110
40 149
60 116
38 124
197 31
26 164
99 155
199 40
188 35
128 137
198 68
158 132
120 138
129 24
1 179
61 129
111 35
185 5
31 194
78 4
56 102
12 44
171 167
148 111
161 31
126 31
151 91
109 117
171 108
195 181
152 174
126 92
157 45
177 131
79 137
39 79
54 5
80 174
169 39
154 63
133 178
70 2
84 74
55 76
53 0
151 35
6 2
81 98
190 61
12 97
8 72
185 156
154 157
20 112
90 29
78 37
124 19
129 4
2 159
76 12
195 9
131 199
5 8
5 144
35 128
54 175
25 182
0 199
79 145
98 117
164 22
65 23
190 116
35 127
130 175
199 17
12 48
39 105
11 23
103 105
88 150
141 31
48 91
163 130
49 87
128 158
152 111
77 165
35 139
186 174
85 16
43 61
68 97
124 23
11 77
81 79
0 141
91 13
1 78
33 64
28 94
131 24
184 126
89 198
196 77
192 84
80 135
169 27
120 118
72 108
91 9
176 187
181 163
132 0
188 198
117 96
23 7
128 180
65 62
175 128
21 127
48 8
45 166
6 191
181 22
10 175
54 168
121 164
108 178
32 20
44 145
78 104
62 113
8 30
143 84
96 141
23 78
7 41
105 82
21 152
130 26
18 92
4 54
190 151
17 160
67 9
78 55
46 8
39 148
162 62
169 105
89 41
48 100
49 165
134 49
148 112
90 92
170 120
13 165
2 153
199 191
130 4
119 75
195 125
36 155
70 24
45 165
97 57
153 187
124 48
30 41
4 28
52 5
166 114
130 116
94 56
135 20
177 162
176 125
53 135
21 71
1 192
154 113
33 52
41 101
107 8
109 193
170 138
169 131
162 17
4 96
138 178
29 43
123 137
79 113
95 128
175 98
178 134
157 8
54 180
182 155
135 176
30 127
8 26
80 94
136 137
49 159
8 99
148 142
119 185
100 155
31 65
110 28
158 55
162 134
124 84
73 99
23 114
67 16
3 105
30 172
154 74
58 136
7 74
111 115
81 188
116 145
26 24
155 183
55 196
159 193
163 45
170 89
78 198
146 3
152 69
151 185
91 132
152 104
163 2
7 187
78 45
192 22
141 117
194 94
190 144
34 138
56 69
54 17
128 27
136 150
111 67
121 122
171 110
144 85
20 157
188 152
147 21
123 25
115 4
113 87
123 13
145 115
108 48
105 15
5 156
45 53
9 122
73 53
1 40
173 20
97 75
149 159
143 36
53 139
86 7
112 155
9 135
63 107
40 109
181 184
137 166
159 51
188 99
14 176
69 31
153 95
184 187
180 94
47 120
111 110
141 55
179 119
93 56
191 82
171 2
117 180
142 3
90 153
139 124
63 35
90 127
105 173
104 93
127 125
144 159
102 19
188 60
145 172
147 157
109 37
108 82
106 156
86 60
197 110
122 21
46 7
142 155
41 178
15 66
52 163
82 59
168 128
190 112
83 22
140 129
75 79
1 56
182 42
141 126
17 100
34 115
52 168
102 120
187 33
198 156
48 192
59 22
99 62
161 149
142 22
51 195
127 100
148 62
189 23
46 87
98 82
161 193
40 172
22 35
166 155
112 31
72 175
183 147
132 188
145 8
64 14
109 144
38 61
177 34
26 49
98 45
31 163
67 76
106 87
195 85
37 32
168 38
0 5
1 120
154 188
140 177
144 158
34 153
59 50
13 174
189 83
18 44
15 164
87 129
138 121
40 100
35 121
63 39
88 135
115 126
162 193
105 84
15 168
157 51
191 27
8 97
7 53
88 122
72 142
166 113
115 90
141 16
177 0
169 174
91 180
102 70
103 88
74 43
145 20
67 28
34 114
66 59
151 125
40 135
83 10
48 114
68 146
141 119
45 9
4 24
160 174
173 57
67 66
91 161
109 99
91 188
45 178
153 58
187 71
177 36
192 157
99 164
143 23
48 196
188 39
134 10
119 127
25 198
161 185
168 76
171 61
186 120
2 109
170 110
131 110
192 144
99 96
51 47
5 90
75 136
155 28
165 187
65 138
14 102
184 131
62 119
175 156
171 66
63 78
32 156
100 4
84 103
176 177
38 47
22 24
189 187
111 158
77 104
26 123
73 181
80 175
120 117
146 86
110 151
129 172
92 122
54 13
14 192
184 29
167 114
31 22
111 43
102 39
160 96
18 181
156 4
10 112
16 55
10 142
192 33
90 72
48 152
73 180
181 159
103 180
118 90
119 101
85 52
180 17
9 115
156 11
145 193
75 193
9 190
185 19
59 164
168 77
80 176
14 125
8 111
190 164
24 82
49 114
111 108
145 84
31 26
134 107
148 145
168 190
77 134
118 114
109 155
74 35
152 61
17 45
125 72
112 58
192 87
49 157
184 28
76 42
57 6
193 140
63 140
173 98
81 117
139 125
84 187
33 153
26 145
94 1
106 12
38 35
165 21
29 91
15 117
39 24
135 31
93 59
12 122
87 40
63 123
96 12
195 131
102 133
79 193
93 27
171 116
146 76
198 107
187 70
96 41
29 68
91 133
182 164
66 131
116 127
113 98
33 87
62 8
68 28
171 80
29 11
193 91
187 67
146 115
103 41
101 153
106 52
80 9
177 3
47 108
127 117
113 3
15 116
123 7
154 150
158 169
138 184
166 91
46 139
52 135
124 31
141 102
116 10
160 40
125 90
104 56
179 125
182 180
79 73
181 46
64 84
29 65
26 181
154 7
93 197
197 129
178 85
189 198
51 166
34 142
151 64
196 169
68 16
132 171
43 69
177 121
97 32
4 164
20 86
147 66
188 101
111 29
62 9
73 17
33 138
195 82
96 161
48 36
16 39
58 22
72 86
167 94
122 40
113 35
95 148
80 99
80 115
53 91
182 71
11 92
100 86
154 87
190 50
115 128
122 186
48 86
56 12
77 159
0 35
183 193
38 140
151 150
186 56
7 186
107 73
18 105
66 64
32 165
33 46
3 89
153 120
10 70
184 145
130 34
73 119
183 107
119 96
58 173
160 60
96 102
161 131
1 98
6 143
79 140
4 126
51 109
31 195
67 72
177 62
164 8
198 145
165 155
189 126
21 50
136 42
151 16
180 21
35 49
4 136
163 59
83 194
159 31
123 68
191 8
68 7
129 112
154 73
22 168
12 149
106 198
49 6
132 103
166 62
59 113
171 153
144 67
106 23
136 152
49 143
164 80
184 89
105 77
147 55
25 174
1 143
82 16
12 74
5 164
19 78
163 99
21 150
129 58
40 197
121 160
173 52
46 73
148 85
116 167
106 64
84 133
137 71
52 95
174 184
132 184
129 35
183 122
104 178
53 187
102 128
161 109
132 2
25 149
132 82
196 11
30 6
47 160
49 132
181 21
141 27
166 6
35 161
125 187
37 162
10 84
146 195
167 32
155 58
155 192
170 69
197 181
88 34
93 148
154 149
83 68
32 55
136 121
153 145
181 198
57 70
31 162
59 7
169 6
97 151
43 54
153 122
2 41
46 157
81 41
93 90
76 151
176 141
100 106
78 161
131 54
59 49
47 40
85 87
64 113
94 147
174 88
19 18
0 74
123 53
90 65
46 190
74 65
155 18
175 71
125 43
131 0
130 23
7 61
144 46
15 143
24 33
62 127
196 145
176 84
19 195
137 10
41 190
63 14
128 153
180 169
123 98
108 93
167 155
197 175
21 28
19 22
29 160
105 86
195 26
86 139
15 63
192 190
137 188
128 152
49 139
131 15
62 1
128 120
165 20
0 147
32 178
199 144
40 20
40 192
137 140
97 11
117 129
174 191
70 47
192 67
32 60
43 70
55 185
116 152
128 131
135 186
95 92
0 166
144 117
5 62
148 161
153 198
183 43
38 131
50 159
55 41
184 20
74 45
0 121
166 130
152 1
115 148
148 20
184 51
100 103
120 168
32 49
152 53
109 110
136 66
47 83
114 53
60 76
37 198
138 31
2 32
87 187
156 166
78 120
41 121
108 75
113 40
196 93
21 142
193 120
13 120
34 174
168 159
77 102
198 124
108 33
27 85
165 9
52 158
107 21
44 0
109 68
86 14
193 123
108 9
107 59
31 67
161 2
103 7
105 150
159 119
145 17
177 135
11 69
86 26
151 83
157 168
133 17
58 117
162 16
138 104
65 167
192 20
82 168
171 13
157 16
196 24
178 142
0 142
114 94
51 96
72 94
1 67
88 52
116 133
189 116
162 52
141 45
73 92
26 3
111 81
186 100
147 46
138 136
189 191
55 190
62 139
64 108
186 139
182 19
196 20
60 167
98 124
113 93
54 163
101 106
153 91
199 188
100 152
168 27
31 51
136 97
43 139
115 197
190 66
84 162
78 199
103 76
32 28
25 49
70 94
168 152
47 22
160 52
53 41
26 126
83 71
48 119
64 72
38 18
59 139
15 27
139 110
1 142
131 176
29 114
83 3
72 22
161 72
192 9
184 155
144 136
128 118
167 47
196 153
159 37
114 106
156 131
195 182
34 48
169 126
51 165
112 110
30 162
78 178
74 188
13 80
28 72
49 158
1 125
161 89
67 50
93 76
197 48
153 48
66 77
152 0
162 111
116 69
34 112
24 109
166 75
193 118
97 128
46 189
157 88
31 101
82 101
143 50
27 88
56 109
5 131
133 134
99 7
97 77
181 44
94 101
35 176
144 155
98 19
181 194
192 28
186 149
138 185
125 59
166 37
129 136
172 66
168 109
160 147
167 87
186 112
122 33
63 161
10 12
89 18
97 63
143 83
141 15
25 105
131 115
66 142
116 115
199 26
88 101
127 133
6 157
10 196
125 182
20 116
145 73
178 157
124 106
48 193
20 16
186 143
144 100
133 92
156 118
11 87
34 21
170 67
183 182
74 37
0 72
154 174
115 10
80 8
191 138
149 66
166 164
88 96
21 120
67 88
154 60
29 53
147 185
162 90
175 69
29 52
151 55
96 110
38 182
125 162
22 136
155 137
143 142
175 195
89 131
105 23
75 63
61 166
96 68
86 56
24 171
162 102
22 184
70 172
159 132
58 106
104 71
77 62
74 54
191 113
144 156
18 47
49 109
110 63
185 85
126 182
164 79
181 151
93 101
24 170
155 54
59 154
198 155
30 153
27 24
49 64
160 196
139 50
160 24
115 67
52 1
133 1
146 10
179 156
93 73
171 89
112 179
79 199
175 177
59 130
123 156
14 16
40 97
105 122
56 139
94 131
3 125
170 121
43 12
0 19
153 178
198 149
170 126
167 106
88 180
11 49
131 20
54 101
168 147
146 84
91 162
167 67
192 185
18 171
197 22
173 12
116 118
49 176
131 49
133 196
111 124
57 31
157 17
195 122
179 130
140 167
118 159
70 0
180 160
194 118
137 157
98 5
76 94
62 130
157 44
120 126
170 4
35 187
86 68
173 42
56 105
139 33
46 39
75 182
197 99
96 157
87 157
69 102
133 118
51 151
17 169
99 127
113 190
102 3
88 138
75 15
31 79
10 74
51 73
127 144
123 65
33 40
38 191
58 145
122 79
116 48
77 122
188 1
195 141
182 136
146 48
158 12
22 183
185 174
4 97
48 64
188 106
78 197
186 71
28 179
33 124
186 52
31 21
122 45
100 5
180 177
193 168
179 99
194 28
171 72
47 82
191 73
133 70
3 135
133 120
141 80
182 162
9 49
34 27
95 41
196 52
191 76
72 12
136 151
180 60
65 114
74 119
85 145
49 19
169 88
74 106
17 66
10 11
131 56
29 133
121 139
99 147
132 85
64 35
77 143
162 70
166 50
154 182
166 177
180 3
49 13
23 129
63 88
127 136
142 187
28 78
91 148
197 142
151 155
15 44
155 97
137 193
35 135
68 141
50 172
171 0
190 96
143 92
117 101
30 28
157 77
72 70
97 173
20 106
91 77
101 20
198 121
88 76
92 166
97 148
187 61
85 117
52 181
83 137
159 88
157 99
37 70
71 161
79 107
143 177
1 199
39 68
194 65
135 171
17 103
74 176
113 120
199 66
80 78
112 97
186 107
184 101
5 38
4 26
183 161
63 177
183 24
121 36
4 139
171 43
53 100
165 66
98 30
113 70
6 24
118 146
47 177
128 151
33 11
184 124
74 51
154 140
19 131
38 82
3 22
26 175
103 58
51 18
134 61
192 103
10 92
4 74
41 59
1 49
23 110
18 192
193 43
120 3
58 26
177 198
189 4
126 129
188 149
199 69
143 138
108 99
42 62
65 35
171 183
133 167
51 144
152 191
28 108
110 68
12 24
20 129
160 27
161 130
69 92
126 16
122 35
40 115
193 14
187 110
1 93
4 168
45 146
133 176
111 112
164 155
126 156
92 134
132 143
64 175
95 49
163 27
28 82
4 12
72 117
145 150
77 167
17 171
67 155
73 42
54 110
195 35
15 32
21 54
36 158
166 127
92 104
87 177
181 153
69 12
63 16
7 81
38 65
158 46
78 137
170 107
116 46
123 177
154 106
171 30
12 1
119 133
53 40
108 161
50 17
172 39
5 107
10 114
126 110
157 189
147 112
157 56
158 71
34 132
60 75
105 28
188 3
169 95
72 18
95 25
165 78
108 149
28 93
185 71
56 162
17 93
148 188
95 54
3 21
52 79
110 141
130 155
120 94
124 155
39 56
45 51
189 57
62 182
38 129
199 96
45 129
176 128
115 139
106 56
50 160
146 0
188 124
184 147
126 18
