200 1100
94 181
149 179
19 177
159 78
150 0
120 180
74 39
197 9
148 80
49 166
161 186
145 9
27 169
65 187
27 13
11 68
148 113
77 85
145 198
18 188
64 161
197 73
35 172
53 104
119 39
192 2
111 168
77 33
91 165
188 5
56 124
30 153
88 134
71 83
82 115
167 8
15 46
150 114
84 90
58 173
35 153
22 105
111 154
81 1
124 68
156 145
156 5
176 43
103 34
41 140
20 182
111 148
39 137
152 18
175 65
185 199
54 160
180 65
4 11
122 153
82 127
180 92
136 56
96 196
55 146
103 101
40 170
99 59
50 112
179 188
140 17
141 63
16 22
165 126
133 142
34 119
88 178
188 135
155 59
14 176
98 120
162 26
166 112
97 23
24 171
122 140
102 184
43 23
188 164
148 79
2 90
156 139
64 119
47 127
59 75
119 63
171 6
59 144
16 76
61 102
119 58
127 110
146 199
162 107
38 100
78 47
50 10
124 33
30 59
72 52
159 198
159 92
38 139
193 174
36 185
149 186
98 5
127 29
199 144
28 151
56 180
93 190
170 198
138 114
87 79
63 123
108 141
118 116
137 110
161 76
78 145
95 154
8 43
19 116
89 100
108 80
37 0
82 78
85 5
19 62
150 125
19 126
30 23
190 99
39 14
172 147
23 148
17 46
51 9
107 137
14 83
152 48
82 174
40 33
182 168
68 35
113 5
123 50
199 74
165 86
57 120
94 151
21 184
43 107
160 9
162 7
71 161
171 85
190 49
16 23
101 172
33 7
152 187
94 153
118 61
68 128
149 153
47 112
184 62
48 74
134 59
77 0
70 59
198 117
190 142
94 179
171 129
102 194
159 74
102 108
55 82
85 198
24 193
20 103
105 81
19 52
176 92
23 149
56 184
80 190
64 51
172 53
199 44
157 13
126 5
70 94
89 64
137 124
133 157
116 134
167 148
7 144
62 129
159 113
5 172
38 198
93 137
155 80
169 148
165 18
38 124
88 19
177 169
84 133
162 35
158 56
97 55
139 53
164 6
188 2
136 75
40 111
117 194
96 185
19 147
70 75
56 163
29 103
61 56
27 177
133 47
186 37
108 46
187 30
33 199
40 143
166 30
5 29
72 4
79 25
131 67
146 76
156 142
43 1
119 76
199 155
33 119
0 131
15 102
7 81
123 62
68 32
114 32
44 69
166 152
94 38
31 156
187 85
152 41
121 53
129 166
67 30
73 160
94 126
106 155
83 99
59 123
75 10
9 64
78 91
64 59
24 84
50 104
9 156
37 192
136 20
34 67
160 70
20 154
117 136
52 4
119 60
22 75
90 35
86 144
1 134
91 183
83 59
30 1
195 27
89 38
158 188
18 36
50 180
65 21
54 161
70 188
50 35
164 84
36 66
90 19
187 72
86 96
197 54
173 23
165 73
192 1
16 129
135 37
196 129
76 144
90 82
106 177
73 130
17 157
24 79
192 78
136 194
7 129
69 111
119 51
47 143
25 6
123 198
67 105
116 195
70 144
121 134
190 88
138 17
87 1
74 33
80 77
160 174
44 123
100 58
157 104
172 88
77 35
54 114
2 21
166 117
57 107
197 1
180 176
54 138
138 0
192 134
35 121
119 49
156 44
197 61
23 195
71 61
55 147
130 1
44 146
171 68
186 107
23 31
2 89
138 128
174 93
111 97
99 3
32 154
65 173
177 86
131 52
54 24
130 86
95 116
164 141
91 14
77 148
179 40
0 79
139 161
103 73
101 138
60 15
91 160
26 69
168 83
43 123
78 11
157 118
189 4
35 21
38 71
87 154
59 5
137 180
116 135
17 185
21 114
38 126
117 46
183 137
137 32
141 58
196 192
189 97
106 140
33 184
55 95
4 101
56 32
37 172
45 16
174 100
77 181
182 19
24 183
24 46
37 113
166 72
87 56
180 184
22 137
161 143
115 114
115 168
38 74
186 157
62 10
158 63
83 101
191 163
199 145
71 159
154 142
50 81
84 172
136 67
34 199
177 163
141 62
85 32
125 182
131 30
87 44
65 199
65 140
143 25
87 98
197 18
23 137
9 162
26 108
105 180
135 106
113 197
139 157
16 57
18 104
156 47
134 36
94 63
64 166
125 98
70 136
17 128
65 194
50 182
169 124
120 47
32 78
93 29
43 35
13 0
168 23
104 59
136 73
87 187
160 3
32 124
9 92
45 27
66 167
151 7
12 58
140 45
150 177
108 55
88 173
40 49
130 12
39 139
197 105
27 173
134 14
4 62
97 151
43 147
57 134
107 66
15 12
136 141
139 87
178 130
114 30
122 30
51 124
66 136
83 148
181 170
55 39
127 71
50 146
53 0
57 62
132 120
63 179
178 25
100 12
150 141
112 189
130 64
145 162
156 41
86 169
15 7
141 43
106 43
178 86
110 172
95 156
111 17
48 124
91 0
148 47
0 153
144 67
182 98
68 105
28 84
16 123
146 165
111 34
144 198
185 60
18 124
120 137
67 76
89 174
113 193
70 143
33 86
59 158
57 10
65 22
173 154
175 7
61 27
34 72
170 24
68 142
93 100
22 108
41 111
41 190
111 129
112 63
98 34
122 101
143 53
43 70
63 26
102 174
175 145
163 184
162 58
52 41
109 47
0 180
150 55
1 138
98 85
47 80
13 192
121 80
44 122
168 57
95 78
55 44
124 172
160 182
6 12
38 176
76 126
196 113
38 157
20 23
102 93
80 169
102 74
167 151
79 82
83 46
181 45
14 107
97 85
118 182
84 115
114 19
124 128
50 118
32 194
19 188
199 94
181 80
87 95
171 93
189 44
113 101
10 187
7 59
95 48
144 26
104 63
182 91
73 185
127 193
31 13
142 35
21 149
80 107
179 152
118 92
149 101
136 170
177 25
104 114
154 21
44 60
156 18
70 139
188 56
74 21
18 125
25 40
146 57
23 80
135 149
63 129
18 88
127 153
106 12
49 37
128 130
124 155
196 60
107 93
45 124
33 27
12 62
108 16
93 126
186 121
16 131
73 27
163 21
2 163
55 51
19 22
177 137
58 99
28 149
199 30
136 94
15 34
36 41
14 85
53 184
140 36
10 159
153 197
30 143
44 83
21 139
173 167
87 169
143 11
50 121
134 152
166 95
110 108
58 148
134 102
181 37
63 50
127 51
96 163
195 100
124 23
184 46
0 97
104 36
107 115
101 59
102 26
116 80
14 188
54 81
122 78
115 13
69 132
30 62
48 191
65 179
119 15
70 146
162 19
151 82
50 111
90 34
159 130
170 15
41 9
139 61
129 5
79 80
53 44
91 125
95 125
74 109
181 105
189 72
45 2
41 31
79 5
139 72
4 20
5 13
133 82
48 189
178 116
74 187
173 123
17 24
128 1
123 33
95 140
128 81
7 21
73 120
119 188
34 40
59 11
120 0
196 94
15 114
179 12
32 139
146 151
110 167
55 154
78 31
119 136
20 83
12 72
38 183
51 80
189 79
81 191
70 18
187 171
151 161
19 31
191 167
90 6
136 36
3 188
2 35
86 126
28 21
159 136
23 1
67 90
148 97
62 134
169 174
180 148
51 128
120 106
175 174
186 148
74 146
41 12
40 105
86 95
192 122
181 97
191 9
13 8
166 93
26 28
0 61
127 198
66 150
136 139
111 81
84 149
104 172
21 97
192 146
141 177
61 24
3 60
191 103
42 103
73 88
93 132
153 103
25 56
82 137
73 4
132 0
2 36
71 50
73 183
130 165
124 160
152 101
68 75
136 121
79 160
1 3
11 3
49 55
85 135
13 182
75 54
84 176
152 184
9 47
9 12
121 169
46 140
155 166
185 27
104 161
168 130
123 111
74 121
187 88
140 4
13 177
88 47
57 186
24 115
169 198
140 50
55 32
122 66
163 148
159 44
74 23
27 126
37 183
97 45
176 155
30 38
53 153
94 142
154 62
100 106
145 71
107 23
194 181
94 96
151 56
60 187
154 150
47 19
52 170
188 170
28 177
151 92
145 61
77 127
62 80
101 121
32 9
54 102
160 76
151 158
173 195
93 22
183 22
119 167
19 123
83 91
51 39
112 14
107 111
187 31
182 104
129 69
142 146
62 86
144 168
71 187
67 119
17 145
0 134
45 184
95 117
160 133
183 82
157 1
56 0
135 40
30 65
52 47
118 188
58 193
116 7
144 180
125 100
32 98
12 186
109 38
118 19
48 198
70 35
149 83
79 7
151 84
192 59
27 79
6 78
171 50
21 105
132 73
49 159
76 141
130 152
56 7
140 22
147 196
100 28
193 18
115 11
100 33
84 20
169 127
118 32
54 22
112 194
199 89
192 70
16 144
31 111
78 160
63 58
9 109
106 150
152 146
20 52
165 51
162 47
149 199
143 164
92 94
185 105
197 164
23 108
148 154
25 31
189 45
67 194
106 71
185 5
105 132
88 133
34 124
118 5
59 191
139 178
189 102
37 70
100 5
104 78
25 156
172 11
180 31
160 75
96 161
59 125
23 181
10 39
97 112
124 71
42 110
187 89
131 36
165 97
69 131
194 176
46 120
150 88
197 156
155 125
90 103
51 28
77 110
46 14
193 70
55 18
2 88
111 61
160 11
107 67
15 30
34 26
12 170
85 163
190 36
28 123
154 90
197 111
112 8
143 79
112 58
114 131
71 25
78 167
28 121
190 34
102 115
25 66
38 41
45 130
56 130
199 136
110 136
89 145
118 97
35 80
15 112
184 74
15 56
19 36
9 121
3 46
193 90
150 50
70 175
154 125
97 114
107 50
123 99
141 120
32 148
50 194
119 47
59 184
65 49
12 10
169 173
33 98
96 40
44 35
146 149
102 56
124 151
68 62
31 126
115 116
89 77
108 3
130 190
106 164
14 169
148 140
90 71
53 1
33 176
22 109
40 164
162 74
128 150
13 35
127 36
93 199
122 75
49 61
46 71
