200 2900
187 64
187 78
7 13
168 92
111 171
31 59
192 33
110 184
153 17
185 79
50 22
10 177
189 0
34 88
155 168
119 135
164 115
11 183
75 77
158 13
55 19
181 59
173 1
96 80
96 63
144 79
60 81
67 31
60 18
162 144
124 91
95 71
50 73
2 70
25 70
88 60
29 149
176 194
10 4
12 176
93 141
88 37
62 151
42 142
175 51
171 3
82 176
110 132
192 5
166 150
69 115
66 20
116 89
50 151
106 105
159 1
34 199
188 1
90 120
153 30
77 199
27 114
151 169
121 49
28 25
138 169
195 148
189 115
122 71
133 103
24 121
72 147
176 42
57 21
20 180
68 110
38 61
185 124
35 99
93 123
4 76
195 9
19 113
127 131
142 179
145 118
116 4
63 156
66 57
95 103
153 188
20 112
18 167
171 6
95 118
38 90
185 151
82 140
77 32
29 182
178 139
80 127
196 52
42 98
70 7
51 133
29 164
27 109
198 167
159 126
174 11
0 8
167 1
124 125
52 26
162 23
136 146
129 131
145 165
142 115
20 125
101 199
142 90
6 91
198 170
166 143
137 23
84 97
83 9
112 162
128 158
38 83
52 72
39 61
150 124
193 185
167 139
86 71
74 102
91 72
21 66
22 51
187 105
17 111
163 128
105 36
82 165
49 70
146 97
85 135
44 99
169 55
33 137
130 51
104 160
197 57
55 164
165 38
86 83
146 62
42 119
140 78
135 172
10 109
12 104
63 120
12 178
67 55
146 188
44 116
199 26
154 22
151 55
7 157
81 163
93 79
171 82
93 65
49 84
98 167
41 33
85 161
85 18
125 100
106 30
127 60
9 93
74 64
25 191
188 147
34 51
193 111
158 117
180 182
68 173
14 21
29 187
144 142
125 24
150 2
46 187
73 117
197 34
23 96
124 5
177 36
136 149
56 107
11 60
90 53
0 150
55 43
153 40
77 33
158 11
34 166
2 43
168 72
155 80
199 39
196 5
109 23
78 69
80 84
161 41
190 11
46 77
107 9
16 1
93 150
116 148
24 58
86 63
68 44
57 90
79 179
31 167
43 197
189 168
19 115
107 154
23 69
96 186
150 145
87 28
76 165
54 168
126 183
164 149
145 2
196 180
38 103
130 128
27 38
3 54
40 175
54 197
147 116
99 75
166 86
95 74
114 108
7 141
198 133
179 57
46 140
38 194
65 55
88 14
159 103
178 49
89 23
58 113
183 193
170 83
90 167
50 109
13 102
150 44
56 52
150 9
172 20
69 29
127 5
38 78
83 100
52 97
65 51
158 68
17 41
5 98
71 67
46 97
171 117
197 55
44 87
159 144
75 183
162 189
109 145
179 8
92 2
138 102
144 148
150 11
69 26
25 54
16 135
105 173
46 26
87 66
33 174
154 73
66 55
157 12
49 69
157 1
115 149
5 146
107 13
26 180
117 79
190 182
117 146
161 197
41 183
134 59
180 175
175 96
83 141
92 33
83 42
142 8
176 35
159 114
126 31
23 53
29 197
12 23
193 156
44 112
152 6
61 186
166 187
189 12
196 160
109 53
155 22
40 54
163 62
94 83
109 149
197 7
192 11
98 121
31 29
35 118
88 27
38 50
195 2
123 96
12 58
41 94
78 54
168 142
95 141
127 111
184 134
146 63
78 33
93 77
24 108
129 166
3 27
168 112
185 136
68 147
116 108
39 84
172 181
14 129
135 51
90 170
150 91
59 1
23 133
149 116
70 85
189 93
82 48
155 21
29 114
64 10
123 72
35 164
3 114
18 66
31 54
15 72
64 137
6 130
110 193
133 89
39 137
149 122
5 119
71 150
81 179
157 180
149 125
9 68
44 191
86 92
57 41
61 91
86 62
6 58
42 44
12 69
4 49
106 127
22 159
56 20
135 12
16 97
198 149
101 18
93 118
117 128
154 131
128 97
100 23
133 197
109 107
182 83
114 88
174 4
169 133
151 125
93 71
21 88
35 100
151 175
145 173
53 28
90 30
193 172
95 45
11 67
77 195
198 169
27 97
94 0
90 73
24 96
75 118
127 2
199 197
168 42
96 195
134 122
80 89
61 149
193 64
28 111
76 3
155 131
55 103
70 51
173 141
128 179
163 181
16 199
99 170
135 65
142 166
62 6
55 96
54 91
15 101
159 43
2 82
113 122
195 199
47 71
44 181
39 156
144 2
107 152
3 133
36 187
86 165
61 2
8 170
18 96
22 148
70 180
144 130
139 82
152 146
64 33
6 92
112 142
95 122
35 133
179 131
170 87
93 58
63 18
80 72
88 79
194 91
71 30
129 65
60 62
147 156
23 87
140 148
123 155
0 166
157 141
94 96
26 10
180 130
125 185
77 115
194 135
145 189
176 113
142 104
72 187
30 7
160 163
148 97
40 73
14 123
78 60
12 198
145 196
143 92
193 29
160 137
57 54
127 33
68 41
179 78
121 149
28 130
13 30
117 102
132 131
132 26
111 46
96 140
112 53
42 154
67 0
174 53
147 127
144 103
37 7
104 149
38 55
25 31
6 133
124 3
188 4
23 62
54 28
77 31
89 189
70 170
2 65
70 69
82 9
83 131
121 134
120 29
111 105
191 179
87 115
136 195
135 178
160 156
2 11
98 21
49 9
153 81
184 188
12 107
47 54
49 164
60 29
37 198
72 189
177 84
92 142
137 135
140 163
131 191
190 60
17 23
198 86
53 32
160 195
126 178
198 42
16 49
171 124
63 197
58 102
85 133
127 32
25 146
188 6
39 83
140 20
5 151
101 92
169 52
191 150
157 184
55 49
15 89
137 20
81 76
59 104
22 40
138 32
131 98
30 52
161 119
196 174
159 56
75 160
19 175
12 129
6 7
170 134
97 102
113 62
93 137
137 165
25 82
143 109
198 166
40 172
47 198
95 193
123 185
56 135
69 125
187 178
85 118
136 143
11 94
144 49
110 87
126 151
72 175
177 160
17 56
26 14
43 104
36 32
44 132
107 120
90 180
111 184
127 149
67 119
70 74
150 77
134 124
123 159
15 137
69 65
194 114
152 45
50 78
129 27
32 10
114 64
155 178
53 154
147 117
102 114
20 133
80 81
40 169
23 168
70 88
93 61
177 133
156 28
8 50
109 69
112 145
23 79
194 50
46 173
107 72
132 139
32 58
135 186
41 8
109 127
54 122
142 69
42 199
67 118
48 183
21 34
88 159
90 110
122 14
179 49
185 116
192 121
12 7
18 143
78 90
101 66
52 95
108 15
49 63
176 116
140 73
147 82
37 146
51 179
8 143
42 103
6 36
2 103
163 89
174 54
62 122
138 21
68 117
38 124
71 160
39 12
151 163
144 47
68 125
4 56
33 188
87 102
167 45
169 145
104 103
29 42
32 197
114 190
115 163
140 13
93 192
198 193
30 70
66 136
193 84
18 71
87 143
31 123
161 94
4 17
147 108
48 126
181 193
71 1
89 68
178 94
149 60
182 18
103 123
111 113
161 37
142 44
179 12
44 92
143 1
151 71
126 23
56 97
98 65
150 85
141 154
53 36
72 79
197 70
98 174
93 8
28 149
46 114
76 158
93 139
22 104
130 167
38 177
46 135
150 78
9 79
100 145
87 146
188 175
44 133
128 136
15 79
82 151
191 3
53 46
39 188
139 10
163 183
56 95
6 172
25 71
23 9
87 182
5 66
172 121
179 148
141 48
153 113
99 95
193 146
65 9
102 120
64 170
102 23
35 144
13 134
73 42
46 147
193 2
194 128
104 116
80 1
164 2
67 65
11 26
181 182
64 4
104 70
8 106
70 196
28 62
27 81
38 171
47 112
52 63
114 41
76 59
62 152
165 88
81 33
110 49
179 125
95 121
4 185
37 134
116 121
136 139
37 135
32 189
199 4
103 17
27 168
39 112
173 120
0 14
98 193
162 98
86 90
121 56
116 82
31 172
77 161
58 155
172 165
182 56
75 52
24 182
5 25
89 46
182 49
162 31
98 165
157 55
45 47
53 163
34 15
116 189
190 112
2 86
195 147
49 158
11 16
83 7
121 191
18 34
168 110
35 70
157 146
88 184
138 95
169 3
64 102
196 156
164 180
9 119
116 10
2 53
11 73
54 92
157 83
161 160
118 192
155 65
190 145
27 107
167 38
198 11
60 17
60 74
182 76
34 192
184 4
129 102
72 94
7 65
128 125
46 154
79 180
169 76
34 87
14 55
197 84
54 8
32 101
156 162
24 110
99 63
196 89
67 81
17 194
71 186
87 37
10 31
73 188
98 198
86 45
162 196
56 119
133 62
65 89
71 114
164 109
178 120
43 153
67 23
79 1
67 60
169 51
95 176
162 53
160 90
129 187
191 43
94 132
143 146
134 114
171 144
38 88
179 32
168 169
28 150
186 54
51 163
10 68
40 133
52 142
95 199
147 171
31 93
49 196
68 29
20 108
58 153
57 173
171 168
117 88
187 174
71 43
73 3
6 182
53 135
45 52
192 102
83 152
136 41
84 9
41 146
122 185
151 60
42 76
85 129
180 41
115 166
193 194
177 167
173 123
81 101
146 165
69 197
195 163
169 162
126 141
28 15
43 128
42 74
135 162
140 149
25 17
75 43
23 179
51 116
138 180
125 147
67 160
9 66
190 157
195 140
6 119
4 45
5 131
192 113
117 26
98 39
62 3
17 106
29 14
124 40
160 143
68 20
141 58
72 46
195 87
110 79
159 26
70 163
163 148
118 96
153 152
195 75
138 26
21 4
111 152
3 185
31 184
33 45
150 98
40 82
111 16
72 41
88 98
7 46
45 26
43 147
112 21
8 141
115 159
116 26
85 84
119 29
31 89
77 171
1 142
81 148
158 43
174 75
155 157
185 32
121 186
166 11
76 66
90 134
4 138
152 51
109 155
10 72
133 58
144 24
175 160
43 199
190 124
163 103
58 107
106 78
144 173
72 53
68 141
165 108
134 113
133 199
32 71
83 105
171 93
94 107
31 159
123 34
162 50
138 197
74 15
106 43
12 46
134 3
124 95
155 62
66 106
163 42
8 137
170 21
175 106
73 148
66 23
186 128
72 100
65 17
113 28
41 9
151 181
148 84
126 79
153 181
30 155
34 52
10 84
23 82
71 3
27 164
18 116
122 150
60 124
17 173
182 13
70 169
24 148
58 139
109 100
11 153
13 14
11 54
29 97
180 43
147 175
32 85
25 152
84 106
16 162
111 80
53 64
111 59
16 177
112 83
111 3
173 136
186 56
174 5
2 40
111 173
91 78
26 177
62 140
156 133
161 25
30 4
137 73
156 78
164 77
96 35
197 80
54 93
131 149
61 194
77 149
35 94
155 84
153 59
158 145
0 161
31 181
33 108
99 122
100 98
9 141
71 142
87 63
112 56
27 7
68 183
74 36
85 125
189 164
152 4
169 36
10 62
103 32
65 106
141 140
121 195
82 60
40 29
167 77
19 191
165 97
128 176
166 154
174 125
178 54
94 75
13 191
58 145
151 193
36 132
194 95
130 5
99 101
140 85
123 101
112 147
192 85
113 39
182 120
168 19
165 158
128 94
71 152
15 0
193 51
59 198
24 168
29 15
189 65
13 19
15 21
140 15
152 193
12 20
87 125
59 155
184 70
49 92
126 29
138 168
155 183
68 48
146 72
73 54
70 21
61 102
79 22
48 15
98 137
186 57
57 127
173 60
132 96
4 63
156 94
50 18
177 25
178 70
96 31
25 182
87 149
51 153
123 12
148 1
18 4
131 101
105 56
90 68
44 123
38 3
126 174
115 82
30 108
95 171
0 39
57 30
43 70
155 176
9 140
72 45
151 183
74 14
60 197
176 103
139 88
1 97
33 185
31 63
153 199
59 160
165 26
44 167
152 46
154 189
178 170
7 122
85 60
104 4
142 105
14 156
50 33
41 78
190 153
168 44
156 61
187 136
119 95
72 120
172 174
90 107
191 175
194 189
193 137
165 107
71 15
154 153
180 104
170 159
12 111
182 112
184 130
198 70
78 193
6 142
145 47
78 26
136 159
133 149
139 8
168 187
165 22
184 44
54 162
139 156
175 42
94 102
98 110
56 149
15 65
22 96
90 37
171 64
185 58
124 186
20 11
84 139
180 17
113 193
79 35
104 83
105 31
36 199
182 41
108 194
119 37
147 96
116 9
12 88
66 44
36 138
148 119
46 184
187 5
173 99
11 86
177 124
54 1
146 173
190 178
184 136
198 17
45 158
155 170
178 6
80 152
172 15
144 50
14 12
136 135
122 97
130 73
161 184
23 14
123 107
54 51
17 130
167 51
161 110
7 192
83 128
49 135
176 143
73 122
9 13
11 88
51 41
167 87
25 33
115 185
129 136
18 21
152 31
42 132
132 5
115 187
138 131
119 113
192 71
10 195
86 13
22 11
77 57
134 181
103 170
15 82
116 100
176 83
78 157
192 183
1 24
84 170
22 46
168 176
173 38
160 63
70 160
42 197
148 17
117 178
35 64
167 166
168 173
120 76
75 44
60 142
108 93
9 28
151 121
196 25
175 185
177 81
191 195
28 157
120 55
52 150
0 38
112 122
7 191
72 30
33 37
122 171
21 89
99 19
56 75
125 193
140 58
186 92
132 155
157 68
47 181
164 39
194 172
45 1
38 135
25 69
79 146
87 92
65 195
99 61
139 197
34 178
0 31
58 181
107 21
110 6
128 12
76 26
153 182
5 74
112 43
69 17
109 5
54 126
45 186
99 192
167 23
149 105
150 37
122 96
188 158
5 182
166 28
98 13
138 142
23 135
18 40
161 58
100 16
197 67
126 1
136 29
115 148
174 182
110 56
123 50
2 5
128 115
80 158
176 98
43 84
184 5
170 166
193 43
24 193
187 175
77 10
43 156
101 100
58 182
198 150
70 190
167 67
173 52
12 137
113 125
151 100
25 198
156 66
28 64
19 154
168 108
122 114
133 50
23 196
11 140
114 169
2 199
93 32
184 17
22 113
88 76
143 93
191 158
175 64
145 152
77 42
88 31
76 18
149 135
42 146
102 126
6 99
80 120
77 0
120 192
105 34
130 41
124 197
34 3
99 180
126 176
18 139
74 75
30 165
30 121
138 114
48 123
127 56
110 116
162 199
78 117
157 49
87 94
155 166
42 96
92 1
54 124
6 45
110 96
158 37
126 59
74 129
26 20
151 154
166 127
11 19
106 27
2 97
38 155
51 85
40 48
48 125
75 5
188 169
103 77
193 83
130 75
102 168
12 131
95 158
121 92
25 91
55 195
132 84
65 125
81 147
116 184
5 3
137 184
1 197
7 125
104 161
152 158
0 136
32 130
113 29
23 178
121 199
19 153
91 1
87 89
88 95
45 15
6 193
90 158
43 171
174 17
119 87
104 122
21 158
50 88
198 162
172 17
140 7
41 106
56 99
77 141
113 27
107 40
30 113
14 119
30 24
187 165
43 52
140 189
198 75
16 53
118 108
121 166
55 41
15 175
191 47
77 5
50 126
68 74
42 20
105 186
103 84
167 175
170 177
6 128
23 107
183 141
129 104
95 63
122 40
52 10
75 158
43 23
170 67
177 193
132 167
152 28
31 30
109 182
100 135
171 178
194 16
25 109
10 138
137 72
2 84
158 39
38 150
109 196
175 125
103 193
10 110
49 175
137 87
111 94
193 122
19 189
25 125
59 170
3 178
129 176
86 40
129 22
55 35
58 137
113 103
13 22
143 12
151 139
170 151
135 18
68 189
26 25
52 120
71 138
3 108
115 28
51 93
41 107
53 125
29 24
3 107
178 8
186 15
115 173
156 116
134 174
158 62
65 90
5 9
128 198
160 95
121 143
170 140
162 180
65 101
89 22
162 122
17 110
168 53
150 121
153 18
27 159
97 19
177 48
116 17
1 146
169 111
111 123
143 168
53 88
152 63
14 162
24 92
29 181
177 39
10 147
124 141
199 64
125 14
98 183
157 56
118 33
76 55
189 88
197 16
63 188
164 34
64 184
75 33
161 80
116 69
101 11
36 42
198 171
91 116
49 36
172 13
14 49
11 57
56 106
120 168
164 57
91 143
104 178
164 140
5 65
127 37
83 14
136 20
16 43
153 186
97 79
3 39
95 83
100 107
181 84
190 117
75 14
126 164
85 47
158 170
172 93
109 51
106 68
62 17
52 119
169 195
133 5
180 76
18 183
186 125
84 149
120 16
110 19
142 63
65 127
54 15
106 19
151 177
60 48
66 154
180 36
19 123
59 81
4 95
135 26
82 32
52 42
90 106
0 174
73 178
17 74
191 95
74 50
133 140
157 2
96 101
40 146
96 66
158 67
173 195
178 75
136 87
90 16
167 129
5 6
127 196
37 97
163 85
5 17
15 181
71 163
190 99
137 186
26 97
11 30
196 124
14 63
47 14
152 180
76 34
174 119
143 106
47 111
78 180
188 56
103 101
75 46
121 106
132 129
62 65
80 25
130 175
190 155
1 141
100 53
75 66
100 89
37 128
86 36
67 183
125 133
184 7
3 15
2 25
11 163
92 100
186 62
81 143
77 43
185 1
86 31
13 68
196 123
155 10
13 85
108 84
154 38
32 115
55 23
138 151
15 93
19 96
91 23
14 11
89 112
111 42
186 49
76 14
13 112
4 136
197 44
117 113
16 18
22 16
22 149
136 197
109 158
123 122
19 181
147 109
145 126
148 166
2 155
2 26
164 135
136 14
135 110
56 42
149 173
5 54
117 96
25 73
165 169
70 192
52 130
174 127
58 169
164 153
135 22
84 24
123 163
186 120
48 128
161 65
70 36
64 186
58 180
157 181
155 6
6 66
183 120
72 153
193 33
125 10
111 67
103 138
106 115
93 48
89 173
72 180
118 70
173 184
75 36
115 72
92 85
184 56
98 188
179 75
66 141
42 17
124 109
7 108
136 85
92 36
67 105
7 48
7 59
63 158
57 69
186 183
105 97
23 21
31 39
123 59
126 6
118 84
185 83
173 3
145 79
113 183
35 117
94 159
108 67
116 192
100 189
87 0
160 190
116 131
166 126
38 137
71 143
112 192
38 4
93 33
171 58
3 181
187 32
1 154
33 34
156 30
32 4
73 18
96 65
110 75
133 106
153 41
4 87
175 93
179 84
80 195
120 88
187 119
196 15
133 19
52 107
53 99
92 41
80 165
172 143
187 13
8 29
142 145
169 184
134 66
85 107
146 82
157 35
18 196
161 100
137 109
53 14
177 180
115 81
136 133
172 84
19 41
96 58
159 101
97 87
143 178
129 37
47 116
20 148
198 178
31 138
89 60
39 168
51 180
7 101
9 183
170 197
63 169
59 114
23 32
66 36
89 10
8 118
127 82
29 133
19 95
0 195
57 177
55 72
1 109
30 186
161 112
121 58
20 147
129 1
119 8
145 164
75 163
168 166
121 169
187 83
58 160
113 163
10 14
32 97
32 37
66 135
153 27
29 104
133 184
178 111
116 114
146 86
160 9
78 111
102 55
123 51
26 172
159 73
123 161
16 196
40 196
85 153
2 34
125 1
44 43
40 57
194 130
56 165
193 102
150 54
68 17
176 34
125 145
84 140
56 174
69 113
33 68
36 176
8 114
56 50
79 129
59 152
185 184
197 154
36 124
68 184
84 52
11 79
151 194
44 50
163 97
77 104
114 19
69 118
105 159
88 54
3 69
156 99
121 140
144 39
135 73
52 16
125 101
164 54
11 12
187 196
76 130
143 156
117 110
8 67
50 199
61 109
189 179
70 109
62 139
48 105
182 15
40 198
157 14
14 130
150 90
109 13
146 88
9 111
121 72
72 167
142 131
89 127
150 8
168 18
58 109
195 103
114 20
78 28
86 140
25 119
99 4
77 185
168 181
197 145
142 51
132 0
177 128
85 17
122 174
9 120
37 38
90 182
124 35
196 55
165 133
182 194
66 16
99 18
147 94
31 32
152 74
125 57
128 147
36 99
66 167
3 149
38 16
68 104
67 106
40 67
55 179
128 168
91 37
1 0
25 170
26 96
50 75
65 194
163 176
151 29
139 192
53 121
56 85
4 66
182 146
0 151
139 120
161 136
46 107
21 31
194 82
72 89
150 7
119 142
130 170
145 143
57 32
28 170
62 130
137 52
199 58
135 109
104 72
180 15
159 199
99 172
156 10
91 89
183 148
193 48
22 6
2 71
15 50
162 18
152 43
9 40
194 51
93 125
141 57
94 157
84 157
67 83
3 82
146 128
28 118
164 24
121 43
4 111
8 99
191 56
146 49
107 143
1 186
53 187
89 167
7 136
58 148
114 173
197 149
196 44
118 173
80 56
138 87
146 158
150 82
184 82
162 51
184 11
193 141
44 0
20 90
79 100
191 2
69 155
134 110
93 100
78 189
183 131
168 64
169 166
134 158
13 126
153 156
69 66
155 124
125 60
72 16
84 166
16 125
161 132
144 101
145 184
118 76
192 46
144 8
148 194
65 163
188 149
65 132
2 16
123 142
82 86
100 13
192 13
58 90
93 109
13 70
82 132
22 64
60 113
71 179
192 178
62 66
38 91
111 145
80 58
138 85
38 44
38 76
177 23
38 87
144 11
178 105
69 92
193 104
126 127
24 82
99 144
88 81
93 57
54 139
110 48
59 178
22 69
131 169
16 33
88 43
115 93
4 15
7 133
93 127
192 198
95 97
111 129
21 105
151 64
181 105
188 171
138 113
29 141
158 83
198 52
174 149
143 48
165 77
41 15
12 41
11 110
36 58
60 160
117 27
87 61
136 39
24 106
172 123
114 171
98 138
94 92
114 11
28 42
92 95
121 118
199 22
101 164
189 82
17 8
97 91
132 29
187 150
163 39
17 80
80 101
58 116
85 87
19 20
58 198
41 1
4 31
158 101
24 145
36 82
12 195
134 143
62 162
90 163
158 25
196 193
118 131
89 115
52 131
178 88
172 116
155 90
87 82
33 156
126 121
124 30
31 120
156 158
129 59
165 119
166 46
134 98
128 189
103 179
97 117
127 170
5 67
81 99
84 47
153 73
61 161
94 180
63 187
125 195
54 62
10 99
100 148
144 62
190 69
127 179
109 21
180 34
31 187
151 122
92 67
78 142
164 41
76 13
138 11
171 157
16 106
164 105
75 196
116 35
108 90
112 80
99 182
119 19
100 146
96 57
8 165
191 188
172 142
98 161
96 102
25 136
111 7
159 87
78 123
19 109
185 164
189 62
31 46
5 123
132 64
67 178
38 159
78 40
48 45
41 81
19 89
71 42
40 49
86 110
139 117
58 166
65 48
79 114
184 40
125 62
38 18
118 0
62 64
59 108
56 111
185 142
149 100
166 117
109 160
85 128
17 88
47 67
179 138
108 110
40 90
122 90
70 148
25 50
47 193
19 32
13 42
60 114
148 109
27 8
10 163
156 90
145 187
195 190
133 11
131 192
79 148
157 90
59 130
137 82
18 191
153 29
197 187
97 131
171 7
138 3
11 115
99 24
99 166
153 126
51 50
111 18
173 179
120 30
193 119
135 102
137 108
149 194
192 175
114 175
173 137
80 42
42 19
157 107
50 104
60 24
174 39
23 180
186 145
133 36
51 53
48 154
124 170
80 38
138 63
105 102
87 177
126 98
141 103
29 93
28 14
5 158
126 181
126 41
48 185
86 125
26 161
23 34
77 19
11 55
28 18
191 29
181 177
171 133
86 28
13 47
181 21
191 136
76 86
99 184
95 9
154 132
71 63
141 175
159 189
143 19
24 69
146 133
2 73
106 189
110 182
115 38
190 35
88 85
116 123
158 159
140 14
138 166
26 54
192 73
198 83
197 101
118 184
100 9
111 135
126 152
9 139
66 113
55 163
78 185
189 160
70 64
36 147
179 114
37 67
80 174
44 15
7 26
87 80
36 20
88 100
116 138
75 108
156 170
5 19
116 27
54 155
55 108
141 164
134 2
8 122
23 35
142 108
42 0
196 17
111 188
131 88
28 41
175 116
137 25
56 41
107 131
98 68
156 145
138 17
9 113
192 72
191 105
59 38
99 48
87 5
56 103
93 43
152 191
29 173
155 15
195 144
182 65
140 146
3 158
192 115
40 150
80 126
3 29
65 3
45 165
93 47
92 81
125 15
5 100
20 8
102 174
98 52
28 70
163 47
15 36
183 33
91 174
63 58
47 117
49 126
43 37
18 151
58 106
104 36
44 163
6 30
156 18
180 187
134 194
136 86
63 81
23 131
165 93
166 183
57 51
103 10
110 95
3 60
61 137
182 117
16 79
129 53
18 145
136 154
46 174
25 123
139 140
12 76
166 65
196 126
168 49
29 166
25 169
161 20
141 165
26 24
57 159
129 29
167 107
110 165
33 62
183 168
83 132
181 63
14 134
176 97
43 132
78 24
28 146
103 173
124 162
46 102
9 67
129 9
93 146
177 103
157 16
39 52
136 99
155 106
129 44
134 120
105 70
153 169
157 115
56 36
181 121
192 119
138 1
129 57
182 64
150 96
124 9
69 132
158 162
152 120
158 107
76 94
159 127
9 3
69 64
164 151
175 29
1 196
189 87
164 53
41 22
158 38
16 117
160 138
112 111
167 101
51 16
169 160
120 127
58 97
79 189
120 43
108 38
55 69
156 114
127 148
121 180
99 150
176 160
183 150
68 177
93 112
33 13
163 79
157 57
136 162
142 114
199 170
77 96
198 15
81 183
49 188
133 13
90 113
70 0
107 51
100 197
135 71
151 172
133 119
109 40
95 7
9 142
74 18
147 13
17 81
40 128
52 58
165 43
178 31
161 4
143 28
65 80
162 69
71 167
99 194
38 5
112 30
186 75
155 71
106 196
106 46
19 100
83 140
93 199
154 96
176 107
46 196
192 146
132 113
191 74
125 51
99 123
191 60
189 50
69 104
96 192
83 8
132 186
136 36
108 117
24 0
92 132
103 0
148 72
55 26
186 14
195 116
88 26
83 138
155 125
32 194
151 145
176 101
164 96
178 165
126 92
5 166
102 125
38 68
97 145
61 6
139 115
