200 9300
151 157
71 199
7 69
145 10
164 51
163 12
23 169
188 68
33 82
71 93
182 170
3 27
27 95
113 187
2 40
44 145
40 130
121 89
8 131
150 195
109 79
12 113
31 4
78 82
194 29
125 23
60 43
180 101
159 58
52 86
82 156
186 64
83 20
99 23
20 99
134 172
30 92
118 149
159 103
163 172
111 53
174 106
132 43
160 82
85 9
140 110
121 47
190 29
50 93
159 69
152 40
147 84
58 133
47 8
193 43
150 30
56 176
80 58
8 1
147 19
56 152
65 187
30 43
178 190
186 26
24 76
21 153
152 92
181 19
134 23
17 94
192 197
194 43
66 92
118 84
112 1
41 5
194 33
108 172
197 196
165 139
33 3
159 182
163 20
94 110
88 104
162 135
34 181
78 162
184 101
37 97
72 83
0 66
136 40
71 8
97 147
98 59
43 91
162 59
141 87
61 60
45 108
192 173
62 172
115 5
156 152
59 109
192 69
199 17
0 8
197 74
65 170
104 4
38 152
188 147
8 59
93 100
47 46
121 198
121 22
0 173
28 151
147 139
36 26
164 119
105 161
24 133
151 183
53 135
139 138
92 28
107 68
67 139
168 62
74 5
88 102
100 123
73 76
157 167
49 156
146 118
151 169
60 102
103 47
156 126
112 186
77 84
32 122
21 4
53 121
15 24
32 157
165 199
95 137
141 133
52 11
175 39
187 68
43 148
26 114
137 5
195 25
27 54
38 176
37 48
14 1
121 91
126 131
82 72
15 132
72 57
165 144
140 99
126 54
137 177
73 154
87 184
72 16
138 55
20 69
104 15
143 7
5 69
107 6
24 19
156 127
154 162
157 104
17 120
138 14
141 105
74 37
195 64
173 199
26 129
112 15
75 115
156 190
70 148
24 16
54 79
58 24
6 123
64 181
43 177
117 83
75 17
68 160
136 82
182 141
131 21
175 11
191 182
97 125
75 20
108 31
99 40
68 120
32 3
111 33
54 53
124 64
105 199
1 18
26 67
129 38
35 142
166 58
196 72
87 27
101 127
185 87
129 10
40 102
140 117
103 177
197 110
124 198
134 95
29 160
29 59
132 153
7 186
165 118
94 143
18 53
102 123
112 140
26 190
99 142
57 194
25 74
188 169
169 86
121 59
85 177
142 122
90 169
123 97
59 1
0 54
44 63
124 163
78 5
145 129
184 133
15 37
177 21
36 191
120 110
190 183
124 75
122 168
13 75
49 191
186 127
136 73
34 118
184 67
107 108
5 101
181 137
54 97
6 58
49 163
73 114
94 137
83 113
67 176
62 188
193 134
90 166
98 80
79 73
93 126
15 181
62 94
166 154
56 27
93 90
153 176
67 43
17 187
54 168
135 33
133 138
71 135
89 164
77 168
11 178
118 113
171 11
147 95
86 22
4 3
116 23
118 12
44 54
41 98
104 140
79 135
98 34
132 2
146 13
112 45
93 82
67 23
10 157
50 182
53 190
5 12
58 137
180 8
82 164
155 88
75 106
63 67
70 104
30 26
103 20
1 7
175 14
36 195
169 130
7 51
45 175
159 162
73 84
161 155
155 47
117 47
106 195
67 167
161 65
66 82
8 156
155 167
54 161
56 93
159 32
117 90
167 136
158 122
20 80
70 91
65 114
77 85
25 2
106 73
158 150
164 149
115 20
20 170
33 31
157 178
165 62
171 48
70 102
41 84
70 149
188 72
127 138
97 107
78 53
5 197
37 50
141 82
144 119
51 90
62 153
185 148
145 23
120 34
66 91
111 171
13 14
142 6
0 10
71 162
164 129
161 198
87 146
118 122
194 66
57 2
44 176
171 75
175 82
158 85
43 100
71 79
172 123
13 11
146 17
44 140
33 18
165 65
2 128
10 133
129 176
74 114
140 88
95 46
28 9
189 66
54 155
24 0
53 27
142 13
119 112
32 31
142 185
100 105
86 111
83 39
117 85
33 39
148 109
87 138
191 24
124 89
114 53
106 122
145 148
172 61
55 0
67 0
189 29
139 112
48 148
70 3
82 73
89 132
35 175
66 95
100 115
197 75
11 144
39 194
32 199
18 108
185 154
196 20
67 18
97 104
9 170
54 146
176 199
29 144
9 99
156 54
172 194
143 12
178 179
73 70
78 139
12 194
105 65
12 153
66 94
193 128
149 8
83 7
141 37
17 67
48 147
105 76
163 87
184 160
189 163
62 92
118 62
108 36
157 192
143 88
138 28
180 1
154 85
55 156
74 157
115 97
0 83
104 8
155 186
63 115
97 20
54 86
21 140
147 9
3 122
109 39
60 121
95 31
59 161
125 16
178 82
138 82
136 138
152 131
143 195
51 29
181 54
195 111
101 188
160 112
31 182
63 197
47 62
49 184
107 113
76 153
71 53
129 81
116 55
29 33
116 63
83 111
153 75
134 40
186 25
74 15
35 74
69 148
154 147
52 28
43 103
93 132
31 83
40 127
169 69
28 11
104 76
103 139
158 154
53 166
139 109
107 86
108 72
91 17
92 158
155 64
77 92
74 47
129 140
192 1
125 122
86 132
61 6
28 32
196 95
30 90
72 75
36 17
49 63
76 9
168 136
17 172
86 30
120 189
164 137
174 175
192 150
57 180
95 23
55 177
9 66
48 135
118 119
46 198
9 2
16 48
110 124
147 57
15 111
90 57
70 101
13 164
45 54
188 128
90 113
100 26
79 149
81 18
45 86
171 13
145 106
50 154
103 164
187 146
173 11
142 146
103 95
158 26
96 47
63 62
98 83
29 19
104 101
190 22
55 96
89 23
29 172
124 85
83 144
170 92
173 70
147 25
15 88
84 51
67 178
118 40
141 150
176 81
23 49
3 125
189 118
5 49
59 193
161 28
163 52
145 142
53 32
109 113
94 196
114 192
82 57
25 77
83 30
193 117
84 104
112 56
97 22
43 77
40 84
48 126
119 58
199 64
25 18
188 52
199 134
126 192
7 89
101 82
66 52
168 126
60 117
13 163
34 26
5 130
36 181
119 154
184 74
59 89
189 187
121 75
192 141
42 64
138 71
95 164
82 55
171 26
85 44
24 11
153 4
103 147
161 118
163 35
4 187
19 120
41 141
129 178
89 117
133 148
173 103
145 189
7 17
54 129
35 11
64 32
139 43
75 39
93 25
144 105
183 106
170 179
30 99
150 92
86 12
15 39
1 46
63 141
175 38
157 102
186 157
50 34
136 30
58 148
24 63
45 88
154 109
189 196
102 142
199 118
195 167
171 117
102 76
161 99
139 81
110 79
166 148
184 88
153 143
3 121
140 180
186 34
51 16
3 65
83 126
19 173
88 61
53 165
152 194
148 67
91 24
153 155
95 168
94 111
68 73
139 167
146 78
123 121
18 70
51 43
173 73
155 69
22 90
41 28
60 91
178 101
177 176
156 14
148 31
133 144
91 190
139 18
154 153
94 43
177 166
82 192
98 147
166 195
10 81
104 20
55 120
161 106
192 20
37 27
185 112
12 165
160 22
118 89
183 51
133 195
9 171
111 105
64 92
63 127
109 82
86 0
78 4
163 76
61 168
152 77
82 2
10 141
87 168
176 172
130 89
85 184
165 102
109 38
21 83
43 55
103 59
181 12
46 26
108 11
151 184
81 99
173 45
78 1
29 197
187 26
107 76
5 79
34 35
4 176
134 35
185 4
62 152
97 14
84 123
30 129
34 88
29 114
108 137
112 146
179 180
163 58
143 176
189 73
29 4
122 13
49 34
190 83
55 26
144 146
155 86
18 41
122 30
87 125
17 15
20 74
2 95
37 45
138 0
117 118
81 103
151 196
5 169
151 50
167 89
120 103
67 45
52 152
16 109
17 58
22 170
37 124
71 114
9 190
61 72
51 60
97 108
134 123
98 1
161 71
82 86
88 30
66 48
89 138
42 105
102 16
9 136
179 116
18 154
195 56
168 163
51 111
105 79
122 62
174 133
3 68
150 108
168 142
162 41
47 54
6 28
183 4
157 111
27 159
128 57
164 16
93 20
122 91
137 122
160 87
192 184
58 73
154 105
144 92
197 161
67 165
61 71
61 156
75 164
188 184
153 178
80 95
199 186
52 164
71 105
193 72
119 20
41 92
110 190
131 112
94 132
88 47
9 54
15 72
90 21
174 6
5 85
160 76
101 7
171 40
143 13
161 33
54 189
145 47
40 184
58 35
66 74
48 7
73 172
173 141
37 90
91 81
185 147
174 138
162 195
21 15
33 86
7 198
92 167
16 89
161 157
73 29
119 101
160 3
137 119
68 86
159 116
194 65
86 17
108 19
74 6
160 75
160 156
56 194
104 99
137 146
19 60
165 9
36 57
63 186
175 94
62 50
140 29
134 168
62 143
131 137
59 42
55 183
145 18
130 152
186 122
188 80
55 189
126 139
167 20
127 93
199 89
150 97
70 178
108 167
77 147
62 40
14 81
24 25
59 35
95 90
70 97
144 172
138 39
194 58
59 122
63 30
195 72
164 130
182 121
47 125
35 172
18 6
151 99
5 140
108 74
194 154
73 64
93 51
148 141
11 155
106 36
27 79
168 53
147 116
125 168
11 152
187 90
60 135
180 48
70 109
104 103
166 96
143 85
188 96
101 117
152 179
152 58
139 44
177 1
45 91
184 53
112 166
124 125
18 183
164 186
111 59
35 143
3 8
62 69
145 91
145 117
91 191
134 30
64 25
121 142
67 34
34 199
75 189
199 66
96 169
83 119
37 136
20 184
51 73
1 179
35 198
81 137
142 116
10 88
27 55
69 55
173 95
147 2
107 134
68 168
58 70
36 116
119 51
74 141
5 161
67 133
96 75
84 7
157 8
165 108
46 35
52 22
181 122
117 178
191 52
199 126
25 170
18 63
134 155
6 13
195 149
151 129
80 50
99 172
69 176
160 57
53 69
193 136
164 144
90 147
193 7
168 3
45 117
105 97
112 99
44 175
25 173
164 192
4 132
10 71
92 59
44 64
43 182
190 195
125 147
145 40
46 78
142 91
55 108
191 70
90 81
159 154
55 54
54 2
141 138
96 183
8 151
119 87
155 50
125 6
44 135
124 101
124 136
126 198
5 73
187 14
158 27
98 189
15 55
100 184
99 39
138 100
83 148
190 167
72 131
170 104
62 194
184 187
155 87
37 187
141 49
97 49
17 54
78 180
65 0
199 8
121 191
91 53
118 158
135 51
72 91
34 119
28 133
66 106
120 64
125 30
19 1
45 134
75 187
131 136
110 145
187 76
150 91
7 168
191 2
21 127
36 4
154 56
37 147
46 103
190 96
18 142
5 91
145 0
118 196
195 164
102 181
16 75
61 51
93 105
52 116
127 189
149 83
146 111
158 109
154 42
76 154
130 35
151 0
25 167
198 145
73 175
170 147
153 120
36 120
104 124
75 134
171 72
163 191
106 18
160 172
13 83
111 31
28 1
79 47
60 166
148 198
189 68
175 127
154 197
87 188
83 134
54 95
60 137
0 62
14 109
18 42
89 64
156 130
2 159
184 11
129 95
69 195
169 59
38 188
172 148
82 125
43 70
165 50
90 56
196 111
101 11
100 165
175 115
24 119
164 198
182 180
41 58
8 112
36 156
105 164
151 42
117 182
53 179
14 185
18 150
122 102
55 80
199 23
127 25
141 73
144 20
136 49
153 71
166 19
175 99
74 199
177 33
68 72
74 62
30 38
175 155
197 15
104 175
106 117
93 154
189 161
101 95
33 131
109 191
169 109
144 138
54 15
138 32
144 143
67 152
170 158
90 78
199 84
66 8
38 5
148 38
96 104
151 156
26 18
38 165
87 56
180 41
130 47
134 15
194 121
4 30
79 177
41 123
91 28
61 197
47 73
141 195
187 125
82 180
192 198
69 56
8 28
114 10
137 16
195 176
31 181
114 0
104 26
20 1
21 182
98 184
72 140
175 89
187 123
63 195
196 140
165 10
168 46
19 189
195 178
102 182
199 177
154 45
51 62
109 183
43 52
151 19
186 135
139 35
187 114
18 135
110 25
5 63
193 120
56 149
36 32
71 41
69 178
15 2
37 7
34 94
23 170
40 80
130 172
47 55
143 106
79 133
90 20
115 157
44 187
46 128
101 68
106 139
176 75
170 79
104 81
2 13
174 7
1 115
101 190
190 5
194 125
63 75
144 100
156 57
110 151
70 93
41 176
18 118
172 95
137 68
38 135
21 66
148 17
139 171
67 154
48 113
100 8
86 50
124 6
104 22
26 135
68 145
163 94
147 197
194 134
182 35
141 137
40 121
40 89
118 166
56 119
127 145
96 72
36 103
29 82
161 111
63 182
60 193
134 167
111 36
72 44
62 36
75 87
17 37
170 194
170 13
127 26
8 103
132 108
111 87
78 89
31 82
67 121
63 107
123 130
14 89
85 16
116 129
46 68
34 176
173 107
25 131
23 167
50 179
68 6
133 152
99 186
191 149
36 5
112 199
75 7
90 11
77 181
66 148
90 115
6 177
195 119
29 169
193 165
6 183
199 76
2 196
20 124
182 114
131 51
150 178
135 87
125 173
35 131
23 132
197 170
164 141
93 59
159 77
103 123
49 118
5 176
73 190
177 106
120 106
110 116
59 15
172 80
122 171
133 8
68 161
3 158
152 51
85 102
140 73
93 42
29 18
120 10
108 148
189 53
157 57
68 197
181 167
85 187
11 29
49 79
14 173
87 124
47 7
81 101
26 93
177 35
33 112
145 88
163 144
5 149
58 78
33 187
43 111
127 10
169 154
187 100
23 68
198 27
66 20
159 164
133 14
140 32
120 8
168 194
89 111
137 175
102 195
35 146
111 135
175 75
101 151
37 154
115 82
133 116
104 158
175 96
6 196
3 41
7 161
181 39
117 51
105 159
153 39
94 33
61 95
13 32
42 14
97 131
127 17
119 37
30 52
13 61
11 121
0 121
65 30
199 131
19 20
6 184
2 142
103 175
107 177
64 20
101 1
103 117
33 90
119 92
76 146
74 56
89 71
184 36
165 197
23 171
195 94
197 144
187 181
101 12
155 92
121 173
58 74
171 197
13 69
191 155
14 169
171 66
60 3
116 122
134 136
7 137
90 7
105 16
121 26
194 94
32 76
76 143
5 191
169 136
35 83
33 180
186 105
162 10
111 153
101 87
46 101
148 139
60 181
153 29
95 41
98 176
54 23
173 46
170 108
155 71
7 126
84 19
96 157
68 158
84 62
96 74
155 176
100 161
11 57
47 32
53 77
32 96
82 169
174 134
156 157
55 153
88 14
172 51
53 63
81 148
126 86
16 133
143 57
112 141
151 163
163 37
95 110
4 41
11 16
10 177
86 27
41 164
34 116
12 88
23 93
191 99
53 22
177 12
98 85
193 199
13 78
80 153
100 173
16 112
118 139
177 109
121 134
77 74
133 108
89 69
132 110
128 64
109 181
198 98
81 61
22 186
85 92
3 92
127 18
45 193
58 59
119 102
58 173
15 97
73 74
150 180
75 26
45 164
58 108
131 190
46 182
97 93
87 181
20 128
142 115
61 110
16 119
47 184
97 23
178 30
186 171
144 19
40 60
112 17
49 178
144 109
35 178
84 9
117 71
115 19
53 20
146 3
126 116
174 104
181 76
198 32
113 67
90 70
79 40
36 149
9 160
178 55
92 184
168 32
52 54
188 171
55 59
71 36
33 77
171 103
137 33
24 181
84 176
135 190
81 108
118 112
122 44
52 18
184 112
30 177
183 101
59 127
54 130
164 135
168 21
101 197
130 82
17 179
68 97
152 191
178 90
101 110
2 28
179 73
6 146
176 48
104 163
59 114
52 195
98 0
96 140
56 47
35 95
167 41
191 195
119 129
5 44
52 88
151 9
146 140
47 106
28 109
186 8
191 142
61 118
44 36
197 113
3 140
45 57
95 157
139 23
58 60
86 59
2 38
155 56
99 16
174 131
117 144
153 102
29 180
101 84
0 37
57 7
107 170
31 147
10 85
105 92
189 107
101 156
45 145
43 181
36 18
44 179
134 18
128 43
49 186
188 195
53 181
48 41
99 87
1 41
126 119
172 121
46 70
104 80
8 121
15 9
162 20
120 186
68 177
138 105
99 148
164 124
139 145
98 23
12 178
183 62
59 182
121 48
156 32
197 152
144 68
106 62
150 111
95 44
67 142
177 64
183 130
54 32
170 69
144 1
4 82
40 77
123 11
179 49
75 86
33 15
104 55
128 126
5 181
96 191
49 78
133 192
95 57
55 179
62 52
70 174
183 139
182 42
44 158
65 122
124 167
66 53
74 18
78 196
77 66
36 55
79 88
195 184
105 75
4 106
161 37
132 194
181 131
135 154
23 156
23 25
9 61
121 166
61 151
58 51
70 125
104 179
75 137
25 97
108 116
20 195
32 21
100 97
71 69
78 110
64 63
128 166
193 108
80 74
114 113
104 159
36 171
62 134
138 190
117 74
183 59
4 6
65 43
86 172
96 179
179 76
8 168
104 67
143 0
136 116
10 9
54 170
46 170
22 23
12 76
88 134
124 60
133 57
29 80
154 196
25 53
160 194
9 95
78 170
144 176
113 78
129 127
192 12
95 51
186 111
60 182
185 75
43 199
161 168
113 76
17 121
76 5
162 23
59 119
178 34
1 178
17 1
121 57
136 22
60 187
135 199
90 92
186 177
95 120
11 112
56 16
78 176
118 177
179 188
99 76
141 62
8 134
74 130
101 157
96 159
98 44
52 168
159 155
162 73
110 184
2 18
26 84
117 187
40 138
48 138
141 147
59 101
78 2
181 177
73 61
110 68
150 138
153 48
149 126
148 82
194 88
136 190
149 19
175 9
105 86
36 147
167 95
147 58
28 51
20 125
7 41
30 193
118 11
186 170
194 21
156 9
182 167
48 127
157 176
51 176
84 93
93 89
39 96
123 3
14 193
140 12
77 183
165 15
1 90
160 144
101 139
190 43
154 142
60 169
58 107
145 66
105 99
167 100
95 86
8 65
77 52
90 196
0 176
193 5
154 171
16 90
84 195
179 86
182 15
81 118
7 175
169 47
115 160
83 164
25 87
177 65
18 160
63 11
191 47
126 67
12 197
72 187
2 19
45 179
87 1
128 157
165 42
169 178
96 27
176 59
88 138
32 17
83 68
142 3
144 70
33 76
50 64
150 23
10 142
141 89
49 105
116 78
9 118
166 158
183 149
156 185
61 185
99 189
136 197
133 125
132 170
16 148
28 112
155 133
189 14
21 147
42 57
60 126
189 43
66 187
53 169
153 147
26 88
70 39
60 145
177 123
74 53
110 102
66 68
100 132
65 85
133 21
136 157
130 153
90 160
176 123
35 43
197 116
56 45
102 34
57 16
108 20
61 100
178 27
65 53
170 184
91 195
182 85
26 19
167 69
112 6
16 86
119 25
176 125
48 104
128 111
80 108
134 50
59 7
171 173
125 193
97 120
88 123
143 160
24 185
31 49
89 26
198 17
17 92
118 167
134 87
0 163
194 71
79 90
29 199
89 58
65 38
72 117
117 141
115 58
19 50
75 5
71 128
123 50
194 53
87 42
52 148
23 83
38 42
116 188
173 149
69 22
103 28
57 56
32 50
106 97
36 80
197 51
50 131
52 144
152 115
118 71
95 154
68 124
74 1
75 29
0 31
105 185
164 167
135 126
198 63
155 199
156 164
58 156
12 44
35 87
155 182
36 178
63 105
166 190
146 108
20 141
114 78
196 119
72 128
15 184
182 185
11 199
52 137
85 64
62 59
80 48
8 106
153 105
58 139
58 1
18 57
71 169
109 196
114 28
46 139
60 190
53 107
131 93
138 106
3 109
32 72
120 149
49 125
28 85
73 91
65 41
79 179
120 58
140 192
13 118
134 150
58 150
170 126
128 54
107 12
145 34
41 178
78 39
36 100
189 116
111 40
151 94
79 150
96 111
98 29
191 23
28 74
114 118
73 94
148 111
73 44
12 168
162 127
55 49
27 73
173 130
174 162
105 182
26 102
12 130
17 193
173 152
41 6
40 119
21 191
3 189
112 117
56 177
51 154
22 30
46 121
44 23
132 3
96 161
95 152
41 154
179 114
13 77
117 137
168 45
16 123
52 48
124 106
112 159
21 122
25 194
120 197
102 113
54 24
53 180
31 136
83 67
29 148
95 125
166 147
100 139
106 89
49 2
90 66
88 107
82 79
173 114
194 183
106 70
198 150
158 34
130 3
23 161
28 152
180 165
142 72
97 158
123 80
2 148
38 154
132 164
104 69
76 11
25 36
95 30
114 163
105 109
184 80
32 195
145 193
81 189
174 67
71 189
55 41
105 148
42 39
117 42
134 34
160 131
140 139
76 182
43 197
186 132
107 155
136 126
76 126
109 78
85 75
137 182
56 127
25 156
108 40
155 5
44 28
21 17
115 93
175 178
102 103
8 2
105 81
24 57
52 17
198 173
166 62
113 41
91 46
10 143
43 106
113 70
122 195
152 83
192 14
95 124
64 148
88 159
124 14
78 145
140 188
56 3
179 67
75 93
33 87
160 130
191 186
188 167
93 117
128 89
53 51
118 28
177 119
118 133
137 19
122 19
83 95
141 183
37 89
130 159
143 100
36 76
174 32
89 193
15 125
20 34
134 42
164 143
197 18
152 73
92 148
108 12
114 82
109 171
184 32
95 59
167 36
97 19
13 8
118 186
172 165
170 6
124 13
14 43
83 10
103 29
41 37
128 165
133 102
110 130
59 110
90 123
172 66
121 144
171 167
51 199
199 20
77 117
33 151
96 146
167 185
98 102
57 185
92 68
69 57
33 6
146 51
123 42
35 84
181 113
93 41
172 119
78 129
40 25
99 22
88 37
4 83
101 115
45 130
87 67
181 164
154 125
40 65
110 50
46 58
14 130
121 133
48 107
97 48
77 42
172 161
181 68
102 156
87 14
61 84
155 106
196 159
197 150
165 30
142 180
118 105
180 32
170 64
62 151
116 54
84 31
39 86
77 104
33 157
136 52
131 130
114 79
85 20
184 189
36 165
110 41
128 90
81 106
67 175
97 40
128 28
134 99
148 94
27 77
41 137
91 80
84 136
72 192
61 160
49 53
193 76
189 182
118 134
20 56
98 66
87 7
132 40
83 197
87 102
54 96
100 29
53 12
52 82
1 136
161 0
13 0
117 163
155 177
183 155
32 74
15 0
70 6
100 179
6 3
126 82
9 188
31 102
172 7
128 147
79 67
29 173
135 23
133 197
157 79
185 104
14 80
63 25
93 19
121 138
8 54
141 6
191 12
87 76
107 38
197 92
26 140
103 195
66 149
139 197
102 56
5 157
156 46
124 128
116 99
5 34
128 87
114 111
145 62
11 47
137 101
84 0
119 199
95 55
110 108
125 18
186 108
83 70
110 88
184 4
158 16
47 192
193 6
187 193
9 31
85 156
28 18
127 146
176 49
42 68
165 23
67 28
51 127
133 33
117 78
12 20
153 28
76 145
171 62
93 87
145 138
28 3
68 103
141 153
60 103
176 17
111 181
41 189
169 52
22 68
5 84
14 158
114 126
43 33
111 149
73 52
81 156
71 121
198 92
46 28
55 175
162 169
100 56
73 2
168 190
159 80
170 152
126 46
69 164
126 194
130 23
134 103
40 34
124 16
131 96
48 3
196 112
3 162
43 54
39 173
23 80
170 146
0 150
67 40
37 64
90 50
121 160
176 127
78 192
185 67
2 22
140 25
138 116
165 68
68 75
54 174
97 53
199 97
24 51
134 60
94 144
51 37
36 46
175 190
55 141
10 42
152 81
123 199
58 161
55 123
128 81
9 98
4 145
185 181
108 139
70 33
102 89
82 30
74 158
190 198
28 34
143 150
128 164
135 163
174 155
143 145
184 102
17 33
102 138
98 99
75 146
198 85
50 184
156 67
24 22
189 91
172 167
198 86
138 3
161 179
86 112
49 21
143 102
144 8
40 143
117 186
131 66
33 8
23 55
44 102
135 93
44 55
158 168
82 108
121 120
28 70
83 107
7 21
182 194
29 156
179 37
137 174
63 155
186 93
70 77
16 32
147 86
191 145
18 40
4 9
65 44
64 107
87 78
168 113
35 164
9 58
25 4
96 67
21 174
28 106
194 0
74 90
107 194
43 168
110 122
34 173
106 10
119 159
166 107
28 155
138 183
175 171
156 167
23 147
103 199
38 151
1 175
89 103
93 143
91 97
156 51
86 61
106 130
152 27
5 14
53 199
1 81
198 44
127 24
162 194
38 73
18 177
54 179
60 6
133 146
73 187
28 62
11 137
24 129
168 37
120 129
17 151
39 152
165 2
33 32
166 168
129 175
149 9
168 160
57 103
153 94
177 197
91 184
16 151
165 171
162 2
83 185
173 32
108 35
116 14
66 80
5 46
47 141
171 125
182 27
67 81
175 34
179 56
156 197
50 126
152 20
98 122
65 67
79 63
22 167
68 155
15 119
132 38
121 6
197 199
134 22
109 147
91 38
179 6
61 98
73 105
50 145
50 136
23 117
107 127
125 36
15 102
40 166
152 86
67 125
70 126
111 108
123 148
87 149
178 65
76 3
121 30
150 155
92 80
130 62
132 136
128 79
11 143
143 24
111 154
193 124
32 172
71 157
170 140
89 47
41 64
2 71
56 109
130 30
88 99
92 108
105 82
48 56
139 188
80 11
186 96
75 177
39 135
120 80
77 177
9 49
164 161
124 34
198 118
193 192
192 119
9 185
41 70
92 125
101 189
29 27
89 129
122 152
100 84
129 57
69 84
139 149
100 42
50 59
77 5
63 59
100 146
91 4
71 129
77 46
182 61
125 198
179 131
188 8
91 10
188 102
5 162
197 52
140 119
86 196
199 100
139 94
62 185
86 160
30 66
188 132
37 143
84 109
16 162
47 165
136 198
117 94
145 164
21 110
67 183
108 21
1 92
107 13
122 86
120 117
156 134
30 28
78 71
19 88
192 10
170 105
150 153
10 128
41 175
178 196
76 10
104 60
7 70
167 142
178 22
134 21
72 190
103 184
190 129
148 162
5 120
157 141
179 122
39 192
97 4
81 66
92 132
41 42
38 120
26 94
41 38
12 135
140 49
198 112
103 193
12 139
162 143
96 28
39 36
90 195
108 196
145 151
123 183
181 8
13 158
4 22
75 19
102 145
51 116
40 75
18 100
135 139
137 26
68 36
161 156
25 121
148 19
99 18
175 25
173 145
35 121
101 147
101 28
61 42
8 55
198 99
184 0
59 31
192 96
81 19
192 42
6 153
32 97
103 169
35 77
159 128
175 65
136 42
94 36
178 119
77 17
55 25
93 30
163 182
33 166
193 178
31 87
107 43
61 162
170 193
126 95
81 182
194 48
26 124
58 127
84 34
13 111
119 132
105 88
162 66
157 89
173 65
129 123
147 46
60 144
57 113
86 109
188 49
9 88
88 170
73 3
85 33
180 76
167 151
64 34
104 21
147 29
104 172
83 156
26 174
31 81
35 125
80 41
120 174
190 194
32 109
145 42
34 8
103 98
41 78
70 94
51 108
4 46
69 123
60 194
139 19
142 24
197 117
93 38
38 174
120 13
119 174
132 21
82 149
107 90
4 101
55 160
41 33
37 183
65 69
74 103
172 190
154 8
114 104
168 29
32 160
35 181
134 178
52 165
13 91
115 42
53 172
125 119
79 62
38 10
148 169
165 59
198 163
45 188
136 26
171 46
112 80
160 62
83 115
147 127
21 77
176 166
41 51
25 129
57 62
97 143
120 20
119 98
95 6
76 77
121 139
117 62
169 46
32 70
156 195
44 50
133 38
5 112
64 39
93 44
131 98
0 9
43 3
93 156
113 185
95 140
73 124
161 66
62 162
139 36
21 87
127 82
56 123
159 86
193 132
104 32
174 166
103 56
28 79
185 108
83 81
29 16
12 131
28 179
154 66
67 181
98 108
81 179
129 42
148 118
5 15
129 4
10 113
109 123
192 118
52 75
18 84
29 77
131 127
46 98
68 34
136 195
192 56
2 166
82 152
143 44
40 16
181 99
93 129
199 164
131 132
167 133
87 30
107 114
141 119
88 179
15 80
17 79
190 127
33 156
64 54
132 19
67 95
111 35
166 21
143 26
157 18
104 18
123 197
61 15
110 36
31 130
136 176
19 152
75 184
143 139
129 107
121 42
178 56
141 15
127 81
64 144
198 187
168 146
129 36
34 46
34 129
100 55
130 8
134 31
101 186
109 119
106 193
182 48
139 77
51 166
22 123
58 172
78 15
65 42
115 188
0 129
105 36
127 177
62 193
100 154
124 191
0 43
130 140
48 140
176 28
191 6
40 103
84 76
144 16
178 198
191 199
186 75
108 157
120 0
188 94
6 26
85 194
66 51
8 153
33 193
9 42
12 22
71 197
1 75
112 94
41 197
73 137
156 115
80 13
174 88
177 32
120 87
30 189
172 154
26 159
189 93
15 20
8 72
10 121
57 38
154 138
199 167
84 184
74 57
144 136
28 64
93 81
193 22
158 152
108 87
154 34
145 43
190 79
113 198
97 192
65 133
117 69
56 104
189 166
130 4
170 75
131 175
151 71
9 143
123 140
182 82
131 110
145 82
69 158
59 134
143 104
173 129
191 172
117 54
42 156
167 72
141 152
118 157
137 156
27 58
29 129
160 33
179 98
166 115
100 197
152 21
103 76
115 171
169 32
158 75
156 168
184 117
35 170
189 65
23 45
11 165
48 58
109 27
148 175
42 88
48 154
185 118
4 121
132 99
51 77
191 28
84 154
64 184
112 27
90 119
116 160
100 195
142 38
124 97
180 159
78 181
116 26
176 76
74 125
102 97
182 86
5 83
93 43
118 68
158 62
7 127
165 43
60 84
32 87
195 154
146 179
177 113
63 55
107 66
96 37
122 57
171 128
32 7
2 84
16 136
125 113
154 14
12 13
20 11
75 191
182 198
185 111
100 135
91 160
153 20
81 95
179 75
31 126
18 117
11 114
103 7
29 14
67 123
13 64
83 132
156 41
14 155
145 140
159 36
50 42
147 81
50 87
169 56
10 55
158 46
191 72
181 182
134 137
11 169
90 62
120 176
147 135
150 34
118 116
161 185
188 125
50 190
93 77
198 47
102 42
88 69
68 16
38 197
198 143
35 133
186 13
69 90
188 149
68 138
103 33
189 92
119 75
198 21
141 121
60 64
16 53
40 8
30 49
28 110
17 23
146 141
172 27
108 180
5 19
61 181
103 181
192 7
76 148
15 178
117 63
11 12
180 98
119 107
7 149
61 104
143 83
195 77
53 102
183 11
152 123
144 81
73 110
83 159
21 67
114 4
112 88
60 80
178 64
134 36
179 169
159 42
164 79
80 170
80 18
26 41
79 37
74 176
95 53
164 54
65 124
96 60
75 128
183 24
157 73
67 5
91 104
166 199
57 5
131 193
80 35
35 99
175 136
57 43
193 20
189 175
19 138
56 111
80 73
114 108
166 54
44 131
23 81
6 99
124 184
135 138
149 39
73 33
3 25
32 154
26 82
52 145
46 174
145 64
149 44
104 168
174 171
54 50
135 195
112 193
180 153
153 127
20 4
95 60
98 92
71 147
37 33
199 39
45 136
54 4
53 132
45 92
122 23
91 151
155 94
122 84
7 164
164 26
142 117
153 31
97 122
80 62
73 191
98 3
23 46
68 95
53 131
34 96
184 179
66 195
119 198
2 177
85 96
179 23
47 94
118 154
9 19
141 13
17 185
35 14
150 46
188 145
103 52
11 83
27 116
37 62
97 43
23 137
115 169
25 68
195 86
142 187
95 182
67 157
41 172
10 7
84 117
179 168
106 99
27 179
16 38
138 50
194 197
6 139
147 133
167 14
7 79
186 142
118 197
137 57
112 129
135 76
50 65
43 74
131 2
51 189
160 13
108 124
193 107
98 143
120 77
55 91
134 19
16 143
62 146
2 109
112 55
115 159
173 140
127 57
126 181
167 37
33 72
126 25
18 43
20 174
103 127
159 28
111 176
36 50
132 126
145 87
75 69
108 28
45 192
161 50
42 116
44 7
186 69
3 83
121 131
153 179
149 46
41 10
134 170
151 68
158 9
147 74
70 95
157 82
193 96
119 2
65 102
146 113
70 12
29 124
138 147
105 101
43 151
167 66
160 174
134 109
34 106
179 5
159 150
182 40
183 7
7 195
75 58
113 89
122 182
59 129
70 36
148 181
15 129
192 144
71 77
190 41
199 25
30 190
108 142
64 157
167 145
167 75
116 164
37 116
63 41
139 37
191 192
107 46
170 191
125 148
52 102
95 150
5 40
128 51
142 33
30 112
62 35
117 129
37 186
33 46
145 131
64 47
153 166
71 102
19 196
159 107
42 99
12 96
12 175
140 176
141 142
55 155
98 139
86 115
37 174
77 109
54 56
148 44
161 192
88 35
125 100
58 39
151 11
74 144
176 142
191 183
39 44
136 128
137 22
148 137
65 19
53 68
48 14
199 4
62 1
61 66
182 23
130 38
91 123
83 22
177 78
119 18
105 197
1 65
145 22
24 162
10 196
0 134
132 139
46 56
164 182
110 60
84 132
102 58
147 108
75 159
147 82
175 36
122 33
138 115
85 38
45 165
103 96
52 100
197 122
71 56
76 162
0 85
13 123
194 153
168 120
54 108
161 43
145 79
20 17
34 23
31 57
29 109
23 154
102 48
61 24
121 86
144 7
161 2
68 104
173 78
80 39
101 16
48 45
184 19
136 85
68 136
106 176
7 129
141 66
181 46
44 35
110 14
68 61
30 6
132 34
46 89
149 162
171 120
105 51
39 107
69 31
28 116
154 190
74 170
152 3
169 142
140 7
50 162
57 30
88 60
29 38
121 154
114 69
104 134
188 138
169 194
11 27
41 83
35 37
122 53
1 186
79 91
100 68
183 97
3 91
111 116
195 51
16 190
135 5
124 90
20 116
194 72
71 87
112 113
94 67
26 71
144 38
105 19
105 163
115 36
157 28
17 95
170 198
120 124
14 72
98 160
74 27
75 0
7 117
52 25
84 142
46 100
12 43
1 60
105 104
101 35
88 132
78 61
149 196
16 161
41 119
72 11
136 48
0 190
164 176
94 145
165 56
142 113
35 122
4 152
145 95
100 196
84 21
83 88
158 119
62 89
72 78
141 191
61 47
84 83
158 183
142 25
148 21
96 197
162 14
158 70
35 168
105 169
70 121
9 45
163 47
40 122
125 52
158 135
0 36
13 19
108 25
145 37
186 86
140 113
154 124
108 181
178 29
68 99
58 151
196 184
189 139
48 81
161 153
121 155
75 65
188 55
47 170
89 21
71 198
185 189
87 162
121 177
113 193
44 16
180 192
71 59
16 115
115 154
50 150
44 53
27 169
140 11
61 154
149 27
184 163
56 55
158 50
41 20
50 170
61 133
24 96
98 136
161 57
78 93
5 6
70 100
181 169
14 6
46 97
183 185
69 139
63 101
186 197
5 51
5 70
175 20
0 144
171 1
126 161
109 91
78 34
103 145
93 177
190 55
7 169
74 12
147 115
149 6
17 41
1 137
177 162
154 3
126 143
18 155
18 179
186 149
20 181
56 67
128 62
181 62
78 80
12 120
54 88
180 72
106 118
42 130
57 189
59 173
78 140
155 15
174 147
5 3
107 57
137 80
61 10
38 40
60 147
56 68
171 155
90 164
122 126
183 189
12 164
136 179
92 127
149 81
123 78
156 142
14 121
67 112
30 179
148 131
22 18
130 145
143 182
125 86
144 148
77 138
101 162
171 67
186 162
20 57
175 90
137 194
199 192
179 15
189 4
171 114
92 111
25 125
23 19
58 177
30 46
29 137
99 97
163 65
65 78
137 15
73 30
75 169
76 39
185 23
184 68
56 120
59 145
110 42
44 88
26 152
30 142
95 104
84 180
68 5
127 194
46 127
72 73
40 100
126 138
87 156
29 110
123 79
18 181
125 75
9 152
199 82
170 30
71 108
150 131
110 15
103 12
124 25
84 155
125 31
144 97
77 37
45 65
159 181
31 164
46 197
123 144
152 66
177 72
33 108
167 93
40 168
92 162
140 161
189 103
163 84
129 132
42 153
186 45
68 84
81 68
25 161
130 91
45 94
59 32
143 151
68 126
24 147
72 40
46 15
16 6
23 153
54 29
67 58
80 45
118 109
41 185
114 180
11 188
4 156
193 118
179 187
95 12
143 130
137 74
42 23
54 20
93 149
157 180
138 122
159 56
4 33
146 97
182 186
97 142
17 13
152 64
114 138
6 154
3 84
53 89
55 111
192 156
28 68
127 185
25 102
73 57
159 49
190 185
168 75
125 135
44 89
88 65
21 73
58 57
171 150
11 61
116 66
124 43
75 64
113 174
185 106
188 0
6 157
82 179
179 22
16 63
94 178
45 148
162 17
87 113
54 78
107 140
88 73
152 36
176 27
194 68
50 89
114 88
13 41
59 82
47 112
12 102
36 52
92 31
13 88
27 43
45 4
177 76
63 108
114 36
80 96
1 146
193 149
178 57
184 5
160 198
28 123
157 51
97 189
158 22
150 177
131 106
70 122
60 100
166 130
117 124
188 40
117 176
68 62
142 165
89 158
136 152
186 126
87 62
124 54
188 142
68 57
75 44
128 68
137 78
83 48
97 139
61 37
165 88
118 99
66 146
64 154
86 177
188 153
65 92
57 34
105 133
161 69
75 145
152 88
183 124
26 23
75 109
129 166
73 122
119 167
107 59
130 49
41 109
158 186
5 9
23 38
146 73
3 116
64 74
180 14
99 147
71 132
19 158
30 176
104 190
74 33
180 133
68 20
117 134
62 187
175 69
118 156
21 64
44 137
78 23
180 93
194 78
90 152
50 15
152 91
3 49
48 196
32 167
62 107
63 39
122 27
31 27
193 34
9 106
30 44
54 149
194 67
97 56
27 180
168 181
163 66
87 8
34 74
24 56
98 145
81 63
93 31
153 106
139 41
198 157
165 182
136 63
51 65
102 114
22 135
170 103
103 79
2 34
62 99
156 178
54 28
101 45
121 49
193 140
84 114
95 153
181 197
92 44
160 37
114 70
44 166
4 135
131 120
94 119
91 90
187 171
80 105
68 157
181 127
192 34
48 42
26 81
21 137
179 106
177 82
132 179
174 178
49 132
137 10
167 68
189 18
33 186
146 160
145 118
150 22
149 144
82 194
150 44
68 88
174 97
41 183
172 195
4 58
157 189
68 2
16 131
85 140
149 96
26 166
138 30
198 54
199 30
35 72
155 112
142 23
134 112
66 183
89 52
43 122
67 164
176 198
118 129
78 175
76 59
112 43
40 160
133 12
45 77
88 120
111 131
52 68
26 59
150 70
2 172
129 193
161 63
59 131
126 178
156 182
159 4
58 25
158 125
162 134
97 159
63 54
99 167
31 142
90 89
87 121
130 137
84 13
71 95
118 144
64 22
1 83
53 85
148 41
36 10
199 172
149 102
183 73
178 116
68 51
36 113
94 32
88 81
60 146
55 38
107 4
82 37
121 122
198 31
156 123
122 164
81 154
53 141
49 148
37 47
66 25
123 21
28 100
27 145
38 190
176 103
148 60
74 194
100 145
77 12
134 61
164 96
103 77
199 142
13 136
77 112
23 77
181 124
45 131
78 164
103 136
167 191
138 140
171 177
119 32
49 20
146 15
120 105
144 134
172 140
69 15
74 51
179 8
79 61
165 85
149 85
179 101
129 84
188 13
172 158
170 115
144 162
41 24
71 72
32 161
141 76
93 6
5 185
183 121
72 94
174 149
116 177
122 140
107 130
134 187
83 19
104 129
14 157
122 175
191 104
120 127
64 9
114 112
157 100
0 117
105 2
3 184
142 76
28 193
157 145
138 96
128 45
25 38
125 179
129 106
168 60
10 75
59 180
152 180
107 123
19 101
72 59
158 189
166 140
197 108
108 129
97 79
53 58
71 57
44 185
13 4
151 78
115 99
94 172
154 120
113 194
22 161
74 88
95 130
23 57
137 92
148 86
141 198
70 105
163 19
185 135
143 117
154 198
58 96
8 173
103 165
169 81
133 80
30 147
110 46
141 175
117 11
31 90
169 18
17 190
4 86
5 146
147 28
91 84
104 40
187 88
54 107
23 53
158 144
45 28
122 31
130 187
114 46
179 166
178 25
126 105
58 32
47 187
158 131
75 151
3 176
47 174
184 162
19 82
141 174
183 148
128 37
196 68
46 86
186 81
114 63
74 128
113 60
52 166
142 152
17 197
138 2
99 174
0 47
137 24
50 106
167 116
192 130
102 22
128 3
7 86
179 83
116 166
186 87
192 172
90 97
91 65
27 62
161 49
138 74
186 188
145 49
59 120
163 150
67 68
55 1
159 37
161 142
54 87
134 102
116 1
134 105
103 148
93 49
124 142
51 4
66 175
67 119
98 45
69 105
40 161
46 154
97 94
65 154
199 102
81 117
61 106
16 33
68 185
133 45
107 19
26 33
157 109
30 155
181 73
174 127
190 164
19 45
120 14
60 78
58 136
176 11
61 136
48 57
75 54
160 151
159 24
64 84
152 7
88 192
110 84
2 118
192 75
88 154
105 121
106 79
68 9
41 126
106 191
197 84
14 198
162 43
19 32
122 107
108 115
178 38
130 126
93 65
190 52
112 121
15 186
10 35
164 146
21 97
128 174
137 99
95 39
157 87
5 86
103 143
55 5
29 93
181 163
131 38
75 188
183 19
142 20
23 2
36 187
40 156
64 122
152 138
23 18
22 76
114 54
145 152
14 105
65 86
191 113
169 127
18 32
123 98
45 13
13 87
171 162
106 33
6 52
35 39
17 154
162 45
109 185
191 103
23 100
9 80
123 106
190 191
105 131
102 90
99 34
153 93
53 30
37 87
99 46
94 177
141 136
10 95
175 47
43 76
183 178
59 136
185 16
109 66
100 164
171 100
82 60
78 35
36 61
83 138
180 17
162 55
199 58
123 54
71 196
185 140
65 186
198 142
150 17
95 87
97 80
162 112
118 101
17 106
16 93
89 139
133 30
183 132
52 133
93 96
130 155
180 144
19 89
101 146
15 83
69 177
101 143
162 164
56 118
74 68
5 141
6 91
12 84
120 75
60 77
105 147
116 24
111 140
175 24
29 42
100 15
24 152
3 150
168 4
157 194
85 25
47 149
166 18
110 118
91 166
174 116
176 9
7 104
94 160
25 22
173 2
146 138
141 83
80 37
184 95
193 173
138 181
45 104
11 162
34 65
77 140
42 197
99 153
63 3
77 137
93 102
20 183
96 10
171 86
175 81
123 14
53 144
35 117
57 4
186 57
64 91
28 27
68 190
67 7
8 50
126 44
165 146
176 83
158 79
197 58
142 114
13 119
61 21
76 96
3 178
117 119
45 27
114 41
109 76
182 73
148 165
142 172
197 81
9 12
126 197
24 149
48 35
138 90
85 113
12 170
150 142
135 128
71 142
28 120
73 93
10 87
19 172
69 124
160 44
116 77
175 196
171 179
197 0
162 84
36 162
31 86
84 58
136 21
174 114
95 37
38 68
35 61
2 114
8 69
57 80
66 114
194 64
197 112
39 3
178 191
81 116
11 191
187 141
70 53
47 57
77 62
147 6
28 31
57 101
14 62
146 61
62 55
57 117
18 14
21 23
5 183
32 176
181 59
94 167
67 50
153 196
89 80
138 161
164 74
93 146
101 107
77 68
93 198
85 188
29 128
62 21
149 178
69 115
85 142
83 9
47 63
92 35
116 7
140 124
120 160
46 195
56 101
72 123
151 130
147 61
164 104
198 0
171 54
109 106
160 147
43 155
45 22
117 114
118 169
0 165
31 3
158 156
161 9
50 66
56 39
10 28
169 145
132 127
16 15
114 120
134 177
90 193
141 80
69 66
125 196
167 53
136 71
66 151
175 23
71 148
177 25
127 45
190 42
153 156
152 110
198 147
80 176
146 39
193 48
141 72
15 173
146 71
116 13
182 109
5 188
86 123
142 190
154 149
31 17
95 113
182 101
24 95
46 189
165 170
17 71
111 95
109 112
126 6
195 152
173 165
196 84
70 84
147 192
123 122
128 59
123 32
179 163
12 183
144 188
17 110
53 187
152 98
180 118
33 136
27 187
64 198
0 137
162 38
119 194
170 99
94 40
123 157
106 3
103 71
15 157
23 62
14 92
74 174
37 105
67 66
126 72
90 36
28 35
77 115
1 0
78 88
98 121
47 48
7 165
108 160
6 182
96 133
92 106
132 143
37 184
12 67
21 75
77 193
90 141
12 182
170 173
85 186
150 136
181 107
7 14
129 167
192 106
161 36
134 91
182 53
121 188
143 39
18 94
152 134
65 7
155 7
14 143
194 5
117 4
69 21
136 69
142 151
21 38
156 114
149 34
165 48
128 98
29 37
62 8
60 116
13 172
55 92
27 164
117 181
32 57
193 84
158 194
116 94
68 33
128 119
144 30
154 11
183 17
137 2
52 162
110 87
120 140
141 178
86 183
38 82
147 32
28 99
16 61
118 141
137 88
85 139
171 126
139 42
0 19
17 0
31 193
164 23
33 2
187 126
89 136
145 39
144 76
16 3
170 138
157 61
129 143
173 157
9 20
66 191
30 106
95 115
139 155
9 11
167 111
79 148
174 28
123 53
10 150
2 198
190 14
25 71
55 84
44 49
125 91
144 125
66 170
134 153
102 185
35 197
95 105
144 115
131 159
168 36
189 35
167 80
125 123
102 140
154 35
31 11
173 108
189 141
125 9
54 115
163 193
115 104
80 21
89 195
66 143
172 4
60 127
50 76
156 90
12 161
19 38
63 29
51 31
87 132
36 153
112 175
66 72
191 143
86 19
99 124
110 30
145 163
173 16
102 191
98 78
3 35
193 91
192 120
138 191
85 71
0 52
43 136
26 191
174 60
69 193
70 181
22 38
138 62
57 27
167 83
15 138
123 5
38 185
159 20
199 115
17 107
126 103
165 5
96 120
75 89
190 107
194 117
173 17
158 116
68 49
122 7
108 68
8 192
185 177
100 83
182 37
130 21
89 42
153 98
64 46
75 67
98 50
169 173
13 162
147 196
92 54
124 178
168 50
180 19
178 53
165 98
6 42
137 39
118 27
138 5
199 178
93 111
170 142
147 146
140 165
189 78
46 122
142 105
90 108
155 166
199 196
141 194
117 59
163 158
187 161
56 18
178 158
161 30
110 40
93 160
0 130
160 31
171 158
149 104
147 191
13 133
4 18
161 78
100 85
64 163
183 95
139 144
77 96
16 21
180 89
4 66
33 21
86 156
188 118
28 97
115 62
44 87
122 161
9 127
35 20
71 115
117 130
170 90
44 161
60 76
36 196
126 8
132 36
90 192
39 129
98 25
101 103
51 165
168 132
87 172
114 57
114 1
17 9
135 182
15 113
49 50
94 88
148 199
140 184
120 118
120 33
44 2
41 8
24 113
95 118
40 44
11 81
193 16
160 102
23 65
51 132
34 156
191 154
159 121
138 23
151 173
158 1
19 117
126 55
54 99
134 47
72 54
75 122
92 138
19 157
78 125
172 159
13 167
117 26
60 115
135 27
89 36
30 36
108 194
0 4
66 197
188 37
93 190
43 143
8 114
131 139
173 43
118 85
197 114
96 7
67 191
90 125
192 5
183 125
197 132
151 152
165 21
167 28
121 38
25 42
136 145
51 147
193 105
195 146
127 83
165 125
183 82
128 65
183 25
178 23
95 75
157 30
133 104
160 71
25 13
144 49
97 110
117 159
81 159
102 79
166 182
115 94
146 114
135 108
72 133
166 61
137 195
52 159
44 171
148 193
70 8
184 198
57 148
23 133
114 109
120 128
124 190
33 182
63 152
163 170
42 148
140 100
76 72
187 177
5 145
107 172
93 64
59 99
88 92
182 49
63 96
175 142
156 12
195 114
100 158
35 38
103 186
46 111
10 24
178 131
154 69
60 178
70 133
5 7
85 52
189 180
90 101
170 195
33 47
49 135
132 72
44 14
64 104
136 8
126 115
69 147
189 56
159 153
89 29
146 63
116 93
176 149
62 18
149 157
187 20
33 109
87 165
65 106
159 144
149 127
48 133
3 171
177 83
193 179
110 19
72 3
37 49
121 168
186 141
30 167
50 137
120 11
184 177
176 119
38 18
8 196
27 59
124 112
100 95
35 53
77 151
172 0
78 156
99 171
80 124
178 185
156 37
33 50
153 14
24 28
120 35
57 46
43 34
49 127
21 93
192 84
118 29
125 109
134 191
48 65
192 166
2 16
9 109
111 98
9 56
58 54
44 47
196 37
54 196
126 22
71 192
112 84
186 32
186 90
195 87
149 103
25 56
193 92
37 122
192 2
88 67
81 140
24 166
37 106
23 1
186 124
59 164
150 172
36 1
147 167
195 31
132 6
144 173
61 77
148 61
168 128
10 63
175 100
28 15
80 63
70 117
198 25
166 27
47 142
51 13
154 31
104 10
169 134
67 199
38 138
154 10
143 86
49 64
109 87
26 31
10 15
120 45
180 75
195 18
131 43
196 164
98 174
170 120
29 78
54 139
28 140
63 100
112 101
142 136
12 105
118 72
121 44
46 179
90 84
135 129
50 13
186 151
172 67
123 27
173 194
24 192
56 124
125 65
67 161
51 18
8 145
54 41
126 80
151 139
137 163
132 54
168 90
138 49
35 56
62 15
57 130
166 108
44 17
158 157
85 94
147 189
188 107
33 124
22 120
4 26
27 136
187 104
173 21
121 161
136 135
163 31
39 103
153 97
171 30
14 45
87 41
168 96
188 190
26 141
3 99
59 159
128 146
84 139
131 124
66 24
83 53
53 188
42 163
70 30
189 105
196 15
32 103
163 103
64 182
18 149
165 191
20 6
189 17
185 32
156 45
32 62
39 122
94 165
181 125
0 148
48 170
78 106
182 65
138 58
195 44
185 165
5 92
153 61
88 163
114 121
69 102
102 192
114 123
109 145
163 129
88 51
180 47
5 13
193 95
11 149
32 37
100 3
77 58
74 152
52 42
127 187
49 129
93 176
48 150
173 28
139 182
51 139
160 47
127 78
51 67
135 192
176 88
69 95
170 86
33 196
199 171
116 112
97 13
167 141
162 187
118 124
168 98
124 9
106 93
32 77
193 61
108 175
27 150
100 147
104 139
55 60
99 194
34 15
175 172
142 100
31 199
162 53
171 42
123 182
2 174
73 50
0 142
8 178
79 112
128 195
40 53
90 154
76 64
62 133
119 66
57 199
154 176
0 97
195 155
39 37
32 117
169 20
140 69
134 52
97 8
31 197
181 152
51 52
45 79
118 70
190 99
114 90
119 157
80 181
194 140
112 164
16 95
140 105
68 166
180 44
134 33
15 70
170 189
174 198
36 88
78 48
93 61
90 67
28 192
169 195
194 105
43 32
20 52
34 112
157 47
190 151
179 149
115 163
8 23
19 66
6 117
49 151
16 34
196 64
10 80
151 159
105 44
15 131
96 66
94 46
119 11
186 156
5 132
137 46
137 3
153 169
89 177
73 0
50 29
169 17
173 184
87 189
0 26
67 69
0 30
165 145
15 123
143 42
159 168
136 55
125 17
183 154
106 57
42 114
63 181
157 43
66 56
33 158
29 143
183 128
85 14
45 159
4 7
98 65
56 106
155 52
0 147
183 107
8 48
26 61
145 32
70 48
191 175
57 22
135 119
18 95
158 32
153 107
46 157
182 34
181 16
197 69
99 102
98 188
130 167
52 109
40 189
149 163
109 130
146 149
148 110
181 13
78 138
192 98
22 10
130 182
55 159
18 112
132 141
2 32
54 100
70 4
152 0
111 78
95 114
56 133
130 186
129 146
5 2
6 119
74 155
4 151
19 175
144 193
156 77
17 39
173 172
76 155
189 188
172 147
150 194
164 126
100 104
141 176
85 170
86 28
10 163
188 23
188 51
180 166
87 171
58 158
113 103
154 144
155 12
115 181
78 108
14 32
64 38
32 101
185 107
51 40
145 195
182 183
169 73
127 109
139 88
13 112
47 43
99 164
149 35
194 40
176 192
8 6
15 25
63 38
199 150
39 157
151 39
124 189
51 78
146 74
17 170
45 110
175 29
27 19
31 12
6 163
4 188
49 58
130 193
193 115
96 147
137 40
3 50
139 92
8 167
198 70
49 41
153 133
96 184
74 52
191 184
146 150
18 146
99 95
117 92
102 117
10 44
8 137
177 112
170 177
3 188
136 20
178 48
23 129
82 48
193 82
104 117
161 82
150 137
20 25
4 139
136 164
46 82
19 33
76 98
155 40
70 197
56 193
154 126
41 100
79 46
155 78
163 53
174 150
142 55
67 32
132 30
195 153
114 27
67 31
77 54
27 90
138 194
66 176
146 83
30 80
51 2
162 191
136 133
58 168
13 153
110 77
126 29
151 107
26 25
9 100
133 17
146 116
46 73
155 98
118 190
30 23
137 180
117 82
71 52
172 113
27 177
137 53
18 130
106 20
17 46
124 22
58 125
87 9
30 67
112 50
105 178
101 50
167 168
5 29
2 14
173 167
42 189
48 118
46 14
176 72
122 2
97 24
104 199
1 164
91 101
94 61
9 145
3 129
122 148
97 187
64 172
71 193
96 81
59 152
9 174
179 26
192 74
80 102
145 141
160 105
39 147
4 12
10 181
63 147
55 149
50 140
186 0
133 87
155 34
158 101
103 197
120 157
52 38
173 38
47 139
78 94
75 80
9 91
147 44
18 66
70 25
26 66
189 150
181 98
10 40
147 76
155 102
103 179
19 42
155 128
118 82
136 147
139 137
116 74
145 126
198 30
163 41
160 123
88 56
88 142
98 17
63 74
15 194
118 19
141 32
20 88
115 179
184 56
91 120
147 55
105 195
108 128
75 140
25 19
155 25
133 159
80 118
27 190
47 39
157 54
27 141
92 124
63 125
108 144
98 18
5 159
94 128
109 89
1 57
108 39
79 118
2 185
155 124
59 80
193 24
68 148
17 10
48 103
194 147
64 174
70 128
145 81
61 165
6 27
141 11
109 65
170 129
167 189
128 93
35 104
107 10
88 43
123 31
16 197
177 188
166 16
139 95
3 47
65 181
15 48
34 146
51 140
188 42
40 183
133 74
117 27
110 168
125 138
69 38
12 166
34 12
152 5
110 173
166 69
33 138
89 34
180 172
65 192
35 184
116 12
62 86
170 36
18 71
124 145
97 44
178 113
57 105
55 33
136 7
180 24
178 107
107 87
103 168
148 73
76 168
64 71
104 0
28 150
43 23
105 58
47 150
172 56
184 132
17 182
98 199
199 194
182 58
100 25
184 136
22 29
43 28
164 10
110 12
170 181
28 143
65 10
21 102
90 134
100 32
79 6
101 165
60 49
160 97
136 39
127 2
145 108
112 133
134 1
74 160
17 38
52 104
44 167
160 35
47 59
5 147
74 167
129 110
178 120
110 23
74 76
19 87
45 199
191 42
47 45
157 55
49 59
161 135
79 146
21 20
30 159
78 133
101 166
137 37
134 79
185 158
33 97
165 69
149 25
163 30
134 133
133 92
165 74
19 91
57 141
75 123
145 71
29 79
56 31
37 5
25 179
193 25
77 161
97 55
115 164
133 178
54 188
102 131
94 131
146 136
147 143
30 19
162 93
139 159
66 153
99 176
172 115
83 46
2 55
108 50
109 124
52 121
0 113
123 188
149 165
131 81
16 121
91 188
12 189
160 104
9 74
31 36
43 169
83 64
113 28
196 40
68 7
26 101
127 53
141 8
86 130
140 43
179 64
46 187
169 83
138 81
82 154
173 163
192 165
138 75
192 154
112 62
153 182
182 104
56 164
4 56
189 178
112 130
183 54
164 81
67 3
101 38
163 113
6 43
116 198
185 0
50 92
144 183
53 98
156 172
50 22
68 98
135 20
13 113
151 188
77 166
58 109
91 96
46 118
74 198
27 83
24 164
196 148
52 9
69 70
197 153
176 132
48 59
80 100
48 55
77 186
33 45
129 134
25 84
150 93
116 114
106 40
98 30
22 19
93 95
142 106
2 130
81 16
3 62
159 177
165 155
99 2
49 17
160 153
39 164
140 46
32 24
196 169
150 140
49 15
69 143
90 173
163 22
137 123
97 121
96 189
27 52
177 24
110 163
53 61
73 133
1 40
50 149
62 114
8 5
152 186
175 162
156 163
27 26
84 111
58 134
50 77
78 172
60 111
181 133
75 66
122 108
151 128
109 174
116 82
98 171
74 168
160 56
102 86
11 145
49 147
14 27
180 15
27 65
191 33
143 52
84 37
8 27
147 134
67 80
180 149
55 94
44 183
81 71
89 131
87 47
35 66
118 164
103 67
133 7
26 28
33 57
56 64
109 18
31 40
54 184
46 72
70 64
6 164
195 124
115 67
97 26
111 151
120 42
107 195
90 184
84 134
187 150
61 74
27 18
176 102
35 138
18 15
34 52
103 70
10 198
107 164
74 142
55 124
17 51
112 110
69 50
171 143
115 119
82 36
163 131
199 36
138 165
197 187
138 157
0 191
47 111
106 134
119 171
83 116
93 46
24 141
85 173
13 53
79 38
146 156
162 182
26 68
82 49
12 138
50 130
198 73
67 168
142 22
0 6
167 77
186 147
125 50
36 6
134 183
14 182
10 187
2 66
152 23
17 116
62 126
122 5
174 151
146 88
98 63
124 45
31 8
9 159
73 128
181 58
24 26
158 73
52 26
192 158
89 173
66 169
33 38
47 97
98 112
194 191
65 150
70 81
130 180
152 105
28 14
131 78
171 190
43 87
122 130
149 109
58 143
148 50
78 95
16 179
108 163
110 142
94 189
34 0
161 81
134 32
86 38
98 37
167 48
175 116
59 163
4 138
163 128
68 133
167 138
136 140
122 81
172 162
89 194
36 160
136 93
178 58
149 199
107 174
185 8
14 197
24 59
70 175
57 135
87 173
72 84
92 143
47 100
14 195
86 194
143 79
191 110
43 19
138 59
61 18
93 120
19 6
190 112
86 153
15 57
85 131
36 137
48 152
167 113
144 177
12 154
101 196
55 106
195 16
167 34
138 162
156 188
107 49
142 157
81 54
26 17
33 154
44 20
124 61
89 154
31 156
82 158
185 174
29 62
47 68
84 38
149 78
22 182
128 12
186 97
158 149
126 97
107 29
176 43
155 108
48 114
1 94
155 93
147 3
185 94
173 105
167 57
13 114
72 36
44 133
176 89
163 167
84 140
88 39
193 55
44 15
19 194
170 153
179 87
110 198
10 109
153 118
168 105
115 7
51 9
11 67
77 164
113 150
4 80
27 67
91 34
103 130
175 102
84 107
193 18
192 54
126 91
104 154
195 26
34 197
139 154
195 76
65 81
117 53
69 130
171 95
57 131
134 10
63 22
167 149
127 6
105 150
121 24
154 4
50 180
164 63
23 56
163 164
70 193
196 131
187 102
26 128
63 14
131 27
111 79
51 175
22 108
41 184
83 145
5 88
113 190
80 54
86 193
46 135
185 136
80 135
166 99
34 188
168 195
108 76
99 49
169 199
179 4
0 77
87 170
163 118
84 183
197 9
127 100
156 62
65 61
40 191
74 115
7 142
195 99
153 116
45 109
137 158
105 0
102 28
156 147
63 83
185 33
194 97
22 109
117 177
102 180
110 186
79 41
96 98
120 73
126 179
14 53
133 189
183 197
151 70
76 26
148 30
158 17
39 131
92 29
151 135
189 177
177 3
26 192
114 135
65 103
55 42
76 156
87 126
110 183
198 193
22 9
88 32
57 86
13 199
111 122
182 138
125 98
91 103
27 151
5 127
197 11
99 14
11 77
21 95
83 6
189 110
159 138
70 2
9 198
146 4
164 32
16 122
131 142
35 129
55 39
57 169
105 84
138 196
151 154
159 73
111 109
26 73
90 25
64 164
182 87
139 15
33 96
82 1
112 187
107 67
34 83
155 135
64 81
128 160
15 145
128 53
107 89
64 130
33 125
57 195
124 77
12 30
184 78
50 194
80 148
186 10
120 21
99 125
163 72
7 27
31 109
170 187
193 80
166 117
182 10
34 169
165 81
143 109
127 144
84 86
41 150
13 49
65 6
41 171
51 76
66 132
47 151
60 28
194 17
1 37
157 31
196 104
60 31
105 78
54 160
124 10
62 93
171 12
154 177
19 141
196 156
82 174
56 70
3 18
29 151
146 181
128 129
42 44
45 15
10 152
132 117
23 6
116 135
173 86
81 178
90 190
135 21
197 160
135 181
81 25
109 34
149 171
9 23
152 46
140 41
156 105
38 72
156 143
25 158
108 164
37 54
106 132
167 6
125 21
66 85
74 10
163 83
85 69
54 185
15 47
1 198
39 110
45 111
188 93
142 112
48 99
98 164
169 98
168 151
103 118
80 162
77 192
193 0
145 174
80 198
185 65
141 46
48 128
116 193
83 193
95 170
38 166
107 56
44 29
83 123
158 98
129 147
3 145
33 121
101 145
164 92
192 19
188 152
68 150
36 142
194 11
164 140
107 111
194 14
97 114
157 20
193 49
26 56
20 76
110 67
183 52
146 26
23 144
150 117
38 24
92 118
160 7
67 53
30 13
92 126
101 37
139 17
74 65
79 147
190 4
80 76
91 181
17 114
131 26
94 27
159 67
108 7
7 159
135 67
25 111
102 82
99 43
6 172
173 48
23 12
148 5
124 148
59 40
59 10
130 114
63 135
196 45
164 180
76 89
83 124
134 4
88 58
140 4
77 95
176 79
158 182
146 98
8 95
145 187
40 128
113 119
39 117
22 105
112 191
40 74
78 42
190 6
36 59
39 185
73 196
1 189
94 64
12 64
12 158
23 104
70 155
37 127
99 133
69 152
11 195
120 166
155 140
2 153
144 79
119 150
104 145
41 34
139 26
45 139
156 148
146 117
20 182
161 85
49 94
57 174
111 18
144 2
193 111
105 179
89 198
53 3
183 146
111 147
182 4
173 174
74 99
102 166
138 192
98 89
33 174
131 165
104 113
90 4
88 53
115 34
143 30
7 118
169 4
90 0
27 128
47 118
85 42
160 150
49 57
19 103
159 175
137 97
179 173
29 48
90 64
18 184
164 5
175 118
19 119
2 124
127 23
196 123
91 169
64 131
14 118
131 86
193 63
132 138
68 4
92 121
198 101
113 61
49 52
16 169
15 103
98 129
143 67
44 81
159 47
170 11
120 26
21 79
180 28
109 55
2 103
108 161
38 156
109 51
58 103
139 48
42 128
66 84
17 171
149 89
132 135
42 71
76 198
17 188
126 81
115 70
77 86
59 0
188 164
122 151
19 128
64 188
134 166
31 150
178 73
198 166
77 105
87 127
187 106
42 170
96 8
40 186
69 87
52 147
42 173
151 24
137 17
166 133
30 180
69 146
198 91
148 77
185 153
196 106
181 47
86 71
130 98
120 6
41 194
6 111
184 158
44 51
89 126
140 39
199 2
72 155
133 176
114 7
170 7
94 53
100 81
173 181
123 65
160 60
174 45
187 11
119 80
18 128
117 116
199 188
125 55
191 54
56 41
177 147
79 168
162 137
102 115
111 155
144 114
183 193
149 153
148 100
28 139
88 1
138 37
105 90
19 197
101 92
28 141
169 76
60 33
36 58
64 127
96 156
107 73
185 119
84 20
37 178
62 169
88 169
143 90
162 82
17 85
87 166
72 174
8 123
107 105
21 13
29 47
49 134
154 114
121 187
153 59
131 115
118 76
15 150
33 1
81 69
192 132
166 126
18 86
3 78
152 140
138 151
72 88
149 40
66 122
139 193
119 146
61 46
9 57
91 29
173 180
63 132
96 13
181 141
183 83
96 174
160 182
187 190
52 106
34 9
55 3
161 112
112 180
194 116
93 122
5 97
71 20
86 21
58 13
159 125
61 184
166 159
163 38
171 53
141 42
106 111
183 87
149 41
183 29
81 133
182 94
161 29
48 184
106 63
44 168
70 52
122 74
127 73
87 106
150 133
166 82
126 77
70 154
114 141
180 99
75 48
130 163
132 91
69 11
76 94
48 142
102 74
29 186
38 27
103 75
89 162
108 26
97 116
52 14
104 176
98 167
122 159
132 137
190 159
89 196
24 46
42 1
12 79
167 179
139 150
189 76
59 108
4 143
152 75
182 196
108 149
170 183
26 5
198 88
164 168
0 169
145 14
184 171
39 105
152 157
159 54
19 162
49 154
154 9
109 53
50 102
183 99
195 198
149 91
3 175
179 160
175 158
9 110
143 81
131 114
89 147
14 84
117 13
62 150
95 74
160 41
55 168
176 7
154 75
195 24
42 169
73 186
74 195
96 22
42 109
53 186
172 114
47 171
180 7
7 6
183 169
147 7
83 151
86 100
198 191
11 64
1 131
24 124
175 185
100 17
67 132
150 88
119 63
137 129
114 44
57 41
81 30
12 51
48 146
97 50
35 33
22 131
25 11
17 186
4 40
56 30
35 191
73 184
66 136
197 60
19 155
143 190
115 6
54 89
93 88
10 23
117 52
59 12
195 98
184 126
175 98
47 91
178 152
47 41
120 4
91 106
132 156
85 110
176 126
189 140
76 101
10 101
160 166
50 31
107 157
117 158
141 70
104 102
73 144
1 159
41 152
48 141
63 6
24 136
92 107
68 106
62 41
86 42
79 18
172 47
88 172
134 131
186 18
125 164
149 26
143 22
199 140
172 63
66 13
92 151
65 99
46 180
158 140
3 93
140 62
62 95
108 162
79 191
134 163
21 172
10 64
23 13
56 21
9 55
127 94
85 137
106 135
81 12
131 197
6 186
127 193
33 163
11 66
199 78
57 123
171 161
110 106
188 163
40 129
164 42
74 109
172 135
72 18
5 143
45 64
80 43
68 8
166 175
199 61
61 195
31 176
20 5
38 106
161 70
141 197
78 186
138 156
10 197
174 52
148 101
151 46
21 155
198 138
12 98
106 90
11 44
84 82
56 73
157 99
78 99
90 104
165 24
134 63
67 146
51 114
114 92
67 36
158 65
165 106
161 159
42 96
88 27
33 56
109 116
80 88
132 22
193 73
146 85
37 66
39 106
198 151
109 152
149 130
22 155
117 29
188 46
78 104
144 88
119 17
186 76
93 5
28 40
84 56
92 122
34 166
130 97
199 49
134 127
120 29
106 1
75 108
101 152
100 162
114 166
86 25
158 94
23 32
144 107
76 170
160 152
36 124
139 114
174 51
112 176
112 93
55 122
171 168
197 102
190 70
165 194
30 139
124 49
127 32
79 113
156 125
47 182
44 94
129 69
144 98
35 144
31 6
82 85
30 168
83 161
166 86
79 154
100 152
28 80
82 92
107 191
50 11
0 128
177 192
169 54
103 35
6 32
118 57
81 28
139 65
59 192
32 178
110 32
11 84
72 197
11 32
13 148
138 109
125 199
50 94
153 83
139 187
107 103
62 71
145 99
47 30
111 68
58 0
164 48
115 26
7 15
63 178
66 193
33 23
20 51
88 98
180 10
157 81
24 156
62 30
198 197
94 39
12 97
139 57
190 7
186 106
32 60
49 181
132 60
28 66
156 79
105 11
172 84
158 179
190 65
170 84
1 107
93 74
94 130
177 130
46 175
131 63
124 123
67 97
27 140
91 83
35 7
174 136
20 61
188 181
61 177
137 93
23 5
11 82
94 91
164 76
198 24
61 63
161 17
69 183
194 35
9 48
14 23
12 47
28 190
2 79
8 10
163 90
191 77
192 18
79 68
178 52
3 103
41 131
78 107
79 89
76 46
4 52
50 21
58 62
132 69
198 81
171 5
59 160
65 17
47 80
82 135
164 11
48 198
113 120
44 33
74 178
94 98
78 198
153 88
115 27
185 170
6 159
86 34
63 113
35 161
116 65
114 103
63 7
186 12
39 162
85 152
111 65
150 127
136 78
131 82
154 165
65 151
5 116
3 167
113 25
90 73
158 36
55 61
34 10
24 107
125 162
144 178
136 155
88 115
79 161
176 19
86 10
185 35
20 173
96 163
142 139
63 169
150 9
182 110
95 132
163 106
167 128
63 93
13 106
140 186
157 88
114 149
197 137
73 39
60 14
37 52
21 124
27 99
191 61
11 45
28 72
85 133
47 152
196 163
19 58
140 31
83 80
158 81
103 162
78 8
33 126
32 181
159 123
169 74
147 54
178 61
43 59
20 107
134 9
140 115
193 150
153 117
103 135
47 69
82 43
121 64
86 48
56 171
84 190
27 71
124 5
121 82
119 36
172 79
159 100
25 91
73 166
100 30
111 29
70 134
72 151
143 60
110 105
34 162
197 182
11 97
192 25
124 176
141 129
8 57
47 90
165 40
45 126
92 22
162 51
17 83
155 45
6 50
44 38
128 180
20 73
63 126
50 195
35 8
26 199
21 96
50 104
3 61
155 99
24 30
12 27
98 149
50 199
183 74
147 67
58 114
25 39
139 38
92 154
31 15
88 151
127 128
83 140
6 156
110 188
142 138
153 41
159 187
190 35
157 26
197 82
48 36
119 103
59 125
38 191
174 90
62 161
197 158
87 196
57 64
152 15
109 61
37 193
132 17
82 39
1 91
6 22
78 148
54 122
107 0
188 81
170 131
92 135
191 14
97 76
173 133
23 128
121 156
62 20
56 135
12 126
126 35
186 89
129 47
102 129
130 78
129 45
8 43
56 144
179 70
36 19
114 150
91 185
124 3
154 99
125 163
59 116
145 36
118 107
26 77
10 144
135 96
9 104
126 125
76 40
79 43
163 160
150 64
50 188
98 93
186 79
31 64
168 149
183 53
115 73
100 72
102 171
16 146
168 24
127 30
101 66
165 77
61 179
86 41
16 170
153 122
146 94
74 129
105 4
21 118
59 178
108 79
114 60
152 146
29 12
149 12
79 165
172 179
93 0
192 174
118 44
8 82
159 158
88 22
177 151
12 83
140 65
87 28
117 48
11 5
29 195
163 174
61 103
65 84
37 125
154 59
154 36
26 63
16 23
44 186
198 8
163 74
27 34
125 53
79 124
51 129
145 161
81 37
43 149
1 145
184 194
93 148
127 90
77 47
91 116
56 36
116 22
69 77
161 80
51 126
137 151
196 132
102 37
157 72
165 120
194 4
41 73
42 56
157 23
194 185
63 177
76 134
100 6
130 15
49 65
90 144
80 7
70 138
39 169
142 148
165 64
34 3
56 170
145 26
22 66
33 140
133 32
11 39
112 14
196 193
120 196
156 3
172 89
52 122
105 181
189 104
176 181
73 164
191 81
6 85
51 191
169 99
155 61
33 195
156 26
41 76
156 136
110 10
180 40
22 39
169 156
9 27
95 92
156 116
193 160
68 54
97 35
49 152
196 166
52 119
132 112
95 151
173 47
47 93
144 199
26 103
188 22
99 141
47 26
66 104
96 97
119 163
170 144
108 60
102 146
89 170
87 61
165 143
176 58
132 158
160 0
147 164
60 22
66 147
159 50
135 11
3 196
109 62
148 47
165 133
17 165
26 85
115 122
13 130
158 77
20 33
124 162
114 161
88 185
108 136
117 156
171 181
142 196
69 157
170 137
20 24
176 116
108 41
153 24
120 181
40 101
168 106
114 5
52 87
63 58
112 100
73 117
61 8
162 122
145 182
40 9
87 66
82 189
21 44
140 178
177 57
160 139
167 82
124 165
106 115
131 80
74 4
109 115
104 195
1 71
123 70
148 112
64 24
76 116
79 174
94 59
62 33
0 162
185 180
135 166
33 159
186 123
24 69
129 6
96 51
47 179
163 23
68 142
163 18
179 66
140 67
113 37
13 191
88 82
142 164
66 113
76 129
3 17
198 95
99 100
94 152
11 78
20 48
183 91
128 186
60 35
43 192
182 41
143 45
173 139
178 2
25 43
124 160
128 60
111 63
184 157
51 159
141 160
132 45
37 110
52 23
34 104
18 199
21 26
187 149
178 106
163 21
80 42
130 28
152 103
42 166
104 188
9 96
49 19
42 122
126 109
36 128
191 32
74 100
84 32
37 151
29 30
117 86
162 166
15 41
142 87
61 107
87 178
20 77
165 99
109 136
33 132
127 74
101 22
97 16
8 193
165 104
14 104
182 133
13 62
41 134
29 90
104 54
161 52
37 131
42 47
101 191
108 176
132 144
123 195
70 184
157 155
144 181
181 11
59 185
82 119
15 120
103 13
12 132
113 92
3 42
72 10
182 195
179 150
113 77
75 94
16 69
144 153
34 110
151 81
128 161
156 149
83 137
2 126
67 38
21 188
145 115
119 50
125 10
170 176
38 77
131 103
44 9
162 72
36 121
192 152
130 29
166 64
164 94
196 13
146 52
162 8
74 72
115 150
158 134
90 46
22 89
89 185
92 36
56 183
61 45
175 168
26 87
36 51
71 21
166 63
0 124
162 163
117 121
84 159
140 142
137 59
7 135
105 98
168 9
184 182
54 154
96 153
163 57
27 97
160 5
122 166
77 28
52 67
145 35
37 24
148 135
138 104
19 179
27 23
192 58
15 187
173 91
35 21
128 191
143 118
140 137
17 29
50 105
180 122
132 109
102 173
143 75
162 12
13 36
116 115
151 48
97 36
120 24
129 133
3 74
25 112
188 187
106 60
31 172
136 148
100 96
18 144
169 102
147 12
43 2
47 154
134 93
140 103
50 72
183 157
140 108
161 98
101 8
147 176
40 90
66 41
14 107
110 11
148 107
72 199
115 162
61 175
130 116
144 50
155 181
26 16
39 158
152 87
30 2
24 134
7 148
2 146
46 74
96 4
170 58
54 25
142 134
163 86
153 54
71 191
179 60
32 132
28 187
90 55
62 175
111 88
119 155
82 17
166 70
20 92
46 85
185 114
161 14
18 31
12 196
165 82
111 99
111 50
24 35
46 20
196 96
43 133
76 81
83 147
193 53
59 19
22 59
168 143
183 68
121 32
61 39
74 85
94 121
146 20
165 18
153 163
91 110
170 111
64 116
125 127
184 145
127 165
2 160
193 161
90 75
86 92
188 160
179 85
37 53
18 90
27 106
162 44
104 63
21 115
75 166
154 55
153 175
142 93
67 93
128 49
178 47
47 71
135 94
125 7
103 174
176 185
142 130
52 194
85 123
76 31
13 177
109 26
121 178
19 46
119 74
140 183
8 83
127 139
59 172
182 92
184 86
26 39
24 80
66 15
193 35
157 3
32 82
91 76
116 75
94 149
82 68
96 99
192 22
84 92
188 24
132 25
176 22
99 11
190 196
109 48
94 199
146 10
157 52
173 178
85 24
50 103
175 134
169 40
118 138
145 183
71 65
181 158
29 105
101 116
122 169
130 53
108 14
56 181
20 139
108 57
52 175
163 147
66 184
90 48
66 17
43 137
120 116
196 170
66 7
88 0
192 32
52 24
126 117
136 12
166 15
14 38
19 7
19 73
165 176
135 175
38 31
44 111
48 40
9 79
98 133
90 5
0 60
111 5
0 71
195 95
95 190
99 10
1 50
48 24
84 158
11 89
141 21
2 58
105 54
183 156
124 122
123 105
178 167
112 181
160 158
5 153
193 171
12 80
17 88
118 10
13 178
114 175
67 158
41 68
24 86
198 194
58 123
31 101
84 113
119 21
44 172
13 54
76 79
178 171
102 5
101 98
33 98
197 191
103 34
168 83
90 68
20 16
84 43
143 20
138 73
115 124
23 87
157 90
143 34
45 72
181 42
36 91
83 114
113 132
132 190
1 174
55 192
45 17
48 53
146 166
155 160
55 184
171 65
132 189
67 54
118 6
1 35
148 130
9 46
95 15
103 192
128 173
155 132
59 25
14 172
110 99
57 155
9 194
125 167
87 140
62 5
65 9
6 35
135 40
85 190
171 133
74 89
50 52
56 168
129 124
169 6
78 126
141 35
131 73
47 113
15 161
167 166
186 114
65 76
101 129
58 130
140 35
49 75
7 78
179 13
159 135
153 110
42 43
80 146
10 56
48 131
159 74
3 153
39 34
50 114
189 48
85 172
66 54
45 176
37 26
3 58
69 29
139 161
46 13
120 46
60 98
139 10
158 107
130 81
84 187
10 131
61 23
151 14
16 155
150 11
168 91
137 35
176 122
113 88
16 1
59 66
70 182
147 64
32 66
150 7
44 110
143 91
124 98
188 57
182 97
20 102
75 162
37 60
43 41
180 45
172 16
19 67
34 6
187 174
84 29
173 148
84 74
108 62
54 120
57 53
78 160
149 105
35 179
136 38
119 76
141 7
155 9
91 167
73 92
31 35
197 99
119 65
196 47
124 169
60 142
126 52
119 4
190 1
188 172
33 197
161 154
73 14
108 199
188 185
34 95
5 150
178 154
21 113
61 150
197 128
54 21
105 106
90 148
161 196
106 53
153 72
69 101
39 171
72 147
133 160
105 114
46 40
29 20
17 73
154 175
164 172
113 65
196 16
109 140
2 67
97 1
137 190
11 70
33 184
78 101
46 32
185 20
189 9
160 159
140 60
43 21
135 43
157 146
44 37
143 152
152 159
69 173
4 71
59 41
1 195
96 35
139 29
122 51
100 62
113 44
164 152
65 68
73 139
70 29
153 85
180 87
102 55
26 122
60 125
180 177
122 155
138 31
33 63
145 7
168 41
92 161
96 171
9 117
21 161
27 70
180 38
56 58
33 172
174 168
39 93
161 45
81 190
144 174
83 192
187 101
73 165
182 52
18 96
190 170
198 33
142 54
175 193
71 139
3 191
48 13
102 23
70 146
53 87
68 93
50 192
91 40
53 136
33 13
53 34
175 76
42 144
141 4
59 60
82 123
119 95
59 184
74 8
72 120
13 169
29 145
22 42
167 79
101 149
120 102
187 138
167 123
135 142
149 31
144 51
143 46
92 185
175 170
82 23
102 11
78 45
21 18
88 147
59 198
190 32
33 147
42 187
88 48
61 7
195 0
157 110
132 125
155 96
167 180
23 184
120 156
59 52
91 108
39 189
156 17
187 78
189 69
118 121
44 8
121 28
193 157
64 108
180 2
84 148
1 4
198 167
79 125
32 197
55 132
124 114
40 47
73 98
135 194
138 76
177 111
83 118
90 9
48 43
49 103
115 107
122 172
184 14
96 92
103 73
129 58
192 110
7 111
100 45
74 75
177 115
173 6
53 160
22 11
197 7
197 53
0 167
168 116
177 101
42 194
116 182
15 1
162 168
117 169
31 58
110 114
107 69
148 143
182 111
151 45
97 60
162 128
154 145
85 199
29 162
148 62
18 120
66 46
197 121
177 128
155 104
172 98
176 62
72 146
73 109
84 17
175 83
105 171
110 24
157 103
89 83
161 178
6 12
2 145
30 17
190 54
49 8
60 52
27 80
199 145
95 33
184 26
157 199
112 169
161 61
192 182
195 2
94 179
15 71
52 56
83 198
137 138
81 109
81 89
150 37
161 117
57 182
186 145
155 51
125 45
112 104
103 97
51 35
22 48
64 27
182 161
115 165
53 140
16 142
179 195
197 56
132 9
160 177
63 85
150 154
66 164
198 186
9 119
180 96
54 6
1 9
186 83
191 166
49 18
126 57
37 59
54 176
75 130
184 28
85 99
96 162
29 26
77 107
26 49
73 195
196 135
57 171
45 158
48 98
39 77
6 176
16 58
77 197
24 62
126 146
158 102
167 71
129 16
106 74
162 173
180 26
60 16
52 45
19 182
184 134
59 140
27 85
192 127
192 101
104 37
95 85
90 189
151 102
149 2
13 27
12 33
142 17
179 77
74 132
94 150
55 130
173 61
25 51
3 115
75 14
67 77
196 110
3 172
4 35
40 30
184 166
80 53
12 109
114 99
180 88
17 196
154 173
128 100
137 30
86 64
47 131
190 157
161 141
24 196
192 29
108 151
9 60
184 143
79 122
190 134
143 61
152 72
163 70
81 2
155 49
140 90
30 45
62 110
64 65
3 54
73 108
32 80
128 69
154 97
29 113
16 176
11 172
15 163
31 114
2 187
64 82
87 158
5 72
80 164
58 28
172 183
66 160
189 115
153 101
46 55
188 59
73 18
67 109
61 57
61 0
52 58
196 62
76 8
84 10
169 106
148 20
132 80
116 58
139 21
35 54
23 40
158 7
189 162
25 134
80 127
15 65
132 166
176 105
124 51
45 107
62 34
140 40
84 89
46 6
16 116
111 77
90 183
100 79
37 144
96 141
151 166
59 141
124 93
180 139
98 137
125 153
74 67
37 72
49 40
161 146
121 130
99 17
62 159
191 90
118 176
14 100
141 169
109 131
107 112
81 53
150 1
78 56
115 22
15 14
124 58
58 72
139 99
29 66
92 188
179 133
77 87
0 5
175 16
58 132
122 178
62 144
13 198
8 81
79 33
57 54
91 22
160 114
199 111
129 188
3 94
118 127
115 141
159 194
87 148
120 78
137 76
182 96
99 60
102 186
32 111
141 125
39 45
101 21
70 26
160 154
127 196
77 173
44 119
28 19
183 10
125 101
22 130
157 168
21 92
198 42
135 84
196 79
71 7
154 103
67 128
74 126
84 30
93 55
111 38
134 132
22 189
163 69
60 94
63 43
145 181
153 136
130 92
17 5
148 95
166 30
52 184
187 165
112 108
70 44
61 180
130 60
186 169
33 93
151 21
75 148
64 103
8 127
16 118
20 160
11 55
92 4
120 57
166 43
31 173
95 64
163 44
132 107
101 33
94 95
73 66
54 76
42 13
90 145
30 50
140 106
139 91
51 133
89 27
2 163
120 84
193 162
161 24
59 38
27 98
107 125
129 100
34 130
21 60
57 196
149 30
90 82
56 125
73 48
21 82
123 9
114 93
11 26
88 166
77 176
68 193
191 135
3 105
149 160
2 4
140 71
162 152
100 21
49 77
31 55
72 29
174 95
134 100
13 168
108 13
16 191
83 2
80 72
113 19
124 149
169 26
142 98
183 36
106 59
40 69
128 143
74 154
37 158
77 131
5 167
154 68
96 45
23 189
20 138
165 189
118 162
187 9
26 98
186 74
114 61
69 111
8 29
83 194
103 187
164 154
76 29
107 32
116 9
158 142
91 135
151 118
144 80
162 27
142 183
168 22
42 33
2 88
33 75
80 65
58 20
186 36
67 116
68 15
20 186
185 172
182 26
9 37
135 112
66 5
10 119
172 43
12 21
47 116
191 39
89 183
71 179
18 148
2 46
96 11
102 128
191 50
27 76
113 34
55 180
42 12
53 143
52 105
3 44
116 154
174 23
122 6
174 183
145 97
107 60
133 50
175 199
185 179
170 117
33 143
66 110
107 154
52 114
20 131
81 160
140 37
2 154
122 36
17 78
102 41
8 128
53 155
126 17
158 129
16 160
87 130
119 62
164 114
181 183
199 7
158 0
15 108
159 126
81 141
27 142
2 111
171 196
174 87
95 165
173 30
103 194
86 13
64 40
123 94
155 125
5 39
33 192
126 167
128 154
29 142
150 16
146 177
102 72
31 63
64 97
180 110
54 167
35 27
180 184
126 107
170 33
9 39
74 149
73 147
119 110
93 104
33 71
72 113
24 105
186 42
146 9
169 133
86 67
196 176
59 174
193 176
65 180
183 43
85 132
55 74
17 181
115 14
99 159
38 98
13 101
34 196
109 122
20 190
131 164
24 176
174 177
90 13
81 181
159 66
172 198
116 15
12 174
187 152
147 120
179 74
8 164
108 5
128 190
183 104
27 175
134 161
