650 1000
628 48
246 11
324 103
411 18
388 41
632 85
619 205
397 49
439 229
243 642
226 431
353 631
470 587
648 392
53 407
135 414
578 113
208 228
558 188
145 558
646 305
452 588
403 457
397 593
608 507
597 488
116 407
558 166
432 303
34 534
590 69
275 167
55 137
402 152
203 120
379 166
232 521
383 470
224 606
99 390
508 434
519 35
18 584
36 438
143 309
176 110
193 537
642 438
611 153
39 197
35 423
145 260
442 460
392 336
597 343
242 404
345 541
449 108
227 226
216 251
610 329
56 190
212 325
596 424
239 248
68 523
146 567
572 108
430 386
213 635
111 229
514 68
457 73
644 471
430 501
382 49
277 83
112 220
199 445
176 40
485 199
255 426
189 110
290 569
79 325
508 420
623 98
258 566
53 41
114 25
83 557
367 190
99 297
377 386
127 78
60 117
443 602
649 275
151 103
252 98
410 155
458 131
204 566
41 641
50 545
523 245
373 363
421 190
529 166
586 546
151 477
592 293
309 497
2 502
152 89
432 42
233 535
634 300
325 527
641 648
98 10
7 490
275 299
206 155
637 33
316 326
91 340
80 551
336 397
332 310
597 390
546 171
395 7
45 181
145 93
2 293
12 470
105 552
532 553
312 306
30 467
111 20
588 266
58 519
300 131
317 364
140 499
545 407
171 31
630 446
160 149
386 269
556 536
353 229
582 362
116 637
172 385
498 335
79 90
248 184
210 361
147 426
345 307
528 42
554 483
512 536
424 152
326 417
144 586
0 49
205 332
195 390
624 311
383 4
636 359
151 387
216 558
448 309
321 94
478 546
636 396
14 638
317 91
422 555
459 481
183 592
462 422
225 449
225 303
349 468
192 154
239 375
74 289
109 21
376 129
94 366
230 111
495 550
140 289
296 546
512 645
310 39
612 44
146 86
431 125
274 119
108 631
66 252
524 631
275 11
614 589
529 590
595 472
195 263
519 332
295 412
51 31
464 648
23 249
372 489
217 549
471 423
35 468
644 167
564 255
311 508
183 305
98 22
247 549
286 542
275 597
350 451
604 197
270 0
423 45
422 332
556 456
163 498
145 153
177 352
345 113
118 427
151 167
507 517
136 228
268 139
510 494
415 215
185 590
5 642
21 517
290 466
268 184
537 324
106 613
610 511
532 55
99 168
434 323
497 540
466 336
525 15
92 391
175 270
4 618
541 308
189 501
10 262
54 181
363 243
644 606
521 63
327 541
90 85
462 315
154 350
353 505
206 351
347 514
531 191
446 615
6 33
398 416
513 41
34 274
357 643
558 278
154 211
194 81
220 437
212 398
304 263
260 89
15 580
602 478
98 445
154 331
27 458
600 381
393 10
58 164
288 621
81 73
73 371
180 452
643 597
570 100
475 648
274 370
363 144
73 494
417 524
597 387
33 440
6 271
223 125
333 109
496 18
382 603
577 42
605 620
373 519
228 71
357 645
400 536
421 629
287 34
87 154
404 383
256 453
415 177
90 624
460 585
338 157
269 53
168 634
477 486
352 324
133 258
328 370
263 629
598 386
476 557
397 332
69 262
52 516
294 177
647 233
145 59
609 635
500 647
0 494
34 404
50 297
105 499
634 353
379 22
351 638
637 243
626 452
467 342
306 68
456 496
578 609
39 160
266 185
316 238
102 119
467 617
121 430
550 222
621 215
38 626
264 530
193 149
599 131
561 600
390 478
360 141
50 616
174 36
202 387
27 189
609 9
400 538
208 649
430 247
607 209
153 108
215 589
61 529
28 394
443 230
535 490
32 334
77 212
550 378
196 194
92 8
4 28
508 302
146 15
295 328
194 588
360 362
506 66
162 114
534 288
471 413
412 464
462 138
125 341
344 591
524 185
194 493
318 417
238 106
530 645
472 412
244 186
269 550
502 300
87 365
79 297
542 235
272 353
223 555
447 629
592 313
480 201
475 236
79 250
144 151
340 64
435 538
137 103
190 396
329 193
632 623
533 364
93 212
347 476
431 468
409 317
413 506
499 185
104 584
607 292
370 627
234 79
9 500
15 361
563 303
583 346
639 453
559 632
526 457
215 321
515 29
461 238
649 238
404 605
381 33
212 376
341 291
580 196
380 271
193 387
588 608
194 405
363 568
537 555
582 297
597 192
357 51
2 229
130 595
251 627
46 560
143 467
466 224
96 335
146 568
468 497
365 184
604 150
340 343
565 428
180 17
640 40
193 444
480 317
545 308
618 90
207 351
337 298
357 38
22 145
19 394
485 346
332 171
243 413
257 629
609 571
129 317
390 125
14 252
648 627
58 642
135 207
633 517
622 425
110 148
611 628
175 624
234 490
643 429
80 453
630 203
635 181
387 626
301 235
515 335
312 472
2 259
118 266
332 192
345 501
466 303
74 115
620 200
108 358
477 198
184 222
592 411
23 225
238 414
231 312
235 371
392 119
518 562
173 27
266 223
59 387
606 45
319 201
581 138
548 334
230 516
12 177
616 19
211 250
169 150
196 91
227 390
176 20
80 536
599 52
389 49
459 488
308 20
640 8
335 582
222 627
290 35
390 291
630 170
325 257
595 368
448 477
309 454
621 222
502 257
81 158
300 508
413 179
575 338
154 586
533 524
106 498
35 252
313 500
366 178
583 405
435 543
272 500
303 342
473 341
629 514
552 433
30 499
324 282
238 442
580 144
454 510
284 362
0 115
89 336
563 54
187 261
298 338
471 515
383 323
22 285
300 203
54 455
355 154
72 155
138 132
540 298
201 392
522 147
299 36
555 344
523 78
395 410
596 284
453 115
469 566
602 75
163 69
370 59
584 412
559 474
380 28
338 497
482 281
129 293
266 342
74 398
596 365
348 563
198 629
309 40
557 573
399 491
613 73
299 182
10 106
625 65
443 306
314 593
286 496
168 75
636 454
278 354
218 550
107 323
289 632
113 264
168 38
582 337
581 208
506 142
58 527
243 419
626 583
301 461
241 2
465 280
267 508
360 180
311 234
420 115
494 581
202 28
610 371
48 390
55 121
380 75
517 589
33 435
60 574
489 481
573 44
321 139
572 139
29 594
215 262
205 556
358 54
222 436
105 308
347 495
329 7
349 110
108 554
72 189
317 485
64 171
90 28
431 146
329 147
262 377
383 586
508 180
247 589
466 202
243 559
195 480
151 177
333 321
177 464
23 273
622 196
520 378
476 190
349 76
458 205
10 403
335 465
563 456
430 468
15 208
505 178
634 308
456 259
205 501
571 338
50 626
275 17
257 369
203 111
70 90
264 351
358 357
545 232
318 73
227 404
573 509
519 452
83 250
409 412
528 20
318 264
133 235
117 189
60 476
282 293
312 162
478 363
551 79
109 336
194 492
276 35
556 587
303 151
280 422
343 544
293 500
332 240
116 601
343 410
105 292
333 136
212 108
163 89
130 183
452 274
341 247
131 471
274 642
147 402
72 271
72 233
390 18
102 633
173 194
222 204
26 375
119 327
125 457
429 69
169 296
376 515
10 124
463 398
89 66
533 92
205 118
67 117
180 253
67 613
647 441
351 204
555 107
33 407
141 550
626 242
286 466
637 241
15 611
60 58
406 119
374 195
61 130
544 138
567 644
261 40
281 259
162 214
19 241
639 327
469 439
273 74
622 525
46 228
628 68
372 175
12 568
615 321
301 322
328 426
372 531
56 62
600 597
39 224
593 223
471 473
383 417
608 293
438 588
4 616
485 200
359 217
619 582
19 128
122 371
645 386
413 462
242 559
404 202
514 267
247 236
457 376
456 128
379 341
11 491
138 423
590 439
283 305
550 91
30 258
170 22
573 304
139 436
261 256
471 174
512 405
577 265
552 438
312 369
508 236
273 391
65 337
576 170
341 408
322 87
186 297
167 280
33 291
253 261
440 447
157 568
394 648
646 122
574 596
44 258
612 347
218 168
123 281
58 40
219 458
383 374
450 519
48 445
65 52
185 37
80 185
371 382
479 556
421 286
194 586
319 302
599 395
537 621
90 358
509 25
68 212
598 30
5 539
595 517
606 597
342 119
206 530
360 569
120 594
29 110
441 268
420 374
243 219
279 222
647 648
135 508
383 316
16 549
400 206
375 558
273 569
303 523
392 72
495 456
239 396
628 591
175 317
521 531
442 426
89 104
225 169
644 211
79 241
551 48
67 86
362 42
245 170
528 140
208 559
636 463
124 271
84 59
566 320
87 412
198 139
599 123
268 255
590 575
448 528
351 453
31 221
238 187
76 467
191 380
476 187
634 116
536 81
410 8
38 29
131 533
349 388
273 593
426 120
436 595
372 119
587 104
109 598
608 355
216 324
599 396
44 602
557 630
53 289
17 613
472 120
135 384
447 605
470 217
457 221
470 585
478 556
150 512
130 631
295 236
11 184
205 355
117 512
533 232
434 402
620 621
556 559
287 393
317 316
175 188
349 545
427 583
341 495
229 114
509 271
224 305
82 125
503 36
543 39
34 110
279 609
317 538
574 375
568 497
581 321
621 239
608 562
620 597
