850 1000
234 661
749 207
365 188
63 151
601 153
335 133
452 771
471 343
694 348
692 185
719 726
455 483
360 745
299 344
464 584
257 309
6 577
121 774
273 527
136 624
846 625
47 465
367 55
679 280
722 515
393 435
640 815
208 759
838 654
668 811
623 631
752 786
47 370
304 113
503 98
348 112
430 701
524 274
167 1
785 515
350 526
11 263
453 536
814 804
520 648
571 37
524 653
130 427
31 264
772 84
573 797
56 598
202 785
421 233
512 117
505 153
233 476
703 95
182 428
417 579
244 15
736 439
642 566
138 310
834 428
603 264
437 490
337 655
176 0
32 502
779 807
648 329
337 449
387 359
431 402
766 290
185 551
268 386
520 664
419 69
708 657
688 38
848 845
1 581
361 110
294 343
310 133
630 521
241 621
305 54
758 789
177 231
85 800
812 705
745 689
609 6
102 701
611 673
548 361
344 638
287 581
436 370
215 239
311 261
540 116
822 567
810 601
283 816
831 453
403 640
799 549
271 283
467 39
601 81
52 168
660 141
217 2
213 219
100 300
511 168
418 800
347 343
531 312
32 793
706 776
86 121
842 38
31 484
279 382
181 434
113 792
284 165
324 620
818 821
518 798
614 391
41 354
6 245
676 411
756 414
516 409
63 451
85 555
122 833
490 757
849 534
1 358
488 128
182 151
401 158
754 809
546 618
745 530
755 59
81 803
422 545
386 590
353 402
339 15
676 834
799 130
442 536
617 662
89 642
98 568
557 427
0 267
622 501
795 537
93 267
682 214
103 414
450 777
564 715
40 761
257 321
543 273
489 509
472 238
520 456
685 308
793 710
555 601
625 140
256 765
85 698
382 453
506 385
409 303
278 838
359 209
289 192
635 495
367 9
794 619
729 451
159 167
395 78
378 16
155 537
805 48
4 518
760 472
609 570
771 798
138 683
828 636
715 118
710 31
17 591
106 669
740 564
402 782
590 819
478 263
810 356
50 671
680 568
439 235
73 76
527 748
338 12
470 323
576 457
693 124
772 369
366 785
502 343
72 74
339 531
660 751
236 375
834 157
10 630
198 468
96 799
566 594
287 489
607 311
144 9
9 732
185 282
603 657
312 374
620 549
326 176
458 10
282 95
541 47
48 686
327 50
269 711
253 610
38 830
398 33
531 849
351 356
296 316
772 175
841 724
114 525
1 725
719 749
747 491
268 638
359 660
122 175
834 615
610 564
538 707
324 642
347 229
841 276
130 38
692 452
131 143
772 370
200 750
505 43
6 625
650 668
331 36
699 324
771 451
233 300
294 551
532 0
261 292
71 44
356 399
398 493
42 831
836 374
768 141
226 63
689 776
805 117
739 813
354 229
609 574
621 223
72 838
21 352
627 110
19 784
276 131
812 808
59 657
477 418
675 828
188 335
560 815
52 658
281 591
565 414
430 109
820 645
328 350
799 170
152 44
246 717
474 289
267 70
217 681
750 430
518 427
34 797
231 111
506 729
669 450
360 608
115 64
451 230
544 344
62 116
154 425
363 134
384 615
184 831
544 147
83 634
505 538
624 325
416 729
623 242
690 484
515 254
524 57
480 766
105 161
590 120
232 785
223 84
599 729
556 482
53 506
97 252
73 797
344 93
543 380
7 723
241 659
127 594
710 647
642 18
176 179
795 175
770 586
239 634
505 207
588 510
291 125
774 564
338 186
577 7
793 841
251 808
495 94
513 180
380 821
85 623
801 626
352 394
670 313
265 786
79 776
548 655
454 155
172 516
379 456
762 807
523 441
61 67
239 26
109 220
201 582
376 595
214 1
418 397
787 158
511 571
140 303
572 820
600 489
344 413
132 503
60 491
265 361
715 266
125 470
432 645
55 64
740 129
603 552
179 27
148 491
352 510
810 823
743 753
508 784
835 494
472 364
488 467
76 80
703 762
36 605
666 268
323 59
272 297
792 476
335 344
192 224
810 178
583 15
672 562
338 291
304 126
202 398
190 775
4 218
284 655
822 89
595 735
665 703
547 645
479 112
596 379
162 441
717 706
75 232
744 582
93 620
438 607
749 508
806 58
725 323
494 330
206 174
287 638
176 501
716 729
44 617
292 299
230 37
78 840
78 280
135 288
10 789
458 330
295 137
161 500
302 303
562 634
420 659
763 234
163 47
153 493
446 490
150 193
288 678
382 56
847 659
836 512
433 193
167 663
681 0
542 497
203 276
830 625
784 766
584 387
662 347
757 365
358 237
239 126
593 299
729 226
161 684
341 103
740 642
666 19
318 820
831 377
292 431
754 22
646 69
112 217
174 816
439 660
776 118
225 688
322 832
746 252
284 55
748 77
316 4
50 802
630 7
604 178
682 279
347 517
135 780
401 636
504 83
99 389
558 249
38 333
773 716
272 260
94 349
672 258
650 754
134 136
282 475
558 734
483 321
339 829
827 576
172 503
589 818
174 584
734 224
53 814
560 165
623 697
545 395
8 129
417 410
793 176
414 592
515 728
577 100
570 297
796 657
496 19
261 291
679 150
504 799
343 834
59 43
59 401
108 493
229 819
688 396
597 365
588 518
140 527
696 347
98 502
74 329
135 406
447 556
87 591
688 765
201 371
440 621
172 435
215 404
556 822
289 125
241 815
816 122
779 694
484 352
757 220
508 293
200 246
736 316
90 287
336 22
655 112
364 221
185 147
178 688
498 614
764 590
662 63
138 555
111 362
429 317
418 568
511 597
408 718
84 234
489 716
51 267
701 731
813 419
470 367
184 537
847 12
646 469
269 539
20 369
372 260
321 838
345 328
219 83
270 518
596 671
498 825
504 82
44 43
473 153
154 101
573 381
40 154
640 641
293 159
374 405
691 741
51 768
827 475
249 582
439 262
108 405
413 248
672 355
325 369
776 301
43 832
670 786
729 671
308 606
367 260
270 733
576 593
306 293
333 574
130 240
15 632
317 280
693 511
386 611
88 745
509 796
654 247
581 2
606 773
528 788
153 441
653 179
697 704
497 588
619 582
306 230
825 29
168 226
583 619
174 275
555 814
247 237
46 443
400 55
765 62
7 408
397 609
705 746
687 370
238 342
187 754
583 514
792 671
95 386
227 503
208 470
374 460
666 82
172 144
491 393
352 270
545 678
610 165
426 398
535 344
186 384
210 302
773 662
333 463
169 524
237 651
218 662
671 51
716 69
116 461
132 492
400 391
521 332
209 807
738 546
428 442
678 635
821 688
604 829
82 815
117 653
115 35
723 829
18 549
532 739
491 840
503 420
75 222
593 39
419 743
74 522
371 670
462 501
298 847
793 387
436 479
293 379
324 346
300 837
86 774
402 798
523 283
218 51
202 224
370 581
679 389
672 699
725 339
349 751
260 400
801 334
354 785
845 179
412 823
369 420
361 128
267 295
124 116
612 346
695 58
87 187
606 47
127 230
310 765
209 426
553 678
362 707
664 707
832 450
608 754
122 255
219 190
117 222
351 132
358 627
762 683
302 357
149 508
4 171
781 529
305 150
494 88
280 814
790 784
37 111
351 61
47 316
805 225
248 754
356 525
785 518
196 333
396 682
337 214
778 137
556 741
711 146
63 355
438 471
349 844
422 553
741 826
555 749
310 809
697 182
224 583
693 151
200 522
179 777
495 571
781 826
27 737
614 480
588 427
646 522
821 161
467 463
147 615
553 575
44 669
320 100
748 133
315 503
149 346
428 320
180 158
727 313
365 814
329 468
46 388
9 535
12 73
197 818
468 115
108 199
726 96
808 582
686 681
555 36
517 693
419 28
788 312
528 47
692 563
272 552
803 796
9 696
75 608
470 778
755 168
359 241
50 381
481 671
519 802
353 0
346 546
379 637
126 188
552 165
156 636
784 140
791 128
410 121
481 641
548 746
819 447
72 36
757 82
295 303
305 348
472 391
658 499
78 413
275 72
680 185
2 155
806 442
477 177
122 262
771 492
212 595
386 338
356 691
474 44
686 360
245 407
270 307
388 504
69 579
571 170
3 18
12 466
732 496
4 782
192 301
361 138
233 506
265 123
142 821
836 651
774 629
35 789
563 119
703 518
755 322
382 740
478 380
496 559
2 187
76 739
551 408
756 505
664 131
141 218
838 578
502 412
242 428
322 408
167 38
770 389
92 540
200 88
50 36
110 471
362 591
740 378
65 324
250 520
169 644
427 323
721 482
436 443
544 752
669 682
92 297
540 791
621 816
210 30
405 125
0 427
126 174
621 0
566 415
19 343
292 426
143 360
503 276
775 388
214 34
115 381
700 414
766 648
114 718
173 590
557 81
574 259
184 317
680 612
324 42
849 42
545 364
663 479
332 799
626 303
229 153
104 496
175 729
575 74
374 209
168 181
121 423
296 530
216 440
832 107
535 301
611 255
650 703
111 568
542 537
258 758
243 12
575 516
625 431
308 615
462 790
800 78
694 304
459 659
828 564
446 591
510 722
175 508
67 444
785 110
460 434
310 305
516 633
450 184
572 744
271 177
578 722
394 532
629 72
413 574
44 427
