350 1000
94 290
305 246
227 68
146 44
275 287
202 338
317 218
227 102
318 344
168 40
240 232
19 149
228 336
155 270
39 204
329 131
189 292
45 293
316 17
64 252
97 154
346 104
184 319
317 282
110 300
29 192
184 134
45 96
291 65
338 127
171 222
225 54
140 122
35 349
252 168
28 219
208 138
82 262
191 149
259 333
199 92
244 241
310 92
41 318
116 348
275 258
298 222
3 87
217 3
256 279
27 181
314 59
99 334
296 283
346 214
29 32
264 330
340 257
135 157
249 211
89 236
195 334
139 273
136 180
342 14
251 305
48 210
312 325
275 104
14 315
324 113
148 44
27 217
133 220
339 49
227 3
127 170
151 251
271 64
82 37
157 316
134 251
121 190
73 17
258 115
72 32
137 157
225 196
245 186
51 331
42 108
8 167
325 298
233 37
200 92
152 121
191 318
52 227
48 280
46 230
224 56
109 210
92 49
164 138
345 199
143 245
0 6
15 249
38 46
196 103
253 319
90 48
150 274
113 15
30 299
88 40
222 36
27 46
344 74
97 61
172 15
0 232
36 81
0 151
272 213
342 242
131 299
220 338
30 307
38 27
99 336
5 261
148 211
268 102
129 283
96 216
345 175
264 87
254 264
186 216
291 235
232 210
205 29
118 103
111 105
285 130
111 346
207 103
2 144
51 139
55 349
171 231
321 81
118 243
241 206
208 325
4 315
80 118
131 183
326 98
105 155
322 95
109 348
130 258
276 221
281 106
344 328
323 208
263 223
21 266
278 281
51 264
20 12
3 270
343 86
67 134
309 260
327 153
66 246
148 38
200 289
82 143
349 153
258 145
32 48
60 313
233 316
2 96
144 131
25 325
73 294
130 129
82 308
255 247
79 70
264 151
58 84
111 119
138 323
144 142
322 90
83 3
138 324
314 261
44 99
238 295
344 254
295 211
327 23
146 55
92 330
210 315
230 320
58 196
265 107
304 22
232 249
348 277
0 275
215 304
237 308
200 58
183 46
319 96
61 215
99 18
327 99
7 284
199 343
69 300
208 96
286 120
176 284
18 150
307 0
21 346
39 112
60 33
151 181
49 191
161 59
305 318
4 287
172 245
180 115
195 186
251 97
111 169
2 91
142 47
278 337
101 130
236 233
315 83
339 88
65 83
177 146
99 22
151 263
328 199
117 168
190 251
171 4
184 298
21 148
76 318
197 164
322 49
261 133
3 19
61 138
173 103
63 107
286 46
307 41
175 325
134 283
38 214
40 214
208 33
23 286
155 346
314 326
318 339
224 288
15 97
90 54
67 339
108 214
64 317
202 74
37 65
195 239
178 308
182 300
231 305
178 297
234 193
159 2
199 167
292 199
61 85
242 30
320 63
221 216
132 35
37 177
37 297
132 191
162 314
221 130
42 218
328 340
201 68
5 215
314 167
192 218
260 186
27 229
313 7
185 306
19 186
213 1
30 33
166 267
68 240
250 344
316 161
117 110
183 78
343 14
111 189
325 16
133 162
37 77
284 141
82 45
336 248
47 186
86 337
285 295
233 349
274 325
86 32
198 256
51 223
277 262
317 325
102 51
282 234
305 310
256 328
288 334
257 31
240 154
205 180
349 40
179 259
317 314
39 14
269 239
271 112
0 229
233 226
77 175
149 315
4 119
306 63
97 10
112 7
189 172
244 28
226 169
34 69
22 66
124 231
114 57
27 316
237 221
169 286
173 163
308 70
49 128
259 130
40 150
198 207
16 204
38 121
206 111
291 38
264 317
298 33
25 180
146 58
110 246
146 11
32 199
99 269
186 306
336 288
235 11
194 171
47 170
63 175
114 100
158 33
5 43
314 254
139 333
310 37
109 298
63 305
59 155
246 217
336 153
188 324
246 80
30 280
76 258
177 124
242 107
164 73
246 8
154 233
75 234
249 198
52 77
111 33
41 149
152 257
333 305
134 53
145 5
249 262
229 269
333 138
14 11
250 56
57 166
325 194
325 143
34 243
154 115
273 155
124 217
17 78
319 179
182 318
159 308
129 43
234 335
316 4
10 249
272 33
116 257
319 25
289 83
22 317
343 269
231 247
103 112
30 48
178 272
306 311
100 204
168 29
283 227
159 63
345 289
225 228
134 166
269 42
231 11
330 40
151 244
247 178
212 230
341 313
94 234
57 65
259 269
298 101
126 11
276 320
12 189
162 116
124 345
150 192
235 246
34 203
156 208
309 159
308 6
284 215
184 290
109 217
115 136
62 274
293 73
259 314
68 87
303 8
302 48
43 320
224 121
130 307
248 331
349 77
308 322
105 52
36 93
203 344
223 342
14 323
259 122
261 181
27 65
272 138
322 62
166 218
97 136
179 63
236 349
196 21
335 170
246 347
298 190
127 261
328 330
150 17
32 248
29 272
109 91
346 136
85 214
145 347
285 27
59 91
285 310
154 135
304 57
347 149
293 66
170 230
298 118
246 23
245 36
235 171
84 68
167 317
285 147
159 72
190 100
1 165
284 181
345 17
121 277
213 302
253 249
75 11
61 51
105 70
80 312
266 110
54 344
126 240
103 140
290 28
196 266
18 321
188 265
49 156
89 347
92 90
47 87
175 76
83 221
146 233
184 205
96 90
118 9
93 216
203 292
123 81
115 42
208 280
20 242
214 189
319 70
132 339
239 324
141 338
215 259
146 42
44 162
261 157
233 75
143 69
122 193
348 326
67 318
243 10
313 254
69 119
7 150
232 302
160 87
135 82
145 169
260 93
274 232
192 84
147 347
72 56
148 135
342 125
162 345
165 81
202 75
313 121
91 110
331 184
242 211
91 164
226 285
274 312
45 108
15 331
271 157
249 43
240 83
205 288
41 236
121 337
161 293
228 21
231 23
53 156
200 4
16 170
21 83
201 313
51 290
220 108
304 339
140 49
89 113
1 200
233 241
330 305
71 143
69 126
224 290
134 136
329 52
2 214
82 197
73 123
271 274
6 230
241 326
318 87
164 122
35 113
75 134
157 39
223 112
228 263
78 277
75 286
147 235
115 83
141 227
95 287
289 308
234 183
232 287
47 328
186 25
30 158
139 345
179 16
172 139
101 170
262 242
46 24
41 232
165 212
265 94
31 93
22 100
321 268
228 33
60 289
205 264
346 69
176 201
21 26
291 163
329 32
219 260
73 80
133 92
179 1
52 332
202 112
75 39
244 196
83 102
228 212
48 184
18 9
48 18
4 216
274 114
313 94
297 287
291 344
267 165
129 42
345 344
5 56
122 284
7 247
11 268
292 33
232 191
224 229
342 53
241 158
295 142
20 93
58 214
238 56
344 157
4 286
230 202
282 290
261 59
121 296
145 110
196 174
8 49
150 349
141 116
340 283
317 284
69 169
315 92
187 291
124 314
112 61
290 330
37 229
16 244
285 338
182 173
197 58
287 15
27 231
136 345
211 31
55 27
269 65
221 64
93 170
73 336
197 158
136 261
12 316
134 196
144 323
153 275
340 314
277 86
190 222
202 219
338 156
319 178
316 285
349 32
253 160
317 118
338 43
290 319
325 43
168 269
107 82
301 21
266 235
70 311
199 166
331 187
216 272
331 144
158 281
335 51
40 126
224 181
323 282
298 240
105 282
224 235
129 76
106 121
139 49
295 319
87 1
45 176
314 347
175 258
320 309
155 116
317 348
41 98
5 44
106 189
230 109
181 270
228 258
179 118
197 325
24 204
247 114
40 121
36 22
248 255
210 84
65 109
44 328
322 219
132 7
8 72
133 128
123 45
348 227
241 257
156 289
329 241
272 45
202 284
162 333
183 300
220 51
173 10
13 169
219 308
141 41
38 84
90 285
344 26
136 126
70 28
216 337
215 125
322 45
217 182
229 172
254 119
245 82
106 174
58 44
159 108
54 205
77 326
137 299
75 260
213 246
298 328
311 288
295 276
151 242
18 233
233 257
294 154
166 297
6 254
85 149
132 53
310 222
203 214
233 93
94 23
312 249
170 197
263 140
170 270
269 331
14 173
332 209
198 166
248 341
42 229
140 12
210 123
337 101
85 121
6 241
319 148
100 210
256 116
314 247
52 312
82 264
208 289
28 137
269 169
248 104
92 15
6 65
136 257
92 144
207 330
129 56
162 211
136 109
251 119
194 163
198 229
341 254
228 157
154 92
311 160
94 173
67 116
226 209
279 188
9 218
132 14
198 103
13 240
39 104
284 72
223 30
292 47
129 0
2 98
68 138
54 256
164 343
58 301
175 75
103 260
153 221
13 237
137 286
239 36
320 238
12 333
195 268
304 242
159 178
284 14
333 50
317 169
82 92
182 294
204 51
106 182
228 119
58 298
138 315
219 193
136 186
215 242
272 243
309 304
264 49
39 57
342 43
190 269
130 335
138 263
184 200
232 61
180 41
6 224
221 317
207 173
272 91
115 312
342 328
20 172
299 168
176 189
190 329
62 105
48 166
80 300
295 199
34 53
148 31
213 221
69 18
47 155
22 40
101 181
308 67
116 261
246 55
