900 2200
190 212
489 240
311 439
665 895
266 720
692 539
743 89
47 169
290 85
513 888
209 623
636 459
93 752
402 862
525 813
881 397
47 505
420 179
734 701
706 879
306 560
171 720
862 865
115 286
500 625
120 370
888 537
231 0
68 798
223 713
681 676
745 203
360 455
773 621
168 370
641 593
407 854
331 790
700 34
865 84
508 483
683 797
741 208
760 861
73 772
456 673
272 567
566 322
537 113
661 554
671 672
303 594
788 752
254 290
252 363
373 771
679 72
289 559
656 326
838 597
370 268
657 549
305 225
1 573
777 871
409 185
62 237
277 741
64 212
76 618
780 720
753 16
880 529
13 786
218 307
115 602
24 91
889 69
258 96
123 232
377 64
447 171
416 288
422 153
745 417
439 567
138 400
191 581
140 728
546 14
674 466
211 730
64 429
74 149
87 745
736 326
753 745
421 546
205 456
880 725
32 704
283 892
686 185
615 613
58 499
312 537
796 458
110 40
634 188
894 87
794 22
104 815
425 840
31 343
322 90
385 751
282 284
349 453
666 87
839 185
20 489
712 711
480 153
1 508
726 135
351 782
557 564
861 823
284 869
310 325
425 506
396 460
295 856
49 517
487 724
275 389
673 440
796 61
272 482
38 67
873 48
203 67
864 212
583 343
18 497
886 831
600 102
435 111
650 91
143 874
770 789
340 799
861 673
854 474
728 450
219 158
175 576
875 632
76 480
790 407
369 843
162 226
169 763
347 379
889 137
243 340
308 274
317 892
428 305
220 545
540 373
796 357
765 208
295 210
671 87
655 161
646 498
323 756
883 609
597 158
133 530
163 257
564 566
884 610
368 42
857 203
842 351
73 645
338 159
44 752
838 627
827 137
157 62
65 847
611 695
267 158
186 653
631 305
540 344
503 894
565 600
700 194
25 88
131 729
305 211
384 50
843 309
400 565
459 404
55 49
47 564
176 136
24 420
625 11
770 479
734 77
459 888
323 236
577 436
334 254
612 593
414 62
101 501
737 426
351 254
853 580
619 312
236 680
148 898
507 398
387 309
834 98
547 186
588 808
476 135
56 535
411 387
604 377
138 788
354 841
188 892
79 630
55 165
712 242
644 779
80 69
538 411
433 89
552 700
695 720
828 865
589 657
171 875
463 209
313 132
712 90
2 874
34 579
696 817
166 388
783 796
747 69
807 468
831 549
280 210
240 231
569 221
21 603
228 165
808 875
249 576
870 183
747 322
527 143
24 715
281 286
444 623
478 741
187 88
877 122
428 622
699 480
533 76
495 807
301 257
74 445
410 285
621 826
48 745
549 615
157 463
17 687
542 330
631 156
584 107
490 874
61 345
634 728
380 169
440 95
549 676
669 893
488 472
286 509
240 58
226 130
858 771
597 394
173 762
633 108
315 298
337 510
346 700
169 74
491 817
866 819
425 210
281 404
234 405
446 288
264 67
565 602
625 640
731 334
69 635
758 698
316 888
867 521
472 245
537 126
409 660
55 331
394 535
735 401
364 146
392 307
653 842
161 623
4 321
819 413
387 866
694 241
617 85
486 835
546 20
557 282
842 70
587 629
856 759
631 589
492 259
647 549
211 693
610 117
680 544
890 200
680 816
852 668
651 613
67 672
768 676
574 248
796 888
662 145
337 331
787 201
3 25
45 829
149 294
343 519
112 868
844 452
281 652
235 665
43 75
802 427
726 677
508 542
274 426
351 681
123 629
707 152
654 702
781 237
369 353
842 741
161 590
464 884
674 334
279 60
462 168
821 742
444 205
818 730
594 425
885 627
816 772
453 449
505 840
575 597
328 609
283 477
881 452
251 560
830 529
470 746
403 807
594 141
862 536
397 310
711 73
899 140
268 594
516 552
584 455
266 608
564 584
897 73
110 838
852 658
593 764
567 83
326 163
604 49
336 528
559 279
226 714
296 665
574 117
285 344
84 259
10 215
242 779
799 103
672 333
188 428
395 899
432 869
296 559
358 190
492 862
47 216
282 777
871 610
571 462
243 368
798 415
158 823
38 604
838 440
78 297
668 632
91 793
328 552
858 659
416 1
509 549
297 878
305 251
152 177
897 159
830 468
446 657
290 33
508 212
512 454
593 54
845 508
850 590
87 244
529 51
619 792
412 706
735 39
797 271
172 241
523 505
722 833
884 554
881 739
674 435
214 445
430 237
564 549
770 344
318 443
863 240
859 162
830 491
53 599
779 222
681 823
642 324
154 598
637 808
471 163
841 472
100 83
811 400
855 208
867 2
441 657
13 142
592 66
813 816
896 729
755 420
823 806
631 411
743 877
729 598
772 848
287 548
869 186
657 648
118 884
3 354
613 43
574 274
773 618
695 375
752 860
722 798
330 842
281 400
195 490
475 230
845 347
706 746
392 525
122 451
38 306
452 818
718 218
582 134
103 536
792 297
601 572
508 349
633 183
253 891
22 478
540 132
884 841
472 515
342 355
4 47
219 722
368 350
369 117
1 269
240 856
672 330
781 860
5 820
270 522
427 81
457 443
467 221
744 768
307 246
297 194
747 380
386 25
636 324
77 226
317 233
167 321
174 605
71 750
67 627
840 733
90 875
674 191
451 26
672 73
417 659
562 56
679 248
380 779
365 651
232 57
428 822
451 621
160 709
553 248
554 331
606 229
428 560
167 233
778 738
779 357
538 76
507 893
38 601
822 595
684 479
314 730
756 833
671 553
779 138
428 371
141 139
492 202
852 689
220 253
197 330
143 193
592 544
584 688
53 856
609 549
717 85
744 209
882 742
434 467
822 640
290 426
824 206
769 464
405 310
300 522
625 592
367 236
498 590
890 636
37 606
630 397
672 614
571 653
451 206
360 291
673 791
833 43
712 502
276 591
439 747
446 589
576 262
91 247
846 791
718 249
439 210
377 278
548 144
821 151
475 411
113 870
533 255
500 640
446 259
179 443
107 731
13 55
692 588
397 856
382 221
84 528
733 713
599 711
82 83
839 586
61 800
391 77
678 294
581 162
828 584
45 323
595 207
437 255
26 499
143 42
583 432
89 233
448 296
705 38
344 819
769 824
460 813
442 846
125 86
271 505
90 339
532 899
798 752
155 11
391 309
248 80
42 512
478 80
763 551
784 607
388 568
384 570
341 57
827 78
156 878
397 840
187 605
557 113
692 700
281 475
369 395
292 231
200 564
686 824
79 847
380 469
150 322
611 121
452 0
595 765
388 324
271 674
214 346
482 557
412 422
347 284
78 112
680 380
708 229
651 154
228 460
407 379
783 206
789 259
816 684
755 625
319 309
716 808
276 791
151 40
370 596
278 447
861 660
601 505
863 817
588 329
663 884
519 494
748 799
673 844
334 189
135 218
272 458
504 526
620 494
648 352
201 28
827 776
564 849
43 461
552 33
452 366
240 584
872 19
167 145
503 457
78 125
700 687
703 767
626 599
727 382
148 138
147 562
409 344
421 570
897 440
545 422
13 103
587 203
240 595
818 454
285 187
751 856
720 358
536 309
99 175
852 419
159 66
651 660
187 721
281 204
653 824
261 829
12 820
187 300
475 532
37 395
77 25
428 820
82 379
190 408
741 846
1 20
778 593
591 292
367 677
63 875
553 146
230 887
839 608
277 729
155 637
545 392
781 161
233 491
113 141
213 124
375 251
197 842
315 182
193 440
864 488
884 887
602 352
566 75
54 883
623 74
356 354
333 551
152 879
214 122
481 587
114 456
828 675
199 291
492 816
82 423
507 614
614 393
369 125
722 164
873 267
899 103
810 570
738 586
155 278
773 421
294 7
408 307
261 775
133 28
783 844
809 161
78 853
45 80
360 369
721 675
33 536
580 191
304 256
522 238
15 775
830 118
856 401
812 151
30 507
587 236
79 366
561 674
436 310
534 401
421 370
31 598
787 439
141 710
646 460
855 722
600 196
312 221
382 609
486 326
687 753
154 317
6 189
670 396
7 620
323 447
898 31
383 585
719 856
645 633
576 736
809 74
651 115
426 60
467 779
250 165
378 683
422 877
460 587
570 170
110 87
492 262
501 191
268 584
523 718
375 345
375 62
849 852
789 872
531 515
495 628
260 388
122 415
677 660
574 272
303 222
354 23
886 787
236 265
708 628
49 656
61 754
579 325
879 6
327 552
88 872
90 51
26 46
78 828
247 545
259 334
879 26
2 699
314 838
151 335
564 843
497 340
178 860
327 12
53 871
796 650
156 213
374 165
772 408
64 335
128 255
876 701
453 763
382 170
727 41
346 844
28 515
351 720
761 362
681 736
849 817
54 858
854 411
697 400
447 732
780 492
610 725
309 218
602 466
59 522
628 539
577 679
821 310
454 713
577 470
639 638
762 256
691 185
247 602
438 376
119 669
102 33
706 316
720 121
588 170
294 398
112 482
794 454
400 672
104 658
213 212
879 542
4 396
167 312
534 225
198 411
479 434
888 830
56 687
404 888
284 456
642 760
54 664
430 120
753 259
96 148
675 466
10 872
617 591
572 810
276 251
261 378
290 309
752 686
278 428
516 794
410 271
108 893
90 638
182 580
506 489
591 848
39 129
604 479
38 385
712 396
628 655
759 788
491 780
647 534
229 866
127 100
494 738
309 632
829 651
618 20
586 449
821 757
370 730
640 698
27 525
341 782
575 749
515 270
793 310
535 803
624 296
419 65
140 510
731 863
24 5
749 568
888 379
742 229
696 38
394 372
835 732
149 224
281 49
60 563
898 716
512 428
247 348
224 418
593 204
854 861
809 102
33 794
278 358
17 265
6 556
426 668
673 598
246 354
408 320
359 294
729 393
654 734
885 271
576 892
529 315
490 621
193 345
469 309
152 161
618 247
671 568
658 8
174 897
344 537
462 238
680 169
471 515
563 894
392 536
357 117
566 83
371 578
402 702
411 487
213 645
426 462
796 666
154 775
16 85
888 89
161 315
608 513
274 441
884 145
470 23
788 833
520 193
429 317
173 871
560 713
60 460
288 233
729 674
290 260
611 617
42 223
593 173
148 45
365 580
247 116
448 717
405 849
219 313
591 502
839 425
873 117
823 344
788 675
2 65
629 520
618 743
295 827
369 812
126 346
239 237
476 130
726 89
30 48
260 528
665 535
860 317
40 724
622 746
854 405
743 596
465 869
65 449
105 43
598 27
719 110
825 431
678 846
728 428
510 96
618 205
598 150
652 551
318 143
878 890
646 171
789 627
575 355
576 392
491 197
538 372
105 543
382 165
691 788
464 263
653 62
232 86
663 40
642 51
850 186
78 243
157 21
718 157
33 457
648 240
734 407
890 240
84 660
133 614
899 433
539 599
546 859
33 665
795 380
781 115
758 181
50 710
482 375
818 32
47 53
785 289
892 490
89 56
398 788
247 231
66 222
26 53
821 438
436 105
767 338
668 216
359 803
193 646
240 127
68 804
86 328
410 778
386 526
143 63
517 669
599 478
844 825
367 97
333 103
881 841
591 486
66 191
175 894
418 845
896 649
347 578
24 130
350 523
23 887
873 272
176 732
23 312
82 205
566 349
885 89
883 319
895 671
680 242
726 769
187 547
771 268
126 856
363 845
790 38
55 472
54 614
651 562
897 697
41 194
750 680
270 202
790 0
594 476
720 527
769 31
337 195
43 779
303 758
719 296
597 646
547 457
256 269
548 195
337 838
255 317
302 702
195 897
523 340
410 749
491 228
428 104
464 702
896 688
38 73
378 878
358 484
73 24
679 284
178 575
318 498
362 181
57 558
322 624
25 243
622 585
794 180
607 476
693 464
369 548
701 302
291 893
67 515
532 728
865 681
494 800
702 758
333 246
187 430
176 828
465 134
816 558
165 583
12 834
745 467
308 175
427 368
893 52
233 616
346 428
463 105
607 469
636 151
124 515
171 877
477 898
782 419
847 259
294 577
298 784
835 423
704 635
318 515
789 333
130 277
849 24
230 629
203 32
477 520
74 429
495 407
568 420
810 429
342 745
76 28
345 410
470 767
741 303
800 522
672 600
812 52
379 301
272 571
875 446
858 839
296 167
184 686
572 284
402 893
221 531
734 793
773 790
544 590
593 699
97 339
595 45
94 23
24 418
845 104
532 308
240 840
781 465
167 795
378 290
244 853
306 236
212 447
438 340
383 222
887 458
412 844
393 717
149 655
598 569
873 664
429 805
527 552
93 22
894 466
561 137
181 193
716 820
815 726
671 415
876 501
806 849
323 375
599 746
21 725
83 282
400 728
586 835
34 836
885 240
859 599
350 151
778 245
109 197
528 876
636 11
788 92
244 167
2 716
728 66
795 470
60 818
257 154
14 134
559 395
113 566
291 857
25 807
406 476
503 832
421 890
772 737
134 346
90 251
582 144
23 467
248 101
654 108
198 583
473 224
632 65
374 177
51 32
13 227
791 511
572 70
292 284
622 666
466 118
471 187
456 838
57 470
362 822
594 561
832 386
895 439
25 629
346 54
689 224
858 899
140 222
18 324
117 5
309 895
415 879
174 745
648 265
638 196
59 37
667 794
690 121
725 440
273 682
396 171
829 891
766 440
803 841
592 151
639 549
789 841
483 484
822 866
228 752
464 31
167 381
707 200
512 686
57 694
279 612
168 662
301 644
757 646
52 44
622 855
260 576
28 539
405 443
189 220
28 165
830 805
181 68
188 35
41 101
837 624
470 160
859 347
141 102
422 259
571 439
302 249
483 132
747 607
828 448
280 162
553 131
639 660
104 371
884 447
242 865
802 815
26 771
480 396
240 696
408 427
534 263
875 71
441 235
824 792
522 398
753 328
680 107
615 97
586 370
132 825
444 561
423 319
760 802
519 411
57 794
53 553
704 584
28 562
803 339
236 47
599 702
455 575
578 201
835 83
101 815
771 752
659 859
424 883
606 94
301 105
154 445
593 329
471 557
113 546
28 624
834 235
528 68
180 838
726 820
469 89
620 517
759 564
891 452
688 523
56 683
120 153
250 545
243 33
819 654
873 637
783 674
201 555
419 789
737 507
31 236
399 859
512 571
586 638
760 299
695 742
474 80
157 743
499 766
596 86
265 715
398 856
766 149
329 400
595 190
225 343
611 389
153 833
604 865
633 246
501 535
145 449
458 120
75 845
202 317
804 521
70 88
439 130
720 211
133 715
15 69
806 114
775 211
699 269
134 504
217 747
596 897
530 308
788 435
763 268
195 579
791 265
558 595
388 366
422 128
159 116
471 617
719 658
530 251
63 574
216 639
77 39
336 63
576 670
501 696
751 716
8 147
185 285
484 134
595 486
115 43
194 238
866 10
343 548
874 649
571 844
166 809
37 404
281 169
288 802
508 216
877 238
110 848
4 818
559 13
132 597
758 815
572 548
449 407
711 106
805 513
289 434
763 323
50 657
195 405
896 485
562 188
223 301
455 269
846 515
498 676
456 528
356 498
334 395
310 224
496 390
438 482
78 590
569 759
86 98
591 17
41 463
497 315
715 617
278 252
554 430
663 587
133 754
41 365
625 508
7 44
405 212
734 384
230 569
284 41
291 366
150 49
130 385
306 598
274 496
1 291
71 746
20 588
419 781
318 794
582 33
717 609
82 360
588 518
12 102
176 343
551 330
526 550
191 589
401 815
533 583
117 806
636 301
143 98
564 494
537 527
701 810
865 325
871 611
744 104
419 266
794 82
704 296
13 187
798 177
98 384
148 400
772 168
563 590
464 44
238 109
106 92
426 309
466 368
565 658
10 15
795 534
62 899
504 899
428 851
44 627
298 30
278 587
316 254
894 299
571 273
284 669
310 727
71 709
821 638
42 734
834 603
331 460
739 459
794 165
283 764
579 630
501 383
25 868
556 373
828 587
682 767
836 131
629 437
549 73
407 252
293 227
537 873
78 342
889 75
256 370
495 111
307 439
147 629
389 41
793 561
154 331
236 52
158 430
275 85
93 746
806 623
557 0
561 816
868 699
676 439
5 679
504 847
394 185
44 801
756 423
524 415
337 368
769 859
395 841
826 579
301 774
697 19
75 731
532 763
108 671
720 428
679 173
55 252
211 526
804 845
162 543
118 109
791 572
371 17
19 15
161 701
279 572
133 226
46 406
421 76
457 513
9 432
718 426
508 319
728 399
374 272
570 398
190 602
88 488
255 16
893 596
637 770
777 3
127 743
617 15
87 678
664 435
832 788
5 147
403 797
88 403
32 844
553 588
22 82
848 271
153 382
589 455
136 268
789 898
14 398
362 820
61 457
206 18
154 129
380 412
148 374
496 764
806 722
164 851
42 844
591 730
107 644
773 278
359 782
59 551
92 168
554 712
713 639
601 424
203 542
725 326
391 571
709 412
192 371
447 818
169 676
251 169
696 883
505 501
799 380
711 749
627 184
606 857
53 897
542 300
373 261
264 327
247 294
631 268
528 18
264 392
539 830
261 28
461 132
313 862
160 600
829 378
477 536
498 341
167 553
243 52
365 148
801 748
499 101
719 716
524 72
657 744
217 457
768 390
847 420
886 51
754 836
318 676
107 262
311 717
557 368
895 161
229 855
334 20
348 889
10 40
833 819
592 445
640 678
314 312
483 165
158 505
42 410
524 86
22 594
19 317
734 838
810 485
109 495
728 390
685 738
443 714
138 689
480 800
735 35
551 733
814 374
121 664
350 621
346 181
218 618
835 675
501 781
745 893
411 557
652 667
535 797
96 392
746 830
58 730
233 889
113 388
508 334
6 290
143 108
163 115
686 329
229 295
217 255
684 404
611 841
133 890
808 765
686 435
352 714
7 154
36 812
69 740
195 143
714 455
807 449
220 252
235 118
867 169
742 692
746 888
269 383
73 322
345 474
863 869
847 393
744 622
458 753
96 681
187 359
264 200
531 28
151 784
887 129
280 670
476 577
251 384
180 97
260 445
297 563
876 888
416 249
312 705
876 39
757 95
887 278
554 819
852 141
574 290
99 467
837 416
143 154
740 765
7 14
625 644
528 759
881 101
41 767
773 820
433 544
669 435
49 888
586 415
304 667
419 490
358 479
841 549
256 595
883 870
856 149
189 462
471 410
203 720
492 168
623 572
802 98
519 93
765 880
506 243
192 573
178 870
388 899
338 812
40 781
547 797
800 284
750 711
641 893
598 685
879 575
843 494
6 664
49 738
433 684
92 442
215 654
354 558
441 282
174 349
490 348
846 371
757 228
705 67
147 198
141 781
128 241
53 837
323 874
111 240
61 781
126 568
413 655
431 433
874 321
398 513
394 874
122 129
409 792
350 245
264 174
156 658
344 645
594 798
682 240
440 288
445 665
178 405
121 614
669 470
776 585
121 365
811 467
400 136
496 139
180 427
74 860
50 439
619 5
430 475
51 489
788 66
247 374
149 583
554 854
13 615
150 300
271 714
682 842
896 385
661 209
460 475
518 639
130 234
109 265
809 834
709 289
702 858
885 183
116 675
386 627
513 538
284 303
294 22
458 281
772 393
350 613
153 310
60 525
563 550
767 86
685 155
616 129
636 862
426 757
129 199
56 780
485 824
45 75
763 754
398 602
358 56
373 600
716 611
613 569
504 447
463 213
710 200
515 140
263 654
799 459
541 32
708 551
577 341
123 768
453 123
345 832
653 690
782 182
6 513
820 631
53 655
896 179
735 837
159 309
621 222
866 268
839 88
278 401
317 598
607 603
172 289
93 35
521 401
115 874
84 652
548 262
93 2
64 248
150 891
774 252
701 590
151 58
500 495
587 319
812 823
736 666
385 845
815 254
303 872
107 408
344 856
863 294
526 623
226 297
58 892
16 290
498 547
816 181
587 589
119 225
405 658
96 679
882 622
41 342
711 393
892 524
857 98
739 488
301 864
365 705
717 148
469 370
404 317
50 400
66 94
867 186
258 130
873 826
0 112
406 478
160 775
729 565
898 52
5 656
180 484
