900 1800
570 723
761 431
188 480
34 587
296 189
793 625
895 664
477 68
219 149
295 31
488 534
867 729
619 554
455 30
571 510
508 629
43 886
491 384
266 813
671 862
840 570
32 563
531 481
104 718
599 328
719 387
54 29
493 441
664 724
756 100
600 115
794 81
522 585
814 664
646 509
207 456
85 888
575 313
292 419
102 173
518 842
71 612
716 431
382 162
496 388
314 234
478 703
503 782
570 641
543 206
423 403
818 60
495 425
600 774
899 752
246 290
126 352
362 139
556 293
600 549
337 745
544 143
572 462
581 408
18 469
21 504
157 502
448 624
694 748
347 651
105 706
238 855
382 438
410 86
220 447
573 802
424 0
365 309
390 350
294 858
177 567
283 443
215 61
348 724
354 23
756 672
333 883
359 270
805 602
687 51
312 136
735 730
160 488
36 234
292 238
65 201
514 93
535 739
689 750
269 551
74 336
827 457
246 111
380 667
594 613
398 134
46 624
419 799
877 114
147 114
851 672
897 290
119 239
507 314
238 333
474 460
827 478
353 572
33 484
72 569
838 101
831 501
591 716
48 365
103 406
601 408
570 106
628 169
736 379
868 639
182 788
312 250
727 737
713 546
626 805
414 554
440 511
376 593
612 243
789 838
429 75
893 10
874 653
590 19
340 108
306 482
887 171
681 818
317 514
493 79
146 695
14 577
796 200
440 22
894 445
308 458
768 340
607 668
118 814
318 106
437 294
333 21
286 324
374 242
307 880
530 467
298 766
99 831
304 654
617 40
783 457
334 648
605 813
7 297
122 631
808 613
759 537
490 463
199 848
462 827
873 460
803 758
658 2
180 583
429 574
242 85
638 560
104 190
264 96
501 511
720 682
250 177
814 432
298 584
877 666
44 108
874 165
448 897
821 221
498 266
334 635
218 705
260 313
85 77
861 618
312 839
878 876
685 893
653 843
622 238
166 761
601 422
832 502
852 583
608 364
30 423
599 451
443 586
746 165
137 450
368 427
815 198
318 456
262 127
75 92
259 157
787 353
612 81
545 615
585 887
269 656
616 718
858 524
779 17
237 547
379 29
821 474
129 860
709 784
394 481
125 699
661 698
612 331
568 481
226 80
265 64
433 389
351 248
69 264
268 655
48 533
881 443
508 616
455 754
12 407
787 595
608 420
735 449
461 788
344 792
348 341
230 126
886 872
540 644
150 3
342 832
510 161
732 563
765 149
726 709
37 148
435 236
562 187
58 335
492 767
607 861
26 596
31 367
785 138
369 42
182 484
557 550
55 318
122 829
507 715
697 385
659 54
766 427
567 619
133 772
587 408
868 113
684 166
21 661
466 78
655 502
414 96
362 555
879 372
774 140
880 317
799 67
171 16
732 708
230 587
71 652
26 776
452 545
807 590
864 386
804 116
556 328
782 526
891 203
728 69
403 8
76 609
381 295
101 627
759 361
756 472
647 821
822 264
218 287
767 293
514 17
745 482
789 139
118 635
358 148
456 559
390 557
752 485
534 665
279 278
759 489
737 485
726 143
108 43
895 440
59 305
775 840
831 234
456 875
310 762
512 290
316 618
609 816
698 456
883 400
15 731
311 466
72 547
189 293
684 252
439 262
171 744
155 176
130 447
548 542
188 712
443 559
442 347
98 820
230 347
883 659
228 340
123 613
249 873
137 84
398 528
875 496
480 197
239 570
746 51
559 620
635 708
628 621
105 247
484 346
706 655
729 842
562 729
198 648
845 368
828 440
859 235
114 716
755 818
91 573
463 128
166 739
286 432
217 10
139 578
99 223
507 38
672 591
274 690
462 74
327 394
760 244
842 347
335 665
810 101
563 386
531 850
691 871
113 724
215 449
541 638
494 178
426 591
807 175
577 225
889 270
112 469
807 719
584 595
640 487
500 670
608 702
556 846
164 435
360 839
685 428
425 514
892 663
467 720
30 377
576 438
834 768
330 729
411 230
482 474
298 238
367 65
106 815
764 773
251 838
816 638
615 795
664 349
11 226
714 365
230 211
337 477
536 358
619 565
281 615
826 448
777 830
4 616
764 689
603 514
188 88
255 478
206 96
609 349
90 868
678 66
214 571
872 114
712 69
501 821
255 113
202 677
64 840
80 133
25 47
314 605
244 586
773 678
84 872
199 568
580 690
652 759
766 115
517 294
498 566
386 850
517 377
153 462
886 747
669 788
528 418
550 274
134 727
637 688
583 474
446 171
528 623
306 273
9 544
414 115
320 76
416 318
734 559
449 761
37 641
747 232
548 360
82 745
520 181
497 574
381 44
458 123
377 533
731 863
381 611
754 283
511 448
64 672
181 402
215 82
570 286
110 783
187 638
831 140
432 891
136 222
698 267
79 390
425 764
743 265
47 741
536 639
305 314
360 739
272 852
127 737
145 819
718 607
204 805
251 623
485 240
221 679
545 302
149 369
180 873
889 121
3 94
459 190
97 508
740 49
586 728
600 658
404 782
772 740
220 721
637 563
397 293
611 239
521 272
773 357
804 138
570 364
52 515
17 897
712 749
486 535
581 892
159 80
242 832
580 688
587 520
240 797
681 466
452 898
478 63
885 510
207 253
385 664
703 712
624 860
743 836
813 478
369 321
102 84
108 381
887 736
794 170
670 661
505 764
148 648
212 644
436 633
761 232
136 263
318 492
280 739
137 824
314 222
121 431
292 461
244 675
378 802
284 228
85 34
546 392
817 248
429 825
227 63
423 78
515 308
666 377
660 371
869 778
695 51
563 613
533 176
551 406
431 525
502 710
104 207
384 133
240 552
353 672
393 390
332 726
618 305
136 522
658 803
840 680
108 322
690 892
291 764
629 43
849 90
852 807
161 107
610 899
617 100
448 526
124 96
781 582
650 525
524 324
253 591
85 502
601 17
784 694
80 203
733 314
116 181
142 175
776 75
641 314
94 813
687 695
254 845
294 846
471 679
370 292
511 767
310 471
427 117
641 568
548 136
372 152
37 175
769 100
122 138
569 151
544 273
317 380
621 414
841 83
125 118
483 495
722 733
788 57
236 757
338 751
553 259
637 192
399 196
174 519
67 571
126 159
201 374
418 654
238 394
739 259
234 516
678 29
681 278
524 401
451 383
653 54
858 698
228 770
201 539
499 341
584 665
15 456
476 25
306 356
66 235
349 182
674 510
128 418
873 802
448 723
800 256
179 410
795 443
128 854
241 475
355 51
247 97
410 157
486 498
490 751
715 470
540 573
563 702
824 816
345 435
57 840
657 769
389 316
571 336
223 139
622 120
86 525
89 719
609 58
378 818
22 501
492 713
286 746
410 313
146 445
313 877
720 96
280 693
731 110
510 853
753 427
277 816
890 771
730 890
302 553
303 780
608 844
754 693
624 211
676 377
201 34
20 406
595 808
207 525
459 600
714 470
768 657
784 170
473 808
230 498
380 8
746 407
769 527
717 88
252 147
98 875
648 515
592 161
517 216
150 411
53 83
57 70
351 548
506 139
299 604
428 307
27 497
286 358
187 772
724 828
306 532
515 358
400 817
441 815
832 508
408 198
734 787
805 601
309 880
72 835
387 294
466 867
596 452
867 804
718 740
46 2
741 414
145 738
682 598
81 532
413 740
84 529
578 649
654 744
555 195
249 241
36 260
644 589
289 864
486 469
260 517
659 326
728 816
28 602
91 734
461 692
552 159
570 129
658 304
354 388
620 143
403 589
389 582
126 645
692 668
214 411
98 255
75 316
525 837
896 128
863 506
605 350
712 512
835 702
142 20
22 854
99 525
712 533
520 380
870 607
105 887
161 125
485 541
21 573
387 227
230 275
54 411
132 433
88 238
730 155
493 293
369 737
304 93
241 630
831 509
150 161
416 637
594 673
752 591
602 598
325 26
656 10
297 677
488 256
97 585
835 32
36 284
676 836
115 636
33 851
779 228
592 559
890 270
305 5
291 273
434 98
422 339
876 508
67 804
861 396
880 447
129 571
219 519
398 539
759 442
870 522
518 123
243 189
885 212
436 572
47 284
333 447
768 1
718 381
660 556
145 316
497 260
321 429
277 457
517 219
730 284
670 44
260 153
60 819
892 875
669 524
277 456
311 238
8 4
354 887
430 369
22 39
407 248
685 393
200 579
705 343
54 12
629 533
232 838
416 7
321 572
583 818
464 633
763 249
820 408
609 87
875 648
577 854
681 723
200 328
391 195
808 311
328 147
475 465
755 372
615 886
187 192
285 596
255 389
175 401
629 163
546 267
668 333
652 781
272 27
851 871
633 412
892 174
545 53
671 645
86 202
270 894
704 324
423 896
727 629
732 818
89 117
735 622
348 134
83 783
185 793
45 498
527 314
666 622
304 436
809 839
688 680
271 867
456 214
7 236
42 872
264 820
220 210
778 23
103 658
419 29
789 281
546 102
441 169
247 817
279 730
694 832
526 74
622 230
69 437
158 34
24 492
575 198
305 64
315 657
492 434
779 332
599 655
440 224
861 713
457 471
65 799
298 526
154 755
875 239
462 615
849 458
853 696
31 62
554 480
860 846
884 471
657 742
415 465
319 359
664 68
610 272
44 547
618 432
608 826
76 573
733 1
478 92
237 135
866 468
6 851
672 742
434 509
400 88
880 703
704 219
727 541
337 346
312 90
61 774
721 217
302 403
864 227
14 517
723 753
839 510
33 559
421 529
899 848
159 637
742 66
157 788
148 715
575 344
204 788
129 290
82 854
435 668
431 859
294 34
653 573
216 462
29 595
355 141
469 83
820 817
167 594
324 31
444 81
767 152
263 107
237 660
489 258
355 105
166 389
297 623
710 210
725 877
463 592
245 269
879 178
358 897
417 850
590 456
700 60
797 648
509 574
157 698
771 396
579 630
76 639
548 681
254 89
96 482
473 85
512 613
77 615
876 588
380 598
269 80
881 272
157 435
801 96
681 443
857 887
347 596
112 784
420 310
769 828
53 49
104 812
679 301
547 629
867 763
883 443
468 170
380 102
35 337
281 880
610 132
173 418
352 330
413 471
215 278
555 91
306 155
769 238
10 593
200 39
400 744
652 197
131 268
412 503
519 385
428 647
532 228
597 293
885 373
166 671
16 735
452 688
52 149
380 422
573 210
541 479
97 357
828 127
829 871
706 681
71 695
19 37
685 453
566 44
336 507
629 831
311 805
388 185
433 339
71 347
462 408
5 478
688 99
250 632
297 466
671 610
181 449
326 733
265 571
465 854
27 397
793 106
857 295
286 826
89 237
207 206
379 644
283 779
490 641
540 177
535 182
562 142
489 678
118 482
525 895
584 309
850 767
779 230
660 5
581 373
402 741
692 659
816 693
45 381
73 529
29 266
231 403
781 72
104 837
530 687
505 129
886 445
230 1
513 0
298 169
76 207
34 691
349 187
136 482
404 768
693 529
17 68
209 611
506 305
665 416
630 711
290 815
710 540
624 887
328 285
506 802
781 65
814 185
396 163
184 772
130 715
540 45
232 129
217 682
631 456
95 403
345 389
127 506
629 113
141 227
801 86
362 762
667 73
547 873
469 431
218 430
617 866
64 839
364 324
224 660
185 569
164 658
620 454
328 582
769 172
53 499
665 683
334 576
809 497
589 769
898 399
777 708
834 706
47 326
869 707
598 135
349 304
677 274
76 803
137 877
338 697
792 326
855 59
740 639
225 78
500 693
537 44
468 395
422 685
13 111
340 90
627 585
766 415
434 408
155 142
1 256
204 755
179 632
159 248
240 153
269 148
269 364
144 278
251 231
235 350
500 276
20 181
476 514
480 43
153 733
691 395
713 149
686 148
417 218
578 268
661 83
763 352
335 575
62 587
899 213
98 424
369 614
332 131
772 424
196 201
750 764
155 552
381 193
786 779
672 769
731 87
733 723
722 418
783 736
548 236
890 435
529 487
755 476
122 343
365 565
876 325
475 110
28 224
415 190
850 346
779 638
687 249
400 289
168 735
48 885
589 307
451 313
721 149
123 213
59 459
735 553
690 280
770 619
362 709
284 232
755 496
675 401
14 795
656 464
11 485
200 362
349 506
122 893
561 580
488 145
202 896
72 650
661 473
584 321
619 705
758 663
419 723
344 259
419 455
187 810
694 731
730 182
36 120
831 807
848 326
524 812
250 505
403 296
461 768
260 406
249 853
755 385
89 837
624 556
589 640
442 265
675 874
628 459
844 425
61 23
851 578
123 219
77 232
880 815
580 355
584 775
176 315
660 176
288 352
502 78
726 647
152 77
288 435
381 238
308 142
484 13
26 715
323 431
426 195
566 562
772 110
280 535
729 112
886 710
256 692
476 800
260 573
357 840
624 584
416 620
877 680
792 575
795 593
896 692
171 204
628 99
469 193
758 464
809 125
290 802
719 834
522 542
80 422
758 294
120 227
736 282
424 852
852 77
138 524
592 892
805 15
684 656
674 769
462 397
175 811
23 899
340 474
418 1
337 894
684 380
455 875
71 211
565 56
189 38
228 842
340 358
472 75
697 688
581 333
313 403
574 417
412 198
189 671
230 239
488 273
642 18
434 741
43 720
501 457
529 607
78 48
645 855
739 198
344 581
72 660
174 715
103 328
107 190
898 577
823 635
340 307
253 785
793 723
447 894
648 6
419 98
729 448
565 766
477 751
684 765
861 795
128 509
651 814
804 61
861 365
376 354
617 597
816 812
120 455
377 630
626 342
259 650
843 600
381 735
398 564
184 843
321 374
185 230
3 618
23 331
80 468
549 754
466 346
735 183
245 482
711 118
522 779
221 894
868 626
719 709
495 302
397 852
449 694
639 856
352 211
578 568
205 832
150 352
116 466
594 320
787 723
450 278
209 193
631 258
217 525
30 329
434 451
265 720
749 400
474 527
188 45
387 569
7 242
163 126
48 545
534 798
532 45
723 698
0 735
185 741
866 810
280 358
346 359
96 28
842 581
471 747
588 178
253 25
742 313
564 843
430 340
472 91
397 158
516 825
698 571
736 31
168 42
422 630
804 564
654 366
629 807
439 74
840 464
642 826
345 561
520 160
367 23
688 768
110 763
95 850
788 115
267 706
440 276
179 107
250 308
194 425
13 539
729 401
206 526
635 717
631 803
99 818
344 335
611 7
783 709
209 869
321 785
652 763
159 485
383 532
273 177
267 259
21 588
663 327
366 697
417 116
192 231
65 203
318 870
490 657
151 408
483 645
669 350
124 713
68 434
752 845
499 459
759 626
171 319
347 775
722 490
735 694
863 67
168 454
490 400
207 210
641 273
809 288
211 536
857 732
203 500
686 338
93 857
20 526
325 268
713 110
651 696
785 881
368 786
109 884
427 506
54 254
189 354
370 410
643 785
140 86
579 414
607 697
846 39
706 136
270 678
497 666
506 535
255 669
55 203
819 138
387 681
549 678
363 247
663 396
217 837
245 97
89 458
248 237
178 261
793 339
525 695
774 67
401 820
318 161
179 520
887 8
167 183
221 645
82 324
326 257
579 404
578 297
761 414
181 519
27 832
344 302
382 603
722 452
170 259
641 355
582 484
18 765
803 232
222 743
727 27
62 411
882 140
628 11
660 415
608 426
130 754
568 342
87 347
516 283
751 612
890 205
404 820
326 591
37 222
344 841
349 767
318 822
498 769
483 141
391 201
872 28
649 549
373 215
100 585
132 480
60 847
856 225
82 819
584 810
49 153
607 428
20 481
457 215
846 702
846 782
28 856
202 530
424 563
457 590
867 620
459 66
721 729
309 551
664 812
447 29
505 674
785 514
643 778
31 343
437 85
600 493
39 840
574 182
286 885
13 705
889 570
885 191
89 607
745 145
193 366
15 292
878 348
333 360
387 182
603 509
748 544
757 511
774 486
309 583
515 394
820 626
719 358
678 333
573 452
208 137
752 545
295 889
446 387
521 432
841 178
307 437
193 314
769 15
505 635
419 321
228 135
4 735
542 472
166 348
597 714
337 158
618 753
659 383
633 31
801 470
822 594
140 235
254 142
639 377
766 9
390 86
86 33
143 89
224 612
822 202
434 809
150 889
569 163
521 760
323 336
613 20
369 278
492 345
495 267
453 369
43 5
15 516
135 750
870 695
224 677
738 186
52 800
6 450
411 135
526 899
692 824
