900 2000
572 626
452 207
799 624
360 86
541 442
21 480
210 287
652 304
734 583
29 78
644 117
131 529
659 500
346 846
290 772
631 466
723 130
385 435
801 382
302 571
683 103
51 439
17 273
718 143
625 719
708 295
679 879
129 453
732 641
289 336
795 592
69 55
743 216
349 576
416 640
305 349
68 845
698 569
60 94
404 455
383 574
546 397
796 398
632 751
153 203
67 162
153 76
587 629
689 847
107 832
245 733
375 354
489 729
315 571
591 185
770 752
25 687
683 351
458 804
37 243
875 166
347 97
577 374
885 275
201 163
379 228
493 526
740 561
520 394
881 405
632 607
760 637
511 20
458 525
648 512
249 585
722 4
541 279
353 625
306 700
386 247
481 460
502 461
725 106
869 579
453 242
660 136
304 560
624 751
740 582
602 41
49 866
496 866
288 730
126 378
37 478
571 499
278 21
62 826
143 740
141 292
48 464
467 347
607 351
389 215
441 278
487 42
680 750
264 668
871 141
36 325
285 567
374 428
617 279
141 757
767 156
855 711
725 683
471 898
299 733
365 298
645 567
544 411
733 433
24 592
393 494
183 349
401 49
296 820
450 475
718 777
867 317
188 659
208 792
897 101
589 770
782 90
372 512
739 805
3 576
760 582
662 652
675 598
668 158
356 156
350 394
387 237
286 49
155 561
869 390
62 482
250 338
407 466
448 534
160 3
601 609
458 234
608 662
750 524
630 642
736 724
581 428
813 475
306 208
97 657
503 417
385 273
42 70
500 623
482 522
710 661
197 52
557 75
112 612
248 343
703 557
258 500
26 448
56 123
832 556
619 456
45 29
547 186
440 748
37 535
125 897
708 604
678 664
586 826
757 829
817 489
517 246
353 354
414 223
594 681
382 578
270 852
842 346
20 82
742 256
284 15
61 313
628 523
553 860
300 385
514 291
817 228
389 607
27 535
363 584
387 621
460 305
34 675
486 201
197 709
116 402
733 510
477 134
264 297
677 728
479 859
77 190
341 225
209 846
421 330
662 327
555 496
716 704
542 549
152 535
625 274
287 439
234 271
604 685
167 528
171 654
570 745
79 854
513 571
256 434
882 745
427 810
372 604
500 732
518 116
826 655
164 817
723 13
256 587
34 876
630 533
583 456
42 213
770 369
593 255
717 731
63 697
454 535
51 328
703 430
468 398
174 888
437 649
525 809
721 707
857 449
874 690
314 787
361 200
227 52
398 137
738 856
557 218
27 666
517 343
822 318
544 772
875 202
731 541
547 744
806 576
679 433
5 4
384 890
840 223
18 345
551 470
187 439
590 22
608 688
732 567
621 578
585 895
21 301
567 223
53 844
537 57
465 703
73 144
596 680
790 219
286 404
38 158
298 649
713 75
234 580
58 57
748 574
201 708
839 782
385 800
315 301
244 641
107 784
660 327
898 35
273 228
745 771
323 24
21 670
262 55
65 260
752 727
169 313
731 127
102 351
691 180
106 413
485 94
839 153
662 559
792 589
466 246
770 857
503 168
174 250
700 874
389 405
595 92
630 488
105 347
477 896
613 409
802 624
858 123
672 451
171 320
726 344
745 243
800 750
774 830
468 502
167 404
8 277
310 307
851 675
48 19
415 668
288 9
788 701
848 740
8 333
592 408
825 642
166 771
186 330
35 319
771 573
519 393
842 494
334 452
740 205
851 237
86 202
4 175
349 428
525 206
447 115
642 113
631 719
485 552
665 215
553 385
42 804
870 385
188 442
82 693
259 721
146 884
799 296
312 636
182 40
892 553
282 841
276 555
340 170
732 592
169 225
581 658
49 799
155 505
495 688
421 297
83 861
3 555
270 644
248 186
643 492
347 499
633 538
795 58
523 7
4 66
692 668
27 57
822 753
772 253
491 510
237 476
91 580
5 836
340 730
100 199
56 84
369 680
686 338
105 297
237 715
587 536
800 76
806 824
46 636
898 704
710 590
406 642
805 845
609 101
18 67
453 15
838 44
523 775
519 577
712 468
196 266
694 804
191 622
3 548
772 397
761 582
99 512
396 184
756 766
276 725
337 856
799 687
491 467
183 160
581 604
848 288
461 677
214 383
224 828
649 604
694 463
807 336
313 35
706 356
212 820
158 304
845 556
542 272
890 494
715 190
607 284
894 612
0 545
693 35
152 766
262 728
630 455
234 779
499 174
410 893
46 656
537 610
246 361
84 233
13 685
51 210
743 808
89 222
610 437
167 130
429 352
735 601
846 353
379 742
487 72
650 433
620 810
861 561
545 170
497 178
871 525
585 373
262 63
677 327
665 739
311 789
701 240
249 850
595 493
649 601
136 116
32 646
233 716
744 584
74 368
672 732
748 148
661 660
67 525
339 160
437 16
275 157
272 834
683 394
882 835
456 870
773 36
252 15
88 59
844 854
29 817
549 667
428 640
252 11
725 835
21 642
794 259
515 560
677 643
732 883
18 402
473 335
371 813
481 12
620 204
605 53
157 750
570 707
155 734
823 359
739 575
706 815
105 899
829 177
310 811
597 35
237 162
541 662
630 490
292 334
548 885
103 444
542 654
707 87
49 652
357 849
608 834
476 37
220 545
717 85
181 576
529 443
724 344
197 199
143 849
671 25
532 882
875 438
434 591
200 81
831 114
297 85
295 864
296 708
483 196
441 710
160 164
218 233
749 92
432 719
588 67
257 135
223 147
79 532
513 453
222 731
27 468
319 613
775 151
409 705
76 229
643 553
294 846
851 344
631 542
727 252
677 311
38 504
569 489
785 644
517 89
476 661
469 379
517 351
678 717
696 718
74 198
898 690
623 408
567 267
259 784
864 713
480 141
28 876
794 6
170 93
651 51
197 442
593 164
610 440
725 770
684 388
398 618
528 753
260 117
269 831
268 670
194 403
741 96
399 125
835 495
676 713
170 63
850 122
254 247
176 400
59 467
376 169
258 759
856 485
45 367
864 812
512 60
370 400
181 792
195 574
39 653
217 23
516 74
688 849
717 567
736 244
874 15
828 894
131 46
790 747
895 810
323 348
790 135
165 876
135 413
794 509
601 705
2 102
593 123
356 237
56 853
315 155
255 488
898 165
564 493
873 725
183 223
454 440
714 72
831 247
379 728
746 312
884 299
350 442
293 608
707 427
148 158
833 490
403 372
799 538
308 261
233 431
61 525
7 465
369 235
486 154
193 569
680 106
797 252
397 588
363 808
818 294
485 47
286 809
231 315
201 504
711 650
113 247
52 860
854 749
876 828
304 578
831 858
414 166
460 834
324 207
582 737
207 776
584 69
588 373
179 676
655 160
717 528
871 60
96 651
857 412
625 161
725 436
335 361
557 572
724 262
219 353
202 865
191 601
835 630
813 380
624 299
621 205
605 364
248 177
706 641
33 330
534 768
458 531
558 739
727 153
411 335
397 31
663 730
336 221
465 895
762 82
641 899
270 33
317 527
839 58
475 868
846 78
441 224
625 715
674 440
748 814
47 780
419 268
651 499
306 447
500 819
492 371
39 457
716 816
821 743
747 275
873 778
303 804
499 732
212 484
892 105
223 132
84 8
218 449
537 387
407 297
337 10
352 357
293 506
17 106
427 308
148 243
652 758
872 338
773 556
200 95
336 467
878 94
403 339
648 4
198 264
821 701
94 354
5 224
879 250
8 100
873 757
644 500
505 68
141 712
157 707
232 90
568 43
183 215
254 797
5 285
270 697
864 341
428 55
207 790
460 419
147 142
101 680
803 372
266 395
27 250
183 128
664 237
873 41
759 4
154 264
609 211
62 729
507 658
545 460
394 89
866 528
304 330
65 10
554 577
482 622
682 388
779 320
266 874
818 2
180 830
820 552
174 568
62 732
334 145
310 862
410 338
307 542
110 448
604 257
597 684
458 36
119 501
280 663
61 67
503 596
735 106
555 887
468 152
805 860
567 210
57 162
104 108
670 482
521 456
108 791
43 431
110 192
267 69
470 698
229 292
619 284
376 492
503 449
853 419
636 719
780 224
599 767
669 97
474 813
135 888
453 590
94 162
659 830
146 379
58 160
354 648
521 588
640 21
483 419
674 294
315 347
635 802
245 865
139 699
442 466
454 694
200 306
580 378
472 741
328 829
714 845
65 470
438 868
623 851
485 657
177 119
287 487
888 239
647 317
560 350
501 701
714 635
75 684
736 204
320 219
160 854
3 681
637 584
545 213
351 331
575 782
811 553
111 609
532 422
669 899
256 895
514 474
732 291
786 434
705 882
617 80
423 742
457 891
858 325
719 142
505 181
257 681
35 394
483 651
264 604
391 371
119 64
773 747
712 241
65 33
512 879
740 626
365 42
212 287
723 854
37 203
403 571
807 522
617 445
824 13
100 628
606 504
576 799
329 702
728 595
114 622
191 11
659 206
701 767
191 672
13 378
642 733
444 899
347 776
179 875
517 638
77 816
873 689
332 526
127 467
685 480
305 219
650 280
342 416
164 548
605 217
19 166
591 387
732 695
593 301
552 611
740 854
66 121
445 36
470 727
585 40
529 152
444 93
210 771
784 896
841 301
205 371
478 599
202 605
532 749
358 100
558 664
763 473
76 314
53 542
588 655
735 624
365 874
294 660
184 68
847 537
725 227
496 570
401 78
792 424
252 188
47 49
481 811
858 275
613 76
251 811
480 596
408 97
786 483
223 821
675 321
179 828
273 382
665 275
600 680
707 637
705 845
219 46
512 361
822 689
182 269
892 81
380 177
702 424
386 838
630 657
601 855
214 467
210 115
346 37
620 626
690 445
616 284
219 376
381 157
738 275
650 346
177 447
504 341
852 67
688 511
314 63
328 840
131 541
402 776
592 692
349 643
667 885
772 368
329 391
748 646
339 527
363 324
79 62
622 454
763 587
262 547
819 325
842 784
112 221
533 853
735 598
608 844
543 81
630 429
16 408
775 18
297 453
820 206
708 784
596 865
39 601
448 700
726 70
169 436
153 141
787 697
357 857
210 164
512 548
687 227
196 419
704 85
887 98
410 307
195 200
471 597
755 807
247 880
897 417
751 420
604 732
641 413
234 869
687 547
513 795
334 262
701 375
874 54
534 798
22 460
641 539
418 290
514 875
147 201
745 519
641 654
398 840
230 16
305 342
594 857
84 441
406 507
583 281
30 490
557 37
742 490
215 286
129 490
840 504
80 305
734 20
424 818
124 434
474 787
323 899
98 122
316 527
798 761
251 466
862 811
412 763
165 423
366 648
57 706
471 896
522 382
243 770
626 766
39 51
630 83
192 231
180 329
227 305
80 627
827 75
297 396
134 536
542 457
580 37
270 749
493 236
393 822
157 247
132 855
772 448
360 18
831 312
558 832
881 486
512 789
535 25
881 140
676 144
876 595
746 672
332 31
794 41
412 571
306 833
387 202
98 252
61 794
496 47
698 779
262 688
261 759
224 32
249 780
390 532
190 780
774 893
852 53
731 880
793 548
789 72
881 840
165 9
543 651
774 865
240 523
108 459
151 2
685 475
33 180
754 565
631 873
667 716
30 436
211 36
428 150
407 289
44 365
616 658
514 455
129 813
735 625
364 686
252 249
863 570
491 256
668 441
692 285
686 378
691 168
115 597
837 755
734 629
581 627
767 895
527 429
777 45
108 414
210 851
197 91
889 348
241 655
195 712
806 764
338 876
13 77
492 664
236 388
724 396
692 656
122 787
639 473
605 561
755 660
121 223
60 48
642 779
837 660
204 339
764 708
472 608
506 449
444 508
78 583
114 566
380 211
615 294
522 812
156 405
615 787
210 683
696 149
879 291
182 159
658 467
81 328
868 273
346 89
225 866
544 68
81 824
761 522
24 574
724 702
832 147
555 206
129 718
310 191
570 167
50 0
743 582
775 658
342 291
576 124
609 681
610 156
329 241
174 184
509 454
458 284
218 50
188 597
715 781
568 619
233 718
579 96
60 542
67 293
243 524
629 343
364 168
352 384
802 164
32 170
227 777
574 168
471 140
237 739
818 567
833 615
11 854
244 623
851 397
476 446
70 131
214 515
179 347
876 471
731 358
640 659
99 322
670 614
803 186
584 197
131 450
79 372
559 475
350 505
710 394
492 246
821 143
614 572
876 466
835 294
791 368
752 872
861 304
765 128
231 450
766 39
116 183
409 507
480 353
405 373
224 55
322 383
283 833
427 551
275 868
339 294
104 377
897 159
124 431
220 336
404 580
700 349
5 220
198 549
19 405
656 504
732 455
474 111
763 149
444 887
639 93
829 862
244 110
379 23
398 809
31 324
696 666
850 13
628 795
574 605
371 699
484 509
161 548
523 446
463 221
178 670
523 889
202 562
861 409
780 681
57 500
133 414
226 144
424 770
120 344
335 188
576 314
891 45
258 101
560 412
497 570
274 847
580 606
672 508
500 895
430 764
98 564
668 656
705 877
213 337
220 63
715 367
842 96
439 123
88 113
423 441
566 548
441 844
709 176
149 625
420 278
766 478
788 528
220 455
359 67
409 424
243 162
452 602
23 42
752 601
682 856
247 434
737 642
411 313
270 725
137 174
561 732
525 218
813 695
138 740
418 432
607 612
61 460
604 92
633 720
21 75
760 802
369 559
543 653
740 122
395 378
367 575
721 716
466 526
503 611
375 106
78 175
345 247
501 334
387 233
212 504
621 660
429 349
413 765
831 560
153 191
897 51
663 20
481 308
539 562
34 297
103 404
859 490
473 358
645 591
883 135
663 371
193 784
570 514
356 270
274 753
263 571
258 512
64 185
541 263
738 385
499 269
687 163
146 506
24 741
339 724
639 599
633 359
61 159
734 724
596 587
733 643
627 350
143 864
266 377
599 228
371 779
567 431
813 571
653 183
87 843
362 257
895 859
261 130
712 430
62 301
341 411
0 860
829 424
321 491
129 197
83 710
776 327
87 117
574 18
162 680
254 93
528 163
595 807
471 281
494 725
591 674
128 716
20 33
411 222
52 260
849 870
132 43
791 213
241 797
86 596
579 535
575 68
90 431
496 483
259 539
72 592
84 447
742 582
794 548
725 678
494 571
621 104
183 275
500 107
21 500
493 701
435 548
853 832
267 430
451 53
314 285
513 792
360 534
594 675
466 635
193 730
193 254
601 156
341 222
146 614
893 819
475 651
579 232
740 428
126 414
368 876
323 113
828 793
662 722
698 138
302 16
545 284
218 494
699 857
6 774
287 895
572 739
80 421
405 278
327 207
292 171
221 853
554 791
143 621
603 895
76 250
6 649
114 411
530 455
414 660
158 856
321 5
729 662
828 14
895 343
107 357
393 661
238 795
625 739
280 847
353 166
105 495
107 576
30 792
611 531
724 102
435 738
361 210
142 162
326 55
446 456
641 314
588 855
658 346
518 825
467 246
337 833
407 33
714 482
115 37
511 365
144 578
839 120
503 600
115 240
388 301
869 789
726 149
312 848
110 491
758 779
627 288
248 697
6 617
182 62
323 341
652 409
158 636
226 168
874 221
441 810
645 678
786 125
373 528
719 510
749 336
192 220
237 544
572 173
368 302
694 613
415 94
619 516
865 806
62 512
330 780
225 689
384 698
536 421
456 53
610 574
447 484
523 290
192 151
545 464
434 468
467 142
20 289
546 348
346 507
420 34
18 58
354 314
244 470
32 336
207 344
234 150
645 556
355 609
532 319
33 99
594 82
252 321
865 622
655 299
8 15
306 799
431 518
250 889
571 347
396 34
194 536
805 829
412 276
774 589
347 133
894 464
52 573
557 9
729 624
593 271
642 444
606 477
670 244
815 316
132 462
9 686
514 782
400 654
802 607
483 21
354 292
166 281
609 363
491 640
392 77
95 416
425 709
511 598
605 118
312 601
301 700
45 622
491 457
826 4
262 125
415 792
368 708
68 236
91 681
334 506
417 244
287 725
665 22
703 620
657 212
705 38
270 374
255 563
606 480
879 642
764 630
762 635
91 867
88 594
867 68
458 838
676 724
765 718
708 429
558 191
490 436
443 628
198 766
520 890
482 293
854 558
849 427
322 716
361 568
506 592
507 68
628 136
237 436
563 850
386 29
11 108
641 76
449 359
160 279
140 550
481 744
384 110
294 624
826 445
726 267
27 38
485 31
105 660
711 251
130 285
10 734
326 508
501 163
468 368
743 521
603 82
846 414
354 807
96 747
603 515
859 620
567 748
215 358
445 439
413 149
151 21
52 456
675 247
711 308
811 823
51 383
392 530
28 291
250 757
443 698
670 802
758 21
555 711
239 561
115 606
303 499
656 883
305 838
697 95
430 727
32 84
641 726
770 740
796 311
769 403
431 270
732 447
853 402
256 38
399 543
550 198
884 369
877 62
443 282
213 167
70 785
760 483
221 838
789 499
602 359
886 209
627 566
812 41
437 339
859 210
447 358
487 825
194 270
18 117
391 85
282 662
800 267
248 392
789 857
363 555
121 619
24 652
492 395
629 881
809 46
362 625
231 587
568 583
543 516
586 31
210 576
146 421
746 755
747 128
614 42
843 762
506 724
767 223
20 201
226 841
672 415
49 508
469 138
150 825
172 174
840 869
202 711
286 669
241 299
514 533
321 397
377 577
866 735
482 762
345 181
783 181
687 40
688 194
202 689
693 172
551 577
348 525
569 680
236 145
328 837
528 462
357 699
348 652
782 549
533 754
545 744
507 97
208 221
767 410
217 2
709 826
639 859
694 552
292 645
391 649
91 307
444 865
223 372
52 578
551 264
558 121
56 437
813 589
575 474
549 838
856 512
841 337
102 84
77 511
603 807
403 301
790 854
202 128
431 556
166 387
882 677
54 644
774 581
242 401
680 683
785 731
554 793
489 34
339 654
206 574
64 351
369 264
466 896
118 730
586 372
869 545
619 564
469 541
9 756
833 412
75 324
717 551
8 761
786 443
133 683
789 471
427 569
178 130
40 521
415 326
653 429
393 606
361 462
90 80
564 41
457 763
875 132
818 110
497 183
546 556
128 540
12 497
792 221
406 163
460 800
434 656
711 881
436 631
