800 1700
291 530
11 423
743 468
555 694
668 510
733 204
274 245
756 404
672 693
148 92
522 720
236 641
159 450
729 235
636 585
552 556
687 108
647 81
475 717
38 599
254 292
24 388
337 435
250 633
476 283
761 479
554 337
472 541
739 473
610 224
265 325
47 766
378 60
473 173
451 38
739 116
724 290
157 468
74 517
542 445
485 329
134 668
124 360
258 263
518 253
201 667
680 745
707 420
35 570
591 729
320 43
127 140
713 331
182 301
779 624
134 763
711 343
653 130
611 251
688 763
609 90
547 571
386 423
583 639
235 782
531 532
281 60
56 564
661 177
244 246
346 81
76 465
241 453
18 609
541 435
727 723
246 648
688 520
689 264
736 723
244 208
520 389
42 417
554 706
661 451
674 455
554 406
717 763
517 240
74 5
110 170
541 364
67 254
274 367
166 571
553 278
418 734
257 145
87 450
281 131
496 595
586 576
582 514
443 302
19 690
353 485
64 637
337 533
52 171
195 361
451 333
316 545
705 59
602 631
172 745
467 296
162 498
66 77
641 577
408 440
791 136
667 123
26 218
116 122
646 620
273 522
520 502
107 754
125 217
140 247
631 601
44 687
326 700
456 582
383 516
204 66
14 151
578 205
787 406
555 190
225 631
58 636
106 127
249 345
248 103
646 405
313 192
518 334
147 3
551 381
733 159
181 723
630 403
617 424
609 477
16 706
437 79
460 316
582 753
15 699
259 321
639 357
693 378
478 458
334 82
193 703
519 774
242 770
544 18
258 55
519 284
131 751
700 3
100 155
99 189
754 787
771 368
566 69
391 402
773 788
16 241
780 575
461 183
587 478
171 67
753 323
685 758
702 780
564 310
737 265
52 300
499 186
615 145
318 244
159 363
780 158
332 93
45 642
28 760
119 128
433 773
768 548
606 382
301 42
351 774
11 348
249 447
586 662
398 536
151 599
480 726
708 443
564 579
783 146
50 318
746 370
129 383
470 708
163 714
7 213
339 320
212 10
793 697
382 628
514 691
332 191
598 183
796 354
499 409
726 39
557 330
160 560
361 576
700 563
638 388
149 417
657 495
544 615
613 552
151 606
312 373
76 27
669 777
464 456
327 18
138 294
403 742
567 269
378 423
551 688
335 487
14 312
647 135
567 799
583 732
769 34
607 547
437 571
354 258
412 139
464 749
545 371
777 720
691 495
774 423
751 429
421 306
173 709
664 374
659 676
321 724
390 648
606 433
214 405
556 661
458 223
425 648
431 598
27 254
635 421
435 623
228 38
134 374
90 349
423 213
429 693
75 444
26 235
138 19
289 53
585 665
366 657
473 196
215 597
404 74
93 487
697 248
27 671
321 36
566 227
453 143
767 260
240 522
351 320
498 326
637 548
150 548
224 787
792 742
471 786
768 362
340 671
295 481
695 455
310 634
396 790
378 35
113 445
480 560
255 699
176 327
432 646
240 465
709 435
597 51
649 69
633 237
310 499
116 94
673 779
265 79
631 616
269 220
171 349
742 631
406 602
8 10
481 493
344 653
274 68
304 287
309 58
334 69
510 87
728 244
212 628
379 433
433 359
168 9
109 414
366 570
398 425
562 150
437 125
442 458
291 142
287 182
587 42
796 607
287 776
675 518
133 758
789 68
797 385
187 70
195 472
597 606
179 456
632 773
675 131
88 26
360 89
323 714
331 496
740 661
346 247
571 516
282 741
675 458
798 757
772 506
419 777
377 660
89 672
540 736
361 198
459 744
719 223
553 799
172 400
49 324
562 489
151 498
177 340
387 56
45 44
679 553
659 514
194 342
456 666
716 796
565 290
149 550
607 401
566 465
171 683
298 7
309 475
200 415
356 170
579 428
752 617
234 402
217 498
761 100
620 665
767 427
523 281
103 91
380 106
493 446
632 596
233 446
393 299
583 1
248 324
695 195
511 367
455 324
11 574
135 72
191 431
285 108
12 517
475 586
786 736
125 641
613 611
509 156
13 30
669 19
530 383
308 605
545 703
305 12
375 287
569 722
13 759
514 502
27 112
707 722
32 748
454 260
202 490
381 581
280 765
711 523
736 630
338 575
12 713
750 130
270 162
141 602
67 325
93 285
767 782
75 273
733 536
14 640
691 203
19 461
482 421
223 665
210 753
522 336
460 617
519 354
380 244
27 3
98 111
322 7
626 701
563 580
462 486
772 109
335 434
29 326
351 348
225 55
719 263
453 227
362 324
575 373
793 460
251 314
649 62
669 714
20 109
740 322
486 95
24 632
209 301
604 366
224 543
20 154
56 646
555 196
560 705
58 265
428 269
197 406
746 775
459 667
315 506
316 211
395 522
580 500
258 237
343 135
579 207
734 89
89 99
409 530
780 429
20 698
337 278
347 363
28 286
464 687
174 630
331 673
737 435
284 139
380 0
435 526
123 16
89 587
355 412
684 106
786 733
120 226
434 767
435 171
698 44
505 552
667 780
769 68
479 656
794 752
528 478
426 477
586 38
634 517
404 272
583 129
748 746
464 276
230 510
728 198
542 686
201 93
72 246
105 659
48 512
377 153
415 467
603 222
118 29
481 787
49 90
794 594
792 100
164 357
361 766
610 287
637 229
45 136
201 665
590 43
527 682
636 130
219 611
343 457
199 779
689 798
395 7
472 467
377 478
693 97
403 788
716 748
608 431
235 600
474 773
780 484
620 552
720 689
391 793
718 247
365 380
538 407
637 366
376 318
621 655
786 474
480 185
141 297
4 274
277 193
419 786
450 101
51 86
194 82
614 203
523 703
342 734
19 190
677 680
83 498
358 318
767 396
562 666
539 262
547 356
327 701
521 372
335 319
333 188
566 475
796 462
157 233
526 148
762 201
550 116
414 736
183 741
711 314
413 718
419 167
55 97
43 435
443 254
99 513
358 469
576 584
539 28
63 566
784 42
755 31
327 34
134 98
147 714
636 668
689 354
177 237
667 473
222 632
699 235
261 658
347 8
150 444
553 387
659 150
212 529
134 646
114 358
263 12
77 429
504 271
613 587
715 353
211 193
354 545
64 579
798 574
250 317
724 24
105 82
694 313
431 692
448 422
632 582
543 54
404 11
104 250
297 461
531 396
254 467
530 550
553 257
149 799
321 380
126 397
695 166
380 272
184 598
94 534
589 115
86 157
708 334
597 14
40 64
139 317
575 204
107 249
544 116
332 561
736 645
295 363
334 639
737 462
229 441
682 487
184 156
96 762
311 667
100 260
775 551
321 82
766 22
429 592
733 561
685 668
119 81
625 563
47 466
712 62
416 594
66 677
92 277
661 677
249 284
151 604
740 663
635 578
370 107
187 148
172 772
282 754
463 283
56 384
495 168
145 618
449 710
264 746
424 382
762 665
543 651
703 723
725 437
142 722
770 505
335 709
798 619
324 317
587 251
657 109
64 736
568 690
448 641
144 728
78 173
210 329
386 353
659 686
767 482
250 487
387 84
34 585
150 320
392 492
742 204
88 569
18 386
393 135
458 333
698 410
397 406
372 122
512 41
281 26
378 779
669 450
716 792
626 514
243 232
535 419
639 443
764 346
452 565
584 409
277 298
347 769
153 19
284 556
264 458
351 366
177 329
135 61
113 589
154 349
389 163
470 656
258 484
686 541
794 375
652 747
483 206
353 367
639 556
771 594
183 511
740 174
779 752
327 407
458 770
141 160
484 657
116 751
770 438
675 27
431 530
194 96
510 169
193 717
270 98
502 305
241 455
209 359
405 173
681 197
360 356
77 46
479 366
256 714
212 576
375 226
785 325
231 588
0 328
255 324
447 729
674 632
216 287
749 342
566 175
793 413
705 557
206 601
29 394
732 225
497 99
28 248
135 773
154 604
488 720
183 108
557 491
368 235
495 701
75 165
745 274
195 564
664 556
744 358
120 149
797 665
514 510
451 8
735 406
514 537
275 606
418 782
193 149
24 500
315 32
264 641
693 414
693 23
550 622
251 648
476 255
126 585
638 621
674 260
370 552
228 501
429 168
401 534
98 532
710 602
57 376
685 326
107 228
157 791
457 489
77 248
42 337
113 314
431 303
632 179
4 352
722 176
263 157
395 566
635 211
590 134
766 119
200 414
578 211
305 252
631 565
798 332
352 299
498 320
720 111
392 456
360 673
672 194
40 404
20 212
304 634
786 507
312 486
609 168
357 644
491 313
588 144
133 300
708 552
682 349
117 26
454 47
221 348
308 286
206 629
548 356
229 110
457 341
258 205
541 97
391 62
3 174
8 19
534 568
491 261
242 118
686 266
637 124
686 408
753 292
28 215
310 290
728 434
428 618
149 158
355 556
99 527
585 55
100 111
339 436
394 699
111 54
594 176
246 779
428 1
600 678
528 333
614 422
683 693
464 436
639 360
331 214
313 122
337 568
84 210
44 520
347 17
282 417
126 791
549 49
610 447
388 677
308 587
443 693
782 59
775 142
273 67
304 210
318 434
48 4
556 140
453 267
256 672
107 303
661 71
388 595
67 204
624 743
34 157
202 152
551 235
265 664
19 304
755 75
485 404
552 723
260 137
690 90
73 244
367 762
141 99
638 10
187 516
605 623
399 78
130 112
187 306
88 447
652 85
456 584
496 243
83 151
279 368
362 556
418 37
257 346
382 8
412 698
134 699
282 369
75 269
480 329
206 327
530 342
479 172
564 188
362 733
61 330
426 199
456 90
158 745
565 381
547 562
95 311
522 628
233 600
482 375
0 61
70 192
134 442
506 274
527 544
309 654
387 393
710 250
764 31
379 731
559 197
524 44
242 757
134 639
728 613
399 375
756 367
248 688
156 206
573 775
556 788
389 458
452 425
619 106
773 717
155 544
569 365
570 280
476 414
115 337
706 450
506 212
72 590
493 594
14 777
728 336
491 33
246 347
445 19
30 233
424 562
367 653
365 384
564 681
231 288
529 444
262 502
747 792
179 185
710 287
230 494
606 231
324 314
303 68
644 478
206 678
473 146
762 156
93 95
13 287
734 462
253 321
625 100
731 204
205 68
399 83
183 599
771 541
168 739
74 403
794 509
325 19
761 636
120 96
520 39
162 244
763 724
452 157
679 569
778 323
707 656
295 140
430 22
512 692
117 175
402 563
55 617
226 152
342 359
690 454
355 283
522 702
278 66
217 647
382 502
358 155
62 478
582 736
472 785
453 152
76 535
23 190
264 190
88 78
761 516
223 445
178 51
214 497
412 119
733 529
505 546
710 215
777 328
172 373
0 62
460 339
604 646
418 224
100 210
426 625
555 502
428 741
709 456
187 607
463 10
590 588
174 564
419 331
31 608
152 388
549 40
168 222
261 315
395 388
463 307
524 587
268 116
332 398
622 619
280 598
410 647
665 193
158 633
157 47
761 380
364 762
375 54
654 15
63 742
317 692
2 596
147 579
137 114
320 647
228 167
224 205
77 783
343 18
646 228
396 332
644 525
620 531
210 320
567 225
114 219
507 614
707 358
126 242
155 757
595 207
760 166
585 19
414 432
69 9
411 32
719 782
215 280
179 236
599 718
408 663
329 570
539 205
634 629
624 639
761 557
382 213
671 703
599 731
539 651
578 660
704 340
366 296
318 655
678 341
581 340
717 572
263 516
459 201
74 14
756 688
450 466
250 692
683 193
246 374
715 767
206 135
537 575
147 753
311 223
241 167
588 484
774 153
473 640
661 558
167 489
214 524
480 710
334 400
372 527
482 501
42 378
311 623
248 226
480 627
513 655
358 355
209 37
569 602
261 156
466 738
288 194
362 697
146 307
650 676
627 307
634 695
430 99
222 451
436 490
778 127
361 625
14 182
449 409
619 462
651 303
776 250
113 515
401 516
644 517
68 252
566 316
788 190
352 391
275 590
769 196
241 765
786 112
68 794
281 641
364 637
74 138
569 414
304 217
253 453
229 569
27 696
133 618
309 703
693 491
414 253
338 755
659 358
401 567
88 455
151 422
736 4
569 693
556 280
384 434
97 290
345 401
635 689
519 239
476 689
731 66
487 65
58 713
713 324
446 494
362 411
338 666
269 151
709 683
57 414
469 147
113 528
213 661
69 724
237 415
614 635
657 659
388 393
735 499
181 282
532 5
380 260
73 283
491 239
700 228
348 32
153 411
218 58
168 755
187 768
253 20
77 319
376 628
224 388
581 573
117 94
474 220
431 729
374 616
203 687
6 775
12 203
742 682
111 771
420 721
343 348
664 9
651 262
27 192
517 91
59 736
326 313
122 376
181 733
662 469
605 159
563 339
373 630
257 361
149 619
307 650
749 190
663 241
363 121
468 649
23 527
201 517
75 508
734 303
496 697
271 190
365 462
189 574
542 62
786 568
682 379
487 440
633 14
193 610
420 264
754 564
344 432
327 32
364 731
348 774
394 72
170 62
379 483
440 445
543 377
99 489
89 490
754 362
742 750
467 526
503 86
120 787
194 643
546 3
399 783
766 211
498 686
650 228
97 439
74 363
296 74
737 72
730 527
138 729
175 298
461 605
334 200
210 761
577 45
210 591
335 289
154 464
135 739
548 492
55 359
531 43
685 791
654 245
458 375
749 277
798 44
252 675
261 267
80 191
404 420
650 476
502 70
25 309
740 574
732 616
243 352
750 603
121 280
140 348
415 546
242 540
254 43
480 77
524 100
747 756
495 216
236 677
428 476
239 345
124 73
254 84
169 501
482 408
363 569
745 670
681 515
508 476
428 576
42 242
432 528
189 258
711 44
184 582
384 23
175 217
487 133
458 514
460 275
97 498
695 357
496 523
233 449
287 520
565 550
501 101
142 42
335 113
131 278
624 134
441 600
211 507
71 658
641 436
506 281
43 666
605 727
27 420
582 688
169 47
496 558
718 516
53 298
552 294
29 16
129 369
158 416
185 755
343 178
130 328
269 696
383 436
725 81
686 356
605 667
521 348
3 439
191 210
326 94
91 467
289 434
424 85
339 520
315 382
31 756
414 678
323 633
674 329
726 139
681 346
486 263
104 750
616 397
640 617
729 325
663 260
232 669
641 714
434 243
191 747
431 516
95 74
301 64
484 572
726 215
601 786
234 260
719 348
776 555
356 60
754 145
779 157
493 421
212 445
280 477
137 497
635 430
628 135
186 682
207 298
648 539
415 585
24 634
634 783
98 516
26 62
30 252
135 490
514 399
606 493
729 478
438 515
228 244
755 301
368 645
451 190
108 587
544 359
700 155
437 600
552 711
401 356
175 549
493 150
299 282
295 355
0 432
629 243
769 431
492 702
626 141
656 495
443 413
335 476
321 71
410 755
226 470
553 53
663 285
114 402
541 757
128 748
187 386
166 106
639 435
283 378
790 182
682 646
485 701
745 351
765 683
432 249
260 710
601 443
98 629
241 262
27 239
104 206
276 245
380 228
199 337
288 242
273 765
502 75
275 324
647 291
139 645
327 454
452 405
678 220
34 59
583 122
261 419
443 682
375 229
607 759
478 725
81 167
661 749
9 231
226 566
628 602
244 655
637 291
654 264
69 349
600 388
174 674
522 67
222 479
198 247
675 723
587 736
683 184
533 420
578 38
596 244
133 22
694 344
616 301
649 763
436 350
703 207
507 686
233 520
618 158
4 84
715 350
301 143
134 693
159 283
664 663
695 500
45 441
61 130
196 446
245 373
468 431
389 575
