450 500
325 45
54 61
100 351
389 31
224 52
229 292
203 298
183 321
70 59
62 139
403 402
96 409
320 280
145 226
365 368
415 91
413 281
313 133
415 76
95 102
298 322
355 172
283 358
195 68
190 386
423 190
320 41
4 83
220 90
195 441
120 239
344 241
440 317
314 128
157 247
362 254
116 106
53 232
352 234
231 38
118 150
334 273
204 155
102 185
434 420
266 129
15 329
341 166
203 174
246 344
417 178
14 22
121 166
352 24
254 147
322 164
38 430
164 169
441 235
206 318
430 109
373 6
282 361
122 83
122 227
217 390
190 243
295 155
261 72
371 446
404 407
137 394
347 135
134 5
34 198
39 315
73 217
193 199
446 291
55 254
86 198
118 389
106 18
266 301
368 173
225 239
222 362
140 299
103 180
196 297
7 286
411 346
28 136
443 313
417 241
143 120
252 276
408 215
208 16
277 323
423 269
402 170
71 66
239 423
41 448
441 361
258 328
91 51
146 279
191 52
94 274
203 54
330 140
310 336
379 59
354 73
292 112
244 324
100 416
117 398
23 405
402 341
113 282
254 108
23 274
373 251
242 126
15 92
403 415
351 39
344 156
222 123
351 108
68 361
172 170
132 217
223 12
4 229
20 99
360 413
319 314
69 175
321 120
400 342
318 391
383 398
275 344
130 265
133 362
101 66
373 215
430 88
313 233
383 378
448 348
186 130
426 259
246 129
36 188
302 292
164 18
60 245
373 125
347 88
322 91
131 440
261 410
122 286
122 33
252 74
325 313
385 267
254 403
251 95
260 365
262 318
136 200
447 220
119 290
27 220
124 419
148 448
446 285
410 96
200 442
114 436
249 234
178 404
150 392
426 7
166 28
334 425
422 357
252 88
418 115
346 351
164 89
118 195
393 134
433 133
372 201
3 410
437 328
309 249
110 167
150 394
75 410
383 431
27 449
56 278
413 396
25 240
361 299
250 183
422 294
107 191
215 4
383 112
245 243
102 211
29 420
420 16
238 269
304 407
119 264
277 313
446 349
445 0
376 311
391 10
220 435
341 96
217 329
136 415
188 95
424 340
194 291
3 366
287 305
100 230
449 215
61 376
195 315
41 152
449 398
250 63
368 118
176 71
141 50
223 441
181 36
362 430
298 12
355 47
337 279
95 412
145 423
265 350
228 314
228 342
379 425
423 125
120 425
220 433
69 165
435 420
23 399
292 325
74 334
175 258
29 88
155 79
199 327
72 117
298 364
358 190
404 248
287 288
38 145
445 420
280 10
145 254
425 438
188 280
259 218
105 448
336 156
267 262
30 277
399 182
107 311
397 240
113 366
26 256
277 200
416 286
162 202
182 362
106 366
248 210
253 355
364 360
113 52
218 272
260 199
413 243
330 125
384 7
203 64
6 406
428 299
49 248
52 200
382 128
357 299
353 304
113 388
163 263
232 390
6 413
255 38
394 295
227 351
432 249
359 350
269 367
348 425
389 429
341 111
249 146
132 409
282 159
60 106
248 229
364 177
2 55
182 236
58 398
160 213
24 418
120 182
405 154
3 79
386 109
324 205
265 52
19 350
78 349
71 126
449 287
139 423
81 146
351 352
14 318
310 200
191 446
216 399
31 364
118 96
150 104
426 449
35 405
158 367
56 303
284 260
401 9
174 18
197 395
355 5
344 224
89 92
323 306
427 61
72 437
164 424
209 30
313 14
233 338
137 359
420 336
444 83
251 296
420 382
255 420
429 366
21 199
272 418
189 79
127 64
173 24
153 59
167 155
443 191
434 424
249 297
268 100
99 429
1 322
178 117
86 401
301 339
420 60
191 41
70 25
430 270
359 87
377 119
331 117
85 266
127 304
437 101
170 156
104 369
167 213
410 445
220 204
22 145
159 371
415 28
58 147
153 25
357 267
165 342
230 234
87 394
58 194
144 330
304 60
156 153
40 246
264 218
216 397
93 197
90 72
181 432
313 373
303 68
431 53
154 292
377 125
308 295
110 236
161 172
195 386
418 381
289 143
278 152
70 108
67 196
141 324
172 191
136 413
230 1
320 328
201 396
80 159
313 402
378 361
12 302
76 414
290 230
106 34
277 389
358 417
171 371
32 138
410 424
12 321
283 364
45 347
82 121
259 290
165 30
339 132
17 171
268 94
396 51
230 449
297 206
158 350
73 304
329 84
345 275
315 224
349 403
2 20
216 412
163 325
245 398
214 193
225 371
112 92
134 186
210 329
306 133
150 203
49 294
133 343
383 327
353 383
