600 2800
536 12
83 129
364 509
380 431
28 87
113 224
72 425
478 205
126 146
375 273
147 174
316 168
92 167
283 53
363 199
413 243
160 410
562 234
580 577
524 269
451 506
381 409
266 82
532 267
461 17
210 65
450 58
573 549
248 281
23 396
419 33
267 50
297 598
196 67
71 247
9 501
359 514
35 504
360 296
357 20
587 352
536 231
359 134
9 18
548 290
433 487
594 414
150 129
447 59
207 591
80 422
148 424
91 469
158 232
535 195
504 96
273 254
529 440
15 226
383 202
4 533
223 537
281 306
372 305
361 476
361 140
476 140
118 528
366 393
587 348
219 212
89 405
102 18
327 558
299 125
307 105
26 444
303 382
386 255
345 515
265 146
231 364
177 131
199 62
39 60
315 489
176 164
496 10
481 188
17 210
590 555
279 229
560 287
561 323
481 447
560 27
208 168
257 26
378 486
478 585
411 595
419 356
225 569
347 77
52 195
306 45
547 38
433 248
417 545
360 205
177 48
334 130
556 314
566 294
282 475
405 106
400 269
143 361
543 239
578 591
596 271
538 115
66 244
181 337
82 290
299 188
471 320
249 191
54 416
257 525
118 546
44 356
356 166
81 173
576 184
416 564
598 544
155 278
174 591
555 197
537 381
562 399
47 150
529 115
313 286
492 253
356 359
239 584
214 20
385 12
10 321
227 432
430 141
349 110
581 535
430 64
45 412
512 44
160 23
72 93
56 293
564 76
595 434
279 35
320 474
472 104
418 217
82 128
533 331
203 116
489 179
503 551
119 102
189 267
498 435
250 217
303 191
409 243
507 520
149 576
424 24
337 134
429 302
231 263
401 421
546 559
337 6
287 582
587 486
215 8
143 440
414 531
581 536
282 386
454 563
506 309
318 124
244 231
158 1
346 303
299 491
102 548
228 78
473 342
431 412
370 473
192 122
215 319
181 10
385 570
408 121
207 21
17 181
163 391
135 295
434 572
144 126
439 213
395 376
385 290
235 57
520 531
388 31
146 284
418 121
26 90
113 431
247 426
429 401
552 216
62 41
176 366
0 158
248 247
534 40
144 184
233 300
305 390
524 189
184 170
193 139
485 13
433 237
269 197
440 61
74 294
282 33
205 562
490 484
165 447
581 117
72 515
26 358
260 145
296 446
316 142
246 42
390 125
166 269
338 95
68 166
527 187
307 296
105 534
308 274
517 10
233 94
64 557
438 489
579 208
209 32
73 574
121 215
396 382
240 262
561 96
474 345
505 30
237 306
467 521
34 79
384 146
176 599
220 433
280 192
596 280
397 71
483 34
39 202
24 487
342 69
573 312
435 260
133 36
343 487
52 149
359 339
588 414
139 210
578 493
163 166
519 59
584 515
10 84
493 294
126 437
243 328
527 191
162 244
40 212
183 568
208 566
511 420
171 554
448 29
532 446
461 583
29 565
581 377
205 322
101 188
220 0
548 463
349 131
547 90
575 148
108 264
188 121
115 285
387 400
377 585
380 353
161 502
35 549
526 84
400 399
481 219
126 371
277 408
309 133
252 365
213 368
20 344
63 417
426 37
81 352
582 96
12 237
392 426
275 452
333 9
323 239
536 359
552 315
372 186
111 518
244 419
246 470
470 132
129 3
246 6
122 233
398 251
240 277
325 214
521 176
578 458
580 178
575 339
224 182
490 139
309 58
403 473
366 219
273 57
244 257
261 75
245 43
513 597
438 10
264 250
171 197
389 227
393 208
241 569
87 44
63 307
95 304
592 575
312 248
85 123
245 34
508 124
147 385
249 132
197 563
64 98
456 107
461 361
51 155
40 407
297 517
52 41
233 363
202 424
336 483
129 216
542 280
168 469
586 182
475 90
82 581
283 328
282 228
141 425
151 599
149 252
112 598
317 264
561 508
108 68
150 91
140 548
147 135
287 455
32 231
592 168
147 365
505 406
518 58
14 297
408 429
571 219
359 346
247 150
275 248
287 547
245 351
324 110
297 461
170 98
103 451
448 161
366 345
97 363
480 425
130 118
435 446
300 573
153 51
296 509
59 545
147 141
72 445
444 297
468 253
539 404
263 34
335 437
543 106
184 284
350 228
70 290
254 123
201 199
503 593
437 162
113 133
179 567
593 106
363 49
450 145
59 530
501 167
320 577
342 322
589 460
573 253
469 473
204 315
579 584
264 228
200 87
275 400
297 453
185 348
79 146
19 134
302 86
175 506
492 245
201 321
385 144
51 543
300 38
297 313
396 353
270 491
220 189
146 547
307 52
74 515
70 259
552 20
288 134
183 580
55 314
439 308
179 163
21 483
393 255
321 75
345 357
263 255
422 374
70 100
372 245
123 271
128 84
58 252
67 215
193 519
419 311
107 98
597 182
229 183
341 591
346 406
559 517
223 86
581 359
402 61
297 309
6 314
543 126
76 469
169 289
514 302
57 222
194 9
273 286
102 324
574 11
557 119
202 290
383 10
478 331
518 114
324 371
369 124
75 238
476 142
384 596
125 25
174 453
528 4
270 244
182 417
456 475
400 453
524 310
192 64
453 9
27 172
57 535
462 318
553 244
517 284
244 182
363 320
444 353
206 346
424 155
498 69
280 402
270 233
48 300
257 222
429 138
3 78
240 584
63 189
401 67
46 217
320 507
571 344
41 431
281 411
333 127
218 84
521 378
289 263
78 455
303 594
127 460
470 471
508 330
239 5
352 125
197 224
260 81
577 250
15 113
110 251
489 327
553 134
503 23
574 181
158 341
122 229
564 402
187 325
438 140
199 223
497 425
558 177
254 384
300 246
563 316
95 549
284 562
91 569
588 527
46 319
277 0
196 383
261 213
15 498
84 13
300 217
63 551
568 367
77 345
197 350
509 595
350 261
201 119
99 353
409 199
464 251
364 219
214 284
536 263
486 415
454 146
570 339
2 24
55 419
120 381
226 433
266 343
115 81
303 194
340 6
120 553
536 589
163 75
242 191
267 169
1 390
572 113
199 440
111 272
514 521
447 488
303 58
557 160
71 124
290 515
416 20
593 83
539 510
170 277
33 400
458 7
58 283
458 64
492 584
583 527
404 128
172 337
522 387
97 153
505 31
409 406
531 102
64 250
224 249
497 206
273 263
142 516
433 134
562 302
366 183
180 410
504 228
518 594
111 13
398 512
490 531
188 546
207 319
94 80
77 560
70 394
299 195
560 6
597 361
414 546
558 58
155 345
20 324
2 468
197 41
32 358
51 199
240 18
3 557
559 551
375 58
381 150
490 514
101 70
419 546
126 52
181 224
115 0
514 506
309 306
509 147
60 46
16 218
63 278
507 481
354 545
248 417
109 572
572 346
462 233
62 155
445 301
83 58
47 293
382 88
236 455
280 72
555 582
125 364
543 117
24 528
522 314
548 417
200 67
243 83
140 176
461 167
181 436
389 400
82 466
74 291
500 109
102 412
406 440
60 380
567 67
80 493
157 11
528 580
24 17
313 185
513 515
363 5
19 470
246 249
55 31
392 215
381 1
353 169
79 128
186 271
432 52
200 372
177 2
344 53
127 18
404 482
415 149
427 303
438 234
526 552
567 485
478 185
549 590
541 580
97 371
390 15
90 575
199 95
34 572
267 285
398 464
230 467
361 358
444 7
219 106
468 521
217 103
300 363
200 293
242 231
244 351
401 277
453 547
210 444
180 84
384 148
484 196
79 83
583 564
195 314
271 492
355 204
599 339
372 389
191 48
381 530
515 538
432 465
387 489
344 246
127 15
214 171
234 117
82 564
25 18
163 83
586 589
260 28
170 229
553 563
280 594
150 17
120 286
270 152
253 80
263 511
139 575
216 17
60 233
114 9
76 369
426 533
76 385
514 218
547 342
64 441
134 59
148 265
147 81
490 168
363 520
15 533
379 493
85 468
15 555
15 99
24 203
576 401
96 451
356 338
67 386
3 556
23 377
570 109
37 273
160 396
430 450
335 204
41 340
297 373
578 351
118 150
373 104
574 428
237 524
275 304
1 559
507 395
350 239
157 306
515 332
117 384
84 254
168 301
316 273
83 575
69 591
197 441
416 404
458 88
226 580
130 306
566 292
511 43
559 540
412 290
363 57
576 549
595 169
76 553
290 4
470 178
429 325
451 340
79 23
420 34
260 515
308 479
7 347
483 212
336 547
23 226
384 284
547 497
236 141
474 68
376 313
459 573
430 525
560 363
55 67
50 388
16 469
368 432
489 270
246 296
326 578
447 323
145 495
71 14
353 497
322 432
378 327
535 21
51 515
64 186
180 89
148 548
248 592
4 402
535 552
362 585
462 63
391 197
176 332
523 131
317 328
139 181
96 263
144 366
313 34
233 137
119 265
526 295
342 182
123 408
468 597
72 130
231 506
437 382
254 544
308 334
80 367
559 277
348 371
61 238
361 439
379 279
344 195
536 118
85 516
94 111
263 218
110 88
206 465
314 523
65 487
137 212
504 518
20 367
297 426
535 291
581 248
192 451
378 74
193 259
65 2
400 222
32 412
455 58
176 499
338 267
83 71
497 264
392 314
213 431
208 437
292 389
353 417
15 136
3 247
132 223
204 174
229 368
128 205
147 46
146 161
386 50
260 366
270 495
103 294
457 104
478 14
597 509
471 451
432 592
75 110
597 226
28 390
99 392
2 153
390 236
166 437
512 485
251 503
34 354
14 18
102 410
486 417
443 189
429 545
68 561
58 299
335 404
585 504
426 202
248 44
21 37
218 265
320 43
451 408
315 109
350 445
192 98
323 223
177 252
574 485
167 436
127 520
203 526
315 421
177 231
77 477
148 532
547 99
400 167
15 427
537 550
573 113
349 348
129 238
57 75
190 535
540 7
283 126
429 566
571 423
516 294
512 197
268 596
239 452
96 217
114 307
505 597
18 357
96 459
353 422
492 452
105 552
268 551
594 296
570 125
304 265
542 533
12 242
446 285
497 209
313 358
224 559
5 87
365 52
70 501
386 474
305 137
394 462
52 428
381 106
148 214
179 381
426 256
54 262
296 439
48 35
48 315
569 128
403 557
377 41
497 22
450 217
578 182
169 352
363 291
181 89
97 532
207 148
255 218
581 58
66 518
393 285
564 56
432 337
204 502
255 409
87 29
358 181
445 479
56 353
469 261
240 111
455 152
296 201
110 548
453 25
268 404
312 357
71 300
269 165
265 155
429 398
192 581
104 86
220 246
377 364
161 71
546 402
174 534
354 136
586 230
173 244
457 266
340 114
456 546
344 320
59 6
507 140
482 408
478 476
375 134
73 254
534 272
397 576
88 576
68 77
516 489
220 562
182 121
149 464
573 389
2 95
202 578
310 329
502 220
16 48
72 34
373 379
194 531
94 91
130 394
592 296
21 347
583 543
173 45
163 576
431 291
267 156
351 211
239 408
495 474
260 395
251 280
538 423
238 298
464 355
481 77
409 338
516 298
330 62
222 188
509 153
449 363
23 30
506 471
256 65
22 98
110 298
424 455
212 14
408 558
123 570
168 133
113 183
535 305
48 32
448 7
239 387
467 288
365 162
437 0
430 177
318 229
587 280
160 355
334 175
47 259
389 191
30 324
56 342
553 595
405 513
391 193
580 376
248 145
130 5
406 5
464 469
562 426
292 68
65 238
122 209
170 413
437 592
59 289
259 537
354 16
232 416
340 99
262 589
514 242
417 544
167 56
453 497
154 234
593 167
126 596
303 531
22 463
497 463
372 35
273 480
553 269
327 459
571 268
458 56
262 180
556 340
232 527
271 27
574 65
327 215
388 18
444 514
460 315
222 330
244 438
152 523
566 182
160 15
101 129
493 357
369 589
369 452
563 416
142 422
170 269
303 526
545 33
99 577
180 259
164 192
559 73
179 31
161 126
558 243
33 87
441 73
302 89
438 472
550 64
115 83
228 1
159 119
160 216
405 186
146 311
43 201
464 401
146 95
108 186
387 490
556 265
349 120
416 217
251 166
3 414
280 492
571 241
23 173
404 457
113 564
66 370
308 581
536 99
420 18
483 554
91 496
13 362
76 171
151 76
512 475
420 547
106 364
570 269
25 303
271 599
58 238
317 272
422 147
457 592
372 553
8 123
158 537
121 65
500 401
25 99
408 357
438 336
511 553
225 583
143 97
485 504
583 205
341 374
334 436
168 326
56 534
60 300
90 52
469 204
433 482
298 414
550 100
481 328
74 248
355 471
138 481
537 425
340 179
108 117
312 2
340 597
259 299
247 267
244 283
482 425
238 401
279 295
146 563
254 160
489 111
17 557
189 12
409 212
70 58
159 453
335 325
388 305
195 53
349 410
71 84
125 289
40 267
98 143
560 368
506 562
121 163
194 491
172 473
112 81
393 267
552 394
71 190
520 573
432 180
91 10
121 361
126 194
404 585
293 353
526 358
282 582
229 500
35 397
156 334
218 87
288 87
335 394
402 316
100 381
413 514
459 554
487 97
397 506
195 260
567 139
201 360
517 339
237 152
141 494
190 155
95 190
361 524
276 141
250 494
179 443
217 270
534 239
196 597
470 527
565 326
431 555
516 114
190 13
566 209
460 166
187 385
325 139
583 448
109 448
275 553
187 531
285 413
284 444
189 270
48 304
181 306
357 325
178 467
338 218
59 56
124 556
106 399
26 417
529 200
233 394
373 355
40 457
162 346
229 543
464 170
208 333
593 420
236 262
103 359
167 457
271 439
129 376
532 421
267 203
546 437
51 572
240 351
356 382
54 515
306 256
32 55
438 512
377 3
269 321
470 195
9 299
172 11
2 572
93 78
99 343
186 308
512 18
580 339
485 215
334 343
18 354
208 508
473 591
541 112
569 311
428 510
119 390
561 16
15 355
213 35
164 581
414 161
162 402
298 249
308 501
106 510
497 319
592 403
13 178
144 524
313 99
488 194
83 454
240 95
0 349
216 86
199 196
167 428
316 279
252 268
227 251
300 563
141 435
124 444
16 267
540 499
515 339
559 412
415 548
150 582
356 358
305 142
259 85
136 407
550 452
63 27
70 223
38 410
572 240
80 489
179 374
360 306
569 255
487 388
473 365
395 332
355 498
84 55
469 563
29 166
325 37
429 555
564 518
262 39
91 168
374 554
292 541
145 408
401 355
518 550
268 457
173 101
227 385
203 530
83 328
202 409
118 572
129 535
583 234
57 190
6 439
453 426
165 283
203 144
319 65
361 478
513 102
553 202
474 431
300 169
220 511
154 280
110 381
86 235
156 173
328 445
493 569
533 153
288 163
547 454
567 395
222 74
11 194
98 503
328 519
104 103
220 296
528 402
408 27
553 25
501 427
180 255
140 43
280 54
541 252
28 219
321 560
228 73
456 410
593 378
193 443
364 383
417 311
427 73
520 566
148 83
527 405
400 139
202 93
168 15
325 260
481 392
567 65
104 587
564 525
356 588
186 567
26 374
302 53
496 546
148 560
330 1
290 369
581 313
93 412
540 500
171 156
146 447
539 144
69 259
531 219
125 452
465 40
86 431
345 431
450 65
554 318
525 34
263 425
450 402
252 490
565 377
261 38
529 34
249 388
552 242
473 195
19 473
407 467
132 366
27 273
249 487
252 387
533 334
214 427
183 271
140 20
399 55
170 547
404 35
534 11
591 507
538 518
66 571
205 125
180 419
579 444
261 505
192 485
570 93
315 249
544 262
184 51
136 279
131 22
402 596
468 432
242 189
39 168
334 199
560 311
85 130
458 6
326 214
281 86
175 126
287 349
320 304
121 196
540 289
174 152
468 409
291 183
510 296
559 557
549 375
279 2
461 227
191 445
44 120
341 308
173 28
197 435
336 170
500 486
113 472
527 465
4 557
167 430
215 504
562 513
204 231
160 481
410 94
319 250
464 274
292 514
323 84
204 155
293 558
268 142
578 153
170 475
145 272
334 157
341 424
69 399
268 549
593 320
568 143
585 35
291 63
6 447
353 493
374 595
371 210
22 341
91 550
14 41
494 326
225 176
326 554
81 104
346 277
146 467
59 499
261 495
153 352
289 358
431 549
553 431
118 147
0 405
129 100
207 367
144 78
509 354
160 405
152 96
306 442
398 114
126 114
120 301
46 460
540 114
373 528
236 42
520 256
282 423
252 214
424 210
371 162
173 208
8 579
117 343
498 244
530 398
202 352
299 287
9 100
450 245
264 399
224 505
239 540
482 138
200 211
242 29
278 484
88 492
258 129
297 121
441 592
2 489
249 503
402 492
495 236
590 263
109 492
385 449
5 45
232 336
55 367
346 56
17 271
566 453
437 371
363 505
193 550
296 18
155 300
552 64
174 134
498 368
308 327
180 304
149 67
307 343
423 194
382 298
415 140
276 97
473 117
269 549
596 145
449 251
580 140
231 10
496 278
521 260
129 427
305 544
237 21
363 591
314 229
537 345
199 372
115 111
22 432
31 271
176 561
153 469
357 76
401 530
284 383
467 587
562 245
331 241
164 350
196 228
394 478
270 436
82 133
461 122
125 243
482 222
263 85
188 365
119 240
198 497
223 347
185 465
196 217
379 81
556 79
136 196
146 232
457 357
550 585
330 356
407 299
127 365
117 154
512 218
563 305
43 148
591 77
9 249
462 319
151 260
210 13
513 427
96 343
310 205
157 173
292 477
45 519
261 548
48 312
508 162
420 116
66 274
188 482
165 492
53 443
470 593
288 78
142 531
510 156
328 272
529 424
464 513
137 369
89 169
517 185
355 32
538 129
7 71
349 339
61 488
282 98
77 551
35 467
320 370
581 25
247 340
475 418
3 251
366 192
93 568
345 558
338 505
508 156
19 431
67 46
130 494
370 528
41 109
28 500
143 194
590 316
298 451
330 170
390 314
100 366
163 442
540 63
373 531
393 448
532 102
42 531
348 291
232 488
49 168
301 415
58 508
125 478
37 532
522 286
89 51
185 34
275 318
4 122
54 568
195 283
60 502
585 257
67 323
401 313
192 288
266 0
223 105
288 170
396 140
270 177
36 367
364 120
275 208
580 359
308 128
495 233
329 315
335 157
275 392
564 499
164 468
274 260
548 192
572 13
179 457
562 572
281 308
64 121
589 422
582 341
23 358
343 469
208 286
546 557
317 72
189 238
566 278
266 225
485 420
110 495
557 194
69 473
460 437
95 36
323 512
241 406
564 21
550 483
302 35
576 473
198 402
550 90
433 152
587 295
436 528
172 366
43 533
360 299
504 154
67 442
119 281
1 200
307 560
476 317
111 308
499 190
436 497
89 346
230 288
4 558
238 86
342 574
92 400
31 252
446 496
444 454
280 401
507 562
70 203
323 436
231 306
148 157
31 52
242 134
398 221
90 389
57 214
340 542
398 234
590 338
383 324
253 131
7 446
521 512
372 572
16 404
9 156
77 485
139 166
581 292
564 478
244 76
578 551
331 343
252 468
406 131
166 41
473 433
242 430
363 70
492 119
546 503
244 445
424 55
401 407
581 465
20 107
511 8
362 22
269 87
552 177
441 264
372 222
506 260
339 317
362 150
244 379
404 216
216 44
284 319
108 406
60 554
534 99
137 517
370 540
247 395
347 257
68 31
548 117
300 343
394 300
127 56
403 14
170 251
83 147
26 281
155 502
180 207
341 372
317 91
439 204
226 493
538 310
2 335
361 431
464 136
470 280
567 315
463 224
354 244
501 44
430 280
576 43
524 342
410 224
558 153
433 89
420 576
380 137
451 233
66 184
420 212
470 396
387 202
576 204
106 77
311 73
166 210
447 471
518 67
233 9
493 66
227 256
561 347
278 73
357 515
12 22
176 271
40 211
268 95
462 310
460 79
299 51
199 226
77 123
194 137
213 305
242 270
442 444
435 281
408 245
234 160
585 167
144 370
51 583
399 144
323 336
513 395
49 362
292 455
127 558
513 522
442 75
346 502
512 578
57 314
503 195
273 516
218 53
206 412
152 159
399 460
468 292
82 64
563 403
342 91
197 84
558 14
174 284
162 167
275 342
345 355
87 262
378 106
140 244
258 63
540 450
318 588
36 573
115 228
597 423
92 224
319 473
555 407
88 346
557 449
407 184
129 323
445 405
549 466
573 501
385 534
253 46
452 16
104 32
199 542
289 133
40 111
55 34
98 268
475 507
496 163
483 288
446 222
234 517
380 385
531 345
82 151
435 352
267 145
472 481
418 122
0 159
177 58
150 244
117 79
18 257
519 497
165 553
430 394
435 186
519 49
92 242
303 347
378 390
561 252
312 335
107 323
7 83
162 115
393 45
67 503
208 216
180 596
148 513
57 289
37 86
272 314
197 225
556 401
497 257
187 43
183 574
310 593
338 193
23 555
514 110
236 260
269 179
97 240
322 410
84 280
354 421
49 587
34 445
97 150
345 469
120 33
471 460
35 16
583 499
386 9
36 512
597 64
115 87
275 222
8 154
199 78
528 509
220 442
445 80
103 3
198 369
598 475
94 66
89 478
239 553
205 586
528 244
554 330
338 166
509 443
312 388
24 362
598 289
312 132
596 37
522 382
133 440
503 523
562 341
270 23
583 114
520 0
421 143
141 168
257 123
124 450
562 180
573 137
429 12
272 464
449 473
351 341
201 357
465 154
44 590
15 438
3 294
348 446
181 493
148 267
212 263
329 363
328 335
439 68
178 472
274 535
570 539
262 535
154 448
598 103
512 339
100 364
550 212
474 351
142 171
521 573
270 9
539 158
164 26
288 41
459 164
36 585
123 152
197 423
532 279
312 225
544 249
253 250
416 32
150 420
123 426
596 286
252 130
31 331
43 321
533 16
144 303
10 387
344 375
97 415
583 272
168 465
495 212
258 286
63 282
409 490
244 316
54 488
253 24
304 357
238 53
526 411
454 532
509 591
242 149
385 413
339 440
212 45
282 231
59 205
418 459
17 282
275 59
26 160
400 508
543 232
528 560
72 568
452 539
283 133
458 225
252 397
534 180
54 214
415 337
319 510
517 256
426 219
217 114
243 423
100 124
469 416
563 431
30 175
159 55
485 242
119 375
49 138
306 69
555 480
366 101
536 28
502 100
570 443
353 376
582 373
118 527
168 121
465 87
274 131
284 63
518 505
259 295
306 529
162 22
235 332
30 127
171 99
39 499
218 217
566 232
534 275
210 507
498 496
321 186
207 343
350 271
221 76
234 580
185 474
26 304
549 457
567 216
271 538
56 523
420 325
224 416
329 435
217 133
319 541
350 175
562 515
210 535
384 298
397 386
4 270
19 205
157 430
30 377
264 249
257 219
216 35
381 576
483 457
324 564
310 513
228 369
358 560
186 586
87 413
244 31
547 144
256 347
175 11
142 503
564 450
64 343
556 513
121 583
56 161
237 172
422 573
383 120
39 343
299 56
51 374
528 332
27 174
541 228
500 2
256 12
100 513
440 378
165 317
374 415
348 186
207 380
233 142
3 478
171 232
219 355
484 129
404 257
446 126
424 292
111 445
498 597
52 70
521 11
81 374
349 171
304 459
407 149
209 265
123 211
284 269
174 233
248 455
431 99
391 3
18 43
327 151
22 409
196 579
115 305
61 270
485 378
564 44
59 224
127 288
589 93
463 160
393 6
469 191
348 88
222 252
402 505
589 321
156 297
373 302
557 318
177 263
433 526
191 198
62 545
199 369
93 158
20 353
258 324
55 119
586 458
246 438
282 176
503 253
442 294
33 482
498 215
374 448
345 97
117 356
430 520
94 501
426 23
455 551
438 532
567 118
235 264
486 184
104 10
385 336
450 19
245 336
577 441
23 113
320 148
518 195
58 379
109 569
406 218
78 22
299 95
232 136
200 53
553 466
344 474
263 474
396 354
575 411
474 197
168 271
518 92
84 390
122 287
218 587
565 83
423 267
319 483
47 122
91 358
583 401
480 588
381 35
259 98
205 148
12 20
142 27
491 144
384 305
59 585
538 359
197 135
487 337
571 514
335 203
237 91
439 567
96 3
48 11
225 368
493 409
89 220
89 513
139 522
1 80
178 6
520 321
36 506
429 498
559 526
114 384
508 234
548 84
190 423
566 43
347 156
493 201
159 359
151 466
412 60
144 574
301 221
387 439
446 27
178 556
373 74
60 515
216 87
171 278
50 387
50 453
331 428
223 267
191 580
170 417
301 303
123 62
556 324
206 330
468 454
482 469
168 293
124 462
258 160
324 597
365 507
334 385
386 494
434 448
276 389
79 252
277 81
228 585
563 254
3 504
530 329
53 255
277 594
202 491
12 272
190 392
241 458
509 334
132 301
260 513
526 426
447 591
41 309
178 215
342 437
358 322
169 483
306 274
137 316
587 473
135 334
438 225
274 276
540 591
117 547
158 127
335 352
13 214
249 111
374 166
202 343
214 130
211 157
343 269
485 423
33 34
512 550
543 222
19 66
56 498
376 169
502 517
566 591
504 103
226 318
346 1
228 400
420 239
402 434
444 37
160 63
374 211
588 552
234 469
289 563
531 308
467 552
561 251
393 467
330 232
291 243
154 170
313 391
400 598
371 136
526 230
289 131
261 164
199 378
1 145
376 168
230 509
405 63
439 27
47 367
194 434
333 465
362 67
126 55
201 50
559 22
241 109
389 117
291 322
175 387
40 164
484 333
320 410
573 556
325 510
305 466
