600 1200
411 391
547 64
223 32
324 359
517 437
374 38
149 582
83 438
377 180
571 132
63 258
398 359
489 178
574 132
482 51
96 359
122 312
555 596
226 448
99 454
427 516
258 28
147 355
203 285
235 426
507 317
39 75
83 126
75 125
314 461
104 287
103 403
125 355
100 420
107 326
165 182
344 245
241 319
524 522
586 294
337 495
391 503
253 377
473 312
226 526
387 498
161 555
16 550
527 10
40 48
510 208
3 284
433 591
319 503
60 293
281 462
367 543
456 538
498 524
35 581
323 8
206 485
462 367
509 404
257 178
310 530
167 0
561 107
423 382
46 191
354 384
546 240
474 163
583 478
569 206
496 141
524 351
512 5
148 193
454 576
507 193
294 18
415 243
571 596
36 177
562 0
223 512
473 415
571 525
270 272
64 14
420 59
25 114
59 229
26 92
417 548
472 400
328 167
459 186
159 537
364 558
34 371
231 82
15 270
290 535
485 507
480 424
1 512
324 132
346 364
407 497
32 121
340 220
185 77
117 333
547 249
501 502
129 138
171 110
580 257
475 63
362 402
549 493
63 568
541 216
117 242
38 57
42 290
310 125
460 25
350 551
232 387
213 17
320 428
252 214
462 245
372 459
257 182
273 555
492 22
420 338
563 403
582 181
495 15
258 400
216 312
492 517
118 11
29 87
439 98
170 198
392 384
279 480
92 346
15 264
408 26
49 226
554 45
526 87
598 196
108 374
335 528
476 512
407 207
76 154
410 444
465 569
51 128
183 124
126 219
35 12
66 585
70 424
100 480
179 473
452 228
277 161
257 550
61 5
565 237
190 303
309 181
101 88
572 597
564 7
105 477
517 544
280 142
119 159
489 206
442 272
243 9
347 554
174 518
510 59
22 197
34 207
52 338
126 335
151 457
447 525
425 373
224 420
288 149
583 351
219 576
143 554
499 527
106 593
486 204
502 289
184 15
75 243
281 165
416 342
211 174
121 411
369 85
233 352
404 82
15 526
120 73
421 309
7 183
554 91
112 109
508 464
375 451
44 208
540 255
139 204
437 88
196 542
64 273
81 388
99 301
192 500
0 597
76 204
453 589
97 421
255 251
500 522
377 442
171 112
223 323
71 195
66 343
241 133
175 501
109 95
137 350
510 515
90 495
195 299
202 239
31 565
510 251
332 29
3 276
295 337
396 403
554 499
342 17
559 290
37 83
320 216
48 454
213 134
329 250
382 317
31 529
250 104
263 356
334 175
58 410
516 264
539 299
349 237
414 170
503 569
260 388
60 358
382 85
117 449
430 583
56 389
0 249
82 421
111 425
508 408
560 588
11 0
109 431
254 340
321 403
412 106
443 216
457 559
352 497
162 12
324 127
413 117
49 521
396 86
293 590
424 285
505 329
249 190
344 416
122 90
95 182
238 328
311 434
364 472
527 459
460 108
27 42
285 313
123 146
536 276
161 200
536 459
107 276
294 583
154 356
357 57
213 115
402 420
138 454
168 151
398 486
60 180
423 376
594 333
30 236
135 523
434 390
431 533
322 566
336 332
198 57
299 194
183 43
227 559
513 379
67 359
373 447
485 91
459 307
136 161
402 159
78 6
87 207
505 587
178 313
158 476
528 269
288 588
157 80
538 573
411 129
320 227
160 535
599 149
199 123
374 345
240 225
497 349
87 380
246 578
297 450
315 102
519 453
74 559
486 251
441 134
487 199
241 473
222 368
308 550
522 429
100 210
490 350
187 58
458 110
541 471
508 535
499 583
300 376
531 89
441 520
450 556
298 215
487 138
363 168
38 497
179 507
7 274
580 165
189 165
74 493
92 70
263 49
308 435
418 87
513 134
296 67
560 191
583 567
470 598
347 335
75 67
265 75
125 590
292 42
96 199
306 158
101 578
367 35
397 547
440 566
453 408
396 164
298 199
309 19
174 266
323 539
396 54
161 159
244 562
177 166
183 219
108 385
10 270
181 190
335 380
126 440
203 139
389 533
6 19
358 591
218 269
152 359
83 539
544 191
262 429
119 318
437 127
320 238
592 170
110 398
85 552
449 282
263 546
386 371
592 313
210 362
443 46
1 249
180 550
583 408
460 235
393 591
395 366
268 60
593 514
36 118
57 94
112 306
488 323
315 501
430 77
61 574
189 279
185 147
55 214
340 253
496 299
492 562
65 531
55 183
494 444
107 553
212 404
589 428
186 81
278 117
216 121
143 575
370 311
478 441
431 575
397 110
274 444
145 390
84 200
419 250
542 85
5 371
71 155
508 73
253 432
256 534
484 24
41 518
433 276
494 48
597 412
398 330
285 132
156 586
540 19
7 596
151 208
593 313
77 198
228 11
530 236
314 510
576 568
360 528
54 65
56 15
478 139
352 470
274 113
554 568
97 89
366 450
58 105
116 285
285 43
221 247
467 535
50 417
558 182
148 283
573 465
169 343
8 126
81 86
124 597
377 429
420 145
25 572
277 522
398 317
192 305
322 42
296 282
466 145
45 229
115 571
140 56
166 415
537 324
25 386
101 301
527 126
208 416
353 529
171 476
148 402
148 30
141 316
247 397
306 255
546 361
63 293
573 302
567 394
242 314
464 136
257 372
105 387
351 423
200 251
424 160
548 190
381 486
289 143
344 276
256 298
134 50
275 318
93 369
329 491
490 518
191 288
67 134
285 164
396 362
251 236
262 123
324 421
177 162
507 205
61 151
6 164
228 454
257 3
329 35
249 415
169 23
18 239
313 233
199 324
372 126
286 361
289 587
502 274
40 23
395 47
480 258
142 580
517 284
92 188
199 511
206 408
237 466
530 599
575 540
479 463
559 25
225 121
569 429
552 423
383 247
573 87
223 84
375 225
308 260
440 519
594 542
359 506
134 358
239 225
358 199
124 190
579 310
18 555
487 281
543 250
226 239
165 474
511 223
145 582
452 210
191 284
316 381
585 107
49 519
55 503
312 160
278 460
275 145
383 158
431 34
495 68
349 577
356 89
162 147
389 583
383 381
3 236
338 159
548 195
564 37
68 507
145 296
173 591
561 141
511 122
117 497
364 121
70 413
342 78
518 427
485 35
391 47
136 586
1 363
398 568
137 82
469 360
578 288
580 430
475 19
284 384
64 477
342 81
300 398
571 343
217 226
393 521
141 450
48 169
324 190
386 288
373 542
496 361
236 214
15 509
595 106
231 133
363 307
382 297
269 139
56 62
562 404
346 88
524 293
532 262
314 17
249 340
322 362
373 63
123 443
508 571
401 129
557 235
381 517
184 469
267 133
521 477
182 28
6 227
85 509
359 200
172 224
549 150
142 191
123 126
493 80
107 322
34 107
234 469
381 281
266 450
449 550
96 220
526 278
404 413
538 352
174 391
234 566
370 336
82 519
359 587
39 271
48 394
306 363
592 536
65 24
36 419
269 101
531 533
249 117
38 446
299 516
392 454
365 594
185 201
15 542
234 571
434 400
325 87
443 384
132 301
381 451
447 151
474 104
9 308
150 63
412 13
551 597
581 454
460 180
346 100
589 123
91 142
512 208
452 334
163 133
102 341
473 443
186 152
445 273
360 396
37 525
159 208
246 43
255 253
507 483
400 354
310 308
417 143
275 54
309 31
259 11
344 388
438 400
300 16
284 76
304 86
397 346
14 428
265 597
590 348
266 137
77 221
376 516
83 590
191 441
254 598
401 142
339 540
9 594
193 488
265 305
201 175
564 269
588 526
248 46
361 492
146 136
427 212
308 583
241 273
187 214
539 258
11 496
77 325
79 372
124 92
154 162
394 305
527 235
402 339
350 93
417 142
222 437
418 459
201 227
315 278
286 483
471 208
175 269
588 21
2 82
330 538
526 25
265 548
538 466
101 510
112 382
89 268
233 572
81 570
299 52
248 266
271 488
376 18
156 381
379 108
115 323
344 390
139 183
184 4
232 112
429 268
402 455
126 582
458 182
338 216
479 177
164 69
225 324
545 348
356 599
351 257
24 131
572 548
132 553
565 241
163 412
121 65
8 120
588 393
4 305
210 343
219 208
125 449
589 445
457 309
565 175
164 438
266 166
504 231
268 59
375 257
347 74
553 521
578 377
332 404
339 512
189 412
510 243
18 487
356 162
586 329
502 351
494 518
583 384
6 314
568 80
146 165
193 570
509 99
360 519
416 556
460 190
141 377
541 361
120 480
550 122
42 39
350 21
501 358
96 453
209 248
484 369
99 286
400 251
219 391
67 520
537 510
477 555
558 234
544 395
231 456
94 399
95 214
531 80
514 87
365 80
303 51
550 296
160 296
363 12
568 116
56 423
23 388
500 141
306 348
19 419
443 377
179 325
467 380
310 324
544 268
429 586
142 573
513 541
81 443
386 16
71 309
203 403
325 335
218 241
32 446
387 429
77 197
174 136
207 49
23 184
453 497
420 591
350 402
259 534
34 7
458 212
161 237
510 19
558 344
108 79
586 571
245 528
530 117
575 295
257 544
86 244
232 410
348 101
482 247
216 131
246 172
545 309
563 281
411 263
231 149
330 173
421 191
216 570
60 575
554 378
209 123
210 170
409 438
181 227
26 515
487 573
278 326
276 315
450 192
197 241
215 326
284 582
168 10
272 369
137 242
564 377
456 564
551 234
171 87
101 479
100 148
57 475
430 392
144 266
164 221
245 328
263 76
478 260
117 597
308 262
11 436
66 112
343 159
501 341
342 227
521 586
360 397
440 210
332 523
302 65
476 460
591 275
503 248
413 542
35 524
42 538
85 511
593 272
560 285
27 498
22 34
346 273
152 102
50 464
408 512
17 211
49 194
46 385
446 404
135 125
322 66
342 425
150 260
557 1
160 292
484 306
49 429
141 518
488 556
528 585
206 230
178 571
343 131
171 4
549 352
570 348
62 33
308 170
435 491
400 129
57 351
59 331
389 584
248 414
420 20
547 285
426 290
532 577
303 361
144 221
179 27
6 217
175 284
372 109
150 243
368 160
6 564
168 254
322 258
244 510
441 536
314 595
304 153
34 531
84 144
55 471
222 4
196 157
433 45
210 329
275 530
174 342
423 333
36 48
44 271
209 159
222 246
574 126
210 297
31 115
492 296
548 208
276 37
234 420
258 568
151 250
294 494
39 83
17 29
408 84
386 64
385 542
65 226
514 109
106 62
332 487
245 286
82 12
337 283
166 44
550 363
565 361
174 380
470 81
223 267
532 462
136 236
479 560
491 8
408 11
399 52
394 448
290 598
570 454
118 137
360 598
387 251
562 154
387 556
314 279
445 393
416 244
571 551
147 478
551 49
223 145
571 266
116 386
359 118
321 330
5 513
154 477
121 220
324 155
443 591
103 171
456 122
342 518
451 20
529 404
203 322
262 159
9 262
189 150
366 563
382 331
557 476
382 134
158 230
454 51
469 513
471 416
69 61
