600 5200
456 490
459 81
210 438
244 310
12 336
333 564
309 333
34 23
204 560
76 395
486 265
209 408
151 159
107 506
501 141
378 255
35 435
343 63
461 198
171 521
375 328
319 91
125 169
519 414
305 212
439 508
29 278
23 14
377 278
232 542
151 122
237 163
413 507
216 254
156 593
548 419
298 248
461 57
239 234
14 510
74 183
24 132
23 432
305 106
382 91
70 462
134 366
386 220
277 105
67 240
510 259
483 525
469 216
97 191
545 521
60 293
320 144
433 374
352 318
259 189
507 231
49 454
129 539
591 523
13 599
21 47
390 171
332 78
459 517
565 186
213 174
382 340
580 344
509 31
520 184
84 385
359 250
181 140
245 577
577 250
72 340
265 103
229 450
336 462
48 220
136 492
569 397
77 401
302 101
303 146
251 444
536 274
115 145
308 373
144 392
597 463
74 383
250 418
45 145
164 573
574 246
202 566
98 240
449 15
592 455
343 280
177 359
321 371
563 265
62 217
205 224
122 539
74 462
475 493
72 526
167 496
316 332
123 252
132 221
399 493
368 119
203 266
392 417
410 391
517 267
330 483
14 301
328 299
241 193
257 308
540 387
105 73
184 135
248 71
27 44
265 194
45 5
360 158
227 108
352 563
53 409
355 269
310 69
131 99
258 7
358 3
493 428
370 97
46 103
128 433
586 397
21 460
489 149
60 269
376 92
32 362
13 145
272 464
114 537
44 291
316 461
148 589
546 112
293 463
114 424
280 219
551 482
294 117
249 189
102 96
225 372
132 146
343 521
220 76
43 594
255 392
332 16
384 454
45 347
190 61
23 292
28 442
253 485
304 265
586 559
127 532
189 295
548 564
274 114
544 447
305 54
389 306
123 417
204 558
201 241
470 576
34 233
431 254
55 344
63 335
244 211
432 540
556 38
371 557
104 334
177 160
236 28
339 190
116 279
516 380
187 520
367 425
302 130
105 122
456 225
339 44
314 219
352 56
468 161
375 294
249 134
560 241
389 285
310 429
242 249
84 117
304 118
115 130
427 503
476 208
222 204
408 486
24 227
36 172
362 129
42 349
339 25
281 593
389 292
188 153
65 206
255 123
570 48
31 349
155 439
211 111
384 400
315 383
140 116
83 102
562 231
429 434
143 251
103 274
97 383
219 11
283 193
585 154
457 535
192 7
123 124
142 138
413 482
368 519
287 144
71 202
412 336
177 499
498 326
487 272
582 210
309 93
389 515
197 430
242 407
278 592
71 199
49 337
150 351
131 244
546 521
52 176
46 4
46 409
27 506
215 28
160 236
92 273
34 273
438 152
568 323
99 243
292 349
127 584
78 510
19 481
578 308
571 135
119 409
274 288
157 9
173 284
116 322
457 235
129 78
213 369
344 485
486 227
489 475
104 95
470 379
443 109
487 598
192 281
418 495
521 244
4 106
507 197
47 554
547 179
27 485
568 238
530 369
182 410
316 47
130 193
420 592
443 58
92 456
220 50
213 582
371 331
427 586
430 476
291 439
196 257
112 292
374 141
488 369
244 123
39 231
44 383
198 248
95 408
467 544
346 340
555 347
249 84
34 586
157 133
206 281
235 79
510 339
585 82
422 79
303 149
525 491
214 37
342 466
236 183
338 586
456 412
473 91
113 378
253 350
590 498
352 227
519 197
264 67
548 286
577 92
132 88
45 68
484 363
473 337
557 597
258 501
232 96
467 522
472 358
434 383
412 547
447 431
108 484
344 262
340 284
343 10
405 485
424 468
198 541
71 155
183 281
430 549
193 348
13 225
265 285
541 328
191 596
191 461
321 591
505 497
179 238
380 500
586 404
403 166
284 451
493 421
246 593
439 410
12 432
279 212
215 30
157 564
152 386
367 503
575 419
454 470
322 285
427 442
2 140
422 576
585 204
591 499
523 334
341 453
481 152
27 41
558 259
452 564
321 64
256 577
587 126
517 192
0 169
513 105
51 568
133 304
508 6
121 91
181 563
342 276
470 200
3 259
147 31
580 361
206 356
376 135
290 10
396 476
290 516
374 590
169 389
351 336
334 424
277 238
100 133
54 23
77 110
381 283
586 58
345 584
440 116
348 386
530 163
518 420
68 6
21 227
350 157
316 146
30 133
456 258
466 220
141 121
516 590
259 369
475 339
165 229
38 75
516 148
57 61
272 180
497 543
377 63
509 220
37 116
61 396
49 31
231 397
362 29
87 354
172 81
489 431
464 539
56 309
149 16
190 232
576 388
353 359
196 129
306 395
332 209
366 336
538 64
138 121
442 297
255 227
20 455
67 336
565 77
15 6
417 71
96 79
319 565
12 570
599 392
237 198
563 147
487 334
363 143
37 489
349 47
64 130
53 530
130 234
405 477
16 482
406 39
449 304
242 85
408 176
599 71
230 83
498 201
139 447
291 393
380 485
566 298
164 59
529 136
507 554
351 293
45 599
231 168
163 299
31 155
338 67
110 129
464 566
81 37
351 145
31 548
147 518
496 54
314 160
382 287
508 315
443 275
549 497
75 429
202 400
430 441
225 526
393 192
489 165
69 50
435 529
512 237
111 92
383 567
214 476
366 3
514 386
86 410
216 509
552 584
69 413
271 512
404 276
84 353
290 377
434 92
92 541
12 383
415 296
238 241
192 489
329 475
175 371
418 240
348 269
494 313
529 206
545 115
440 323
158 142
453 305
176 567
550 590
365 443
174 62
250 481
25 81
540 332
381 447
120 235
240 95
549 134
195 46
192 68
517 172
464 100
103 544
168 141
210 380
412 393
373 428
259 511
374 398
143 17
466 97
370 10
428 288
438 268
13 515
390 457
436 130
479 403
477 594
587 81
16 148
372 186
150 93
249 162
240 113
46 452
228 215
597 405
407 355
294 188
548 585
123 360
333 113
78 504
5 567
404 265
70 559
315 90
464 463
580 95
358 391
137 352
454 54
257 536
473 183
93 527
580 506
30 505
408 515
496 316
202 30
32 280
273 463
342 503
391 330
527 270
310 25
475 38
16 555
93 146
129 380
548 394
92 320
564 582
64 379
209 441
579 484
531 429
265 107
361 201
149 547
136 588
293 502
580 55
156 341
501 369
367 449
283 71
598 382
352 98
576 271
210 23
467 270
382 415
330 348
54 227
464 316
375 88
222 323
372 592
433 118
359 296
102 124
516 263
225 212
302 512
207 72
263 98
248 550
385 62
82 191
488 528
88 69
333 316
566 36
368 99
426 269
174 95
134 404
146 82
241 109
88 146
457 130
519 326
84 449
301 441
500 126
141 332
480 348
563 551
537 54
364 182
380 483
259 115
501 154
73 182
397 335
348 273
544 327
396 147
585 116
405 428
537 216
571 560
114 361
204 176
553 563
519 279
316 246
534 468
358 403
17 344
387 236
595 127
290 389
532 107
519 141
93 422
133 475
304 331
421 246
26 328
588 233
202 499
154 47
172 552
343 316
491 50
574 128
35 402
327 339
514 92
248 137
71 474
351 289
194 292
418 480
155 337
78 472
119 595
375 337
126 178
525 10
431 265
448 437
355 25
469 234
299 431
4 245
135 501
476 584
288 95
203 35
16 183
512 122
31 108
477 515
13 294
104 101
385 137
129 101
506 256
433 202
200 344
189 358
565 113
465 20
181 149
414 42
64 356
553 512
366 511
424 195
122 242
122 460
486 514
385 152
558 535
163 247
315 256
269 549
34 163
431 106
203 384
206 436
46 48
346 495
66 89
250 12
237 349
391 187
42 162
109 226
167 120
353 447
353 556
17 82
420 576
519 589
208 581
233 559
580 481
585 42
357 508
263 104
492 523
44 329
570 544
517 165
82 507
463 476
315 26
417 5
207 2
54 89
506 20
140 167
133 576
54 349
404 474
349 542
116 207
280 416
165 556
571 112
392 46
400 38
507 525
397 11
567 353
344 494
451 68
119 178
27 174
242 431
235 420
379 97
428 166
504 442
202 348
239 589
254 274
23 493
251 61
415 228
165 376
462 274
354 198
379 312
128 400
186 139
568 137
351 447
386 548
124 312
178 504
263 340
318 230
421 192
296 175
159 432
210 211
143 357
24 596
323 599
343 419
227 326
36 152
570 495
214 23
453 486
535 472
315 327
25 525
331 572
541 197
170 492
145 260
463 260
275 225
577 210
467 49
157 160
45 107
491 52
560 179
461 322
449 180
15 255
382 38
6 378
56 133
593 239
586 214
202 470
196 340
346 269
355 128
581 312
240 56
490 562
441 563
158 548
490 515
179 371
311 479
228 362
302 63
108 85
265 170
512 160
279 466
165 464
449 193
330 180
106 589
429 554
50 366
104 132
469 14
184 214
210 273
367 384
598 468
173 375
249 106
223 563
261 104
205 233
252 426
518 34
390 360
521 139
589 163
34 410
422 214
543 233
277 394
452 118
299 522
498 549
555 552
230 291
583 371
328 310
16 459
283 324
111 158
356 103
599 548
112 393
321 126
590 390
63 574
93 204
453 346
12 200
192 419
315 65
436 385
172 79
87 192
597 418
558 435
226 39
404 148
335 302
324 550
322 287
234 466
317 484
135 21
195 417
334 111
287 421
35 269
574 468
90 89
596 249
589 131
11 310
97 501
53 127
14 449
448 157
150 92
487 134
471 375
40 414
56 266
203 158
403 127
534 396
409 314
317 405
23 103
435 123
17 41
598 578
218 189
245 285
39 144
553 479
374 415
284 372
32 239
261 194
30 452
503 594
542 372
54 596
348 216
198 488
266 142
37 411
403 125
219 49
222 412
310 348
312 424
351 103
138 370
221 492
253 378
543 364
35 428
348 118
267 322
326 403
28 389
341 130
185 495
143 486
330 59
514 502
380 557
89 61
204 333
522 78
31 370
93 98
159 48
104 121
193 418
149 570
384 283
376 259
49 194
415 15
75 81
522 385
418 363
9 563
242 520
488 84
241 236
495 292
82 555
253 438
121 295
331 378
98 292
385 82
539 121
585 494
110 541
485 467
243 154
461 548
534 323
408 552
167 132
576 92
495 240
352 349
49 78
459 586
274 584
483 487
583 427
122 318
361 325
296 257
125 189
441 437
452 263
474 220
115 263
518 39
58 346
595 564
345 430
45 420
184 545
87 440
317 375
333 94
455 405
69 270
286 492
257 110
85 438
328 561
68 530
453 36
571 451
586 582
377 34
577 143
589 569
506 394
479 232
444 472
292 559
343 356
531 65
218 83
2 385
389 299
336 530
351 206
99 155
219 549
160 81
423 139
49 230
228 290
507 401
124 457
52 57
67 257
80 388
367 552
460 221
3 42
392 537
477 75
324 33
564 370
591 376
551 302
442 574
113 258
379 410
258 472
50 308
309 454
272 563
470 24
132 286
449 428
51 298
70 137
376 1
141 196
571 161
363 394
210 87
577 373
107 353
268 571
333 177
392 402
213 570
458 561
281 315
473 412
261 102
0 286
478 203
345 233
463 26
571 384
441 163
320 575
393 297
240 519
8 333
265 390
569 533
224 182
165 480
330 350
181 139
540 428
507 194
42 164
327 359
548 413
261 287
5 368
295 504
256 82
432 324
299 15
571 131
424 241
286 455
258 521
156 56
306 171
527 209
133 439
579 434
455 506
132 481
399 134
43 176
452 196
326 534
319 461
397 141
13 198
22 208
411 344
2 79
468 443
373 450
16 284
220 90
307 147
309 517
413 464
416 52
289 139
514 378
276 416
251 0
499 297
431 63
532 203
268 582
290 496
70 465
396 336
137 371
86 553
5 47
412 159
388 308
166 538
73 307
211 568
29 549
545 190
109 131
285 112
64 61
314 230
530 7
155 108
475 499
598 554
459 233
320 410
450 38
35 353
293 442
94 308
570 60
423 200
122 432
214 529
317 59
47 285
468 498
166 102
164 511
479 248
539 205
146 405
301 71
158 573
123 279
407 158
289 557
246 33
237 136
555 539
37 0
144 516
11 166
75 591
112 133
514 548
511 113
178 237
338 74
64 110
458 442
579 415
345 464
48 576
244 355
233 38
461 299
178 491
185 143
471 353
508 326
316 79
341 317
412 479
519 49
228 468
383 48
347 395
376 125
350 313
185 240
53 338
456 213
599 86
295 363
363 263
80 591
534 43
556 453
42 56
84 318
104 593
28 106
557 156
226 528
167 18
97 57
175 573
252 451
530 411
315 145
44 405
172 569
368 337
168 228
567 246
560 78
494 95
497 139
241 543
268 229
491 77
211 424
595 506
247 287
368 586
395 516
579 498
339 393
321 598
65 576
532 269
452 199
18 318
303 86
402 126
458 47
552 236
364 174
502 116
4 251
502 367
166 531
306 375
543 141
350 245
554 264
365 248
472 11
461 8
429 566
144 180
282 214
437 393
37 346
230 351
110 67
436 97
149 300
142 541
70 388
114 305
423 599
194 291
31 130
24 175
343 575
78 480
286 584
270 62
404 328
504 81
438 4
128 446
387 429
123 215
570 585
363 341
560 518
329 236
563 547
380 249
533 502
105 53
35 51
247 147
548 336
25 9
482 233
388 393
538 522
516 26
67 376
130 482
360 44
490 166
390 560
324 145
191 222
299 33
199 563
413 60
418 467
362 106
590 297
233 6
162 227
59 296
416 425
167 572
202 418
463 136
503 343
597 482
91 79
121 274
337 534
498 115
93 311
74 386
6 99
537 15
462 190
27 347
198 559
175 139
1 231
193 547
325 472
168 230
355 439
254 60
133 448
2 534
337 248
252 110
32 310
138 482
147 556
350 585
106 113
142 257
278 567
11 135
415 126
40 476
260 294
120 388
220 268
496 107
86 93
426 113
496 529
170 421
146 42
44 547
158 192
592 510
245 147
242 497
494 495
160 275
25 252
198 0
474 31
576 358
218 27
60 576
183 150
201 396
436 25
111 118
168 465
11 379
70 486
395 157
149 189
148 161
25 244
43 464
370 62
177 8
141 124
474 63
536 185
264 383
32 443
45 35
207 366
508 359
521 194
514 244
368 58
433 16
14 409
335 82
261 227
138 104
330 345
183 70
348 586
362 305
564 368
49 52
541 172
56 175
229 547
0 64
24 295
534 320
99 263
385 181
18 56
556 529
334 447
307 156
133 477
461 430
72 190
346 529
209 424
501 257
72 520
500 532
564 375
463 521
241 449
410 249
172 595
495 379
471 418
149 209
374 26
581 482
478 218
470 556
368 516
543 254
560 313
208 116
338 106
150 574
562 308
322 15
359 254
55 212
141 241
70 20
513 63
272 6
366 324
584 145
395 478
397 422
472 248
130 6
200 405
568 6
535 259
25 19
64 120
203 164
508 380
208 398
43 411
416 421
578 134
149 558
491 21
61 267
469 251
579 11
6 404
549 230
102 233
232 343
54 376
553 297
92 122
166 41
121 140
405 194
99 289
579 543
292 298
591 153
27 542
248 146
37 575
105 199
98 283
524 151
130 242
60 432
21 270
368 133
304 203
75 6
141 450
386 521
555 580
488 238
267 410
233 114
23 343
503 357
299 154
391 438
306 177
592 27
92 405
386 0
232 555
142 273
316 285
439 375
236 461
565 389
98 413
303 110
292 480
117 485
256 288
188 516
231 538
63 504
78 31
168 546
411 225
92 589
425 528
471 486
229 594
165 170
444 477
329 41
400 471
586 47
398 288
138 263
248 70
248 148
244 71
436 567
263 202
234 505
459 485
470 506
545 431
244 549
175 513
467 146
35 82
323 234
5 487
580 308
239 303
536 376
230 550
561 289
530 168
466 461
291 585
10 110
439 254
518 595
320 13
455 347
499 97
570 476
95 340
289 264
519 523
593 340
466 389
560 291
324 229
499 358
138 181
115 490
31 247
252 539
437 68
238 325
51 126
480 333
598 350
48 246
409 137
263 518
138 374
440 430
109 552
590 448
294 179
54 375
65 495
14 395
78 97
150 197
217 315
216 396
23 196
194 249
336 590
326 130
136 157
451 473
217 409
369 179
325 250
469 260
186 544
594 537
120 202
468 403
139 59
156 364
219 212
230 491
354 288
460 447
157 291
468 371
389 347
257 246
216 30
289 443
50 121
300 540
528 581
130 276
32 169
436 141
266 411
51 409
191 438
374 129
236 495
281 546
446 304
218 591
288 136
236 394
32 444
527 312
587 597
357 502
95 234
124 464
148 237
285 504
218 45
541 162
326 392
253 519
565 410
459 436
386 566
258 61
267 532
502 584
569 106
184 414
486 268
513 3
238 4
265 216
105 576
406 557
197 584
109 486
154 439
273 324
146 476
395 142
418 25
64 458
497 587
497 285
523 518
83 425
421 592
521 204
239 324
136 469
218 19
508 269
33 298
464 88
49 155
431 8
160 376
187 573
169 593
502 496
488 96
48 244
57 504
8 225
224 32
597 126
365 507
201 85
62 221
287 584
151 542
469 389
335 375
413 283
242 40
393 73
84 273
279 44
263 369
85 33
374 308
211 448
212 230
362 428
360 551
572 165
334 42
293 94
571 555
221 547
81 436
430 235
593 29
186 383
374 113
280 325
427 406
321 382
321 378
314 86
100 158
439 542
593 338
391 149
27 526
140 482
385 519
343 2
121 570
508 527
490 584
480 187
147 559
19 355
355 242
261 525
85 309
540 45
540 557
167 528
463 141
541 335
566 338
20 432
45 38
86 139
439 266
457 521
363 468
311 581
473 594
554 328
398 529
514 297
340 118
135 378
564 412
86 438
215 504
18 257
382 173
520 279
295 83
356 527
44 593
448 170
429 225
169 44
417 143
359 190
496 215
162 170
219 581
45 36
598 202
418 577
348 129
290 167
341 356
300 145
598 325
576 345
377 287
172 520
188 145
65 535
347 88
320 528
332 114
327 299
243 67
585 233
448 258
280 424
1 92
232 446
288 291
297 138
170 218
449 493
26 595
296 91
356 449
443 523
330 220
596 115
579 256
217 74
271 476
504 432
115 202
598 574
494 89
109 388
262 389
24 12
357 279
339 501
378 461
390 34
419 253
195 570
180 101
60 588
553 534
560 217
342 263
105 466
356 426
507 574
274 318
319 582
101 31
412 174
113 467
267 301
510 456
402 226
584 231
292 111
562 298
35 485
433 320
522 494
3 14
24 374
477 291
447 36
522 457
62 467
13 450
422 98
205 444
110 175
563 232
518 186
4 240
519 371
270 521
242 277
364 142
287 374
280 504
345 391
434 530
243 196
565 478
468 509
306 209
388 506
418 457
348 341
374 402
337 19
265 111
68 430
561 469
574 523
556 41
355 93
461 102
430 76
39 3
84 595
232 572
456 401
429 478
175 199
1 413
114 130
526 417
469 91
33 527
290 436
132 8
191 340
441 440
50 468
468 539
53 44
422 480
182 470
406 239
123 152
48 275
238 433
383 156
124 344
72 441
88 450
566 458
502 133
139 91
106 315
16 179
80 135
147 484
521 275
84 98
68 306
310 3
595 104
111 526
338 219
562 115
182 569
74 582
582 91
411 362
585 448
583 562
123 525
456 71
138 498
569 99
491 109
499 133
326 543
104 239
381 546
562 2
263 568
310 213
427 570
22 438
256 567
395 145
97 541
1 358
473 549
441 87
381 174
13 277
189 90
21 447
279 564
288 72
525 286
183 360
134 129
247 28
471 93
362 288
354 556
313 385
115 32
186 526
53 379
422 201
220 248
420 114
525 40
595 70
492 317
584 6
363 94
490 27
55 1
389 473
178 155
177 574
518 200
296 450
159 426
579 583
493 486
547 262
404 201
484 360
152 460
532 340
28 68
335 519
340 145
254 139
176 317
469 65
119 36
581 48
423 32
356 36
178 75
128 34
591 106
165 100
454 327
579 91
475 34
449 310
545 182
316 53
246 275
508 489
25 274
198 460
99 552
500 26
119 124
514 94
406 287
106 42
181 476
82 20
412 98
19 240
240 556
390 198
228 235
297 581
423 15
319 374
519 267
574 404
252 497
267 235
355 146
101 289
173 450
64 420
239 34
533 471
357 433
104 533
178 83
304 393
295 413
365 346
590 171
166 234
52 151
158 581
39 154
374 136
90 266
534 328
204 307
269 182
18 292
574 429
351 127
537 302
293 593
562 494
468 506
594 333
389 40
110 197
367 440
74 118
525 0
473 425
497 392
11 401
522 248
285 406
494 299
362 333
336 464
305 75
532 460
304 447
295 316
83 344
17 512
267 140
100 202
301 20
94 393
301 352
334 44
156 47
322 151
151 498
146 201
390 334
221 200
442 267
98 382
81 372
311 553
561 578
341 313
272 549
559 367
547 26
592 441
467 321
300 233
474 65
79 373
102 412
405 510
589 477
10 508
348 45
575 20
2 184
113 255
529 14
521 358
1 583
312 549
185 350
243 564
260 12
373 509
557 599
595 521
226 25
210 587
322 29
20 340
74 444
336 485
408 159
342 395
534 561
57 34
444 539
70 351
315 511
240 304
187 460
582 494
552 463
351 469
155 501
374 391
507 200
379 411
385 210
405 591
196 246
321 262
436 393
27 440
138 457
525 118
79 132
195 191
197 443
557 324
555 502
516 424
580 330
369 386
33 117
525 81
429 457
293 71
374 295
490 188
545 240
277 284
198 184
290 386
177 369
349 381
184 568
35 62
51 336
16 391
75 55
339 102
412 442
141 389
354 56
591 168
484 93
598 37
7 391
86 345
3 344
87 123
565 408
429 170
429 589
61 257
117 128
427 280
587 288
227 517
234 314
345 105
21 361
572 111
0 30
109 118
598 388
43 499
511 521
523 207
71 260
185 269
146 225
566 80
400 64
378 352
178 51
544 217
476 223
218 346
304 454
557 386
306 94
594 41
553 234
495 574
497 307
0 486
203 177
190 29
392 542
467 213
3 365
235 509
184 240
321 372
435 477
556 224
341 3
500 432
142 140
358 125
227 372
374 247
4 467
523 543
260 432
326 378
517 289
107 365
299 144
340 54
391 73
216 426
283 47
191 184
193 276
228 122
461 561
409 525
491 331
583 475
62 573
396 149
553 438
80 501
113 210
295 571
310 378
99 413
474 268
573 18
317 44
196 560
192 268
13 380
565 475
268 102
535 247
512 429
190 264
476 186
349 583
86 140
282 232
221 244
428 256
452 410
543 535
562 181
527 555
549 141
445 136
383 149
96 124
183 252
23 94
348 136
442 181
54 83
339 424
55 204
572 417
176 332
360 240
207 435
306 471
532 562
341 358
388 561
432 413
26 387
573 227
360 11
188 415
205 563
180 288
593 159
261 197
181 389
161 238
10 7
38 481
466 210
488 344
467 442
107 377
139 102
292 117
271 333
161 194
12 596
387 388
157 128
84 120
519 531
548 443
202 39
286 327
340 112
240 337
328 147
590 200
362 516
3 99
432 232
258 16
308 430
471 326
388 101
21 307
382 199
2 102
442 194
247 25
387 562
189 131
36 463
424 65
424 176
379 21
427 116
64 178
559 496
289 132
262 529
263 260
584 514
451 117
489 122
261 583
94 114
558 526
483 117
477 92
582 530
356 129
498 156
448 106
39 457
573 581
93 52
57 519
373 415
491 74
36 263
381 466
169 547
337 580
162 308
90 19
109 442
295 177
55 511
75 544
287 130
397 71
87 454
30 398
580 247
79 266
324 501
11 576
426 317
483 292
192 317
420 197
278 171
586 331
26 166
5 162
175 311
192 305
432 394
582 511
331 291
153 352
306 107
71 543
204 459
301 135
96 351
353 327
328 364
260 63
367 434
210 557
0 200
144 499
54 256
71 176
275 169
9 455
575 282
553 17
15 356
16 301
248 233
411 580
227 428
103 449
44 357
16 565
360 349
217 370
278 31
54 122
557 190
121 18
109 52
101 215
95 375
10 599
292 253
210 8
116 149
96 2
57 564
261 225
587 240
357 373
494 192
250 100
265 1
153 16
562 184
298 375
470 391
325 586
28 124
29 202
596 269
470 4
217 103
243 106
186 103
131 410
385 521
548 61
66 40
91 224
576 251
339 227
24 361
66 578
37 147
433 8
147 449
413 7
169 579
302 314
95 112
177 321
324 92
594 328
572 450
325 180
318 137
146 194
64 248
572 176
518 556
219 79
595 112
533 111
438 570
87 164
283 274
575 163
490 592
332 384
137 230
345 553
149 350
262 425
62 579
111 545
16 359
361 599
345 466
319 44
563 511
16 272
100 98
138 404
34 388
272 225
153 19
87 499
419 82
533 474
408 289
277 432
157 569
579 152
279 403
515 276
558 366
31 142
410 32
587 486
392 434
217 1
226 407
337 81
61 569
469 503
350 315
396 540
580 561
253 541
201 222
219 352
215 117
439 588
68 558
1 333
492 197
453 506
74 321
159 154
559 88
32 493
191 35
151 292
193 559
345 556
401 509
192 307
501 256
592 120
175 87
150 578
128 286
448 118
501 545
564 247
159 121
493 189
432 548
121 432
171 239
286 520
194 184
539 150
213 191
107 505
94 280
521 96
270 68
528 559
299 341
379 102
3 459
527 112
243 58
310 422
1 454
235 308
352 133
493 218
459 54
270 365
307 79
551 585
281 234
549 266
176 286
138 47
166 134
156 358
202 296
188 71
483 176
106 78
143 569
328 319
342 459
36 24
469 329
113 26
305 471
420 424
359 442
420 60
420 118
15 326
508 578
302 519
350 258
357 410
123 52
141 243
436 575
592 293
70 79
104 599
384 304
281 334
312 374
382 477
546 527
528 221
466 173
65 265
240 459
334 360
435 95
262 21
80 257
526 475
26 211
132 31
546 249
415 530
155 382
184 0
172 137
340 187
552 541
221 127
291 480
543 196
108 214
450 375
259 425
528 473
301 239
455 2
71 182
427 239
147 406
567 231
16 449
134 255
461 263
90 173
232 381
512 420
199 578
215 75
136 308
179 208
113 424
257 88
215 235
235 492
592 112
594 3
254 128
516 335
263 93
338 112
244 23
481 315
120 577
196 585
220 560
194 100
65 44
409 374
562 406
203 268
557 263
50 34
544 231
108 532
465 508
135 291
318 56
163 195
257 156
206 284
189 196
125 30
255 393
388 405
155 391
141 101
498 8
312 1
464 432
202 512
386 230
64 137
546 443
538 462
245 44
229 119
274 138
473 376
380 341
313 374
555 321
403 180
348 493
512 132
175 389
478 77
539 470
525 535
257 116
498 150
284 110
430 44
178 347
253 51
48 498
369 99
71 428
335 443
522 170
402 9
235 361
291 17
504 507
364 283
109 256
314 277
304 457
150 558
44 37
227 383
585 393
50 171
21 543
251 499
500 385
180 397
301 316
499 339
381 289
116 135
233 506
230 241
431 249
520 453
367 444
533 280
6 336
242 219
470 425
422 328
159 379
8 206
278 274
543 239
343 267
420 225
465 115
327 13
502 373
470 170
39 357
225 451
83 288
269 498
456 360
27 223
166 309
179 537
447 192
512 112
33 400
236 315
8 59
4 37
24 339
520 247
342 196
535 370
516 33
7 417
495 446
56 272
144 435
522 591
201 441
292 507
44 572
118 3
152 288
72 192
491 30
100 450
416 553
421 302
445 498
24 568
527 445
597 467
413 141
104 376
565 574
299 464
80 209
52 342
235 2
323 511
155 584
500 510
184 251
353 392
60 37
139 174
68 562
36 404
133 237
100 210
499 598
415 309
142 90
272 212
16 496
392 313
499 116
559 214
468 540
278 456
178 579
175 442
104 591
332 573
135 565
598 449
326 533
202 283
182 435
38 571
449 129
118 490
63 177
362 528
585 272
555 426
10 554
517 209
169 24
448 50
329 104
107 68
538 509
208 34
111 411
565 200
319 2
77 23
432 301
32 345
326 422
370 224
445 304
239 276
423 597
232 99
29 437
461 81
68 463
394 539
122 20
114 507
505 4
275 409
542 522
20 356
309 83
9 276
420 375
334 240
483 85
498 264
590 168
429 353
239 480
263 285
421 165
241 574
160 273
13 379
90 592
57 340
77 211
583 219
530 475
250 27
440 491
152 217
343 537
298 385
228 528
87 155
464 65
428 321
571 282
289 29
429 586
93 452
11 596
40 523
581 467
147 503
263 558
473 517
511 425
407 486
356 443
253 64
426 507
6 106
536 48
417 221
529 266
251 474
329 437
52 308
190 409
80 435
95 347
44 262
233 78
63 178
72 147
134 372
10 136
530 120
494 114
146 28
587 438
118 178
300 76
342 560
393 309
244 430
201 53
228 164
288 552
268 34
252 387
536 369
127 87
269 212
493 97
272 29
361 231
99 122
158 395
6 301
439 538
461 6
320 442
369 239
45 278
165 542
434 537
117 446
475 334
55 592
575 5
171 302
113 527
481 56
136 493
314 170
517 520
444 88
55 151
99 66
461 395
158 453
558 369
430 15
322 462
497 548
103 509
141 114
585 171
552 190
401 435
549 297
271 212
298 77
344 182
110 515
341 244
12 102
311 132
239 581
457 501
268 297
460 211
6 211
226 589
546 357
476 448
32 255
410 176
115 376
273 214
427 270
565 91
28 6
241 118
218 358
111 126
243 236
173 364
153 10
316 275
332 533
399 163
577 241
486 72
284 177
70 225
498 270
134 340
158 456
412 238
492 395
55 26
396 406
6 292
301 490
348 298
398 403
68 588
274 39
332 185
544 1
554 396
205 551
247 259
227 32
381 301
457 204
393 128
148 115
421 419
223 69
522 76
226 101
23 305
457 228
463 295
130 440
11 584
323 495
262 239
42 84
53 67
39 24
63 129
241 12
44 95
230 593
151 19
553 450
340 116
30 311
123 405
321 539
189 390
430 80
280 40
196 264
207 356
183 420
331 131
508 507
517 419
561 575
255 29
27 590
394 88
204 429
20 401
593 451
279 576
516 70
128 268
86 286
178 289
411 456
374 30
251 263
75 31
498 427
423 53
168 62
577 207
287 488
205 5
148 60
157 328
218 211
567 96
388 116
361 382
294 217
29 167
564 175
578 599
561 559
457 307
383 396
573 425
518 331
514 273
72 104
346 39
296 135
217 91
41 339
21 462
179 241
571 352
280 440
182 177
499 514
26 426
461 275
415 316
548 243
554 233
33 445
484 118
330 414
236 242
238 457
559 1
348 335
82 361
112 210
593 457
294 359
559 478
8 53
17 480
16 138
92 558
447 146
572 536
471 247
57 139
3 582
51 188
194 450
357 250
463 212
73 100
174 386
333 317
18 425
163 328
554 463
445 436
129 315
280 568
355 324
270 56
533 536
103 532
389 414
56 170
507 238
450 262
335 324
345 516
154 263
242 313
209 529
333 517
249 383
161 472
209 283
1 380
440 541
508 404
319 499
46 497
169 80
185 238
145 521
544 370
353 421
16 300
551 160
328 19
196 468
427 139
213 147
300 2
314 551
449 363
509 576
463 85
354 130
224 296
105 235
461 29
447 178
490 306
114 299
226 112
411 426
386 394
518 484
45 267
237 375
449 63
569 320
221 67
269 194
538 458
14 492
284 147
370 523
237 93
462 136
156 401
573 75
569 2
124 345
227 543
463 467
594 277
514 51
497 553
491 116
52 341
72 493
54 202
95 111
456 45
567 32
41 584
450 427
326 158
501 22
202 191
576 82
43 407
93 249
161 168
479 353
438 43
152 308
557 178
457 152
351 315
478 397
153 497
409 470
534 549
191 227
349 389
52 20
66 527
184 341
344 345
216 163
578 20
51 359
16 196
126 408
248 247
134 556
478 83
45 40
547 55
8 478
312 330
355 59
86 411
53 138
387 223
527 566
452 409
414 39
461 440
208 441
365 52
191 219
311 484
570 325
166 492
8 395
263 175
512 359
285 513
540 361
306 55
89 340
571 323
306 244
220 112
280 265
577 340
176 174
401 3
404 360
282 170
103 123
144 196
6 181
271 329
41 84
207 579
419 11
388 515
85 572
101 580
162 339
459 383
91 178
436 84
282 544
297 109
380 278
393 107
85 239
311 190
524 234
366 319
24 150
73 474
167 326
10 294
329 105
98 386
264 304
88 37
50 441
94 357
332 50
126 179
247 392
327 574
386 279
591 396
280 557
387 463
539 313
63 366
178 86
499 46
139 435
32 442
69 5
523 375
294 373
163 173
244 419
476 71
460 84
17 146
221 437
90 271
552 539
39 398
473 282
491 111
257 518
74 157
217 4
496 439
32 574
317 319
271 589
413 36
531 524
191 417
324 67
333 328
305 406
455 342
440 458
89 196
570 284
428 419
518 451
289 484
582 304
191 379
531 342
325 439
447 186
300 342
71 219
263 458
510 15
589 367
524 338
70 464
310 288
329 502
10 598
249 517
429 193
510 31
484 592
460 182
4 91
200 329
331 165
138 446
513 256
396 194
575 174
146 63
327 182
209 133
124 395
53 93
349 481
50 252
575 480
409 171
196 334
433 548
598 169
333 184
479 44
64 342
342 338
173 165
498 373
283 449
559 57
220 468
45 326
396 349
267 534
62 250
574 200
9 502
174 337
170 508
385 323
421 38
9 289
294 404
362 47
224 234
528 128
189 288
534 406
58 105
501 231
135 115
229 571
156 561
467 551
72 84
224 266
274 221
597 442
319 239
474 170
533 268
132 599
62 149
77 374
51 139
577 36
406 474
297 367
202 241
63 69
545 276
359 65
205 118
49 18
21 173
318 200
589 41
591 346
541 31
476 540
115 558
485 167
408 493
344 511
306 198
474 272
22 383
448 141
390 269
456 179
538 326
267 35
403 89
588 114
340 93
300 429
212 553
112 187
437 145
126 92
496 584
143 288
176 425
26 300
312 572
316 570
537 452
293 181
248 313
84 141
362 370
471 157
479 218
290 597
582 468
415 445
58 373
71 144
144 314
158 514
525 262
578 95
227 3
416 103
161 47
444 23
572 529
543 592
368 324
492 321
115 524
514 91
150 341
81 261
451 418
256 519
528 112
66 526
560 367
543 258
307 432
374 17
88 456
527 499
389 189
582 134
44 362
501 157
32 318
445 575
583 112
51 176
291 492
252 371
371 134
183 482
50 341
471 519
472 390
30 273
32 62
498 146
111 478
295 594
81 242
361 220
463 500
435 126
307 230
345 459
531 532
190 507
510 132
9 233
356 508
246 279
72 53
528 33
418 519
517 170
165 224
245 428
584 74
444 93
597 63
572 387
563 150
415 536
430 36
478 236
402 300
71 146
237 427
488 93
305 249
526 592
406 480
438 517
273 344
506 43
305 485
194 69
26 550
128 372
38 311
295 353
214 110
510 197
116 75
586 136
219 82
245 164
280 79
304 235
229 347
241 161
301 288
253 27
576 366
135 479
226 190
378 219
108 185
95 427
353 592
152 335
158 339
349 454
551 504
404 419
112 246
115 319
375 531
162 498
23 234
158 232
178 214
93 351
205 467
577 97
353 470
149 146
565 282
117 9
99 93
15 530
205 129
59 275
290 583
499 167
279 181
357 149
391 88
434 394
339 120
358 150
398 311
162 195
540 403
386 453
381 581
389 344
428 94
335 236
495 92
118 570
276 465
351 203
491 516
227 113
149 561
130 165
238 346
161 17
379 482
557 276
558 451
215 132
283 378
584 597
273 3
386 338
289 193
533 198
92 293
44 419
574 321
427 196
343 227
153 557
28 165
410 95
317 315
118 376
247 381
202 451
557 450
292 420
135 411
239 132
499 401
74 17
555 568
94 537
282 478
415 481
298 277
120 363
297 210
128 565
166 530
94 198
262 458
379 255
161 247
297 582
402 193
347 120
592 116
295 178
403 272
544 122
11 34
538 542
567 488
24 371
15 119
586 4
492 179
92 593
466 475
90 571
511 277
523 570
475 401
165 362
85 220
65 200
114 526
99 301
287 35
188 343
15 360
373 386
147 390
542 96
315 237
160 206
499 381
164 185
250 393
196 186
202 111
427 242
180 291
335 227
530 260
496 270
251 270
130 511
144 101
374 252
373 550
471 176
165 84
125 199
268 303
481 483
139 545
312 511
436 562
568 101
427 113
405 258
443 207
543 289
486 330
176 119
175 268
143 188
164 66
105 362
152 293
588 271
457 189
572 94
172 373
383 64
297 336
389 25
421 118
528 151
589 505
267 90
449 203
345 294
30 74
503 333
352 165
6 83
452 308
505 392
354 426
13 300
119 578
134 94
340 469
487 173
203 307
500 104
132 516
587 262
487 174
87 135
115 251
154 68
349 96
513 407
338 550
281 459
85 101
466 565
80 121
447 86
537 166
439 393
314 321
480 181
300 329
494 557
182 8
287 356
293 70
70 94
512 148
428 402
388 590
175 461
156 143
536 291
557 68
291 436
352 269
578 511
172 6
242 83
298 274
28 74
135 406
50 299
220 477
135 185
594 531
48 583
525 473
289 150
251 44
152 283
515 349
340 374
140 568
168 135
584 113
87 405
204 383
111 553
270 89
500 521
198 234
537 126
234 417
399 152
507 180
583 288
172 412
369 360
7 178
522 281
384 146
241 445
585 577
484 169
489 395
543 475
374 263
164 160
452 297
320 339
61 149
262 459
40 236
168 2
496 506
263 92
403 294
226 142
192 466
71 106
10 305
202 496
244 24
306 100
291 124
426 329
320 491
377 274
456 202
239 107
15 186
265 289
483 10
48 337
377 439
494 525
27 161
433 65
87 591
155 597
405 495
141 383
299 230
224 281
575 117
424 199
305 14
388 105
321 497
337 361
137 71
8 256
417 430
489 345
264 88
131 34
351 560
0 567
208 404
294 333
336 285
258 157
103 500
98 279
0 43
351 519
305 411
405 461
374 512
129 0
163 300
255 422
347 243
376 142
151 1
474 262
359 276
468 81
36 121
534 479
598 120
90 380
320 499
67 215
344 275
430 429
51 560
570 64
520 359
417 140
498 491
575 154
553 291
12 505
502 182
374 421
118 272
574 257
258 249
342 9
268 404
129 164
97 174
253 327
475 249
416 265
436 35
140 502
9 4
35 569
494 278
218 70
303 131
459 13
324 590
279 210
269 5
64 113
388 582
430 423
85 430
320 438
142 103
299 386
451 286
121 183
191 371
166 60
261 584
89 378
406 166
487 415
419 198
490 197
12 430
142 188
598 359
581 586
79 302
506 443
52 526
431 378
403 406
290 59
246 563
577 291
285 508
511 458
463 486
219 416
181 492
78 295
62 393
180 548
405 301
498 20
423 499
520 337
538 562
152 297
593 251
54 226
187 150
141 486
269 381
576 430
369 162
436 193
308 517
199 571
291 227
370 29
224 355
555 81
248 149
430 290
485 570
555 91
64 408
310 195
425 357
215 503
366 174
10 261
313 103
549 594
388 358
487 450
306 135
244 437
33 418
219 383
591 63
6 72
479 241
258 409
137 316
214 50
586 537
413 586
548 369
576 146
552 47
56 585
594 516
361 109
500 262
469 373
147 421
17 477
431 312
285 553
560 523
27 541
41 472
398 247
482 596
139 473
254 536
107 417
543 354
14 579
308 33
578 446
154 422
540 73
298 342
560 380
371 119
320 388
31 88
148 104
108 388
362 580
20 542
0 378
485 14
3 184
560 552
458 333
545 468
537 37
522 420
461 189
271 439
97 150
386 458
474 165
109 266
89 561
119 562
547 79
107 202
372 454
226 570
94 440
191 346
307 321
427 395
419 143
19 480
32 348
249 393
7 328
444 84
562 526
394 482
277 81
354 20
126 361
299 405
174 225
31 381
80 354
226 23
131 378
209 431
253 356
369 402
465 577
577 259
20 30
137 50
378 549
68 49
425 207
28 498
203 570
420 463
17 106
318 189
407 353
2 142
20 486
0 289
163 522
487 39
265 530
312 553
140 457
575 78
475 92
123 121
124 374
505 391
543 276
150 376
272 110
149 283
369 461
500 269
27 119
335 118
213 40
413 94
244 66
248 191
464 312
289 219
499 394
450 62
357 426
100 556
563 523
542 545
413 175
275 377
555 38
377 77
221 289
97 417
466 175
342 457
214 68
72 97
42 260
352 396
324 30
47 365
397 404
429 10
80 531
183 132
445 122
567 220
385 39
415 521
594 434
295 233
467 171
343 584
165 531
479 252
266 380
373 186
542 36
311 493
288 45
376 570
23 422
26 511
224 86
195 37
262 546
272 545
131 515
575 426
3 368
430 311
358 353
62 486
282 283
453 527
463 226
97 556
582 19
351 535
200 380
65 137
402 505
373 295
150 548
108 520
269 198
526 81
106 503
488 40
238 540
514 73
252 349
95 564
201 203
326 453
526 598
5 380
41 502
433 137
430 547
133 294
467 448
479 419
246 10
287 369
549 6
360 251
506 353
468 531
199 310
364 597
353 233
355 361
335 562
463 168
150 109
391 384
85 121
554 523
43 395
172 190
291 50
333 95
201 131
309 264
487 3
578 311
87 391
478 280
102 577
261 30
39 526
400 416
133 182
493 345
511 326
565 226
244 410
44 354
289 467
576 249
305 355
328 357
158 568
75 545
56 403
340 210
234 132
33 227
209 160
140 43
481 466
518 316
145 492
302 88
89 154
261 564
298 589
361 77
353 438
475 98
28 72
112 538
40 434
123 85
584 537
428 1
322 482
70 365
340 3
238 424
22 559
257 25
441 481
405 305
346 444
446 223
179 346
105 592
88 556
145 485
276 213
215 222
29 43
599 560
492 310
370 457
4 564
266 546
24 225
539 42
98 551
562 413
165 206
141 550
519 445
308 491
145 464
387 109
10 522
196 153
574 80
29 446
468 253
155 60
582 573
321 73
530 145
68 449
491 475
82 27
30 113
84 125
79 285
515 504
155 122
298 35
296 150
96 313
174 550
472 227
113 101
35 443
348 259
33 27
130 310
12 479
594 192
252 111
524 312
174 73
458 222
555 14
593 419
214 100
546 278
592 62
180 598
10 350
84 464
180 44
255 170
212 584
144 397
418 331
339 493
162 191
16 112
389 17
233 577
352 450
318 436
300 195
404 17
241 8
338 479
165 469
341 531
213 80
297 558
380 174
217 180
569 221
112 332
228 484
585 249
85 494
147 361
297 572
252 72
557 256
52 249
0 583
205 147
157 445
62 472
375 238
363 290
542 463
587 98
160 297
43 215
225 200
267 323
25 121
234 214
336 17
499 119
14 421
70 599
412 61
233 328
557 141
435 472
64 455
112 372
323 291
198 153
366 328
97 285
273 266
379 72
590 161
228 432
325 212
171 530
200 343
324 441
22 555
569 91
476 80
477 22
306 315
405 45
62 504
209 138
575 411
99 508
45 342
431 168
152 442
582 159
502 194
97 98
535 282
466 514
10 376
581 318
68 329
300 262
472 270
38 267
249 269
38 96
382 557
319 210
385 512
161 122
420 257
38 78
555 20
194 295
581 476
412 546
94 213
589 119
489 257
267 345
543 398
457 300
271 565
371 59
322 579
48 480
561 304
513 204
446 374
518 516
137 458
74 524
132 291
199 84
397 165
386 37
161 511
264 38
87 393
346 286
103 432
472 591
485 86
69 107
483 416
24 529
21 377
100 395
341 236
79 222
591 154
538 281
429 244
193 318
375 449
413 153
147 128
431 339
499 489
257 522
274 150
404 553
594 149
337 219
418 297
32 84
210 96
473 0
574 239
153 437
91 432
266 384
359 205
513 219
264 77
131 550
531 503
89 256
62 495
449 117
598 88
437 298
456 304
278 371
73 168
8 393
492 248
232 500
150 455
273 24
61 29
205 235
219 507
472 518
396 379
100 91
422 428
386 108
168 79
221 337
321 373
140 517
278 566
222 329
332 562
202 448
82 106
590 347
70 576
226 305
258 216
475 272
71 121
116 73
210 553
221 267
513 226
220 2
48 40
219 519
171 202
293 414
139 312
7 79
239 151
569 60
598 127
91 95
17 392
548 464
483 407
114 430
180 383
551 89
194 7
409 70
521 312
492 115
80 27
589 355
221 515
306 150
256 69
450 40
92 222
290 279
465 510
94 496
328 100
170 427
122 168
122 94
588 178
404 359
373 587
405 501
220 74
341 436
142 128
58 182
564 414
520 185
573 289
212 371
322 297
367 441
582 536
182 202
496 370
326 339
448 5
369 215
528 545
328 474
104 46
45 263
593 458
583 297
497 294
390 504
253 92
192 172
381 224
194 192
156 348
144 434
330 533
298 247
548 568
228 297
278 103
381 573
457 54
307 199
417 516
315 247
58 303
221 260
359 35
87 331
236 554
395 436
482 293
318 302
383 100
217 507
286 35
287 67
312 394
369 284
98 36
70 429
232 447
102 250
356 289
141 462
571 66
378 501
263 348
398 534
594 338
265 198
281 7
571 535
413 47
579 158
553 398
541 81
214 332
317 99
111 575
412 83
177 76
317 139
432 141
241 265
143 18
195 421
434 19
280 224
223 412
268 296
261 146
200 233
403 78
6 166
115 504
337 259
485 353
219 294
125 527
588 513
98 10
288 389
148 575
202 60
462 252
516 141
541 89
151 74
508 477
516 490
143 588
114 307
275 190
139 259
238 504
544 478
315 553
105 339
391 289
292 104
335 484
250 430
420 58
350 262
196 394
369 314
182 481
425 398
335 537
196 377
334 175
33 160
259 167
507 268
259 554
521 412
51 400
65 276
211 238
266 445
212 170
389 69
373 84
460 151
280 437
343 566
553 19
75 506
362 154
273 366
258 326
326 246
266 137
461 581
478 235
443 489
96 231
456 505
164 163
26 552
427 119
165 205
340 37
189 496
494 433
504 453
360 567
503 295
274 76
461 296
227 284
124 228
464 480
253 572
197 173
102 31
64 564
108 524
505 418
299 291
321 481
463 492
363 140
316 363
206 378
48 131
524 297
442 154
67 27
182 591
348 134
548 540
558 78
366 563
493 528
306 92
406 349
8 566
410 280
531 452
474 250
212 179
584 131
445 526
520 338
170 43
221 599
246 406
472 302
567 20
321 422
574 12
266 48
166 77
363 11
466 42
514 303
49 87
178 227
91 596
21 223
349 506
42 506
580 131
135 366
525 477
545 96
487 423
358 577
185 125
527 124
345 552
48 585
526 42
263 448
154 323
276 28
42 488
44 298
277 392
152 451
212 437
416 70
414 535
478 298
396 459
564 543
245 393
94 133
443 376
432 112
330 236
129 492
401 351
493 392
488 122
210 539
493 253
504 376
32 94
335 219
224 210
173 532
396 303
552 194
476 297
54 559
573 138
400 275
527 576
561 195
412 402
61 197
112 122
128 496
99 0
169 406
341 588
346 406
463 339
267 272
45 560
83 234
394 191
252 28
181 234
411 383
293 255
429 532
35 30
7 95
454 16
570 126
260 155
387 369
297 577
288 141
338 20
33 321
420 174
415 438
149 263
152 135
119 146
201 599
206 565
475 587
549 33
216 491
29 561
107 579
343 306
84 487
335 245
171 180
120 465
544 405
303 237
582 526
517 13
44 461
381 459
487 316
293 73
395 406
151 363
328 67
533 180
0 556
