600 12400
521 510
319 61
519 518
406 570
107 599
203 8
181 153
358 227
291 157
103 295
521 425
237 218
254 64
579 549
237 34
213 61
129 416
108 144
255 74
169 123
6 198
376 374
493 438
351 221
460 301
474 35
184 223
516 112
88 420
390 275
413 348
102 498
370 173
364 239
60 85
480 421
558 98
596 168
394 461
119 318
159 223
569 537
211 361
311 312
334 155
102 129
282 318
19 315
527 58
310 23
293 196
275 171
260 89
459 434
307 218
139 152
48 268
424 225
297 527
519 171
142 327
535 38
286 348
161 146
350 276
48 221
29 307
480 304
139 596
318 279
324 573
76 520
246 573
170 267
599 390
248 41
391 559
303 566
563 458
306 159
181 470
130 528
49 8
51 523
508 355
125 171
246 250
413 319
105 399
426 194
41 140
570 138
525 102
464 81
500 417
569 281
307 565
320 32
259 189
290 118
455 185
133 91
236 375
557 346
60 577
271 285
206 339
147 594
383 384
244 168
205 481
531 238
297 274
257 591
419 591
352 34
86 212
509 203
321 430
543 306
66 1
115 563
259 6
285 44
102 288
343 168
79 62
30 523
452 100
553 140
394 492
11 45
229 349
341 57
189 93
282 498
482 59
237 119
539 587
441 44
294 560
379 54
248 104
157 286
66 53
175 51
335 332
266 25
275 212
392 337
202 134
153 317
331 269
227 52
14 536
444 258
12 139
119 275
180 446
194 237
382 216
469 598
377 338
507 376
363 194
409 109
409 277
110 538
515 64
46 454
494 94
458 579
79 136
243 470
515 534
507 423
532 535
123 415
431 276
191 41
242 432
464 350
396 150
337 353
59 231
131 160
176 125
315 483
546 240
308 407
513 115
317 476
182 229
422 85
459 156
549 426
557 522
177 10
513 530
423 111
235 306
155 142
16 484
345 98
120 107
110 468
443 89
557 203
455 19
42 357
30 261
33 402
321 576
392 524
179 529
118 550
42 168
78 110
276 313
397 1
131 519
224 404
36 20
233 163
443 114
163 110
50 268
145 506
331 373
538 403
196 265
255 232
21 14
393 431
486 137
199 81
521 560
249 116
447 587
412 319
139 322
143 438
179 597
254 582
209 89
351 80
141 590
29 18
368 412
83 288
558 383
509 227
386 120
394 267
73 336
69 183
560 387
478 54
412 498
355 378
503 266
499 288
491 538
470 174
99 188
530 584
73 70
432 264
559 30
458 329
443 439
257 291
359 546
160 348
109 133
143 178
33 499
40 590
43 28
576 157
209 511
430 76
61 589
500 103
344 179
132 362
559 295
449 274
374 112
50 48
350 367
40 459
34 27
296 201
178 543
116 445
121 464
503 214
523 465
133 208
408 250
32 149
45 193
220 231
129 567
315 157
321 92
222 566
99 279
183 325
283 233
237 203
131 506
361 29
395 157
178 247
385 286
117 484
131 14
304 235
186 286
437 424
318 77
150 143
561 197
184 217
212 483
392 177
217 85
68 247
342 527
231 95
222 87
281 273
434 240
534 284
222 367
25 245
465 539
336 475
452 168
79 7
310 343
535 67
217 118
222 215
230 420
533 253
329 476
221 300
183 254
306 408
583 208
420 109
447 412
89 225
547 160
593 474
597 211
358 130
465 149
578 74
309 343
574 318
42 171
332 72
61 374
480 225
12 156
121 27
523 111
110 218
575 557
17 389
577 217
350 540
582 597
138 552
35 376
401 416
220 134
38 238
144 583
262 156
482 160
592 68
289 100
258 201
594 293
552 22
597 276
43 375
473 371
369 198
28 15
573 47
227 341
168 404
403 286
53 63
166 146
82 126
18 73
546 446
69 559
152 163
13 415
130 586
72 237
306 166
526 596
381 467
189 120
36 307
415 90
147 521
414 409
357 531
540 260
341 499
474 162
203 187
409 314
362 99
563 436
488 399
550 398
276 229
289 329
479 520
573 551
343 304
275 344
86 374
118 565
469 240
292 452
37 510
291 43
78 590
64 350
105 253
317 44
352 349
491 387
459 427
233 165
393 258
36 97
572 313
99 45
48 421
295 250
504 529
489 17
102 595
564 25
54 472
353 502
17 504
488 480
163 146
2 187
163 137
525 434
375 335
393 204
243 115
544 68
536 313
51 542
57 364
491 207
377 596
160 298
446 134
114 205
532 71
78 413
572 127
213 18
531 67
80 492
403 437
244 554
498 354
544 363
419 111
163 242
162 488
196 28
76 299
170 475
235 594
146 122
332 198
98 425
581 164
177 249
89 563
95 363
305 5
557 291
473 524
348 289
142 424
188 486
417 57
236 518
583 108
223 125
589 127
149 49
413 86
2 479
322 462
385 337
328 342
280 419
578 24
536 259
573 346
590 562
194 20
269 423
402 229
44 558
416 166
319 59
448 131
343 356
145 570
591 146
447 446
252 360
570 528
113 586
569 164
112 258
319 383
388 415
399 324
82 370
389 136
361 510
565 452
488 9
581 596
518 1
113 298
183 581
172 317
51 15
527 306
332 470
563 277
117 239
228 591
439 301
138 193
55 268
596 176
35 151
439 228
5 157
7 21
250 556
359 65
325 424
223 6
172 144
10 218
202 342
514 555
305 451
48 185
198 194
592 337
184 375
578 522
433 276
109 99
37 340
326 413
495 246
167 534
441 375
235 462
5 54
588 410
127 516
411 394
24 289
559 73
232 294
131 402
161 326
31 547
506 94
582 548
30 473
81 165
519 340
393 464
556 13
13 423
400 112
536 185
591 481
433 420
26 22
553 489
68 270
347 524
328 236
479 40
423 226
127 287
257 190
417 372
292 138
117 134
159 173
535 496
151 11
115 552
308 81
341 522
131 530
385 298
488 346
187 469
456 363
149 255
357 508
205 365
289 397
325 511
177 22
231 440
89 335
430 101
133 550
73 340
67 450
528 147
374 0
207 301
177 142
367 6
248 433
48 472
420 338
235 170
126 531
369 197
394 82
27 273
251 406
555 299
562 341
7 170
189 147
391 196
214 546
461 198
323 397
354 281
347 215
557 518
38 103
270 37
516 38
522 455
429 257
395 4
408 469
95 195
392 531
452 138
331 588
486 241
572 196
137 242
303 392
516 306
446 190
549 577
542 244
302 122
429 480
418 141
437 120
417 154
570 192
316 77
562 49
394 54
318 70
527 12
12 374
595 93
119 314
72 15
426 457
580 311
139 7
149 257
144 438
338 412
443 122
28 339
478 577
388 473
455 561
569 461
486 99
179 312
45 160
373 184
397 78
150 341
56 11
197 169
385 285
229 556
311 297
113 466
354 578
567 361
58 307
59 508
387 366
402 372
44 412
484 40
90 512
60 55
135 82
142 159
487 551
320 405
109 413
561 187
397 228
40 114
142 422
546 237
513 296
509 403
173 308
159 432
143 454
406 545
378 170
348 216
361 332
133 223
384 492
407 412
307 169
213 421
69 33
39 589
536 354
384 159
305 247
263 315
159 285
416 85
230 545
241 350
227 226
107 108
562 71
524 369
180 532
48 464
53 260
323 464
510 544
29 534
421 166
18 563
302 344
270 579
474 78
492 192
66 314
555 459
337 254
163 429
237 97
582 403
459 148
474 274
320 284
484 411
348 594
249 411
141 531
41 516
498 72
352 14
208 544
456 526
391 68
192 125
263 341
288 415
380 437
471 449
469 517
383 389
309 297
80 67
432 99
434 504
282 424
155 525
60 134
26 405
294 591
231 550
202 2
229 165
340 95
168 22
559 386
376 33
517 105
454 225
213 490
178 426
86 29
256 120
222 55
359 199
269 510
514 50
105 336
259 448
461 328
184 52
144 468
466 292
41 3
55 138
326 107
394 334
77 498
282 401
223 30
234 26
403 215
265 290
13 336
428 117
137 379
44 556
545 349
319 538
361 441
274 594
153 424
104 504
552 440
559 468
299 370
400 258
206 443
445 390
279 84
288 156
558 127
311 323
333 172
540 13
251 450
559 409
83 526
284 413
58 453
21 487
56 320
340 380
538 33
91 324
93 73
560 131
35 77
554 493
88 396
317 40
138 393
225 17
180 336
270 530
527 520
118 69
565 279
463 536
498 56
200 421
217 153
208 423
563 578
340 234
118 107
507 74
347 261
360 379
513 422
17 303
340 239
302 141
3 199
390 47
102 572
270 110
120 533
578 108
115 294
427 163
422 121
431 118
288 395
33 532
84 3
29 164
413 560
83 25
36 154
262 384
178 146
131 123
98 454
156 590
405 50
489 45
471 361
483 128
204 509
181 14
377 3
234 571
159 467
570 556
293 573
476 114
151 552
155 56
181 312
462 569
226 539
399 117
88 237
589 564
439 242
418 152
504 577
229 352
514 4
242 410
447 102
151 459
29 491
0 271
545 71
355 450
323 423
490 456
220 322
588 87
595 77
268 339
272 523
452 570
168 535
465 442
445 199
226 441
343 424
543 524
581 51
167 1
545 177
341 278
410 19
274 214
535 477
1 572
15 343
276 196
88 280
268 96
496 366
391 488
335 369
486 509
395 214
359 42
571 152
53 530
271 489
344 245
548 438
478 380
56 468
309 51
501 584
577 356
250 215
80 292
129 51
547 308
280 24
218 320
436 42
3 236
490 258
489 210
325 302
293 333
77 198
293 97
3 206
263 181
159 378
217 35
46 511
238 555
178 16
272 555
333 371
576 63
557 177
133 495
496 413
435 457
162 415
236 70
238 34
324 441
157 364
334 418
436 400
397 109
454 55
552 184
50 202
536 271
465 287
392 421
180 453
152 199
584 396
253 102
330 388
246 172
76 138
235 94
463 369
177 323
37 81
35 57
338 335
171 527
530 597
525 133
205 436
61 122
475 66
595 171
544 376
39 364
477 514
66 135
167 426
167 62
435 26
285 376
597 526
430 486
210 404
34 520
370 172
373 189
552 577
244 514
503 242
571 452
385 357
436 155
447 461
29 184
210 575
392 483
571 42
298 414
8 364
465 321
21 521
507 267
257 254
387 526
218 442
167 136
68 123
474 67
417 300
484 77
481 235
342 525
50 271
273 491
251 583
96 352
301 108
95 127
592 431
299 366
473 183
247 239
388 252
441 137
592 468
38 302
132 133
67 183
458 3
177 124
119 200
22 38
398 321
342 321
552 220
335 411
217 164
115 348
397 148
379 446
546 493
311 542
537 428
334 317
223 375
392 70
1 237
197 200
372 177
295 71
106 209
228 257
376 306
145 340
254 391
545 60
133 181
383 244
537 116
38 137
551 460
17 322
410 479
548 23
337 290
534 299
404 285
404 507
501 180
250 205
249 281
384 442
221 245
1 179
316 246
157 254
264 147
19 467
84 378
76 160
518 135
501 123
104 405
562 568
176 63
177 232
432 238
419 504
233 391
484 296
208 358
463 528
536 16
169 156
532 187
505 158
414 214
599 120
322 570
127 185
249 329
18 169
301 81
131 496
350 423
63 93
318 265
194 473
153 554
393 551
56 85
19 558
262 498
408 271
252 254
427 557
485 135
328 101
411 257
213 104
85 408
59 392
598 420
102 156
425 418
26 100
246 183
58 565
437 72
223 202
180 154
331 529
456 217
574 198
56 128
289 337
192 228
197 29
53 68
469 89
373 332
131 404
156 31
536 335
74 576
138 185
136 425
136 434
577 302
399 265
477 489
359 134
361 427
509 443
578 287
253 406
423 215
333 484
340 381
149 501
88 6
434 489
468 557
511 562
122 271
586 297
377 51
71 223
311 53
154 518
363 24
438 465
37 583
104 128
185 594
45 292
400 242
363 186
138 72
91 357
443 448
442 307
67 492
219 158
471 536
315 123
592 550
116 557
189 206
409 598
555 463
61 567
83 166
471 166
254 523
473 166
395 584
203 298
243 2
144 352
68 156
518 551
334 377
145 199
201 127
350 161
460 96
105 77
478 371
254 3
577 280
14 425
392 391
505 366
94 526
303 212
594 174
165 213
261 89
594 13
531 501
326 426
542 401
298 522
411 499
254 239
169 505
369 362
5 249
3 322
580 214
181 311
438 32
405 427
380 494
255 175
34 583
550 350
321 546
423 486
438 402
346 132
504 575
411 489
241 207
575 249
57 204
373 52
398 387
347 549
180 152
527 310
28 212
510 340
317 274
451 363
431 184
230 547
157 61
532 330
324 530
507 224
356 53
155 415
143 486
47 467
396 319
575 137
212 394
29 11
142 181
143 119
300 342
240 139
53 320
483 73
143 191
174 98
472 415
111 500
467 383
67 324
95 497
439 141
538 355
354 287
186 222
491 544
441 471
597 141
517 46
421 288
321 284
370 366
260 377
164 7
82 283
265 123
431 322
570 74
262 12
234 438
86 495
354 417
337 307
11 347
501 309
265 97
227 239
260 226
354 283
111 413
349 182
422 176
189 356
324 228
498 20
572 469
546 444
25 520
225 557
373 431
137 240
198 215
265 458
488 280
222 572
366 152
543 428
503 129
510 338
313 106
461 546
260 47
350 127
417 142
45 554
287 590
497 198
565 363
157 184
165 304
26 273
536 102
467 344
255 239
47 447
546 535
400 264
268 349
504 416
134 36
282 370
463 529
330 285
134 28
404 408
370 461
185 498
376 325
501 103
312 82
443 460
382 249
132 57
132 552
512 205
294 83
454 76
181 404
88 359
395 553
596 352
254 170
414 27
199 530
456 224
153 585
215 552
160 162
130 278
559 0
289 597
568 1
324 244
344 470
16 388
548 415
44 478
233 586
225 387
129 111
32 326
420 528
314 89
376 318
563 310
163 499
549 233
82 39
30 495
26 131
85 400
526 188
253 311
379 126
228 120
91 318
505 107
135 222
246 513
110 460
443 490
373 428
192 212
272 43
369 300
490 429
37 295
372 341
400 30
520 534
170 362
314 391
276 256
581 334
525 79
89 463
66 246
545 2
184 244
286 489
359 428
97 517
74 407
392 515
525 426
68 29
73 564
231 481
122 470
38 375
55 226
105 176
210 215
218 56
225 468
74 330
64 550
113 509
545 52
26 17
13 483
537 543
382 126
226 184
406 518
512 117
95 536
77 475
85 200
146 493
104 277
326 249
39 370
448 16
424 323
203 386
360 339
175 192
593 467
34 532
114 442
329 110
35 462
366 492
592 543
132 183
29 220
558 109
397 240
499 116
146 593
217 110
466 205
89 473
442 72
492 252
162 31
598 187
269 168
218 434
387 367
158 446
198 579
398 445
214 212
385 419
350 90
411 113
489 479
173 470
255 87
114 163
90 451
339 255
253 4
539 372
370 91
328 546
404 96
582 527
200 89
75 505
506 87
399 40
190 191
497 581
63 127
526 368
404 451
74 487
542 75
566 13
309 565
467 365
354 220
190 316
530 576
397 491
306 49
206 259
103 406
32 298
416 176
531 258
190 411
25 559
393 313
312 409
578 363
99 228
381 106
493 527
70 314
146 129
41 466
88 318
258 358
345 509
214 165
489 444
547 89
13 355
572 112
195 519
248 210
403 342
512 261
178 361
439 283
503 189
296 585
547 128
12 204
398 159
29 118
41 69
227 310
545 477
14 561
94 452
145 375
410 228
574 404
490 497
409 284
122 103
397 360
102 389
438 439
20 546
572 14
554 51
312 160
381 470
201 259
41 261
408 125
174 30
334 463
73 551
511 459
52 505
318 103
371 519
21 582
470 403
89 444
248 326
427 37
274 273
131 346
566 563
239 307
517 43
293 77
35 456
239 269
294 161
409 316
525 539
536 560
435 373
77 16
324 191
32 474
210 488
363 405
461 428
457 9
247 253
196 190
399 18
30 359
483 373
446 34
205 264
190 437
316 70
73 322
556 176
232 508
447 491
178 100
395 403
249 42
514 232
552 557
364 143
226 61
514 8
144 431
471 58
469 367
361 449
212 546
266 92
178 125
273 287
176 404
222 227
154 538
592 286
579 567
599 343
358 60
82 320
561 551
155 586
421 192
29 179
504 252
412 584
445 345
523 271
555 24
435 486
297 117
191 47
337 553
336 347
121 460
230 468
591 209
106 594
246 214
208 350
159 199
593 152
39 288
389 126
40 474
88 62
235 399
470 513
542 272
111 549
76 320
486 4
167 363
130 16
522 404
459 103
112 74
597 565
528 280
345 502
488 79
225 47
364 255
262 33
269 192
31 272
476 420
444 234
52 326
306 310
102 355
396 291
387 154
34 289
374 96
593 260
55 140
332 502
550 57
216 318
260 576
93 522
297 181
483 105
554 505
577 523
251 174
425 239
292 498
207 378
252 192
283 383
201 557
553 5
263 227
141 209
233 358
132 588
346 515
500 133
575 284
315 179
321 355
505 451
266 56
63 298
316 220
257 223
260 255
497 181
55 410
360 475
62 183
463 573
550 296
489 357
108 392
272 318
421 388
500 156
594 206
206 442
167 93
502 548
579 144
149 533
225 412
389 289
155 0
43 138
434 254
277 33
312 479
533 341
7 500
213 376
102 348
347 159
402 62
335 493
390 471
429 541
257 349
391 358
124 542
178 363
511 371
416 56
459 369
14 532
206 217
454 229
2 52
569 251
434 59
541 473
218 189
139 87
168 197
529 573
395 150
375 187
492 557
431 209
175 171
43 419
317 327
158 177
318 364
183 383
3 588
518 148
292 523
368 249
302 403
94 313
242 308
179 96
210 104
301 523
490 427
276 491
365 54
2 532
522 204
524 419
100 202
74 245
345 134
372 93
382 516
431 90
38 284
172 418
556 434
243 489
479 94
11 392
235 584
462 298
528 475
277 319
200 43
513 347
58 35
205 287
595 82
266 60
291 421
331 391
489 382
197 164
165 505
504 344
325 422
585 248
453 212
101 543
528 120
251 70
332 212
269 501
403 154
95 331
134 17
202 549
214 437
14 267
228 323
179 271
337 498
196 174
254 7
37 176
156 85
177 451
428 70
441 451
192 46
303 274
98 432
459 145
227 224
79 27
334 596
365 240
125 451
10 162
466 147
198 391
310 340
586 558
96 272
29 292
320 0
594 273
119 425
87 368
432 39
412 379
483 537
188 10
153 336
366 413
223 401
334 396
291 285
229 135
305 157
134 342
449 537
542 455
82 245
568 337
162 513
0 420
309 494
347 16
528 313
83 376
499 57
57 82
357 81
566 421
511 584
568 128
404 160
392 584
91 211
271 5
544 267
50 318
47 517
432 471
430 242
436 308
350 584
150 309
223 106
106 274
378 491
270 463
140 446
475 86
516 596
32 317
203 422
526 508
98 349
563 456
428 310
242 521
527 367
288 135
280 22
161 443
485 415
282 542
554 16
29 535
128 556
381 583
398 331
89 88
380 200
155 212
334 524
342 83
387 329
301 147
597 4
260 460
592 497
378 191
138 114
447 159
157 534
97 525
113 7
45 251
416 405
119 434
361 596
595 535
413 295
360 301
77 378
518 413
564 296
211 467
388 241
75 207
215 513
269 491
381 558
47 459
578 80
199 334
229 246
482 192
233 60
74 257
456 132
562 87
564 369
210 24
597 64
183 528
253 255
383 521
302 357
5 55
187 448
507 279
434 383
378 187
92 8
548 505
242 30
273 190
181 437
563 509
85 330
165 413
439 117
47 354
240 146
316 404
365 308
580 111
46 0
395 263
174 298
357 61
147 101
484 218
375 176
475 383
1 273
87 328
153 531
244 509
587 20
151 154
273 547
599 436
439 308
470 151
477 416
325 124
399 277
543 541
200 88
87 237
471 147
327 39
85 407
26 84
535 424
60 110
437 54
10 204
49 580
79 340
133 593
294 340
399 525
309 512
300 531
473 487
541 260
473 248
173 15
92 54
396 395
34 116
454 474
296 369
205 312
430 140
272 138
453 279
341 346
141 176
464 562
302 417
270 311
179 352
347 345
472 177
166 343
200 181
572 372
253 539
449 374
453 450
324 257
301 39
442 47
351 54
180 39
133 557
570 4
380 292
485 233
152 479
514 397
135 254
343 153
551 123
578 387
525 92
339 259
181 368
259 270
190 26
161 252
171 501
162 575
429 506
488 569
256 358
135 448
258 334
380 560
212 365
359 456
519 459
400 269
69 317
376 77
302 191
420 31
61 375
521 16
60 31
436 582
519 210
594 322
593 528
239 423
528 413
599 225
4 81
506 340
398 253
443 594
591 428
210 343
178 562
501 121
358 318
366 144
206 76
583 157
284 52
166 158
366 393
152 249
506 246
480 505
120 368
99 92
522 218
200 437
99 444
587 244
581 116
145 399
418 79
381 406
451 201
434 494
326 216
197 596
475 457
447 411
133 411
59 6
43 123
285 80
355 322
534 171
158 263
65 315
145 343
485 133
559 255
285 394
200 98
192 525
86 151
279 392
351 365
574 74
478 1
577 169
448 267
257 225
340 377
26 148
459 265
354 481
417 222
209 343
95 261
205 203
591 441
361 225
576 0
578 264
145 58
573 584
177 77
334 31
38 385
99 118
69 431
87 414
543 4
592 308
436 35
444 9
440 232
161 206
187 345
310 555
228 286
524 396
49 284
380 216
448 520
369 565
348 292
279 186
570 469
565 526
349 435
189 264
487 547
583 346
380 114
568 319
341 448
49 102
17 437
36 100
433 525
87 38
115 134
350 500
127 518
480 558
230 43
169 202
598 512
335 61
549 499
481 210
65 355
126 319
458 573
376 530
182 488
454 77
570 198
35 42
466 17
330 187
540 415
52 303
7 354
343 218
86 332
128 244
445 40
407 358
59 155
168 479
475 462
476 75
483 60
387 447
224 156
450 181
304 544
491 409
518 37
118 174
499 289
2 340
550 38
360 538
145 319
442 550
448 111
572 130
588 288
204 144
203 444
60 177
449 403
224 562
233 31
426 370
545 194
504 521
376 22
221 575
347 251
247 95
278 326
497 284
352 272
150 142
397 349
470 256
270 117
163 47
419 502
424 563
497 253
58 340
259 326
572 369
148 102
432 588
488 81
525 115
144 264
483 50
69 557
48 222
427 33
313 193
210 77
557 403
259 299
520 274
560 151
28 343
421 259
161 309
291 499
379 86
441 493
219 491
472 377
535 192
29 528
11 361
417 319
502 118
299 96
14 481
476 505
463 217
489 458
502 91
567 553
109 203
542 360
101 519
18 233
348 379
318 531
21 300
264 194
376 142
355 440
340 320
341 127
585 350
244 361
401 92
354 335
502 124
261 322
241 359
531 49
49 231
486 325
415 3
445 335
513 554
76 226
289 233
300 216
87 264
486 330
460 453
136 472
557 208
538 390
103 494
349 326
577 205
451 64
395 315
581 1
570 384
586 156
516 499
18 194
573 110
338 334
462 446
553 522
419 203
116 331
262 99
65 375
533 429
215 476
441 261
280 66
517 164
60 253
598 210
192 171
507 150
369 559
167 447
506 190
91 362
411 564
97 396
323 510
377 552
425 244
374 100
523 571
59 277
385 430
174 224
163 493
510 307
327 58
267 494
149 102
190 218
438 307
12 102
6 429
38 146
191 354
154 431
442 54
537 15
96 135
576 599
595 126
51 467
324 501
581 24
16 305
154 236
457 56
176 329
205 521
386 88
108 269
292 187
387 31
359 222
274 582
388 238
255 408
96 221
400 239
551 435
388 378
309 498
348 534
407 304
81 129
22 502
170 589
321 142
523 123
227 445
352 580
53 62
425 8
280 158
371 9
364 566
573 297
176 262
392 388
507 69
145 267
570 238
162 72
417 229
447 48
566 89
462 112
366 572
357 427
209 232
440 435
8 599
183 8
260 508
526 102
66 577
470 550
521 143
247 572
439 208
559 435
281 288
196 231
10 379
357 451
549 83
566 507
432 530
549 387
98 206
20 485
119 93
121 192
454 376
147 325
532 389
189 559
64 280
42 143
586 481
151 140
44 429
522 263
495 368
74 19
253 357
292 231
256 518
258 199
452 293
525 372
193 420
539 10
459 279
276 29
73 505
47 194
291 581
106 525
87 419
566 122
13 9
316 398
8 157
108 343
244 32
406 29
258 552
434 251
51 84
29 92
110 355
56 71
279 52
559 525
517 324
271 406
141 361
540 189
538 289
136 378
59 448
282 500
249 442
197 159
480 586
312 375
114 141
490 378
542 145
380 405
124 578
108 457
100 195
489 537
367 174
497 442
72 530
48 122
240 563
441 511
333 300
90 551
463 478
280 152
542 594
487 201
91 270
130 577
155 452
333 330
84 525
515 238
37 525
2 274
414 146
149 507
527 366
494 453
45 592
120 559
306 462
315 176
265 308
455 93
171 256
476 533
196 205
476 577
578 106
17 186
250 429
289 171
228 433
29 296
542 502
581 483
322 335
421 307
293 16
435 70
574 51
1 68
146 592
511 39
142 470
585 87
423 318
264 89
179 380
532 462
19 98
89 246
11 443
557 125
353 79
558 240
44 303
29 593
309 578
94 390
149 3
472 81
117 501
285 288
223 490
311 228
44 580
448 337
564 64
409 471
483 568
464 25
133 541
150 61
273 493
479 244
315 514
216 453
379 346
50 194
41 314
456 216
228 456
246 200
480 176
490 259
0 18
599 505
286 41
444 515
460 113
478 513
536 74
18 183
272 336
155 194
90 367
458 345
585 418
72 436
425 400
33 333
138 143
155 147
461 398
495 465
80 19
433 244
393 241
381 357
40 599
124 344
142 143
58 133
148 387
429 281
426 356
2 10
53 177
371 544
333 391
212 458
356 574
164 255
259 504
169 572
493 196
382 221
256 91
97 222
312 251
342 162
444 373
322 585
248 331
76 435
180 366
464 596
474 499
235 232
346 0
249 119
172 538
264 376
158 265
201 35
272 305
560 164
150 208
598 113
95 461
382 213
222 149
132 146
221 124
446 237
487 529
63 219
388 292
518 338
284 241
402 340
184 591
451 307
358 511
158 302
504 296
244 34
485 99
267 449
4 207
298 45
245 39
0 362
533 311
364 96
527 133
229 80
178 538
233 240
197 50
169 493
497 143
164 138
145 379
247 131
560 559
541 433
154 125
175 553
540 413
117 525
558 282
369 94
283 376
453 254
91 269
282 273
478 182
514 201
287 410
123 46
130 286
225 72
166 78
166 429
371 234
323 374
42 483
505 302
476 268
43 474
306 296
71 95
298 124
301 273
112 168
284 439
365 84
306 38
82 594
155 360
598 97
393 187
392 57
136 77
244 187
317 377
34 592
489 391
159 267
334 587
340 487
167 273
159 339
127 371
543 83
120 244
474 106
278 267
155 449
369 148
289 365
15 62
17 179
13 168
215 440
436 74
385 372
445 362
399 396
263 28
86 389
542 403
405 90
109 566
331 450
585 305
536 72
548 210
284 478
211 518
288 241
95 521
14 239
530 284
462 86
189 253
389 485
139 59
273 518
100 308
486 306
111 411
425 204
461 403
129 29
189 250
584 586
521 260
117 235
151 254
385 355
587 119
202 541
184 156
151 517
62 486
569 474
529 492
273 465
535 219
146 502
134 49
4 401
340 441
551 164
506 415
524 406
107 474
465 463
169 252
438 452
226 481
127 529
85 597
385 4
442 262
167 166
301 582
16 591
315 73
505 420
361 340
274 123
556 33
406 372
556 3
385 312
441 276
540 208
343 502
395 202
276 117
243 125
197 24
18 88
216 316
166 589
162 219
405 100
463 341
56 435
108 235
268 288
576 472
420 301
480 160
294 509
526 427
267 452
411 371
0 547
157 114
74 336
151 44
397 10
9 329
382 469
406 44
17 595
351 309
522 48
216 274
595 2
26 382
374 135
370 325
2 399
551 500
164 423
222 576
132 93
492 530
471 458
209 244
204 416
443 521
312 369
368 257
250 325
156 239
284 169
220 114
86 17
591 426
86 485
136 470
514 42
515 332
249 583
597 27
300 488
538 46
46 514
127 49
539 591
55 597
552 16
87 344
106 68
62 177
211 13
136 210
279 474
412 284
393 509
35 238
477 543
138 107
134 419
574 406
210 125
573 37
12 166
105 11
384 424
49 500
378 484
204 439
574 151
150 201
420 254
143 102
540 434
220 184
421 385
216 230
260 195
555 550
504 105
539 481
107 229
122 310
112 309
599 558
176 487
547 351
253 90
399 213
573 388
253 50
258 414
195 506
454 153
431 39
68 202
531 451
321 440
574 512
285 476
127 232
122 71
300 450
439 38
347 209
249 207
520 119
573 374
32 511
544 239
439 311
281 560
267 475
299 43
59 186
586 261
583 81
5 586
553 558
110 177
74 36
544 26
402 201
273 155
82 378
379 114
21 346
332 566
77 567
172 390
382 543
106 595
47 497
572 456
590 496
40 85
118 152
39 402
6 166
423 353
599 200
144 395
292 544
255 28
562 347
181 108
484 1
482 467
81 314
259 194
237 327
513 537
192 58
187 30
594 297
88 344
531 246
311 105
317 560
569 388
170 449
167 348
177 332
301 590
455 23
52 529
566 531
530 189
418 251
78 571
85 518
149 185
385 73
50 259
587 410
298 401
450 478
97 573
82 511
394 158
354 478
360 519
503 520
499 84
194 258
127 425
172 443
267 364
350 413
18 528
20 378
598 332
322 219
115 379
355 364
337 145
143 495
298 293
270 418
504 468
92 55
190 422
243 235
572 494
14 252
574 121
240 361
146 134
42 400
36 189
171 409
163 30
154 526
575 408
313 196
438 486
284 177
103 113
559 246
241 46
110 443
549 6
282 102
429 416
571 390
136 25
176 506
121 115
250 96
75 74
419 330
442 195
282 73
86 371
414 276
11 389
384 362
364 500
265 316
105 321
115 424
211 590
434 16
396 486
569 345
421 181
163 17
334 400
38 591
361 137
543 496
398 204
561 320
86 311
380 110
359 269
248 260
420 136
78 113
86 92
460 560
104 572
76 127
243 499
565 311
436 514
3 63
448 26
228 509
224 73
395 235
422 315
435 566
199 154
308 72
478 174
247 328
183 522
89 451
168 474
191 239
566 373
339 510
514 239
310 327
178 173
136 427
184 147
501 36
134 565
385 215
556 486
254 552
347 150
426 166
325 350
515 56
132 89
587 109
275 169
126 2
62 214
594 448
138 184
13 72
573 120
373 522
47 407
424 344
323 278
283 388
160 397
519 582
47 496
176 238
411 73
92 420
185 391
513 362
53 253
443 225
94 315
326 10
516 209
76 483
371 432
389 101
215 311
511 157
67 236
184 251
421 164
487 436
350 346
31 222
154 72
281 283
84 47
240 466
14 463
549 35
377 1
353 307
61 273
544 587
465 268
83 250
247 115
30 500
261 370
102 16
270 366
466 486
32 327
348 501
134 501
272 188
41 245
154 404
419 506
264 406
553 113
542 474
334 75
322 39
556 68
411 429
34 105
183 199
477 69
215 590
215 503
240 172
488 219
57 387
485 172
278 127
180 409
576 355
264 289
370 273
41 475
350 115
160 331
75 445
117 274
362 507
19 247
287 135
89 431
545 217
157 255
214 186
19 135
32 448
33 536
162 428
210 111
525 324
271 246
126 192
568 485
91 38
129 338
566 211
188 452
99 428
141 78
546 560
226 131
156 94
129 486
400 98
328 462
486 529
127 584
559 377
279 88
182 380
115 594
25 555
107 3
196 214
327 449
510 290
263 249
469 430
533 48
124 566
119 9
507 526
249 238
541 144
558 245
274 306
178 229
245 99
512 124
189 553
442 244
571 295
139 548
427 222
61 125
5 536
268 377
490 356
27 423
414 105
43 2
535 405
167 267
383 291
238 143
327 442
146 589
575 536
454 586
565 35
385 188
38 350
378 587
242 565
117 237
454 5
449 363
566 92
355 270
479 120
486 463
372 473
579 379
568 107
334 266
167 108
225 469
579 325
250 121
305 233
60 69
65 108
157 540
538 372
416 579
3 369
357 225
104 167
472 446
559 383
101 25
188 206
591 158
265 538
399 10
364 254
183 447
547 234
508 266
321 547
129 478
161 342
31 434
16 306
554 230
150 370
114 514
141 431
410 386
29 352
227 214
186 138
1 353
389 366
391 277
565 419
398 232
382 358
433 350
453 69
359 436
542 173
388 574
255 40
523 22
176 494
426 253
217 561
227 67
268 325
187 58
489 356
45 54
584 388
225 313
586 344
75 380
247 61
458 2
203 158
298 141
23 7
234 346
132 26
55 82
106 437
370 390
475 519
322 111
153 171
338 259
393 358
174 309
117 494
11 365
66 120
478 467
320 449
47 421
76 241
230 81
142 316
571 505
583 29
64 565
490 207
319 493
67 140
201 278
330 116
260 224
66 440
588 452
262 192
356 89
16 121
5 169
506 499
594 444
450 514
261 206
68 518
373 41
241 310
542 420
96 435
470 331
318 47
518 496
448 426
360 18
276 556
127 40
542 367
155 158
503 301
109 467
50 417
230 111
227 139
302 78
25 349
367 144
349 194
62 393
64 500
569 41
153 496
493 344
250 257
438 8
434 237
279 69
156 418
382 500
132 107
99 5
202 383
325 559
316 333
467 532
486 194
579 473
441 238
564 204
485 354
108 213
470 141
557 274
183 547
59 88
64 284
343 32
145 167
100 213
291 446
507 303
436 255
141 450
139 62
495 109
212 151
303 159
205 475
541 574
63 43
316 19
256 515
345 368
96 508
321 226
330 424
104 230
551 411
163 119
133 289
524 71
268 279
464 325
400 578
233 428
152 128
401 472
186 551
579 513
24 206
520 178
132 127
294 486
310 222
325 432
454 522
269 241
369 410
122 378
325 410
157 149
138 208
456 506
92 360
18 302
367 292
45 359
115 331
570 281
171 40
112 574
585 29
485 599
448 339
183 521
319 89
551 61
213 305
581 159
151 479
13 342
356 183
359 521
575 588
317 199
474 2
257 375
22 572
589 185
274 527
516 466
301 265
439 379
321 428
431 482
241 259
75 63
183 552
233 158
521 523
153 416
123 397
576 60
143 406
503 558
512 517
64 216
427 161
342 222
331 579
585 137
428 551
243 462
329 554
15 5
73 443
189 426
529 115
387 570
181 596
137 508
408 505
409 4
269 512
339 305
71 351
2 35
566 584
78 131
23 540
86 417
491 289
37 210
503 156
139 413
125 519
67 568
210 240
41 485
200 303
414 236
8 285
343 238
417 463
44 108
312 184
308 286
568 346
325 237
212 391
338 512
426 529
518 594
544 450
215 69
210 113
160 407
90 180
589 368
345 6
405 92
310 348
120 198
163 165
554 276
414 370
306 82
248 105
537 541
358 388
73 449
278 532
559 360
329 248
570 110
400 154
545 263
406 334
191 137
62 409
106 541
173 131
180 25
334 150
412 167
378 386
254 194
483 108
441 283
594 74
362 490
333 486
515 365
236 259
108 547
589 236
598 93
292 273
472 370
229 328
393 492
470 486
385 11
187 366
444 322
546 451
363 8
348 77
134 258
15 401
395 25
170 169
386 483
515 527
88 103
427 590
1 29
557 36
114 317
191 599
364 270
226 133
249 418
557 422
361 580
456 154
491 354
330 143
15 19
415 171
360 180
528 88
118 104
458 172
237 335
161 135
231 58
376 473
203 95
498 244
59 445
317 275
472 547
389 354
26 538
561 86
326 33
587 134
427 253
446 86
366 148
572 461
436 80
18 254
259 152
104 419
196 155
525 99
442 208
475 302
133 63
509 82
527 379
271 393
109 571
57 591
253 135
500 58
588 291
447 365
458 46
40 553
123 47
10 144
5 561
246 77
93 131
102 188
60 23
296 169
26 116
467 114
28 40
335 126
297 395
86 48
336 271
492 464
55 522
409 451
544 566
6 346
193 197
197 502
288 103
361 295
197 223
521 517
571 69
557 266
537 502
192 477
455 273
59 384
582 359
487 44
239 275
384 79
481 323
194 176
203 180
262 363
440 152
584 318
188 528
385 578
544 192
228 541
472 7
272 377
156 266
349 220
73 546
452 300
530 491
553 167
36 183
274 173
525 83
124 359
433 4
18 173
493 596
441 191
247 584
257 266
295 63
205 28
34 325
432 513
521 493
264 317
81 28
346 166
254 146
135 581
414 227
149 40
322 251
283 462
399 417
502 162
41 201
511 468
393 150
177 18
244 271
454 396
544 75
188 111
549 264
333 357
99 287
223 70
53 429
24 580
294 193
151 286
576 326
19 389
117 125
76 71
456 287
426 445
584 521
531 44
471 573
347 119
226 514
544 166
201 323
341 404
2 352
259 402
89 513
352 431
289 437
543 184
144 186
327 333
358 216
218 17
525 43
57 336
457 100
200 507
190 597
346 222
288 383
383 421
258 397
137 210
297 55
195 527
577 479
209 546
334 88
16 228
418 344
390 437
99 250
383 46
210 300
84 341
391 11
74 162
428 594
86 315
159 42
594 491
452 12
418 240
168 453
418 153
55 554
200 206
437 192
342 173
97 127
140 437
513 221
278 232
532 393
457 305
382 209
456 91
339 90
375 364
107 261
195 533
148 588
428 382
563 2
564 292
41 21
352 203
329 436
366 318
275 321
296 325
71 224
336 538
90 311
210 221
488 87
32 489
465 84
539 235
540 187
222 543
271 519
24 242
481 457
41 71
467 28
179 538
292 587
475 490
297 561
549 537
231 354
577 80
118 273
118 563
123 562
147 452
447 136
535 459
56 383
441 131
553 264
412 1
424 369
232 11
544 326
88 111
283 591
192 119
273 432
450 10
295 227
442 477
379 342
238 246
344 211
538 329
284 263
147 29
76 404
82 164
129 295
127 75
453 164
505 45
293 147
89 312
174 405
148 315
91 484
437 492
161 293
412 204
419 73
127 166
31 585
471 233
78 32
391 39
327 238
267 59
152 211
130 564
332 433
418 121
209 452
583 67
494 578
233 313
556 125
527 592
419 518
47 422
452 175
249 147
168 95
529 356
355 166
227 421
201 184
121 517
581 463
277 347
435 438
463 101
264 348
535 24
408 552
332 546
578 348
66 371
126 173
60 397
192 479
462 158
284 410
52 460
211 391
429 100
293 554
466 387
12 301
355 331
455 216
78 436
461 147
53 145
546 17
144 488
123 554
265 281
105 526
201 401
252 322
550 562
338 306
146 96
55 217
8 413
316 487
181 407
556 143
57 14
597 22
190 456
50 168
36 197
416 9
409 365
140 16
103 124
504 62
24 598
260 54
405 312
450 57
450 339
54 582
149 186
469 428
322 571
343 96
527 270
304 560
347 570
504 181
499 182
148 268
343 117
62 327
587 525
43 197
249 185
469 27
202 393
65 181
519 88
500 137
153 115
240 290
276 102
427 68
482 406
147 489
147 399
434 475
440 38
562 293
248 552
553 340
86 439
76 493
561 93
493 374
429 115
6 414
96 375
247 325
507 457
244 23
329 527
118 109
598 46
48 181
78 384
70 518
206 44
167 492
501 60
55 345
22 191
508 122
455 409
410 119
175 514
366 257
488 358
378 227
400 484
204 118
549 58
459 111
420 9
408 101
301 427
125 377
220 9
441 148
49 84
413 404
147 326
274 109
149 311
541 422
519 179
303 539
261 405
9 588
142 336
356 580
61 228
408 267
227 78
76 441
274 333
332 381
574 335
139 26
81 535
370 478
410 574
59 196
243 86
316 231
48 528
160 553
188 590
450 429
83 561
293 517
88 32
310 582
29 159
461 189
138 223
59 123
101 16
133 425
161 65
551 225
527 436
296 133
246 198
452 274
150 250
379 135
170 268
315 254
134 270
359 567
348 525
281 44
182 46
183 372
562 38
239 592
395 323
224 251
150 249
376 378
320 93
229 290
190 477
400 89
107 155
498 356
223 127
440 75
582 560
460 360
132 525
66 54
170 541
136 333
245 312
534 468
198 397
160 234
91 403
332 151
218 405
123 195
153 329
539 442
311 56
408 219
417 15
385 148
348 586
247 119
423 410
320 410
419 537
110 439
180 290
394 39
176 502
246 388
163 281
237 491
437 355
49 54
503 374
161 588
596 133
409 494
183 222
193 154
448 398
523 226
204 494
365 431
443 275
387 102
342 176
7 140
24 144
129 467
21 189
271 209
239 483
241 119
25 298
187 51
261 589
454 301
191 264
6 589
125 119
518 403
246 122
327 421
162 102
105 30
296 193
435 14
439 62
513 160
307 429
71 296
272 24
552 87
202 271
474 491
287 549
182 285
419 165
244 596
211 426
31 439
125 194
375 485
595 514
588 348
475 433
536 255
66 479
21 445
192 153
557 437
310 20
562 140
535 282
32 3
354 286
498 59
231 527
241 408
204 297
81 209
553 31
345 160
83 59
47 561
587 424
554 575
294 366
444 163
49 271
457 550
304 106
478 580
82 296
475 505
87 177
237 75
518 421
498 554
53 35
83 447
146 519
375 189
277 502
446 242
229 163
277 232
121 105
30 548
217 210
295 585
412 31
152 545
350 396
123 127
341 305
178 407
335 133
367 423
310 456
445 204
382 263
1 108
425 395
158 508
520 551
268 438
473 105
487 406
311 528
470 252
43 463
148 429
40 102
555 116
157 414
164 313
136 355
556 17
534 529
488 354
199 185
389 588
155 33
78 479
429 464
589 106
252 339
466 42
454 561
82 281
26 584
267 455
489 258
499 590
433 26
28 119
550 206
184 447
122 478
444 442
462 527
373 539
358 483
40 292
582 506
536 455
597 166
111 403
519 544
256 363
295 547
434 292
248 242
358 324
513 290
264 97
122 18
92 518
449 219
69 128
129 187
285 52
33 409
314 107
315 115
40 473
228 130
99 487
82 294
385 347
329 182
161 548
518 337
34 80
424 515
14 512
481 74
231 598
37 435
479 12
250 508
220 412
593 477
394 522
539 304
50 297
404 263
147 60
399 374
67 469
124 500
436 107
224 429
230 345
556 424
26 253
281 79
129 511
496 190
322 13
156 529
205 109
288 244
238 481
476 179
496 87
538 369
535 475
203 164
475 344
284 40
127 351
23 270
7 162
587 54
365 81
555 216
240 439
500 569
74 68
330 231
177 264
167 471
520 463
151 527
420 125
549 551
76 147
90 176
248 428
17 337
66 96
585 10
233 495
596 583
127 29
508 434
347 230
374 84
322 19
155 14
434 454
32 17
522 27
199 104
303 386
155 472
103 191
433 318
579 315
511 502
531 589
59 280
162 205
50 221
358 495
412 76
172 9
406 586
11 134
65 76
585 534
531 389
215 35
597 37
281 313
117 486
573 55
590 591
454 209
400 48
54 588
412 92
5 128
566 488
431 410
298 90
135 527
53 548
287 419
491 484
322 132
91 234
434 181
399 454
81 48
140 28
535 414
287 563
3 491
158 513
520 581
99 177
203 378
11 31
134 83
115 505
265 388
562 274
253 1
4 34
247 408
503 36
1 177
447 187
464 520
298 292
423 275
147 6
29 324
31 197
293 552
329 406
68 18
19 5
524 91
260 116
294 449
104 206
351 284
386 99
224 311
496 276
182 468
242 421
338 230
169 114
234 194
386 57
106 509
275 591
521 496
54 346
304 331
487 218
212 409
498 331
100 169
180 416
268 577
316 228
24 316
538 345
327 545
308 260
379 73
244 66
520 497
472 393
578 559
528 437
113 514
586 494
71 159
481 520
204 90
310 560
251 590
484 311
98 485
494 535
462 109
5 534
552 406
293 158
229 225
380 122
391 335
52 344
168 318
113 575
144 211
137 545
192 339
472 260
398 548
138 346
365 214
66 560
368 505
38 577
91 447
491 126
183 316
135 209
519 559
243 455
105 54
79 87
545 576
450 260
55 186
449 105
241 244
59 372
255 259
298 362
13 83
499 421
441 592
338 300
292 57
529 300
596 88
306 128
195 262
506 381
381 453
385 349
297 546
210 326
486 113
20 126
247 310
271 564
591 343
114 129
558 409
552 570
557 233
67 96
47 470
538 579
122 171
108 495
73 231
403 422
210 159
290 132
20 292
223 74
56 88
423 211
182 65
554 563
233 540
404 597
381 577
490 425
78 522
7 91
530 574
330 216
306 246
535 479
108 57
134 553
266 498
191 81
346 215
24 185
140 279
460 353
183 133
215 131
19 116
357 240
179 505
297 505
244 501
542 394
383 198
311 558
24 80
126 15
554 512
139 402
391 348
574 471
337 552
63 162
11 440
287 131
481 245
344 316
12 21
115 532
311 193
500 357
485 259
347 542
282 590
140 268
91 384
321 76
199 345
399 365
181 17
98 495
110 376
55 459
120 483
436 500
426 364
467 369
60 520
595 175
538 165
425 90
504 572
136 542
349 527
398 497
20 529
276 326
570 10
225 338
21 306
129 290
573 593
52 95
324 337
141 262
574 284
497 521
0 111
24 54
243 442
109 17
111 582
464 487
520 506
329 392
287 92
244 298
570 294
565 287
270 47
148 468
183 2
31 315
418 385
389 324
197 334
385 95
268 117
62 524
385 225
271 458
437 90
239 202
126 53
56 512
124 3
59 462
120 588
533 579
465 344
322 521
251 29
16 326
204 59
259 508
103 299
326 160
535 187
330 366
474 412
96 335
571 229
232 211
489 350
370 430
591 330
414 162
81 437
365 110
596 79
400 522
366 453
216 517
72 302
304 579
341 90
568 215
227 356
431 361
496 471
105 492
167 180
133 382
210 74
147 369
353 122
132 562
116 376
261 549
397 217
153 595
319 40
23 257
2 41
362 160
12 78
194 195
482 78
199 357
176 477
310 422
302 231
349 508
573 264
255 324
425 369
573 562
359 252
298 122
339 477
522 437
411 344
583 123
121 97
2 271
188 305
14 27
496 340
314 196
383 519
66 348
46 312
338 475
161 417
365 82
532 588
380 54
448 40
472 524
37 345
300 334
555 192
435 462
119 113
316 468
299 230
275 211
470 106
584 160
379 59
531 97
534 251
288 357
45 468
107 83
282 1
555 436
505 328
46 512
490 423
284 190
183 122
590 84
113 249
348 170
570 550
357 412
441 326
299 276
48 429
141 166
377 518
461 567
136 399
481 424
173 327
545 511
549 361
312 65
422 508
141 82
453 490
534 158
512 590
579 310
214 423
574 427
69 52
296 170
82 419
253 588
525 251
254 155
512 276
232 394
384 531
14 541
211 475
331 515
473 594
271 164
78 21
123 210
438 96
578 14
316 506
150 184
367 198
117 437
151 14
580 371
334 229
499 332
456 153
473 102
105 256
544 142
354 158
552 547
567 242
345 173
528 416
513 193
480 479
96 371
116 552
256 400
85 168
415 569
572 520
166 38
455 571
166 506
536 19
349 421
284 546
279 313
508 581
319 596
542 583
478 89
386 39
226 247
575 263
81 12
131 186
130 395
580 181
187 179
280 533
514 273
149 272
61 148
31 158
276 220
453 454
357 369
439 88
498 335
95 187
222 397
405 574
560 149
38 161
568 435
373 525
144 98
138 318
412 132
343 292
554 177
423 185
12 86
498 518
78 598
57 101
230 296
192 21
318 5
388 581
509 531
312 425
291 19
421 469
167 437
525 364
367 398
327 41
442 39
362 244
293 231
594 458
423 61
308 519
270 186
288 199
469 64
122 433
321 166
204 13
9 340
522 541
395 373
73 349
229 115
47 160
337 157
538 157
289 506
293 116
58 380
414 502
336 396
74 262
321 177
344 257
236 129
272 485
130 465
331 540
106 48
56 39
282 71
228 429
519 280
309 156
239 370
364 15
58 222
510 332
575 0
4 10
358 458
24 477
554 344
480 328
100 549
412 209
7 138
97 317
286 85
385 75
583 44
276 156
219 313
443 350
243 502
41 220
148 76
476 28
262 214
454 128
435 183
119 58
444 323
273 597
461 336
599 0
95 471
31 569
376 9
417 324
213 256
504 133
561 563
200 79
335 356
448 303
266 448
40 439
190 251
182 62
209 175
6 435
438 168
468 195
238 460
301 97
61 432
24 429
283 484
191 348
368 567
281 365
375 476
184 392
35 140
408 587
457 214
494 1
248 491
353 512
258 479
154 81
308 402
366 432
578 128
194 172
355 492
568 175
268 90
172 425
371 198
216 599
532 447
423 51
544 439
532 538
9 34
296 328
509 454
473 517
489 177
205 70
149 283
160 297
483 585
124 46
404 563
555 103
584 373
384 534
165 593
42 234
324 494
222 160
559 342
449 110
521 216
458 395
508 29
569 444
336 196
441 183
133 521
115 126
66 78
93 469
258 265
127 292
319 18
324 210
27 67
564 281
107 464
7 2
9 159
285 227
314 317
453 23
352 253
242 112
319 31
402 295
377 505
526 525
305 148
384 407
526 46
152 504
7 451
506 333
303 397
98 197
149 527
32 585
271 16
198 213
446 360
195 119
491 116
509 442
96 235
371 45
306 164
438 309
332 30
237 211
350 245
531 538
5 14
323 279
237 246
332 535
363 268
135 507
567 358
430 208
281 305
557 228
560 184
270 38
201 554
26 202
587 201
266 382
346 241
127 285
514 37
185 495
454 536
13 306
420 446
505 206
28 528
455 312
562 161
373 365
493 567
76 577
107 281
10 1
278 191
237 587
565 338
319 234
173 562
376 86
549 145
279 167
96 377
113 369
439 445
164 477
87 458
99 381
439 264
193 42
168 564
29 323
298 266
220 572
125 288
569 34
22 526
183 160
109 556
91 200
399 431
64 485
443 45
331 419
528 288
298 57
424 387
126 269
568 60
350 197
217 523
558 18
181 400
438 348
351 481
187 293
525 290
221 129
284 32
456 49
93 410
410 328
184 165
29 463
589 151
248 575
490 202
545 371
577 9
557 215
188 135
416 183
169 286
231 449
206 139
210 355
399 74
224 525
268 507
44 85
554 437
247 112
575 292
373 579
203 259
414 402
565 176
356 131
546 385
566 248
250 38
219 157
309 177
406 296
86 53
127 330
326 211
263 255
243 528
305 155
392 197
560 26
17 164
262 475
28 414
421 537
72 480
320 295
230 251
228 174
406 181
131 64
261 248
340 557
116 485
380 139
163 398
432 94
459 245
184 78
54 431
125 110
83 39
50 504
99 453
285 390
415 428
572 385
494 29
598 564
349 122
130 443
565 88
580 410
121 448
526 340
444 447
164 248
371 217
281 578
118 489
385 181
564 134
137 296
447 561
364 247
213 30
237 68
101 265
205 150
484 352
236 253
180 556
571 65
580 475
281 390
544 487
212 406
51 497
271 311
5 322
530 246
574 546
133 300
182 141
0 63
310 68
536 256
519 113
517 412
263 420
69 264
43 210
440 233
33 121
345 358
189 555
227 453
454 277
154 73
486 316
480 514
23 557
592 472
170 91
420 496
189 274
555 388
259 420
427 322
418 223
487 475
139 410
38 457
412 37
386 166
530 343
240 112
14 525
27 571
587 425
178 339
254 562
63 160
317 30
111 502
288 326
75 214
13 512
206 272
233 275
220 56
212 433
387 40
360 318
477 347
314 367
477 76
192 51
292 590
406 422
474 257
202 476
41 274
228 519
33 323
324 319
519 369
191 338
8 196
329 157
362 80
111 550
599 373
341 422
235 354
444 347
363 63
177 245
426 391
138 97
562 540
499 504
424 71
468 119
177 73
373 191
18 513
312 200
102 209
121 590
305 10
208 114
167 596
453 41
547 69
83 244
169 21
559 349
346 287
328 241
289 79
411 129
568 474
69 377
222 439
418 105
240 569
303 147
52 579
174 377
58 233
553 118
546 216
493 586
153 597
179 428
570 143
287 258
351 195
400 253
289 409
70 85
571 445
468 393
472 499
289 83
21 205
7 195
518 101
236 237
572 111
270 174
35 470
214 336
198 173
72 276
140 575
109 430
170 309
78 192
273 48
189 196
275 20
598 152
460 89
530 292
78 498
329 106
568 173
428 28
194 321
296 375
576 537
422 399
359 4
433 531
503 298
165 144
361 2
527 275
180 581
245 17
216 353
399 246
254 38
390 505
273 401
515 267
6 93
213 245
112 15
593 505
119 147
142 77
474 407
434 284
387 417
529 106
119 270
307 123
596 247
140 53
138 409
270 273
103 48
64 253
542 353
269 536
529 178
70 406
545 116
368 435
37 390
513 263
421 308
85 466
351 470
94 577
228 543
386 486
325 16
281 571
435 564
192 282
513 379
284 43
74 304
74 230
384 471
120 392
315 258
307 117
522 518
493 123
475 386
63 174
518 202
397 566
470 95
269 81
7 191
365 294
62 518
272 3
370 591
389 473
475 210
147 574
328 35
32 503
468 517
256 337
591 164
542 443
217 387
66 545
577 401
496 511
341 396
266 366
138 363
420 238
320 474
379 107
457 250
515 109
223 318
487 66
202 597
429 378
96 309
68 475
299 107
501 514
218 599
545 451
452 590
152 100
548 423
524 129
262 338
199 262
165 457
385 310
120 134
227 51
270 325
220 26
320 277
499 535
18 81
561 159
35 548
99 79
386 2
162 200
207 446
126 31
292 220
572 38
460 348
452 584
413 304
196 354
408 399
489 227
302 336
12 348
64 121
530 309
487 41
274 466
267 503
243 254
267 248
569 554
319 373
456 10
598 519
370 503
326 235
146 481
77 344
365 437
582 546
467 591
440 76
484 133
460 480
194 499
52 231
336 37
216 584
117 112
255 128
164 444
570 598
374 232
313 390
506 378
445 69
382 58
428 406
163 16
228 440
148 452
189 219
149 103
568 135
143 9
166 513
291 364
582 79
37 233
1 309
144 189
40 96
305 172
205 213
84 442
7 206
25 275
66 419
214 467
48 462
499 207
582 439
237 346
21 247
585 502
559 144
556 60
170 218
128 443
304 263
568 100
508 336
460 444
483 292
19 332
19 385
229 235
365 38
447 521
220 52
11 126
547 194
444 192
208 180
280 592
320 326
217 527
161 37
76 29
588 86
49 523
117 587
138 5
211 541
60 286
381 161
490 322
578 64
284 98
287 144
235 49
50 234
199 559
181 556
217 222
405 357
149 437
549 275
237 32
449 300
151 324
91 293
599 516
105 43
345 190
534 224
170 105
427 311
443 82
300 127
583 64
103 492
394 524
349 554
357 411
277 44
230 336
94 223
560 263
284 425
32 66
257 362
246 247
84 29
188 537
264 572
562 81
217 248
169 44
146 578
566 120
585 355
560 290
15 84
225 482
269 578
197 286
353 124
451 131
420 78
326 77
201 463
345 412
144 321
472 234
536 387
160 349
322 583
538 501
313 308
578 247
258 38
35 490
421 473
495 379
126 440
120 176
521 349
551 442
503 341
185 259
97 101
271 558
464 495
188 224
554 456
294 47
539 207
522 5
518 119
553 117
76 140
436 390
482 108
183 395
293 143
269 561
347 315
495 265
97 437
148 479
258 64
416 474
150 542
115 89
598 475
36 203
400 398
532 575
473 208
114 339
18 103
237 576
254 341
493 239
374 575
597 345
194 528
361 519
301 546
344 86
558 315
240 135
234 297
104 392
253 295
140 435
424 251
334 207
31 285
274 569
107 528
250 294
430 590
157 515
215 276
326 299
89 26
369 170
13 574
180 448
56 553
88 226
351 491
470 396
461 209
276 292
425 497
465 26
210 165
102 352
107 178
236 306
234 114
78 45
265 500
460 571
35 540
424 94
262 429
27 323
400 286
419 185
79 580
71 184
534 44
120 99
238 511
237 520
16 237
544 357
359 523
399 339
232 501
289 590
401 438
360 133
298 115
574 355
396 148
456 172
313 316
417 481
453 93
14 355
379 302
235 18
573 456
466 343
375 376
327 203
523 527
396 460
377 241
169 361
324 127
206 445
364 312
315 149
20 301
389 135
75 384
58 539
467 343
220 126
73 195
231 277
414 131
324 509
431 377
127 216
186 565
53 103
541 478
463 177
156 491
473 308
345 362
400 225
480 375
183 570
279 172
86 482
598 461
161 34
127 582
92 209
145 328
265 237
250 472
317 309
314 283
497 94
318 139
155 313
94 317
111 32
305 552
377 30
574 164
339 200
120 178
144 30
460 246
397 135
513 223
68 378
62 570
268 585
78 453
19 305
66 262
341 182
280 460
135 373
522 421
571 55
27 330
279 72
353 580
550 99
384 435
232 61
488 112
230 447
572 400
512 208
336 161
267 396
336 443
328 92
25 410
410 101
384 123
327 335
405 372
379 520
431 0
45 5
409 481
24 148
477 3
89 242
337 11
169 585
138 506
215 101
446 397
598 551
578 445
278 180
453 431
376 388
103 471
384 566
260 388
513 355
355 519
91 493
35 285
177 9
301 484
464 470
411 169
506 78
283 92
576 186
250 214
428 538
584 162
522 462
360 579
397 431
510 439
595 318
290 356
567 145
117 556
111 583
385 257
562 114
491 379
524 85
122 540
239 200
353 172
589 29
532 334
289 182
182 55
319 565
171 169
517 408
423 207
311 85
459 474
231 539
561 495
466 24
450 461
584 470
504 169
550 487
546 558
105 67
255 327
535 439
231 348
195 443
577 546
220 67
358 456
61 33
125 83
581 112
548 461
129 525
88 551
132 399
580 6
236 555
439 414
127 174
156 253
193 522
597 465
88 187
359 295
62 322
86 539
275 4
463 419
238 98
22 500
527 524
298 228
287 243
500 450
197 506
17 131
191 395
264 525
397 400
31 355
237 159
124 271
442 0
303 3
184 385
575 484
112 465
143 268
70 157
356 372
272 311
46 170
284 359
179 408
489 68
83 70
439 365
407 95
377 181
540 589
422 496
578 540
298 409
566 252
69 149
412 332
457 502
350 218
78 145
101 450
173 349
134 532
136 219
338 410
232 289
40 86
469 199
599 470
323 389
451 576
225 348
394 488
226 488
143 209
56 507
367 116
368 229
139 215
72 298
330 259
240 64
169 378
289 382
129 579
550 88
15 334
438 349
330 531
169 538
349 147
425 541
34 43
164 262
537 501
528 278
282 575
560 28
393 177
228 209
563 146
422 188
240 425
415 351
227 161
224 114
485 200
42 217
534 375
296 247
96 328
219 561
291 42
385 204
525 580
92 596
117 249
465 58
290 296
85 62
479 450
297 207
547 193
60 21
203 332
249 551
466 596
397 95
443 268
36 410
470 128
476 280
209 583
122 193
271 316
412 585
302 545
400 223
498 349
59 276
429 370
356 483
418 520
455 210
17 274
434 349
506 441
371 515
246 451
114 381
577 513
101 576
261 554
2 46
300 308
216 215
490 64
120 459
216 590
309 274
46 542
352 148
69 295
46 443
52 429
138 507
519 263
251 426
235 198
182 545
144 380
424 14
76 62
463 10
594 453
530 549
436 434
363 296
137 515
120 12
529 599
5 3
533 424
453 519
57 272
492 430
592 48
573 483
316 581
69 57
30 110
246 197
152 416
594 160
532 242
271 29
487 225
205 334
591 254
284 568
432 196
259 150
355 294
56 343
376 214
59 355
226 268
176 554
112 384
482 15
43 343
131 134
208 386
61 378
363 171
558 347
339 475
93 422
262 394
493 547
397 571
460 546
395 417
169 60
195 578
442 57
255 141
122 463
254 301
372 249
30 486
286 512
36 65
500 10
14 361
286 214
182 234
592 291
573 521
457 251
104 19
399 158
580 364
303 498
529 173
145 202
46 253
99 379
393 537
572 412
102 418
474 539
275 516
393 52
37 84
543 548
351 520
473 395
198 139
214 409
549 492
581 363
20 533
451 144
593 7
434 161
351 301
596 33
113 185
281 110
235 566
149 376
540 452
523 413
21 270
234 478
570 349
81 134
296 378
356 123
574 226
77 560
570 36
60 466
598 392
72 343
332 363
265 210
384 1
583 425
534 118
102 576
180 417
75 403
506 462
311 230
538 436
44 577
82 18
433 145
344 134
468 515
348 290
495 430
549 14
367 386
21 141
269 39
580 17
32 505
189 504
304 514
52 332
353 504
521 449
46 149
308 451
492 370
573 574
448 237
565 562
263 162
181 564
585 114
336 575
295 138
582 392
18 509
166 550
462 323
278 63
586 521
182 220
484 50
460 538
134 477
60 329
280 165
53 132
154 1
95 534
213 521
56 496
244 530
172 408
189 285
515 361
316 166
250 512
535 585
69 137
206 31
366 189
59 546
436 197
211 442
257 202
297 65
224 526
350 217
593 358
553 450
43 324
62 291
86 514
32 44
510 205
132 589
15 565
488 66
216 468
566 476
580 177
104 471
30 52
282 388
304 421
464 73
582 278
430 231
94 303
45 322
324 208
358 576
519 123
568 404
323 295
227 275
1 525
88 21
243 121
191 124
402 72
452 417
87 559
157 81
22 327
13 494
159 585
387 502
374 142
356 274
585 470
354 373
271 312
551 533
440 185
176 421
115 63
219 112
167 324
536 429
526 528
148 237
285 75
133 163
278 87
142 369
334 528
257 67
202 28
284 335
339 537
90 381
310 350
205 87
390 304
543 57
30 10
45 332
229 367
530 418
370 401
208 26
361 541
109 23
525 50
564 69
151 73
577 5
348 441
417 29
321 58
15 54
408 86
491 421
31 473
153 503
466 467
514 230
105 27
485 561
204 335
391 71
194 458
13 530
421 264
245 314
383 129
69 320
463 527
193 86
126 247
510 67
417 151
207 22
532 10
479 48
409 324
533 530
5 344
41 368
427 397
564 264
149 248
102 403
448 401
141 207
556 105
465 500
380 241
370 363
488 285
37 457
352 436
579 45
83 528
479 570
172 232
77 122
63 345
99 401
309 286
269 398
108 408
294 9
69 339
69 3
112 403
96 304
102 35
208 238
464 196
441 267
19 572
264 117
452 341
104 181
596 20
424 272
503 165
255 103
77 92
64 212
132 236
535 102
312 345
398 124
147 433
458 219
104 64
457 208
534 546
82 157
512 540
518 209
333 424
143 38
552 433
383 120
26 221
211 58
445 598
328 268
102 420
28 31
72 44
459 534
162 258
254 578
169 166
408 52
148 38
115 491
346 357
252 234
371 161
113 126
133 415
310 400
229 434
269 446
40 240
244 280
349 72
406 430
441 90
308 353
243 474
182 219
256 281
411 275
61 230
442 200
432 265
174 60
550 321
123 534
353 327
382 423
354 50
446 245
32 515
575 585
534 497
286 336
107 531
141 520
425 544
205 552
536 349
360 290
572 470
132 571
341 330
427 2
92 107
278 454
2 337
537 574
473 478
229 240
225 6
590 424
83 452
525 157
336 584
268 192
184 30
125 378
8 199
422 418
53 520
490 365
584 201
465 459
333 262
14 393
249 43
514 489
486 452
419 389
168 110
136 594
105 367
547 113
185 591
446 383
121 219
25 474
250 31
33 342
172 201
555 538
331 86
456 586
15 329
307 278
546 74
142 277
160 476
58 134
553 28
419 554
448 99
597 215
458 229
157 91
176 514
355 467
584 153
453 35
316 98
279 251
73 233
507 132
466 312
520 399
457 2
590 339
91 394
255 188
113 208
402 47
165 401
152 179
525 122
420 257
80 488
490 84
96 470
381 66
307 164
180 240
300 592
154 242
85 277
590 170
409 133
319 23
25 341
41 578
516 175
528 40
588 335
307 476
550 309
161 270
533 81
9 107
305 133
281 99
214 575
160 116
370 105
169 516
428 282
187 457
223 340
241 496
386 93
331 276
278 234
479 212
298 494
162 578
119 418
549 414
293 416
132 20
138 29
339 116
390 173
289 118
575 268
342 229
572 195
275 573
217 167
331 40
286 66
121 220
77 534
532 428
118 158
460 315
561 315
55 212
552 531
239 235
458 590
527 147
135 138
360 26
154 532
27 244
99 373
521 196
215 502
442 345
317 411
419 443
145 263
493 17
273 511
286 467
597 520
555 162
115 161
569 211
257 378
327 147
44 284
336 324
461 100
396 156
496 408
339 157
318 61
15 142
353 210
171 580
422 537
377 549
416 90
450 472
509 365
110 562
379 74
345 131
55 366
197 275
298 251
358 471
162 172
555 452
159 213
394 537
158 574
201 198
433 510
251 89
432 537
213 485
406 160
243 107
85 529
542 33
144 453
178 29
51 183
592 290
10 22
75 463
527 357
572 415
591 313
450 232
478 241
74 63
96 540
375 254
269 336
586 436
271 212
239 236
225 118
173 332
511 551
265 280
478 309
52 34
533 150
453 310
263 571
9 171
362 308
497 580
261 80
132 577
306 599
1 155
41 147
558 178
50 12
271 56
585 279
107 116
278 243
168 114
155 47
325 48
261 144
427 384
224 533
52 159
242 251
199 453
67 53
411 561
556 20
192 26
134 114
3 171
579 89
84 520
474 244
284 401
474 48
327 470
443 406
288 329
573 43
281 275
546 36
30 212
317 8
158 414
17 411
374 88
533 285
539 414
571 34
320 202
246 570
449 154
135 297
408 283
29 119
469 580
259 135
551 267
4 233
392 0
482 89
337 219
198 248
354 298
443 214
102 14
542 289
464 521
240 11
588 525
47 419
314 432
505 65
213 151
10 353
108 404
360 467
582 375
429 76
266 303
308 90
461 495
13 599
187 71
449 31
258 70
244 570
114 433
393 249
31 7
519 5
82 438
48 444
188 381
193 490
86 254
457 519
173 202
571 21
306 596
104 116
211 351
421 74
532 138
387 234
486 489
4 217
379 172
425 435
219 514
545 141
357 418
360 154
294 490
43 231
147 383
599 235
290 77
399 13
33 179
207 550
570 201
23 515
454 219
44 65
409 105
430 390
553 248
123 197
589 415
90 29
20 103
247 476
20 480
199 215
485 254
474 516
88 474
385 549
209 37
133 553
125 95
440 179
410 438
61 161
258 212
523 499
568 503
25 122
201 5
311 123
510 220
16 477
503 77
505 559
41 114
341 540
293 171
190 33
533 358
515 382
531 380
532 157
69 558
136 314
529 380
513 31
186 525
320 211
496 226
244 309
322 548
411 441
235 366
566 406
583 556
36 418
132 251
148 547
484 175
106 95
561 346
114 365
230 471
409 325
18 428
115 130
27 478
488 36
420 410
57 390
2 364
597 446
187 497
321 471
226 203
409 136
29 518
355 126
81 545
67 196
573 381
249 205
74 372
76 372
402 243
132 225
59 568
581 450
89 591
123 192
230 557
402 194
543 390
576 565
182 192
521 328
38 374
506 193
143 226
412 101
82 373
288 104
31 106
450 222
318 413
581 178
539 105
323 111
393 32
70 269
267 58
45 178
399 485
210 67
415 563
561 463
108 390
209 47
230 59
143 510
94 594
400 318
346 313
406 66
278 241
229 339
335 214
40 534
502 494
196 118
167 280
281 212
514 518
127 495
403 263
16 392
383 54
469 265
107 82
283 312
488 190
282 53
572 310
412 277
21 56
360 371
81 586
27 24
314 308
21 299
328 164
553 398
105 294
547 365
552 211
222 174
107 398
139 411
73 305
52 133
581 498
203 77
444 229
20 154
46 317
191 201
301 213
290 321
396 392
507 68
418 19
155 95
98 27
83 208
430 185
100 87
112 387
575 118
560 462
254 324
446 234
336 50
572 266
591 124
399 536
46 552
375 230
521 188
462 191
419 189
345 242
79 40
272 349
395 487
508 339
406 187
503 146
75 262
34 422
526 392
547 146
486 443
441 288
500 181
187 597
260 468
169 375
409 100
385 495
573 165
125 237
237 560
489 18
226 335
415 341
463 345
150 589
200 580
123 392
408 432
52 264
148 542
393 517
118 569
252 304
384 114
416 462
524 382
105 285
177 379
73 416
338 294
501 169
551 495
106 579
247 30
72 215
485 157
515 486
368 517
113 540
67 556
582 490
416 115
434 165
213 389
113 334
503 585
7 293
394 217
87 28
80 77
180 0
65 29
182 547
419 190
513 70
434 128
7 9
589 490
451 415
297 129
519 150
466 208
566 296
238 355
590 421
76 453
389 131
218 158
247 176
169 104
407 1
249 190
461 585
447 309
131 593
265 167
167 372
27 402
376 383
355 592
335 385
251 52
466 585
170 442
565 569
62 375
461 205
468 369
11 248
191 102
428 48
179 34
181 141
252 594
52 72
200 322
75 239
477 507
508 565
208 317
493 128
479 521
111 31
501 40
559 132
303 40
580 502
200 511
315 195
510 91
577 295
564 424
459 533
465 371
380 360
556 242
237 53
574 505
467 231
242 100
74 15
513 300
172 410
25 144
544 319
138 535
168 282
311 33
304 27
391 325
392 224
158 401
17 343
73 380
502 145
97 111
215 78
29 439
162 133
472 419
56 90
516 18
260 514
581 387
508 44
553 466
19 96
568 507
461 303
305 574
562 336
251 198
74 87
216 562
413 336
389 80
524 375
158 309
486 147
503 87
26 364
257 355
293 252
373 307
90 85
472 212
128 310
51 525
110 237
572 217
73 60
328 213
474 95
497 355
504 317
180 591
7 260
465 353
67 491
66 245
419 171
591 414
485 189
497 171
159 537
128 93
506 170
132 144
273 564
24 191
316 592
382 440
599 489
218 151
75 236
380 388
267 46
157 186
212 555
58 139
133 39
443 222
549 30
97 455
594 213
321 7
386 207
255 9
271 350
66 506
489 272
404 471
450 24
218 210
253 77
579 547
279 248
149 72
141 51
583 308
229 308
478 452
101 80
448 492
143 519
171 219
227 490
6 470
442 348
408 157
284 331
525 168
261 267
184 182
101 551
15 39
240 478
143 30
401 344
205 240
277 430
273 495
244 160
76 331
90 186
571 529
443 238
573 15
82 83
152 365
190 49
198 393
186 596
48 172
304 400
587 171
391 396
37 281
191 589
254 490
233 339
593 223
56 217
177 15
433 384
359 90
510 498
462 526
589 555
275 144
44 413
120 327
291 170
383 440
81 205
351 254
516 72
422 344
483 64
277 529
216 119
556 193
493 131
545 164
272 561
18 456
141 582
507 474
226 1
401 69
153 282
537 136
482 67
398 281
575 102
47 468
124 568
313 482
149 16
91 529
91 563
462 429
553 104
51 392
473 476
416 27
464 414
69 408
449 498
227 119
579 55
83 33
343 23
246 175
450 187
585 70
48 159
179 552
338 547
506 561
579 295
317 376
363 328
378 567
119 481
427 592
517 573
588 464
570 221
282 332
358 239
433 504
200 134
0 143
289 347
561 371
411 445
594 170
247 157
37 480
143 548
496 210
300 0
334 157
208 228
444 360
528 72
433 490
466 592
310 138
240 499
378 290
277 284
26 228
579 124
327 295
462 352
578 299
179 225
210 89
433 31
163 248
494 498
342 40
262 463
317 6
553 17
102 592
183 373
406 354
121 342
223 556
428 414
153 73
125 419
238 545
87 276
124 289
493 410
529 454
146 32
269 6
297 293
530 490
160 478
192 176
19 33
501 401
441 211
366 276
184 12
86 244
24 321
505 332
61 476
357 575
521 246
407 312
50 278
429 327
406 79
438 314
64 402
401 244
457 47
19 292
416 598
92 461
499 482
545 239
118 315
126 481
279 572
424 99
433 267
23 440
271 593
194 370
228 225
575 41
220 340
145 415
575 566
378 139
251 114
273 357
71 427
111 372
580 248
310 312
475 282
207 269
321 261
529 568
291 433
30 461
277 539
526 544
19 298
566 439
388 563
29 0
206 362
593 21
98 492
93 539
416 17
460 237
296 8
529 279
122 398
496 529
104 183
351 153
19 443
58 102
234 207
413 584
414 145
298 596
445 252
332 454
120 130
8 327
320 483
487 6
281 161
191 39
384 80
448 24
465 581
246 112
153 162
423 339
182 83
551 536
453 202
324 496
182 170
448 277
231 399
268 549
288 65
311 387
229 589
212 7
397 204
445 294
85 566
291 564
267 257
440 480
372 58
89 50
340 187
280 484
236 441
271 278
77 152
163 377
107 561
52 211
156 282
2 139
459 501
350 121
360 412
135 587
535 157
406 414
45 534
26 556
137 230
271 386
474 472
437 131
366 233
469 338
42 597
447 50
379 423
33 514
319 119
398 196
599 491
179 307
357 309
375 446
447 250
283 126
513 156
319 75
404 87
360 279
133 286
369 482
572 309
73 387
42 130
455 43
349 52
352 369
487 481
544 125
173 561
295 262
205 273
454 528
452 582
510 584
15 284
88 122
204 25
367 151
429 34
208 160
96 263
284 422
228 305
514 126
222 582
268 542
243 203
124 48
581 153
311 516
271 43
197 157
448 208
441 501
272 490
535 312
340 516
22 301
522 415
458 176
112 468
205 418
65 236
287 203
160 73
543 58
224 313
74 332
541 466
192 263
339 464
102 287
419 317
525 164
176 485
457 488
54 336
446 449
139 57
511 101
390 528
151 489
281 21
501 437
207 64
96 314
573 74
317 179
155 408
31 326
554 173
410 277
268 297
593 324
386 25
192 574
456 489
109 589
274 558
445 166
94 141
352 361
377 159
310 313
92 255
305 168
508 447
342 115
503 553
208 518
324 314
273 30
444 217
54 570
284 217
367 446
29 227
418 463
312 526
237 368
415 439
125 153
145 385
2 348
138 113
598 517
34 546
497 111
350 284
501 585
447 300
407 428
394 508
73 34
324 385
178 437
418 455
476 324
27 573
536 235
528 387
423 316
157 14
51 222
158 533
329 351
333 129
579 377
568 134
54 474
371 243
396 599
509 9
407 566
392 111
553 499
316 93
43 111
562 46
436 426
451 200
201 3
595 560
178 495
81 473
321 180
483 114
501 163
75 317
66 437
89 275
405 436
454 503
58 294
80 582
151 118
141 599
258 354
188 16
131 403
227 405
6 232
289 453
517 80
598 579
62 245
220 64
310 57
292 7
233 3
468 356
499 230
540 533
150 207
205 241
511 317
538 40
523 200
61 48
553 60
169 424
311 60
354 139
347 394
154 126
230 368
36 490
314 250
297 168
516 556
397 195
526 82
355 86
571 570
46 176
260 523
529 508
318 312
593 353
68 284
535 40
26 191
515 436
534 467
339 20
130 302
76 143
427 204
236 214
36 594
366 6
539 151
154 348
498 277
429 119
232 247
255 169
503 282
208 4
414 523
556 102
241 416
362 548
232 178
150 57
310 339
410 219
149 495
559 594
276 161
61 193
27 536
376 176
379 557
163 61
186 412
445 213
368 215
64 224
90 94
233 416
469 37
441 229
263 425
173 168
344 537
158 237
123 555
523 315
386 448
85 451
471 507
588 140
370 8
193 593
176 418
290 372
53 485
456 561
558 103
75 564
191 298
289 504
262 540
384 371
225 161
553 420
117 576
450 263
344 523
448 324
15 531
536 501
295 333
166 331
257 276
184 119
297 360
41 91
536 154
250 218
19 125
586 85
155 560
120 505
562 118
426 588
125 562
133 563
322 53
457 309
291 272
179 572
385 9
259 142
341 324
366 211
84 189
282 14
480 308
315 5
367 315
206 554
274 103
481 61
73 312
560 410
177 279
579 463
0 49
550 34
508 252
103 317
98 179
411 295
471 594
70 46
371 332
293 215
462 457
118 249
203 413
126 14
47 62
68 312
350 493
17 424
158 424
433 28
258 392
39 252
183 315
37 122
153 571
128 472
58 278
39 590
392 109
259 174
225 354
543 342
400 169
49 217
129 551
367 2
168 543
94 515
195 189
400 1
50 85
134 460
351 95
357 134
533 19
288 127
218 166
186 514
488 438
377 292
459 232
289 175
98 338
417 256
418 343
345 548
140 250
194 88
376 113
125 231
329 94
433 400
315 503
280 310
494 450
531 231
111 270
430 225
25 442
4 306
112 155
4 40
565 463
483 131
428 173
437 269
301 256
84 244
452 22
555 554
579 163
200 341
494 52
249 203
27 362
335 412
453 335
176 220
582 109
33 426
378 133
73 110
230 281
90 505
392 64
213 57
261 246
553 373
248 4
116 535
311 310
208 52
443 106
240 264
570 186
424 105
323 230
341 113
122 280
238 79
410 514
503 240
97 563
493 22
567 0
301 496
31 57
274 561
159 253
409 240
266 505
527 313
305 9
390 338
449 454
216 362
313 312
271 430
15 556
447 304
151 293
444 523
42 120
145 31
190 508
205 6
313 311
497 288
180 259
38 14
317 372
145 466
560 240
130 328
222 556
328 557
122 69
155 132
571 275
127 553
32 359
473 378
350 416
280 185
213 287
471 86
435 153
377 443
468 91
98 64
306 276
439 294
411 63
254 564
576 332
337 101
569 46
489 344
495 232
203 586
215 474
206 452
344 153
523 203
343 100
299 298
38 30
106 17
81 309
216 227
52 585
35 232
492 11
344 80
182 210
159 489
153 248
574 360
585 217
243 192
440 558
448 506
262 53
331 584
583 101
171 163
177 331
420 73
502 276
316 383
268 181
500 158
8 426
55 543
224 523
170 428
62 328
100 35
302 507
38 509
310 228
519 72
385 269
148 530
438 501
478 187
490 108
338 29
321 441
442 568
43 313
588 306
276 122
18 583
340 268
365 150
37 215
342 484
387 209
92 273
327 191
180 19
567 148
184 524
386 197
121 197
111 296
405 415
148 374
128 384
78 83
572 548
153 229
70 320
110 424
350 526
339 137
308 467
342 594
166 270
132 335
501 319
117 271
426 261
228 84
118 567
374 152
568 201
554 174
258 88
299 237
114 20
481 554
262 449
4 132
410 238
301 234
472 449
220 290
86 593
331 278
386 192
24 269
455 21
340 269
469 452
33 280
397 231
478 137
309 162
173 157
196 217
177 431
588 560
303 529
70 173
256 303
290 149
74 186
296 134
375 259
85 55
206 250
433 142
229 28
214 221
40 504
23 395
170 274
248 343
150 480
43 81
2 539
532 415
341 343
362 167
242 13
31 48
303 371
238 279
591 399
46 62
4 206
579 368
160 537
200 36
553 596
63 62
595 211
393 566
302 348
378 560
551 130
533 121
128 422
339 6
584 384
336 484
498 269
587 129
469 114
586 142
356 595
133 482
57 207
254 250
289 230
581 19
11 504
463 95
182 411
558 227
169 245
229 335
196 362
368 15
457 182
443 10
109 185
590 470
21 419
215 333
562 260
58 29
193 533
431 374
397 67
452 4
422 136
107 99
327 202
504 282
316 523
582 82
302 200
308 54
126 71
242 366
202 531
8 208
313 1
429 561
14 300
500 54
568 574
441 464
405 471
451 171
291 384
573 377
214 489
68 50
357 156
45 238
505 254
170 60
185 527
30 14
506 128
570 354
536 169
216 323
410 509
204 579
430 336
458 299
285 598
49 183
117 164
14 156
565 21
267 445
438 249
209 480
246 589
195 589
473 447
151 480
557 347
138 458
216 368
542 571
272 326
251 104
229 314
445 94
135 561
476 273
585 111
597 134
38 559
239 351
159 496
253 587
454 194
527 550
191 280
257 151
8 209
128 189
484 281
520 241
223 66
503 566
247 575
575 211
336 270
25 502
65 487
38 430
284 554
297 213
267 124
224 155
398 95
169 27
426 303
340 582
234 125
316 83
574 552
149 113
370 517
593 506
289 357
371 130
76 359
56 237
399 21
218 514
456 578
575 258
474 547
555 13
217 241
457 136
400 474
258 560
423 130
116 254
317 297
133 23
508 287
369 193
238 80
590 144
519 592
508 530
250 131
282 26
169 148
277 26
343 573
325 421
578 0
235 396
27 104
401 436
157 568
379 339
159 358
349 8
503 44
253 521
511 112
397 72
454 553
385 503
529 561
132 590
347 70
380 537
357 30
508 511
500 192
419 262
115 410
229 455
69 158
328 298
455 388
260 275
320 20
312 119
560 39
544 20
430 160
299 439
499 352
332 240
154 324
371 535
91 27
141 112
226 341
27 123
428 507
486 395
62 354
521 437
284 25
488 559
439 532
3 535
444 350
111 333
71 322
186 586
139 241
245 597
479 554
452 471
503 477
324 302
420 90
416 450
505 236
37 355
587 149
86 154
307 39
593 595
341 188
565 30
123 548
472 163
420 76
576 516
513 502
61 479
276 144
364 522
287 89
83 140
333 349
232 312
202 282
376 489
504 432
39 26
156 189
351 83
219 78
257 207
423 247
84 229
396 383
439 282
588 177
360 80
555 137
309 299
463 373
270 389
25 29
156 431
413 541
104 380
36 113
527 262
102 99
7 220
439 394
591 522
287 589
175 507
291 561
179 128
298 189
325 380
491 295
388 264
170 340
345 142
129 218
4 151
389 337
315 240
280 552
144 12
340 14
538 221
31 413
99 370
130 103
88 531
161 314
316 268
289 59
55 460
236 422
148 350
206 212
426 447
138 173
200 398
343 171
218 297
588 522
413 93
40 461
140 190
344 243
279 566
101 173
73 544
41 564
57 221
380 495
547 532
467 599
26 40
590 333
570 13
417 26
51 499
251 557
307 126
322 331
54 52
254 234
549 138
335 225
253 586
248 287
65 69
70 505
126 572
514 579
121 54
492 174
64 378
293 321
169 422
408 17
66 248
249 432
226 327
43 68
475 413
157 10
247 583
92 396
535 352
517 275
539 78
420 162
37 69
59 523
450 589
49 433
570 131
170 385
517 153
54 299
384 494
354 371
573 470
2 443
295 406
527 173
290 39
151 455
336 299
225 284
496 245
497 34
144 42
556 550
516 19
264 302
230 329
479 572
476 155
76 525
581 80
175 90
35 435
150 592
353 340
507 137
312 371
136 60
458 64
534 437
386 435
555 51
393 10
188 74
232 569
215 529
516 593
237 563
207 6
15 11
58 90
508 517
221 409
393 391
517 456
131 381
187 569
381 250
478 235
117 180
29 454
578 38
260 553
460 182
388 523
598 5
132 419
549 469
450 470
415 372
369 149
306 473
404 162
24 498
155 460
336 309
5 336
214 43
564 60
306 221
445 295
303 560
402 419
555 194
334 171
200 443
116 20
84 12
388 416
431 226
469 551
216 255
2 495
196 588
585 96
420 93
536 132
248 469
518 94
464 527
323 379
246 34
154 267
469 388
177 418
148 377
401 442
153 101
20 453
415 571
113 258
12 82
258 467
144 1
46 559
542 157
45 370
566 93
384 462
111 360
149 26
269 593
188 218
191 117
288 173
481 98
570 241
188 531
401 443
253 358
401 437
310 367
340 499
8 473
76 18
402 495
434 214
528 488
235 575
160 520
379 551
146 340
53 466
179 255
227 320
527 593
597 306
56 138
485 407
501 115
589 238
12 232
52 520
166 512
203 324
520 83
409 309
305 161
309 168
58 255
58 421
208 40
420 324
596 148
282 188
99 124
293 189
246 475
507 286
222 413
418 261
427 110
185 17
277 523
358 110
581 34
545 441
445 113
98 348
329 154
458 282
598 267
73 264
123 244
170 469
177 304
466 567
441 77
347 545
514 90
441 287
136 591
7 374
437 248
562 104
91 161
132 185
520 235
325 546
389 196
509 49
77 78
424 112
467 208
188 205
205 271
143 110
50 352
477 19
526 346
138 268
268 306
222 350
273 170
188 438
520 61
297 164
593 375
346 338
565 283
36 143
126 265
444 82
286 226
56 308
584 469
362 164
567 366
50 333
182 554
522 265
554 207
206 219
7 418
358 303
206 341
545 102
380 394
209 390
509 525
226 212
364 97
528 176
290 541
497 456
412 440
343 393
151 599
293 494
369 582
504 111
526 406
330 299
151 270
185 258
522 469
392 243
179 592
426 307
493 411
195 324
567 130
424 97
465 326
424 572
409 249
428 9
322 394
262 589
320 252
100 411
231 64
501 329
237 384
84 116
536 470
55 146
412 587
233 39
454 310
20 155
74 384
365 276
19 321
305 583
330 249
231 233
165 439
240 74
165 49
134 559
589 92
276 453
289 55
274 43
452 364
520 114
265 554
243 269
17 91
400 389
216 153
524 591
261 183
168 338
422 431
363 429
440 278
581 77
478 25
153 395
169 515
58 180
129 216
455 463
533 419
260 453
196 181
46 364
420 42
262 271
303 38
488 90
3 231
42 166
521 590
401 106
474 19
327 4
240 145
430 203
209 555
173 45
166 366
413 561
211 534
100 302
416 69
130 557
222 366
315 586
261 288
3 320
451 41
392 193
148 244
288 430
413 343
213 429
286 137
333 496
441 594
394 559
559 106
147 515
375 207
234 131
431 546
311 18
561 465
126 242
524 43
264 210
17 342
282 589
91 25
297 389
342 233
500 162
385 83
164 258
348 57
468 377
125 319
199 252
166 571
275 182
388 307
249 369
507 583
414 564
177 231
243 5
504 451
256 482
279 588
410 373
294 334
398 583
543 125
312 485
1 118
167 536
409 462
398 354
539 87
294 428
291 336
60 426
392 589
147 447
301 0
438 192
367 375
26 280
337 481
340 337
421 571
247 527
235 178
114 527
490 302
62 17
521 35
537 557
361 402
45 143
57 176
597 418
338 575
423 197
172 391
564 502
216 169
488 393
376 495
389 238
30 132
236 234
264 200
550 303
584 363
114 120
63 165
458 200
306 587
247 505
233 216
130 176
377 557
421 474
453 422
210 172
138 424
482 220
506 280
257 482
592 454
382 581
2 510
285 110
344 469
273 237
228 204
368 503
470 113
342 236
171 598
331 599
376 200
438 294
408 98
56 0
594 14
381 54
261 574
403 583
388 128
273 548
527 109
117 189
297 545
391 299
17 142
290 440
529 355
13 364
372 56
331 420
145 205
482 502
342 297
205 215
567 505
101 284
295 109
170 130
406 460
365 45
366 59
73 486
454 13
539 523
310 213
296 439
8 587
456 134
588 110
10 451
17 511
317 543
63 397
199 545
38 121
442 397
284 8
85 340
109 114
93 594
453 48
322 384
520 580
574 224
416 36
494 286
436 19
288 361
112 512
110 85
417 253
166 559
441 1
171 355
439 359
102 346
205 85
356 200
592 452
400 64
159 307
216 134
503 415
111 531
218 50
171 564
204 353
367 75
411 515
66 133
566 415
323 457
374 360
526 19
257 242
232 260
325 39
299 447
594 565
441 446
229 355
426 567
78 437
238 213
451 574
512 365
346 478
251 101
435 99
266 554
65 519
535 377
189 104
20 474
101 561
319 535
377 309
390 105
159 369
167 73
114 289
63 276
282 160
357 415
72 354
515 315
28 454
442 554
556 478
332 589
237 531
579 98
500 474
224 98
240 351
376 45
5 218
286 406
221 567
589 148
359 342
399 438
454 286
172 322
95 522
422 50
586 500
78 444
226 170
249 88
269 541
56 401
275 46
252 146
287 498
37 100
541 441
393 128
359 103
387 597
548 545
370 333
234 64
509 537
99 63
408 112
82 271
175 551
146 436
213 388
170 207
24 499
38 570
5 255
424 400
55 171
402 24
453 128
141 293
318 319
8 429
134 191
196 283
125 429
426 97
493 234
9 418
487 60
513 289
36 532
555 278
298 310
517 263
200 263
101 231
498 597
230 131
128 349
57 482
115 147
86 410
343 197
104 552
31 451
299 45
100 519
494 343
120 279
580 28
75 287
114 191
167 468
71 396
402 552
269 132
534 92
448 511
528 572
306 404
573 221
81 397
256 116
389 57
18 322
56 389
497 270
168 363
381 247
28 326
485 279
326 359
374 470
588 450
182 575
83 14
64 509
511 346
73 158
177 334
295 425
315 567
588 166
245 574
402 112
562 594
424 116
302 553
433 105
126 538
530 175
9 384
549 378
540 114
91 36
435 190
170 155
70 417
221 574
498 154
6 486
560 355
214 228
596 382
499 470
304 136
111 473
416 236
423 64
292 169
171 330
295 189
94 557
129 577
324 524
526 407
474 462
130 104
392 192
587 286
325 526
591 244
55 374
21 296
535 28
368 429
246 22
105 528
163 370
399 292
151 158
447 466
358 587
89 131
322 377
552 594
160 289
29 392
315 320
490 592
198 444
110 240
431 316
479 361
327 375
301 436
326 40
151 385
270 237
421 141
394 257
492 77
82 550
599 449
497 416
361 350
415 182
46 235
277 200
16 547
147 65
50 560
29 413
220 446
397 470
109 421
454 414
523 318
157 324
299 591
541 393
211 314
347 387
120 335
83 471
597 360
164 242
134 496
122 149
10 564
336 440
6 122
529 546
265 205
31 306
293 309
145 173
190 400
216 598
101 18
173 289
16 248
406 127
87 223
485 311
235 554
85 541
326 119
496 309
376 58
75 493
283 550
491 136
146 490
429 170
407 477
25 213
487 540
425 234
504 304
491 17
568 209
456 314
194 182
385 79
453 373
401 565
354 359
19 375
305 535
384 559
545 201
25 26
272 34
307 46
256 255
21 371
426 354
290 196
192 436
464 418
315 592
365 43
500 564
531 25
468 306
264 79
521 488
497 393
111 414
190 314
315 66
380 180
515 73
309 171
500 360
538 332
208 336
378 176
491 582
123 1
321 114
104 168
390 500
529 349
308 495
250 151
506 471
331 547
500 381
65 166
12 494
576 502
150 588
126 131
304 512
553 119
33 57
572 26
448 134
226 229
186 170
476 405
414 182
505 442
298 297
498 152
557 590
102 117
24 423
196 72
277 504
140 476
287 283
428 501
119 406
196 370
117 575
480 588
22 77
141 79
209 562
163 239
184 197
62 324
473 307
446 229
389 229
382 149
295 74
221 226
403 41
263 466
493 528
591 367
267 347
11 227
361 63
503 90
40 125
102 361
341 124
544 465
402 407
321 557
478 428
412 581
409 351
95 300
7 585
125 33
63 400
470 539
387 6
303 157
88 185
334 316
500 299
231 363
418 313
358 507
179 68
237 152
242 338
130 381
217 68
150 262
515 342
583 554
51 163
72 10
32 322
415 129
321 331
355 598
269 297
455 37
541 445
186 188
330 377
315 264
16 212
523 451
100 139
138 462
33 123
417 418
82 581
566 549
82 570
190 462
104 308
59 457
505 354
18 539
533 203
288 431
310 11
134 569
292 568
207 295
319 257
410 424
295 112
355 148
522 389
155 263
510 406
283 3
3 35
31 445
375 30
565 579
305 33
177 435
244 533
84 292
420 191
114 15
37 93
98 403
322 157
580 582
234 263
376 516
196 70
27 110
215 241
120 285
26 576
391 162
297 30
50 183
103 214
9 466
255 521
492 104
18 597
487 146
305 569
532 492
10 103
358 526
135 330
59 444
263 330
375 525
1 147
50 274
402 458
487 40
217 406
549 75
333 273
175 571
439 470
55 534
298 30
146 513
230 407
298 208
394 59
44 270
98 110
431 320
39 150
403 505
306 470
4 463
42 3
411 547
68 117
393 25
312 415
138 352
498 470
243 374
570 155
339 359
70 415
157 127
553 561
281 85
542 278
125 302
365 569
284 229
478 493
155 594
129 83
107 507
518 66
100 225
390 284
92 542
408 285
504 509
53 484
532 501
591 561
594 308
24 586
400 408
196 430
554 495
219 265
326 131
304 114
585 512
273 146
262 240
68 527
347 578
481 357
564 381
87 200
42 207
341 488
254 177
409 241
550 173
560 89
30 109
561 499
348 224
251 231
242 171
305 387
567 291
222 172
52 457
510 57
409 229
576 123
538 461
578 267
495 429
380 504
599 524
480 188
309 556
53 129
591 546
535 462
116 521
56 50
78 47
528 61
324 422
537 67
479 165
561 36
57 349
225 463
517 323
342 152
252 183
7 82
28 207
230 335
317 302
251 220
357 592
484 309
341 210
442 492
499 493
69 426
491 505
463 526
211 3
144 164
46 219
545 237
132 184
415 58
63 492
489 77
418 103
439 168
454 33
277 84
211 312
224 441
482 408
396 504
413 383
160 309
304 499
190 3
425 589
339 118
488 364
209 132
459 311
166 585
395 594
126 144
376 282
566 228
457 566
134 317
512 130
30 31
10 154
32 23
333 340
55 205
380 469
20 399
471 335
388 533
492 146
206 313
457 573
68 303
569 68
326 500
148 340
506 474
144 353
260 109
159 81
124 522
408 16
468 429
545 408
85 317
122 561
490 31
11 407
392 486
237 135
477 74
196 438
490 479
358 166
347 592
196 356
232 582
102 365
229 579
40 69
585 340
478 301
91 193
462 70
481 233
124 465
128 197
517 15
328 304
13 263
252 203
85 12
455 209
392 295
469 340
218 557
295 286
206 19
135 574
1 363
81 523
346 597
113 63
31 237
454 281
17 24
25 116
77 384
539 76
200 50
167 126
383 308
410 592
482 349
373 269
401 496
527 18
12 19
185 49
50 185
164 577
576 278
72 341
260 537
330 389
221 407
327 40
161 267
458 308
53 255
185 15
59 300
24 307
49 467
226 479
458 78
425 94
150 5
48 206
539 346
262 273
564 248
573 76
174 439
485 499
561 227
153 213
337 247
273 551
137 29
152 16
387 573
219 186
71 460
417 233
58 122
404 274
14 271
288 234
62 542
9 346
186 360
472 378
266 26
200 265
333 286
80 68
594 505
67 221
512 561
188 402
259 501
316 261
305 382
595 183
253 209
94 326
521 54
424 371
393 294
287 223
383 523
288 157
303 167
222 571
330 164
314 276
486 256
93 599
368 206
321 250
591 380
448 453
547 311
261 537
527 420
459 531
568 119
459 354
238 91
475 395
94 55
162 463
432 213
152 473
5 431
253 543
418 64
283 135
451 154
387 242
322 59
36 372
569 237
582 83
548 47
418 360
544 104
89 512
322 48
201 160
414 119
30 560
402 198
394 525
576 421
561 462
57 146
389 245
538 359
274 148
242 423
104 113
55 280
249 38
256 88
338 146
488 240
291 428
254 411
20 397
171 151
407 8
33 453
362 553
331 220
338 576
407 453
93 438
59 360
126 400
334 133
510 259
470 0
431 182
84 556
105 406
554 152
142 332
351 205
529 596
111 528
542 224
567 249
268 491
179 254
361 394
379 564
327 315
113 227
537 208
68 399
167 366
436 305
579 35
402 123
26 467
361 219
28 391
384 126
163 101
500 588
165 237
72 434
72 433
105 295
30 53
588 463
426 57
131 438
539 35
306 107
423 301
169 35
352 118
439 497
249 129
25 451
68 405
485 206
474 17
266 480
9 490
73 52
17 122
158 103
410 456
445 340
99 574
565 512
119 454
176 419
173 228
565 239
328 3
514 468
178 291
43 260
160 382
294 50
107 137
16 559
420 443
133 519
331 407
45 541
279 502
165 449
236 241
311 50
164 171
481 100
508 382
148 476
580 89
557 287
276 476
537 111
193 365
239 2
351 213
140 66
58 497
252 542
158 170
231 154
407 433
114 206
75 179
24 460
501 497
504 364
405 444
382 403
474 249
53 157
61 554
285 274
30 285
570 572
341 240
219 246
313 374
460 256
468 101
354 226
381 297
373 69
561 212
515 81
269 551
79 461
106 266
576 311
158 8
121 277
45 245
426 9
257 503
107 294
94 251
398 242
482 236
589 351
98 295
559 174
427 310
283 349
311 319
477 230
468 74
98 536
397 597
169 178
153 144
482 356
105 505
12 96
137 154
34 312
108 219
543 35
119 394
136 455
149 170
427 406
548 38
197 16
366 256
470 428
327 358
17 92
229 253
507 422
405 572
256 66
522 337
272 259
306 554
424 364
500 431
271 440
78 572
165 579
430 561
349 175
418 577
592 104
135 111
170 208
120 132
501 454
250 256
541 150
459 109
489 307
258 452
348 285
587 336
438 15
128 497
129 68
147 481
59 241
275 84
248 276
296 139
62 468
581 198
354 390
549 93
459 39
550 425
399 240
51 198
191 452
226 593
83 529
30 166
162 588
293 344
357 147
357 294
254 511
318 95
97 439
374 124
61 556
444 531
195 147
445 215
327 585
329 183
279 280
41 529
103 428
513 303
389 214
162 368
301 584
247 215
66 319
264 275
400 182
220 488
590 66
98 175
2 219
292 178
366 448
126 588
243 78
93 428
590 171
228 76
459 140
324 379
489 83
480 215
77 356
483 14
587 429
88 477
207 97
189 81
103 219
171 326
102 336
329 184
472 443
43 380
441 202
68 62
146 479
332 545
36 319
485 60
341 106
581 120
269 42
218 333
529 14
258 233
419 308
443 48
55 86
41 117
330 482
415 541
342 369
223 185
546 109
354 580
173 118
109 477
146 419
468 398
228 114
400 218
378 523
183 540
543 579
292 172
485 129
546 190
266 315
221 581
167 338
582 351
476 60
68 262
190 380
27 9
586 84
214 473
330 552
74 583
346 452
196 7
313 115
484 96
457 405
355 471
249 539
104 66
517 438
582 324
166 405
193 555
67 226
341 524
220 152
42 495
400 533
19 504
382 494
242 377
146 84
417 132
483 137
577 115
317 77
302 243
277 463
85 103
213 436
572 37
438 244
88 332
575 94
534 79
566 300
7 71
208 422
172 293
63 144
71 382
93 296
244 475
72 299
361 283
169 562
63 286
339 395
377 413
546 307
241 282
597 334
39 222
470 325
256 365
90 599
188 418
142 114
252 318
231 107
350 400
427 536
346 444
226 105
478 437
380 407
189 526
244 418
465 372
169 509
48 593
21 301
438 374
189 464
565 318
262 216
267 501
587 11
310 282
487 296
349 167
376 486
596 120
365 53
393 131
262 554
26 378
402 35
370 323
249 52
425 471
34 453
561 4
472 296
356 54
232 346
425 328
403 546
379 285
402 415
583 45
240 217
243 41
174 384
280 350
516 20
18 521
183 209
592 131
187 263
107 425
104 480
190 295
97 413
258 550
338 345
95 115
440 340
302 411
94 403
247 116
352 35
388 281
287 208
453 135
162 93
580 12
400 327
20 328
119 393
288 74
143 337
358 577
161 92
562 406
6 241
515 359
163 55
241 122
102 132
427 335
542 529
500 387
22 274
432 144
493 480
539 391
18 84
181 354
244 242
380 328
401 199
502 294
316 249
526 395
551 321
318 205
596 209
464 394
260 517
175 16
460 576
593 377
193 201
510 549
249 13
230 148
575 371
189 501
64 552
139 112
99 551
419 596
158 364
458 136
70 598
336 371
566 37
92 433
280 574
466 139
519 214
497 466
169 350
474 297
305 533
489 507
97 412
316 510
183 7
391 153
239 494
300 494
280 240
479 275
224 217
390 213
8 110
166 435
456 1
30 570
539 181
598 13
547 71
34 203
591 196
134 546
285 528
300 332
303 317
486 351
221 597
558 293
356 192
523 266
125 450
446 92
295 519
118 323
542 210
504 43
327 367
588 79
566 515
154 229
253 562
342 402
538 223
537 599
293 406
472 261
146 424
541 53
205 401
68 185
590 550
100 536
36 346
112 325
111 569
174 483
291 11
343 289
184 519
85 88
598 418
406 265
138 255
221 497
249 49
475 480
265 502
464 75
583 271
19 254
57 519
244 50
144 373
282 555
523 480
415 519
111 524
299 586
32 157
52 584
532 266
370 237
180 146
136 490
541 120
507 256
467 86
26 422
234 416
315 92
133 141
55 373
253 329
290 175
116 479
101 252
204 446
305 431
167 125
577 303
568 540
146 93
199 434
346 177
478 238
177 166
50 123
530 356
365 245
171 14
440 130
518 233
71 394
446 250
173 444
174 416
272 133
287 61
155 482
131 187
380 238
493 242
570 81
211 340
519 486
469 144
472 206
82 265
204 276
347 69
558 571
330 264
429 298
532 144
310 592
506 57
421 249
348 13
407 461
304 327
194 127
433 443
255 546
570 395
127 577
189 428
472 460
523 175
227 475
363 229
390 589
592 330
139 310
468 198
237 257
389 445
245 35
395 131
596 494
407 324
464 157
332 340
41 123
560 145
433 499
272 391
460 139
173 280
310 129
338 108
348 347
484 374
61 143
121 491
7 361
347 450
315 140
442 546
126 565
459 235
373 338
460 25
464 282
315 151
436 438
577 248
404 592
7 555
118 280
209 321
383 48
83 93
485 456
102 31
469 467
255 520
212 283
555 499
488 492
371 100
390 569
413 363
392 512
230 582
458 369
454 192
456 107
589 460
189 105
128 429
140 565
47 387
5 264
67 216
506 481
130 30
543 501
28 594
227 370
283 284
410 589
160 357
480 78
120 44
300 203
129 76
128 92
118 340
230 527
364 558
447 358
458 215
396 169
170 278
49 302
243 552
376 510
468 328
373 213
317 382
342 36
305 197
33 344
149 331
322 176
517 506
113 288
74 144
420 582
415 201
384 458
166 55
145 299
328 403
450 357
428 433
511 33
104 313
431 372
34 566
464 212
455 302
334 490
299 172
165 374
598 45
252 486
440 521
57 383
307 193
426 560
51 405
130 348
542 229
469 594
379 169
172 113
333 390
571 450
30 525
394 501
198 385
314 460
148 163
181 516
243 351
531 213
427 567
511 560
206 128
475 467
221 109
187 216
552 17
146 34
329 196
384 312
89 0
71 243
323 43
235 137
220 416
384 3
596 126
362 276
454 512
244 107
320 568
479 97
376 431
576 540
32 420
188 299
173 588
18 341
559 202
25 567
51 143
246 47
176 103
227 169
24 162
381 301
552 592
410 183
249 464
29 238
587 407
110 435
9 38
59 359
184 541
99 150
321 339
368 232
356 219
268 74
36 54
525 504
40 183
232 84
292 574
365 108
309 18
416 424
558 260
417 46
593 306
247 145
524 570
462 60
170 185
184 274
586 369
429 333
25 248
199 392
44 99
88 575
109 278
328 486
127 339
465 525
457 70
190 399
594 545
343 513
54 505
577 407
365 328
278 593
164 14
342 292
444 125
370 259
381 152
376 168
465 386
483 149
469 193
569 453
97 465
522 508
119 456
583 430
468 284
289 27
198 155
452 484
241 331
65 260
60 581
439 79
27 419
73 502
271 480
180 257
503 437
340 354
409 7
508 215
187 333
287 454
174 140
136 320
281 385
285 590
274 218
599 463
186 281
530 325
106 267
405 361
36 426
399 489
113 38
551 255
51 99
131 432
161 598
430 383
513 578
520 367
422 408
404 393
41 448
475 280
344 337
503 326
222 531
58 40
229 63
138 429
244 1
236 183
138 472
358 281
563 314
509 489
65 332
545 444
127 171
312 573
95 329
473 69
190 553
396 432
594 578
143 303
73 20
300 150
415 300
595 409
191 567
466 324
291 226
228 221
320 14
45 594
161 95
277 54
291 159
333 361
370 113
577 441
538 471
74 174
547 556
454 164
116 451
429 324
144 574
475 259
157 80
37 52
436 441
321 298
36 75
314 149
455 436
211 280
520 165
370 412
298 544
6 427
117 392
493 303
559 128
542 565
271 334
473 222
527 236
552 89
582 545
438 147
399 459
113 49
157 475
273 474
4 197
58 504
317 60
242 364
533 366
181 359
267 361
254 299
121 458
117 595
334 461
222 496
405 420
51 75
342 533
245 122
264 186
168 444
69 586
26 445
525 111
86 285
450 90
19 550
51 27
352 425
32 595
145 261
298 81
285 196
285 260
213 375
321 378
345 427
596 540
97 380
444 576
199 233
89 339
497 2
255 561
96 280
13 384
42 437
472 467
94 335
352 516
214 22
183 496
357 271
450 162
336 571
396 214
122 419
559 562
471 195
179 107
484 155
505 502
599 346
134 425
85 275
560 529
134 234
418 484
145 304
68 476
249 401
21 305
452 335
230 419
573 337
357 176
380 524
546 479
492 404
400 322
436 36
61 523
505 142
597 486
51 409
27 65
202 144
502 392
571 227
40 169
11 515
126 341
274 85
595 305
136 235
180 148
68 455
158 416
261 16
502 245
151 165
493 529
191 46
164 222
167 578
367 40
309 366
498 458
566 185
479 391
85 521
99 469
298 432
398 192
556 318
216 324
254 76
42 213
161 416
4 557
508 233
230 271
364 380
374 188
219 17
126 325
474 325
181 518
543 90
73 466
525 344
68 322
541 109
457 548
501 492
87 517
58 100
288 95
63 456
109 227
201 98
206 260
277 194
436 440
190 117
576 151
16 304
485 548
230 187
178 593
10 155
517 221
487 82
191 163
93 239
98 186
355 546
360 51
105 225
363 371
321 54
266 577
405 511
147 206
479 111
108 272
182 68
280 214
114 428
298 137
388 518
364 20
485 83
521 236
153 524
107 448
242 560
262 405
112 453
117 166
366 311
32 256
252 491
18 545
47 275
56 208
351 9
323 451
413 365
552 528
296 10
412 155
150 560
266 494
370 267
586 393
545 124
190 274
103 290
333 63
593 42
479 117
187 76
580 409
229 393
364 290
127 253
460 84
12 443
459 464
52 540
304 515
480 532
230 270
30 452
358 240
582 225
382 466
402 277
262 561
289 156
269 576
438 161
588 591
596 231
200 122
124 18
437 139
398 41
379 524
436 150
568 521
352 151
581 142
332 357
283 239
375 526
393 324
549 344
66 117
183 176
149 99
333 405
500 258
10 265
252 462
241 93
380 544
143 578
549 269
317 570
437 241
395 505
302 285
278 238
198 484
508 532
47 384
321 183
151 5
97 516
25 599
244 35
218 9
421 63
175 402
73 65
211 538
322 430
550 529
569 230
542 538
147 474
36 121
70 317
443 212
537 1
139 154
188 476
314 242
6 91
287 503
233 419
437 51
589 0
309 390
7 15
280 449
6 210
448 445
67 24
79 108
550 337
477 444
349 481
588 529
25 133
79 21
128 58
566 39
408 559
466 10
96 182
365 433
33 518
107 579
8 399
252 410
231 249
344 98
480 246
359 395
337 187
476 223
383 16
15 525
348 340
541 431
114 340
210 556
507 502
335 125
342 372
36 278
81 89
57 119
521 228
289 8
588 438
493 442
591 29
250 595
492 178
376 265
383 333
424 438
445 410
249 0
238 581
205 323
256 252
413 261
201 116
563 486
423 598
83 158
489 487
550 116
214 404
400 329
488 45
325 458
21 313
289 166
546 543
96 122
394 465
117 577
250 29
392 383
67 318
153 525
370 182
278 293
561 476
245 480
553 513
563 535
49 308
262 158
212 255
229 93
404 46
457 246
523 236
485 326
186 417
425 331
513 281
125 500
33 269
405 406
193 245
158 527
559 158
477 290
571 178
322 22
307 315
294 429
453 486
414 572
197 468
75 400
39 435
526 451
316 444
477 324
56 84
224 391
292 260
480 499
357 208
392 307
402 596
516 408
301 502
395 340
553 107
490 415
511 308
106 108
257 402
581 66
112 312
33 406
370 195
512 395
396 320
172 444
170 272
26 486
430 29
19 18
227 392
259 554
88 215
159 394
582 155
42 474
545 508
420 220
511 490
14 436
379 344
478 308
595 440
152 93
19 211
406 78
515 231
462 578
99 349
160 532
376 480
7 525
598 11
197 472
162 330
392 387
126 583
123 490
596 389
161 211
413 401
476 99
405 297
45 441
473 550
215 587
490 520
24 345
307 158
549 405
194 361
20 571
527 537
350 176
237 100
90 455
399 333
365 420
97 161
24 74
307 518
116 203
478 127
67 174
305 156
304 228
565 87
330 136
284 589
296 464
402 68
304 192
272 319
182 510
87 571
67 396
352 213
193 345
265 425
194 582
547 485
407 578
166 356
343 567
578 35
17 61
110 514
199 56
43 342
438 155
53 550
39 162
194 497
152 388
316 396
12 456
490 529
78 446
541 338
547 231
242 452
223 555
31 576
148 537
532 328
191 224
18 189
171 310
284 168
507 136
146 82
345 366
515 10
165 497
400 46
0 178
453 104
109 63
419 90
591 148
579 382
70 489
537 32
195 379
366 185
442 190
490 539
557 410
541 458
435 463
143 10
98 422
546 549
256 302
188 116
127 472
442 253
52 238
368 490
516 353
409 557
591 130
115 162
460 213
383 240
549 317
564 237
305 36
414 209
514 405
45 306
560 182
290 65
412 32
248 375
556 428
556 56
93 231
324 261
193 589
297 359
297 579
550 372
499 176
145 360
590 79
138 521
130 110
105 515
462 380
578 263
89 51
259 143
87 217
598 307
437 1
484 258
528 378
394 427
546 29
431 106
255 206
411 559
319 467
400 200
159 255
247 225
3 560
163 559
307 279
482 590
340 140
326 583
356 562
462 38
306 132
287 427
403 590
474 434
459 378
362 423
317 148
219 333
465 547
564 57
348 469
15 318
583 387
420 47
529 221
419 536
1 53
46 578
136 516
179 39
151 528
94 67
343 234
43 582
219 344
541 321
142 29
420 500
377 369
461 122
478 527
474 171
144 470
263 473
300 151
66 446
525 487
24 117
89 228
221 270
216 54
447 368
438 316
55 125
236 477
55 74
464 251
323 10
97 38
533 481
207 161
63 141
176 559
309 4
542 198
412 422
264 530
544 269
342 261
330 385
591 250
322 244
444 550
266 516
123 368
444 84
301 437
430 581
170 0
472 442
279 560
78 208
168 575
333 579
272 162
73 273
257 599
588 408
513 560
369 466
490 141
96 300
158 136
176 296
271 116
207 551
293 557
513 396
145 308
114 502
321 189
299 33
8 163
374 29
167 218
588 271
524 448
525 198
488 350
572 387
227 251
265 132
500 216
128 85
564 443
484 29
564 201
468 288
556 184
451 334
409 487
43 351
448 274
73 186
360 573
309 15
258 213
333 12
584 420
41 50
439 463
238 233
389 243
407 511
358 58
97 550
101 420
457 306
115 289
105 116
509 490
347 239
478 557
178 428
289 117
291 595
441 41
474 493
462 250
503 139
463 285
369 398
430 533
77 153
447 425
324 449
169 497
231 266
396 32
121 387
360 203
255 422
27 481
93 484
26 526
53 104
150 147
580 289
71 125
300 282
582 156
569 544
591 81
290 89
230 62
250 30
517 315
517 382
362 266
21 72
285 345
489 29
387 38
215 555
348 524
76 348
73 179
164 533
341 239
193 295
343 187
146 288
427 139
232 285
234 308
257 105
403 100
44 405
515 567
473 15
388 324
316 324
532 339
388 497
332 174
379 345
371 346
371 114
243 170
61 111
497 294
108 83
292 506
354 86
567 74
426 502
82 442
485 515
577 35
222 161
557 576
321 90
6 341
62 480
419 60
222 145
80 571
124 515
251 327
425 73
418 290
6 375
221 532
110 53
455 200
256 341
136 10
270 52
364 310
441 295
270 446
562 365
159 380
60 357
556 575
83 37
206 434
164 254
578 158
309 209
392 228
314 336
227 458
586 43
176 232
203 236
402 351
243 118
493 4
482 428
258 68
37 329
548 530
114 513
514 225
218 576
151 485
394 476
473 536
6 15
187 566
423 378
362 518
381 213
467 199
310 269
348 133
172 207
280 204
415 559
68 274
429 412
466 155
488 117
25 105
401 240
440 351
319 170
264 29
66 557
390 510
319 566
178 434
278 71
559 529
16 462
80 17
386 72
72 432
490 255
436 501
72 136
368 198
584 256
90 142
83 407
222 226
441 333
337 45
330 234
234 577
256 225
573 572
168 396
102 379
278 78
94 354
381 280
587 10
476 267
483 370
19 76
334 539
75 153
253 192
290 105
87 67
67 111
270 340
502 141
394 307
538 504
281 75
263 460
530 112
554 286
470 14
191 377
224 474
568 557
463 234
108 37
293 577
427 120
485 564
75 54
219 42
244 20
309 12
67 400
67 374
367 559
255 66
454 527
303 408
474 446
377 206
269 378
12 173
583 562
341 13
133 291
235 61
356 83
42 490
400 224
50 329
391 498
489 372
464 30
244 169
365 25
414 52
264 95
381 535
121 288
162 393
176 23
116 333
107 154
536 327
537 218
205 291
214 327
513 308
13 455
41 537
444 115
485 306
546 567
46 30
127 198
413 539
359 500
515 465
93 7
299 245
9 304
182 265
164 73
103 175
31 340
155 548
471 460
258 159
473 112
593 153
507 47
28 390
69 447
455 272
203 146
159 192
96 27
408 246
120 547
254 72
222 1
394 587
499 261
212 24
443 553
248 544
486 220
532 267
77 586
224 550
348 69
77 535
572 277
479 197
196 405
129 568
329 551
283 238
78 529
523 328
466 346
310 585
303 472
397 424
566 427
292 216
398 503
278 565
382 208
537 596
3 548
534 243
93 552
250 230
117 170
474 188
427 67
469 261
401 414
148 283
561 41
588 78
202 406
527 380
509 59
162 394
276 387
483 374
504 38
7 114
322 15
561 519
481 517
186 125
220 467
174 289
126 587
