200 1400
17 41
45 126
75 63
24 128
140 95
15 53
76 72
15 151
60 161
107 50
14 12
118 101
175 16
131 100
138 21
78 85
121 69
79 0
86 186
77 71
89 80
34 83
23 19
63 42
152 164
179 189
131 103
29 171
89 77
18 133
50 97
19 183
10 55
182 180
134 143
197 21
196 111
13 158
50 130
46 121
36 25
83 74
141 165
84 24
185 65
155 94
85 152
98 93
125 120
177 63
197 9
73 76
56 124
197 0
68 57
11 4
34 129
27 113
102 122
152 176
149 88
56 70
34 186
54 101
192 1
195 114
73 106
198 12
157 119
179 112
20 105
45 8
140 165
106 198
145 45
69 77
147 35
24 168
60 29
175 96
64 171
78 66
198 161
172 99
31 58
141 187
122 78
183 86
42 107
153 78
178 70
138 64
196 112
183 13
22 194
133 125
84 19
95 49
139 140
119 173
128 53
44 13
124 34
162 183
181 102
111 88
172 170
41 167
63 138
39 189
149 135
172 122
36 104
199 166
164 165
91 188
127 107
115 178
28 142
71 64
142 25
96 132
94 191
171 114
74 93
115 103
141 119
190 125
164 137
150 171
77 60
151 174
13 165
136 125
153 141
154 26
186 184
64 121
19 172
143 111
115 183
57 163
136 191
171 177
103 83
122 67
1 12
191 4
12 168
199 0
107 93
91 96
53 172
108 159
176 178
9 199
22 161
23 120
34 146
40 75
132 127
185 16
40 132
85 158
69 191
62 36
181 72
178 185
33 194
17 163
85 129
191 146
116 94
28 195
110 116
190 38
132 35
50 55
77 12
43 63
164 135
52 101
144 14
158 164
21 139
101 31
47 1
109 145
59 77
153 155
199 172
9 134
154 65
99 89
161 85
150 74
156 125
146 82
143 9
7 54
126 59
139 118
106 148
73 97
127 69
33 84
133 41
115 174
164 193
55 3
53 100
6 1
38 167
161 10
148 16
173 187
175 162
42 74
162 154
73 195
22 158
158 159
183 164
123 161
172 138
59 122
52 170
39 172
44 113
149 37
39 35
102 89
163 124
85 53
165 123
141 27
74 31
109 86
73 197
81 155
84 81
122 163
181 41
2 53
137 81
178 84
44 192
185 91
53 45
58 12
149 10
21 61
34 43
164 18
102 192
15 0
187 86
106 154
135 13
180 173
64 51
128 165
77 47
167 181
132 185
153 81
48 54
178 129
185 85
102 81
149 40
56 43
185 110
46 70
72 142
81 60
154 184
102 169
191 61
176 52
66 6
195 29
167 174
41 15
89 174
63 194
124 88
110 153
54 37
108 150
29 93
112 7
69 82
122 157
45 12
81 109
180 56
20 75
60 136
73 61
176 72
156 67
13 152
134 63
42 115
178 148
4 107
123 30
44 11
198 134
129 70
40 157
34 153
39 140
166 26
53 185
21 140
179 197
106 46
5 161
169 0
138 39
155 51
57 79
154 8
162 138
85 159
10 95
85 170
10 100
62 199
130 34
170 185
124 190
71 142
197 193
16 152
114 44
138 3
104 134
152 196
47 22
141 90
13 81
38 185
88 178
182 8
111 126
20 156
15 146
162 50
118 109
0 65
183 82
82 121
71 80
121 42
120 32
132 99
76 10
113 149
82 87
19 45
174 25
67 171
149 34
40 27
116 98
170 161
139 94
57 153
63 20
68 127
23 87
137 98
182 67
158 79
101 119
31 158
109 87
44 66
15 129
138 93
119 184
12 27
147 51
152 171
199 114
73 162
85 84
171 61
59 50
64 164
102 72
43 10
123 55
177 175
67 35
15 30
145 148
106 124
99 156
21 179
127 183
59 9
118 92
105 182
178 73
125 193
15 110
47 156
48 173
160 46
108 4
168 41
135 55
61 79
73 53
94 40
21 74
126 70
174 178
186 150
180 62
91 129
105 80
167 63
32 17
32 22
72 59
42 165
46 61
124 76
120 174
148 19
17 172
196 62
124 4
73 71
154 94
136 56
139 63
154 190
163 141
148 131
5 182
162 66
105 55
25 149
104 119
28 171
33 47
165 108
98 109
94 14
49 26
116 134
70 47
137 184
188 81
79 193
77 109
103 70
111 80
130 0
6 16
138 35
153 54
189 23
169 99
90 101
90 185
50 86
199 192
133 173
86 102
58 151
192 166
47 62
166 149
50 120
177 100
197 117
40 35
139 54
93 55
118 174
182 10
125 26
35 74
37 82
119 193
157 180
163 5
165 71
132 80
68 154
106 171
90 116
174 165
0 159
75 60
61 129
192 53
33 167
188 190
156 39
87 124
0 133
174 150
157 169
13 0
32 77
110 112
123 162
170 111
140 161
153 94
80 7
5 109
18 191
159 9
180 4
29 136
103 64
68 28
145 68
161 112
140 0
197 33
67 176
58 188
109 96
149 173
129 23
130 4
158 68
52 69
85 59
163 145
44 155
107 5
139 119
148 169
56 198
71 141
199 59
190 18
56 85
27 63
156 163
62 186
134 158
7 189
139 116
169 93
23 55
7 162
156 137
188 109
48 99
27 19
172 187
140 122
33 98
132 61
168 27
117 95
155 58
173 171
0 24
59 170
23 14
57 73
143 199
60 199
51 137
197 76
65 50
156 49
154 90
74 167
42 0
172 126
62 19
196 12
158 128
63 41
56 145
22 94
124 6
143 127
195 68
55 144
33 182
16 14
69 8
105 46
12 44
149 176
132 122
185 198
77 148
74 165
51 73
155 112
22 55
199 130
155 169
50 142
126 160
17 10
74 126
119 57
55 166
6 13
133 177
27 177
72 147
190 32
82 6
122 164
159 195
109 120
174 175
142 13
115 169
128 100
173 138
143 131
189 102
3 9
127 35
37 139
171 191
52 27
76 104
185 7
104 114
71 23
66 150
180 194
38 120
19 26
112 21
105 56
198 99
103 24
137 59
119 20
180 189
186 198
14 124
37 27
144 37
144 172
28 103
30 65
149 95
111 191
197 12
148 92
119 179
162 152
19 110
52 166
89 97
31 155
8 78
93 102
0 154
143 183
26 176
41 35
146 106
123 49
94 172
163 37
178 116
53 111
164 151
113 163
61 182
149 30
82 145
13 27
126 66
190 144
107 174
126 132
49 136
177 74
93 90
37 98
145 152
142 146
150 160
166 181
63 171
159 116
120 55
108 115
52 118
13 186
37 151
152 31
26 89
128 57
111 123
111 187
47 167
24 39
81 111
27 165
88 184
199 168
44 154
194 51
31 75
113 57
109 150
36 61
166 123
150 18
155 46
71 53
144 12
111 125
97 52
119 53
112 46
182 20
38 182
85 79
161 56
190 73
16 68
149 112
161 50
81 73
168 60
33 18
170 194
172 120
159 198
4 90
139 99
126 75
99 13
91 9
168 136
92 85
63 191
108 146
100 126
95 89
159 123
159 78
199 190
161 83
33 159
157 102
52 9
122 104
122 37
43 124
118 60
158 34
80 85
88 182
44 74
82 165
115 34
130 106
185 74
58 180
175 142
116 104
20 2
61 77
58 156
29 17
128 23
35 31
188 173
42 70
87 152
89 153
188 78
190 115
37 143
13 191
28 13
176 64
68 93
159 74
88 107
174 186
9 189
163 101
66 35
6 106
145 60
104 113
5 23
128 137
103 1
148 133
176 27
11 15
45 120
155 145
50 114
143 130
17 149
158 102
20 115
104 158
198 33
7 113
88 23
95 173
15 32
145 12
144 154
198 145
146 192
31 104
196 76
121 53
185 129
121 47
106 48
94 117
129 47
28 168
20 80
19 109
45 164
4 149
67 142
96 19
38 10
105 167
2 98
46 141
75 39
101 179
177 54
106 114
33 37
90 138
79 107
41 83
13 71
124 86
41 59
168 180
74 24
73 117
25 98
171 30
152 63
123 103
42 69
154 192
185 160
73 191
169 84
77 20
142 168
58 143
13 187
141 81
146 103
119 154
94 156
17 119
96 85
48 164
135 156
138 77
51 12
76 19
188 128
196 191
10 21
123 63
156 42
32 122
19 178
183 117
8 49
13 194
150 120
124 173
94 24
168 71
41 52
181 148
59 147
183 107
191 135
86 67
91 150
21 54
167 16
80 121
151 69
85 34
140 60
70 153
18 70
134 163
161 49
94 3
12 161
52 67
48 104
140 142
6 23
159 75
174 125
88 99
91 158
87 16
143 182
183 157
173 106
63 85
50 28
179 58
146 68
56 61
136 63
123 145
195 131
57 9
32 97
110 33
52 123
8 18
148 199
63 131
51 129
45 192
36 83
22 90
116 195
23 47
6 10
144 30
195 92
19 194
136 116
165 7
22 78
167 107
187 195
63 23
108 145
100 70
174 135
104 5
143 45
169 168
138 105
33 86
197 26
100 29
115 92
116 62
170 105
25 147
41 157
103 58
143 11
66 55
115 94
9 101
165 148
67 158
152 43
12 31
155 100
165 126
72 25
199 84
80 69
97 29
89 119
36 135
59 46
186 56
102 197
162 31
72 177
129 19
76 101
76 103
170 106
136 35
103 73
168 115
173 151
57 14
128 61
173 10
125 6
52 28
27 1
157 154
52 12
162 133
70 179
87 71
25 14
97 189
89 10
12 112
165 163
78 161
159 34
16 15
130 67
128 49
23 111
99 96
175 87
60 22
115 184
41 180
129 158
149 119
78 174
99 148
36 128
44 75
5 13
147 93
177 169
101 149
1 2
11 59
41 185
133 50
157 153
79 93
35 72
185 180
172 109
45 11
123 74
174 72
135 69
186 153
159 181
47 87
29 61
77 162
48 47
134 16
95 7
170 29
192 138
95 123
86 156
70 65
158 107
86 199
9 154
198 108
26 69
139 180
58 29
13 118
83 143
85 184
32 92
133 86
28 193
29 47
158 169
113 181
19 25
178 58
166 18
177 98
68 136
181 48
109 73
151 59
13 62
43 109
102 42
156 189
66 184
108 58
101 106
51 31
2 153
6 48
109 113
79 113
11 115
167 34
70 2
146 183
102 180
162 18
169 23
146 14
83 50
149 60
35 163
157 165
40 4
140 46
198 172
69 120
102 118
188 80
181 8
148 100
25 31
146 88
152 123
105 26
179 102
5 19
184 0
190 17
91 192
131 177
193 29
61 199
108 197
192 18
85 144
15 144
38 124
49 46
149 11
131 98
115 35
17 130
195 38
136 149
49 22
71 100
125 35
116 125
109 158
117 146
197 180
0 188
14 113
40 96
124 102
134 60
0 52
58 167
68 133
118 142
60 62
107 191
87 39
150 118
64 58
37 38
108 52
152 71
26 2
117 180
33 175
2 177
154 87
168 197
95 142
108 166
142 48
9 51
110 113
164 113
172 181
183 88
95 166
112 182
9 90
165 192
91 63
131 138
22 52
60 172
169 101
21 19
100 58
176 146
53 176
37 169
96 182
7 134
70 113
113 51
116 150
3 118
109 112
3 20
170 126
186 14
85 181
90 124
160 144
63 62
22 179
31 48
191 126
182 140
48 105
120 148
172 83
148 75
178 163
83 145
70 62
133 1
163 2
98 153
167 60
110 37
61 5
53 26
141 91
52 49
119 37
11 29
12 61
44 73
183 10
155 120
56 141
50 6
159 14
93 31
135 199
43 36
108 120
132 116
93 159
7 176
77 6
80 130
170 27
80 13
186 151
24 144
33 147
148 65
135 47
113 5
145 160
193 36
165 132
129 170
145 195
134 106
94 17
198 127
9 124
8 77
155 118
11 129
156 24
33 55
146 197
96 14
98 46
193 126
121 26
117 69
130 31
37 42
95 98
28 39
19 112
40 122
16 188
196 164
89 160
7 28
156 79
152 179
143 177
28 137
42 124
151 29
26 10
89 170
8 21
81 129
106 125
146 130
76 75
153 134
187 40
184 197
39 137
64 162
49 78
113 101
56 158
41 34
49 93
0 170
153 52
115 126
166 88
172 118
148 83
2 110
149 106
69 95
118 65
173 125
99 170
131 149
198 92
124 18
48 169
105 15
169 197
138 65
40 151
17 20
17 128
97 186
51 42
95 57
103 198
106 34
147 65
20 125
147 18
57 125
131 147
148 58
72 120
138 78
168 110
92 102
196 80
37 57
116 176
106 169
144 8
180 33
155 26
56 117
67 103
30 82
14 128
147 89
179 44
50 174
163 25
78 142
39 97
68 66
197 104
156 170
47 63
5 145
85 131
187 15
75 11
113 93
96 136
164 198
95 79
26 129
119 174
120 176
67 180
34 162
139 151
155 150
134 32
183 122
99 135
115 70
59 49
21 58
102 165
9 116
127 11
133 20
111 65
1 194
90 7
12 111
