200 2800
171 154
9 166
158 79
82 73
161 60
174 161
187 82
183 135
53 25
62 146
20 129
174 0
145 33
11 89
180 79
122 30
3 144
186 184
165 140
6 185
35 130
21 153
175 162
4 44
27 29
69 63
41 131
64 56
113 147
159 35
105 96
144 137
4 99
15 53
3 152
183 64
183 134
91 99
45 182
154 146
31 32
122 151
23 133
125 36
177 38
136 143
184 13
128 120
145 157
104 15
128 139
190 192
65 45
131 170
44 56
68 27
6 25
8 150
77 116
56 1
192 107
55 185
28 182
178 170
74 145
31 72
23 113
116 163
149 138
112 131
113 61
179 61
4 10
16 62
38 50
66 184
190 150
169 185
99 12
72 13
120 92
122 168
177 15
35 139
84 182
199 66
192 179
169 28
165 92
47 102
54 139
87 153
116 182
53 111
166 181
199 97
195 101
150 143
155 188
141 174
42 193
196 63
101 90
12 190
124 55
17 180
178 127
196 118
116 3
171 25
70 33
114 92
124 111
152 98
183 57
8 169
49 198
197 82
104 45
198 188
46 177
117 68
53 135
20 16
131 163
161 12
31 53
88 64
95 66
78 98
25 198
122 48
194 168
92 76
7 55
92 113
146 95
88 28
102 146
144 90
183 65
62 78
14 170
55 147
48 121
138 83
68 133
27 85
160 114
84 183
149 100
71 65
42 51
175 116
176 138
193 142
66 172
195 91
184 63
140 91
189 154
77 199
58 105
141 48
134 125
73 17
75 133
91 84
69 167
86 141
76 168
21 150
58 139
108 75
121 86
162 51
77 131
6 188
119 172
10 91
109 153
91 136
157 66
6 77
146 180
64 24
57 9
23 82
96 170
8 162
128 178
17 95
111 83
139 180
118 0
38 191
175 133
173 151
110 37
143 131
54 19
96 78
155 97
55 138
58 144
43 167
195 155
25 27
33 21
158 144
124 22
176 178
149 54
195 27
1 107
32 29
123 67
115 11
197 104
180 72
157 88
190 132
126 14
99 103
122 72
23 12
164 82
7 175
24 129
74 14
101 121
180 126
120 9
28 152
54 161
4 199
199 129
8 67
170 70
189 38
178 142
89 126
133 165
97 186
196 158
56 166
18 134
88 22
76 25
189 195
33 171
73 157
185 60
183 45
107 134
77 123
19 35
77 189
102 166
88 69
5 161
67 165
167 88
178 59
103 153
116 31
49 159
12 85
180 43
198 101
10 133
134 174
89 117
7 9
181 86
197 83
79 64
54 53
156 155
115 188
39 49
62 179
17 69
6 144
112 22
128 161
127 29
22 75
144 173
77 25
58 181
66 34
177 118
55 66
74 182
105 157
109 59
158 179
36 63
34 117
48 78
14 77
63 81
98 140
111 51
110 27
115 93
44 94
158 30
9 163
183 26
176 191
63 188
27 35
103 1
180 49
96 34
130 174
15 125
57 75
2 188
82 4
173 44
38 74
135 27
170 107
38 117
50 148
24 124
91 125
63 6
177 127
22 43
149 72
49 92
19 73
148 122
184 151
158 123
34 87
78 54
51 53
161 10
91 54
80 65
72 130
137 86
50 190
155 162
142 29
148 105
193 158
13 44
151 197
26 37
182 42
7 19
125 117
61 84
114 23
156 48
120 49
159 33
28 56
53 179
123 60
124 189
113 30
117 124
143 41
167 86
33 85
83 91
136 193
112 128
161 127
88 36
26 57
4 161
135 188
138 52
53 14
105 42
132 27
15 2
174 153
6 36
6 57
111 3
178 34
145 122
17 152
159 125
37 39
60 127
112 65
136 86
154 93
85 148
33 115
149 132
198 197
17 136
94 67
90 66
171 26
112 60
116 153
19 6
151 172
185 19
145 53
42 22
190 69
103 125
96 52
159 181
150 172
17 37
37 6
3 19
113 76
43 100
181 87
45 167
124 149
149 162
93 116
24 137
32 78
34 131
177 168
32 43
65 52
58 31
13 37
72 165
12 142
54 46
58 192
158 195
79 30
142 75
16 102
195 63
59 123
55 126
125 56
67 178
32 98
48 98
6 69
3 192
73 35
195 92
197 111
135 189
157 5
3 121
18 101
49 76
59 154
174 6
63 24
196 24
54 17
148 160
44 25
0 129
8 93
123 107
57 43
168 120
186 65
71 106
30 115
103 101
145 22
16 122
14 186
167 7
116 132
147 171
132 89
187 24
144 51
146 184
115 156
46 5
33 18
9 47
119 127
164 85
116 87
63 182
132 46
119 155
138 82
42 106
116 100
38 161
44 81
111 172
104 150
168 22
163 120
185 175
158 0
185 147
20 34
80 186
196 124
156 119
198 144
52 134
132 91
186 140
141 75
186 166
137 71
48 108
41 13
170 132
68 76
187 97
93 188
22 21
95 70
79 7
132 199
189 63
168 23
189 9
170 160
65 165
167 168
133 49
16 164
175 20
134 163
86 171
42 13
170 44
157 147
198 146
102 90
81 12
112 27
3 140
187 47
37 169
166 199
28 165
136 116
29 198
113 154
149 38
124 133
12 15
118 39
154 188
146 129
69 139
3 189
108 152
155 137
120 188
20 107
112 115
174 115
49 44
149 55
9 4
114 58
133 95
180 167
132 103
58 83
160 119
70 172
159 50
138 81
151 74
106 153
59 137
20 188
3 175
172 77
132 6
73 138
168 6
148 10
197 98
198 93
75 115
1 32
8 143
21 162
178 177
39 20
83 59
115 55
117 138
137 190
68 111
103 89
80 94
49 84
153 126
52 57
13 15
49 111
8 70
103 135
102 56
11 137
80 4
74 37
72 142
104 163
148 81
102 148
131 97
38 70
25 149
199 117
184 133
117 167
185 101
116 96
120 59
89 104
71 124
181 13
84 6
35 167
45 198
63 153
124 192
6 97
140 185
75 191
82 57
154 111
88 118
113 180
147 51
156 20
53 17
117 112
49 96
110 44
158 42
177 106
129 35
169 49
15 43
59 96
40 85
94 151
46 116
41 57
29 69
154 28
63 109
126 68
66 131
144 21
129 186
133 131
101 71
173 39
180 166
25 105
15 176
140 164
158 115
151 160
5 183
104 182
81 91
24 128
46 57
155 168
104 149
191 81
77 48
182 152
119 169
190 22
128 121
158 175
132 64
164 190
9 180
91 122
198 10
163 113
119 53
118 129
41 125
44 14
72 118
10 59
97 173
179 83
15 103
166 71
81 196
134 55
159 26
64 112
169 168
104 124
82 169
75 26
153 188
137 186
52 183
177 35
137 83
142 155
15 198
34 121
36 34
132 196
74 26
161 142
112 165
164 120
88 129
56 150
44 17
167 87
112 58
138 178
79 133
65 34
7 93
196 12
55 178
51 58
86 63
89 182
186 75
192 49
134 9
167 98
172 108
155 108
100 46
63 136
110 112
122 8
93 133
62 165
148 88
44 176
142 37
140 57
4 178
16 34
31 110
25 39
47 8
160 136
10 96
187 78
60 115
158 60
19 170
142 185
16 42
10 53
157 9
42 33
152 8
126 34
168 58
198 160
10 191
25 18
108 30
18 184
191 156
174 61
44 105
145 50
13 152
44 177
84 92
16 155
77 114
176 55
0 184
121 28
179 109
66 100
125 106
141 107
24 121
167 73
121 187
36 140
66 194
145 135
34 185
3 58
8 168
113 148
131 115
12 131
46 187
87 91
196 42
125 119
33 17
37 184
57 68
179 35
159 58
149 164
152 14
111 161
11 65
141 147
42 174
196 78
178 126
156 132
24 98
14 12
188 165
163 125
161 62
181 150
77 161
56 139
169 68
7 87
132 111
11 151
120 179
167 104
181 5
183 178
177 74
172 2
182 167
26 112
59 148
0 58
101 11
152 65
46 104
123 103
16 37
63 87
158 92
126 121
3 182
105 99
54 98
195 144
94 0
161 190
140 138
59 114
107 189
72 4
69 183
23 43
184 17
78 40
16 177
195 96
141 123
37 107
142 57
0 166
17 141
120 80
18 109
37 53
124 70
14 101
106 26
97 54
7 145
26 146
176 47
184 59
150 191
158 86
194 72
169 166
5 174
73 68
178 52
26 0
48 177
17 8
115 84
198 199
156 78
129 25
43 0
105 138
116 27
112 84
198 24
172 54
67 112
123 90
170 106
125 173
20 180
63 96
109 166
112 50
9 42
105 15
149 93
182 186
51 83
67 93
152 112
37 193
63 43
23 98
53 41
130 152
157 168
56 185
100 96
184 187
90 23
71 75
97 55
182 134
176 16
173 164
140 69
188 40
21 96
22 109
172 62
50 47
184 115
30 153
164 148
60 88
112 30
170 151
56 27
141 152
167 192
42 74
62 22
45 163
107 139
29 107
37 45
120 40
36 146
175 124
112 179
39 148
68 156
106 5
162 152
146 70
121 163
157 178
54 126
139 186
196 159
54 145
159 101
171 125
175 0
79 36
117 21
31 50
63 192
82 102
77 186
73 27
103 11
126 31
38 137
168 143
153 81
184 152
51 174
146 122
112 121
33 168
137 91
178 40
138 188
159 43
71 180
177 105
4 146
135 97
74 134
175 11
185 66
196 51
141 23
129 167
179 9
154 69
16 170
113 40
122 134
152 41
102 87
136 8
129 76
6 183
68 175
182 191
69 55
85 179
121 119
153 162
28 51
144 199
23 89
87 40
46 79
178 147
81 33
36 106
20 194
49 38
40 150
124 26
30 163
68 187
67 17
18 169
76 34
175 22
65 29
158 107
137 192
39 50
88 120
182 53
30 119
139 14
108 61
189 70
161 74
196 111
41 42
8 134
88 189
84 64
188 16
108 137
152 135
169 21
127 30
13 163
50 110
82 195
81 121
86 179
105 173
61 13
162 170
97 14
75 67
105 120
42 134
135 165
28 54
178 86
146 93
87 3
189 5
37 154
142 31
141 176
194 129
143 118
101 116
106 128
1 17
181 176
30 142
181 37
194 70
96 75
122 86
119 88
95 57
161 135
167 92
173 161
61 170
11 128
140 118
76 159
38 31
83 60
110 70
2 106
169 15
125 110
60 145
44 190
184 77
104 82
49 74
93 147
145 153
126 112
149 106
113 22
30 114
54 31
149 157
125 89
138 86
128 73
131 6
52 72
131 141
183 139
175 188
59 92
19 110
80 195
82 191
66 28
94 99
67 30
84 15
149 5
186 183
155 25
6 12
151 88
166 170
57 143
62 101
109 130
136 77
71 89
140 27
182 184
198 23
125 74
191 56
188 68
71 16
179 29
78 100
111 95
110 33
106 56
41 118
165 90
137 102
157 33
112 34
145 4
103 83
87 178
142 38
29 187
24 161
6 193
50 15
149 46
124 91
197 129
14 13
125 38
169 100
84 16
141 181
40 13
115 165
99 7
147 3
173 83
104 95
124 153
166 193
89 146
91 197
124 88
185 136
82 135
0 2
113 75
6 127
145 86
53 186
46 27
126 158
56 9
141 24
196 148
18 71
37 40
101 67
140 26
182 30
53 176
77 157
145 147
48 74
130 163
26 61
14 91
167 36
140 129
179 41
118 71
184 50
20 159
1 36
36 132
164 127
25 82
113 117
73 131
99 40
179 151
174 189
26 5
137 26
119 84
11 156
91 29
139 154
33 161
120 99
39 190
84 72
50 167
188 94
91 31
176 158
101 165
88 6
114 3
35 29
114 76
174 109
47 20
54 57
25 185
181 26
165 108
45 64
138 158
171 136
186 36
18 8
79 75
11 68
172 43
190 157
57 13
199 59
107 12
34 104
118 134
64 120
29 47
78 52
179 45
149 10
76 161
27 90
185 78
22 160
12 129
156 164
34 69
125 196
99 96
174 198
113 172
174 124
59 161
160 189
100 148
1 57
80 173
58 84
150 161
80 102
125 33
129 168
159 198
49 121
124 147
16 140
96 125
103 162
172 152
34 98
199 179
53 108
23 74
2 163
194 133
4 98
32 68
154 199
79 117
94 11
131 103
132 17
9 77
144 196
129 133
73 101
98 107
86 120
180 60
92 155
56 3
168 46
171 116
62 70
30 38
124 16
146 156
56 179
144 85
41 111
124 39
36 52
135 71
25 59
94 116
4 164
7 131
95 42
49 7
129 73
167 24
25 179
164 7
193 2
155 6
193 140
146 114
100 73
6 182
136 84
14 21
124 182
76 195
43 86
128 140
187 101
172 133
190 171
145 35
71 23
57 5
18 31
170 27
53 148
186 47
85 159
146 63
160 4
36 2
136 106
13 100
145 12
133 38
21 58
180 36
82 143
194 112
199 52
67 118
144 174
155 22
98 105
87 137
16 115
91 64
56 63
172 92
83 191
183 37
44 47
14 141
154 3
108 191
148 197
119 75
77 4
173 89
71 52
165 126
174 98
33 140
33 95
111 33
43 37
139 77
16 145
155 7
199 8
66 93
2 162
152 102
195 39
161 196
24 120
20 81
118 53
180 82
38 4
104 58
32 135
158 129
175 30
149 111
8 104
50 156
124 77
156 27
45 6
108 62
94 133
176 139
119 157
29 50
64 20
123 73
58 32
88 152
9 150
142 43
137 185
193 58
127 193
133 54
42 167
88 47
75 132
199 134
128 150
94 73
29 88
48 105
63 79
124 157
89 109
48 69
88 171
34 175
88 185
42 109
64 77
41 164
136 31
121 2
155 186
143 12
91 100
100 79
169 69
158 96
81 85
2 22
163 133
36 122
123 181
103 56
181 163
137 107
162 12
195 151
3 196
121 108
43 31
139 12
95 153
60 197
68 18
52 167
144 49
95 67
106 199
112 44
6 62
34 58
30 132
37 198
153 198
178 103
31 34
169 51
5 114
108 177
84 140
93 166
95 82
159 130
177 55
36 147
160 43
117 169
31 132
65 119
69 181
76 62
39 108
157 12
177 33
50 152
129 175
94 180
135 140
73 156
164 8
104 191
79 155
53 28
27 41
139 181
94 115
26 3
141 51
104 115
2 43
89 49
31 89
198 40
98 21
49 100
133 61
25 161
89 142
104 119
30 44
10 12
45 170
157 131
51 112
169 25
12 103
69 96
28 170
175 42
161 73
63 198
3 141
39 166
199 119
191 159
171 143
10 100
36 17
129 58
71 105
41 120
113 124
143 197
53 2
40 74
175 136
28 57
78 93
176 157
23 51
51 189
74 126
64 189
104 169
21 70
151 158
184 79
182 38
134 147
64 147
92 13
46 84
109 129
10 69
78 71
121 147
176 7
187 86
88 93
167 85
186 49
39 44
99 57
139 17
121 45
136 198
102 178
154 134
74 35
136 66
174 67
182 51
61 22
122 85
190 32
21 30
193 79
128 80
111 1
93 15
120 34
16 98
85 149
98 14
196 102
45 96
69 106
176 91
129 164
107 175
145 134
163 111
82 141
180 19
55 109
75 111
105 47
97 129
8 145
87 127
48 93
122 43
144 17
163 188
90 170
74 71
38 122
47 137
79 168
198 102
177 126
196 157
170 146
93 3
174 72
79 20
97 159
5 108
161 131
127 170
149 184
96 72
9 97
52 90
162 25
115 193
62 111
178 58
145 99
11 106
6 31
131 37
140 63
98 35
168 105
143 78
47 52
115 119
83 155
144 47
98 56
163 88
2 116
91 135
135 181
11 184
198 4
199 122
2 63
124 131
193 199
7 5
98 1
3 105
186 46
65 198
15 45
172 171
77 69
190 112
37 141
26 73
64 153
40 89
149 122
55 50
77 138
80 21
111 34
66 37
188 104
188 14
80 109
153 96
122 76
167 135
163 21
143 35
24 2
138 69
196 67
185 9
0 173
40 65
125 22
37 145
56 17
139 4
155 133
140 70
15 59
8 120
152 114
11 98
73 45
170 93
115 114
113 73
20 76
0 190
162 39
40 30
8 103
116 57
67 21
84 47
168 196
113 16
78 75
110 161
120 137
16 101
114 9
90 8
21 35
130 158
1 73
146 55
42 116
96 175
6 86
82 161
172 120
178 99
159 81
76 131
103 63
76 47
182 101
160 152
75 178
151 113
174 93
113 93
116 166
31 141
144 29
184 62
111 15
77 129
26 14
185 21
122 141
5 77
185 180
154 141
42 154
154 35
122 180
70 144
155 158
125 185
103 41
102 76
45 54
187 31
2 161
132 198
65 49
182 142
83 94
158 113
108 79
115 64
43 121
159 29
153 34
63 75
188 119
29 178
92 153
55 175
7 110
198 95
140 48
174 30
22 24
160 89
24 177
43 131
67 151
175 1
110 55
101 193
169 11
37 7
80 197
68 17
144 71
21 68
132 39
160 100
8 139
69 57
136 44
84 24
27 57
117 31
121 57
92 26
31 127
8 165
40 184
65 120
72 176
181 21
2 130
156 65
32 173
152 35
116 121
113 138
21 110
29 160
128 60
89 116
72 42
117 56
24 80
62 128
45 71
124 89
197 110
103 171
192 175
177 50
122 6
20 133
128 31
127 157
177 68
173 28
175 154
16 192
79 192
53 23
198 172
12 90
68 40
32 62
124 140
115 34
84 79
138 31
53 187
107 179
193 55
60 82
90 61
68 81
9 17
106 107
172 160
115 98
27 185
122 33
25 60
167 3
169 114
100 33
23 182
44 158
98 30
59 11
21 140
149 87
194 8
60 199
1 125
94 92
130 117
23 77
157 89
188 88
12 132
113 21
131 175
75 160
166 4
3 21
100 90
90 199
100 185
8 110
130 135
97 120
151 135
103 141
127 54
111 50
73 88
92 22
141 190
29 43
13 54
58 110
113 58
170 175
134 186
147 52
89 99
72 17
154 77
50 124
140 176
62 151
145 39
101 85
164 192
115 10
85 18
8 189
130 119
27 161
165 193
153 28
162 83
10 64
42 133
26 142
55 101
81 58
17 103
76 111
155 42
16 24
85 160
40 100
8 11
113 36
127 41
19 101
147 163
20 74
19 25
167 153
183 133
15 189
46 97
127 11
172 80
102 66
44 50
4 92
58 118
0 141
36 82
2 158
171 73
58 130
32 12
34 136
81 199
109 97
70 76
193 172
25 103
20 91
158 10
156 61
50 76
44 83
150 173
16 161
67 22
34 163
90 175
161 192
174 88
94 64
8 179
37 50
5 110
103 45
194 53
71 185
92 15
27 3
154 135
115 45
64 152
4 94
196 179
80 85
183 20
24 117
123 105
4 190
72 56
192 139
21 180
168 83
49 134
170 194
126 83
171 105
63 150
190 10
195 51
123 61
118 37
90 73
174 32
93 152
28 58
109 144
1 46
166 91
76 149
130 115
98 39
108 11
179 95
106 72
3 34
190 66
100 142
97 188
164 100
93 82
158 89
179 132
177 82
112 77
45 62
85 174
179 143
6 78
61 24
67 1
197 146
123 86
109 2
141 15
46 165
92 70
137 118
11 42
86 110
37 123
97 189
132 173
134 38
29 72
39 154
120 156
175 74
87 174
88 195
98 46
58 54
14 31
31 160
114 110
121 148
121 15
114 150
46 108
31 4
49 150
132 11
86 91
47 49
98 170
161 102
60 163
98 145
72 86
93 83
196 27
51 50
10 79
67 156
145 92
168 197
95 159
15 182
84 133
44 89
36 182
131 0
83 42
162 133
39 197
164 13
90 29
57 136
15 126
46 4
159 173
199 70
16 119
177 8
162 65
131 29
193 130
21 90
186 143
11 126
171 151
18 36
71 19
80 88
87 71
106 76
85 123
11 43
89 68
24 59
98 120
139 90
161 183
178 95
172 140
103 181
170 82
132 2
107 164
67 27
133 125
110 153
72 3
54 187
179 160
38 10
40 160
116 29
110 113
127 138
29 191
16 31
49 26
150 133
139 194
31 156
150 52
101 61
40 8
11 162
15 134
106 15
116 5
73 197
142 20
3 66
55 129
171 92
52 117
125 35
172 126
193 141
118 52
98 186
120 27
136 153
49 54
144 121
154 180
62 120
32 85
95 150
132 78
139 156
198 20
68 116
141 166
78 1
184 102
85 48
147 158
90 88
126 101
162 139
143 190
6 8
45 2
106 89
169 96
188 131
101 2
179 27
173 130
121 62
1 62
106 195
149 22
193 176
74 54
124 103
39 57
145 144
18 114
49 116
119 133
18 98
15 124
7 82
10 47
60 72
44 85
76 107
11 61
158 141
17 192
19 2
59 99
34 122
115 58
135 117
159 150
59 119
127 8
152 120
167 60
135 19
25 165
176 117
62 98
85 31
136 76
74 114
123 150
125 31
103 179
144 74
161 181
5 136
107 165
151 198
179 145
91 117
74 16
8 172
188 128
114 27
118 198
86 81
191 116
188 179
1 196
51 135
106 47
168 107
69 163
144 100
108 130
151 123
186 197
130 161
37 189
68 37
165 59
110 60
118 165
69 127
123 136
94 178
133 174
71 86
180 196
140 38
120 50
48 27
187 173
44 95
106 27
60 41
10 93
130 71
43 36
144 55
95 123
108 43
191 58
35 161
61 89
110 11
46 107
22 123
152 83
125 94
191 174
56 198
106 193
49 141
199 41
178 20
165 16
43 72
159 111
6 46
161 119
83 170
150 152
1 95
65 94
96 103
43 74
158 98
117 13
21 135
29 80
104 154
83 55
92 102
53 169
129 188
99 188
191 146
67 35
93 180
86 174
51 33
76 39
47 56
25 34
10 164
174 96
62 186
162 120
6 179
30 47
135 85
9 111
29 182
87 135
13 138
48 67
23 6
108 95
96 152
162 47
22 32
128 104
46 15
62 87
22 59
89 18
50 43
19 106
183 164
87 28
139 175
37 179
196 16
86 195
148 30
1 54
154 191
192 64
185 26
117 90
186 74
188 83
67 68
28 16
69 5
73 30
111 2
25 177
30 1
108 197
59 86
97 167
189 159
32 14
104 112
17 121
173 148
13 107
126 199
196 141
71 35
103 142
98 108
190 197
6 11
180 4
189 167
143 26
106 73
39 180
18 178
147 184
170 66
133 142
14 54
173 108
97 56
166 121
50 136
182 100
54 42
114 144
7 34
0 20
169 29
160 163
175 148
177 73
155 106
109 136
58 67
75 30
38 92
76 137
198 7
31 20
63 101
187 186
73 13
38 159
199 56
185 85
198 166
157 107
48 188
137 70
43 96
44 172
46 69
159 1
151 56
122 164
148 174
13 124
146 173
145 141
173 91
156 12
150 118
126 6
24 7
101 108
93 87
44 69
82 9
0 178
85 53
67 149
108 178
49 69
96 113
60 54
116 150
18 107
77 37
116 74
158 80
118 193
190 114
164 20
184 158
183 108
20 169
163 91
120 18
77 171
46 106
90 183
115 108
131 45
84 59
7 126
99 167
20 62
38 27
169 64
141 26
160 155
99 9
53 9
44 146
191 167
142 188
119 44
25 142
189 136
0 121
110 156
15 145
87 38
8 183
74 98
18 131
138 54
30 151
19 57
125 95
145 45
168 92
121 29
20 23
38 150
195 57
105 125
29 102
87 85
60 107
187 84
80 113
97 50
86 19
16 91
102 41
156 25
151 168
0 152
152 190
14 109
81 140
185 40
133 69
18 14
131 36
52 82
170 12
47 119
162 48
43 184
112 156
176 132
163 63
136 96
174 122
37 197
124 38
124 159
186 145
160 17
111 99
104 185
117 126
44 3
127 154
81 101
154 41
75 76
157 106
76 52
21 64
15 161
140 130
84 156
72 141
25 109
181 127
10 58
94 79
35 183
193 19
70 47
127 24
13 123
174 155
101 147
108 132
33 106
145 5
155 21
162 54
44 162
31 148
177 89
163 8
187 81
178 184
66 139
77 103
179 46
199 51
15 21
171 39
154 183
116 111
112 191
26 131
64 141
70 183
121 113
122 181
130 100
42 66
78 16
127 34
32 103
148 90
125 116
9 34
12 75
161 167
52 1
100 47
4 197
79 98
199 105
0 151
175 92
195 42
131 32
70 107
103 19
116 189
97 116
14 156
39 21
140 80
117 29
113 140
34 94
91 60
83 153
77 57
125 9
183 30
129 121
95 190
90 20
41 167
35 182
32 72
163 40
67 139
188 34
129 30
198 155
37 126
93 72
163 28
177 182
83 43
85 112
151 57
140 131
57 10
159 154
58 59
101 155
87 74
27 141
170 4
148 18
154 163
60 154
74 41
122 155
33 181
124 187
75 27
175 98
164 103
35 170
80 91
121 5
61 80
20 96
101 157
100 154
3 71
100 119
63 128
142 63
130 126
96 95
8 54
169 78
166 154
108 45
4 13
4 165
146 143
163 198
13 142
54 136
94 46
188 26
6 154
97 58
49 33
88 180
42 114
100 179
113 85
21 124
22 172
85 184
23 150
8 178
24 123
172 95
39 62
73 105
138 111
104 129
93 110
100 74
18 193
120 73
84 100
28 188
127 114
22 77
145 80
106 40
127 28
41 174
117 145
178 91
119 176
190 55
63 58
85 114
94 53
20 49
27 108
55 161
89 113
59 118
129 47
0 165
142 146
79 92
15 33
49 60
135 3
172 137
62 55
166 3
62 34
74 172
76 120
91 128
190 53
148 114
55 151
100 37
83 106
19 161
154 109
133 85
128 183
115 172
100 94
89 122
154 90
81 152
117 157
76 22
188 133
25 120
122 172
86 75
20 176
2 115
163 194
62 140
15 107
